32.4
23.1
36.8
62.3
7.4
22.4
24.5
52.1
5.8
13.7
83.3
9.0
17.4
16.5
29.4
11.6
60.5
4.4
7.3
17.6
24.4
36.8
6.0
18.6
40.6
5.9
26.0
32.6
23.8
23.5
30.9
53.5
8.8
56.3
13.1
18.8
64.8
123.0
56.3
19.7
53.3
24.4
45.3
37.4
22.9
6.2
26.8
42.0
18.7
34.2
72.5
39.9
57.2
18.0
36.6
41.3
18.9
6.2
3.1
17.8
13.1
35.0
6.6
45.4
8.8
62.2
38.5
33.6
75.1
7.2
93.1
31.1
24.3
15.0
25.4
36.8
50.0
29.0
69.0
13.0
26.0
4.8
12.6
4.9
36.8
38.5
55.2
8.6
44.7
6.0
49.0
25.8
26.9
53.1
8.5
49.0
6.2
63.8
21.8
100.3
9.5
22.2
41.9
36.4
29.6
35.8
35.2
28.3
85.6
18.7
75.4
27.0
26.9
21.8
22.2
58.9
11.8
17.9
21.4
4.4
7.8
108.1
60.1
17.9
19.2
27.8
56.0
65.8
3.6
44.5
33.9
1.4
27.6
13.2
55.0
4.4
4.4
10.5
2.7
26.4
57.2
2.5
6.7
43.2
30.1
17.4
11.2
59.9
7.8
43.9
12.2
11.7
33.7
23.9
74.0
14.4
33.7
66.4
38.1
59.2
22.8
6.8
58.9
43.6
5.4
11.7
15.7
24.6
11.0
55.6
26.7
43.6
31.8
41.0
7.2
52.6
21.3
16.6
25.8
25.5
53.8
28.1
41.4
71.9
32.0
25.6
42.7
28.9
15.7
21.2
20.8
54.6
19.4
36.7
30.8
107.2
56.2
5.0
47.1
21.5
32.1
5.6
40.9
25.9
23.5
59.3
42.2
4.2
77.7
12.1
18.8
13.6
25.5
30.6
5.3
17.9
39.6
8.3
20.7
23.2
60.7
79.2
5.2
23.9
20.2
16.8
23.9
15.8
14.2
13.0
8.3
19.0
14.6
12.2
71.2
20.5
68.5
28.8
19.3
21.3
14.4
5.4
42.8
15.8
81.1
39.1
6.0
37.0
28.6
17.6
32.8
38.7
24.7
21.9
9.0
29.5
13.9
58.7
75.0
18.9
45.5
36.1
65.9
19.5
89.7
22.7
20.8
18.1
43.0
68.0
13.0
3.3
24.1
37.9
21.9
44.3
9.4
29.7
22.1
24.9
64.1
47.9
25.8
51.0
3.0
85.1
4.8
19.9
66.7
16.6
35.2
29.3
22.7
5.5
55.7
80.0
74.4
33.5
51.8
19.0
19.4
64.9
7.4
33.0
62.9
61.7
59.6
1.7
11.8
61.5
7.3
44.7
33.3
85.3
11.8
33.8
72.5
27.3
60.6
20.7
6.6
11.9
35.9
16.4
17.6
31.3
23.3
32.2
1.5
42.7
25.7
18.8
55.5
32.8
20.1
82.9
19.4
23.0
13.8
73.6
50.9
10.2
6.9
22.9
10.7
12.0
6.3
69.5
19.8
34.5
30.2
39.4
12.3
33.9
38.8
33.0
17.7
17.5
109.5
31.0
2.3
18.0
1.1
5.5
5.6
32.0
7.9
162.2
0.5
54.2
15.5
116.6
50.2
68.0
1.6
16.1
24.6
115.3
32.7
13.5
49.4
78.5
5.0
17.1
24.5
37.8
18.4
20.6
34.1
3.0
60.6
62.7
80.5
21.2
56.6
12.2
46.1
37.5
10.7
40.2
79.4
6.1
11.2
39.8
29.8
53.6
20.2
96.5
3.9
39.5
217.7
12.3
36.2
9.8
79.6
7.3
26.8
29.4
52.9
12.1
11.0
40.0
44.0
36.5
15.3
31.3
46.2
16.7
30.1
26.7
39.2
20.9
97.1
15.1
44.0
10.6
59.1
16.3
27.5
18.9
5.5
32.0
18.1
38.6
22.6
62.4
20.3
5.4
60.3
49.9
40.1
48.6
41.1
13.1
14.5
42.2
36.0
21.6
23.7
8.0
39.8
28.2
30.4
23.4
39.5
54.1
31.9
28.3
37.9
2.9
14.3
18.1
28.8
7.2
45.7
19.8
54.8
19.7
27.0
26.8
29.8
8.4
41.8
42.5
1.9
86.1
20.7
40.8
15.0
5.5
10.2
30.2
33.9
36.3
57.6
17.5
120.1
24.4
36.8
17.5
13.8
52.8
208.7
65.1
22.0
57.1
26.1
44.1
22.3
47.4
7.6
30.2
49.0
21.4
41.8
4.5
88.7
8.9
35.6
25.7
14.5
82.1
22.2
39.3
73.1
36.5
16.5
32.6
20.4
33.2
16.0
3.9
59.8
12.9
36.6
8.4
9.0
36.5
49.2
59.6
35.7
19.3
60.8
7.6
19.1
22.7
17.5
15.6
31.3
6.9
45.7
58.8
16.6
55.7
15.9
13.9
39.0
27.1
32.8
25.5
10.6
23.5
74.7
9.2
34.1
21.9
67.8
9.4
29.0
29.1
16.4
96.3
7.6
41.7
42.0
15.7
2.6
27.0
28.1
22.3
33.0
31.0
62.8
34.1
3.5
22.0
21.4
40.8
60.0
5.2
58.0
20.5
15.6
20.4
8.6
78.6
44.7
8.7
27.6
12.0
45.9
47.6
15.7
67.2
58.0
46.3
81.5
52.7
13.0
52.2
36.4
7.6
38.2
24.8
16.9
13.4
80.8
8.3
39.2
32.8
63.0
5.9
46.4
70.8
1.8
125.5
60.9
70.7
19.2
85.9
63.9
8.1
26.3
68.5
41.5
7.7
10.5
27.5
31.3
6.4
5.0
35.1
36.6
28.0
74.3
38.6
19.5
38.2
26.0
22.0
20.8
50.6
10.0
73.5
22.9
25.5
2.3
10.8
11.0
21.6
27.0
36.0
31.0
13.8
32.4
14.1
20.1
67.9
28.8
85.7
23.4
5.7
24.3
5.0
5.6
8.0
18.5
29.3
37.7
49.3
19.9
9.1
45.9
85.1
42.3
46.3
31.9
33.4
64.2
24.2
25.1
24.8
11.7
9.6
42.6
52.3
24.9
7.2
24.5
89.8
51.1
4.8
19.9
26.1
27.6
68.9
3.2
61.6
19.8
34.0
12.0
83.0
7.5
13.1
48.5
38.2
33.8
4.5
44.2
2.4
40.4
32.2
26.3
25.5
23.6
21.8
24.9
48.9
36.2
27.2
67.2
3.0
42.2
25.4
52.6
18.1
38.9
11.4
116.3
19.1
13.7
51.5
32.4
23.4
30.8
45.2
29.1
23.7
23.4
51.3
26.7
18.5
45.1
11.7
19.4
3.2
92.4
5.9
72.5
34.9
14.1
22.3
25.2
23.9
8.7
17.2
36.6
20.4
28.9
74.3
53.9
25.5
6.2
20.7
42.7
17.5
51.4
19.8
42.7
39.4
19.8
77.1
18.0
45.0
21.9
13.4
18.1
42.6
17.3
79.3
30.3
59.0
11.2
36.0
65.3
10.7
27.5
37.7
47.8
21.3
34.8
19.6
43.6
35.5
51.1
41.4
15.9
14.4
24.1
20.5
23.5
61.5
8.7
14.3
30.4
20.4
30.1
38.5
17.1
29.2
28.5
9.3
34.4
39.7
6.8
35.9
21.3
9.6
50.6
12.7
2.8
31.2
70.1
7.8
40.7
49.8
7.4
25.3
42.2
33.7
5.3
13.6
23.0
21.9
47.5
31.0
9.0
63.9
17.8
69.9
37.1
59.5
32.4
50.0
29.6
16.0
7.0
13.4
46.0
28.7
33.0
34.6
71.7
16.5
7.6
15.3
36.6
13.6
24.9
39.1
14.6
29.1
54.7
28.8
22.4
55.2
19.5
63.2
12.9
65.4
27.6
27.8
30.0
17.7
67.7
28.5
66.0
2.4
10.7
21.3
41.6
29.0
25.1
1.7
20.0
8.3
13.7
0.8
41.5
46.8
11.3
1.9
24.1
26.8
77.2
25.1
71.4
10.6
20.3
42.7
33.5
25.7
9.1
55.3
27.4
27.1
27.2
12.9
24.0
42.1
35.6
49.1
4.1
46.5
14.3
25.6
13.0
48.3
124.3
12.5
71.8
10.1
25.8
39.0
6.8
29.4
82.3
8.7
30.1
15.5
43.0
38.7
36.9
61.1
36.9
21.5
32.5
64.4
14.6
4.5
39.2
35.9
33.2
130.7
44.7
5.2
52.3
31.4
16.3
60.0
26.9
20.8
11.0
3.3
46.2
18.7
77.1
20.5
38.2
63.3
51.2
13.8
14.1
57.1
24.6
25.7
10.5
12.0
49.9
24.7
49.3
20.7
15.7
14.9
73.5
15.2
70.4
57.5
38.0
70.0
23.3
10.1
13.2
26.1
38.1
38.2
26.3
36.3
28.3
16.8
39.9
13.4
52.6
29.1
26.0
9.2
32.5
39.3
39.8
13.3
43.1
32.3
16.1
40.0
24.0
31.8
17.0
10.5
33.9
10.3
67.9
18.5
60.7
34.3
19.6
46.0
6.8
15.9
37.2
135.5
24.5
11.7
40.7
3.7
34.1
21.4
65.1
35.0
53.5
29.8
5.0
58.2
34.9
74.8
11.2
12.6
52.7
11.7
18.0
27.3
39.0
26.4
39.7
27.3
33.0
6.6
18.0
34.6
48.9
12.9
28.4
41.3
17.0
37.2
23.2
14.1
50.2
33.9
27.0
38.8
56.6
14.4
40.9
97.5
14.3
51.7
8.6
46.8
11.7
13.9
38.2
12.1
24.0
19.3
22.6
31.1
6.4
1.5
50.5
22.5
34.0
15.3
25.7
15.2
32.8
27.4
6.7
18.5
16.8
65.2
14.6
51.4
13.8
39.0
36.1
95.1
27.2
14.7
7.3
46.2
19.4
39.4
26.2
17.3
35.0
25.8
3.5
18.6
62.5
11.9
23.4
32.1
74.4
43.1
10.1
104.1
20.4
58.5
108.3
18.5
24.8
18.3
33.2
19.6
33.5
6.2
61.6
6.4
25.5
31.0
67.3
37.8
12.4
16.3
77.3
14.6
43.4
9.5
29.5
28.9
24.2
25.1
6.5
21.5
52.9
75.1
67.0
18.0
24.9
135.3
42.8
6.0
69.3
10.7
16.9
28.5
83.3
56.8
11.5
25.9
36.1
9.4
42.8
32.9
5.9
4.7
17.4
32.8
38.3
18.7
58.2
74.4
13.3
78.1
9.4
51.2
66.6
4.1
27.1
6.2
40.0
78.6
35.5
14.5
46.9
59.5
25.3
38.9
17.1
45.8
31.6
55.0
23.3
14.4
16.5
73.1
12.3
28.5
41.5
41.1
12.6
78.4
47.3
30.4
11.9
71.1
25.2
10.5
10.7
24.9
20.6
26.2
34.5
19.1
25.5
11.1
51.0
33.2
14.8
52.1
17.7
34.4
25.7
10.0
52.3
9.6
19.2
39.7
11.9
45.8
24.6
17.8
77.7
20.5
74.6
33.8
23.3
16.3
15.2
22.4
22.2
67.4
28.4
54.1
40.2
30.5
28.2
5.1
29.1
37.7
3.6
104.9
5.9
76.5
45.9
50.6
42.4
6.5
32.8
26.0
48.9
80.1
16.9
6.9
28.8
9.3
29.9
3.3
82.8
41.3
7.6
75.6
17.8
35.0
64.3
37.8
55.0
18.8
27.1
30.2
36.9
25.3
21.7
5.5
37.5
21.7
13.1
20.3
39.7
30.0
68.0
21.6
35.4
10.4
20.7
8.0
27.1
65.8
18.4
28.7
55.8
24.5
44.5
19.6
27.5
53.8
15.3
47.3
10.9
27.2
32.7
33.4
36.6
48.0
62.0
9.1
13.9
68.7
32.6
13.8
26.9
30.4
48.0
20.9
55.4
16.1
30.0
23.3
40.5
32.8
67.9
34.0
19.9
90.0
94.5
35.8
11.4
5.9
107.0
12.9
63.0
44.5
7.3
27.3
14.6
8.5
101.9
24.5
51.4
50.9
20.4
21.7
26.0
65.5
7.9
13.9
38.5
42.6
8.1
73.1
41.4
17.7
45.0
6.0
37.0
43.0
41.7
37.5
16.1
13.7
25.9
30.3
30.8
59.3
77.2
33.7
29.3
18.2
9.6
25.1
14.2
54.0
28.9
50.2
63.6
21.6
14.6
6.5
60.0
5.8
30.4
17.3
16.3
62.7
14.7
22.5
68.5
16.7
26.8
40.2
42.5
86.0
31.9
27.3
37.7
4.5
8.7
51.3
23.9
61.2
14.6
100.6
11.6
29.1
3.4
12.7
28.2
17.3
35.2
44.4
17.3
26.1
28.1
19.3
7.7
17.4
39.8
43.7
23.6
11.2
51.4
35.9
5.7
45.3
20.0
54.7
3.1
12.0
12.8
12.2
28.7
12.2
22.8
76.5
21.0
67.9
60.8
40.3
36.6
5.5
65.9
33.0
28.9
21.7
29.0
26.5
30.7
65.3
10.6
56.0
59.1
36.2
22.4
92.9
44.7
31.7
24.8
67.0
6.5
38.9
34.1
11.9
38.4
15.5
54.8
34.3
37.1
23.2
44.8
75.4
31.0
46.0
14.0
82.1
36.4
13.7
34.8
51.8
6.4
40.8
66.6
36.8
109.7
4.9
36.8
28.1
15.3
136.8
16.6
35.0
84.8
5.6
97.0
55.8
28.6
40.8
50.6
5.9
27.1
6.6
23.4
15.3
19.1
110.8
18.7
19.8
26.8
68.0
35.6
16.4
3.7
8.5
19.1
69.4
19.9
31.5
73.8
9.4
37.7
9.7
28.5
15.3
10.9
6.2
53.7
26.9
13.4
30.0
19.2
27.0
29.3
39.9
16.2
26.0
28.7
84.9
54.0
12.6
26.8
17.8
21.0
28.0
15.5
25.2
6.3
57.6
49.3
66.6
19.9
33.6
57.1
36.1
14.9
19.6
22.6
27.5
22.8
22.3
17.0
49.7
27.1
50.0
23.6
3.6
7.8
62.7
34.0
3.0
97.9
42.7
35.5
30.3
11.9
39.1
19.5
33.8
52.7
30.6
41.8
66.7
8.0
65.6
26.8
53.2
12.1
77.0
50.4
51.0
71.1
18.6
46.9
11.1
55.6
108.2
40.2
92.9
15.4
29.2
63.5
45.1
13.6
42.5
8.9
29.7
10.7
30.3
30.5
21.7
31.0
75.0
66.3
22.7
7.9
39.5
108.0
24.1
6.9
9.9
3.9
28.4
60.0
9.2
11.0
20.9
18.8
14.7
28.1
25.8
36.0
25.3
12.5
21.8
40.6
12.6
28.7
15.8
25.0
31.2
32.3
22.4
19.4
14.1
71.9
19.9
52.2
10.8
10.4
19.1
21.5
10.1
64.2
37.3
46.0
17.6
65.1
18.1
9.1
21.9
50.5
27.7
18.0
61.5
79.6
12.2
3.6
23.9
52.0
74.3
8.5
20.8
13.2
47.8
27.9
48.5
17.5
64.1
2.4
37.0
184.5
19.9
39.0
18.2
66.8
77.8
19.5
58.6
7.9
27.6
13.2
37.5
33.2
14.6
48.7
34.0
44.7
9.2
37.5
30.7
23.9
25.0
57.5
8.0
8.6
29.7
53.1
22.9
9.3
4.4
12.3
27.1
51.1
14.7
5.3
60.1
12.8
49.2
5.8
13.9
42.7
40.4
34.7
29.8
9.5
32.7
31.0
48.4
42.4
50.5
8.4
34.2
37.1
112.1
34.5
6.4
31.1
14.4
5.8
46.8
20.4
5.2
58.3
19.2
30.5
8.8
53.5
50.5
38.1
43.7
41.0
49.1
3.6
3.3
19.0
15.4
42.4
7.7
41.7
6.2
61.7
32.9
40.2
62.9
4.7
52.2
38.5
23.6
41.7
13.6
12.0
45.6
38.6
31.1
8.2
7.0
102.7
14.7
20.1
17.6
13.5
22.5
25.9
20.1
40.4
27.4
6.8
26.4
36.8
59.5
10.7
29.2
10.7
109.1
41.8
40.9
28.6
32.2
5.2
9.4
51.6
28.4
8.7
19.3
25.3
38.7
33.1
29.8
22.3
58.0
5.8
21.5
34.4
5.3
13.2
99.2
57.8
12.9
18.8
31.8
2.7
23.4
25.1
2.2
55.6
49.1
11.4
45.7
1.7
7.2
20.5
8.4
16.5
33.5
4.6
19.4
34.1
38.0
11.3
46.0
11.7
16.6
53.8
4.1
40.0
15.1
47.2
45.3
14.9
7.0
29.3
44.4
71.5
19.1
50.4
4.2
73.9
35.3
47.6
5.6
8.9
13.5
18.5
60.3
49.9
40.9
45.8
8.2
44.9
21.2
42.6
7.2
38.3
24.0
48.8
24.3
36.1
3.7
32.0
20.9
101.1
32.5
7.5
56.2
10.9
45.1
19.4
5.7
9.8
39.9
18.7
34.2
25.2
34.2
28.3
53.8
8.7
24.5
26.4
96.4
65.9
11.6
56.0
27.8
4.8
40.2
52.4
48.1
24.3
38.7
30.1
6.7
20.5
23.1
17.9
14.0
14.0
13.8
25.4
10.7
10.8
74.9
18.3
75.6
41.9
51.7
55.7
27.0
7.5
38.7
17.2
29.5
41.8
5.2
85.6
15.0
8.3
13.7
29.0
26.4
7.0
30.4
9.1
47.2
50.8
27.6
65.9
24.0
27.5
46.1
96.6
12.2
53.4
59.6
12.1
25.7
15.6
21.2
17.5
1.7
41.8
28.6
44.6
64.1
28.0
24.2
23.8
24.3
50.3
68.8
41.3
22.7
42.2
2.5
68.1
5.2
20.6
65.7
19.5
64.6
33.7
23.3
15.9
67.5
69.0
77.7
64.0
20.1
5.0
48.4
36.3
20.5
52.5
85.9
26.7
19.2
36.7
24.8
33.7
5.9
37.0
9.6
26.8
24.7
40.2
30.2
33.4
27.8
42.3
73.5
19.5
10.7
25.5
29.8
16.5
114.7
1.9
8.6
32.3
16.2
55.2
20.5
20.0
71.9
19.5
28.8
15.6
11.2
60.3
40.6
10.1
9.5
23.1
23.6
50.9
6.2
33.5
16.3
67.9
79.5
20.1
12.3
47.8
14.7
27.3
6.1
84.6
31.3
4.4
24.3
153.7
1.0
68.0
3.7
4.1
27.1
80.7
13.0
5.6
0.4
36.0
33.4
45.7
9.2
5.5
27.3
3.8
23.6
79.3
91.8
51.2
22.4
71.1
36.5
24.2
27.4
17.8
33.8
14.1
31.2
51.0
3.1
63.0
75.7
62.4
34.0
43.4
44.7
7.9
66.1
39.8
44.7
20.8
48.0
27.2
17.4
44.0
6.8
41.1
72.8
4.4
36.3
11.2
64.4
17.6
27.0
21.4
10.5
25.8
15.2
34.7
30.1
10.3
7.1
26.2
25.5
35.2
62.7
1.3
56.1
56.1
27.1
9.2
28.4
30.0
30.3
13.4
24.0
65.4
25.8
35.7
1.6
18.4
57.0
40.8
31.6
85.4
25.6
5.1
67.7
45.4
39.1
55.6
39.2
23.7
39.5
30.7
18.7
23.4
22.0
74.3
53.1
7.0
30.7
8.1
9.8
25.1
12.7
136.0
40.7
37.6
113.0
30.4
58.5
9.2
54.9
40.0
31.0
8.0
41.0
13.3
30.7
8.4
39.3
6.3
34.2
46.4
6.2
40.4
12.8
37.2
20.7
61.8
6.8
63.7
51.3
20.6
15.2
16.4
54.5
33.9
55.4
20.6
34.4
19.6
37.9
24.3
50.2
8.4
22.5
44.8
51.7
6.2
9.8
56.4
8.1
35.0
19.4
42.1
64.9
17.8
71.6
52.3
9.3
20.5
12.9
25.2
8.8
23.5
16.1
67.0
29.2
8.1
4.6
50.1
20.8
55.4
18.2
98.9
56.4
3.0
28.1
30.7
11.0
20.8
7.4
26.0
14.1
35.5
20.8
24.1
38.9
24.3
29.6
36.8
40.0
19.4
17.7
18.7
44.1
20.1
69.3
11.3
38.1
52.0
68.3
35.3
47.9
10.1
57.2
11.2
33.7
4.8
11.0
15.8
10.8
86.0
34.8
74.2
16.1
13.5
24.6
37.0
42.4
38.2
1.9
63.1
9.0
17.8
29.1
79.3
4.5
46.5
7.4
25.6
19.6
21.4
55.2
16.3
32.9
53.9
30.1
46.1
7.9
101.4
2.7
45.4
29.4
91.4
34.6
20.3
19.2
22.3
105.3
16.1
44.9
26.7
61.1
5.4
31.6
79.6
17.0
3.1
64.6
3.9
54.5
28.7
35.0
93.3
14.4
129.0
7.6
24.6
43.0
19.4
59.1
3.2
68.2
2.4
7.0
20.0
46.8
8.8
35.6
18.7
11.2
22.8
17.3
111.7
37.3
13.3
9.3
34.3
10.9
63.6
1.6
42.9
26.8
44.9
48.1
7.0
32.5
31.4
24.7
132.6
26.4
17.7
26.7
99.8
24.2
6.7
16.4
5.4
9.1
136.3
7.7
24.2
84.5
31.2
18.9
37.6
12.0
24.7
28.9
16.2
24.3
50.5
21.1
95.1
8.5
66.9
21.8
23.9
16.0
41.5
39.1
10.6
40.4
41.2
3.6
24.9
6.1
24.2
50.1
51.2
4.3
37.1
18.2
13.2
3.8
77.5
14.6
39.4
33.0
6.2
23.0
13.1
27.6
18.6
34.8
7.1
10.3
33.8
5.4
43.8
25.0
26.7
24.3
19.3
23.5
48.4
37.4
41.7
31.7
91.2
5.1
44.6
5.7
41.1
7.0
52.4
14.7
23.9
20.3
77.3
5.7
15.3
20.3
42.8
15.9
39.0
38.5
46.3
14.3
92.1
22.6
63.7
19.0
31.1
36.8
2.7
10.0
19.9
43.8
64.4
8.5
44.5
37.4
12.0
22.2
15.2
18.4
15.8
36.5
18.1
46.5
71.9
10.6
22.5
6.3
33.6
43.9
19.6
16.8
18.4
32.7
27.6
84.9
22.5
43.5
18.1
9.5
30.8
6.4
31.5
38.8
35.8
56.9
20.2
97.0
31.8
12.1
20.6
3.9
85.3
23.8
35.5
32.3
58.6
28.1
45.2
52.6
9.3
47.2
38.4
28.3
28.1
19.1
45.4
5.7
28.2
60.5
21.9
53.8
69.4
37.2
4.4
49.6
38.6
15.2
37.0
39.9
13.9
62.4
14.6
3.6
29.6
45.8
8.7
42.7
13.2
56.0
13.2
30.5
32.4
29.8
26.7
5.9
24.5
78.3
110.1
25.5
20.0
15.5
7.7
17.1
39.1
28.5
47.1
48.0
10.7
57.7
3.3
18.5
12.1
25.9
27.5
5.1
24.0
34.0
7.7
30.4
28.9
26.5
18.6
29.6
17.5
47.5
24.7
63.8
25.3
14.5
28.9
28.6
44.0
21.2
112.8
32.3
12.5
61.3
2.6
82.4
17.5
23.0
22.4
42.5
44.8
18.2
1.6
26.6
120.6
44.8
1.2
105.1
31.3
16.4
4.3
18.7
48.2
47.4
22.9
39.0
6.1
11.8
42.4
20.2
29.6
48.4
14.9
50.9
64.3
52.2
20.8
15.3
33.9
13.3
54.6
27.5
21.9
29.4
52.7
19.7
28.5
4.8
26.6
16.7
32.2
24.0
9.3
37.6
4.8
47.0
30.7
79.2
10.0
29.7
11.2
43.3
29.5
63.8
42.1
27.1
24.9
58.2
16.4
39.4
35.6
11.3
29.1
66.2
37.2
24.3
66.6
30.2
51.5
12.6
75.1
19.7
11.8
29.1
31.0
61.5
35.1
44.0
23.1
25.4
26.2
61.8
64.3
9.5
19.1
24.1
24.5
20.5
30.0
13.8
21.7
45.9
11.5
106.8
19.8
21.4
3.7
24.6
42.0
64.0
26.9
9.8
9.1
35.1
4.8
33.1
25.1
23.5
39.8
27.9
25.1
60.4
10.3
59.2
10.8
51.2
20.1
56.0
13.1
4.5
25.7
39.8
18.6
31.2
16.6
73.4
62.3
12.0
34.4
20.7
84.2
25.8
58.7
41.4
17.2
34.1
7.5
5.0
64.8
10.1
10.0
40.7
27.4
63.8
53.3
25.4
57.8
97.7
46.9
36.0
41.8
22.8
43.6
55.0
57.4
15.2
32.6
41.2
9.0
21.6
39.5
38.9
39.6
33.0
106.3
5.8
23.2
38.1
58.6
7.6
64.1
66.5
21.1
14.0
10.6
57.7
13.6
55.4
2.6
39.6
17.8
36.9
55.9
40.1
17.1
19.3
20.9
99.8
24.8
24.8
67.3
8.6
8.2
21.3
109.3
48.5
1.3
42.5
48.3
31.2
5.1
26.8
40.5
61.6
5.9
88.5
15.3
42.0
20.8
35.6
91.8
34.4
17.5
29.8
86.3
32.6
24.3
8.0
8.4
15.5
32.5
18.3
13.3
41.1
10.7
14.4
96.3
13.6
52.9
74.4
20.4
57.0
56.9
16.7
36.6
17.3
25.1
79.9
40.2
28.8
32.3
53.9
22.8
88.6
44.2
4.9
57.6
4.1
37.0
27.9
24.6
40.5
10.7
7.4
62.9
17.4
3.8
9.0
40.6
22.9
62.2
1.5
38.4
3.9
38.8
46.0
27.9
14.5
9.6
8.3
80.3
16.7
24.7
17.8
99.9
53.1
19.1
28.0
44.6
37.6
3.8
5.2
9.3
19.7
30.3
23.2
21.2
63.1
38.4
48.6
23.9
2.6
45.5
18.6
62.1
49.9
2.3
25.1
21.2
27.1
46.2
21.0
9.4
11.6
34.0
27.7
69.6
24.2
87.9
22.3
125.0
13.8
22.0
21.0
24.2
23.2
26.7
15.6
89.7
18.1
8.4
14.2
32.3
19.8
39.2
33.0
61.1
81.5
20.0
18.5
11.9
17.1
23.4
31.8
27.9
20.3
29.1
16.5
37.8
30.6
17.2
36.0
63.7
54.6
31.5
41.0
27.8
8.0
18.6
42.9
50.3
17.5
42.6
14.4
58.7
4.9
63.0
124.3
32.7
2.5
11.4
25.0
18.6
35.1
31.3
33.8
47.3
30.3
16.1
37.8
26.1
10.6
13.3
13.4
49.6
18.4
65.7
79.9
16.1
44.9
27.9
38.1
24.0
52.7
18.8
12.4
36.7
11.6
34.4
2.0
80.2
38.2
5.8
39.7
28.1
14.7
39.8
11.5
38.2
34.1
10.4
34.5
18.0
64.5
12.0
10.4
38.1
62.3
46.1
43.8
22.4
25.7
44.2
22.4
7.9
20.1
32.1
15.2
36.2
11.0
85.7
15.1
46.8
39.0
73.5
37.7
34.3
66.4
14.7
34.9
17.3
48.6
32.5
20.0
32.6
26.0
23.8
37.9
27.9
76.4
8.1
8.6
69.9
42.3
37.1
21.5
30.6
42.6
15.9
13.8
29.3
18.1
49.6
16.9
55.3
29.9
20.1
42.5
42.7
14.0
43.4
26.7
3.5
30.3
11.7
68.7
59.1
11.0
36.0
37.3
9.3
3.3
69.6
19.1
54.2
69.3
113.0
43.3
22.9
77.4
37.9
20.0
20.4
13.3
10.7
35.7
14.7
56.1
33.6
13.5
57.8
8.2
66.4
37.8
36.7
25.1
44.4
15.9
25.1
34.9
58.8
71.2
47.7
72.8
7.9
37.9
23.2
29.0
23.4
22.2
43.2
73.0
37.1
10.6
26.6
12.2
24.9
75.9
8.9
54.6
11.4
46.9
12.5
17.5
88.5
17.0
57.6
88.8
83.3
8.2
10.7
43.3
39.0
34.4
6.9
102.2
20.6
15.7
17.1
103.6
24.7
24.8
5.7
48.1
20.5
44.7
13.3
35.8
48.8
21.4
28.6
18.2
17.6
45.6
15.7
51.8
6.8
49.0
11.3
83.3
35.0
3.7
25.5
30.0
21.6
5.3
10.4
44.2
45.3
40.1
24.3
33.0
32.2
56.2
22.4
33.1
19.8
33.4
26.7
61.7
37.7
3.1
3.6
96.3
9.7
48.7
23.2
29.0
10.0
27.9
16.8
48.3
22.0
24.3
62.7
50.4
48.1
14.4
42.4
12.9
36.0
36.4
33.3
4.4
25.1
63.5
26.4
43.0
3.5
77.8
45.5
34.4
38.1
8.4
15.1
20.7
43.0
23.5
6.4
8.4
39.3
9.0
37.6
14.2
22.7
30.8
17.1
32.5
15.1
38.2
28.9
92.9
30.4
17.4
27.4
57.9
13.0
18.1
7.0
21.6
45.6
6.4
11.6
60.8
32.1
26.5
62.5
20.5
79.9
4.2
68.7
39.1
23.2
16.1
22.2
88.8
9.2
25.2
9.3
30.1
21.6
8.8
55.9
28.9
10.2
26.0
36.2
36.8
28.2
28.2
18.3
20.5
8.0
90.5
9.1
37.3
22.3
21.7
79.8
41.6
39.4
18.1
46.3
2.1
19.1
81.4
1.9
48.0
45.6
43.8
51.4
39.8
24.1
42.3
14.4
42.2
23.5
38.2
16.6
29.9
10.6
38.0
21.1
18.1
9.9
36.4
18.4
66.1
42.6
54.3
9.1
5.0
28.7
46.6
65.3
13.0
10.6
38.0
21.5
41.4
17.8
43.6
80.2
26.8
9.3
47.0
33.4
11.4
38.8
23.3
54.3
52.6
27.1
83.8
11.0
24.7
10.6
23.9
12.4
7.4
40.8
25.5
51.9
16.5
33.0
36.8
44.9
3.4
61.8
14.8
54.4
10.7
10.5
47.5
41.0
33.9
43.7
91.5
21.8
52.9
30.5
39.5
34.1
0.8
10.4
50.7
8.7
5.3
21.1
35.6
17.6
28.3
25.3
48.0
22.9
35.4
16.5
32.2
21.5
67.6
13.1
46.4
87.6
13.4
29.3
11.8
39.0
28.5
26.0
23.5
23.5
8.3
16.8
72.7
25.1
36.3
7.7
89.2
19.4
30.2
33.5
34.1
20.8
9.9
45.9
67.1
12.4
4.4
17.6
80.0
40.1
52.5
16.2
25.6
55.2
15.2
36.8
46.3
18.9
24.3
46.7
6.8
43.8
26.2
73.2
60.6
25.0
55.1
10.8
35.0
22.0
29.0
14.3
47.3
23.1
51.7
23.4
42.9
80.6
17.5
44.7
11.9
36.6
34.7
32.7
28.2
27.8
21.4
33.5
15.9
26.5
31.4
4.5
14.7
79.5
70.1
40.0
17.0
86.7
33.7
40.3
32.5
8.0
37.9
28.2
54.4
11.6
6.2
19.8
27.5
35.3
23.9
32.0
7.3
20.4
2.8
13.6
32.1
42.0
29.0
83.3
24.6
38.2
95.7
14.2
15.5
83.0
34.6
35.9
55.7
15.8
23.2
34.2
16.9
17.8
36.9
14.3
111.1
7.9
52.2
17.4
45.2
6.3
13.2
15.9
44.6
12.6
11.2
32.0
31.2
56.3
53.9
70.3
37.7
35.5
17.5
51.4
13.6
29.6
11.8
45.6
39.2
26.5
21.1
38.8
16.9
37.9
19.7
35.5
47.1
39.6
26.4
42.7
20.3
11.1
47.7
77.8
53.1
21.7
56.9
40.6
24.6
68.9
12.2
17.3
19.8
46.7
21.5
59.3
7.5
7.0
24.4
6.3
29.7
38.7
33.5
53.6
61.2
30.6
32.6
28.6
36.6
1.4
47.1
66.0
2.6
12.4
13.7
4.9
33.8
38.9
9.9
12.5
53.7
15.8
50.2
7.4
22.8
25.1
4.6
26.8
10.7
26.6
6.8
68.4
15.0
52.0
11.6
39.1
48.2
17.7
19.5
25.3
43.1
76.3
65.9
17.0
35.3
6.3
59.1
10.0
15.5
21.5
18.0
7.2
31.2
40.1
16.3
34.9
6.2
7.7
28.2
32.9
45.6
55.7
8.1
58.5
19.0
16.0
28.0
49.8
17.5
24.8
21.3
15.9
61.9
82.0
5.5
32.0
29.6
21.7
12.9
11.2
42.9
5.5
54.0
29.2
33.9
37.4
17.3
63.7
4.9
36.4
25.8
48.4
6.6
39.4
86.7
39.8
7.3
34.4
26.9
30.6
12.1
48.0
4.1
27.3
17.2
32.7
47.4
32.7
78.7
61.7
46.7
17.5
3.5
31.7
14.7
41.2
59.3
6.5
108.1
9.0
7.8
17.3
79.1
7.6
10.0
28.1
2.9
67.4
9.9
59.8
44.8
19.3
22.4
33.3
52.4
38.3
20.0
41.8
63.1
15.6
49.6
54.8
11.1
1.0
32.4
43.7
29.5
25.3
15.5
16.5
46.5
9.4
44.5
17.7
33.8
35.8
13.5
91.6
2.9
45.3
33.8
42.0
47.1
14.1
7.1
31.4
31.1
37.4
25.4
101.2
21.0
37.2
9.3
46.5
19.0
5.5
32.8
13.1
3.7
89.6
103.9
79.6
77.3
49.0
0.8
16.7
34.7
25.2
29.5
15.5
12.5
29.7
22.7
17.5
51.3
34.9
38.3
29.8
9.2
23.1
11.9
53.2
25.3
42.9
24.6
78.4
7.6
32.9
1.5
33.2
5.2
37.7
26.7
60.0
17.1
71.6
14.2
39.4
11.9
36.4
36.4
42.8
3.6
16.0
4.6
41.9
21.1
21.2
10.3
25.4
19.0
10.6
43.9
27.0
15.6
30.2
28.2
50.4
11.4
80.6
39.9
54.7
19.0
1.3
26.5
18.1
4.1
10.6
17.1
20.3
116.7
26.8
14.9
47.4
41.0
79.8
67.9
4.5
42.8
43.6
36.3
27.0
40.9
16.0
80.4
6.9
36.6
26.4
41.8
52.9
1.5
122.0
69.7
20.3
20.8
38.2
24.6
19.2
20.4
19.1
27.2
50.8
44.0
43.5
36.0
32.7
23.0
70.7
4.8
83.4
31.9
26.8
53.1
18.1
25.2
51.7
7.8
26.5
27.4
68.0
30.9
8.5
64.5
35.4
7.6
14.3
14.2
57.8
20.4
49.8
1.0
21.2
14.2
61.3
29.0
29.3
12.7
56.3
67.7
47.3
30.0
3.4
97.6
52.6
14.4
19.5
67.8
24.6
7.7
30.1
50.3
18.4
27.2
43.9
54.4
12.1
87.6
20.1
16.8
13.8
22.3
47.4
12.9
46.2
31.9
8.5
42.8
18.8
33.3
36.3
38.6
24.9
20.3
46.3
14.6
58.9
20.0
15.6
20.0
10.6
18.7
51.9
5.3
59.0
9.8
16.5
9.9
29.8
0.7
49.7
13.0
76.4
19.7
6.7
32.3
21.6
17.1
41.5
86.3
19.3
14.8
10.8
15.2
52.1
121.3
17.0
61.6
30.6
36.5
81.1
48.2
45.1
44.6
6.8
152.3
38.5
73.0
40.5
58.5
9.7
31.1
37.9
15.1
10.6
11.0
12.9
30.8
5.9
59.6
6.7
47.5
38.1
31.3
28.0
21.9
18.6
10.2
20.4
36.2
41.5
63.3
35.5
11.0
39.4
26.7
25.2
15.1
40.2
13.5
28.2
9.2
39.3
8.3
62.8
20.2
11.5
55.2
8.3
53.1
20.6
34.4
28.5
36.6
15.6
33.8
12.5
35.6
27.6
14.0
19.7
33.7
53.0
16.2
43.2
14.3
49.5
48.2
3.4
9.4
88.2
21.4
61.8
21.3
43.0
3.7
57.3
11.9
51.9
29.2
9.4
16.7
7.3
13.1
38.0
22.3
7.4
12.4
18.8
34.2
20.6
79.8
29.3
70.7
13.7
7.5
69.3
42.6
26.7
27.6
21.8
39.8
10.6
21.6
26.2
24.1
26.1
4.7
83.1
8.8
45.1
11.6
4.6
31.1
8.8
5.6
21.0
12.8
42.1
56.4
46.6
62.5
2.4
44.0
29.8
51.1
6.7
25.0
6.0
32.9
3.5
61.4
14.7
30.9
4.5
242.6
25.7
30.6
7.5
25.0
150.9
91.6
29.3
17.0
35.7
30.5
12.7
4.6
37.0
17.9
81.7
29.5
54.2
9.2
68.4
7.2
23.5
46.5
34.9
33.7
4.6
26.7
32.3
8.0
6.3
18.5
76.7
61.0
77.4
45.3
15.6
82.1
12.6
59.1
28.7
20.2
26.1
79.2
86.9
13.1
76.1
29.0
35.0
11.3
27.3
33.5
7.6
26.1
79.4
0.9
53.1
23.5
103.6
32.3
10.4
28.9
17.4
26.3
6.2
34.3
38.9
8.3
15.4
101.6
5.5
52.9
25.1
8.8
16.7
11.1
11.8
52.6
2.2
34.0
4.6
49.1
86.9
22.7
34.2
39.7
6.9
34.9
45.8
31.4
65.6
25.3
4.5
44.1
35.0
31.4
27.0
16.9
74.1
16.1
30.8
7.2
58.3
86.5
16.5
43.2
30.8
38.7
20.4
23.3
77.0
7.1
72.7
8.2
45.5
29.9
41.2
37.1
8.9
3.6
3.6
68.7
3.7
7.8
31.2
28.4
14.2
20.5
27.3
21.1
34.0
14.7
38.8
73.0
5.7
27.2
39.0
15.7
80.5
58.1
25.0
74.3
49.6
24.1
106.7
24.2
37.7
23.7
37.9
20.1
5.9
20.9
37.0
39.2
46.1
89.4
10.5
52.7
7.5
14.2
28.4
21.3
40.3
13.1
48.0
6.1
62.0
67.4
15.8
31.6
53.8
18.2
53.2
15.9
13.4
7.7
23.1
17.7
42.4
19.5
52.7
31.1
21.9
30.8
34.0
27.0
29.4
6.3
29.5
14.2
30.2
32.1
25.2
10.7
28.0
4.2
11.0
61.6
8.1
129.3
24.5
23.0
39.8
23.3
4.8
36.6
30.4
48.5
14.8
11.0
88.8
32.1
29.7
127.9
16.2
43.7
35.8
48.6
4.8
7.3
99.8
35.6
25.6
34.6
44.0
42.2
14.3
18.8
6.0
8.4
12.5
23.8
60.0
9.3
24.4
34.9
49.2
30.6
34.7
17.4
7.9
49.6
20.1
38.7
52.8
27.3
107.5
2.6
69.4
20.6
7.5
16.3
42.5
22.0
58.9
48.1
1.3
160.0
20.7
29.4
25.7
67.2
6.3
3.4
33.9
32.9
70.1
34.4
10.2
7.3
12.5
55.0
20.6
8.4
17.9
31.5
24.6
41.9
63.2
29.3
20.2
37.1
21.5
50.6
28.3
12.7
26.2
62.6
6.7
57.1
120.5
35.3
25.6
5.4
10.3
37.9
20.6
8.5
12.7
48.5
9.5
67.7
35.8
31.8
30.3
54.1
14.5
58.0
24.2
30.8
28.1
5.1
21.5
24.2
7.7
118.9
36.1
29.1
32.3
25.8
21.3
35.3
26.8
15.9
3.7
5.8
15.8
39.3
64.0
39.2
6.5
22.3
98.2
4.7
32.3
25.7
44.2
60.2
39.0
36.9
8.3
52.8
38.6
31.2
27.4
36.6
18.3
32.8
13.0
61.1
46.7
8.2
43.6
85.2
11.5
65.0
13.3
15.0
14.4
10.5
12.5
49.7
27.3
50.3
33.7
29.8
58.0
32.9
14.2
42.0
16.5
76.6
13.4
54.1
21.7
26.8
25.1
12.6
34.7
42.6
17.2
32.1
22.9
35.4
42.5
14.1
42.2
32.8
49.6
52.2
78.5
4.4
8.0
10.7
36.1
130.0
56.8
10.5
38.5
62.1
22.4
39.2
19.9
79.6
6.6
27.6
50.3
45.6
26.4
18.2
67.1
16.2
16.7
70.8
15.6
21.8
38.1
17.4
57.1
30.4
24.8
17.0
68.0
38.0
108.3
13.8
47.6
9.5
15.4
39.2
28.5
80.9
6.1
29.7
22.7
79.5
26.2
39.9
58.1
33.1
30.1
4.1
54.7
37.3
10.1
31.6
22.7
49.5
25.9
56.6
14.6
47.1
48.6
41.9
7.7
28.6
10.5
29.3
33.0
29.0
64.3
72.5
131.2
38.4
6.5
19.2
43.6
34.4
27.7
64.7
9.9
71.7
5.7
46.0
60.7
26.2
31.4
26.5
59.2
22.8
133.1
14.0
33.4
17.4
33.6
105.1
63.4
18.2
29.7
17.2
19.4
20.4
18.2
4.2
32.9
75.4
27.7
39.2
18.9
108.6
16.6
10.6
36.1
7.7
5.7
26.5
25.8
18.9
34.5
11.2
51.8
5.7
8.6
76.0
71.9
39.8
135.4
34.4
16.8
44.5
11.5
55.2
4.8
51.8
33.2
28.9
13.6
35.6
18.6
42.6
11.9
21.7
9.7
48.3
91.6
50.2
47.5
26.2
7.9
39.8
30.6
32.2
46.4
9.7
16.2
50.5
12.3
36.5
56.0
4.3
52.4
14.9
55.9
34.4
38.4
48.3
72.7
59.9
18.4
58.5
51.1
29.6
12.2
45.1
19.5
11.2
31.0
27.3
43.4
37.7
7.1
41.7
21.6
18.3
60.1
7.0
29.0
27.5
77.1
9.4
29.6
72.3
1.8
38.9
18.2
19.3
20.2
12.6
4.7
39.5
25.7
66.1
26.3
29.1
13.9
12.3
55.9
30.1
21.9
21.7
20.9
34.6
33.4
94.2
20.7
37.0
8.4
22.9
8.5
23.3
56.0
45.0
30.2
47.1
29.2
51.1
14.9
3.6
43.9
16.3
62.6
6.2
57.2
17.8
21.5
16.1
23.2
13.6
18.6
76.7
20.6
57.7
65.0
71.0
44.1
5.1
37.3
33.6
27.6
75.5
13.0
12.1
60.7
40.3
38.4
83.2
48.3
42.7
32.0
28.8
59.7
25.1
15.7
35.0
5.3
16.7
21.1
52.3
19.0
26.5
73.3
5.7
54.1
39.5
63.6
18.5
4.5
88.8
2.3
56.9
18.4
30.7
17.1
35.1
18.5
14.6
13.2
38.1
52.9
55.8
17.6
40.3
21.8
22.7
19.3
24.4
145.7
3.8
13.4
60.6
37.1
51.8
39.0
28.9
66.8
44.1
17.6
41.1
22.5
24.2
25.2
13.1
25.7
20.8
90.0
37.7
103.0
71.7
31.3
12.4
48.3
28.4
83.2
19.2
12.1
25.3
12.7
26.8
49.1
24.0
22.7
88.8
22.8
54.8
12.9
9.5
30.5
15.8
39.3
9.0
100.8
10.1
55.5
26.8
9.5
35.5
21.3
15.3
42.7
25.7
126.5
10.9
10.3
28.0
21.0
38.0
20.9
19.2
45.7
46.7
38.9
37.2
41.3
11.2
7.7
50.7
38.2
31.0
38.2
45.8
49.6
54.5
17.6
16.8
11.0
33.1
114.8
3.1
72.0
8.3
41.1
46.2
45.8
19.8
33.1
39.6
24.3
46.7
20.2
57.4
27.1
45.4
6.5
15.9
11.8
34.6
29.1
32.1
6.6
97.5
17.0
15.5
66.3
39.1
26.9
35.1
25.4
39.4
18.6
54.0
6.4
17.3
26.7
4.9
65.0
10.8
59.0
32.7
10.1
27.1
6.8
19.4
15.0
10.4
27.1
31.9
62.9
15.1
23.3
49.2
30.3
28.2
40.9
40.8
60.1
23.6
39.7
18.5
50.5
10.6
39.1
42.5
32.0
22.9
43.9
39.1
62.9
48.7
16.4
6.5
23.1
16.8
39.7
21.9
34.6
12.3
55.1
9.0
69.1
20.4
93.3
41.3
12.4
17.4
40.1
16.3
101.7
23.1
41.7
27.5
31.9
77.4
5.8
40.9
43.5
43.0
58.6
13.2
3.9
49.6
37.5
67.6
21.3
21.8
12.6
62.4
42.1
78.8
29.4
60.2
13.9
19.1
17.7
50.4
33.9
4.9
31.3
5.9
34.9
32.8
42.3
17.7
54.7
39.2
77.6
14.0
85.3
35.6
95.4
43.4
10.7
35.4
13.5
13.6
13.9
34.7
9.2
11.0
32.4
62.4
9.1
61.5
9.2
15.7
32.5
16.4
4.9
66.9
14.2
54.6
41.9
84.1
23.4
9.9
42.9
50.7
23.8
52.7
32.5
71.6
25.2
4.6
27.4
71.0
24.0
42.1
26.2
94.0
21.3
17.0
18.2
11.1
47.2
32.7
21.2
63.6
5.0
42.2
18.4
20.2
39.0
17.6
87.7
17.1
30.2
23.7
42.2
4.1
93.4
94.6
17.1
45.0
13.1
3.3
44.8
23.8
18.7
21.1
62.9
3.5
23.9
8.2
100.8
29.7
17.2
27.2
40.4
53.2
16.2
27.6
24.2
5.8
110.2
45.5
44.9
29.0
22.5
7.1
46.3
47.9
8.5
93.0
24.7
35.0
14.1
77.1
5.5
83.0
15.2
43.7
16.6
62.1
14.3
25.8
9.1
59.8
26.8
3.9
16.8
4.2
21.5
26.0
30.9
15.0
43.1
21.9
37.4
28.0
66.3
6.6
31.8
14.2
48.2
78.7
23.1
9.0
70.2
40.1
16.1
19.3
33.6
36.7
7.3
11.6
23.5
26.0
54.6
24.7
69.5
20.6
42.8
16.6
27.2
29.2
74.1
8.4
8.5
28.0
48.5
20.1
29.4
13.7
30.4
57.9
17.3
97.7
54.3
17.2
48.6
68.6
11.7
10.7
13.1
12.3
94.6
10.3
60.0
42.5
3.6
11.6
35.6
70.6
18.1
15.4
52.8
25.3
9.3
6.3
37.9
45.8
61.4
67.1
8.9
8.3
18.4
24.8
31.8
13.4
6.1
45.4
13.4
57.9
109.0
29.7
32.1
39.3
36.0
11.7
12.5
41.2
33.8
31.0
45.1
40.4
3.1
55.1
6.1
26.9
51.6
101.1
37.6
7.9
35.7
32.8
6.0
56.2
41.3
20.7
5.1
46.0
18.1
8.2
56.6
49.5
60.4
31.4
25.9
29.4
11.0
6.0
20.4
10.7
40.0
14.1
57.4
20.2
76.2
26.9
53.3
104.2
4.2
58.0
26.0
18.1
29.0
20.5
19.5
17.6
17.9
27.8
17.5
10.7
15.3
33.7
11.8
44.0
46.8
38.6
48.9
16.3
33.5
14.0
16.0
34.0
73.3
39.5
56.0
17.2
62.7
25.7
25.9
4.5
24.1
38.0
47.5
41.4
39.9
41.2
14.0
4.5
10.3
48.1
23.6
28.5
25.4
14.6
69.0
15.8
47.3
21.3
28.9
51.1
38.1
32.2
37.4
53.3
2.3
64.6
18.7
0.7
21.3
27.8
28.7
3.0
5.5
10.4
48.8
23.9
8.6
8.6
50.6
25.3
60.9
5.3
20.4
27.8
17.6
32.7
7.1
10.1
72.1
14.4
57.1
20.3
12.9
24.5
26.0
49.6
23.8
19.4
45.7
5.6
7.8
53.1
11.8
49.0
33.2
32.1
36.5
32.9
33.6
41.0
72.2
29.6
46.1
9.2
11.5
38.6
10.6
34.0
13.2
63.5
23.4
41.8
90.3
17.6
34.7
14.4
27.6
42.1
79.5
3.9
36.2
40.6
21.2
16.7
8.9
41.4
12.3
51.3
38.1
39.7
99.8
51.9
38.7
40.7
11.9
8.1
30.4
13.6
41.7
20.7
65.9
41.9
3.6
45.4
17.3
13.9
32.0
6.9
19.7
20.6
12.9
8.5
9.4
82.8
89.9
34.0
30.2
38.9
7.9
63.4
21.0
70.7
5.1
17.3
16.6
29.4
38.7
36.6
2.1
71.7
12.3
27.2
67.1
47.8
17.7
27.8
58.7
44.8
31.3
73.4
26.8
13.6
14.2
12.7
28.5
4.9
29.2
55.2
33.0
49.4
33.2
7.9
35.6
26.9
15.9
39.6
53.7
5.3
17.6
46.5
26.0
12.3
29.7
27.0
101.3
5.5
37.2
28.2
6.5
35.2
77.7
25.9
11.3
29.3
52.6
18.6
6.3
7.7
52.5
26.6
17.7
89.4
62.2
70.8
11.7
42.0
30.8
18.7
30.5
40.6
24.8
23.4
14.8
21.8
16.9
46.1
14.1
35.9
31.9
23.6
33.3
14.4
20.8
13.7
33.0
32.8
37.6
58.5
1.2
67.5
29.3
23.2
30.4
9.0
83.8
5.7
30.0
43.9
32.9
42.8
47.1
33.6
10.2
36.9
9.1
47.4
54.6
5.5
55.3
48.3
27.0
51.7
11.5
26.8
37.8
39.5
25.0
31.6
84.3
36.0
58.8
14.1
0.9
23.7
25.5
4.5
31.1
17.7
21.2
109.7
8.4
62.2
8.0
54.2
3.5
37.4
26.7
96.9
36.7
54.9
29.3
5.6
54.9
11.3
28.5
21.4
38.4
69.7
9.9
3.2
45.2
21.4
27.5
35.5
30.6
4.3
36.8
36.8
77.2
6.9
11.0
35.1
30.4
47.8
38.5
78.0
3.3
41.1
28.5
12.8
32.9
25.8
71.4
29.1
17.7
58.4
32.4
12.0
83.8
47.2
6.6
19.9
6.9
64.3
13.6
50.1
43.8
30.4
21.2
50.7
16.6
22.4
19.1
45.8
23.7
43.2
41.0
60.8
104.4
23.2
22.0
26.6
47.2
24.5
20.2
50.2
85.4
30.9
36.7
10.0
53.9
11.1
34.4
7.9
4.5
57.7
25.7
23.4
9.1
39.7
27.0
16.8
7.9
77.8
33.7
48.2
15.1
50.3
58.8
26.6
57.5
11.8
50.3
16.0
7.8
23.1
16.9
14.7
49.8
3.7
53.6
11.3
13.9
25.7
270.5
39.7
14.8
32.7
36.1
9.7
39.0
6.3
9.5
17.4
30.3
46.0
51.2
17.5
11.7
33.2
28.5
52.4
6.6
62.5
26.3
35.0
31.9
38.7
8.2
31.7
30.5
25.1
34.4
5.3
93.2
8.0
69.8
38.6
30.8
25.1
13.5
9.6
73.6
23.9
12.4
72.7
11.4
34.3
9.3
63.1
5.7
39.1
30.3
23.0
30.5
34.7
26.4
11.7
5.7
33.3
34.6
43.1
77.8
6.7
25.8
18.2
95.9
24.4
15.7
26.3
23.8
46.6
34.5
11.5
54.5
28.7
15.1
57.0
45.9
17.1
19.5
39.1
21.9
46.5
23.1
41.7
43.2
42.8
10.9
18.7
36.6
32.1
22.7
8.0
56.6
11.2
25.7
21.6
27.5
19.0
19.3
22.8
23.0
41.3
43.1
6.2
71.5
10.7
50.0
27.1
8.2
20.9
20.2
15.5
42.8
20.8
5.6
31.2
13.4
47.1
23.7
14.1
25.8
37.0
14.3
41.3
80.7
21.0
24.8
20.4
49.9
35.9
12.5
48.5
7.3
96.1
18.1
32.7
44.8
21.3
6.5
22.5
32.0
28.2
35.6
45.4
27.2
21.8
64.3
15.2
12.9
46.2
15.3
103.3
7.6
43.6
70.2
31.4
3.0
34.0
54.7
34.1
6.7
32.6
4.4
74.8
18.2
29.7
31.3
26.9
38.7
16.6
21.4
107.6
25.9
5.2
68.2
48.4
36.1
4.3
73.0
10.2
44.5
34.3
35.4
8.6
54.8
104.0
22.9
74.9
16.7
64.4
32.9
51.9
3.4
10.9
7.6
14.4
161.8
62.5
30.2
11.9
27.3
23.5
60.8
11.6
10.9
53.1
21.6
65.5
46.0
52.4
13.2
27.2
48.7
13.2
24.5
28.7
19.2
5.5
39.3
1.3
46.4
3.8
74.1
27.7
9.3
20.6
30.5
7.6
17.6
35.7
6.0
79.7
16.7
4.8
14.2
57.0
9.0
14.7
40.4
22.7
17.3
4.1
53.3
1.9
58.7
26.1
27.0
20.1
57.6
14.7
34.9
13.4
39.9
10.9
20.2
36.2
13.2
32.5
18.8
32.5
49.5
35.0
49.6
31.9
18.9
13.1
89.6
33.7
38.0
48.6
27.9
15.5
44.3
14.9
74.4
75.1
46.9
26.8
25.0
8.8
3.5
38.7
4.6
35.5
51.0
31.4
39.6
7.3
31.3
23.4
25.3
7.7
11.0
13.0
23.2
31.5
26.0
84.6
72.2
66.5
5.5
13.0
16.8
54.7
10.3
30.2
86.4
24.6
41.3
22.8
57.9
34.1
21.5
19.2
13.4
67.3
15.7
135.0
44.1
44.3
36.4
26.2
17.7
36.8
39.2
56.8
10.4
37.0
5.3
60.0
72.1
22.5
25.7
23.4
58.6
10.7
46.0
21.0
39.2
15.9
6.8
16.0
33.2
25.5
43.3
46.5
30.7
6.3
36.2
2.3
72.6
10.8
71.1
27.9
18.4
57.8
3.0
45.3
15.2
23.0
23.6
16.9
32.9
51.2
23.8
44.0
27.2
9.7
37.9
20.6
23.5
24.2
87.0
10.4
31.0
14.7
144.7
25.1
47.5
41.6
33.9
69.5
50.5
7.8
110.0
28.1
30.4
35.6
31.4
13.3
19.5
8.7
16.9
35.9
8.7
28.8
31.9
55.4
24.3
45.2
9.1
51.6
18.6
18.4
25.3
24.0
32.2
12.2
65.6
24.5
69.6
3.3
18.2
2.2
33.4
20.8
48.0
55.2
38.3
50.8
1.3
1.6
113.4
50.4
2.3
71.9
33.8
8.2
23.9
33.9
30.4
53.5
22.3
6.2
11.9
62.0
22.7
25.2
45.1
35.7
78.7
33.4
10.7
26.1
14.2
52.4
28.9
17.8
13.9
13.3
14.4
23.0
27.0
119.4
25.9
13.2
18.3
8.0
21.3
82.8
3.4
66.2
22.8
13.0
35.2
38.9
34.9
31.3
26.9
59.7
37.2
35.8
5.7
31.3
49.1
31.1
14.2
18.1
42.1
31.6
46.8
32.1
64.4
9.3
43.5
46.9
34.8
34.9
5.0
24.7
18.8
40.1
66.4
37.5
58.1
13.0
81.7
3.7
46.7
30.8
53.6
56.6
24.1
9.6
47.9
12.0
55.0
31.1
66.2
20.1
83.3
11.0
99.3
2.2
40.2
49.1
50.4
31.6
4.4
16.4
33.5
49.8
18.5
30.3
58.5
8.1
53.7
20.0
51.3
29.9
787.3
13.9
85.6
20.0
44.3
40.5
51.8
17.2
41.0
34.4
15.8
12.6
23.1
29.9
52.6
45.7
20.0
48.0
47.5
39.2
41.7
88.8
19.4
13.3
18.4
31.3
131.2
54.6
9.5
24.3
23.7
66.4
14.4
27.1
28.4
18.4
27.9
16.9
67.6
30.3
63.4
19.4
50.5
38.7
22.5
6.5
25.8
8.4
56.5
6.9
30.8
56.8
5.9
17.8
80.9
30.8
18.8
75.6
30.1
60.1
18.1
33.6
30.0
22.4
24.6
7.0
56.0
29.5
31.4
42.3
112.4
13.5
33.0
36.0
84.3
28.2
40.1
2.3
48.5
6.6
46.9
13.0
39.4
29.2
13.9
8.8
55.3
20.6
45.1
10.6
13.7
23.4
64.0
12.0
35.7
18.7
49.4
47.4
60.9
47.7
30.8
119.2
42.8
25.9
12.7
9.3
19.1
19.5
60.7
23.9
91.8
30.6
80.2
28.6
21.9
16.0
30.4
28.8
66.7
26.6
9.5
85.5
22.4
43.5
30.5
16.7
26.6
23.3
36.9
28.8
24.3
7.2
32.9
8.3
23.0
51.5
17.4
102.3
10.9
21.5
26.6
51.4
10.0
5.2
12.8
21.2
28.6
21.4
31.4
3.1
16.9
17.7
32.4
81.1
44.3
125.2
30.7
6.3
37.4
49.4
42.3
6.5
21.0
12.1
33.6
65.6
18.0
56.7
46.6
18.5
3.5
6.7
24.2
26.7
39.6
19.3
41.1
21.7
46.1
9.6
28.2
13.4
14.6
84.3
7.4
7.2
18.0
58.5
28.3
42.4
59.3
6.0
47.0
27.5
63.7
34.5
56.6
33.8
69.3
107.6
39.4
37.7
37.3
4.3
29.8
13.1
31.7
20.0
85.8
5.2
37.9
16.5
57.7
38.7
21.6
20.4
23.3
19.9
21.2
10.0
29.3
13.8
16.5
10.0
65.3
6.3
54.4
24.1
37.9
66.3
21.0
2.9
32.6
6.9
27.0
38.7
84.7
14.1
14.2
16.5
31.8
28.0
25.1
16.6
15.1
38.1
43.2
76.8
26.1
38.1
6.7
26.2
13.7
28.4
53.4
33.5
56.0
21.8
25.5
21.4
31.7
56.1
4.3
11.6
46.0
30.3
57.2
78.7
12.4
110.6
23.4
41.9
23.4
16.4
26.9
37.0
22.9
23.1
76.3
17.1
39.7
4.2
79.4
12.9
67.2
34.5
16.4
91.4
15.2
36.5
94.3
47.3
60.4
22.7
31.8
26.0
39.0
20.7
21.8
31.4
15.3
25.9
46.7
19.8
45.8
29.6
28.6
66.1
50.0
44.5
19.5
3.8
85.9
36.2
48.3
22.0
11.1
56.6
37.6
64.5
39.6
24.2
49.3
11.3
17.5
22.5
15.3
23.6
33.8
26.3
65.6
65.3
4.0
12.9
12.4
57.6
28.4
14.2
17.5
88.9
23.0
14.7
32.0
20.8
35.9
33.8
28.0
24.9
12.7
50.3
19.0
76.7
20.4
30.3
14.4
40.3
22.1
43.7
19.6
57.4
58.3
8.4
47.0
13.5
31.2
11.1
23.0
37.4
18.9
33.2
36.8
11.4
33.1
17.0
74.8
34.9
62.6
6.1
24.9
45.7
11.4
30.7
29.7
5.1
41.0
40.5
76.5
18.0
85.0
31.6
24.5
18.4
12.9
24.3
15.1
59.4
32.8
43.0
57.4
20.9
14.7
19.7
29.2
9.8
145.4
4.1
84.7
9.2
48.9
48.8
33.6
49.6
58.0
23.9
34.2
26.5
38.1
29.7
10.6
33.2
97.3
11.6
54.3
16.8
37.4
24.1
26.8
15.4
61.8
27.5
29.1
74.7
22.4
60.7
13.8
62.6
154.4
14.6
18.0
7.9
25.7
24.6
28.8
29.1
25.8
57.2
46.7
4.5
24.9
14.3
14.9
32.8
34.3
14.3
48.0
24.7
9.1
36.8
23.0
45.3
59.9
19.5
18.5
45.5
22.2
42.0
23.3
48.8
36.6
41.9
41.2
30.8
27.8
17.6
30.0
47.6
33.5
77.4
21.3
13.2
44.2
31.3
44.7
17.1
8.6
22.1
21.4
58.6
21.0
20.2
11.8
63.9
35.7
7.3
48.1
37.8
78.7
8.0
39.5
18.4
41.9
14.9
10.1
34.2
46.2
22.0
20.0
5.4
58.4
26.5
26.1
10.3
53.7
31.6
76.0
35.0
11.4
51.5
12.3
24.2
14.6
56.2
27.4
5.9
31.6
26.3
7.2
75.6
37.8
21.1
30.4
52.2
23.0
35.3
3.1
9.1
6.2
20.9
30.4
36.9
40.7
12.7
29.0
26.5
25.2
57.0
6.0
7.6
22.4
58.1
12.0
53.1
19.3
97.0
9.7
12.9
41.0
35.3
39.9
25.6
73.7
24.7
47.4
16.0
49.8
16.3
9.3
25.7
48.1
29.4
1.6
21.4
58.8
19.2
45.8
37.6
113.4
22.3
11.1
55.6
23.9
56.1
14.8
24.9
22.4
10.8
20.0
21.0
35.4
10.9
21.4
20.7
8.9
8.5
54.0
24.5
14.6
33.1
42.2
15.4
34.1
23.1
41.5
7.2
56.5
22.1
60.0
62.3
3.5
30.7
4.3
75.8
17.2
38.5
36.9
17.8
14.2
116.0
58.3
37.7
37.7
2.6
9.7
109.6
42.7
45.2
25.4
8.6
40.1
19.3
50.9
15.1
68.3
21.4
27.9
16.1
76.9
15.4
31.5
9.3
51.8
21.0
43.1
32.2
39.0
36.0
42.0
13.3
9.2
12.9
4.5
73.4
29.2
47.0
23.2
29.5
24.7
14.3
22.0
54.6
6.7
43.4
19.1
30.2
16.1
58.4
25.7
31.4
30.2
9.3
10.1
78.4
11.4
12.1
15.7
66.2
14.8
37.5
26.4
26.2
30.2
38.8
27.6
9.3
76.3
25.6
43.7
14.8
37.1
23.1
217.6
10.4
7.2
14.0
59.1
40.1
12.3
30.6
22.9
24.8
19.9
60.8
66.9
6.0
54.6
38.5
7.5
24.5
24.0
33.7
21.0
22.5
19.4
54.2
25.8
49.2
18.5
70.2
8.6
39.8
31.5
17.3
36.9
3.2
52.9
31.2
21.1
44.9
63.4
5.1
43.5
11.6
70.9
12.7
26.7
4.8
32.1
28.2
24.2
11.2
5.7
41.4
67.9
4.1
44.7
28.9
30.7
39.6
14.2
29.6
40.9
8.2
54.1
35.3
17.3
32.6
18.1
37.7
25.8
9.9
29.3
19.9
27.0
39.5
20.9
55.6
18.9
23.2
3.8
64.1
22.8
12.3
30.4
50.8
25.6
34.8
58.1
13.0
10.7
25.4
34.4
25.4
22.4
10.4
16.9
31.6
52.1
28.4
112.2
4.7
49.2
21.6
37.9
33.8
17.9
29.8
23.6
31.0
35.7
9.3
9.6
21.6
39.4
4.4
16.5
32.5
45.3
22.2
13.4
17.3
24.1
4.4
53.1
17.1
89.2
24.4
38.5
12.8
43.2
16.6
71.6
36.9
51.0
26.4
34.2
9.5
26.6
60.3
6.4
14.0
17.3
33.0
58.0
6.3
23.5
35.8
14.3
37.0
25.8
7.3
2.7
13.4
80.1
54.4
42.8
8.5
53.7
80.9
11.9
4.7
14.8
35.8
3.8
16.2
48.8
41.2
46.3
27.0
3.6
53.0
7.2
22.1
25.0
26.9
25.5
11.0
17.3
40.1
15.5
6.0
20.5
17.6
7.7
52.2
24.0
24.6
48.9
79.1
26.0
27.1
32.5
45.4
17.0
32.7
3.3
5.2
88.2
8.1
35.4
58.6
13.6
21.3
45.8
16.1
57.8
33.2
15.4
15.3
6.2
4.6
37.6
15.3
81.0
33.0
10.8
31.9
35.0
13.9
52.9
24.4
22.3
12.4
27.2
24.4
91.7
38.3
9.4
70.5
22.4
43.3
12.5
38.9
27.0
11.4
35.6
48.3
13.0
58.8
15.7
45.7
43.0
9.4
14.6
47.2
13.6
44.1
19.6
73.3
45.8
4.4
26.8
24.9
30.6
13.4
9.4
14.4
36.8
17.6
33.4
30.7
87.5
4.8
55.4
32.9
60.6
41.0
35.7
12.0
46.2
18.8
48.9
33.7
52.9
13.9
39.6
4.2
72.6
11.6
35.3
17.9
42.6
4.7
52.9
23.2
32.5
69.5
30.6
38.8
55.1
21.9
15.2
50.6
26.8
26.6
18.6
22.9
17.9
5.7
45.5
0.8
82.3
23.5
13.8
9.9
74.2
14.1
15.7
47.1
11.6
60.8
64.8
76.2
24.9
28.0
44.3
26.1
35.6
47.8
10.8
47.7
11.7
19.0
21.1
44.5
19.9
53.6
37.3
16.4
46.2
29.9
30.8
2.1
110.4
32.6
20.0
23.2
42.3
86.6
17.6
1.0
15.2
58.8
27.0
41.9
12.0
27.0
15.7
16.1
85.3
88.9
20.1
16.4
17.6
57.9
32.2
24.0
36.7
34.3
12.9
49.0
0.6
42.0
26.4
24.8
60.8
40.5
13.5
6.4
30.5
35.7
27.6
25.9
56.1
15.9
3.6
36.4
16.6
33.2
37.4
47.3
32.5
6.2
33.1
68.1
31.8
31.1
28.9
49.4
28.7
18.5
64.5
10.8
30.6
58.4
123.8
3.6
13.0
16.6
0.8
13.6
36.4
12.1
29.3
31.1
12.9
39.1
66.5
36.5
53.1
25.8
11.6
65.8
43.3
25.8
45.8
31.5
63.7
33.5
1.6
52.6
68.0
17.4
60.4
20.0
46.9
11.7
15.2
10.1
40.6
32.6
77.4
47.0
34.3
35.7
8.3
39.4
48.9
24.3
52.8
9.1
36.4
52.5
16.7
25.6
32.8
43.0
5.9
104.0
17.0
10.2
10.6
47.1
40.5
53.4
12.5
71.6
78.9
21.8
23.9
37.5
8.2
23.1
19.3
15.3
44.8
23.2
59.7
49.1
58.6
53.2
56.3
3.0
46.4
13.0
37.9
20.9
77.6
26.9
39.6
14.5
6.7
61.1
21.3
45.7
26.4
52.1
36.9
17.5
18.5
32.9
42.7
18.5
24.6
66.1
17.5
31.5
19.8
1.8
38.7
9.4
31.1
53.9
6.2
42.3
13.1
44.2
30.2
25.1
7.4
51.8
15.1
40.1
17.0
59.6
2.5
149.5
16.7
10.3
17.3
18.9
47.1
23.8
16.4
36.8
31.5
36.0
134.0
8.3
21.4
54.5
29.2
19.4
13.3
18.3
45.3
15.5
52.3
74.6
34.1
33.2
41.2
9.8
138.5
21.8
40.6
10.7
83.9
43.1
39.4
15.8
28.9
14.8
63.2
8.3
12.9
20.7
52.5
10.7
27.3
13.3
81.3
26.3
7.8
50.4
22.4
17.5
49.4
55.9
46.4
24.4
49.3
13.6
83.4
4.5
32.5
3.6
49.5
6.8
21.2
2.4
26.8
66.2
40.3
26.0
5.9
81.4
100.9
37.6
50.2
82.8
67.0
10.7
7.3
54.6
88.8
66.7
48.0
23.7
10.7
22.8
7.0
5.7
47.2
5.6
21.6
35.4
44.9
11.0
56.4
21.6
40.8
13.7
6.5
3.1
28.9
23.2
57.8
37.9
28.0
23.5
28.5
28.0
32.8
20.7
33.3
14.3
10.3
23.1
97.5
28.4
38.8
7.9
61.5
9.7
50.2
51.4
125.7
8.0
66.1
13.8
36.5
5.9
28.7
44.7
8.7
43.1
23.7
2.6
63.3
6.4
59.1
27.2
85.4
79.6
7.3
30.1
221.7
38.7
20.5
25.9
26.5
20.5
5.3
4.4
21.9
34.6
21.2
9.0
44.3
16.5
40.6
10.5
28.5
49.5
4.4
69.9
31.9
4.4
23.0
4.3
26.2
58.8
39.9
41.2
11.0
42.0
136.1
51.3
17.8
31.7
40.7
15.4
4.5
7.5
55.0
5.6
25.9
140.3
7.6
14.0
74.8
19.7
39.1
34.1
27.1
14.4
21.1
34.4
8.0
99.1
14.7
62.5
28.9
68.4
28.2
53.8
7.8
56.3
54.8
6.3
31.8
1.9
28.2
6.6
50.7
23.3
13.2
32.1
44.7
37.9
84.5
18.1
11.5
24.2
10.8
30.1
11.8
40.3
47.6
5.0
82.7
17.5
23.9
27.3
2.3
20.4
6.5
21.2
20.1
22.1
98.8
9.9
65.5
33.5
109.2
24.3
11.0
27.3
9.4
21.4
32.1
33.6
56.6
31.7
13.5
63.3
12.1
5.7
33.6
17.7
21.2
20.3
70.0
10.5
51.6
33.3
55.4
48.1
64.9
62.8
21.9
45.2
17.6
14.8
2.0
7.0
20.7
10.4
79.7
27.7
37.4
4.7
36.5
23.8
5.4
12.8
12.6
8.6
27.5
28.9
77.4
44.5
4.8
40.5
5.6
26.3
53.7
24.9
43.2
21.3
48.2
18.9
46.8
52.0
12.0
45.0
14.1
48.1
25.1
15.6
13.6
70.1
23.7
60.3
83.6
8.7
5.3
86.5
51.8
55.7
61.4
21.4
53.1
63.8
12.0
51.2
26.4
24.6
38.0
31.0
32.8
31.3
8.4
33.7
23.8
47.1
38.3
12.8
97.1
64.2
24.4
4.3
42.5
29.3
34.6
35.2
49.5
17.5
71.3
4.6
8.2
37.7
21.4
36.1
21.7
19.6
55.9
11.1
10.2
21.3
64.4
14.6
55.7
94.6
21.5
45.6
13.0
21.0
34.6
36.8
26.1
27.5
15.1
20.8
42.5
65.5
3.0
19.2
32.0
13.4
31.1
12.5
73.7
23.6
28.8
11.5
23.0
7.4
52.5
6.3
29.2
32.1
37.2
18.2
37.1
7.1
39.4
13.1
13.6
20.4
29.6
54.2
16.4
89.4
60.9
48.0
17.6
2.2
4.1
26.7
12.8
24.0
25.0
139.1
1.0
31.3
109.6
4.8
12.0
32.6
34.3
49.1
19.7
1.2
63.9
12.2
89.1
44.3
3.9
87.1
3.9
24.0
55.1
25.6
14.2
17.6
22.1
23.0
42.0
47.1
50.5
11.8
38.7
15.9
23.4
24.9
10.2
23.8
48.6
6.6
56.2
125.1
13.6
15.7
17.3
13.6
52.6
30.3
10.2
43.1
67.2
52.2
26.1
13.0
28.2
39.9
17.2
65.6
28.7
38.3
21.8
3.6
11.3
15.5
7.4
96.5
33.3
21.8
33.1
9.5
25.3
51.5
18.9
67.9
15.9
23.7
7.2
29.7
12.8
47.5
43.2
37.8
81.6
27.4
97.0
41.8
18.0
57.8
52.0
42.1
29.3
8.3
43.1
37.3
52.5
35.0
50.6
34.1
39.6
15.2
68.1
46.9
5.5
69.7
16.1
40.3
58.4
2.7
17.8
20.4
18.1
11.3
49.7
30.2
61.5
43.9
24.8
34.9
27.3
4.9
62.9
23.5
49.9
14.5
37.0
7.9
37.5
17.6
25.6
38.5
17.8
21.4
41.3
73.4
19.4
49.3
23.3
24.9
81.7
27.3
39.9
19.9
53.4
8.9
35.8
97.4
7.6
34.6
17.3
19.2
92.0
21.5
43.9
78.4
53.7
41.1
20.5
2.7
33.7
32.1
53.0
31.4
38.3
43.4
40.7
20.4
32.0
43.4
17.1
84.5
9.8
21.9
41.4
16.6
31.7
32.3
52.2
38.3
20.4
27.6
13.4
13.4
107.9
54.6
35.4
33.5
26.1
27.9
33.0
43.4
16.9
47.8
29.0
23.4
6.8
33.2
20.8
27.8
22.4
29.7
56.8
23.9
41.6
46.8
16.8
38.7
6.3
11.5
14.6
12.8
67.7
12.1
53.7
24.9
84.1
43.2
50.2
40.5
9.8
123.8
25.2
8.0
29.1
17.7
37.1
28.9
40.1
58.9
13.1
18.1
4.0
14.0
29.7
43.3
40.0
52.3
50.3
12.3
44.6
11.1
98.3
52.7
21.0
34.2
53.8
11.4
40.1
13.9
7.0
12.1
15.0
18.4
24.8
40.3
23.9
52.6
6.2
43.0
9.0
57.7
24.0
66.4
7.8
34.9
14.8
80.6
6.7
60.8
3.7
17.9
40.8
29.9
58.0
11.5
134.5
31.4
37.8
38.3
18.6
15.5
12.7
49.2
35.7
19.6
96.8
10.1
41.7
41.9
29.7
1.4
20.0
15.9
55.0
35.3
69.8
20.5
60.6
17.0
7.0
20.8
12.2
27.3
9.8
20.1
7.0
59.9
37.2
5.8
28.8
55.2
22.4
53.9
25.9
80.8
23.2
26.2
38.6
66.9
9.0
52.1
5.8
63.1
19.6
41.4
16.3
62.0
2.9
52.2
4.1
42.1
36.4
37.1
95.9
44.3
39.9
28.6
31.1
25.5
27.7
11.5
9.5
33.3
11.8
44.4
23.7
8.7
50.4
3.5
46.5
27.6
66.5
4.3
22.3
40.1
22.3
17.1
30.9
52.0
10.9
26.7
26.8
37.3
66.6
3.5
16.4
22.6
59.9
15.0
27.2
16.4
32.3
36.6
24.7
13.7
33.1
90.2
10.4
5.2
25.5
52.7
31.2
11.0
39.2
48.1
11.6
15.4
18.3
27.3
17.8
38.8
82.4
4.0
51.2
15.0
40.6
24.1
52.5
17.8
42.6
48.7
24.1
30.5
19.9
17.8
46.2
11.6
42.1
30.8
22.7
16.2
13.8
42.7
34.0
115.0
13.6
56.9
52.4
25.4
14.5
3.1
10.3
34.6
11.1
48.9
70.2
43.1
32.7
5.9
38.5
30.0
26.5
30.9
17.1
89.8
16.0
23.2
29.0
10.8
48.8
20.9
95.4
33.0
42.7
8.8
20.5
13.7
59.8
47.7
46.6
41.9
11.3
49.6
43.5
4.9
29.4
30.2
21.4
46.5
41.1
61.6
21.2
73.9
86.9
25.1
17.3
31.9
83.6
44.3
39.3
7.1
34.2
3.5
78.3
21.9
86.3
37.9
10.7
25.7
47.4
43.6
14.0
7.2
32.0
54.6
14.2
79.8
26.2
79.9
14.1
40.6
34.4
15.3
59.9
33.5
31.0
14.4
25.1
20.9
48.5
56.3
28.3
90.8
22.0
13.3
41.0
11.9
25.2
17.5
59.6
39.1
59.6
43.5
49.3
7.9
8.4
29.2
58.4
13.1
77.9
22.3
80.7
11.6
18.1
30.1
87.9
47.0
30.0
46.8
19.2
4.8
61.3
16.0
71.5
24.7
14.5
58.0
39.8
48.4
27.6
13.1
41.9
12.4
15.9
43.3
30.9
46.5
27.1
59.3
8.1
67.4
31.6
24.6
132.4
33.0
44.5
4.3
54.8
27.1
42.7
35.9
28.6
21.9
35.9
6.6
7.1
24.9
27.3
49.4
87.0
14.7
46.5
82.7
11.2
51.7
10.2
45.5
12.5
19.0
42.0
15.5
39.2
10.3
47.2
40.2
25.5
13.8
30.5
5.1
8.3
62.0
27.0
36.3
32.1
6.4
14.4
39.1
25.2
48.9
35.1
22.7
37.4
7.8
31.3
9.7
41.4
55.1
15.4
9.8
20.6
15.3
40.7
12.4
34.8
27.1
28.5
12.0
35.4
81.5
19.4
6.5
7.7
23.5
29.9
12.9
58.5
24.5
17.9
46.6
6.2
68.6
70.0
18.5
37.3
87.2
24.1
42.5
48.1
8.6
29.5
11.0
5.7
63.9
40.0
19.8
35.4
62.9
21.2
36.0
2.5
9.0
11.8
19.2
27.3
27.9
75.4
6.0
56.4
70.9
38.3
15.3
57.5
42.5
21.4
43.6
30.2
14.9
5.3
13.8
31.3
11.2
31.0
15.1
32.2
26.8
51.4
5.5
31.8
51.9
43.9
38.2
53.3
34.7
34.8
26.2
75.8
10.3
29.5
26.0
96.9
41.4
58.4
20.1
9.6
31.6
17.5
6.9
32.8
26.1
4.4
89.6
19.2
51.2
31.3
10.8
17.4
39.2
32.9
19.8
49.9
9.0
30.8
15.9
18.7
6.2
12.5
54.3
20.0
26.3
10.7
40.2
22.1
13.6
12.9
63.1
34.0
22.5
13.3
76.9
17.3
38.3
37.8
13.2
22.2
24.1
52.9
3.6
57.9
22.1
62.9
6.5
28.1
32.2
11.2
58.8
23.7
36.5
6.6
42.2
32.4
19.1
20.2
20.1
49.0
28.7
13.6
27.7
63.7
8.5
5.0
8.2
19.1
5.2
17.2
58.7
22.0
30.1
24.9
42.8
21.2
27.3
27.0
24.1
5.9
28.9
27.6
8.5
23.8
60.7
31.6
28.8
19.0
21.7
36.1
29.6
12.4
33.7
25.2
35.6
24.2
4.4
39.7
18.4
23.1
28.9
40.9
13.2
50.1
16.5
14.1
91.4
7.8
21.6
5.5
22.6
58.0
23.3
58.5
17.9
62.1
28.1
44.9
26.0
13.2
19.0
105.7
6.9
8.5
41.0
20.8
19.8
27.8
20.8
47.1
95.0
17.1
66.7
6.1
11.3
14.7
55.3
10.8
18.1
54.5
36.6
42.6
17.6
11.0
12.4
15.0
70.6
25.7
13.3
48.7
18.6
19.0
12.1
9.3
48.2
7.6
18.4
33.0
35.6
5.1
13.0
37.7
6.6
25.2
50.9
46.0
32.4
52.6
3.3
32.0
29.1
8.7
24.6
40.2
28.6
12.5
30.5
26.2
42.9
34.9
16.7
6.4
27.9
41.7
22.0
68.7
43.3
54.5
18.0
9.1
34.8
37.7
17.8
29.6
2.1
8.6
42.0
14.5
10.3
46.3
13.0
32.2
67.0
6.7
70.6
29.5
16.5
36.9
46.6
26.2
64.8
7.0
20.9
5.2
12.0
45.9
14.9
51.5
66.4
29.6
9.5
23.8
17.6
36.3
8.9
24.0
68.7
35.3
22.9
5.0
54.0
19.8
91.6
14.7
10.8
28.8
37.9
33.4
12.8
35.9
26.7
31.5
77.9
17.9
80.1
19.2
55.4
14.0
22.2
8.5
10.2
29.4
20.9
5.9
3.2
22.8
33.9
19.3
14.9
21.4
19.0
64.0
2.7
52.3
34.5
1.8
36.4
13.2
28.2
50.3
5.2
19.2
3.1
65.4
33.5
4.4
50.6
8.4
35.7
26.4
31.4
34.9
14.3
17.5
19.5
10.8
19.1
24.2
65.7
15.5
37.7
75.7
27.7
36.1
82.5
23.1
7.5
55.6
29.2
1.9
5.8
107.4
4.1
51.7
25.0
45.2
13.4
12.2
40.3
22.7
53.5
26.3
26.8
43.8
27.2
4.2
25.8
13.2
40.3
49.5
13.6
92.9
18.5
23.2
14.3
41.9
26.6
28.3
17.7
27.0
83.9
51.6
5.7
51.4
25.8
34.2
43.7
26.0
24.4
86.9
64.2
6.8
21.0
22.3
32.7
44.8
21.1
5.2
38.8
112.3
43.8
7.3
23.4
26.3
14.2
13.1
50.6
12.8
25.2
8.9
88.9
9.5
34.4
54.9
58.6
13.2
10.2
33.2
38.2
77.1
61.1
3.5
93.3
38.1
23.1
52.5
29.4
5.9
28.9
19.2
11.1
29.1
19.8
31.2
64.5
16.6
57.8
17.3
11.0
32.8
21.6
64.5
24.8
48.7
38.2
17.1
37.6
20.9
34.2
7.2
1.6
72.6
17.3
72.1
5.7
71.7
17.1
37.5
8.9
64.3
62.0
81.8
26.4
11.8
38.0
9.0
40.5
49.1
63.2
9.9
22.2
48.8
17.0
8.6
27.6
37.2
33.6
37.8
20.1
98.7
13.0
3.5
31.3
15.0
54.5
83.6
53.4
26.6
2.2
13.9
67.5
7.8
9.3
23.3
62.8
11.4
31.0
63.9
73.8
41.8
37.5
8.5
27.4
145.5
23.9
12.8
67.7
18.7
14.0
56.2
1.7
27.9
17.3
24.7
70.2
43.7
15.3
9.6
43.0
32.8
24.5
31.9
32.4
3.8
6.8
20.4
51.0
14.2
42.3
10.4
33.8
7.5
47.3
52.2
20.6
21.3
49.0
9.1
23.4
13.2
101.7
28.6
1.6
19.2
26.0
1.5
65.3
4.9
6.0
5.5
22.5
9.7
131.4
75.2
31.1
56.5
53.4
11.3
67.6
57.4
49.5
9.0
93.9
31.0
7.8
19.6
19.2
51.3
66.9
47.7
43.6
45.6
26.6
58.2
21.2
49.6
9.7
9.6
27.5
38.9
30.4
10.0
31.1
58.9
7.1
27.8
6.8
17.0
42.0
35.2
46.0
27.6
107.8
41.4
51.2
2.5
78.1
33.6
11.5
27.0
6.1
12.2
42.9
92.6
16.6
18.1
15.9
40.6
84.8
13.1
56.3
86.3
45.0
32.2
2.5
52.9
48.5
4.5
51.3
42.3
21.6
58.0
30.7
41.5
22.7
46.9
7.0
35.7
16.6
59.2
6.4
37.6
28.4
27.8
12.1
27.8
11.4
51.0
17.9
13.5
36.3
50.3
39.8
30.7
63.7
115.3
26.1
9.2
11.4
40.8
35.8
15.4
91.4
24.7
55.7
28.6
22.4
44.4
23.4
8.2
20.8
1.2
101.1
14.4
54.0
29.6
17.3
22.1
5.6
35.2
76.6
44.4
10.4
31.2
32.6
31.5
56.5
25.4
16.1
13.4
18.4
54.8
21.1
56.9
64.6
27.8
21.3
56.7
33.4
98.3
6.9
25.3
21.1
46.9
17.9
43.3
24.4
14.5
9.1
64.1
64.4
10.8
50.3
25.8
39.3
1.7
13.4
9.1
55.8
6.7
5.1
56.1
4.5
44.0
12.1
74.1
38.4
6.8
53.9
26.0
23.1
4.1
10.6
11.4
45.1
42.5
11.4
60.4
53.2
6.8
81.5
25.3
34.7
44.0
81.0
45.6
6.0
44.2
25.4
55.9
33.0
55.0
13.6
7.9
59.2
12.8
23.7
25.3
11.4
11.0
71.8
17.1
66.1
6.7
19.4
26.0
16.8
17.3
15.7
20.9
73.6
18.1
48.8
26.8
27.6
24.8
14.2
34.8
13.4
78.3
17.1
58.4
82.2
71.0
26.7
44.6
34.1
12.8
16.1
15.1
45.6
30.9
119.9
14.7
56.9
16.2
32.7
11.9
36.7
54.1
43.3
32.0
11.9
2.1
45.3
52.4
38.2
36.5
45.4
81.6
5.1
48.5
18.7
68.5
3.5
14.7
14.6
19.9
10.1
5.0
40.6
41.0
24.5
80.6
215.1
35.0
20.0
39.5
14.2
14.2
38.2
20.9
38.0
35.1
12.5
5.4
30.3
27.4
27.1
50.0
20.5
38.5
8.5
73.8
7.3
36.3
48.3
29.8
36.7
43.8
10.3
4.8
60.0
4.7
36.9
137.0
8.5
17.6
68.8
10.7
40.1
33.4
2.4
14.0
28.4
37.4
37.9
127.4
92.9
7.7
52.3
38.3
33.2
14.1
45.0
27.6
16.2
43.2
1.3
20.8
6.9
26.1
81.9
14.3
65.9
6.1
41.2
22.9
31.0
26.5
75.2
4.0
26.1
26.2
12.9
27.9
38.2
4.9
24.7
29.0
58.0
13.9
8.3
26.2
5.3
27.1
29.1
27.8
30.4
101.3
8.7
64.1
29.8
125.7
27.9
21.2
27.5
10.1
35.0
42.1
23.7
24.2
28.6
32.7
6.3
103.6
16.2
54.9
27.9
20.5
21.5
27.8
27.0
58.4
17.7
51.0
69.5
4.2
10.1
93.2
5.6
35.6
61.7
6.0
18.7
43.0
20.4
18.9
12.4
69.5
39.8
11.7
75.5
37.2
23.5
43.0
6.1
27.9
48.6
14.4
43.8
18.9
39.7
26.8
24.8
53.7
44.4
16.4
24.5
35.3
27.7
43.0
59.7
40.2
53.7
7.6
71.6
34.3
13.7
18.1
8.0
27.7
32.7
24.0
39.0
24.1
43.8
31.2
46.6
29.6
43.3
16.4
25.6
25.3
45.3
7.0
45.6
32.5
18.7
31.5
19.6
55.8
11.8
24.8
44.9
4.6
58.8
28.2
12.1
28.1
26.4
42.8
12.7
61.3
3.3
15.7
41.2
30.6
36.5
18.9
14.1
56.5
49.9
11.6
15.9
14.6
24.8
29.4
19.8
18.0
98.8
49.9
41.4
80.2
18.3
17.1
36.7
33.8
3.2
18.7
49.4
55.8
13.4
56.3
16.9
66.0
24.2
27.3
14.1
45.2
5.4
43.6
10.4
25.4
43.4
12.5
22.4
29.0
40.9
29.6
40.6
21.4
9.2
40.7
9.5
44.3
36.3
63.8
5.6
14.9
3.6
52.0
30.2
8.0
45.9
29.4
19.7
121.6
1.2
142.3
27.7
2.9
36.1
41.6
5.6
3.5
85.6
25.8
66.0
6.9
6.1
2.8
7.4
27.3
19.4
9.1
57.0
5.5
42.3
27.3
14.6
20.6
63.4
6.3
37.4
25.3
28.6
114.8
21.5
33.1
19.3
9.7
21.0
129.5
58.9
16.5
54.8
9.4
16.7
35.5
9.2
15.7
56.5
7.4
52.9
23.4
24.6
40.5
49.3
29.7
35.2
27.8
7.7
19.3
66.4
16.5
106.4
58.3
12.2
56.0
48.1
19.6
16.3
27.7
41.1
21.6
5.6
5.8
24.9
46.4
45.4
40.5
6.0
19.4
65.2
27.4
25.1
70.4
58.2
6.9
15.4
11.9
67.8
30.5
27.5
37.1
17.5
56.6
16.6
88.4
38.0
60.4
46.0
70.5
1.8
14.8
20.3
16.6
17.8
65.3
37.1
60.6
35.6
20.6
54.7
32.2
16.8
24.0
27.4
19.8
53.4
7.5
36.6
86.6
25.7
24.7
20.6
41.3
27.7
33.7
6.7
34.9
40.2
41.2
51.2
104.1
5.4
12.0
14.1
117.9
51.7
9.6
26.1
51.4
16.5
38.2
26.7
18.0
23.7
43.6
24.2
109.5
33.7
54.9
17.4
51.6
41.9
29.9
24.5
20.9
17.1
81.3
12.7
21.5
27.1
15.4
30.6
44.7
130.2
11.0
70.5
26.6
33.7
30.9
19.9
55.7
9.0
59.8
41.7
47.9
23.7
80.1
15.4
50.4
13.2
171.8
10.0
30.2
12.1
29.6
32.9
32.5
5.8
49.5
43.5
13.6
48.0
10.3
60.9
11.1
20.2
19.1
8.8
26.5
26.7
125.5
17.4
91.9
21.8
29.8
11.4
21.8
5.8
30.3
16.4
62.1
19.8
21.5
124.4
15.0
35.4
14.2
13.4
46.5
29.0
48.2
22.0
35.9
48.4
37.5
35.9
120.5
25.5
26.1
52.8
39.9
44.4
12.5
36.6
6.4
69.5
7.1
37.8
34.4
60.2
41.7
12.5
20.5
67.6
10.0
30.6
4.3
16.2
34.2
11.9
36.0
3.2
42.9
17.4
86.3
35.1
116.9
9.1
39.3
43.3
11.6
18.5
10.7
25.1
25.1
117.1
13.7
46.6
19.6
35.8
1.7
2.3
7.9
13.7
17.6
63.9
14.0
70.6
55.4
32.6
7.4
15.7
34.2
24.9
34.6
40.8
5.5
38.8
4.8
50.2
81.7
29.8
53.8
42.6
23.3
40.7
10.8
41.2
26.6
34.1
34.9
7.5
26.1
27.5
31.4
16.6
34.1
15.8
21.5
17.7
36.7
35.3
31.8
38.6
58.5
12.2
107.3
17.8
41.9
33.6
23.2
27.9
30.4
15.9
12.2
31.3
8.1
38.1
22.0
27.6
6.8
69.6
41.9
33.4
16.3
26.5
14.4
8.0
70.9
20.5
35.1
80.0
15.9
55.2
72.3
22.6
73.5
32.1
9.6
20.0
17.2
22.9
19.8
69.9
26.3
88.2
46.7
78.7
30.3
36.8
9.3
18.4
4.5
6.8
61.3
15.6
55.8
125.0
26.3
7.9
18.3
26.6
13.7
35.9
91.0
4.4
48.4
11.8
16.5
34.7
60.4
20.6
33.2
25.0
46.3
14.8
73.5
29.3
10.9
31.2
57.1
31.9
25.2
57.9
14.9
30.1
31.7
26.8
82.0
13.9
71.3
19.7
58.1
49.3
28.5
31.7
114.4
3.6
16.2
16.1
40.7
4.6
51.5
18.7
37.5
15.4
49.1
29.6
16.9
11.9
32.0
39.4
22.2
13.7
28.5
12.6
52.4
16.9
80.4
30.9
54.2
32.4
19.9
13.6
63.2
47.0
35.4
37.4
15.0
62.8
49.8
58.2
39.3
13.6
32.1
27.9
17.6
61.6
52.5
35.6
75.3
8.3
14.9
21.1
24.7
55.2
21.2
29.4
22.6
37.0
18.3
14.8
27.7
50.0
50.6
47.7
47.8
29.0
70.3
33.9
12.4
37.3
11.2
43.8
6.0
66.0
36.0
10.3
68.7
70.3
8.7
22.0
21.4
21.6
61.1
26.3
26.9
32.8
7.9
21.1
15.2
53.3
65.1
55.3
43.2
15.6
33.2
17.6
17.5
8.8
19.9
61.9
26.8
80.4
29.0
7.0
52.3
5.4
57.0
13.1
79.3
13.6
22.3
8.3
66.9
42.3
114.1
135.6
12.4
27.6
39.9
56.1
42.4
7.4
2.2
75.9
5.0
40.0
23.7
91.1
21.1
8.3
43.0
26.7
33.6
53.9
12.2
77.0
25.9
26.5
149.9
38.7
10.5
6.4
23.2
21.9
68.2
27.7
33.0
40.8
41.4
35.5
16.1
71.8
17.6
49.4
20.0
76.5
19.1
34.4
14.7
25.2
23.3
10.0
41.4
44.4
30.7
55.8
50.8
6.3
41.7
44.6
96.8
26.0
16.5
20.9
20.5
50.0
11.5
14.9
25.2
30.7
7.5
25.4
17.5
50.3
48.5
42.0
9.3
12.8
21.1
23.0
56.9
12.5
22.8
16.5
81.7
3.7
50.6
32.8
58.2
69.0
8.2
21.2
51.2
7.5
31.4
46.8
38.8
32.8
106.3
5.0
105.6
66.7
28.1
33.3
35.7
4.9
19.7
23.7
48.4
8.9
61.4
45.7
25.9
44.4
25.1
51.2
7.3
57.7
28.2
115.8
38.0
9.5
64.2
84.5
47.3
10.7
66.2
37.3
11.2
6.3
38.2
31.3
17.1
37.7
42.4
56.3
14.1
6.9
26.8
7.5
59.2
39.5
47.2
35.3
32.8
23.1
18.2
41.3
6.3
27.4
50.3
5.7
44.2
39.9
60.9
23.4
15.6
30.1
57.3
33.7
16.0
26.6
24.6
45.5
21.0
11.9
11.0
29.0
65.5
17.7
49.1
12.6
70.0
37.4
55.6
35.8
7.7
10.1
6.7
46.8
8.7
48.0
15.9
21.2
14.6
42.7
38.5
4.6
10.9
5.8
132.7
36.1
47.3
42.7
36.9
22.4
34.4
97.0
39.2
25.9
6.4
33.3
97.2
35.4
76.0
19.7
31.3
64.3
44.7
13.0
43.0
9.2
33.5
6.7
18.3
51.5
17.3
53.3
18.7
44.0
6.3
71.9
70.0
3.9
12.4
6.3
58.7
16.7
27.9
27.1
58.3
22.5
20.4
39.5
23.2
7.4
42.8
37.9
12.2
38.1
34.0
70.8
31.1
13.0
18.0
34.0
35.9
18.1
10.0
30.9
21.8
22.0
49.2
20.5
46.2
19.8
76.5
25.8
42.0
21.9
19.8
14.0
59.4
85.2
14.8
4.1
12.8
59.2
33.1
24.5
11.0
14.3
24.0
40.9
34.4
27.3
40.0
8.1
22.1
18.5
63.4
22.9
38.8
28.8
42.4
81.9
11.3
70.1
6.7
23.8
17.6
12.2
18.5
26.5
12.7
9.1
29.8
29.6
22.7
34.8
65.0
6.9
16.7
27.3
51.9
20.6
12.3
6.5
18.2
18.2
30.3
18.9
35.6
5.0
22.2
24.6
31.1
10.3
6.9
104.5
17.1
20.9
40.2
10.6
28.5
63.0
47.4
57.2
6.3
55.4
7.3
32.1
57.5
124.1
36.3
8.7
50.9
22.4
30.8
47.5
39.4
18.0
33.5
29.4
81.6
41.9
49.2
60.8
35.8
31.7
35.1
6.8
3.4
19.5
13.4
38.0
5.5
37.0
6.2
63.7
38.7
38.8
41.0
7.9
32.7
63.7
41.3
21.6
25.7
20.0
31.2
73.2
12.1
47.7
3.6
16.0
89.1
12.0
16.8
22.9
24.2
24.5
20.4
34.3
21.3
8.0
24.7
34.7
47.0
62.9
8.9
58.4
18.3
99.6
11.0
21.3
35.2
34.2
71.6
36.8
58.4
32.8
13.6
15.2
75.8
40.3
24.4
26.1
20.4
61.0
8.4
21.3
27.9
4.5
9.3
110.2
58.8
23.6
12.6
45.9
84.9
35.5
32.6
12.7
3.5
34.1
15.1
39.6
34.4
1.9
47.4
3.2
8.8
28.9
3.8
16.0
34.2
37.7
15.8
42.4
7.8
43.3
8.9
26.3
18.4
52.4
4.5
36.7
23.5
84.3
17.6
25.6
54.6
45.0
87.1
22.6
8.0
50.6
50.0
5.4
8.7
9.8
39.6
21.6
62.7
32.3
42.0
6.5
52.5
25.6
33.2
10.8
22.9
35.9
31.0
63.8
12.5
20.4
21.8
59.7
50.1
50.1
10.3
33.7
9.0
45.7
43.0
12.4
6.5
17.0
42.4
17.4
31.7
22.7
35.7
32.6
65.1
12.0
26.3
46.2
85.2
83.1
42.0
33.4
4.0
27.6
36.3
37.4
21.5
35.5
27.6
6.2
19.1
65.4
5.0
17.4
49.3
16.5
44.6
55.1
11.2
19.0
20.8
17.6
61.7
8.0
45.8
10.9
65.9
19.0
19.4
19.4
37.8
16.0
37.9
13.6
24.2
2.4
81.1
52.5
42.0
6.3
9.3
44.3
19.2
19.9
71.3
23.7
36.9
23.5
59.0
18.4
52.3
32.6
32.2
21.0
50.3
15.8
49.0
10.7
12.6
42.7
1.8
36.1
86.4
15.0
24.3
35.5
55.5
24.9
13.4
38.0
29.1
22.5
34.9
31.5
88.8
3.9
19.6
29.9
26.8
10.2
18.1
33.9
24.6
62.5
52.6
12.8
56.4
14.3
48.8
21.9
4.2
22.3
43.5
45.3
53.0
29.7
80.0
1.7
17.3
30.6
84.4
6.2
23.5
15.0
27.8
24.0
41.4
40.2
20.2
54.4
60.2
32.8
50.6
30.6
10.6
30.2
8.7
76.1
1.9
8.7
31.6
16.1
12.2
34.8
14.3
69.8
49.8
23.9
90.9
9.8
25.1
21.8
61.3
40.1
37.4
20.3
56.7
4.6
9.4
37.9
56.0
12.8
17.0
17.0
110.0
31.6
32.4
39.1
53.2
32.4
60.1
6.3
4.2
11.9
27.6
2.7
33.4
9.9
3.8
2.6
35.1
6.0
200.8
0.9
19.2
42.4
73.2
48.1
4.4
20.2
58.7
18.0
45.0
7.7
90.5
33.3
105.3
31.0
55.8
27.8
80.0
16.3
27.4
27.3
60.9
29.5
21.9
9.9
27.7
49.6
86.2
37.6
10.1
26.0
15.9
40.8
6.0
40.6
7.2
13.3
47.9
50.0
23.3
20.0
43.4
13.6
42.8
35.9
71.9
29.9
6.2
44.0
52.8
17.7
26.7
56.2
29.9
15.8
93.3
39.3
62.2
31.1
16.1
29.2
52.8
38.1
15.5
28.0
66.5
29.4
23.3
2.4
19.5
24.2
29.4
52.7
18.4
4.1
7.3
17.5
51.2
31.1
53.1
9.4
28.7
29.0
23.9
48.5
5.0
47.5
65.0
6.8
37.1
47.1
51.2
22.9
32.8
146.8
91.9
35.2
27.0
31.8
42.4
43.4
31.9
80.2
6.8
118.4
35.3
26.7
29.1
44.5
1.7
23.7
67.5
29.1
24.5
24.4
27.5
10.7
27.0
8.5
68.1
29.2
29.5
38.7
4.8
41.3
22.0
73.6
21.5
38.2
5.3
34.2
42.2
57.5
9.1
107.8
30.3
13.1
19.9
33.3
32.1
20.4
53.4
45.1
52.6
24.6
34.1
34.0
25.9
37.0
20.7
13.9
10.8
11.2
61.8
6.3
6.6
14.3
13.3
47.1
14.0
18.5
34.8
50.7
19.1
11.5
25.0
7.8
35.1
18.9
41.2
6.1
78.1
20.0
20.1
82.4
26.3
36.4
25.0
33.2
105.6
54.5
21.2
34.6
39.2
11.7
5.6
30.0
12.4
39.2
61.6
79.8
24.4
41.8
21.6
40.5
4.4
10.4
70.3
13.6
43.8
19.4
34.0
41.0
6.2
54.4
15.8
44.9
38.2
6.8
28.5
30.2
10.7
65.2
5.8
4.2
42.7
29.7
21.6
36.2
5.0
49.0
41.6
26.0
40.1
79.3
62.7
9.6
63.3
21.2
22.4
6.7
46.6
12.6
30.3
41.9
14.2
7.4
33.0
19.8
55.3
36.8
26.7
42.0
23.8
32.9
87.4
5.0
6.7
30.2
58.7
87.1
23.9
169.3
25.0
10.8
30.9
48.0
20.0
19.0
43.8
10.2
10.2
20.9
11.4
60.4
5.6
41.3
12.7
8.6
29.9
56.3
75.4
1.6
74.9
29.0
29.4
6.1
14.6
25.1
29.5
120.4
29.8
87.5
53.8
36.1
23.6
15.8
36.0
2.2
78.0
45.1
24.6
35.9
46.5
17.1
28.7
7.4
51.9
34.2
26.0
58.3
26.5
29.1
20.2
12.5
58.4
37.7
18.2
37.9
7.0
5.6
39.1
62.4
2.6
6.0
14.3
20.4
21.0
20.2
31.2
63.9
34.0
32.2
6.4
12.3
62.3
8.2
51.6
40.8
11.3
24.3
18.4
4.5
54.7
37.4
3.0
68.8
94.4
14.6
30.4
41.3
29.1
46.9
24.2
17.0
66.5
20.5
31.7
6.4
40.3
14.9
34.6
19.5
52.3
20.8
39.8
45.1
8.1
71.0
24.3
45.7
20.4
17.4
27.5
29.6
40.9
26.5
32.6
16.8
65.9
43.5
67.2
11.7
32.5
86.9
22.3
4.7
43.4
37.0
11.6
25.6
58.3
7.5
39.9
60.2
27.4
5.4
27.0
26.5
32.4
21.8
20.7
37.1
42.5
13.9
49.8
13.0
11.6
67.9
18.7
66.8
19.3
17.0
48.4
7.9
29.7
6.7
51.9
19.0
52.6
32.2
35.8
41.2
23.4
43.3
30.8
53.3
28.6
103.2
19.2
48.4
25.7
20.3
27.1
24.8
71.9
21.7
53.2
20.2
49.1
16.5
5.2
33.7
21.8
48.7
28.1
17.7
46.3
78.4
37.8
23.6
9.8
26.7
125.0
22.3
10.2
36.7
30.3
32.9
25.7
8.0
1.9
47.9
9.3
77.6
15.6
30.8
40.5
42.3
23.6
10.4
14.9
28.9
27.2
14.2
12.8
93.6
13.8
40.8
29.3
19.9
28.0
11.7
50.1
53.8
18.6
6.2
17.5
72.8
7.6
21.0
32.9
37.3
19.4
21.1
26.0
8.1
26.2
18.7
28.0
18.5
53.2
26.7
78.0
9.3
8.7
30.8
33.4
59.9
17.2
70.3
19.1
37.7
10.8
41.2
47.4
75.9
7.5
66.4
22.5
45.4
26.2
7.7
10.5
49.2
155.9
18.6
3.3
68.1
29.9
47.5
11.7
55.4
3.2
44.3
27.6
69.4
42.3
9.0
32.2
12.9
25.0
10.0
69.0
12.3
31.4
11.2
83.5
17.2
55.8
9.2
36.9
28.0
64.8
8.0
42.3
3.9
47.8
22.5
11.7
52.5
96.3
8.4
15.2
5.4
41.9
20.6
31.7
18.4
33.5
8.5
35.8
48.0
26.0
48.7
33.6
54.1
11.8
90.1
11.2
29.0
21.9
10.1
125.7
44.3
8.8
77.9
23.1
17.3
23.3
30.3
54.6
21.1
12.4
2.8
13.4
15.4
92.8
58.7
68.4
70.6
32.6
29.5
56.9
33.5
19.0
47.5
13.3
48.2
24.6
65.8
21.2
19.7
31.7
45.5
42.5
46.0
20.5
10.0
20.0
51.7
26.4
28.3
25.8
7.6
10.3
71.8
43.8
42.7
31.4
30.3
4.5
58.8
22.8
44.4
7.3
59.3
6.2
28.5
32.6
22.5
38.0
14.4
33.3
28.4
38.3
11.9
44.9
27.6
50.1
45.5
7.6
39.7
11.4
36.5
23.7
28.9
47.5
211.0
57.2
25.5
27.4
48.7
9.8
71.1
13.3
50.5
36.5
4.6
27.7
22.4
45.7
24.4
26.0
18.0
26.7
31.6
24.0
61.9
4.6
57.8
4.4
20.5
41.6
11.8
34.1
44.9
54.0
36.1
9.9
36.3
24.2
15.4
50.5
57.4
19.8
12.8
60.2
23.0
29.5
52.0
61.3
24.4
40.0
12.3
20.0
37.3
6.8
21.5
44.1
56.4
27.3
8.4
1.6
54.8
64.4
32.0
4.6
25.6
10.8
42.5
60.5
7.3
91.2
13.7
44.1
53.4
99.0
35.1
26.2
11.4
16.1
23.9
87.8
3.4
48.3
29.2
18.7
29.5
3.6
46.6
35.9
8.0
133.8
25.3
34.0
31.3
78.7
53.8
12.5
44.6
22.9
37.2
29.1
40.7
8.0
45.6
26.4
73.1
36.4
24.2
51.7
46.3
11.4
22.8
6.6
29.0
29.5
19.3
41.4
20.8
5.2
1.1
23.6
14.4
18.6
35.2
32.1
59.4
5.2
6.3
79.5
9.7
28.2
31.0
139.0
25.3
21.4
46.5
31.5
50.8
8.8
17.3
46.0
37.5
24.0
23.9
41.9
6.5
42.7
30.5
3.0
11.2
18.6
16.7
23.7
85.2
53.2
34.7
35.5
57.9
9.8
19.5
24.8
19.1
27.6
11.7
17.7
37.7
57.6
95.7
15.1
65.8
21.3
48.2
42.4
10.0
50.2
24.8
23.8
55.9
5.7
31.0
18.7
58.6
14.2
10.5
6.0
18.8
17.9
33.0
21.5
41.4
26.8
67.6
68.2
12.4
31.5
18.8
47.4
5.4
24.4
48.0
32.2
6.9
25.2
18.8
42.4
6.6
13.8
59.9
20.8
15.6
13.3
48.8
19.0
25.1
24.0
10.7
16.1
45.2
7.3
39.4
16.1
74.6
24.1
58.1
21.9
7.6
5.4
10.4
36.3
51.2
25.2
43.1
8.4
40.6
24.8
44.2
17.9
2.4
34.3
13.9
47.6
6.7
29.5
29.1
96.0
11.1
19.3
25.1
15.8
77.2
10.4
38.8
34.2
45.3
5.7
22.5
13.1
1.6
47.5
31.2
31.7
47.1
11.3
55.8
20.1
16.3
39.9
53.7
26.2
19.3
62.4
20.3
16.2
17.4
34.6
37.2
27.9
58.1
46.6
10.7
17.4
7.2
75.6
31.4
40.8
46.6
29.1
32.0
60.4
14.4
51.9
38.0
11.5
52.3
30.2
19.3
17.9
26.1
10.1
67.3
40.6
83.9
3.1
9.8
39.3
126.9
7.4
37.4
60.9
19.8
23.2
17.2
40.8
54.3
9.0
37.3
42.1
57.0
49.0
25.0
14.4
52.6
7.8
37.3
25.1
17.5
55.1
50.6
16.0
68.1
38.7
77.5
22.9
66.8
6.1
57.9
33.2
20.4
35.4
21.1
18.9
39.3
12.4
43.5
84.7
12.1
29.0
5.2
59.2
16.4
44.9
17.8
38.9
16.1
30.8
9.4
27.4
94.9
37.4
46.1
22.9
61.8
12.3
14.0
16.1
16.9
62.3
32.5
56.2
40.2
50.7
6.5
19.2
10.1
15.0
45.7
29.7
38.9
16.3
12.1
28.6
58.1
45.2
24.3
25.8
68.3
15.6
111.1
24.4
19.1
34.2
36.5
16.4
31.6
10.9
88.7
26.8
32.6
21.1
55.5
28.4
23.9
37.0
18.3
44.2
15.3
65.0
141.4
13.3
18.1
43.9
6.5
53.8
10.7
41.3
15.3
7.5
33.8
36.0
25.2
6.8
8.5
22.1
193.5
90.5
27.5
5.2
62.8
33.1
42.7
35.5
47.8
35.4
26.8
33.5
46.4
21.1
29.7
10.4
55.5
9.9
54.2
25.4
43.6
21.0
41.9
18.0
56.2
35.2
72.7
35.4
21.0
71.1
16.9
11.9
4.2
31.8
16.7
53.1
30.7
49.2
17.4
46.2
63.1
35.3
28.9
30.0
53.8
23.4
10.6
28.9
71.9
27.6
50.4
8.1
77.7
20.8
31.6
11.2
35.8
26.1
10.3
63.4
7.2
33.6
31.3
81.2
16.2
19.9
96.0
18.5
19.1
47.4
10.2
24.5
48.3
7.3
15.6
45.2
17.9
17.1
46.1
18.0
69.7
9.9
84.3
33.2
39.2
14.8
25.3
23.0
20.4
131.4
11.0
53.0
42.3
14.5
20.0
28.5
45.2
40.5
26.9
60.5
43.2
44.5
42.0
53.7
37.8
16.1
14.8
33.7
8.0
41.3
28.2
45.0
30.8
53.7
8.8
71.9
29.5
43.6
25.0
66.7
14.9
47.3
9.0
36.6
45.9
33.0
13.3
23.6
40.9
53.2
18.9
11.1
57.7
61.6
8.3
40.7
16.6
73.1
8.8
54.5
25.3
50.4
6.7
48.0
9.4
50.1
22.7
36.7
25.8
28.5
51.4
5.1
22.6
5.6
3.9
23.6
7.2
93.0
10.1
54.3
39.0
5.5
55.7
32.4
90.8
25.1
51.0
4.3
13.1
123.3
31.9
30.2
25.9
14.3
76.9
37.7
52.8
8.8
20.3
24.6
32.4
77.2
23.2
38.7
18.9
38.0
51.0
41.6
52.0
15.0
74.6
48.1
17.5
22.4
21.5
13.3
32.7
23.3
18.3
10.1
67.7
15.9
60.1
29.0
41.9
28.7
11.0
12.5
15.4
30.0
25.0
25.7
35.1
11.3
24.2
6.4
50.0
23.8
20.2
75.7
7.8
55.7
21.6
48.1
22.7
13.4
39.3
17.3
29.8
21.8
25.6
13.6
19.0
41.8
3.1
34.9
38.1
100.5
26.1
1.4
44.8
102.6
40.3
39.4
29.6
34.8
45.1
53.3
44.9
10.5
47.6
70.4
18.1
32.0
29.4
78.0
8.1
43.2
37.7
27.3
33.9
10.4
44.6
26.7
13.6
28.3
7.8
44.0
9.2
41.4
36.2
29.3
12.0
47.0
5.0
5.5
25.8
37.6
6.6
13.2
99.3
7.5
17.7
34.1
66.1
23.6
8.9
77.2
37.8
53.7
6.3
13.8
35.8
50.8
13.1
36.7
24.9
39.8
20.5
10.3
30.4
44.2
30.0
44.9
32.2
101.9
26.2
56.1
25.6
28.7
40.9
28.7
75.1
4.1
32.2
62.5
28.1
13.4
79.6
39.9
38.4
58.4
16.8
18.5
60.0
39.5
32.7
57.1
16.4
32.2
41.8
18.5
14.6
13.5
39.6
34.9
20.6
10.4
31.1
31.4
59.5
40.9
49.7
68.5
37.5
42.3
16.8
39.9
18.9
12.4
17.4
17.3
38.8
32.3
36.7
23.0
20.5
52.4
1.6
34.7
45.6
23.9
47.8
9.9
76.0
29.0
44.1
17.0
15.6
57.5
94.6
41.3
19.5
79.6
45.3
27.9
56.4
14.8
17.0
27.7
28.1
41.8
27.3
10.5
17.6
15.1
7.8
17.0
18.2
65.7
41.0
29.0
15.0
42.5
73.6
36.4
3.1
26.8
37.9
1.0
68.6
13.3
2.2
12.3
12.2
4.6
61.7
2.7
14.5
14.3
24.3
30.3
21.3
31.4
15.9
9.1
28.0
39.9
24.7
10.9
31.4
8.6
68.5
14.7
51.6
6.9
45.5
13.2
18.7
47.2
23.2
4.3
8.8
78.4
4.1
31.7
18.4
4.3
39.5
7.6
52.6
20.5
31.3
41.3
21.6
8.1
32.1
30.8
45.3
57.2
6.6
65.5
20.0
20.1
26.4
47.2
15.4
21.7
19.6
17.6
84.9
44.7
6.9
72.6
23.9
37.6
54.9
28.0
21.7
77.6
37.6
5.4
39.5
19.2
19.5
50.6
5.1
29.0
26.4
7.2
56.4
6.0
74.1
39.1
5.6
16.8
12.6
11.6
20.4
22.1
17.2
15.3
21.3
15.1
17.4
98.2
17.9
86.3
29.7
36.7
43.7
21.1
4.9
31.5
15.6
32.8
48.2
6.5
102.2
10.4
9.9
21.1
18.5
66.5
46.7
39.0
7.4
33.7
13.6
16.3
49.4
30.7
42.7
26.0
73.4
19.6
36.1
29.4
21.3
28.8
31.3
18.0
35.3
51.7
6.6
54.8
6.5
45.4
24.3
62.5
21.9
32.8
23.3
52.1
20.3
9.9
46.8
20.7
27.6
34.1
16.9
80.2
3.3
45.6
27.7
30.4
38.8
11.1
11.1
18.5
75.4
11.7
45.1
96.0
96.5
15.3
27.6
3.0
66.2
27.2
15.1
50.6
31.6
68.7
39.4
73.0
1.4
16.2
30.2
76.1
27.1
24.8
20.6
31.0
19.3
45.8
52.1
19.0
14.8
17.0
31.5
26.1
43.3
32.6
7.3
25.0
32.8
1.3
62.9
7.7
28.2
67.7
14.0
65.2
10.1
32.1
16.3
55.8
38.7
43.5
3.0
24.0
4.4
25.2
26.6
9.0
4.4
43.0
46.0
53.8
33.5
94.4
4.3
22.9
30.0
57.1
26.4
44.1
86.3
13.2
4.8
13.9
34.7
2.6
27.4
9.9
7.1
3.9
45.5
6.8
7.1
0.9
20.2
44.5
9.1
15.8
75.2
7.5
53.7
18.7
32.6
60.7
14.5
31.6
30.3
43.5
48.9
1.2
148.4
10.3
39.1
25.9
46.9
26.9
16.9
18.2
13.6
42.5
64.1
32.8
57.0
49.3
39.3
6.4
33.3
57.7
19.6
45.5
9.1
20.3
40.4
41.4
57.7
23.0
3.3
41.9
46.5
22.7
19.6
20.2
13.9
23.3
22.3
76.2
47.7
20.2
20.9
77.9
55.1
22.7
19.2
40.9
13.8
35.4
60.0
2.0
117.9
49.8
18.9
23.4
65.0
23.4
7.0
20.4
45.5
21.8
22.3
19.5
51.2
10.6
45.7
13.0
35.8
27.3
24.9
27.5
41.1
43.7
2.7
70.1
53.0
22.5
12.1
20.1
143.2
80.7
6.0
35.5
35.3
51.3
43.9
34.2
29.6
109.4
14.2
9.5
40.4
30.2
30.8
66.6
3.1
57.4
44.9
52.8
15.9
19.9
26.4
27.7
19.8
40.2
60.0
26.3
2.7
34.4
11.2
49.2
18.6
53.3
9.2
33.9
34.3
61.6
7.3
23.2
84.9
32.7
44.7
163.1
21.2
7.6
57.3
18.8
57.7
19.3
61.8
117.4
25.5
15.9
37.4
35.8
23.4
47.6
21.3
15.6
21.2
5.7
25.6
64.5
6.5
6.5
40.3
41.9
42.2
30.8
12.2
42.6
8.7
13.0
55.6
10.5
60.5
35.1
17.6
9.3
22.6
9.4
25.6
62.5
32.5
31.7
41.7
34.3
23.1
59.8
4.0
64.2
15.4
40.5
27.5
7.0
105.5
93.9
72.8
55.9
23.9
11.1
22.6
32.3
6.7
5.3
55.6
6.3
28.8
38.5
29.4
27.9
7.3
50.2
19.6
47.4
41.3
5.2
24.0
22.7
5.6
61.7
7.8
3.8
39.4
21.5
51.9
15.8
53.5
26.4
60.2
23.8
30.2
58.8
10.7
34.9
44.4
14.9
56.2
28.9
11.2
62.2
37.4
13.8
38.9
35.5
13.8
29.0
24.0
22.2
8.8
10.0
25.8
43.2
49.2
1.7
70.4
11.3
29.9
31.9
27.0
101.2
7.6
17.5
51.3
16.5
2.8
33.2
58.1
23.7
7.4
1.5
14.5
46.5
17.9
11.5
15.4
12.5
67.7
7.5
35.0
19.1
27.2
33.1
1.1
82.9
54.3
17.3
22.6
10.2
45.8
123.8
30.9
21.7
15.3
28.8
30.4
5.6
23.3
58.9
1.5
51.9
7.4
39.6
16.8
27.9
57.3
14.8
26.3
15.0
13.6
40.1
6.7
83.8
22.0
65.3
33.1
65.9
26.0
58.5
8.9
57.1
3.0
7.2
49.3
73.0
2.6
9.5
14.7
28.6
26.5
18.4
48.0
29.4
27.4
67.5
36.8
44.2
22.0
49.6
51.6
9.2
37.5
3.9
35.2
27.6
34.4
34.2
3.2
22.1
11.0
12.9
87.0
22.9
10.8
13.5
37.6
45.9
29.0
65.4
10.9
27.0
5.1
69.2
30.6
36.8
16.1
27.2
21.3
85.4
8.5
65.8
14.4
11.4
32.4
43.8
33.0
26.0
42.1
34.1
33.2
37.0
53.5
33.9
61.8
21.7
72.5
17.1
4.5
15.8
31.5
3.0
8.1
58.4
23.2
32.5
23.1
23.1
50.3
15.3
38.8
25.7
30.2
36.4
6.6
19.5
58.7
7.0
79.9
2.5
43.4
24.2
112.1
45.1
28.0
93.2
27.4
20.7
30.3
18.3
34.6
15.1
5.6
16.3
40.5
19.3
104.9
23.8
47.3
48.1
23.3
39.9
6.9
40.5
8.7
34.1
23.0
79.5
19.8
44.5
11.6
10.0
20.4
29.0
60.6
28.3
41.0
12.6
50.8
15.3
6.6
18.5
27.6
28.8
28.7
32.7
6.3
56.8
63.8
15.1
81.4
4.5
27.9
10.3
23.5
27.3
29.2
25.4
9.6
32.1
3.6
13.2
61.7
5.8
95.8
28.3
12.9
16.9
24.7
23.8
9.2
40.5
55.5
18.3
76.1
9.2
27.3
45.6
8.6
25.2
50.2
21.4
22.2
11.3
15.7
60.9
25.4
6.9
12.7
87.3
23.5
15.6
31.0
28.0
36.8
17.9
24.6
30.5
11.8
32.6
6.0
32.5
26.0
28.3
15.4
44.4
24.2
19.1
17.2
28.0
19.3
20.2
79.9
21.1
96.3
35.9
54.6
3.7
46.5
11.5
16.8
31.8
21.9
64.4
62.4
1.5
123.1
48.4
0.9
40.8
21.8
35.0
11.1
6.6
18.7
53.2
44.4
44.6
4.4
1.2
44.0
6.9
38.1
11.9
45.3
10.5
33.0
23.3
84.3
10.4
47.8
9.0
36.5
39.6
28.8
22.8
45.9
37.9
35.0
3.7
88.5
11.3
23.9
21.2
39.6
18.0
29.3
10.7
11.7
29.9
11.7
31.5
99.9
28.4
47.5
22.7
35.6
14.2
12.5
46.0
6.2
14.5
24.6
54.4
15.9
53.0
30.8
17.7
30.7
26.2
23.0
26.8
33.0
11.0
3.1
18.4
44.4
77.3
12.2
52.4
60.2
90.5
32.0
55.1
11.0
64.0
11.2
12.7
28.3
36.0
31.4
25.9
47.3
22.9
28.3
25.7
42.4
54.4
17.7
58.5
24.0
47.3
14.3
23.1
5.5
23.7
35.7
16.1
29.1
32.6
47.9
78.9
19.2
50.1
4.2
45.3
15.1
58.9
26.6
18.8
30.5
16.8
16.2
20.8
44.5
29.7
16.1
55.1
28.2
45.7
34.0
5.4
55.5
10.9
53.2
27.2
49.9
7.8
44.2
215.0
57.2
20.9
5.9
5.2
36.2
29.8
31.8
55.5
15.4
58.0
27.9
5.4
23.1
30.6
53.4
71.5
14.2
26.2
24.4
36.0
20.8
23.5
12.5
61.2
15.7
70.8
16.6
3.4
17.8
11.2
21.5
44.6
48.3
37.1
65.3
11.9
91.3
18.5
10.1
32.1
21.6
51.4
9.8
54.6
44.6
39.5
21.6
44.9
66.5
19.8
16.8
20.4
33.8
10.1
22.1
38.5
48.1
21.1
6.6
44.5
40.4
69.3
9.2
10.2
54.5
24.4
22.9
22.2
59.5
25.3
18.5
37.7
74.5
24.3
135.9
35.5
45.9
6.9
48.1
8.8
50.7
12.2
65.2
21.9
85.1
10.5
62.5
50.8
122.4
37.3
83.1
146.9
14.5
34.3
30.8
44.3
29.9
22.2
21.7
25.6
15.8
44.8
4.3
37.7
9.1
23.9
57.6
34.7
27.8
37.5
7.3
18.3
39.0
21.0
6.2
1.6
14.5
58.2
10.0
59.5
3.4
3.8
10.4
52.3
81.5
31.0
11.5
19.4
23.9
5.9
18.1
31.8
15.7
70.5
11.6
54.4
62.6
25.8
26.4
42.9
23.6
13.0
3.6
43.8
17.0
21.4
33.2
51.8
26.0
94.5
17.3
5.4
71.9
18.7
46.9
18.7
14.7
12.4
31.4
50.9
102.3
16.5
56.8
27.7
28.6
34.9
17.5
33.1
51.1
28.1
30.2
73.7
34.4
20.4
58.6
16.7
12.5
20.5
85.6
6.3
60.6
13.4
63.6
20.6
8.3
33.0
27.7
11.5
45.2
26.7
28.8
67.8
11.9
31.9
67.4
2.8
43.6
20.2
23.7
53.2
8.1
32.3
72.8
40.3
97.0
7.5
27.0
33.1
45.5
17.8
28.7
5.0
8.9
40.4
14.2
40.2
20.7
50.4
30.0
8.2
4.2
11.2
30.7
43.4
29.0
32.1
11.7
92.8
105.7
39.2
51.0
104.9
5.8
7.3
26.6
5.1
41.4
15.2
38.9
30.1
7.4
22.0
16.8
10.7
13.8
70.6
13.9
51.6
97.8
49.4
40.2
4.1
34.3
40.2
23.3
68.8
66.3
25.5
13.4
50.8
28.2
34.1
44.8
17.4
10.8
84.8
16.9
41.8
18.9
9.6
27.0
19.8
46.1
34.7
38.0
24.5
19.7
62.7
12.0
48.7
37.6
15.0
36.4
10.3
99.8
11.1
40.3
28.7
18.1
29.1
16.4
11.9
33.6
21.2
88.2
66.8
26.9
21.1
17.3
45.3
26.9
8.9
34.6
32.7
5.3
13.9
51.5
17.1
41.6
30.7
54.5
44.1
5.9
101.4
12.6
54.6
12.0
43.8
4.7
35.2
15.8
61.1
28.1
53.1
2.3
40.5
34.6
16.0
47.8
38.4
3.4
77.5
20.2
27.2
27.5
22.2
32.6
130.3
20.4
32.4
49.2
14.9
68.3
7.1
24.5
5.9
87.3
3.9
48.7
31.6
25.0
38.5
11.6
11.5
33.7
29.4
59.8
25.8
19.3
92.9
10.5
52.1
95.0
73.6
33.7
23.5
14.6
27.5
38.6
26.0
40.6
53.3
49.7
40.7
63.6
14.1
67.4
8.4
22.6
15.6
7.1
40.9
22.5
35.3
47.0
20.7
18.5
29.1
70.5
58.7
25.9
26.0
10.1
12.7
116.1
54.0
23.3
14.6
27.6
24.1
81.0
33.1
15.0
50.1
62.2
9.3
57.5
66.8
35.5
42.7
32.3
23.5
19.5
61.7
36.5
3.7
47.6
25.9
46.5
22.3
23.3
30.9
4.1
7.5
24.2
23.1
52.4
81.3
14.8
11.7
79.1
38.8
37.1
31.0
43.0
34.2
47.3
27.3
27.7
52.1
25.5
33.8
15.6
52.8
15.3
18.0
28.5
18.5
33.3
24.7
36.0
27.2
41.7
20.8
68.1
39.2
14.6
41.8
20.8
34.4
22.2
13.4
37.8
33.5
18.8
10.7
57.0
15.9
72.0
40.5
10.3
56.9
25.8
58.7
5.9
33.2
26.3
56.2
33.1
28.2
24.6
13.3
12.8
35.3
65.3
14.3
65.2
6.8
28.9
41.2
12.8
24.3
107.6
23.9
39.5
9.1
24.1
21.7
54.3
14.7
79.4
24.5
57.7
39.2
18.7
27.9
27.8
82.3
46.7
12.4
26.3
17.5
50.0
20.8
66.4
49.7
9.6
22.7
46.4
56.9
31.1
15.4
52.5
14.7
34.2
12.7
10.3
28.2
16.6
29.9
29.5
48.3
5.3
28.4
55.0
53.7
36.2
55.5
8.6
30.4
63.4
12.9
8.5
11.0
33.4
35.1
40.8
13.9
14.9
36.3
29.6
35.3
18.8
2.3
85.4
33.8
28.8
32.6
55.8
9.8
9.3
52.1
30.0
26.5
2.8
36.8
84.7
81.2
22.2
34.5
10.7
8.2
25.1
54.2
31.7
17.1
41.9
3.2
10.1
16.5
57.3
5.6
21.7
58.3
11.2
47.1
68.9
29.5
19.3
14.6
104.1
11.2
17.6
127.0
34.0
51.4
23.2
17.7
56.2
55.5
12.1
84.8
25.2
7.0
25.1
81.7
9.0
46.7
21.5
23.4
33.8
34.1
31.9
17.6
21.8
29.7
56.5
13.6
7.4
29.8
56.9
32.9
33.3
32.4
14.7
31.7
10.5
41.1
22.9
36.8
31.8
62.9
5.4
32.1
31.5
10.8
27.1
28.8
39.8
49.4
6.2
46.3
29.4
66.6
10.6
23.7
18.0
33.7
4.7
21.6
39.6
48.0
27.0
22.0
16.3
36.0
9.6
46.0
46.2
43.2
94.4
29.9
0.9
16.1
52.3
10.0
38.8
6.4
55.0
44.6
28.3
47.8
54.2
18.4
25.5
18.8
92.9
7.5
23.4
23.0
112.2
10.9
64.6
27.5
69.8
30.7
6.6
16.8
36.8
83.8
10.8
38.0
28.8
19.0
12.6
53.1
10.9
24.5
89.5
24.5
8.2
31.3
15.7
15.0
39.6
67.5
9.0
3.9
37.1
46.8
5.4
17.8
40.7
41.2
8.0
25.4
53.5
15.0
59.6
29.4
7.9
13.2
44.7
29.8
12.4
25.8
22.8
36.3
34.6
7.2
50.0
92.8
27.2
19.6
6.7
55.5
61.3
47.0
62.9
10.3
28.5
32.4
127.4
33.5
22.9
19.0
11.7
34.6
17.3
40.9
52.0
35.3
4.1
9.7
31.2
36.8
27.8
69.9
46.8
37.7
56.8
35.3
33.9
18.9
44.2
25.7
37.2
12.9
43.3
19.8
35.8
45.2
46.1
18.7
35.9
12.0
18.3
27.4
52.0
50.2
39.0
6.5
40.5
21.3
41.1
45.1
12.4
25.2
18.6
84.8
55.2
21.2
68.6
9.4
17.8
11.9
44.1
23.1
35.7
19.2
10.8
61.6
62.0
16.9
26.3
58.9
36.5
35.4
55.8
33.8
31.3
21.5
1.7
11.8
62.7
2.3
13.8
16.2
5.1
39.5
23.4
10.4
14.7
56.8
27.8
69.1
8.4
23.2
27.9
23.0
30.4
7.7
26.1
17.2
20.3
14.1
29.8
12.5
32.8
24.4
45.8
42.4
36.1
62.1
6.4
20.7
36.1
6.4
9.1
55.6
7.1
27.0
20.2
38.3
37.3
44.1
32.9
36.1
47.9
36.4
37.1
9.3
27.9
35.4
46.3
50.2
5.0
56.0
15.4
18.4
35.6
54.7
15.7
21.8
17.6
16.8
30.7
54.9
86.3
3.5
32.9
40.3
23.0
23.8
49.3
5.6
51.0
30.8
42.1
40.8
12.1
23.7
21.4
61.5
6.2
19.5
5.0
61.7
10.6
146.1
27.5
7.6
55.0
21.9
18.2
25.0
6.6
21.8
16.4
20.3
16.2
15.9
8.4
62.8
84.5
51.1
17.8
5.9
32.2
24.0
41.8
52.4
6.1
101.4
10.8
15.6
39.8
27.5
12.0
33.2
15.3
64.0
9.5
53.7
71.3
24.8
24.2
25.4
63.2
39.2
16.7
40.0
56.2
4.5
21.7
30.1
20.9
45.6
1.8
48.6
30.5
52.9
20.6
59.0
19.1
35.5
38.8
15.7
30.7
12.7
4.0
52.0
29.3
9.7
30.5
18.0
62.8
4.8
6.3
4.5
41.8
20.7
24.2
53.6
13.7
16.4
20.3
57.2
14.6
4.0
49.6
62.9
39.9
32.7
13.6
109.7
55.2
5.4
19.7
34.8
32.5
30.0
30.1
13.1
30.8
11.7
65.0
48.9
51.2
46.1
27.0
9.2
38.3
25.2
8.7
19.0
11.8
47.1
6.7
91.2
44.6
1.1
27.2
11.6
41.5
31.4
159.5
7.4
11.6
18.5
46.4
19.3
44.2
39.5
51.6
12.2
8.5
54.5
48.8
4.3
43.8
25.1
82.7
64.5
17.2
7.5
13.9
45.0
19.6
35.4
18.8
88.5
70.8
45.6
12.0
2.4
35.6
5.2
3.1
35.1
35.8
14.4
183.1
13.9
42.2
48.1
7.6
37.5
4.4
20.6
93.9
78.6
43.7
15.7
58.6
46.4
6.4
32.8
12.9
23.6
46.9
40.7
13.2
6.1
10.8
19.0
46.3
89.3
30.2
36.9
2.9
53.7
43.8
23.1
35.2
22.2
47.2
13.2
80.4
8.1
32.7
6.5
37.9
41.5
26.4
18.0
20.9
32.6
20.9
51.6
29.8
42.7
39.7
12.2
35.4
26.0
4.6
7.1
26.9
39.4
28.0
21.4
28.0
40.9
24.2
23.8
13.9
87.7
69.8
10.0
68.6
25.1
1.5
65.1
54.2
15.7
20.8
45.7
21.0
15.7
50.8
46.4
29.2
63.3
5.0
59.4
11.7
79.2
10.1
2.6
22.6
20.0
11.8
13.4
13.6
73.7
26.6
6.4
24.1
103.5
40.3
26.1
8.3
21.2
46.1
35.1
10.4
57.9
26.5
14.9
26.3
17.0
48.2
71.9
6.3
19.0
26.4
28.2
36.2
48.3
64.6
5.9
70.3
30.7
13.2
33.8
11.8
18.1
76.0
33.2
12.3
21.4
50.7
18.5
32.7
55.8
11.3
42.8
41.6
31.1
30.9
104.9
52.2
15.4
33.2
45.0
5.8
90.6
8.8
55.7
6.6
52.4
12.9
27.4
46.2
78.6
57.6
22.9
38.5
17.2
55.6
18.8
19.5
17.5
42.3
41.2
55.4
6.0
7.0
15.1
29.2
33.0
58.9
83.3
13.2
72.7
5.3
44.1
38.8
16.2
24.0
9.8
32.9
21.2
45.7
13.6
16.1
26.9
44.4
13.3
43.1
55.0
19.2
54.2
14.0
11.8
29.6
25.0
8.7
86.9
15.2
68.8
32.7
60.4
7.9
21.3
50.4
12.5
6.1
9.2
24.7
21.4
26.7
90.5
18.4
36.7
10.1
24.6
40.2
30.9
17.8
3.7
12.1
26.2
28.0
16.6
118.1
88.3
11.0
18.6
30.3
22.9
79.3
30.3
6.6
35.4
45.1
44.2
26.6
12.8
12.6
24.9
26.7
24.7
43.3
45.3
18.0
50.8
98.7
3.2
52.8
6.9
44.2
14.2
15.1
33.8
78.3
5.0
78.2
4.5
68.7
35.0
22.9
93.0
12.7
94.9
6.4
13.7
41.6
30.3
72.6
3.4
4.9
35.9
11.7
13.3
34.2
5.1
35.7
8.5
48.7
28.9
24.8
11.1
40.4
65.3
77.0
1.6
64.9
25.1
47.6
6.2
15.3
21.0
25.6
138.2
27.4
33.9
65.6
33.7
22.7
24.0
5.9
24.7
46.6
3.1
58.3
15.4
20.1
22.1
36.6
46.5
19.4
33.3
80.5
41.5
32.1
33.1
52.7
50.2
42.6
41.3
30.8
48.5
41.8
7.7
29.1
7.1
6.6
38.6
3.0
22.5
47.1
29.7
16.6
22.4
2.3
38.1
64.0
24.9
24.9
6.8
14.9
64.4
6.0
58.9
37.5
9.4
30.6
25.4
16.3
70.6
8.5
40.8
3.7
91.9
69.0
10.5
27.0
43.1
22.4
16.4
79.7
20.6
31.8
6.5
50.3
23.2
30.2
72.7
16.7
77.5
36.2
45.2
19.8
65.1
19.1
15.6
47.6
17.9
25.1
34.2
96.7
31.9
63.7
39.3
28.2
40.0
3.8
4.1
8.8
22.3
5.6
14.1
34.0
35.1
18.4
30.3
30.4
11.1
6.2
16.3
50.7
49.5
14.7
98.1
28.5
72.6
3.4
44.7
19.9
29.1
39.8
33.0
44.2
26.9
20.7
31.6
32.6
11.3
34.9
40.7
14.6
38.8
38.8
30.4
50.4
18.5
106.7
15.8
14.9
46.7
66.4
18.2
7.7
30.8
5.0
94.3
52.5
24.4
93.2
27.3
16.1
23.3
74.9
20.3
13.2
8.8
36.9
31.7
10.3
32.3
67.6
46.3
47.4
59.5
38.0
4.6
42.6
30.8
11.4
39.7
37.6
24.0
35.1
3.1
82.3
43.8
18.8
12.5
45.4
39.5
34.0
33.2
8.8
9.4
14.5
21.5
40.3
24.2
32.7
61.1
65.8
31.3
52.0
29.9
51.2
20.1
15.2
6.0
10.9
57.1
35.0
42.2
31.1
32.7
87.1
10.2
13.6
17.4
9.9
23.9
39.0
20.5
34.2
46.0
7.0
19.4
60.1
16.1
61.1
17.9
54.8
23.2
25.6
62.0
2.4
75.9
14.9
23.8
42.0
15.1
34.7
2.0
24.3
8.7
17.7
1.3
40.7
46.0
13.7
2.3
34.3
46.5
21.6
9.1
12.0
45.2
23.3
32.4
6.5
22.6
44.7
28.5
30.0
13.2
27.8
53.4
39.3
60.4
8.1
38.4
8.4
25.1
13.3
53.6
129.0
35.3
12.9
82.9
10.3
19.0
36.8
5.3
54.1
28.3
9.8
31.6
17.1
49.2
36.7
59.1
35.0
19.8
57.5
8.5
4.4
28.2
47.0
15.3
105.5
56.5
8.4
59.2
11.8
46.7
56.3
22.5
12.9
4.0
23.5
11.4
60.4
4.7
69.8
55.1
50.9
62.3
10.4
18.8
23.3
59.2
15.1
11.9
16.0
69.7
24.6
56.2
30.4
69.1
14.9
16.1
30.0
83.3
4.4
53.5
36.0
18.0
88.0
34.5
14.7
9.2
44.9
7.5
27.1
38.0
56.1
33.6
28.8
24.3
46.7
23.3
41.1
837.7
17.5
73.3
46.9
34.2
30.6
60.0
19.9
30.2
23.0
11.6
19.6
32.1
31.9
13.5
84.3
11.0
53.0
39.2
92.2
33.8
7.4
42.4
12.5
18.5
41.9
16.9
11.0
16.6
6.1
30.1
57.7
24.4
25.7
33.1
54.8
2.5
84.6
72.8
20.5
66.2
103.2
9.8
14.0
33.9
25.7
48.0
8.1
16.6
5.1
27.6
47.2
42.7
19.5
16.2
41.2
69.1
14.5
43.1
26.5
19.7
64.9
27.4
26.9
14.3
43.4
68.2
19.7
40.1
96.1
46.4
14.6
134.1
11.5
29.2
9.9
28.4
31.7
21.4
29.6
5.4
43.0
42.3
23.2
31.3
17.2
22.3
34.3
43.2
13.1
14.1
50.9
14.0
56.8
41.1
48.4
30.4
87.9
23.8
24.3
7.1
40.7
15.2
32.7
29.3
16.9
39.4
10.3
25.4
86.0
15.0
58.8
11.7
26.3
26.7
84.3
34.6
17.9
104.1
15.3
57.1
51.0
19.9
29.2
21.1
32.8
39.6
36.1
6.0
75.0
6.6
32.3
34.1
75.7
43.2
13.8
21.9
74.2
13.2
51.4
8.0
27.8
25.7
22.0
7.7
20.9
39.8
78.1
44.0
17.1
27.5
126.9
6.3
17.1
87.8
13.2
21.3
27.7
89.6
51.4
16.5
24.9
40.8
16.5
34.7
5.7
3.8
12.0
22.7
23.9
78.9
40.3
46.5
36.5
23.2
12.8
21.2
32.0
55.6
6.0
8.8
28.1
53.3
59.1
54.4
3.7
69.4
34.4
33.8
33.5
61.9
36.6
46.3
65.3
75.3
34.0
25.9
11.5
64.9
37.2
17.3
37.8
40.7
14.7
32.7
19.4
36.8
62.2
18.3
40.7
46.8
18.5
48.6
35.2
22.4
9.7
26.8
49.5
9.5
65.5
13.5
25.7
18.4
3.4
72.1
46.4
33.6
47.4
10.4
15.5
52.2
32.7
15.7
15.3
30.2
5.5
21.5
59.0
56.3
19.9
40.7
6.2
14.7
31.3
17.9
46.2
51.4
12.9
19.9
38.2
21.4
14.7
9.5
3.8
14.8
57.3
17.4
57.2
68.5
9.1
29.5
21.1
9.0
21.1
18.2
52.8
56.8
6.2
80.2
5.9
46.4
18.5
82.9
32.8
18.5
31.3
25.0
61.4
42.5
53.2
50.2
16.5
55.3
41.9
15.0
44.0
2.8
53.0
23.7
13.3
54.1
34.0
17.1
62.7
21.5
60.2
10.2
58.7
35.4
21.3
23.0
45.3
5.2
44.9
8.4
50.7
12.8
40.1
12.6
21.2
32.6
18.3
66.9
27.7
11.1
17.1
47.4
16.7
17.9
21.6
68.0
42.7
2.1
11.5
111.2
38.5
50.5
9.1
51.9
36.2
30.6
22.3
15.6
35.3
39.5
28.8
20.6
18.8
18.7
29.0
36.2
58.3
58.0
68.5
15.4
57.2
14.9
15.5
16.0
28.9
24.5
20.1
21.6
57.7
18.5
32.5
70.9
17.0
56.8
11.7
102.7
49.8
36.9
29.9
13.0
54.1
1.9
20.0
64.1
9.7
50.4
32.7
95.7
22.6
38.0
5.3
101.5
30.2
38.7
30.1
14.4
49.8
12.0
5.2
41.3
23.0
25.8
54.1
8.1
28.9
27.1
14.4
24.4
25.3
47.5
43.9
32.5
59.1
32.6
6.5
52.3
24.6
23.6
48.5
31.8
28.2
24.8
12.2
76.7
49.7
22.1
55.8
14.4
25.6
60.7
7.3
8.6
40.9
39.1
44.4
39.1
6.0
117.0
27.5
19.7
19.0
74.2
20.4
23.8
23.2
19.6
66.3
10.6
57.9
84.6
36.2
30.2
69.2
15.5
173.1
20.4
37.3
49.8
8.6
9.3
38.6
43.6
52.2
4.3
17.7
22.7
18.3
32.2
14.3
110.5
31.9
18.9
68.8
20.7
38.9
29.5
30.0
77.2
15.5
15.8
27.5
29.1
41.0
4.7
4.1
30.4
43.4
35.6
18.1
46.0
65.1
48.5
41.6
62.4
10.3
19.5
29.3
75.9
20.8
20.3
12.4
39.6
7.3
75.2
42.3
53.7
21.7
13.1
40.7
1.6
57.2
6.5
97.8
2.0
34.9
39.9
8.5
13.4
21.5
38.4
22.7
86.5
9.4
32.1
9.4
69.6
15.7
28.1
33.6
9.7
53.3
9.2
80.6
100.6
8.2
19.5
10.1
44.4
32.4
28.5
38.2
16.2
30.8
45.0
7.5
18.2
50.6
20.6
23.0
52.1
12.7
62.7
4.0
46.2
40.8
32.4
16.6
24.9
25.0
33.8
9.6
11.6
35.6
16.7
18.1
25.2
42.2
35.3
28.4
40.8
24.2
29.1
15.3
11.5
36.3
25.0
33.6
16.1
25.9
67.1
87.9
7.3
81.1
24.0
8.9
55.6
32.0
34.1
32.0
80.3
35.8
43.3
36.2
25.9
17.3
32.0
32.5
43.6
8.9
57.8
47.1
9.1
39.4
19.8
71.1
9.3
55.3
64.6
4.4
6.5
47.5
12.2
13.6
27.1
75.1
16.4
23.7
5.8
4.1
24.2
6.9
85.9
38.5
31.8
23.5
47.3
30.7
28.1
75.9
11.7
26.4
42.7
6.6
9.0
6.3
37.1
50.9
34.6
33.9
96.8
37.6
31.4
48.4
8.0
35.8
38.5
40.3
39.8
5.0
12.5
24.0
11.0
29.1
27.7
21.2
8.3
33.1
34.4
14.1
3.4
14.0
9.9
37.6
34.7
29.0
17.3
44.3
21.2
11.1
53.9
27.9
44.4
5.6
59.8
22.2
22.7
22.9
61.4
10.9
51.9
115.2
28.5
36.7
23.8
42.7
35.4
17.3
16.9
20.3
11.9
21.8
31.7
43.3
29.3
15.2
45.5
26.9
10.4
40.4
16.4
76.8
41.6
23.2
13.0
9.1
5.8
35.6
50.1
21.8
35.3
37.7
51.6
32.8
36.6
17.4
22.0
43.3
5.4
50.2
54.5
34.7
17.5
14.6
40.7
17.3
32.9
15.3
70.3
22.8
40.1
9.1
53.7
32.0
8.5
36.8
23.1
26.2
8.7
10.1
53.1
29.8
43.9
7.7
7.6
14.4
36.8
32.7
36.7
20.9
6.0
80.3
5.7
29.5
35.5
47.8
8.2
21.0
19.4
54.4
30.3
20.2
42.9
127.1
16.8
38.3
6.3
30.2
19.4
97.3
58.8
15.3
35.8
33.2
7.4
29.5
63.8
39.1
4.5
24.7
22.4
8.4
51.0
27.4
66.8
23.6
22.2
29.3
23.6
13.6
19.2
54.5
8.6
8.8
60.2
6.1
47.1
40.5
58.4
11.8
6.5
19.0
33.4
15.0
31.6
17.2
51.2
23.3
23.1
27.5
44.9
5.9
24.1
45.6
35.9
16.6
29.0
23.5
33.4
25.3
17.4
12.8
12.9
34.9
29.8
45.7
107.0
17.4
66.7
8.6
82.8
17.7
34.6
14.5
45.1
70.9
6.4
33.7
29.4
21.6
16.6
51.2
35.9
19.5
12.2
14.3
14.6
17.1
6.6
11.4
72.8
12.4
31.3
15.7
42.5
3.9
32.1
20.3
0.7
70.2
50.3
23.3
105.7
3.0
8.6
14.4
5.6
33.4
43.5
7.5
28.1
25.5
25.8
43.5
14.3
61.3
15.1
30.5
16.9
3.6
23.9
41.2
23.9
24.1
26.5
75.1
44.2
38.4
5.7
31.1
38.2
5.1
17.5
29.7
35.9
11.7
25.1
27.9
24.4
47.2
9.8
65.7
66.4
21.8
10.5
53.3
5.8
49.0
17.2
25.6
25.4
32.4
13.9
33.8
17.8
39.1
36.7
12.1
19.1
69.1
5.4
52.6
45.0
42.9
11.8
3.9
38.5
22.8
14.6
28.5
20.5
33.2
51.8
18.5
31.1
60.1
61.8
39.6
6.2
39.1
24.1
51.3
21.5
31.8
95.5
27.8
41.8
70.7
17.3
6.8
18.3
14.7
9.1
25.3
32.2
6.6
40.0
19.6
55.1
29.8
34.5
33.8
10.7
22.6
49.1
17.7
41.2
64.3
6.8
53.4
14.2
20.0
35.4
62.2
13.3
36.9
27.9
2.7
33.1
11.7
38.1
21.7
108.4
15.6
9.1
14.1
65.0
64.4
18.0
27.6
19.6
32.6
20.9
15.1
20.7
45.9
0.9
33.6
34.0
77.5
20.3
61.2
12.6
28.3
28.5
39.3
57.0
45.2
33.6
76.4
3.0
61.8
19.4
49.2
48.0
12.9
45.9
27.6
18.1
15.9
24.2
86.5
105.8
18.5
42.4
37.9
4.3
16.9
26.6
55.7
37.0
83.7
14.6
54.6
25.8
49.3
2.7
22.5
6.7
44.1
6.2
29.2
38.6
15.3
34.5
20.4
19.3
25.3
25.3
27.9
51.6
54.7
38.7
26.7
27.1
13.6
43.2
8.3
64.6
3.8
41.9
9.9
34.7
25.5
94.9
8.9
12.0
20.3
51.0
28.4
30.4
50.1
9.4
45.0
71.6
12.7
41.2
7.0
73.7
46.7
8.7
9.0
34.7
49.6
15.7
45.4
34.3
31.1
21.1
20.9
84.8
55.8
34.7
29.1
3.0
37.5
11.6
4.1
12.2
9.6
15.0
42.3
7.4
101.2
31.0
71.5
108.6
14.5
24.7
110.6
39.1
23.4
51.1
3.5
37.8
19.7
18.4
43.2
54.3
19.7
6.3
10.2
25.2
43.3
66.9
31.7
31.7
5.9
68.1
56.8
53.7
11.0
20.7
10.6
23.2
58.3
10.6
54.1
5.4
44.1
33.5
46.9
13.6
23.9
65.7
24.5
102.3
6.9
35.8
25.2
70.2
9.8
42.2
4.1
24.0
19.3
4.2
32.1
36.2
15.6
66.9
9.5
78.8
47.6
12.8
53.6
12.7
2.8
64.0
57.8
11.5
17.6
39.7
27.4
18.6
62.4
51.8
22.9
44.5
14.8
36.4
82.7
16.0
49.9
17.9
5.9
40.8
16.5
11.0
27.0
76.7
4.3
75.0
30.5
73.5
6.6
37.0
125.1
51.2
9.6
41.3
31.6
89.1
23.7
14.9
9.0
66.2
2.4
37.2
12.4
30.7
19.1
23.3
1.1
35.6
41.6
47.9
31.3
6.4
53.1
6.7
24.4
16.9
38.8
47.4
23.1
8.7
20.4
46.4
19.3
38.8
69.4
17.6
30.5
36.5
26.8
32.0
89.9
53.4
30.2
24.5
94.6
5.2
42.4
26.4
25.4
9.2
40.3
28.5
7.9
28.3
36.0
5.3
77.7
8.9
44.5
23.6
17.9
18.3
9.0
50.5
37.4
52.3
37.3
58.4
90.4
11.4
20.9
22.9
52.3
12.4
23.8
21.2
35.0
21.5
1.6
32.0
26.0
51.8
41.6
6.7
34.3
9.9
37.4
28.9
57.5
24.2
11.5
29.3
26.7
3.6
83.5
26.4
76.7
53.7
19.6
20.4
13.8
24.7
8.4
5.5
58.6
11.7
44.2
8.2
24.6
35.9
48.2
42.1
10.1
8.8
54.8
5.3
38.0
4.0
56.5
39.5
29.7
23.5
49.7
52.5
29.3
11.4
19.6
14.6
43.5
47.8
18.8
7.8
71.6
13.5
56.3
31.0
97.1
7.9
26.4
8.7
43.7
20.7
40.0
16.0
39.8
3.5
47.0
10.0
62.2
15.1
19.1
54.8
3.2
53.0
7.3
111.5
47.0
61.6
67.7
18.5
48.7
61.6
30.0
17.9
7.5
26.6
69.0
34.8
55.2
3.4
53.6
18.7
42.7
5.3
27.0
28.3
16.0
56.3
48.7
15.5
6.5
55.2
15.3
44.8
2.5
9.6
19.7
24.7
35.9
32.0
19.6
15.4
39.6
121.7
23.7
112.6
74.5
44.9
21.5
28.2
3.7
21.6
2.3
72.7
33.5
25.0
24.6
48.4
20.4
20.1
11.1
25.0
77.5
16.4
78.5
82.2
10.2
11.6
36.4
67.8
8.6
57.2
58.1
7.3
45.3
63.4
9.8
2.8
6.0
11.3
24.1
21.3
3.8
32.2
30.0
70.1
34.2
32.4
23.4
8.3
35.5
51.1
10.9
43.6
47.7
4.0
31.6
154.1
27.7
30.2
25.0
15.4
19.6
101.2
12.6
20.4
32.7
21.7
37.7
28.0
20.5
79.5
27.3
32.0
5.7
47.0
20.8
19.9
21.8
23.7
30.8
43.4
15.0
56.5
22.1
22.2
32.5
20.3
42.5
16.8
49.1
17.4
66.4
33.9
42.2
64.6
35.8
77.7
19.8
35.5
73.6
22.0
4.8
32.0
2.6
8.6
50.1
20.1
39.3
3.0
24.3
49.9
19.1
28.9
18.9
14.1
80.6
66.9
69.0
2.9
90.8
23.7
35.4
38.8
29.8
39.2
25.9
36.1
25.1
34.5
26.3
10.5
14.2
69.4
59.9
39.1
17.8
38.2
18.2
18.9
45.4
45.8
61.5
12.6
46.9
6.9
85.1
25.2
26.1
23.7
12.3
61.7
36.0
30.1
14.1
94.9
11.4
25.7
25.9
34.8
47.6
20.1
16.7
5.4
33.3
26.6
45.3
40.7
49.4
9.1
40.1
43.9
30.3
29.7
4.0
69.5
28.6
14.0
13.1
44.2
40.5
64.2
35.4
20.4
28.7
19.1
29.1
26.4
78.3
41.8
45.4
17.6
54.5
33.7
17.4
20.0
2.4
43.4
17.7
43.9
7.9
49.9
16.7
21.4
24.4
80.5
7.2
47.9
7.3
31.0
20.9
9.9
22.5
30.0
50.7
57.0
10.3
91.3
10.0
25.2
45.5
29.3
28.3
21.5
15.3
66.0
3.4
84.9
13.1
17.5
53.5
56.7
29.9
1.6
101.5
40.5
1.1
120.7
33.4
37.3
16.8
4.6
16.7
52.4
58.0
21.2
2.2
26.0
6.9
12.0
41.6
22.2
17.1
40.6
17.1
33.8
68.2
16.1
44.4
12.5
29.9
12.5
54.9
25.7
17.9
28.2
63.3
19.4
18.9
5.6
25.2
13.5
37.4
24.3
13.2
47.0
4.8
29.4
73.5
9.5
13.6
10.5
35.4
13.6
36.2
44.4
64.2
34.9
23.0
13.9
63.6
14.5
34.8
34.8
11.1
25.1
41.4
37.2
27.1
51.2
27.2
37.9
11.1
73.6
30.6
15.0
33.2
1.6
32.9
65.9
44.9
41.6
19.4
19.4
23.7
18.3
69.0
30.9
60.6
9.4
15.3
25.7
21.1
20.9
13.9
37.9
24.3
54.7
11.3
101.7
15.7
26.8
9.9
33.5
67.2
24.8
2.6
9.0
7.9
18.3
67.6
24.6
38.3
27.8
52.9
38.3
6.1
47.4
12.7
86.4
4.1
53.7
26.9
37.5
31.4
17.4
39.1
44.4
13.8
27.1
30.1
16.3
57.4
8.4
55.2
24.7
79.9
29.0
11.1
63.0
35.6
8.1
30.9
15.9
126.6
32.4
21.0
32.3
39.2
31.5
24.6
22.0
59.1
45.0
58.6
51.0
52.6
56.2
34.7
105.2
6.9
13.8
42.1
44.2
19.8
42.3
6.1
14.2
4.3
44.7
53.6
45.2
15.2
62.8
33.3
48.9
5.3
35.2
19.9
50.1
26.5
9.3
46.3
62.2
52.1
46.2
43.6
20.6
70.1
23.3
19.8
9.9
19.2
7.6
13.8
8.2
68.4
13.0
61.0
25.6
17.5
30.1
29.8
22.7
39.1
42.1
96.7
5.3
59.3
13.0
21.1
18.2
13.5
66.4
33.5
28.1
25.8
97.1
28.2
14.3
9.0
12.7
18.8
39.2
18.2
14.2
36.6
12.2
23.2
3.6
18.6
52.0
45.4
14.5
67.9
26.9
45.1
145.6
15.4
31.3
15.3
31.3
76.6
36.4
17.6
26.8
26.6
75.0
48.5
4.9
67.9
47.0
30.3
31.5
19.1
36.4
10.8
4.8
62.5
27.6
4.1
8.6
42.6
21.9
70.8
12.5
0.9
25.3
8.1
50.6
36.6
47.9
24.5
13.7
8.9
11.4
73.7
19.8
20.7
21.2
95.1
44.4
9.8
28.7
41.5
11.2
42.3
37.4
5.2
9.8
25.1
39.3
21.6
19.4
32.9
43.2
61.9
25.1
59.5
3.5
40.6
15.8
59.9
39.5
1.3
19.1
22.5
22.6
48.3
28.6
22.0
12.6
22.0
21.8
69.7
25.1
90.6
32.2
23.9
127.1
16.8
21.0
27.8
35.3
21.2
23.3
10.9
83.2
17.2
8.8
14.2
52.0
20.5
34.7
26.5
55.8
46.0
28.4
24.0
49.2
12.4
35.2
17.0
6.8
32.9
53.5
5.7
69.1
12.8
11.1
47.7
16.2
26.8
25.5
52.6
10.6
52.7
8.7
15.6
31.7
13.8
31.9
43.5
37.6
15.6
40.0
49.6
44.9
1.9
7.6
22.0
47.8
37.0
41.1
44.9
16.5
25.7
14.6
39.4
5.3
33.8
13.8
46.4
92.6
8.7
99.6
49.6
58.8
29.4
18.8
13.1
20.4
16.9
55.3
40.0
6.0
58.5
7.6
57.9
11.8
83.3
30.2
15.3
18.6
39.7
23.4
28.3
42.8
74.7
44.4
20.9
55.1
39.1
39.6
21.4
73.5
6.3
89.7
28.9
25.0
15.6
46.2
31.6
25.7
14.8
63.7
22.8
43.6
22.2
35.6
8.6
9.1
26.9
84.4
9.5
35.6
42.6
19.8
54.2
19.4
73.4
19.9
19.7
17.7
46.3
16.9
29.5
65.0
41.7
24.6
9.6
75.6
40.6
57.7
50.3
34.0
23.0
23.9
6.8
60.8
15.6
33.4
9.3
28.7
68.6
17.7
30.7
29.2
16.6
31.6
63.3
24.0
43.9
51.6
22.2
55.7
28.9
92.6
8.7
19.6
49.1
29.4
63.6
5.4
33.7
6.8
56.1
9.9
47.8
28.3
21.2
22.2
37.1
7.2
15.2
30.4
73.3
12.0
81.3
32.5
45.2
16.1
109.5
4.2
32.3
25.4
45.2
13.4
6.7
36.9
12.4
20.8
26.1
37.5
27.4
25.9
24.2
57.9
3.9
57.1
49.3
46.8
20.7
29.0
18.9
37.1
7.2
16.0
26.8
5.2
58.1
10.8
47.6
43.5
34.8
15.4
25.8
37.9
23.7
35.0
37.9
11.3
7.0
16.0
7.6
79.5
14.5
61.3
17.5
51.7
4.5
15.9
7.5
66.3
16.8
60.4
59.3
27.0
15.8
67.9
17.5
186.5
20.9
6.5
13.5
14.8
30.0
34.5
6.8
24.6
120.3
23.2
4.8
25.1
26.3
45.5
62.3
17.6
36.1
21.1
34.8
37.2
37.9
26.6
40.0
7.2
19.9
10.9
62.6
39.1
30.2
28.2
80.8
22.3
85.6
26.0
61.9
37.0
64.4
59.6
10.7
25.5
9.5
53.0
6.8
29.0
10.9
37.5
8.2
73.9
59.1
51.6
28.7
20.9
9.9
5.8
46.5
3.4
71.8
36.6
2.9
9.8
36.8
41.6
12.7
39.5
50.6
18.2
6.4
9.4
23.1
22.9
27.7
12.6
36.7
13.1
41.2
19.4
19.6
53.7
57.4
43.9
14.5
8.7
17.7
24.2
6.6
39.2
18.2
6.1
55.6
35.2
44.2
23.6
20.9
28.1
48.3
10.0
7.1
26.5
53.2
17.0
25.0
19.5
71.5
156.1
8.9
54.6
15.3
25.1
15.3
36.7
31.9
11.4
49.8
16.7
38.5
29.4
70.6
8.6
24.2
13.4
24.2
28.3
35.9
19.4
43.3
27.0
12.7
34.1
47.3
11.4
62.2
30.9
28.3
14.1
35.4
4.2
30.8
45.0
43.8
16.6
16.4
37.5
46.7
37.1
23.8
3.6
75.4
65.8
29.1
24.1
30.0
55.9
14.2
19.7
48.3
5.3
9.6
44.6
26.6
34.6
23.1
35.7
65.1
13.3
27.6
13.4
7.2
4.5
16.1
39.5
13.2
33.4
64.3
6.0
54.8
31.5
76.5
49.3
47.5
20.6
6.7
11.9
117.5
30.7
32.6
27.2
14.6
64.8
29.1
46.7
9.8
24.9
21.7
69.0
12.2
21.2
29.1
35.4
31.2
27.2
15.8
20.5
28.9
70.6
16.7
7.1
37.9
10.1
56.6
43.1
28.4
27.8
42.5
26.2
12.6
49.0
16.2
39.7
4.7
93.5
21.4
27.8
18.7
28.0
35.2
37.3
20.5
25.2
16.9
64.9
14.8
50.8
11.0
35.2
23.2
32.3
8.2
72.3
51.1
26.6
33.4
8.6
36.8
26.4
47.9
22.1
30.1
9.1
7.8
6.0
14.4
63.4
83.3
9.7
17.5
8.7
37.1
44.0
76.3
6.0
43.4
16.8
15.6
36.2
60.6
32.9
7.4
44.6
42.5
45.6
16.6
66.0
14.6
35.1
7.6
52.3
24.3
7.5
36.4
4.4
49.2
