name = 'C_diff'
composition = {'H':0, 'C':1, 'N':0, 'O':0, 'Pt':1}
facet = ['Ni111'] 
IS_SPE =[-86.09531, 'eV']
IS_ZPE =[0.1, 'eV']
IS_frequencies=[531.9, 538.4, 550.2, 'cm-1']
TST_SPE=[-85.73731142, 'eV']
TST_ZPE=[0.077, 'eV']
TST_frequencies=[516.5, 732.5, 'cm-1']
no_reactants=1
bee_IS = [-4.95002799e+02, -3.94257997e+01, -1.14707097e+02,  3.83471763e+02,    -1.80937379e+02, -1.59032438e+02, -3.37346956e+02, -7.53186050e+02,    -3.61465679e+02, -4.05042556e+02, -3.29708023e+02,  3.85450213e+01,     1.20556791e+01,  2.63504589e+01,  2.64122859e+01,  3.99201759e+02,    -1.76470181e+02, -1.56734992e+02,  1.48282747e+02, -9.41378822e+02,     4.95556259e+02, -2.27148506e+02, -4.30024818e+01, -1.02180133e+02,    -4.90202691e+01, -4.95411222e+01,  7.31657808e+02, -1.80222393e+02,    -6.99475468e+01, -4.45156528e+02,  6.56043776e+02, -1.16614813e+02,    -3.30188834e+02,  2.03480540e+02, -3.59831346e+01,  1.64534764e+02,    -2.71807735e+01,  6.07384613e+01,  2.30579991e+02, -8.62265788e+02,     4.58548910e+02,  1.08652745e+02, -4.81471071e+01, -2.86168021e+02,     9.52789485e+01, -1.52385738e+02,  3.71031583e+02,  3.13257427e+02,    -2.33994993e+02, -2.47463599e+02, -2.53154285e+02, -2.86475634e+02,     9.56696167e+01, -4.20701403e+02,  1.15473750e+02,  5.07410369e+02,     5.78635459e+02,  2.94309200e+02,  1.36230586e+02,  2.31548935e+02,     7.59196538e+02,  1.78868882e+02, -4.66505540e+02, -1.05293750e+02,    -1.98875480e+02,  5.17115612e+02, -6.34366252e+02, -5.30937867e+02,    -2.28670820e+02, -8.13634024e+01, -3.71523033e+02,  2.26715086e+02,     8.13430469e+01,  1.10616390e+02, -3.26496915e+02, -2.94668236e+02,    -4.76902698e+02,  3.18015951e+02, -2.76773518e+02,  2.22419110e+02,    -5.56208541e+01, -2.48565200e+02, -4.93624694e+02, -1.47376404e+02,    -9.54271553e+01, -1.34782930e+02,  3.33445992e+02,  5.98362332e+02,    -3.56863596e+02, -6.77464977e+02, -1.68346312e+02,  9.38221114e+02,    -4.83545301e+02,  2.80779338e+02, -8.93035676e+01, -5.26186475e+02,     2.03352425e+02,  3.23746207e+02, -1.48629853e+02,  2.99113606e+02,    -2.27131593e+02, -4.32992964e+02,  7.52436268e+02,  3.93843982e+02,     2.63262095e+02,  1.24197679e+02,  2.07612057e+02,  6.89211372e+02,    -2.10280595e+02,  4.90321453e+01, -1.16964784e+03,  1.56019395e+02,    -5.77470622e+02,  1.22626820e+02,  1.82461546e+02, -2.88338042e+02,    -4.53281539e+02,  5.34738522e+01, -2.48503920e+02,  2.99718137e+02,    -4.30267080e+02, -2.19466123e+01, -3.00085755e+02, -3.53931596e+01,    -2.81594304e+01,  1.41925727e+02,  1.10310919e+01, -5.03505259e+01,     5.10658977e+02,  7.71463621e+02,  4.04251726e+02,  6.61378696e+02,    -1.00625355e+02,  1.14841851e+02,  4.63859977e+02, -7.75661490e+01,    -6.45229690e+02, -3.15610347e+02, -4.23901080e+02, -2.42465222e+02,     2.36986401e+02, -9.95947160e+02, -1.63309822e+02,  3.62789278e+02,    -3.07883282e+02, -3.11811621e+02,  4.57479536e+02,  3.71510668e+02,    -2.92682164e+02,  1.62284797e+02, -2.07494621e+02,  2.93732237e+02,     3.31531313e+01,  1.29795994e+02, -7.33867551e+02, -4.10069343e+02,    -6.46300623e+01,  3.14726087e+00, -3.26204304e+02,  9.01116392e+02,    -1.88644998e+02, -2.84304558e+02,  3.17875164e+02, -4.05959533e+02,    -2.75392328e+02,  2.58485132e+02,  9.34952839e+01,  1.09637114e+02,     1.01840525e+02, -9.55284186e+01,  1.64842435e+02,  4.92305178e+02,    -2.50092701e+02,  1.45745525e+02,  7.68696224e+02,  2.83321584e+02,    -7.38915906e+01, -1.61752805e+02,  1.30019612e+03, -1.48107196e+02,     2.98283564e+02,  1.82452905e+02,  2.91716372e+02,  7.51202389e+02,     4.22209492e+02, -2.45739683e+01,  1.91149402e+02,  3.99289132e+02,     3.28144550e+02, -4.68951300e+02,  7.90135831e+02, -7.03174488e+02,    -1.50236889e+02,  4.86177405e+02,  6.99286247e+01,  5.88677955e+01,     2.65166152e+02,  2.07621871e+02,  3.02685677e+02, -5.40251598e+02,     4.29981730e+01, -2.31526318e+02, -9.26540457e+01, -2.85432322e+01,    -7.49765882e+01, -4.66421307e+01,  6.91506557e+02, -7.19539755e+01,    -2.33938036e+02, -1.90351856e+01,  9.86570374e+01, -4.97083813e+02,    -3.76842320e+02, -3.08428427e+02, -5.33129843e+02, -1.39228207e+02,    -3.52114802e+02,  1.63798671e+02, -1.03122545e+01, -8.95279670e+01,    -7.23838636e+01,  5.53882707e+01, -1.70366676e+02,  5.65835353e+02,    -6.93422518e+02, -1.36658627e+02, -1.33096706e+02,  1.42357357e+02,     1.55398492e+02, -3.90623798e+02, -1.55893800e+02,  3.53041581e+02,    -1.88916007e+02,  1.33870136e+02,  3.12509193e+02, -3.62466176e+01,     9.55449525e+02, -1.75419611e+02, -2.72096656e+02,  5.51661297e+01,    -1.91147302e+02,  4.49225938e+02, -3.03305174e+02,  7.17473515e+01,     5.30532131e+02, -1.10548994e+02,  1.01645588e+03,  1.08475335e+03,    -5.54340371e+02,  4.91299791e+02,  1.40920002e+02, -4.51639472e+02,     1.49066146e+02,  3.05738037e+02,  3.20271772e+02,  1.97924406e+01,     9.91512935e+01,  6.00593520e+02, -1.95178436e+02,  1.38337817e+02,     6.44496564e+02, -3.15824590e+02, -1.24897391e+02,  4.39556336e+02,     2.26141557e+02,  6.45210707e+02,  2.16082465e+02,  5.64741169e+01,     2.22148459e+02,  3.27995490e+02, -4.08231835e+02,  2.83262848e+01,     1.53932478e+02,  1.03930069e+02,  1.85160347e+02, -4.95208117e+02,     2.90624359e+02, -3.76420709e+02, -2.67029739e+02,  1.48034973e+02,    -1.19973707e+02,  4.63106739e+02, -2.06268009e+02,  2.45426523e+02,     2.76685438e+02,  6.73704400e+02,  4.68991444e+02,  3.99972498e+02,    -7.56222378e+01, -5.71872868e+01, -2.67411190e+02,  6.46945113e+02,     6.64156292e+02,  3.15390385e+02, -1.93894190e+02,  4.25481927e+02,    -7.70144521e+01,  1.79834010e+02,  5.24915308e+02,  7.11031981e+00,    -6.50328298e+01, -2.10494365e+02, -4.47885218e+02,  8.19165505e+02,     3.80381894e+02, -4.71754262e+02, -1.30104460e+02,  2.35757877e+02,    -8.90958136e+01,  5.25782405e+02,  1.03324596e+02,  6.72799807e+02,     2.61281125e+02, -2.40935613e+02,  2.10462674e+02, -3.56860840e+01,    -2.69691465e+02,  1.42157885e+02,  1.59527027e+02,  7.66611050e+02,     6.75077843e+02,  4.43799624e+02,  5.89574479e+02,  6.10863415e+01,    -2.31716943e+02,  1.32450591e+02, -2.80711365e+02, -4.26147670e+02,    -4.88807428e+02, -2.29886321e+02, -9.09398365e+02, -2.61840841e+02,    -7.19925841e+02,  1.80886202e+02, -3.88413408e+02,  3.44336350e+02,    -8.06347769e+02, -2.73560615e+02,  4.18530429e+02,  1.89882150e+02,    -7.26435242e+02,  5.25299652e+02, -2.03301798e+02,  4.39340009e+02,    -2.16882761e+02, -6.65203416e+02,  1.02284494e+02, -5.36342112e+02,    -1.14243968e+02,  2.79871389e+00,  3.58478203e+02,  1.05504489e+03,    -3.84014649e+02, -2.95320121e+02, -2.08823896e+00, -1.18209874e+02,    -6.84379787e+02, -4.69324264e+02,  4.17923403e+02, -2.15056642e+02,     1.41349361e+02, -4.10632974e+02, -1.25800967e+02, -3.38320246e+02,     4.52204143e+02,  1.30258708e+02, -1.88775518e+02, -1.12342420e+02,     8.45198615e+01, -7.04429040e+01,  3.66599588e+02, -2.11443738e+02,     4.23354026e+01,  2.88958294e+02,  1.48545458e+02, -1.46240277e+02,     1.30462239e+03,  4.55703073e+02,  2.80589105e+01,  8.98533628e+01,    -5.19377115e+02,  2.60471389e+02, -6.31024028e+02, -2.15712692e+02,    -4.63014579e+02, -1.61033346e+02,  4.67821735e+02, -4.75218197e+02,     1.51903801e+02, -2.29615092e+01,  2.77615248e+01, -3.14184100e+02,    -3.77136667e+02, -2.01175270e+00, -3.61557372e+02, -1.86768513e+02,    -3.44431927e+02, -8.82795479e+01, -3.02402739e+02, -4.32650320e+02,     1.89349993e+02, -1.46069898e+02,  1.77975715e+02,  8.55654243e+01,    -6.18571687e+02, -4.61779319e+02, -3.33359922e+02,  3.00216330e+02,    -8.17847738e+00, -5.32675798e+02,  4.89526886e+02, -3.34574012e+02,     4.60175291e+02, -2.53069267e+02, -4.09485989e+02,  2.24250160e+02,    -5.70426951e+02, -3.26918405e+02,  5.37698397e+02,  1.51790643e+02,    -3.39848954e+02,  4.40628364e+02, -1.43871149e+02, -3.17142955e+02,    -2.57561831e+02, -4.08416346e+02,  1.99537964e+02, -7.64714602e+02,    -7.01589418e+02, -8.14194211e+01, -2.54289910e+02, -4.63030397e+02,     6.06398809e+02,  1.11134777e+03, -2.79300046e+02, -2.73299877e+01,    -5.31289775e+02,  5.56552945e+02,  1.55223106e+02, -1.63859653e+02,    -3.25211739e+02,  1.42659294e+02, -5.12412204e+02, -1.69955985e+02,    -7.47536783e+02,  2.93886408e+02,  1.11000512e+02,  5.56134979e+00,    -5.74864861e+01, -2.86001070e+02, -7.47567243e+01,  1.07284408e+03,    -1.62907292e+02, -3.88088403e+02, -5.70669029e+02,  1.09238419e+02,    -3.02010753e+02,  7.39638150e+01,  2.44927229e+02,  5.68112476e+01,     2.36331751e+02,  1.00287621e+02,  5.02453912e+02,  2.60440425e+02,    -2.84785710e+02,  3.54586733e+02,  2.92544269e+02,  9.36997187e+01,     3.77083338e+02, -2.05906371e+02,  6.12330199e+02,  1.55105486e+02,    -2.52889785e+02, -4.84463973e+01, -1.61179502e+02,  2.03773894e+02,    -2.22177018e+02, -2.39369778e+01, -9.01515883e+01,  6.99393783e+02,     4.50336422e+02, -5.69179732e+02, -3.43779794e+01, -4.55174189e+02,    -1.48987070e+02, -1.91304928e+02,  6.16070710e+01, -1.21664346e+01,    -2.17611449e+02,  1.06094888e+02, -5.79188962e+01, -8.88993829e+01,     7.30787193e+02,  1.52751081e+02, -6.82452015e+02, -3.74045396e+02,     7.77302792e+02,  2.30972384e+02, -7.22384228e+01,  8.94995715e+02,    -1.56476405e+02, -9.61741623e+01, -4.87212796e+01,  1.13011231e+02,     2.38967588e+02,  3.46288604e+01,  2.25751407e+02, -1.34538446e+02,    -2.60518400e+02, -3.64493585e+02, -4.03093312e+02,  3.78652307e+02,     1.06682658e+02,  3.18036837e+02,  1.16151449e+02,  7.45525800e+02,     1.47765555e+02, -6.89853189e+02, -2.89323277e+02,  8.40775741e+01,    -2.33870128e+02,  5.22641276e+02, -1.04473212e+02,  1.54932255e+02,     4.19212632e+02, -6.17438957e+02,  1.25121018e+03,  1.63301799e+02,     2.01067353e+02,  2.94790270e+02,  6.79887526e+01, -6.19132502e+00,     3.04032657e+02, -2.98610486e+02,  6.87630452e+02,  5.93005433e+02,    -3.48562391e+02,  1.25208022e+02,  5.84086790e+02, -1.82524177e+02,     1.33928107e+02,  3.60734605e+02,  3.59424204e+02, -6.59899607e+02,    -1.17552331e+02, -2.95823433e+02, -2.49772963e+01, -3.47955706e+01,    -2.33991554e+01, -1.37914538e+02, -2.46788905e+02,  6.86867855e+01,     8.62998291e+01,  4.50142878e+02, -3.53438305e+02,  3.24512156e+02,     3.75637353e+02, -1.40867776e+02,  7.46478097e+02, -5.74999435e+02,    -8.86401128e+02, -5.58538164e+01, -7.04819887e+01,  5.83345445e-01,     6.63053949e+02, -6.18642256e+01,  3.42032951e+02,  4.00572098e+02,     3.19813401e+02, -8.94500299e+01,  5.32474597e+02, -1.34194035e+02,    -2.71044786e+02, -3.90102972e+02,  4.49649936e+01,  3.23685402e+02,    -4.26531089e+01,  3.22782480e+02, -2.60144833e+01,  5.38961196e+02,     1.67906674e+02,  7.50585720e+01, -4.73313876e+01,  2.85391757e+02,     3.17673269e+02,  1.68072505e+02, -6.68524423e+00, -4.50984549e+02,     2.52770571e+02,  1.65966557e+02,  3.10639686e+02,  2.60764992e+02,     2.97697642e+02, -4.99959984e+01,  2.26701678e+02, -2.07015412e+02,    -8.60101646e+00, -4.67572856e+02, -2.61855010e+02,  3.28531087e+02,    -7.60832920e+02,  2.47478551e+02,  1.43080336e+02,  6.94839539e+02,    -2.20691857e+02,  2.55598787e+02, -9.87836714e+01, -4.06351098e+02,    -6.05801369e+02, -6.75288887e+01, -7.37778310e+02,  1.36240038e+02,    -1.73452148e+02,  2.51478470e+02,  1.71301860e+02, -2.14014897e+02,    -2.09382336e+02,  3.24000353e+02, -5.03329123e+02, -1.02053059e+02,    -1.74908847e+02,  1.96174326e+02, -4.59904021e+01,  4.89608064e+01,    -1.81641321e+02,  4.77844924e+02, -3.98207336e+02,  8.11223806e+01,     5.03604317e+02, -2.86959876e+02,  1.49800402e+01, -3.24685342e+01,    -5.75953494e+02, -3.90912950e+02, -6.77473165e+01,  2.20928515e+02,     2.70001545e+02,  4.07715156e+01, -6.76991640e+01,  1.85854208e+02,    -3.79297509e+02,  2.96967414e+00, -4.22236357e+02, -2.31056139e+02,     3.94043406e+02, -2.46690500e+02,  5.37374603e+02, -1.78096738e+02,     2.95380501e+02,  2.14286032e+02, -5.22657953e+02, -2.39791553e+02,     7.21447022e+01, -3.34132754e+02, -2.92910846e+02, -7.27759085e+02,    -4.67323928e+02, -4.38513403e+02, -3.60442831e+02,  1.90354427e+01,     1.09655816e+02,  7.49374638e+00,  1.74827976e+02, -4.78054086e+02,     1.21031265e+02,  1.73437495e+02, -5.57455743e+02, -5.41272642e+02,    -3.44970485e+02, -1.94036843e+02,  1.64301242e+02,  7.89795372e+00,    -3.73045654e+02,  2.99647313e+02, -1.67240789e+02,  4.19523983e+02,    -7.49006966e+02,  5.05634499e+02, -3.04545851e+01, -3.06180099e+02,    -2.19429798e+02,  2.76219526e+01,  3.55572011e+02, -6.32856320e+02,    -1.18669802e+02, -1.72190913e+02,  4.12125591e+02,  7.04961026e+02,    -8.14201546e+02,  7.84442083e+02,  3.83603686e+02, -6.26138891e+02,    -2.95952026e+02,  6.39104190e+02,  5.08013883e+02, -1.49605423e+02,    -3.00615847e+01,  8.66467835e+01,  5.93443569e+02, -4.41559361e+02,     1.37116296e+02, -6.35827087e+01,  2.56015805e+02, -6.20794481e+02,    -6.41908076e+01, -2.82880349e+02,  3.96513075e+02,  3.58716901e+02,    -7.18740885e+02, -4.15978553e+02, -1.91177357e+02, -3.25485049e+02,    -1.23022894e+02, -1.94358916e+02,  3.59431388e+02,  3.48509260e+02,    -4.96129258e+01, -3.87352875e+02, -7.01027934e+02,  3.64447191e+02,    -4.26712992e+02, -2.62813029e+02,  4.01685718e+01, -2.88895675e+02,    -3.50044582e+02, -2.15875360e+02, -3.52520702e+02, -2.25813915e+02,    -4.27327211e+02,  4.88958669e+02,  5.42531801e+02, -2.77576251e+01,    -2.00906287e+02, -1.36480289e+01,  3.56441391e+02, -7.40333908e+02,    -1.74283642e+02,  4.20654827e+02,  5.63152911e+02, -1.56017561e+02,     9.48170618e+01,  4.59842425e+02,  1.30938891e+02, -5.72681630e+01,    -3.71969547e+02,  1.90804858e+02, -3.01867448e+02, -1.34846053e+02,    -1.62643241e+02, -1.57962727e+02,  1.67032127e+02,  6.56222102e+02,     7.27675399e+00,  3.50588254e+01, -7.61353096e+02, -1.45554461e+02,    -3.18934575e+02,  3.96886132e+01, -3.54500264e+02,  6.59193092e+02,     6.83804241e+02,  1.23546354e+02, -1.24589231e+02,  1.21725081e+02,     2.14498101e+02, -4.02145900e+02, -6.49263719e+01,  1.16134685e+02,     1.17012439e+02,  4.77676071e+02,  3.79694077e+02, -1.74890023e+02,     2.39497521e+02, -8.12602936e+02, -3.63458007e+01,  7.17059891e+02,     8.04471527e+01, -5.84796727e+00,  2.80125917e+02, -2.45125639e+02,     7.81608282e+02, -1.02748222e+02,  7.17099895e+02,  3.12509102e+02,    -3.22425828e+02,  2.57580800e+02, -2.60553593e+02, -5.79408506e+02,    -3.35633414e+01, -4.77693103e+02, -4.50030447e+02, -4.54153453e+01,     2.70304384e+02, -4.76167111e+01, -2.84457189e+02,  6.34483068e+01,    -6.14844339e+02, -7.84290620e+01, -6.98611476e+02,  4.39433624e+02,    -1.11532775e+01, -4.32508592e+02, -1.60243972e+02,  1.46383488e+02,    -2.70845227e+02, -3.98365870e+02,  7.59789235e+02, -1.88528615e+02,    -3.75816098e+02,  2.11954281e+02, -9.92778619e+01,  4.32328660e+02,    -1.31762461e+01,  7.42716325e+01,  8.60083832e+02, -1.52334914e+02,    -2.94670002e+02, -3.13478958e+02, -4.49537738e+02, -2.78609271e+02,     2.39664285e+02,  1.76304407e+02,  1.78824275e+02,  6.33668023e+02,     1.97389260e+01,  1.40659047e+02, -5.61860141e+02,  2.06680523e+01,    -1.98312078e+02, -2.26034905e+02,  1.60391541e+01,  2.97187638e+02,     3.24584017e+02,  6.87238938e+00,  7.92116403e+01,  2.49964199e+02,     3.16946646e+02, -2.03995896e+02, -1.11709792e+02,  1.45137748e+01,    -1.98330211e+02, -6.68943024e+01, -2.28041605e+02,  6.40927177e+02,     5.51217392e+02, -1.07807956e+02,  1.01677810e+02, -2.01120282e+01,    -2.00529977e+02,  2.82570745e+02, -7.51202387e+01,  3.30600063e+02,    -4.56612943e+02,  1.60559319e+02, -9.45854292e+01, -4.63051985e+02,    -2.15196607e+02,  2.32433723e+02, -7.24990191e+02,  3.58296166e+02,     4.17944121e+02, -6.04632655e+01, -4.34886139e+01, -2.77551604e+01,     2.06429768e+02, -2.79929467e+02,  3.09250837e+02,  2.39953213e+02,    -8.88001491e+02, -2.80123867e+02,  1.92009173e+02, -7.75354092e+01,     3.23545368e+02, -5.21647671e+02, -4.05288522e+00, -3.52915586e+02,    -1.04797709e+03,  6.36548201e+02, -5.03718346e+02, -4.87887438e+02,     7.53708646e+01,  1.08578629e+03, -1.41500617e-01, -1.81695645e+02,    -1.78677325e+01, -6.04254844e+01, -7.51703075e+02, -5.24971388e+02,     6.59546634e+02, -4.33293958e+01, -3.36404847e+02,  4.27707672e+02,    -2.93173270e+02,  3.35773002e+02,  4.62896005e+02, -5.23292366e+02,    -2.17599708e+02, -2.92431188e+02, -1.26988379e+02, -1.64098900e+02,    -5.58796761e+01,  1.16264572e+02, -2.84835158e+02,  2.52095505e+02,     5.07370059e+02, -1.37830969e+02, -1.50778178e+02,  1.17137295e+02,     4.86974852e+02,  4.12190356e+02,  3.03564634e+01, -1.33478932e+01,    -4.50471226e+01, -4.31168274e+02,  3.20354221e+02, -2.03303864e+02,     1.67290960e+02, -1.34463386e+02,  2.47089794e+02,  1.48948023e+02,    -6.67935654e+02, -2.36579601e+02, -6.70170647e+02, -2.74304299e+02,     6.35513114e+01, -1.45821953e+02,  2.53502056e+02, -2.45380858e+02,     1.61711548e+01,  8.92243640e+01,  6.32694881e+02,  3.17588479e+02,    -2.28325286e+02,  1.76155725e+01,  9.36804628e+01,  3.39424412e+02,    -5.56413366e+00,  4.29182360e+02,  2.05790263e+02,  7.56639896e+02,     2.17208430e+01,  5.81034013e+02, -2.21398801e+02, -3.26904521e+02,     7.08185021e+01,  6.16341518e+01,  2.59278511e+02, -5.29159113e+01,    -1.35712217e+02,  2.21025491e+02, -3.88922671e+02, -4.39144265e+02,     6.51557118e+02, -5.05189122e+01, -3.63766289e+02, -3.90900091e+00,    -1.20052399e+02,  2.96186955e+02,  2.80795384e+02, -1.66752453e+02,     9.67683480e+00, -2.29936724e+02, -2.76331941e+02, -2.42449510e+02,    -8.11856000e+02, -2.95069270e+01, -5.47795837e+02, -4.67540527e+02,    -3.35339367e+02,  1.48665293e+02, -3.20234819e+02,  1.85208533e+02,    -4.78843434e+02,  8.87369035e+00, -3.45148310e+02,  6.35939724e+01,     1.00522027e+02,  2.45900983e+02, -1.67863578e+02, -1.24348104e+02,     2.20456195e+02,  5.10698860e+02,  2.76267550e+02,  6.62484433e+01,    -5.79159655e+02, -1.17604264e+02, -2.62903390e+02, -5.15566055e+02,     3.51686128e+02, -2.93913521e+02, -3.69706449e+01, -1.94236782e+02,    -8.60665737e+02,  4.22727790e+02, -1.41365017e+02,  3.50303050e+02,    -5.89194744e+02,  5.56568191e+02,  3.59684780e+01, -2.64882352e+02,     3.94223325e+01, -1.99402246e+02, -5.80768668e+02,  1.19730258e+02,     2.36976166e+02,  2.80055754e+01, -3.07038633e+02, -1.10277427e+02,     1.37309641e+02,  2.47689038e+02,  5.44681382e+02,  2.16425595e+02,    -1.99505159e+02,  7.48669579e+02,  2.45680073e+02,  3.31226371e+02,    -1.44248206e+02,  2.25173019e+02,  1.46508355e+02, -5.23748473e+02,    -1.59468981e+02, -3.34229719e+02, -2.64824733e+02, -8.79953408e+01,    -1.49976372e+02, -3.14588808e+02, -9.64189557e+02, -2.58809618e+02,     1.31213667e+02,  8.55945254e+01,  7.87990261e+01,  4.21793769e+02,     1.57857211e+02,  2.71936969e+02, -3.58103807e+02,  3.92612342e+02,    -4.18644782e+02, -6.51057515e+02,  1.62237904e+02, -3.42411957e+02,    -3.56031706e+02, -1.33797017e+03, -1.01790315e+02,  6.78502512e+02,     3.96029573e+02, -8.68941021e+01, -1.00751077e+02,  2.49399241e+02,     5.78048725e+02, -3.42884054e+02, -8.06092117e+01, -2.69055560e+02,    -3.05620108e+02, -2.89710486e+02,  1.35164460e+02,  6.08586204e+02,    -5.57750892e+02, -4.49245526e+02,  2.08104016e+01, -7.24878456e+01,    -1.19841980e+02, -7.90805988e+02,  4.79961541e+02,  2.14310397e+02,     7.59137818e+01,  4.11036777e+02, -2.57371735e+02,  2.51426570e+02,     2.28791084e+02,  4.50013932e+01, -3.91086927e+01,  1.04629026e+02,    -1.37282424e+02,  3.98703965e+02, -3.70692999e+02,  3.56467744e+02,     7.87897279e+01,  9.43130562e+01,  2.01405118e+02, -7.31047802e+02,     5.42884624e+01, -5.42796297e+02, -4.29172191e+02, -4.16427471e+02,    -3.81340015e+02,  1.20803662e+01,  1.09968253e+02,  4.09414808e+02,     8.24128200e+01,  1.16626354e+02, -6.04038540e+02, -2.12213398e+02,     2.79256537e+02,  1.21490994e+01,  1.63600583e+01, -6.87068482e+01,     3.11315222e+02, -7.73928983e+02,  8.90155428e+01,  2.01294283e+02,     3.86580988e+02,  3.29783531e+02, -4.81891691e+02,  6.35109111e+01,     3.59141672e+01,  3.62869368e+01,  1.60115913e+01, -1.64889148e+02,    -2.65406956e+02,  1.33472221e+02,  5.32193583e+02, -7.70326893e+01,     8.03560944e+01,  1.51502313e+02, -2.09261459e+02, -2.07607477e+02,    -9.79092551e+02, -3.25164418e+02, -4.28833789e+02, -6.46229123e+01,    -5.37605607e+02,  6.36984945e+02, -2.49883003e+02, -4.47588630e+02,    -1.32732967e+03,  5.54884266e+02,  1.16100465e+02, -1.36076216e+01,    -5.20732255e+02,  8.95145763e+01, -1.47215320e+02, -2.76296047e+02,     9.98447381e+01,  2.71779331e+02,  6.73395361e+01, -1.45467580e+02,    -2.89021661e+01,  6.68493109e+00,  1.64303109e+02, -5.14920111e+02,     5.91932750e+02, -3.55143899e+02, -2.29654022e+02, -3.54482394e+02,    -8.20880537e+02,  8.08468923e+01, -4.03982972e+02, -1.87195974e+02,     2.89431149e+02, -2.03307650e+02,  6.30392740e+00, -8.26808371e+01,    -2.18066275e+02,  1.37408959e+01,  4.49774031e+02, -4.40259623e+02,     7.77275699e+02, -1.66861970e+02,  2.88017501e+02, -6.46975174e+01,     1.26687286e+02, -1.00003603e+02,  3.97186040e+02,  5.29423276e+02,     1.68924046e+02,  4.64521893e+02, -3.30658987e+02, -2.71863468e+01,    -1.92688646e+02,  5.77939046e+02,  4.88882799e+02,  3.74974540e+02,    -1.25786115e+02, -2.56118582e+02,  2.28365665e+02, -2.18687290e+02,    -1.16813197e+02, -6.15804036e+01, -2.18785584e+02,  4.34371844e+02,    -4.85291378e+01,  3.34876677e+02,  1.18676353e+02,  1.44462315e+02,    -2.89380165e+02,  2.75008996e+02, -1.54936114e+02, -1.11276204e+02,    -2.56801872e+01, -4.30801724e+02,  6.49852898e+02, -2.38882721e+02,    -3.56825049e+01,  1.67181329e+02,  1.44322771e+02,  5.97846484e+02,    -1.38362714e+02,  6.49554704e+02,  5.89330933e+02, -8.22378328e+02,     7.40351908e+01, -1.73445179e+02,  1.23886414e+02,  7.40984372e+01,     1.47832559e+02,  5.10173407e+02,  7.82280791e+02, -6.63864360e+02,     6.48815712e+02, -7.79262987e+02, -6.49247275e+02, -1.03344138e+02,    -1.01427070e+01,  5.92614227e+02,  3.28489806e+02, -1.56109252e+02,    -7.84334536e+02,  5.95295791e+02, -3.80577923e+02, -1.03771337e+01,    -4.30735224e+01,  1.04708694e+03, -2.40086812e+02, -8.91052600e+02,     2.61054740e+02, -1.36753817e+03,  9.38938359e+01, -3.01301738e+02,    -1.53380470e+02, -2.31184409e+02, -4.95952962e+02,  3.47679965e+02,    -3.06121104e+02, -7.65500427e+01, -6.62631588e+02, -5.68509113e+01,    -4.03454654e+02, -6.30065242e+02, -1.03751454e+03,  8.61526651e+01,    -2.72165111e+02, -8.26773106e+00, -1.14267219e+02, -6.69521402e+02,    -5.33891336e+02, -4.46370200e+02, -4.50195545e+02,  4.63752447e+02,     7.92878802e+01, -4.04241422e+02, -1.54571555e+02, -1.89044576e+02,     3.13822514e+02, -2.82283749e+02, -1.05152526e+02, -1.89551128e+02,    -3.02897005e+02, -3.16308228e+02,  3.23579287e+02, -1.48766481e+02,    -7.69552377e+02,  6.51769180e+02,  3.97767914e+02,  5.26313393e+01,    -6.12264958e+02, -6.38585066e+02,  9.19385421e+01,  1.20677376e+01,    -2.50851055e+02, -4.11304002e+02,  3.00957991e+02, -6.68897323e+01,     2.30805541e+02,  4.18277843e+02,  2.84526782e+02,  2.99111517e+02,     2.16031362e+02, -1.71612289e+02, -1.05568656e+02, -1.86436803e+02,    -2.94890597e+02, -3.86520729e+02, -5.47337457e+02, -3.31091682e+02,    -6.76778897e+01, -6.74705447e+02, -7.21232888e+01,  2.74908910e+02,    -6.02193509e+02,  2.09041099e+02,  1.82693201e+02, -5.95376741e+02,    -4.80210871e+02, -1.31266832e+02,  1.79933893e+02, -3.35570832e+02,     5.91420602e+02,  5.30321522e+02, -6.34067724e+02,  4.29099599e+02,     2.99508577e+02,  6.40104827e+01,  2.14627357e+02, -3.60108200e+02,    -1.20195313e+02,  4.51959677e+01,  1.49038897e+02,  3.82450694e+02,    -4.26887976e+02, -3.51909264e+01,  1.49938502e+02, -1.34730794e+01,    -2.21418257e+02,  1.66858767e+02, -2.25373279e+02, -1.70308240e+02,     3.28120418e+01, -5.06165905e+02,  3.11800142e+01, -2.00123947e+02,    -1.05560546e+02,  2.81585991e+00, -4.79350774e+02,  4.75051092e+02,    -2.27159369e+02, -1.08884806e+03, -7.13140067e+02,  3.29642589e+02,    -2.98800160e+02, -1.42821361e+02, -2.45729737e+02, -1.40115261e+02,    -8.40869818e+02, -9.50591308e+01, -5.40014147e+02, -2.81020762e+02,     2.17346725e+02,  6.25673620e+02, -3.50249887e+00, -2.75055855e+01,     4.90489806e+02, -4.26085694e+02,  3.03249819e+02,  7.84850868e+01,    -3.49692337e+02, -1.50146637e+02,  2.06796481e+02,  1.55557001e+01,     8.23578077e+01,  9.61763819e+01, -1.98174145e+02, -2.34550735e+02,    -4.45336744e+02,  4.21060320e+02, -5.33785523e+02, -3.92576886e+02,     7.95394559e+01, -7.52677570e+02,  1.62008052e+02,  5.27743435e+02,    -3.94161669e+01,  5.76466821e+01, -2.08693109e+02, -1.72036495e+02,     8.60237667e+01,  3.15220597e+02, -3.40764438e+02,  2.61025439e+02,    -9.29977505e+01, -3.47482663e+01,  2.27669762e+02,  1.62161045e+02,    -7.54396406e+01, -3.71116021e+00,  2.05444610e+02,  2.36360950e+02,    -6.04314939e+02,  5.73044768e+01,  4.53666936e+02, -8.19003928e+02,     2.73132097e+02, -1.00404271e+03, -7.74049098e+01, -1.25164106e+02,    -7.26769268e+01, -7.50913034e+01, -2.17235555e+02, -2.96844430e+01,     1.39188538e+02, -2.03077778e+02,  1.18807778e+02,  7.29924965e+02,    -5.41210532e+02, -2.24505732e+02,  3.07288938e+02,  2.09110005e+02,     3.48019129e+02,  1.37247603e+02,  2.39307079e+02, -1.57768719e+02,    -4.11395471e+02, -3.56931356e+02, -1.72933787e+02,  4.94874365e+00,    -3.53393385e+02, -1.28474020e+02,  5.60842755e+01,  1.94292579e+02,    -8.44736310e+01,  4.72382404e+02, -4.24723608e+02, -4.49530574e+01,    -2.24759858e+01,  2.33830501e+02, -3.42163308e+02, -2.14896557e+02,     2.31760978e+02,  4.20595949e+02,  5.86009950e+02,  2.95612594e+02,     3.46571496e+02, -2.50369806e+02,  5.25856528e+02,  5.66248839e+02,    -5.44810460e+01,  3.32035842e+02,  3.19478775e+02, -2.14222994e+02,     1.27706336e+01,  5.15291615e+02, -2.34367738e+02, -1.04940985e+02,    -5.08290010e+02,  2.26518250e+02, -6.30166606e+01,  1.47216260e+02,     8.09615493e+01, -3.50270344e+02,  3.85962034e+02,  3.42055553e+02,    -1.99127151e+02,  1.54737028e+02, -4.82626345e+02, -4.33975777e+02,     1.95883247e+02, -5.79332965e+02, -2.26125944e+02,  8.09558228e+01,     6.78035659e+02, -2.04613810e+02, -8.78749459e+01, -1.22389974e+02,     9.63731120e+02,  1.18421077e+02, -3.64701783e+02,  5.74488453e+02,     5.28880768e+02,  2.51853840e+02,  6.12476125e+02,  6.78456211e+02,    -8.87577616e+01, -2.51844838e+02, -2.73236294e+02,  2.25555595e+02,     3.18289048e+02, -4.10023174e+01, -1.72540062e+02, -5.17027676e+02,    -2.53747985e+02, -3.71532190e+02,  2.47503845e+02,  1.26510928e+02,     5.24869431e+02,  4.73529820e+01, -2.11512781e+02, -6.62453276e+01,     3.35598607e+02,  1.10505340e+02,  4.26852926e+02,  4.82423442e+02,    -1.16567624e+02, -7.54809622e+01, -8.09262187e+02,  4.48041741e+02,    -4.61837571e+01,  4.21078309e+02, -1.53135214e+02, -4.87617358e+02,     1.66057671e+02,  5.79591290e+02, -2.05091325e+02,  5.72990469e+02,    -6.05316414e+02, -1.88198460e+02, -6.55072863e+02,  1.85610602e+02,     9.71344199e+01,  6.02160391e+00, -5.01545607e+02,  7.35086222e+02,     4.41028041e+02,  6.91842245e+01, -3.83351379e+02,  1.82826076e+02,    -2.29140477e+02, -7.29141789e+01, -1.82526290e+02,  1.74965881e+02,    -8.41253310e+01, -1.70849226e+02,  1.59804552e+02,  2.19936511e+02,    -7.11838706e+02,  1.63469905e+02,  5.60796415e+02,  3.50888129e+02,    -1.10223220e+02,  2.89260802e+01, -2.99267952e+02,  4.92520978e+02,     1.47371822e+02, -5.68317395e+01, -5.85034262e+01,  9.10189040e+02,     7.92306348e+00,  2.58928053e+02,  6.03956178e+02,  8.13992126e+02,     5.34040385e+02,  3.54206628e+02, -5.30511415e+02, -3.61517032e+02,     2.88409884e+02,  1.34972708e+01,  2.70252973e+02,  1.54875334e+02,     4.89305621e+02, -6.45806385e+02, -4.09389320e+02, -5.26520170e+01,    -7.22129115e+02,  1.63332481e+02,  3.27480098e+02,  1.18316130e+02,    -1.90224234e+02,  1.97522848e+02,  1.18767439e+03,  2.15112565e+02,     1.26166694e+02, -4.08907150e+02, -5.52915297e+02, -1.31047257e+02,     2.59323819e+02, -4.33190846e+01,  1.74167313e+02,  2.93787169e+02,    -4.98929483e+02,  2.05915918e+02,  4.39701914e+02,  4.88591630e+02,    -4.65477423e+01,  9.12910956e+00, -7.77018944e+01, -4.21574024e+02,    -5.54787368e+02,  6.96676462e+02, -5.56837187e+01, -4.93829080e+02,     1.79959962e+01, -1.89722894e+02,  7.62448196e+02, -1.99826275e+02,    -2.87438062e+02,  2.60103267e+02, -1.21149900e+02,  3.60641844e+02,    -4.72766428e+01,  8.39591151e+02,  4.19649673e+02, -1.17151147e+01,    -3.00363112e+02,  2.05593417e+02, -4.62337570e+02, -9.81512364e+01,     5.06898730e+02, -2.34201254e+02, -3.93962855e+02, -1.85696993e+02,     4.33328354e+02,  1.21835758e+02, -6.92185326e+02,  2.54540501e+02,     1.25318745e+02,  5.70215676e+01, -4.27295109e+02,  1.32282028e+01,     2.92468997e+02,  4.25917815e+02,  5.33878842e+02,  2.16152676e+02,     3.38569039e+01, -4.23189099e+02, -3.99904048e+02, -6.21324736e+02,    -7.61277648e+01,  2.63215977e+02, -2.05780236e+01,  4.47631020e+02,    -2.64045189e+02,  1.53651169e+02, -9.87764436e+01, -2.48639015e+02,     4.93214132e+02,  6.38526091e+01,  5.11433348e+02,  2.37464388e+01,     2.08432277e+02, -1.67109217e+02,  5.22189356e+02, -9.97516594e+01,    -3.26523727e+00, -6.52329843e+02, -9.04953994e+01,  6.07249764e+02,     5.55462618e+02,  2.20565847e+02, -1.25956166e+02,  3.22757276e+01,    -1.47176579e+02, -4.65347570e+01,  7.50487317e+02,  1.48798814e+01,    -1.96884341e+02, -9.20976173e+02, -4.53622554e+02, -3.13694813e+02,    -5.59901620e+02, -4.67955995e+02, -5.92901509e+02, -3.87326413e+02,    -3.18928881e+02, -4.00951646e+02,  3.98352798e+02, -2.13214606e+02,    -8.09529944e+02,  3.32446666e+02, -2.40295496e+02, -6.85801192e+02,     8.09309815e+02, -2.00958986e+02,  1.65290879e+02,  3.40237417e+02,     6.31891768e+00,  2.18164618e+02,  6.98448690e+00, -1.25422227e+01,    -1.14150542e+02, -6.04231717e+02,  8.84356916e+01, -1.08915709e+03,     5.45010092e+02, -3.66342292e+02, -1.15757337e+02, -1.48810727e+02,     8.54505958e+01, -1.57705283e+02,  2.39305623e+02, -4.49048372e+02,     3.16202075e+02,  3.25805535e+02,  1.30260023e+02,  8.22352904e+01,     1.65672461e+02,  6.18199594e+01,  2.52670929e+02, -7.93811043e+01,    -5.21970383e+02,  8.15422073e+01, -1.91195997e+02, -3.76955211e+01,     4.15715056e+02, -6.77092680e+02,  7.95065837e+00,  1.11818934e+01,     7.23012729e+01,  2.77757481e+02, -1.15432999e+02,  7.03002039e+02,     4.05376136e+02, -1.46780547e+02, -8.88700559e+01,  1.56599911e+01,     6.51081378e+02, -4.66725447e+02, -8.70515483e+02,  2.41444745e+02,    -1.02218772e+02, -1.05012277e+02,  1.40328238e+02,  6.53888207e+02,     3.99212894e+02, -1.47028778e+02, -4.21673978e+02, -4.99815580e+01,     2.45938581e+02, -1.09391028e+02, -6.22041851e+02, -2.32247414e+01,    -7.76839861e+02, -4.07939576e+02,  6.64654569e+02, -4.28543303e+02,    -5.55295930e+02, -4.34513981e+02, -2.95467196e+02,  2.79497908e+02,     6.89035374e+02, -4.23400614e+01,  2.30608670e+02, -1.50169628e+02,    -5.83862041e+02,  3.90651364e+02, -3.81111146e+02,  2.37330280e+02,     3.03800997e+02, -6.13437563e+01,  3.45060979e+02,  3.67298784e+02,     8.98781019e+02, -1.24937846e+02, -3.85235924e+02, -5.33554329e+02,    -1.26448174e+02, -2.15214750e+02,  8.50391204e+02, -3.70618085e+02,     8.54900097e+01,  6.26367409e+01, -2.19931829e+02, -6.78514451e+02,    -5.42236343e+01,  8.17982266e+02,  9.07417258e+01,  5.91976283e+01,    -4.48496280e+02, -5.08850118e+02, -8.15678538e+01,  4.06307103e+02,    -1.86629698e+02,  8.92998751e+02, -3.67141671e+02,  1.41943078e+02,    -1.74686847e+02, -5.75235672e+02,  2.53578547e+01, -4.28031439e+02,    -6.24400419e+02,  6.87348071e+01,  2.00882396e+01,  4.33725728e+02,     1.75118870e+02, -2.83528616e+02,  1.89182837e+02, -6.91103372e+02,    -4.44254412e+02,  7.59474509e+02,  1.10182691e+02, -1.19934014e+02,    -2.71371196e+02, -3.93169356e+01, -6.54646717e+01,  7.11809410e+02,     3.43007606e+02, -1.24005634e+02, -5.95682228e+01, -3.37884371e+02,    -1.71218975e+02, -5.64825666e+02,  4.00883814e+02,  6.26459687e+01,     1.16832001e+02,  1.27187724e+02, -4.52534486e+01, -1.53131960e+02,    -5.38997127e+00, -8.91325528e+02, -1.60928602e+02, -6.77343734e+01,    -7.73804907e+01,  4.61034067e+02,  5.29829810e+02,  1.35738828e+02,    -8.03547899e+02,  5.37092481e+02, -1.67074817e+02, -3.24018203e+02,    -7.32140626e+02, -2.73955040e+02,  4.94420410e+02,  2.28073629e+02,     5.67025384e+01,  2.56928442e+02, -4.89693707e+02, -3.72215187e+02,     4.62738418e+02,  3.19947361e+02,  4.34349031e+02, -2.76715301e+00,     5.71622020e+01,  4.65201136e+02,  8.29055792e+02, -2.07670780e+02,     3.16742012e+02, -1.40144070e+02, -3.51767749e+02, -2.87145042e+02,    -2.56665568e+02, -1.26239790e+02, -4.29289183e+02, -1.97124528e+02,    -1.17139768e+03,  2.86347501e+02,  1.62669086e+02, -3.11372244e+01,    -3.48634549e+02, -1.88404797e+02, -4.52527515e+02,  9.89012421e+01,     6.91651331e+02, -1.74563287e+02, -1.37579582e+02,  1.84475424e+02,    -4.06503184e+02,  7.28484981e+02,  1.39289590e+02,  1.57241435e+02,     4.33471297e+02,  1.59603678e+01,  4.71199187e+02,  1.37728550e+02,    -7.28466988e+01,  7.85144139e+01, -1.75546955e+01,  5.84146153e+02,     7.59191470e+01,  1.23383275e+02, -7.53626021e+01,  1.11853966e+02,    -7.76811367e+02, -3.12106761e+02, -3.87441483e+02,  4.30771305e+02,    -2.44909448e+02, -5.41670833e+02,  4.93461614e+02, -1.00795478e+02,     3.67338024e+02, -7.67471477e+02,  2.08286788e+02,  6.47479962e+01,     4.99790712e+01, -7.43430029e+01, -5.46183570e+01,  4.13782240e+02,    -2.57695072e+00, -4.15215677e+02, -1.33816851e+02,  2.13144548e+02,    -9.80897506e+02, -7.80948007e+02,  1.28632076e+01,  9.34237796e+01,    -3.64286928e+02, -3.59425720e+01,  9.12309481e+02,  2.76843766e+02,    -4.71954687e+02,  7.92389945e+01, -7.51636638e+01,  8.66920984e+01,    -2.88177306e+02,  1.55647496e+02,  2.39222388e+02, -5.65997074e+01,     9.46344118e+02, -9.04581186e+01, -2.70033140e+02,  1.58797524e+02,     3.47162591e+02, -2.97929401e+02, -2.50634630e+01,  8.05733972e+02,    -2.00789787e+01,  4.96428940e+02,  1.19787937e+02, -8.14011848e+01,    -2.23099998e+02,  4.80008305e+02, -4.61522729e+02, -1.76276149e+01,    -1.25715490e+02, -3.55525892e+02,  1.41852030e+02,  2.00155178e+02,     7.59560105e+01, -1.35144028e+01, -3.25311788e+02,  1.56061660e+02,    -1.48640662e+01, -2.11243673e+02, -1.82087168e+02,  1.65826824e+02,    -4.20097297e+01, -3.07737222e+02, -8.95292672e+02,  7.75696921e+01,     1.97344083e+02, -3.93482684e+02, -1.89630407e+02,  6.93706125e+02,     6.06294909e+01,  2.95506258e+02,  5.44613023e+01,  3.10193879e+02,     4.34378436e+01, -3.31660145e+02, -3.15560121e+01,  7.03211287e+01,     2.33790283e+02,  6.75629658e+02,  4.14375740e+02,  1.74673514e+01,     1.44969807e+02,  5.07861415e+02,  2.20337867e+02, -6.11417323e+02,    -2.25255180e+02,  1.13382531e+02,  7.19797413e+01,  2.22560106e+02,    -4.42519406e+02,  1.07920715e+02,  3.38013425e+02,  4.15849187e+02,    -3.77689432e+02, -4.50479579e+01, -1.93097667e+01, -1.13348557e+02,    -2.80966956e+02, -1.67500132e+02, -2.64811163e+01,  6.69143367e+01,     3.48027747e+02, -2.61794423e+02,  6.73773554e+02,  2.99760327e+02,     2.12112334e+02,  2.79542843e+02,  2.56500790e+02,  2.76224432e+02,     4.54989368e+02, -3.71903711e+02,  5.32771146e+02, -9.37171078e+02,     2.61757294e+02, -9.16219875e+02,  7.10314899e+02,  6.11297818e+02,    -9.83955796e+01, -4.14419792e+02, -3.56028661e+02, -4.85501099e+02,    -5.21708017e+02,  4.84498537e+02,  3.61965142e+02,  2.03737280e+02,     2.68490190e+02,  3.42368377e+02, -3.23757792e+02, -1.70895996e+02,     4.83968707e+02, -1.04749185e+02,  4.46683442e+02,  6.15686761e+02,    -3.65326773e+01, -6.06609207e+02,  1.11689537e+01, -1.16181663e+01,    -8.26316136e+01,  6.30982377e+00, -5.65928985e+02, -1.56759443e+02,     4.88273815e+01,  7.41175848e+01,  4.07889444e+02, -3.36994877e+02,     5.16906646e+02, -3.41146176e+02,  1.86411973e+02,  3.27704396e+02]
bee_TS =[-4.95003358e+02, -3.94351912e+01, -1.14734176e+02,  3.83504435e+02,       -1.80938947e+02, -1.59037157e+02, -3.37377190e+02, -7.53274698e+02,       -3.61454731e+02, -4.05042326e+02, -3.29705318e+02,  3.85078772e+01,        1.20570585e+01,  2.63176710e+01,  2.64298964e+01,  3.99215062e+02,       -1.76489621e+02, -1.56746181e+02,  1.48290891e+02, -9.41372125e+02,        4.95561225e+02, -2.27099894e+02, -4.30540519e+01, -1.02175654e+02,       -4.89928465e+01, -4.95813821e+01,  7.31694200e+02, -1.80171322e+02,       -6.99900423e+01, -4.45171793e+02,  6.56064575e+02, -1.16606777e+02,       -3.30225203e+02,  2.03493168e+02, -3.59839139e+01,  1.64572493e+02,       -2.71650342e+01,  6.07270957e+01,  2.30572516e+02, -8.62326879e+02,        4.58544683e+02,  1.08639669e+02, -4.81486872e+01, -2.86188606e+02,        9.52832266e+01, -1.52373697e+02,  3.71086189e+02,  3.13258271e+02,       -2.33959602e+02, -2.47503621e+02, -2.53155767e+02, -2.86451470e+02,        9.56323623e+01, -4.20776243e+02,  1.15486154e+02,  5.07383371e+02,        5.78664290e+02,  2.94302632e+02,  1.36264764e+02,  2.31540865e+02,        7.59171045e+02,  1.78892705e+02, -4.66559148e+02, -1.05262999e+02,       -1.98907438e+02,  5.17162172e+02, -6.34401237e+02, -5.30877013e+02,       -2.28647588e+02, -8.13324655e+01, -3.71562965e+02,  2.26698834e+02,        8.13559408e+01,  1.10650164e+02, -3.26455858e+02, -2.94712378e+02,       -4.76900233e+02,  3.18035854e+02, -2.76769890e+02,  2.22381043e+02,       -5.55615175e+01, -2.48587066e+02, -4.93659079e+02, -1.47396314e+02,       -9.55001154e+01, -1.34855927e+02,  3.33406168e+02,  5.98352898e+02,       -3.56883912e+02, -6.77540611e+02, -1.68330359e+02,  9.38290994e+02,       -4.83491143e+02,  2.80774262e+02, -8.93241671e+01, -5.26184717e+02,        2.03387503e+02,  3.23717972e+02, -1.48607412e+02,  2.99037440e+02,       -2.27137436e+02, -4.33039049e+02,  7.52518479e+02,  3.93859468e+02,        2.63227524e+02,  1.24206901e+02,  2.07582908e+02,  6.89233213e+02,       -2.10262157e+02,  4.90004291e+01, -1.16967099e+03,  1.56051408e+02,       -5.77463628e+02,  1.22601360e+02,  1.82449696e+02, -2.88350480e+02,       -4.53275684e+02,  5.34847463e+01, -2.48475400e+02,  2.99801467e+02,       -4.30224796e+02, -2.19531631e+01, -3.00095320e+02, -3.54149806e+01,       -2.81589135e+01,  1.41902332e+02,  1.10310168e+01, -5.03713266e+01,        5.10665548e+02,  7.71477330e+02,  4.04245515e+02,  6.61347625e+02,       -1.00633837e+02,  1.14888748e+02,  4.63871188e+02, -7.75466493e+01,       -6.45224174e+02, -3.15627201e+02, -4.23882140e+02, -2.42490847e+02,        2.36928030e+02, -9.95987455e+02, -1.63291553e+02,  3.62843370e+02,       -3.07904240e+02, -3.11800212e+02,  4.57429305e+02,  3.71556127e+02,       -2.92627783e+02,  1.62283079e+02, -2.07481379e+02,  2.93772112e+02,        3.31853464e+01,  1.29787750e+02, -7.33859555e+02, -4.10073062e+02,       -6.46107599e+01,  3.17409298e+00, -3.26237040e+02,  9.01120604e+02,       -1.88594330e+02, -2.84235024e+02,  3.17936257e+02, -4.05969661e+02,       -2.75387919e+02,  2.58481062e+02,  9.34748286e+01,  1.09555396e+02,        1.01835834e+02, -9.55023715e+01,  1.64799249e+02,  4.92310234e+02,       -2.50116794e+02,  1.45790452e+02,  7.68675638e+02,  2.83301081e+02,       -7.38734559e+01, -1.61770027e+02,  1.30022588e+03, -1.48116032e+02,        2.98271738e+02,  1.82506412e+02,  2.91729913e+02,  7.51260882e+02,        4.22211954e+02, -2.46254181e+01,  1.91159178e+02,  3.99329897e+02,        3.28213711e+02, -4.68984563e+02,  7.90113124e+02, -7.03183836e+02,       -1.50250013e+02,  4.86202764e+02,  6.99158115e+01,  5.88515371e+01,        2.65194288e+02,  2.07556341e+02,  3.02720286e+02, -5.40266246e+02,        4.29985849e+01, -2.31496567e+02, -9.26986906e+01, -2.85335334e+01,       -7.49804215e+01, -4.66397162e+01,  6.91488607e+02, -7.19262949e+01,       -2.33972872e+02, -1.90367001e+01,  9.86492894e+01, -4.97156811e+02,       -3.76850709e+02, -3.08394675e+02, -5.33164578e+02, -1.39282633e+02,       -3.52099849e+02,  1.63827439e+02, -1.03169802e+01, -8.95132915e+01,       -7.24033964e+01,  5.53772510e+01, -1.70356548e+02,  5.65799703e+02,       -6.93422935e+02, -1.36643558e+02, -1.33098374e+02,  1.42323241e+02,        1.55371812e+02, -3.90682648e+02, -1.55897776e+02,  3.53053093e+02,       -1.88891798e+02,  1.33842358e+02,  3.12493861e+02, -3.62448118e+01,        9.55541649e+02, -1.75423916e+02, -2.72144735e+02,  5.51621292e+01,       -1.91160670e+02,  4.49251504e+02, -3.03308079e+02,  7.17157511e+01,        5.30538252e+02, -1.10552843e+02,  1.01647907e+03,  1.08478131e+03,       -5.54383262e+02,  4.91285228e+02,  1.40920272e+02, -4.51655078e+02,        1.49070241e+02,  3.05726596e+02,  3.20310878e+02,  1.98299514e+01,        9.90933095e+01,  6.00569697e+02, -1.95160834e+02,  1.38283683e+02,        6.44502416e+02, -3.15829945e+02, -1.24924876e+02,  4.39567669e+02,        2.26159652e+02,  6.45260515e+02,  2.16106877e+02,  5.64574755e+01,        2.22133786e+02,  3.27997622e+02, -4.08194720e+02,  2.83109742e+01,        1.53927777e+02,  1.03962251e+02,  1.85129106e+02, -4.95175687e+02,        2.90635919e+02, -3.76448611e+02, -2.66989598e+02,  1.47971256e+02,       -1.19944224e+02,  4.63118033e+02, -2.06283854e+02,  2.45430192e+02,        2.76670809e+02,  6.73724729e+02,  4.68981674e+02,  3.99977599e+02,       -7.56561963e+01, -5.72211383e+01, -2.67355921e+02,  6.46962955e+02,        6.64199821e+02,  3.15431884e+02, -1.93908237e+02,  4.25494775e+02,       -7.69792724e+01,  1.79837337e+02,  5.24934339e+02,  7.12337963e+00,       -6.50437264e+01, -2.10497120e+02, -4.47880578e+02,  8.19189824e+02,        3.80349585e+02, -4.71818863e+02, -1.30167881e+02,  2.35778658e+02,       -8.91202346e+01,  5.25830030e+02,  1.03358274e+02,  6.72839725e+02,        2.61236077e+02, -2.40985181e+02,  2.10503009e+02, -3.56906399e+01,       -2.69693953e+02,  1.42172737e+02,  1.59544303e+02,  7.66583028e+02,        6.75073671e+02,  4.43775337e+02,  5.89585936e+02,  6.10477376e+01,       -2.31710256e+02,  1.32432234e+02, -2.80734922e+02, -4.26198959e+02,       -4.88862639e+02, -2.29874100e+02, -9.09390688e+02, -2.61835426e+02,       -7.19939982e+02,  1.80871313e+02, -3.88402491e+02,  3.44351070e+02,       -8.06336691e+02, -2.73577536e+02,  4.18516944e+02,  1.89914255e+02,       -7.26474382e+02,  5.25322428e+02, -2.03328235e+02,  4.39358398e+02,       -2.16950608e+02, -6.65245526e+02,  1.02314093e+02, -5.36381803e+02,       -1.14233583e+02,  2.84858736e+00,  3.58511794e+02,  1.05504627e+03,       -3.84022407e+02, -2.95373605e+02, -2.06170783e+00, -1.18189313e+02,       -6.84401703e+02, -4.69329377e+02,  4.17966036e+02, -2.15018971e+02,        1.41373360e+02, -4.10631575e+02, -1.25796561e+02, -3.38316950e+02,        4.52186287e+02,  1.30315155e+02, -1.88798290e+02, -1.12316193e+02,        8.45398826e+01, -7.04351192e+01,  3.66625539e+02, -2.11436546e+02,        4.22862301e+01,  2.88936398e+02,  1.48567136e+02, -1.46249584e+02,        1.30465204e+03,  4.55681056e+02,  2.81439840e+01,  8.98339245e+01,       -5.19355372e+02,  2.60475357e+02, -6.31075259e+02, -2.15775546e+02,       -4.63063352e+02, -1.61000630e+02,  4.67844696e+02, -4.75233216e+02,        1.51913154e+02, -2.29616446e+01,  2.77596631e+01, -3.14146846e+02,       -3.77136859e+02, -1.96185238e+00, -3.61568289e+02, -1.86837188e+02,       -3.44439886e+02, -8.82640295e+01, -3.02369787e+02, -4.32661679e+02,        1.89356732e+02, -1.46086226e+02,  1.77952261e+02,  8.55676217e+01,       -6.18572575e+02, -4.61794440e+02, -3.33357186e+02,  3.00250184e+02,       -8.21135289e+00, -5.32697456e+02,  4.89495847e+02, -3.34624940e+02,        4.60206676e+02, -2.53050111e+02, -4.09527171e+02,  2.24289492e+02,       -5.70500978e+02, -3.26906957e+02,  5.37639879e+02,  1.51785189e+02,       -3.39819553e+02,  4.40633701e+02, -1.43855739e+02, -3.17138446e+02,       -2.57562639e+02, -4.08425026e+02,  1.99475457e+02, -7.64668761e+02,       -7.01576614e+02, -8.14045324e+01, -2.54290968e+02, -4.63011494e+02,        6.06432524e+02,  1.11139468e+03, -2.79274200e+02, -2.73271225e+01,       -5.31287833e+02,  5.56578708e+02,  1.55233746e+02, -1.63792533e+02,       -3.25204291e+02,  1.42679000e+02, -5.12458647e+02, -1.69917757e+02,       -7.47552875e+02,  2.93892465e+02,  1.10993852e+02,  5.51524786e+00,       -5.74557215e+01, -2.85992543e+02, -7.47427860e+01,  1.07287731e+03,       -1.62896073e+02, -3.88082535e+02, -5.70662037e+02,  1.09240894e+02,       -3.01990975e+02,  7.39685394e+01,  2.44975858e+02,  5.67557312e+01,        2.36340637e+02,  1.00294899e+02,  5.02458169e+02,  2.60463529e+02,       -2.84799665e+02,  3.54646670e+02,  2.92538549e+02,  9.37165342e+01,        3.77008289e+02, -2.05922681e+02,  6.12314181e+02,  1.55107843e+02,       -2.52940870e+02, -4.84248347e+01, -1.61184400e+02,  2.03744337e+02,       -2.22264252e+02, -2.39397747e+01, -9.01564840e+01,  6.99444458e+02,        4.50357715e+02, -5.69209288e+02, -3.43401226e+01, -4.55152464e+02,       -1.48998129e+02, -1.91243784e+02,  6.16406235e+01, -1.21976975e+01,       -2.17589775e+02,  1.06074217e+02, -5.79566389e+01, -8.88856903e+01,        7.30826015e+02,  1.52782923e+02, -6.82446839e+02, -3.74013934e+02,        7.77287313e+02,  2.30945539e+02, -7.22144957e+01,  8.95045408e+02,       -1.56524465e+02, -9.61757524e+01, -4.87282846e+01,  1.13009100e+02,        2.38972051e+02,  3.45819340e+01,  2.25752282e+02, -1.34538981e+02,       -2.60536880e+02, -3.64468759e+02, -4.03114085e+02,  3.78632600e+02,        1.06690679e+02,  3.18037549e+02,  1.16158873e+02,  7.45538050e+02,        1.47782816e+02, -6.89835010e+02, -2.89300367e+02,  8.40627958e+01,       -2.33853911e+02,  5.22642008e+02, -1.04550375e+02,  1.54962698e+02,        4.19245480e+02, -6.17532843e+02,  1.25119182e+03,  1.63263443e+02,        2.01052179e+02,  2.94801383e+02,  6.79484911e+01, -6.22008507e+00,        3.04020640e+02, -2.98561389e+02,  6.87670385e+02,  5.93022344e+02,       -3.48549572e+02,  1.25187472e+02,  5.84136545e+02, -1.82551094e+02,        1.33935818e+02,  3.60718047e+02,  3.59460252e+02, -6.59909060e+02,       -1.17517865e+02, -2.95838833e+02, -2.50297277e+01, -3.47395911e+01,       -2.33806316e+01, -1.37945361e+02, -2.46757075e+02,  6.86698782e+01,        8.63210226e+01,  4.50140642e+02, -3.53463145e+02,  3.24486484e+02,        3.75642088e+02, -1.40885496e+02,  7.46478256e+02, -5.75002565e+02,       -8.86435406e+02, -5.58446433e+01, -7.04785493e+01,  5.81814195e-01,        6.63030778e+02, -6.18573700e+01,  3.42031073e+02,  4.00601808e+02,        3.19834836e+02, -8.93931561e+01,  5.32501207e+02, -1.34215582e+02,       -2.71075858e+02, -3.90066827e+02,  4.49401966e+01,  3.23714070e+02,       -4.26767688e+01,  3.22788799e+02, -2.60416149e+01,  5.38944989e+02,        1.67963690e+02,  7.50633135e+01, -4.72606277e+01,  2.85382868e+02,        3.17737789e+02,  1.68074029e+02, -6.69693008e+00, -4.50949982e+02,        2.52809498e+02,  1.65999431e+02,  3.10614911e+02,  2.60815393e+02,        2.97690770e+02, -5.00072348e+01,  2.26707469e+02, -2.07006972e+02,       -8.60161380e+00, -4.67560828e+02, -2.61925146e+02,  3.28543795e+02,       -7.60815296e+02,  2.47481111e+02,  1.43036864e+02,  6.94861411e+02,       -2.20682811e+02,  2.55578567e+02, -9.88023606e+01, -4.06394669e+02,       -6.05797358e+02, -6.75411639e+01, -7.37788689e+02,  1.36226400e+02,       -1.73462528e+02,  2.51492246e+02,  1.71277851e+02, -2.14009464e+02,       -2.09348674e+02,  3.24029753e+02, -5.03250105e+02, -1.02065067e+02,       -1.74910713e+02,  1.96147675e+02, -4.59682830e+01,  4.89978208e+01,       -1.81634370e+02,  4.77860512e+02, -3.98185656e+02,  8.11348311e+01,        5.03594275e+02, -2.86974453e+02,  1.49821309e+01, -3.24534618e+01,       -5.75991409e+02, -3.90946352e+02, -6.77553826e+01,  2.20949810e+02,        2.69995862e+02,  4.07073233e+01, -6.77545401e+01,  1.85888517e+02,       -3.79303127e+02,  2.96866129e+00, -4.22212335e+02, -2.31007057e+02,        3.94092952e+02, -2.46711644e+02,  5.37394431e+02, -1.78048077e+02,        2.95439018e+02,  2.14279432e+02, -5.22620165e+02, -2.39828862e+02,        7.21398058e+01, -3.34124355e+02, -2.92954778e+02, -7.27802194e+02,       -4.67344142e+02, -4.38543279e+02, -3.60460641e+02,  1.90439546e+01,        1.09698498e+02,  7.49062967e+00,  1.74834395e+02, -4.78093925e+02,        1.21036456e+02,  1.73362260e+02, -5.57455333e+02, -5.41232796e+02,       -3.44927057e+02, -1.94069381e+02,  1.64325679e+02,  7.87808287e+00,       -3.73102392e+02,  2.99670250e+02, -1.67207238e+02,  4.19539114e+02,       -7.49023528e+02,  5.05635457e+02, -3.04428954e+01, -3.06179262e+02,       -2.19507424e+02,  2.76108695e+01,  3.55632906e+02, -6.32825155e+02,       -1.18703832e+02, -1.72162848e+02,  4.12103739e+02,  7.04914678e+02,       -8.14191678e+02,  7.84458336e+02,  3.83616078e+02, -6.26159926e+02,       -2.95958869e+02,  6.39075971e+02,  5.07983007e+02, -1.49570552e+02,       -3.00585635e+01,  8.66679343e+01,  5.93462562e+02, -4.41587017e+02,        1.37140457e+02, -6.35907482e+01,  2.56028782e+02, -6.20797263e+02,       -6.41951198e+01, -2.82873882e+02,  3.96508545e+02,  3.58713041e+02,       -7.18778292e+02, -4.16000119e+02, -1.91175588e+02, -3.25469200e+02,       -1.23062902e+02, -1.94352521e+02,  3.59404993e+02,  3.48549472e+02,       -4.96522276e+01, -3.87343050e+02, -7.01001057e+02,  3.64439287e+02,       -4.26710253e+02, -2.62800747e+02,  4.01872397e+01, -2.88907809e+02,       -3.50080644e+02, -2.15875167e+02, -3.52523200e+02, -2.25849330e+02,       -4.27338681e+02,  4.89004123e+02,  5.42550269e+02, -2.77830781e+01,       -2.00915115e+02, -1.36054507e+01,  3.56400599e+02, -7.40350048e+02,       -1.74357008e+02,  4.20654216e+02,  5.63135923e+02, -1.55930555e+02,        9.48570135e+01,  4.59813100e+02,  1.30899724e+02, -5.73029538e+01,       -3.71927492e+02,  1.90738113e+02, -3.01861140e+02, -1.34851437e+02,       -1.62655242e+02, -1.57943454e+02,  1.67031220e+02,  6.56191628e+02,        7.22542391e+00,  3.50502853e+01, -7.61365983e+02, -1.45535395e+02,       -3.18975868e+02,  3.97228818e+01, -3.54487722e+02,  6.59227159e+02,        6.83894911e+02,  1.23613763e+02, -1.24581839e+02,  1.21709006e+02,        2.14534452e+02, -4.02122416e+02, -6.49206211e+01,  1.16110980e+02,        1.17020087e+02,  4.77669535e+02,  3.79728265e+02, -1.74916457e+02,        2.39480378e+02, -8.12584107e+02, -3.63906119e+01,  7.17102439e+02,        8.05213583e+01, -5.85063644e+00,  2.80094713e+02, -2.45087210e+02,        7.81623341e+02, -1.02751245e+02,  7.17106811e+02,  3.12472809e+02,       -3.22436704e+02,  2.57577459e+02, -2.60543375e+02, -5.79348897e+02,       -3.35707652e+01, -4.77686479e+02, -4.50055482e+02, -4.53969266e+01,        2.70270260e+02, -4.76174278e+01, -2.84473086e+02,  6.34194527e+01,       -6.14845678e+02, -7.84100079e+01, -6.98646664e+02,  4.39532534e+02,       -1.12076423e+01, -4.32522966e+02, -1.60257280e+02,  1.46388880e+02,       -2.70843910e+02, -3.98373288e+02,  7.59730669e+02, -1.88559454e+02,       -3.75811993e+02,  2.11972647e+02, -9.92563005e+01,  4.32369948e+02,       -1.31410116e+01,  7.42562098e+01,  8.60098016e+02, -1.52322626e+02,       -2.94685609e+02, -3.13528855e+02, -4.49566515e+02, -2.78633329e+02,        2.39733044e+02,  1.76297099e+02,  1.78901882e+02,  6.33712991e+02,        1.97779132e+01,  1.40642908e+02, -5.61804889e+02,  2.06695112e+01,       -1.98289827e+02, -2.26015884e+02,  1.60149582e+01,  2.97196491e+02,        3.24577902e+02,  6.87987471e+00,  7.91981628e+01,  2.49949147e+02,        3.16967674e+02, -2.04023877e+02, -1.11681281e+02,  1.45224963e+01,       -1.98361140e+02, -6.69146926e+01, -2.28041071e+02,  6.40910588e+02,        5.51168286e+02, -1.07770258e+02,  1.01638533e+02, -2.01085044e+01,       -2.00494977e+02,  2.82585703e+02, -7.51093802e+01,  3.30578936e+02,       -4.56591501e+02,  1.60583304e+02, -9.45498830e+01, -4.63074095e+02,       -2.15205590e+02,  2.32420496e+02, -7.25044493e+02,  3.58269197e+02,        4.17980674e+02, -6.04654617e+01, -4.35188384e+01, -2.77708744e+01,        2.06482667e+02, -2.79929941e+02,  3.09191271e+02,  2.39975417e+02,       -8.87960855e+02, -2.80152542e+02,  1.92014520e+02, -7.75918310e+01,        3.23574134e+02, -5.21602550e+02, -4.05016444e+00, -3.52911938e+02,       -1.04798386e+03,  6.36565078e+02, -5.03765879e+02, -4.87955910e+02,        7.53306134e+01,  1.08580968e+03, -8.82096089e-02, -1.81687353e+02,       -1.78114953e+01, -6.04527746e+01, -7.51749616e+02, -5.24943671e+02,        6.59576824e+02, -4.32888944e+01, -3.36426835e+02,  4.27730814e+02,       -2.93138308e+02,  3.35760153e+02,  4.62853865e+02, -5.23311125e+02,       -2.17602589e+02, -2.92433629e+02, -1.26937212e+02, -1.64113520e+02,       -5.59197273e+01,  1.16356198e+02, -2.84858149e+02,  2.52103358e+02,        5.07376400e+02, -1.37875259e+02, -1.50776565e+02,  1.17127645e+02,        4.86994364e+02,  4.12245114e+02,  3.03001600e+01, -1.33708799e+01,       -4.50448225e+01, -4.31192645e+02,  3.20366294e+02, -2.03349556e+02,        1.67319548e+02, -1.34455030e+02,  2.47112220e+02,  1.48928931e+02,       -6.67935686e+02, -2.36566590e+02, -6.70171048e+02, -2.74356921e+02,        6.35659128e+01, -1.45865228e+02,  2.53545719e+02, -2.45370256e+02,        1.61466754e+01,  8.91663854e+01,  6.32762295e+02,  3.17625604e+02,       -2.28345144e+02,  1.76567609e+01,  9.37268232e+01,  3.39402865e+02,       -5.56462975e+00,  4.29178541e+02,  2.05840452e+02,  7.56621810e+02,        2.17547209e+01,  5.81015885e+02, -2.21439451e+02, -3.26965122e+02,        7.08185458e+01,  6.16535585e+01,  2.59271732e+02, -5.28904700e+01,       -1.35717697e+02,  2.20984534e+02, -3.88869453e+02, -4.39196426e+02,        6.51561563e+02, -5.05168911e+01, -3.63763752e+02, -3.90032045e+00,       -1.20055655e+02,  2.96136753e+02,  2.80861296e+02, -1.66751149e+02,        9.67813248e+00, -2.29933437e+02, -2.76322799e+02, -2.42470856e+02,       -8.11916160e+02, -2.95313043e+01, -5.47819930e+02, -4.67581724e+02,       -3.35385499e+02,  1.48671416e+02, -3.20264182e+02,  1.85194909e+02,       -4.78852300e+02,  8.84313385e+00, -3.45170859e+02,  6.35984235e+01,        1.00510768e+02,  2.45860157e+02, -1.67828274e+02, -1.24380480e+02,        2.20468300e+02,  5.10692740e+02,  2.76274637e+02,  6.62577818e+01,       -5.79150698e+02, -1.17518445e+02, -2.62865399e+02, -5.15586858e+02,        3.51691901e+02, -2.93871277e+02, -3.70358006e+01, -1.94165290e+02,       -8.60683410e+02,  4.22770150e+02, -1.41329475e+02,  3.50285900e+02,       -5.89243401e+02,  5.56543415e+02,  3.60058942e+01, -2.64889059e+02,        3.93976522e+01, -1.99430990e+02, -5.80780472e+02,  1.19748005e+02,        2.36937253e+02,  2.79903417e+01, -3.07015832e+02, -1.10240672e+02,        1.37320010e+02,  2.47743686e+02,  5.44687250e+02,  2.16405939e+02,       -1.99518919e+02,  7.48662423e+02,  2.45737131e+02,  3.31242327e+02,       -1.44238067e+02,  2.25218855e+02,  1.46511838e+02, -5.23736623e+02,       -1.59488651e+02, -3.34238480e+02, -2.64814531e+02, -8.79955834e+01,       -1.49947935e+02, -3.14575248e+02, -9.64214745e+02, -2.58800146e+02,        1.31261639e+02,  8.55849737e+01,  7.87759749e+01,  4.21793306e+02,        1.57873717e+02,  2.71945481e+02, -3.58134339e+02,  3.92578046e+02,       -4.18637332e+02, -6.51044280e+02,  1.62200704e+02, -3.42376551e+02,       -3.56066228e+02, -1.33801697e+03, -1.01756361e+02,  6.78523593e+02,        3.96070521e+02, -8.68633011e+01, -1.00702474e+02,  2.49431176e+02,        5.78042476e+02, -3.42859402e+02, -8.06895630e+01, -2.69082442e+02,       -3.05610089e+02, -2.89741917e+02,  1.35206523e+02,  6.08604716e+02,       -5.57749366e+02, -4.49218843e+02,  2.08036923e+01, -7.24977583e+01,       -1.19892037e+02, -7.90831065e+02,  4.79897583e+02,  2.14269310e+02,        7.59196627e+01,  4.11104875e+02, -2.57340528e+02,  2.51453037e+02,        2.28813843e+02,  4.50075219e+01, -3.91203237e+01,  1.04646804e+02,       -1.37287201e+02,  3.98711266e+02, -3.70738962e+02,  3.56515586e+02,        7.87554364e+01,  9.43048795e+01,  2.01376310e+02, -7.30990588e+02,        5.42769050e+01, -5.42773999e+02, -4.29180875e+02, -4.16431734e+02,       -3.81325152e+02,  1.20579798e+01,  1.09963668e+02,  4.09419637e+02,        8.24177360e+01,  1.16617220e+02, -6.04035205e+02, -2.12251692e+02,        2.79236924e+02,  1.21721366e+01,  1.63478260e+01, -6.87188855e+01,        3.11355781e+02, -7.73939304e+02,  8.90352908e+01,  2.01293561e+02,        3.86544591e+02,  3.29818115e+02, -4.81911083e+02,  6.35349896e+01,        3.58943836e+01,  3.63121279e+01,  1.59703283e+01, -1.64883330e+02,       -2.65497151e+02,  1.33446706e+02,  5.32185464e+02, -7.70135619e+01,        8.03904593e+01,  1.51452926e+02, -2.09304297e+02, -2.07650739e+02,       -9.79167733e+02, -3.25185184e+02, -4.28841307e+02, -6.45960507e+01,       -5.37603054e+02,  6.37003580e+02, -2.49903722e+02, -4.47618683e+02,       -1.32739595e+03,  5.54911288e+02,  1.16111165e+02, -1.36349873e+01,       -5.20726012e+02,  8.94595525e+01, -1.47156026e+02, -2.76299476e+02,        9.98342157e+01,  2.71755708e+02,  6.72989634e+01, -1.45427490e+02,       -2.88929324e+01,  6.66622805e+00,  1.64312964e+02, -5.14923639e+02,        5.91933286e+02, -3.55138456e+02, -2.29576869e+02, -3.54437338e+02,       -8.20888124e+02,  8.08184423e+01, -4.04020561e+02, -1.87226481e+02,        2.89411001e+02, -2.03342194e+02,  6.21766431e+00, -8.27153080e+01,       -2.18092786e+02,  1.37592891e+01,  4.49713880e+02, -4.40262788e+02,        7.77281648e+02, -1.66862325e+02,  2.88041816e+02, -6.47054206e+01,        1.26732758e+02, -1.00014254e+02,  3.97222127e+02,  5.29464058e+02,        1.68929983e+02,  4.64564212e+02, -3.30633102e+02, -2.71506364e+01,       -1.92706573e+02,  5.77882040e+02,  4.88838975e+02,  3.74932856e+02,       -1.25743621e+02, -2.56129574e+02,  2.28364136e+02, -2.18695297e+02,       -1.16833959e+02, -6.16115829e+01, -2.18807857e+02,  4.34401434e+02,       -4.85352823e+01,  3.34891517e+02,  1.18648336e+02,  1.44455415e+02,       -2.89412615e+02,  2.75023668e+02, -1.54894102e+02, -1.11204933e+02,       -2.56696731e+01, -4.30833783e+02,  6.49929397e+02, -2.38933216e+02,       -3.56388668e+01,  1.67196177e+02,  1.44331389e+02,  5.97870323e+02,       -1.38426121e+02,  6.49565249e+02,  5.89348393e+02, -8.22405269e+02,        7.41062247e+01, -1.73498480e+02,  1.23821172e+02,  7.40648566e+01,        1.47860581e+02,  5.10195540e+02,  7.82282672e+02, -6.63867565e+02,        6.48847526e+02, -7.79272235e+02, -6.49277830e+02, -1.03319590e+02,       -1.01329783e+01,  5.92662612e+02,  3.28472380e+02, -1.56160781e+02,       -7.84305438e+02,  5.95289349e+02, -3.80590430e+02, -1.03820990e+01,       -4.30416201e+01,  1.04716307e+03, -2.40115980e+02, -8.91051055e+02,        2.61056413e+02, -1.36761547e+03,  9.39096351e+01, -3.01323437e+02,       -1.53380208e+02, -2.31235114e+02, -4.95990497e+02,  3.47694581e+02,       -3.06089773e+02, -7.65860933e+01, -6.62587747e+02, -5.68836574e+01,       -4.03453396e+02, -6.30120654e+02, -1.03751602e+03,  8.61292734e+01,       -2.72151777e+02, -8.29585825e+00, -1.14265147e+02, -6.69516610e+02,       -5.33880868e+02, -4.46379463e+02, -4.50187490e+02,  4.63746129e+02,        7.93255856e+01, -4.04246833e+02, -1.54572763e+02, -1.89069206e+02,        3.13820509e+02, -2.82322674e+02, -1.05171942e+02, -1.89514605e+02,       -3.02963577e+02, -3.16295824e+02,  3.23652781e+02, -1.48769552e+02,       -7.69554784e+02,  6.51798974e+02,  3.97825852e+02,  5.26558216e+01,       -6.12263072e+02, -6.38592768e+02,  9.19446963e+01,  1.20611280e+01,       -2.50846752e+02, -4.11293235e+02,  3.00970329e+02, -6.69277575e+01,        2.30827969e+02,  4.18272232e+02,  2.84591524e+02,  2.99070656e+02,        2.16033528e+02, -1.71639299e+02, -1.05555038e+02, -1.86405777e+02,       -2.94899120e+02, -3.86603028e+02, -5.47331499e+02, -3.31122513e+02,       -6.77138584e+01, -6.74712621e+02, -7.21211076e+01,  2.74855840e+02,       -6.02189517e+02,  2.09094313e+02,  1.82631907e+02, -5.95366840e+02,       -4.80221823e+02, -1.31299217e+02,  1.79927228e+02, -3.35606877e+02,        5.91431562e+02,  5.30354569e+02, -6.34030402e+02,  4.29113718e+02,        2.99534859e+02,  6.39998416e+01,  2.14650582e+02, -3.60095133e+02,       -1.20224745e+02,  4.51691368e+01,  1.49043074e+02,  3.82465764e+02,       -4.26915181e+02, -3.52437456e+01,  1.49990626e+02, -1.34907184e+01,       -2.21439700e+02,  1.66806377e+02, -2.25386756e+02, -1.70242040e+02,        3.28044815e+01, -5.06167037e+02,  3.11681718e+01, -2.00081204e+02,       -1.05582194e+02,  2.82321761e+00, -4.79373675e+02,  4.75016285e+02,       -2.27117292e+02, -1.08884562e+03, -7.13169348e+02,  3.29642966e+02,       -2.98792178e+02, -1.42866103e+02, -2.45753049e+02, -1.40116086e+02,       -8.40891806e+02, -9.50360095e+01, -5.40000025e+02, -2.81021092e+02,        2.17377443e+02,  6.25620625e+02, -3.52444844e+00, -2.74476164e+01,        4.90496521e+02, -4.26068815e+02,  3.03240442e+02,  7.84842386e+01,       -3.49686315e+02, -1.50156508e+02,  2.06784195e+02,  1.55736564e+01,        8.23793907e+01,  9.62344122e+01, -1.98191328e+02, -2.34509770e+02,       -4.45382385e+02,  4.21072482e+02, -5.33799031e+02, -3.92598491e+02,        7.95677650e+01, -7.52663277e+02,  1.61973068e+02,  5.27678159e+02,       -3.94407503e+01,  5.77070631e+01, -2.08680615e+02, -1.72028897e+02,        8.60516923e+01,  3.15221264e+02, -3.40762053e+02,  2.61023124e+02,       -9.30423978e+01, -3.47816534e+01,  2.27629157e+02,  1.62096068e+02,       -7.53892207e+01, -3.71556071e+00,  2.05439304e+02,  2.36358048e+02,       -6.04321996e+02,  5.72749463e+01,  4.53759191e+02, -8.19022958e+02,        2.73174715e+02, -1.00405602e+03, -7.74025547e+01, -1.25155825e+02,       -7.26357395e+01, -7.50903849e+01, -2.17278595e+02, -2.96683042e+01,        1.39270156e+02, -2.03026839e+02,  1.18792362e+02,  7.29937450e+02,       -5.41224146e+02, -2.24492705e+02,  3.07279702e+02,  2.09074537e+02,        3.47965941e+02,  1.37199899e+02,  2.39301860e+02, -1.57759643e+02,       -4.11416882e+02, -3.56894143e+02, -1.72962454e+02,  4.90389651e+00,       -3.53404020e+02, -1.28466548e+02,  5.60767174e+01,  1.94293635e+02,       -8.44524724e+01,  4.72351726e+02, -4.24755929e+02, -4.49410087e+01,       -2.25375935e+01,  2.33882918e+02, -3.42243576e+02, -2.14960143e+02,        2.31774904e+02,  4.20641899e+02,  5.86001385e+02,  2.95617373e+02,        3.46603645e+02, -2.50369459e+02,  5.25846335e+02,  5.66234184e+02,       -5.44886046e+01,  3.32089488e+02,  3.19517509e+02, -2.14214473e+02,        1.27719613e+01,  5.15376736e+02, -2.34352896e+02, -1.04935757e+02,       -5.08305591e+02,  2.26552568e+02, -6.30079782e+01,  1.47244198e+02,        8.09588602e+01, -3.50290578e+02,  3.85942378e+02,  3.42079511e+02,       -1.99188067e+02,  1.54696128e+02, -4.82578810e+02, -4.33999076e+02,        1.95920918e+02, -5.79369819e+02, -2.26164655e+02,  8.09881478e+01,        6.78065471e+02, -2.04584211e+02, -8.78264869e+01, -1.22395540e+02,        9.63753241e+02,  1.18478462e+02, -3.64724597e+02,  5.74478265e+02,        5.28865823e+02,  2.51854712e+02,  6.12490413e+02,  6.78455019e+02,       -8.87496808e+01, -2.51884405e+02, -2.73188405e+02,  2.25539576e+02,        3.18323984e+02, -4.09990475e+01, -1.72549584e+02, -5.17012828e+02,       -2.53757048e+02, -3.71582257e+02,  2.47568545e+02,  1.26499684e+02,        5.24826126e+02,  4.74030191e+01, -2.11502463e+02, -6.62660171e+01,        3.35623359e+02,  1.10488935e+02,  4.26894753e+02,  4.82428617e+02,       -1.16542197e+02, -7.54382071e+01, -8.09267742e+02,  4.48064921e+02,       -4.61981068e+01,  4.21088467e+02, -1.53135337e+02, -4.87644375e+02,        1.66019334e+02,  5.79589342e+02, -2.05074577e+02,  5.73023741e+02,       -6.05308437e+02, -1.88240155e+02, -6.55133626e+02,  1.85625167e+02,        9.71403932e+01,  6.02476887e+00, -5.01527771e+02,  7.35070965e+02,        4.41002941e+02,  6.91451283e+01, -3.83344099e+02,  1.82787102e+02,       -2.29137459e+02, -7.29240430e+01, -1.82557535e+02,  1.74972960e+02,       -8.40905326e+01, -1.70821050e+02,  1.59828409e+02,  2.19921730e+02,       -7.11890404e+02,  1.63475974e+02,  5.60795421e+02,  3.50943054e+02,       -1.10295598e+02,  2.89032135e+01, -2.99292001e+02,  4.92522314e+02,        1.47338508e+02, -5.68061378e+01, -5.84852767e+01,  9.10233799e+02,        7.89900360e+00,  2.58953887e+02,  6.03961402e+02,  8.14045528e+02,        5.34022276e+02,  3.54197378e+02, -5.30473871e+02, -3.61525495e+02,        2.88478526e+02,  1.34128067e+01,  2.70231336e+02,  1.54878358e+02,        4.89312349e+02, -6.45841503e+02, -4.09411242e+02, -5.26276274e+01,       -7.22182948e+02,  1.63359194e+02,  3.27475269e+02,  1.18331262e+02,       -1.90220249e+02,  1.97478576e+02,  1.18771897e+03,  2.15090135e+02,        1.26196592e+02, -4.08961025e+02, -5.52967784e+02, -1.31001998e+02,        2.59249445e+02, -4.33126176e+01,  1.74167102e+02,  2.93804480e+02,       -4.99040599e+02,  2.05929423e+02,  4.39677007e+02,  4.88648542e+02,       -4.65812049e+01,  9.12574164e+00, -7.76626175e+01, -4.21571024e+02,       -5.54827516e+02,  6.96711271e+02, -5.57292176e+01, -4.93877849e+02,        1.80068558e+01, -1.89758712e+02,  7.62426703e+02, -1.99821781e+02,       -2.87461712e+02,  2.60072031e+02, -1.21156019e+02,  3.60684891e+02,       -4.73158629e+01,  8.39606445e+02,  4.19659691e+02, -1.16532155e+01,       -3.00408750e+02,  2.05601926e+02, -4.62384604e+02, -9.81566225e+01,        5.06937065e+02, -2.34194173e+02, -3.93990022e+02, -1.85684836e+02,        4.33372207e+02,  1.21871449e+02, -6.92181424e+02,  2.54520667e+02,        1.25315285e+02,  5.70040317e+01, -4.27273796e+02,  1.32754297e+01,        2.92525181e+02,  4.25937046e+02,  5.33883150e+02,  2.16207433e+02,        3.39378454e+01, -4.23173750e+02, -3.99834387e+02, -6.21344217e+02,       -7.61405075e+01,  2.63218554e+02, -2.05084145e+01,  4.47654485e+02,       -2.64065150e+02,  1.53702198e+02, -9.87800750e+01, -2.48587003e+02,        4.93187401e+02,  6.38423266e+01,  5.11443335e+02,  2.37341646e+01,        2.08427550e+02, -1.67093475e+02,  5.22218035e+02, -9.97203196e+01,       -3.30228720e+00, -6.52339147e+02, -9.04744377e+01,  6.07257488e+02,        5.55483486e+02,  2.20560480e+02, -1.25959485e+02,  3.22302260e+01,       -1.47186326e+02, -4.65494005e+01,  7.50462364e+02,  1.48686524e+01,       -1.96939118e+02, -9.21026577e+02, -4.53620514e+02, -3.13665740e+02,       -5.59937590e+02, -4.67964091e+02, -5.92905711e+02, -3.87326324e+02,       -3.18917602e+02, -4.00943963e+02,  3.98301320e+02, -2.13213219e+02,       -8.09559849e+02,  3.32447898e+02, -2.40325710e+02, -6.85846562e+02,        8.09349786e+02, -2.00967859e+02,  1.65299613e+02,  3.40226813e+02,        6.28624257e+00,  2.18144510e+02,  6.94056688e+00, -1.25290171e+01,       -1.14114062e+02, -6.04204333e+02,  8.84120497e+01, -1.08916052e+03,        5.44978803e+02, -3.66327694e+02, -1.15754289e+02, -1.48854649e+02,        8.54985896e+01, -1.57689098e+02,  2.39341389e+02, -4.49088039e+02,        3.16227411e+02,  3.25765155e+02,  1.30290327e+02,  8.21800309e+01,        1.65665438e+02,  6.18189386e+01,  2.52708012e+02, -7.93570320e+01,       -5.21968910e+02,  8.15657552e+01, -1.91281587e+02, -3.76625284e+01,        4.15678061e+02, -6.77101350e+02,  7.93035028e+00,  1.11888252e+01,        7.22792728e+01,  2.77791367e+02, -1.15448741e+02,  7.03037842e+02,        4.05333542e+02, -1.46780680e+02, -8.89210510e+01,  1.56562519e+01,        6.51116547e+02, -4.66734332e+02, -8.70503873e+02,  2.41416094e+02,       -1.02180493e+02, -1.04948750e+02,  1.40409242e+02,  6.53942521e+02,        3.99191550e+02, -1.47064436e+02, -4.21677862e+02, -4.99912328e+01,        2.45959931e+02, -1.09394744e+02, -6.22051550e+02, -2.32283378e+01,       -7.76863606e+02, -4.07941211e+02,  6.64713908e+02, -4.28555966e+02,       -5.55344393e+02, -4.34522285e+02, -2.95482939e+02,  2.79431139e+02,        6.89051852e+02, -4.23397428e+01,  2.30623261e+02, -1.50130977e+02,       -5.83868157e+02,  3.90684411e+02, -3.81121803e+02,  2.37347192e+02,        3.03828348e+02, -6.13741360e+01,  3.45118163e+02,  3.67299066e+02,        8.98833525e+02, -1.24963377e+02, -3.85246006e+02, -5.33613419e+02,       -1.26504603e+02, -2.15254926e+02,  8.50400700e+02, -3.70586628e+02,        8.54685508e+01,  6.26415752e+01, -2.19928687e+02, -6.78512843e+02,       -5.42055189e+01,  8.17996111e+02,  9.07562858e+01,  5.91986559e+01,       -4.48511063e+02, -5.08846880e+02, -8.15956388e+01,  4.06325802e+02,       -1.86639248e+02,  8.93025379e+02, -3.67072699e+02,  1.41959112e+02,       -1.74698316e+02, -5.75206136e+02,  2.53979298e+01, -4.28065667e+02,       -6.24407119e+02,  6.87301401e+01,  2.01032522e+01,  4.33700246e+02,        1.75149731e+02, -2.83535539e+02,  1.89200746e+02, -6.91081637e+02,       -4.44287664e+02,  7.59512730e+02,  1.10198016e+02, -1.19893649e+02,       -2.71329758e+02, -3.92795675e+01, -6.54677399e+01,  7.11764114e+02,        3.42987829e+02, -1.24011323e+02, -5.95439103e+01, -3.37857483e+02,       -1.71220584e+02, -5.64831807e+02,  4.00900811e+02,  6.26482446e+01,        1.16796333e+02,  1.27187543e+02, -4.53060080e+01, -1.53131711e+02,       -5.40220419e+00, -8.91355277e+02, -1.60893565e+02, -6.77001695e+01,       -7.73656628e+01,  4.61103564e+02,  5.29818758e+02,  1.35733517e+02,       -8.03542741e+02,  5.37148193e+02, -1.67103324e+02, -3.24037934e+02,       -7.32169025e+02, -2.73952014e+02,  4.94420511e+02,  2.28063688e+02,        5.67490470e+01,  2.56936629e+02, -4.89650238e+02, -3.72231259e+02,        4.62782812e+02,  3.19979664e+02,  4.34367529e+02, -2.78723428e+00,        5.71664652e+01,  4.65189134e+02,  8.29096866e+02, -2.07669128e+02,        3.16769854e+02, -1.40103697e+02, -3.51767173e+02, -2.87151798e+02,       -2.56626079e+02, -1.26230908e+02, -4.29320169e+02, -1.97140573e+02,       -1.17135512e+03,  2.86277975e+02,  1.62725507e+02, -3.11004009e+01,       -3.48664719e+02, -1.88454633e+02, -4.52527541e+02,  9.88517451e+01,        6.91643688e+02, -1.74477618e+02, -1.37605654e+02,  1.84473943e+02,       -4.06466314e+02,  7.28498306e+02,  1.39313596e+02,  1.57161513e+02,        4.33554615e+02,  1.59506860e+01,  4.71253763e+02,  1.37736951e+02,       -7.28480491e+01,  7.85854988e+01, -1.75471232e+01,  5.84183794e+02,        7.58943640e+01,  1.23404324e+02, -7.53152037e+01,  1.11790496e+02,       -7.76846657e+02, -3.12147165e+02, -3.87430677e+02,  4.30837360e+02,       -2.44935123e+02, -5.41648763e+02,  4.93523412e+02, -1.00815148e+02,        3.67370199e+02, -7.67508155e+02,  2.08328650e+02,  6.47633197e+01,        4.99944606e+01, -7.43286221e+01, -5.46146834e+01,  4.13739080e+02,       -2.57755295e+00, -4.15235661e+02, -1.33813037e+02,  2.13152564e+02,       -9.80887612e+02, -7.80962877e+02,  1.28535418e+01,  9.34553863e+01,       -3.64285335e+02, -3.59198489e+01,  9.12320859e+02,  2.76932756e+02,       -4.71956069e+02,  7.92327723e+01, -7.51826306e+01,  8.66591694e+01,       -2.88168143e+02,  1.55625275e+02,  2.39209977e+02, -5.66456790e+01,        9.46368623e+02, -9.03909379e+01, -2.70042345e+02,  1.58872845e+02,        3.47137002e+02, -2.97934402e+02, -2.50954413e+01,  8.05735082e+02,       -2.00443572e+01,  4.96379202e+02,  1.19813835e+02, -8.14582385e+01,       -2.23055874e+02,  4.80029539e+02, -4.61589078e+02, -1.76146121e+01,       -1.25738146e+02, -3.55551392e+02,  1.41809663e+02,  2.00118753e+02,        7.59215561e+01, -1.35412086e+01, -3.25353307e+02,  1.56093925e+02,       -1.48251281e+01, -2.11280562e+02, -1.82093594e+02,  1.65888254e+02,       -4.19694118e+01, -3.07746640e+02, -8.95259095e+02,  7.75331693e+01,        1.97350941e+02, -3.93502930e+02, -1.89631712e+02,  6.93705430e+02,        6.06243286e+01,  2.95579626e+02,  5.44827464e+01,  3.10227220e+02,        4.34033177e+01, -3.31691901e+02, -3.15183091e+01,  7.03390186e+01,        2.33771350e+02,  6.75675441e+02,  4.14380795e+02,  1.74723987e+01,        1.44887730e+02,  5.07884749e+02,  2.20360566e+02, -6.11442714e+02,       -2.25225555e+02,  1.13377734e+02,  7.19967155e+01,  2.22608681e+02,       -4.42517782e+02,  1.07917408e+02,  3.37983372e+02,  4.15858196e+02,       -3.77732504e+02, -4.50337358e+01, -1.93265004e+01, -1.13384937e+02,       -2.80977599e+02, -1.67495115e+02, -2.64733750e+01,  6.69029799e+01,        3.48013320e+02, -2.61837594e+02,  6.73768863e+02,  2.99833631e+02,        2.12108419e+02,  2.79514581e+02,  2.56495253e+02,  2.76187165e+02,        4.55014480e+02, -3.71929240e+02,  5.32767697e+02, -9.37141905e+02,        2.61770769e+02, -9.16223785e+02,  7.10316953e+02,  6.11338026e+02,       -9.84046029e+01, -4.14434574e+02, -3.56013902e+02, -4.85509373e+02,       -5.21732722e+02,  4.84477523e+02,  3.61996673e+02,  2.03777824e+02,        2.68468830e+02,  3.42377054e+02, -3.23780363e+02, -1.70866465e+02,        4.83943746e+02, -1.04731024e+02,  4.46624642e+02,  6.15719644e+02,       -3.65038555e+01, -6.06638418e+02,  1.11311959e+01, -1.15487715e+01,       -8.26496717e+01,  6.37037841e+00, -5.65937244e+02, -1.56758801e+02,        4.88554311e+01,  7.40856602e+01,  4.07912099e+02, -3.37000336e+02,        5.16901669e+02, -3.41155025e+02,  1.86421819e+02,  3.27741727e+02]
