name = 'CO_diff'
composition = {'H':0, 'C':1, 'N':0, 'O':1, 'Pt':1}
facet = ['Ni100'] 
IS_SPE =[-89.466, 'eV']
IS_ZPE =[0.165, 'eV']
IS_frequencies=[133.6, 142.4, 239.0, 244.3, 278.4, 1630.3, 'cm-1']
TST_SPE=[-89.37879377, 'eV']
TST_ZPE=[0.169, 'eV']
TST_frequencies=[157.5, 183.7, 285.5, 346.3, 1751.1, 'cm-1']
no_reactants=1
bee_IS = [-5.02325489e+02, -3.98975342e+01, -1.16137627e+02,  3.89220419e+02,    -1.84001387e+02, -1.60909703e+02, -3.43571861e+02, -7.65138296e+02,    -3.66122376e+02, -4.09822630e+02, -3.34036059e+02,  4.01397412e+01,     1.19298078e+01,  2.60620299e+01,  2.69046950e+01,  4.04513610e+02,    -1.78723165e+02, -1.57347995e+02,  1.49576573e+02, -9.54990800e+02,     5.02626913e+02, -2.29063948e+02, -4.41538513e+01, -1.03666588e+02,    -4.82434073e+01, -4.97446240e+01,  7.42381042e+02, -1.82902555e+02,    -7.10893593e+01, -4.51074109e+02,  6.63640083e+02, -1.17077256e+02,    -3.34466255e+02,  2.05801862e+02, -3.66916422e+01,  1.67552104e+02,    -2.68782788e+01,  6.13795573e+01,  2.34289157e+02, -8.73998743e+02,     4.65293372e+02,  1.10204989e+02, -5.01055130e+01, -2.89874645e+02,     9.64623339e+01, -1.55861927e+02,  3.76494810e+02,  3.17534569e+02,    -2.36036006e+02, -2.51027614e+02, -2.55822302e+02, -2.90899286e+02,     9.78498262e+01, -4.26746252e+02,  1.17779136e+02,  5.14931186e+02,     5.87786293e+02,  2.99034675e+02,  1.38524149e+02,  2.35582704e+02,     7.70292735e+02,  1.80581715e+02, -4.73363914e+02, -1.06142523e+02,    -2.02277456e+02,  5.23801025e+02, -6.43540708e+02, -5.37556907e+02,    -2.32742727e+02, -8.47982197e+01, -3.75769056e+02,  2.30190851e+02,     8.24949881e+01,  1.12783501e+02, -3.31178474e+02, -2.99133192e+02,    -4.83874342e+02,  3.21346229e+02, -2.80967548e+02,  2.26109082e+02,    -5.65563499e+01, -2.51619275e+02, -5.00176583e+02, -1.48598696e+02,    -9.68241660e+01, -1.36908007e+02,  3.38345018e+02,  6.07974759e+02,    -3.62854657e+02, -6.87241542e+02, -1.70518069e+02,  9.51533480e+02,    -4.90262017e+02,  2.83986075e+02, -9.06894607e+01, -5.33530304e+02,     2.06986073e+02,  3.27461333e+02, -1.49904311e+02,  3.01831463e+02,    -2.29626071e+02, -4.40741846e+02,  7.64210149e+02,  3.98503945e+02,     2.66354257e+02,  1.25503513e+02,  2.10569762e+02,  6.98949680e+02,    -2.13683096e+02,  4.96728701e+01, -1.18546932e+03,  1.58142307e+02,    -5.84660971e+02,  1.24545969e+02,  1.85297152e+02, -2.92887789e+02,    -4.59203055e+02,  5.34774580e+01, -2.51960660e+02,  3.04679921e+02,    -4.35645684e+02, -2.28314595e+01, -3.04428838e+02, -3.59816425e+01,    -2.79047463e+01,  1.44511960e+02,  1.08310625e+01, -5.15589434e+01,     5.19006308e+02,  7.82800013e+02,  4.09592826e+02,  6.69150607e+02,    -1.03016409e+02,  1.15639624e+02,  4.71070690e+02, -7.74186865e+01,    -6.55481254e+02, -3.21289372e+02, -4.30246092e+02, -2.46380911e+02,     2.39613369e+02, -1.01021070e+03, -1.64825756e+02,  3.68479800e+02,    -3.12571288e+02, -3.14901068e+02,  4.64254310e+02,  3.77427923e+02,    -2.96561175e+02,  1.66087229e+02, -2.10588400e+02,  2.98346655e+02,     3.39360064e+01,  1.31172079e+02, -7.44551110e+02, -4.16431014e+02,    -6.63710623e+01,  2.44849593e+00, -3.31826587e+02,  9.13700332e+02,    -1.90343201e+02, -2.87831561e+02,  3.21961024e+02, -4.10982768e+02,    -2.79356752e+02,  2.62462098e+02,  9.41886969e+01,  1.11671156e+02,     1.03587659e+02, -9.62471610e+01,  1.66420690e+02,  4.99132452e+02,    -2.53198134e+02,  1.48093553e+02,  7.79598752e+02,  2.86642421e+02,    -7.47709128e+01, -1.64144853e+02,  1.31899676e+03, -1.50380877e+02,     3.03033383e+02,  1.85943776e+02,  2.94976608e+02,  7.61811484e+02,     4.26991955e+02, -2.49419566e+01,  1.93801917e+02,  4.04670970e+02,     3.32939809e+02, -4.76640210e+02,  8.01617402e+02, -7.14116679e+02,    -1.51321485e+02,  4.92513819e+02,  7.19887819e+01,  5.86066640e+01,     2.68322436e+02,  2.09402481e+02,  3.07038305e+02, -5.47088929e+02,     4.31072344e+01, -2.34247701e+02, -9.32745437e+01, -2.89581121e+01,    -7.62428715e+01, -4.77012203e+01,  7.01758567e+02, -7.29230224e+01,    -2.37605499e+02, -1.95065047e+01,  9.97635421e+01, -5.04428753e+02,    -3.83461253e+02, -3.12224147e+02, -5.40271701e+02, -1.40803530e+02,    -3.56277872e+02,  1.66515695e+02, -9.82846538e+00, -9.11610947e+01,    -7.33217743e+01,  5.58248187e+01, -1.71693606e+02,  5.73819208e+02,    -7.03956265e+02, -1.38373872e+02, -1.34829812e+02,  1.44612408e+02,     1.57645386e+02, -3.96207135e+02, -1.56366309e+02,  3.58420435e+02,    -1.91308344e+02,  1.35477651e+02,  3.17064116e+02, -3.61169071e+01,     9.68815855e+02, -1.76001401e+02, -2.75698758e+02,  5.56881102e+01,    -1.94216212e+02,  4.55774042e+02, -3.08682763e+02,  7.24400965e+01,     5.36701018e+02, -1.12680111e+02,  1.03061961e+03,  1.10047918e+03,    -5.62797517e+02,  4.97697644e+02,  1.43186917e+02, -4.58550917e+02,     1.50560662e+02,  3.10760297e+02,  3.25970679e+02,  2.06732715e+01,     1.00382013e+02,  6.10267405e+02, -1.97495364e+02,  1.39843829e+02,     6.53671483e+02, -3.20657354e+02, -1.28224766e+02,  4.46286080e+02,     2.29754487e+02,  6.53312173e+02,  2.20650285e+02,  5.78970145e+01,     2.24749339e+02,  3.33217329e+02, -4.15092294e+02,  2.90814250e+01,     1.57468577e+02,  1.05403808e+02,  1.87978078e+02, -5.02763132e+02,     2.93756627e+02, -3.81398317e+02, -2.70369020e+02,  1.50036456e+02,    -1.21016087e+02,  4.69163292e+02, -2.07701481e+02,  2.48459397e+02,     2.79061348e+02,  6.82462761e+02,  4.75804492e+02,  4.06907085e+02,    -7.58240943e+01, -5.81577411e+01, -2.71336238e+02,  6.56581159e+02,     6.73766349e+02,  3.20230153e+02, -1.97293826e+02,  4.31014235e+02,    -7.68052723e+01,  1.82059840e+02,  5.33328660e+02,  6.43230087e+00,    -6.63573614e+01, -2.12101288e+02, -4.55466469e+02,  8.30449667e+02,     3.86641355e+02, -4.78962634e+02, -1.32550795e+02,  2.39275460e+02,    -9.07985259e+01,  5.33975012e+02,  1.04167112e+02,  6.81837760e+02,     2.65132427e+02, -2.43235591e+02,  2.12058179e+02, -3.60890606e+01,    -2.72610721e+02,  1.43656707e+02,  1.60529584e+02,  7.77389070e+02,     6.84409740e+02,  4.50226018e+02,  5.96889327e+02,  6.20736807e+01,    -2.34773467e+02,  1.33618680e+02, -2.84582798e+02, -4.33512601e+02,    -4.95910075e+02, -2.33350539e+02, -9.22613346e+02, -2.65940000e+02,    -7.31287850e+02,  1.83487170e+02, -3.94291627e+02,  3.50008722e+02,    -8.18660748e+02, -2.76520573e+02,  4.22682212e+02,  1.92368561e+02,    -7.37085635e+02,  5.31585021e+02, -2.06639135e+02,  4.46261121e+02,    -2.20236933e+02, -6.75430376e+02,  1.04314093e+02, -5.44778826e+02,    -1.15355846e+02,  2.37691952e+00,  3.63804754e+02,  1.06986224e+03,    -3.89038967e+02, -2.99005014e+02, -2.21377809e+00, -1.20337774e+02,    -6.93612253e+02, -4.75968764e+02,  4.23479079e+02, -2.17278131e+02,     1.43543547e+02, -4.16504712e+02, -1.27592508e+02, -3.42778729e+02,     4.57707684e+02,  1.31366075e+02, -1.91553383e+02, -1.14565319e+02,     8.65981125e+01, -7.22316648e+01,  3.72134910e+02, -2.14411188e+02,     4.38137186e+01,  2.93440886e+02,  1.50168631e+02, -1.49580532e+02,     1.32278641e+03,  4.63254423e+02,  2.91292903e+01,  8.96206885e+01,    -5.27352647e+02,  2.63866612e+02, -6.40150390e+02, -2.19011192e+02,    -4.70391149e+02, -1.62886473e+02,  4.73989247e+02, -4.82303382e+02,     1.55141975e+02, -2.35203344e+01,  2.76528183e+01, -3.17954807e+02,    -3.81558017e+02, -2.43206317e+00, -3.65657805e+02, -1.89339624e+02,    -3.49597176e+02, -8.88736714e+01, -3.06509879e+02, -4.38907574e+02,     1.92791254e+02, -1.47603653e+02,  1.80503179e+02,  8.69193603e+01,    -6.27490200e+02, -4.67909399e+02, -3.38722598e+02,  3.04752184e+02,    -8.64355412e+00, -5.40482751e+02,  4.96463339e+02, -3.39769655e+02,     4.67122674e+02, -2.57014452e+02, -4.15932317e+02,  2.26778201e+02,    -5.79031325e+02, -3.31800452e+02,  5.44868270e+02,  1.54350335e+02,    -3.45608233e+02,  4.48410638e+02, -1.46238937e+02, -3.22503497e+02,    -2.61877037e+02, -4.14445618e+02,  2.02126407e+02, -7.74919826e+02,    -7.11423530e+02, -8.21838605e+01, -2.57039293e+02, -4.70042915e+02,     6.15139103e+02,  1.12723531e+03, -2.82374685e+02, -2.71807493e+01,    -5.39400030e+02,  5.63689123e+02,  1.58174759e+02, -1.67166598e+02,    -3.29019725e+02,  1.44273693e+02, -5.19552830e+02, -1.72229952e+02,    -7.58116360e+02,  2.98630994e+02,  1.12078880e+02,  4.93538019e+00,    -5.84152830e+01, -2.91626725e+02, -7.59762936e+01,  1.08978738e+03,    -1.63998695e+02, -3.94516431e+02, -5.78557710e+02,  1.11294285e+02,    -3.06679710e+02,  7.56397911e+01,  2.49363291e+02,  5.71060189e+01,     2.40506266e+02,  1.02718866e+02,  5.09000414e+02,  2.63127556e+02,    -2.89011844e+02,  3.60837354e+02,  2.96365373e+02,  9.50833658e+01,     3.82046160e+02, -2.09412485e+02,  6.20902044e+02,  1.57600658e+02,    -2.57252515e+02, -4.97898021e+01, -1.63301307e+02,  2.05427387e+02,    -2.25151855e+02, -2.52832868e+01, -9.25156175e+01,  7.08587006e+02,     4.57590062e+02, -5.76753560e+02, -3.54589748e+01, -4.61067895e+02,    -1.50258202e+02, -1.94003490e+02,  6.34431115e+01, -1.23516039e+01,    -2.21380417e+02,  1.07751972e+02, -5.95392248e+01, -9.02003588e+01,     7.40651623e+02,  1.54679821e+02, -6.91875076e+02, -3.78637392e+02,     7.88083884e+02,  2.34285734e+02, -7.28647892e+01,  9.08505011e+02,    -1.58250641e+02, -9.66720687e+01, -5.01331933e+01,  1.15461471e+02,     2.42878240e+02,  3.47568334e+01,  2.28912724e+02, -1.35228348e+02,    -2.65346061e+02, -3.69641830e+02, -4.09703379e+02,  3.83693649e+02,     1.08174713e+02,  3.22954518e+02,  1.18335875e+02,  7.56248871e+02,     1.49895292e+02, -6.98766779e+02, -2.93235956e+02,  8.46967449e+01,    -2.37092694e+02,  5.30300218e+02, -1.07386484e+02,  1.57066711e+02,     4.25583755e+02, -6.27139371e+02,  1.26894536e+03,  1.65370486e+02,     2.02940981e+02,  2.99320287e+02,  6.91408186e+01, -6.14620322e+00,     3.08198072e+02, -3.03492888e+02,  6.98214586e+02,  6.02115412e+02,    -3.53689285e+02,  1.27942175e+02,  5.93089482e+02, -1.84920873e+02,     1.35826192e+02,  3.65129335e+02,  3.64355763e+02, -6.69580442e+02,    -1.18681635e+02, -2.99764608e+02, -2.68694013e+01, -3.55368905e+01,    -2.24685624e+01, -1.39440290e+02, -2.51088308e+02,  7.03721626e+01,     8.72394279e+01,  4.56570396e+02, -3.59357853e+02,  3.29720719e+02,     3.82064791e+02, -1.42691102e+02,  7.56594803e+02, -5.82804533e+02,    -8.99142581e+02, -5.63918945e+01, -7.20157356e+01,  1.41840661e-01,     6.72350883e+02, -6.22890550e+01,  3.46610992e+02,  4.08288273e+02,     3.23869861e+02, -9.00293526e+01,  5.39512137e+02, -1.35984594e+02,    -2.75994443e+02, -3.95474073e+02,  4.56807344e+01,  3.28648645e+02,    -4.32047555e+01,  3.26962786e+02, -2.58010942e+01,  5.45430453e+02,     1.70308461e+02,  7.55332788e+01, -4.69069515e+01,  2.89216141e+02,     3.21821383e+02,  1.69824819e+02, -6.65628001e+00, -4.57270342e+02,     2.56413814e+02,  1.68574391e+02,  3.14905037e+02,  2.64758614e+02,     3.01064286e+02, -5.02479646e+01,  2.30957677e+02, -2.09350946e+02,    -9.40887777e+00, -4.74149738e+02, -2.65248732e+02,  3.33692776e+02,    -7.71645234e+02,  2.50647464e+02,  1.45099143e+02,  7.05203952e+02,    -2.22335211e+02,  2.59617468e+02, -9.93227690e+01, -4.11931151e+02,    -6.13294541e+02, -6.92112941e+01, -7.49144927e+02,  1.37091681e+02,    -1.76115269e+02,  2.54875193e+02,  1.73678794e+02, -2.18071472e+02,    -2.13376528e+02,  3.28726577e+02, -5.10545085e+02, -1.04098289e+02,    -1.77068098e+02,  1.99863483e+02, -4.52487326e+01,  4.92597561e+01,    -1.84047415e+02,  4.84331519e+02, -4.05057765e+02,  8.29055104e+01,     5.11828180e+02, -2.91732247e+02,  1.55480030e+01, -3.17384123e+01,    -5.84479710e+02, -3.95728394e+02, -6.82974222e+01,  2.24692926e+02,     2.73506113e+02,  4.14528462e+01, -6.90336755e+01,  1.88757025e+02,    -3.84391451e+02,  1.92327120e+00, -4.28550837e+02, -2.33271220e+02,     3.99923821e+02, -2.50158622e+02,  5.45960868e+02, -1.81072590e+02,     2.99525242e+02,  2.17719851e+02, -5.29650947e+02, -2.43104865e+02,     7.22687351e+01, -3.38948174e+02, -2.97889192e+02, -7.37596012e+02,    -4.74353509e+02, -4.44936379e+02, -3.66070431e+02,  1.97403301e+01,     1.11950734e+02,  8.29903551e+00,  1.77935582e+02, -4.85287951e+02,     1.23507493e+02,  1.76700283e+02, -5.65496964e+02, -5.47871165e+02,    -3.49690601e+02, -1.98432819e+02,  1.66464271e+02,  7.56082412e+00,    -3.78430499e+02,  3.03347970e+02, -1.69583294e+02,  4.25293275e+02,    -7.59491672e+02,  5.12750349e+02, -3.11955216e+01, -3.11888840e+02,    -2.22863443e+02,  2.73531113e+01,  3.61298765e+02, -6.41822205e+02,    -1.20309158e+02, -1.74597457e+02,  4.17538000e+02,  7.14310464e+02,    -8.26148879e+02,  7.95246930e+02,  3.88169075e+02, -6.35091359e+02,    -3.00175287e+02,  6.48662492e+02,  5.14211505e+02, -1.52960618e+02,    -3.04781431e+01,  8.94285495e+01,  6.02804271e+02, -4.48828819e+02,     1.39176651e+02, -6.46104257e+01,  2.59269368e+02, -6.29728360e+02,    -6.47659230e+01, -2.86690174e+02,  4.02387081e+02,  3.63265605e+02,    -7.29198457e+02, -4.21875483e+02, -1.93570397e+02, -3.30709248e+02,    -1.24859390e+02, -1.96804864e+02,  3.64856256e+02,  3.53808866e+02,    -5.05919589e+01, -3.92979181e+02, -7.10835302e+02,  3.69715753e+02,    -4.32198798e+02, -2.67173327e+02,  4.09150665e+01, -2.93387481e+02,    -3.54904417e+02, -2.19975583e+02, -3.59377504e+02, -2.28710941e+02,    -4.34058887e+02,  4.96321093e+02,  5.50489031e+02, -2.83233859e+01,    -2.03555503e+02, -1.37192847e+01,  3.62055879e+02, -7.51365255e+02,    -1.78050587e+02,  4.25798488e+02,  5.71702379e+02, -1.57207288e+02,     9.70556713e+01,  4.67322294e+02,  1.32784804e+02, -5.66786678e+01,    -3.77099066e+02,  1.92802349e+02, -3.06190119e+02, -1.37075616e+02,    -1.64978817e+02, -1.59833444e+02,  1.69283613e+02,  6.65341756e+02,     6.76881800e+00,  3.48270043e+01, -7.73274990e+02, -1.48678190e+02,    -3.23432250e+02,  4.02050838e+01, -3.59315031e+02,  6.69826280e+02,     6.94225484e+02,  1.25765184e+02, -1.27535581e+02,  1.23183865e+02,     2.17200883e+02, -4.07866722e+02, -6.56784431e+01,  1.19105286e+02,     1.18187439e+02,  4.84494748e+02,  3.85098071e+02, -1.78116819e+02,     2.42219920e+02, -8.25178029e+02, -3.73088212e+01,  7.27667792e+02,     8.21355851e+01, -6.55033577e+00,  2.84536050e+02, -2.47547854e+02,     7.92136184e+02, -1.05292879e+02,  7.26619959e+02,  3.16829175e+02,    -3.27737352e+02,  2.61366898e+02, -2.63241883e+02, -5.87623034e+02,    -3.39241297e+01, -4.84287431e+02, -4.56584346e+02, -4.53631657e+01,     2.75119920e+02, -4.86982125e+01, -2.87863243e+02,  6.43638189e+01,    -6.22889382e+02, -7.93315899e+01, -7.08239231e+02,  4.46036708e+02,    -1.16842289e+01, -4.39253935e+02, -1.62624310e+02,  1.47676145e+02,    -2.75243193e+02, -4.03875521e+02,  7.71225074e+02, -1.91713224e+02,    -3.80374429e+02,  2.15598403e+02, -1.01674959e+02,  4.38787467e+02,    -1.44990971e+01,  7.37418332e+01,  8.72611990e+02, -1.53780073e+02,    -2.99428445e+02, -3.20288856e+02, -4.55612548e+02, -2.82573072e+02,     2.43735737e+02,  1.79850981e+02,  1.82117525e+02,  6.42066803e+02,     2.00230929e+01,  1.43200999e+02, -5.69331303e+02,  2.11080831e+01,    -2.00478016e+02, -2.29029652e+02,  1.48993470e+01,  3.01924848e+02,     3.29124471e+02,  6.78223315e+00,  8.00794708e+01,  2.53295926e+02,     3.20901343e+02, -2.06213587e+02, -1.12821765e+02,  1.45969512e+01,    -2.01274222e+02, -6.77574916e+01, -2.33057441e+02,  6.49925602e+02,     5.58146277e+02, -1.08955568e+02,  1.03925813e+02, -2.05247083e+01,    -2.04719630e+02,  2.87509151e+02, -7.55471196e+01,  3.35274290e+02,    -4.62292111e+02,  1.62106787e+02, -9.52300627e+01, -4.68535361e+02,    -2.16844550e+02,  2.34844480e+02, -7.36374136e+02,  3.63113478e+02,     4.23761309e+02, -6.16501885e+01, -4.35715446e+01, -2.75645723e+01,     2.09942745e+02, -2.83154333e+02,  3.13265304e+02,  2.44099487e+02,    -8.98856015e+02, -2.83888614e+02,  1.94629923e+02, -7.93580659e+01,     3.29661225e+02, -5.29755363e+02, -3.88289456e+00, -3.57022232e+02,    -1.06376158e+03,  6.45453217e+02, -5.11644313e+02, -4.95441111e+02,     7.60945886e+01,  1.10235662e+03,  3.98675793e-02, -1.85690781e+02,    -1.81172743e+01, -6.15972701e+01, -7.62273674e+02, -5.32536720e+02,     6.69587956e+02, -4.41812244e+01, -3.40417266e+02,  4.33029778e+02,    -2.97106754e+02,  3.40764293e+02,  4.68427748e+02, -5.30264498e+02,    -2.21615746e+02, -2.96357978e+02, -1.29111220e+02, -1.67012045e+02,    -5.79992045e+01,  1.17760413e+02, -2.89311055e+02,  2.55663795e+02,     5.14038734e+02, -1.38810181e+02, -1.52975422e+02,  1.19034027e+02,     4.93615482e+02,  4.18745688e+02,  3.16825568e+01, -1.45344032e+01,    -4.67119495e+01, -4.37989504e+02,  3.25558828e+02, -2.06936543e+02,     1.70793959e+02, -1.35427921e+02,  2.49979798e+02,  1.51072952e+02,    -6.78480089e+02, -2.39264589e+02, -6.79624555e+02, -2.79405793e+02,     6.48987650e+01, -1.48044227e+02,  2.57212700e+02, -2.48461705e+02,     1.60264074e+01,  9.02848547e+01,  6.41255109e+02,  3.22172481e+02,    -2.33034928e+02,  1.77616981e+01,  9.58943221e+01,  3.43638360e+02,    -5.34651469e+00,  4.35668930e+02,  2.09228060e+02,  7.67456555e+02,     2.18216626e+01,  5.88730493e+02, -2.24422519e+02, -3.31649800e+02,     7.12516714e+01,  6.40723692e+01,  2.62524699e+02, -5.51163012e+01,    -1.37394757e+02,  2.23814221e+02, -3.94726859e+02, -4.45974122e+02,     6.60975978e+02, -5.05816791e+01, -3.68728577e+02, -3.97738751e+00,    -1.21764979e+02,  3.01514455e+02,  2.84747539e+02, -1.68350065e+02,     9.63552386e+00, -2.32940156e+02, -2.80771924e+02, -2.45994871e+02,    -8.23681105e+02, -2.90869882e+01, -5.55220716e+02, -4.74306288e+02,    -3.39244246e+02,  1.51127050e+02, -3.24318953e+02,  1.88633341e+02,    -4.86075338e+02,  9.33651890e+00, -3.50348567e+02,  6.42442576e+01,     1.02079793e+02,  2.50075993e+02, -1.69971388e+02, -1.26758378e+02,     2.23959752e+02,  5.18113692e+02,  2.80489574e+02,  6.68664886e+01,    -5.87349319e+02, -1.19344938e+02, -2.65643308e+02, -5.22871226e+02,     3.56216510e+02, -2.97622306e+02, -3.77278346e+01, -1.97497118e+02,    -8.72913836e+02,  4.29411309e+02, -1.43974033e+02,  3.54747490e+02,    -5.97717616e+02,  5.64506220e+02,  3.68415419e+01, -2.68377076e+02,     3.98645508e+01, -2.01353056e+02, -5.88023640e+02,  1.21762576e+02,     2.41556541e+02,  2.80650870e+01, -3.11634408e+02, -1.12118228e+02,     1.40138669e+02,  2.51862048e+02,  5.52484877e+02,  2.18834405e+02,    -2.02655184e+02,  7.60576820e+02,  2.48420708e+02,  3.36521812e+02,    -1.45585563e+02,  2.28853618e+02,  1.49496072e+02, -5.30885991e+02,    -1.61547414e+02, -3.39171479e+02, -2.69350742e+02, -8.95251837e+01,    -1.51624032e+02, -3.20182449e+02, -9.78094676e+02, -2.62348982e+02,     1.33015665e+02,  8.76077639e+01,  8.04021228e+01,  4.26941187e+02,     1.60178311e+02,  2.75404594e+02, -3.64265558e+02,  3.97580730e+02,    -4.24485557e+02, -6.59310754e+02,  1.65427141e+02, -3.47476810e+02,    -3.61364683e+02, -1.35699310e+03, -1.02748512e+02,  6.88353301e+02,     4.01256253e+02, -8.76845845e+01, -1.02667487e+02,  2.53867276e+02,     5.86500431e+02, -3.47377155e+02, -8.22617500e+01, -2.73319854e+02,    -3.09001970e+02, -2.93831573e+02,  1.37116967e+02,  6.16197811e+02,    -5.66378331e+02, -4.55960455e+02,  2.11131542e+01, -7.41234628e+01,    -1.22063698e+02, -8.01307313e+02,  4.87021438e+02,  2.16596127e+02,     7.72993380e+01,  4.16704304e+02, -2.60835408e+02,  2.55207048e+02,     2.32320033e+02,  4.59524103e+01, -4.01494136e+01,  1.05616296e+02,    -1.39788592e+02,  4.04492897e+02, -3.75650414e+02,  3.61889463e+02,     8.04643538e+01,  9.62483146e+01,  2.02915572e+02, -7.41060831e+02,     5.52151547e+01, -5.50845201e+02, -4.35351965e+02, -4.22361347e+02,    -3.87152081e+02,  1.15167414e+01,  1.11748387e+02,  4.15090929e+02,     8.31121602e+01,  1.18593621e+02, -6.11876372e+02, -2.15534504e+02,     2.83160097e+02,  1.15400700e+01,  1.61615546e+01, -7.01583966e+01,     3.15506690e+02, -7.84939162e+02,  9.04068660e+01,  2.03392729e+02,     3.91774028e+02,  3.34955528e+02, -4.88673555e+02,  6.52713711e+01,     3.67441724e+01,  3.81571291e+01,  1.65779836e+01, -1.67213439e+02,    -2.70678769e+02,  1.35442210e+02,  5.38718706e+02, -7.68223658e+01,     8.22853796e+01,  1.53295873e+02, -2.13180693e+02, -2.11120640e+02,    -9.94155629e+02, -3.30343985e+02, -4.36727463e+02, -6.51319188e+01,    -5.45890874e+02,  6.45554890e+02, -2.53491701e+02, -4.53950517e+02,    -1.34554959e+03,  5.63080266e+02,  1.18173774e+02, -1.31221838e+01,    -5.27695851e+02,  9.08982693e+01, -1.49003695e+02, -2.79862041e+02,     1.00936170e+02,  2.75265486e+02,  6.82608591e+01, -1.48414105e+02,    -2.84391936e+01,  7.14244775e+00,  1.64907756e+02, -5.23165025e+02,     6.00783798e+02, -3.59923565e+02, -2.32575744e+02, -3.61063103e+02,    -8.33955338e+02,  8.16061006e+01, -4.09873105e+02, -1.89192013e+02,     2.92843312e+02, -2.07097322e+02,  4.99374771e+00, -8.47005758e+01,    -2.20498861e+02,  1.41958192e+01,  4.56506739e+02, -4.46431707e+02,     7.90379436e+02, -1.69526546e+02,  2.91460895e+02, -6.68841348e+01,     1.28806826e+02, -1.00902198e+02,  4.02179871e+02,  5.37445011e+02,     1.71318311e+02,  4.71398064e+02, -3.34248730e+02, -2.74920409e+01,    -1.95731178e+02,  5.85157719e+02,  4.95374145e+02,  3.79658414e+02,    -1.28244058e+02, -2.59866827e+02,  2.31234116e+02, -2.21558309e+02,    -1.18460983e+02, -6.23617774e+01, -2.23238470e+02,  4.40155116e+02,    -4.95994977e+01,  3.39364111e+02,  1.20735198e+02,  1.45778158e+02,    -2.93227777e+02,  2.78144393e+02, -1.56009539e+02, -1.12538976e+02,    -2.58752960e+01, -4.36415700e+02,  6.58439613e+02, -2.42319345e+02,    -3.52232451e+01,  1.70573836e+02,  1.46296107e+02,  6.06535404e+02,    -1.41758708e+02,  6.58567406e+02,  5.98342874e+02, -8.34302588e+02,     7.47388039e+01, -1.75420738e+02,  1.25289602e+02,  7.46119705e+01,     1.50839743e+02,  5.17615953e+02,  7.94327752e+02, -6.72965052e+02,     6.57549615e+02, -7.91367754e+02, -6.59544847e+02, -1.05561890e+02,    -9.76049062e+00,  6.02921562e+02,  3.31636838e+02, -1.56990890e+02,    -7.94955447e+02,  6.03815254e+02, -3.86134785e+02, -9.21637655e+00,    -4.30442902e+01,  1.06344771e+03, -2.43224057e+02, -9.03417432e+02,     2.65168151e+02, -1.38794445e+03,  9.53691580e+01, -3.06071153e+02,    -1.55432844e+02, -2.34009255e+02, -5.02850601e+02,  3.51733669e+02,    -3.10312341e+02, -7.88240045e+01, -6.71740937e+02, -5.76284707e+01,    -4.10176899e+02, -6.38543663e+02, -1.05104173e+03,  8.68643050e+01,    -2.76488885e+02, -7.45048674e+00, -1.15823353e+02, -6.79118152e+02,    -5.41941844e+02, -4.52908158e+02, -4.56815383e+02,  4.70373082e+02,     8.00713588e+01, -4.09967070e+02, -1.56205513e+02, -1.92165381e+02,     3.18471609e+02, -2.86314119e+02, -1.05536365e+02, -1.92306552e+02,    -3.07587799e+02, -3.21101792e+02,  3.28398644e+02, -1.50022431e+02,    -7.80561059e+02,  6.60601722e+02,  4.02764479e+02,  5.26375896e+01,    -6.20623865e+02, -6.47956735e+02,  9.35184487e+01,  1.18052681e+01,    -2.55622424e+02, -4.17127879e+02,  3.04458181e+02, -6.79436682e+01,     2.34589000e+02,  4.23525472e+02,  2.89070259e+02,  3.02643086e+02,     2.18832035e+02, -1.74539404e+02, -1.07171733e+02, -1.88665401e+02,    -2.99058472e+02, -3.92441660e+02, -5.54711613e+02, -3.35322952e+02,    -6.86031828e+01, -6.82884238e+02, -7.42049976e+01,  2.79196395e+02,    -6.12922177e+02,  2.12485835e+02,  1.85986643e+02, -6.03697323e+02,    -4.86667584e+02, -1.33999034e+02,  1.81548520e+02, -3.39848771e+02,     6.00022135e+02,  5.38442909e+02, -6.42402988e+02,  4.33525497e+02,     3.03543871e+02,  6.48948684e+01,  2.16405441e+02, -3.65251724e+02,    -1.22447173e+02,  4.66430295e+01,  1.51505248e+02,  3.87500826e+02,    -4.33640060e+02, -3.69296104e+01,  1.51391197e+02, -1.30069675e+01,    -2.26259353e+02,  1.68685463e+02, -2.28134704e+02, -1.72675664e+02,     3.22603711e+01, -5.13006504e+02,  3.10119584e+01, -2.00864077e+02,    -1.07804818e+02,  4.76497045e+00, -4.85778812e+02,  4.82538714e+02,    -2.29942135e+02, -1.10583296e+03, -7.23142267e+02,  3.34202805e+02,    -3.04004550e+02, -1.46010700e+02, -2.49310097e+02, -1.41965894e+02,    -8.54226024e+02, -9.51198900e+01, -5.47468842e+02, -2.85415116e+02,     2.20220862e+02,  6.35112499e+02, -3.29026240e+00, -2.69478964e+01,     4.98065283e+02, -4.32754687e+02,  3.06204446e+02,  7.90296116e+01,    -3.55653181e+02, -1.53745447e+02,  2.09999531e+02,  1.59229458e+01,     8.37792422e+01,  9.74960427e+01, -2.01298627e+02, -2.37404126e+02,    -4.50901157e+02,  4.27965988e+02, -5.42109514e+02, -3.98202891e+02,     8.10571770e+01, -7.63629505e+02,  1.64485197e+02,  5.35503306e+02,    -4.08749115e+01,  5.95121012e+01, -2.12112841e+02, -1.74314196e+02,     8.77642710e+01,  3.19956144e+02, -3.45299088e+02,  2.63764297e+02,    -9.39015478e+01, -3.36345589e+01,  2.30202646e+02,  1.63712132e+02,    -7.68333985e+01, -3.17040629e+00,  2.08069288e+02,  2.39125732e+02,    -6.12432048e+02,  5.61404681e+01,  4.60277674e+02, -8.29702843e+02,     2.77186077e+02, -1.01798856e+03, -7.92148842e+01, -1.26643895e+02,    -7.21241727e+01, -7.64365747e+01, -2.20948748e+02, -3.08596504e+01,     1.40740320e+02, -2.05998084e+02,  1.20582271e+02,  7.40535952e+02,    -5.48039972e+02, -2.27728634e+02,  3.11698453e+02,  2.11254139e+02,     3.53269678e+02,  1.39681381e+02,  2.41780202e+02, -1.59475702e+02,    -4.17499067e+02, -3.62272973e+02, -1.77155546e+02,  6.18658058e+00,    -3.58081266e+02, -1.30049653e+02,  5.65416408e+01,  1.97510895e+02,    -8.52860222e+01,  4.79113451e+02, -4.32368295e+02, -4.45565898e+01,    -2.32061938e+01,  2.37968178e+02, -3.46713630e+02, -2.18142830e+02,     2.33955453e+02,  4.25796678e+02,  5.95029333e+02,  2.99382796e+02,     3.52073470e+02, -2.53532956e+02,  5.32512812e+02,  5.75041431e+02,    -5.43984292e+01,  3.35514266e+02,  3.23987882e+02, -2.16944496e+02,     1.40482812e+01,  5.22725492e+02, -2.37110079e+02, -1.05667834e+02,    -5.15845402e+02,  2.29157346e+02, -6.42801953e+01,  1.50130890e+02,     8.17723435e+01, -3.55438077e+02,  3.91178950e+02,  3.46896422e+02,    -2.02239979e+02,  1.57088204e+02, -4.89118466e+02, -4.39797678e+02,     1.99299669e+02, -5.87966605e+02, -2.29584905e+02,  8.20312894e+01,     6.88159119e+02, -2.07197372e+02, -8.89405403e+01, -1.25215792e+02,     9.76965319e+02,  1.21060167e+02, -3.69900846e+02,  5.82821759e+02,     5.36516293e+02,  2.56215454e+02,  6.21741778e+02,  6.88757369e+02,    -8.93889924e+01, -2.55281713e+02, -2.76806371e+02,  2.28737187e+02,     3.22165015e+02, -4.19768793e+01, -1.75634114e+02, -5.24251361e+02,    -2.56726176e+02, -3.76550052e+02,  2.51301385e+02,  1.28143448e+02,     5.32796390e+02,  4.84741341e+01, -2.13435936e+02, -6.68351328e+01,     3.40465966e+02,  1.11232604e+02,  4.33751874e+02,  4.88704051e+02,    -1.17601493e+02, -7.69411969e+01, -8.22028417e+02,  4.54149366e+02,    -4.57731679e+01,  4.27092708e+02, -1.55787817e+02, -4.95852807e+02,     1.68250631e+02,  5.88686248e+02, -2.08631838e+02,  5.80893056e+02,    -6.14006698e+02, -1.90978543e+02, -6.64255755e+02,  1.87679338e+02,     9.75589668e+01,  7.28673595e+00, -5.08382673e+02,  7.45081744e+02,     4.47347608e+02,  6.91418524e+01, -3.89742449e+02,  1.85439602e+02,    -2.31574943e+02, -7.42513908e+01, -1.85416663e+02,  1.77217683e+02,    -8.56967288e+01, -1.73292658e+02,  1.62665371e+02,  2.23070301e+02,    -7.22850936e+02,  1.65026301e+02,  5.68391576e+02,  3.55602693e+02,    -1.11916413e+02,  2.89991424e+01, -3.04085248e+02,  5.00035937e+02,     1.48718625e+02, -5.72049568e+01, -5.87444666e+01,  9.23493650e+02,     6.48752143e+00,  2.62831386e+02,  6.12778806e+02,  8.26144198e+02,     5.41607229e+02,  3.58706145e+02, -5.38432103e+02, -3.66933861e+02,     2.92921464e+02,  1.42630393e+01,  2.73811254e+02,  1.56386790e+02,     4.96770512e+02, -6.55517150e+02, -4.14909116e+02, -5.38161490e+01,    -7.32671768e+02,  1.65720368e+02,  3.33238225e+02,  1.18225532e+02,    -1.92479885e+02,  1.99902122e+02,  1.20378013e+03,  2.19286632e+02,     1.28434423e+02, -4.14514815e+02, -5.60264160e+02, -1.32648924e+02,     2.63370057e+02, -4.43786260e+01,  1.77678068e+02,  2.97737388e+02,    -5.06120524e+02,  2.09859792e+02,  4.43595807e+02,  4.95665197e+02,    -4.72432514e+01,  9.61959685e+00, -7.86933501e+01, -4.27536686e+02,    -5.62750779e+02,  7.06454962e+02, -5.67745557e+01, -5.01095287e+02,     1.83952956e+01, -1.93506792e+02,  7.73141344e+02, -2.02556526e+02,    -2.91314699e+02,  2.63959902e+02, -1.23378761e+02,  3.66729315e+02,    -4.74897543e+01,  8.51086273e+02,  4.25312034e+02, -1.06059268e+01,    -3.05151148e+02,  2.09494218e+02, -4.69202529e+02, -9.87002100e+01,     5.14674566e+02, -2.37461778e+02, -3.99378150e+02, -1.87844300e+02,     4.39060894e+02,  1.23474172e+02, -7.01926859e+02,  2.58918822e+02,     1.27228868e+02,  5.83840392e+01, -4.32843582e+02,  1.44356796e+01,     2.96880512e+02,  4.32000054e+02,  5.41609095e+02,  2.20431853e+02,     3.46485821e+01, -4.29520104e+02, -4.04757869e+02, -6.29436268e+02,    -7.81451785e+01,  2.67328850e+02, -2.09081541e+01,  4.53223771e+02,    -2.68193342e+02,  1.54976167e+02, -1.01309430e+02, -2.52302832e+02,     5.00814246e+02,  6.46622987e+01,  5.19215256e+02,  2.50985942e+01,     2.10910019e+02, -1.68599652e+02,  5.29739973e+02, -1.02144654e+02,    -3.18480858e+00, -6.61312220e+02, -9.15466593e+01,  6.15887333e+02,     5.63250298e+02,  2.23471312e+02, -1.27421714e+02,  3.24567879e+01,    -1.49686026e+02, -4.84300716e+01,  7.61190353e+02,  1.48151750e+01,    -2.00686130e+02, -9.33839772e+02, -4.58766062e+02, -3.18352310e+02,    -5.67792715e+02, -4.75273337e+02, -6.01422547e+02, -3.92992086e+02,    -3.22168324e+02, -4.06487125e+02,  4.03703893e+02, -2.15210820e+02,    -8.19944885e+02,  3.37854778e+02, -2.44733643e+02, -6.95451987e+02,     8.21065046e+02, -2.03797711e+02,  1.67172772e+02,  3.45089314e+02,     7.79220334e+00,  2.20710203e+02,  7.05620674e+00, -1.29246856e+01,    -1.15993418e+02, -6.13830261e+02,  8.96793146e+01, -1.10383889e+03,     5.53410077e+02, -3.71046731e+02, -1.16843087e+02, -1.50544797e+02,     8.84058133e+01, -1.59205990e+02,  2.42561039e+02, -4.55259237e+02,     3.21280639e+02,  3.31657395e+02,  1.31130004e+02,  8.36172611e+01,     1.68478127e+02,  6.30060463e+01,  2.56342026e+02, -8.11837786e+01,    -5.30399787e+02,  8.32363272e+01, -1.95512610e+02, -3.87518367e+01,     4.22238678e+02, -6.87119727e+02,  8.90568873e+00,  1.17560189e+01,     7.29235040e+01,  2.81819792e+02, -1.17050981e+02,  7.12000868e+02,     4.10195963e+02, -1.48553234e+02, -8.97480800e+01,  1.61973105e+01,     6.60235734e+02, -4.72263345e+02, -8.82753825e+02,  2.45111488e+02,    -1.03447311e+02, -1.07115927e+02,  1.42977973e+02,  6.63676008e+02,     4.04605562e+02, -1.49511447e+02, -4.27661910e+02, -5.08631515e+01,     2.49362124e+02, -1.11563942e+02, -6.30798891e+02, -2.40701651e+01,    -7.88284122e+02, -4.13409645e+02,  6.75245575e+02, -4.35177059e+02,    -5.64485844e+02, -4.41438717e+02, -3.00013518e+02,  2.84108829e+02,     6.99569554e+02, -4.35029117e+01,  2.33526869e+02, -1.52670474e+02,    -5.91862148e+02,  3.96932500e+02, -3.87253683e+02,  2.40337378e+02,     3.07986258e+02, -6.33504608e+01,  3.50270186e+02,  3.72022567e+02,     9.12924200e+02, -1.26780506e+02, -3.91340526e+02, -5.41419616e+02,    -1.28425941e+02, -2.20352154e+02,  8.62026022e+02, -3.76140407e+02,     8.62568759e+01,  6.28915443e+01, -2.22518941e+02, -6.89485429e+02,    -5.50770456e+01,  8.30128139e+02,  9.26821420e+01,  5.97726839e+01,    -4.55261942e+02, -5.15242211e+02, -8.30776723e+01,  4.11311709e+02,    -1.90133933e+02,  9.05118361e+02, -3.73078503e+02,  1.44452617e+02,    -1.75980160e+02, -5.82231992e+02,  2.60037473e+01, -4.33969043e+02,    -6.33074965e+02,  7.03821015e+01,  1.98889036e+01,  4.39727825e+02,     1.78492964e+02, -2.87735119e+02,  1.92021691e+02, -7.01781398e+02,    -4.49833374e+02,  7.70545532e+02,  1.10808026e+02, -1.19966539e+02,    -2.74683000e+02, -4.00527168e+01, -6.64239702e+01,  7.23581497e+02,     3.48278283e+02, -1.25073705e+02, -5.91094898e+01, -3.42463869e+02,    -1.73433031e+02, -5.72225538e+02,  4.07851541e+02,  6.41218413e+01,     1.17701925e+02,  1.29254571e+02, -4.68882688e+01, -1.55700229e+02,    -4.76142599e+00, -9.04480305e+02, -1.62595124e+02, -6.90054977e+01,    -7.81417890e+01,  4.66562778e+02,  5.37486877e+02,  1.37308259e+02,    -8.14607196e+02,  5.44226844e+02, -1.69687542e+02, -3.28614711e+02,    -7.42841249e+02, -2.77686954e+02,  5.02155569e+02,  2.32879982e+02,     5.96991514e+01,  2.61160802e+02, -4.96088636e+02, -3.77892895e+02,     4.70442198e+02,  3.24716576e+02,  4.39718733e+02, -2.07525273e+00,     5.87602943e+01,  4.71380011e+02,  8.41464159e+02, -2.09750654e+02,     3.22166115e+02, -1.43602373e+02, -3.57572452e+02, -2.91710105e+02,    -2.60755146e+02, -1.27920877e+02, -4.34813516e+02, -1.99579909e+02,    -1.18723100e+03,  2.90111451e+02,  1.65375889e+02, -3.14552617e+01,    -3.53813774e+02, -1.91473796e+02, -4.58531735e+02,  1.00378638e+02,     7.01452437e+02, -1.75910758e+02, -1.39998914e+02,  1.86599340e+02,    -4.12680806e+02,  7.38955930e+02,  1.41605814e+02,  1.57537459e+02,     4.39930789e+02,  1.51133358e+01,  4.77794250e+02,  1.40071513e+02,    -7.35355783e+01,  7.97718117e+01, -1.97573931e+01,  5.91494212e+02,     7.75782593e+01,  1.26398960e+02, -7.66845323e+01,  1.13604921e+02,    -7.88002098e+02, -3.17499535e+02, -3.92617524e+02,  4.37038416e+02,    -2.48546664e+02, -5.48530690e+02,  5.01347299e+02, -1.02496858e+02,     3.72529681e+02, -7.79013837e+02,  2.11549852e+02,  6.51487543e+01,     5.03613159e+01, -7.49112209e+01, -5.54270161e+01,  4.20224856e+02,    -2.10280827e+00, -4.21478859e+02, -1.36173018e+02,  2.15506800e+02,    -9.95220510e+02, -7.91840700e+02,  1.23689385e+01,  9.50968086e+01,    -3.70573350e+02, -3.68500019e+01,  9.24290748e+02,  2.80939356e+02,    -4.78305847e+02,  8.01600064e+01, -7.60801591e+01,  8.86519418e+01,    -2.92572747e+02,  1.58022071e+02,  2.42228876e+02, -5.74045917e+01,     9.59731357e+02, -9.09060681e+01, -2.74142531e+02,  1.62794836e+02,     3.51819111e+02, -3.02757362e+02, -2.54950818e+01,  8.17758318e+02,    -2.02053117e+01,  5.02660448e+02,  1.22293673e+02, -8.21239276e+01,    -2.25004737e+02,  4.86180646e+02, -4.68917722e+02, -1.79524740e+01,    -1.28018742e+02, -3.61074017e+02,  1.43668989e+02,  2.03596955e+02,     7.63419600e+01, -1.42016532e+01, -3.30094257e+02,  1.57385558e+02,    -1.48057893e+01, -2.13617390e+02, -1.84689493e+02,  1.68181874e+02,    -4.32761873e+01, -3.12523959e+02, -9.09174227e+02,  7.80711533e+01,     1.99778964e+02, -3.99915835e+02, -1.92218622e+02,  7.04026725e+02,     6.21136973e+01,  3.00559057e+02,  5.58722805e+01,  3.15232715e+02,     4.40892747e+01, -3.36350206e+02, -3.27242493e+01,  7.11510167e+01,     2.37184777e+02,  6.85337937e+02,  4.19952150e+02,  1.84413571e+01,     1.47088875e+02,  5.15312466e+02,  2.23812652e+02, -6.19574984e+02,    -2.28833498e+02,  1.15287821e+02,  7.30438783e+01,  2.25256176e+02,    -4.48702145e+02,  1.08823233e+02,  3.43705416e+02,  4.21139355e+02,    -3.82713997e+02, -4.47495381e+01, -1.95367078e+01, -1.15592771e+02,    -2.83525726e+02, -1.69196517e+02, -2.76195769e+01,  6.84700770e+01,     3.53066490e+02, -2.65377319e+02,  6.83368163e+02,  3.04598042e+02,     2.16121967e+02,  2.84190310e+02,  2.59478187e+02,  2.80239517e+02,     4.61472496e+02, -3.77942341e+02,  5.40615692e+02, -9.50894326e+02,     2.65355281e+02, -9.28769789e+02,  7.19736663e+02,  6.21354954e+02,    -9.93516424e+01, -4.20359179e+02, -3.60956606e+02, -4.92127889e+02,    -5.29109268e+02,  4.91933158e+02,  3.66922669e+02,  2.06795835e+02,     2.71245557e+02,  3.47356705e+02, -3.28497165e+02, -1.72414545e+02,     4.90684252e+02, -1.06686148e+02,  4.52486319e+02,  6.24618049e+02,    -3.68566065e+01, -6.15588521e+02,  1.23037462e+01, -1.12653429e+01,    -8.39102744e+01,  6.54836756e+00, -5.73862679e+02, -1.57817922e+02,     5.05694298e+01,  7.59566446e+01,  4.13665957e+02, -3.41387227e+02,     5.23547854e+02, -3.45600120e+02,  1.89655408e+02,  3.32983396e+02]
bee_TS =[-5.02404893e+02, -3.98841132e+01, -1.16114194e+02,  3.89189816e+02,       -1.84003534e+02, -1.60867120e+02, -3.43638575e+02, -7.65208790e+02,       -3.66062294e+02, -4.09674357e+02, -3.34018812e+02,  4.02167813e+01,        1.19711744e+01,  2.59901649e+01,  2.69018958e+01,  4.04505816e+02,       -1.78656892e+02, -1.57207455e+02,  1.49599247e+02, -9.55012013e+02,        5.02620864e+02, -2.28995986e+02, -4.41363953e+01, -1.03626726e+02,       -4.81481829e+01, -4.96942886e+01,  7.42380114e+02, -1.82957713e+02,       -7.10622138e+01, -4.51097507e+02,  6.63481476e+02, -1.16974746e+02,       -3.34431713e+02,  2.05730266e+02, -3.66695598e+01,  1.67644000e+02,       -2.68128701e+01,  6.12907796e+01,  2.34414898e+02, -8.73908814e+02,        4.65307428e+02,  1.10224251e+02, -5.01977273e+01, -2.89835790e+02,        9.64623125e+01, -1.55900790e+02,  3.76518252e+02,  3.17502173e+02,       -2.35941035e+02, -2.51058475e+02, -2.55796479e+02, -2.90970531e+02,        9.80047904e+01, -4.26710444e+02,  1.17808474e+02,  5.14990290e+02,        5.87864267e+02,  2.99018574e+02,  1.38512584e+02,  2.35676654e+02,        7.70329998e+02,  1.80491512e+02, -4.73306427e+02, -1.06106644e+02,       -2.02305819e+02,  5.23763631e+02, -6.43480932e+02, -5.37534965e+02,       -2.32829216e+02, -8.49887174e+01, -3.75685051e+02,  2.30210623e+02,        8.25084602e+01,  1.12816449e+02, -3.31207316e+02, -2.99138073e+02,       -4.83915976e+02,  3.21225358e+02, -2.80969223e+02,  2.26192843e+02,       -5.66190498e+01, -2.51577298e+02, -5.00086924e+02, -1.48554679e+02,       -9.68278179e+01, -1.36842840e+02,  3.38364685e+02,  6.08088740e+02,       -3.62922512e+02, -6.87198132e+02, -1.70519049e+02,  9.51451773e+02,       -4.90258152e+02,  2.83939889e+02, -9.07181664e+01, -5.33526993e+02,        2.07033957e+02,  3.27386332e+02, -1.49877594e+02,  3.01783640e+02,       -2.29580288e+02, -4.40875761e+02,  7.64302431e+02,  3.98446933e+02,        2.66268754e+02,  1.25476654e+02,  2.10604245e+02,  6.98967445e+02,       -2.13717724e+02,  4.96700887e+01, -1.18543983e+03,  1.58099024e+02,       -5.84620247e+02,  1.24556127e+02,  1.85329261e+02, -2.92936211e+02,       -4.59164794e+02,  5.34167701e+01, -2.52002713e+02,  3.04711130e+02,       -4.35605897e+02, -2.28909510e+01, -3.04468568e+02, -3.59848013e+01,       -2.77693985e+01,  1.44635160e+02,  1.08007423e+01, -5.15691551e+01,        5.19110332e+02,  7.82824966e+02,  4.09598235e+02,  6.69001481e+02,       -1.03047968e+02,  1.15540968e+02,  4.71051285e+02, -7.72570219e+01,       -6.55506782e+02, -3.21388043e+02, -4.30280262e+02, -2.46374986e+02,        2.39641222e+02, -1.01024896e+03, -1.64738519e+02,  3.68524228e+02,       -3.12631289e+02, -3.14775217e+02,  4.64383509e+02,  3.77453250e+02,       -2.96539900e+02,  1.66269660e+02, -2.10582829e+02,  2.98357480e+02,        3.39646668e+01,  1.31144110e+02, -7.44532456e+02, -4.16451924e+02,       -6.64054509e+01,  2.42071733e+00, -3.31878994e+02,  9.13744856e+02,       -1.90251836e+02, -2.87805632e+02,  3.21888754e+02, -4.10932856e+02,       -2.79434920e+02,  2.62530312e+02,  9.41925734e+01,  1.11767886e+02,        1.03650739e+02, -9.62364413e+01,  1.66349095e+02,  4.99120908e+02,       -2.53110834e+02,  1.48135840e+02,  7.79579484e+02,  2.86610066e+02,       -7.47275817e+01, -1.64159472e+02,  1.31902259e+03, -1.50449974e+02,        3.03107030e+02,  1.86003774e+02,  2.94860071e+02,  7.61785317e+02,        4.26938575e+02, -2.49362262e+01,  1.93809560e+02,  4.04657571e+02,        3.32880674e+02, -4.76670331e+02,  8.01673096e+02, -7.14134373e+02,       -1.51199506e+02,  4.92469811e+02,  7.21292894e+01,  5.85930678e+01,        2.68226910e+02,  2.09351177e+02,  3.06970623e+02, -5.47044894e+02,        4.30664626e+01, -2.34231251e+02, -9.31673435e+01, -2.89773558e+01,       -7.62865125e+01, -4.77210426e+01,  7.01787248e+02, -7.29238338e+01,       -2.37591031e+02, -1.94987623e+01,  9.98071879e+01, -5.04435349e+02,       -3.83591923e+02, -3.12229992e+02, -5.40235465e+02, -1.40784949e+02,       -3.56253793e+02,  1.66491694e+02, -9.75752099e+00, -9.12012597e+01,       -7.32951884e+01,  5.58003448e+01, -1.71605292e+02,  5.73842544e+02,       -7.04018535e+02, -1.38351715e+02, -1.34820288e+02,  1.44641136e+02,        1.57735589e+02, -3.96234141e+02, -1.56244410e+02,  3.58445007e+02,       -1.91293360e+02,  1.35484113e+02,  3.17055417e+02, -3.60738131e+01,        9.68775872e+02, -1.75851753e+02, -2.75660364e+02,  5.56251294e+01,       -1.94265051e+02,  4.55824488e+02, -3.08819598e+02,  7.25161190e+01,        5.36531688e+02, -1.12679728e+02,  1.03057278e+03,  1.10044830e+03,       -5.62820944e+02,  4.97673288e+02,  1.43265352e+02, -4.58576222e+02,        1.50531835e+02,  3.10861275e+02,  3.26063866e+02,  2.06888746e+01,        1.00489979e+02,  6.10361285e+02, -1.97494449e+02,  1.39802186e+02,        6.53596651e+02, -3.20665195e+02, -1.28350319e+02,  4.46351790e+02,        2.29803833e+02,  6.53264055e+02,  2.20755723e+02,  5.79946203e+01,        2.24749482e+02,  3.33257179e+02, -4.15213032e+02,  2.91568206e+01,        1.57587768e+02,  1.05378140e+02,  1.88032536e+02, -5.02834060e+02,        2.93694225e+02, -3.81353413e+02, -2.70379123e+02,  1.50090137e+02,       -1.20966673e+02,  4.69191196e+02, -2.07524289e+02,  2.48417604e+02,        2.79031053e+02,  6.82409844e+02,  4.75782679e+02,  4.06975615e+02,       -7.56810293e+01, -5.81781497e+01, -2.71356001e+02,  6.56639533e+02,        6.73800144e+02,  3.20221874e+02, -1.97353947e+02,  4.31006402e+02,       -7.67136307e+01,  1.81977940e+02,  5.33434053e+02,  6.37280011e+00,       -6.63926845e+01, -2.12006565e+02, -4.55590502e+02,  8.30395199e+02,        3.86743164e+02, -4.78994614e+02, -1.32558206e+02,  2.39235639e+02,       -9.07716668e+01,  5.34001984e+02,  1.04151896e+02,  6.81838648e+02,        2.65169288e+02, -2.43117432e+02,  2.11911763e+02, -3.61144265e+01,       -2.72531852e+02,  1.43595168e+02,  1.60445990e+02,  7.77426067e+02,        6.84382415e+02,  4.50289807e+02,  5.96837538e+02,  6.20833564e+01,       -2.34746420e+02,  1.33600847e+02, -2.84579226e+02, -4.33578344e+02,       -4.95861042e+02, -2.33421663e+02, -9.22646155e+02, -2.65998145e+02,       -7.31358222e+02,  1.83479404e+02, -3.94322159e+02,  3.50123986e+02,       -8.18755997e+02, -2.76432706e+02,  4.22544568e+02,  1.92341388e+02,       -7.37107145e+02,  5.31481228e+02, -2.06677837e+02,  4.46326834e+02,       -2.20214502e+02, -6.75418546e+02,  1.04380084e+02, -5.44833139e+02,       -1.15262729e+02,  2.29302948e+00,  3.63794586e+02,  1.06989658e+03,       -3.88992848e+02, -2.98991396e+02, -2.26690920e+00, -1.20299563e+02,       -6.93596834e+02, -4.75973378e+02,  4.23433053e+02, -2.17215538e+02,        1.43599948e+02, -4.16543368e+02, -1.27615349e+02, -3.42803020e+02,        4.57672963e+02,  1.31272886e+02, -1.91565315e+02, -1.14676317e+02,        8.66513965e+01, -7.22878975e+01,  3.72123125e+02, -2.14425320e+02,        4.39216920e+01,  2.93437934e+02,  1.50097002e+02, -1.49671016e+02,        1.32277866e+03,  4.63371274e+02,  2.91606068e+01,  8.95825414e+01,       -5.27379152e+02,  2.63894285e+02, -6.40152990e+02, -2.19032166e+02,       -4.70408478e+02, -1.62900957e+02,  4.73974769e+02, -4.82303216e+02,        1.55255257e+02, -2.35306880e+01,  2.76333541e+01, -3.17940468e+02,       -3.81502113e+02, -2.55297770e+00, -3.65513867e+02, -1.89281336e+02,       -3.49641235e+02, -8.88178417e+01, -3.06503225e+02, -4.38886777e+02,        1.92800903e+02, -1.47545767e+02,  1.80539542e+02,  8.68856144e+01,       -6.27504157e+02, -4.67847316e+02, -3.38841663e+02,  3.04704453e+02,       -8.68321352e+00, -5.40463496e+02,  4.96489120e+02, -3.39757692e+02,        4.67175746e+02, -2.57039033e+02, -4.15922012e+02,  2.26731906e+02,       -5.79052548e+02, -3.31743271e+02,  5.44859295e+02,  1.54377855e+02,       -3.45690364e+02,  4.48473223e+02, -1.46258823e+02, -3.22502277e+02,       -2.61898069e+02, -4.14480562e+02,  2.02197935e+02, -7.74908013e+02,       -7.11388424e+02, -8.21398823e+01, -2.56997758e+02, -4.70131862e+02,        6.15182127e+02,  1.12726306e+03, -2.82240389e+02, -2.71828963e+01,       -5.39403683e+02,  5.63651354e+02,  1.58223349e+02, -1.67285219e+02,       -3.28981085e+02,  1.44217680e+02, -5.19512119e+02, -1.72166321e+02,       -7.58110703e+02,  2.98652762e+02,  1.12052601e+02,  4.87862748e+00,       -5.84925269e+01, -2.91761591e+02, -7.59996514e+01,  1.08989068e+03,       -1.63939288e+02, -3.94559106e+02, -5.78599462e+02,  1.11305101e+02,       -3.06734316e+02,  7.56779138e+01,  2.49394841e+02,  5.71239814e+01,        2.40583021e+02,  1.02818316e+02,  5.08988425e+02,  2.63006135e+02,       -2.89021225e+02,  3.60923893e+02,  2.96363372e+02,  9.50968953e+01,        3.82014325e+02, -2.09484095e+02,  6.20941548e+02,  1.57691226e+02,       -2.57291217e+02, -4.98142447e+01, -1.63239776e+02,  2.05318990e+02,       -2.25069266e+02, -2.53992462e+01, -9.25526961e+01,  7.08514449e+02,        4.57642471e+02, -5.76681225e+02, -3.55569140e+01, -4.61036477e+02,       -1.50181576e+02, -1.94049663e+02,  6.34716806e+01, -1.23361455e+01,       -2.21433902e+02,  1.07804575e+02, -5.95869557e+01, -9.01924092e+01,        7.40633809e+02,  1.54614273e+02, -6.91873060e+02, -3.78561802e+02,        7.88124586e+02,  2.34282600e+02, -7.28839705e+01,  9.08503651e+02,       -1.58194855e+02, -9.65921644e+01, -5.02058293e+01,  1.15499148e+02,        2.42945320e+02,  3.47987786e+01,  2.28944769e+02, -1.35145624e+02,       -2.65475896e+02, -3.69619974e+02, -4.09729452e+02,  3.83649677e+02,        1.08199512e+02,  3.22978224e+02,  1.18353186e+02,  7.56267105e+02,        1.49937826e+02, -6.98726676e+02, -2.93223078e+02,  8.46492866e+01,       -2.37123899e+02,  5.30349122e+02, -1.07407173e+02,  1.57054946e+02,        4.25627876e+02, -6.27170425e+02,  1.26898985e+03,  1.65375834e+02,        2.02939580e+02,  2.99344067e+02,  6.91319786e+01, -6.14075615e+00,        3.08194842e+02, -3.03545200e+02,  6.98248369e+02,  6.02145958e+02,       -3.53665758e+02,  1.28005695e+02,  5.93131181e+02, -1.84899461e+02,        1.35863995e+02,  3.65025570e+02,  3.64309559e+02, -6.69550853e+02,       -1.18613970e+02, -2.99674193e+02, -2.69065237e+01, -3.56302940e+01,       -2.23794132e+01, -1.39354835e+02, -2.51157235e+02,  7.04765728e+01,        8.71651765e+01,  4.56573732e+02, -3.59419764e+02,  3.29822796e+02,        3.82162992e+02, -1.42625562e+02,  7.56478368e+02, -5.82807703e+02,       -8.99109867e+02, -5.64195107e+01, -7.19904784e+01,  1.29909599e-01,        6.72352999e+02, -6.22594317e+01,  3.46615090e+02,  4.08463745e+02,        3.23841443e+02, -9.00171538e+01,  5.39449450e+02, -1.35954731e+02,       -2.76083806e+02, -3.95393318e+02,  4.57618029e+01,  3.28616322e+02,       -4.31762297e+01,  3.26930059e+02, -2.57365947e+01,  5.45337632e+02,        1.70230439e+02,  7.54902742e+01, -4.68659871e+01,  2.89179889e+02,        3.21783272e+02,  1.69781292e+02, -6.66981819e+00, -4.57330577e+02,        2.56386733e+02,  1.68575165e+02,  3.14909586e+02,  2.64727613e+02,        3.01071938e+02, -5.02915272e+01,  2.31034159e+02, -2.09378365e+02,       -9.44456868e+00, -4.74143153e+02, -2.65222385e+02,  3.33748277e+02,       -7.71657216e+02,  2.50600753e+02,  1.45108752e+02,  7.05245996e+02,       -2.22179390e+02,  2.59680235e+02, -9.92587306e+01, -4.11877669e+02,       -6.13253016e+02, -6.92869828e+01, -7.49199816e+02,  1.37013743e+02,       -1.76125706e+02,  2.54889193e+02,  1.73727390e+02, -2.18130083e+02,       -2.13470375e+02,  3.28747741e+02, -5.10602364e+02, -1.04105889e+02,       -1.77007957e+02,  1.99953043e+02, -4.51282799e+01,  4.91881717e+01,       -1.83981506e+02,  4.84286930e+02, -4.05199891e+02,  8.28495631e+01,        5.11882277e+02, -2.91774429e+02,  1.55799707e+01, -3.16620246e+01,       -5.84428553e+02, -3.95600463e+02, -6.82304553e+01,  2.24739569e+02,        2.73519160e+02,  4.15057580e+01, -6.90558599e+01,  1.88676969e+02,       -3.84355849e+02,  1.83830246e+00, -4.28628515e+02, -2.33282388e+02,        3.99917615e+02, -2.50174303e+02,  5.46024311e+02, -1.81152686e+02,        2.99466622e+02,  2.17740510e+02, -5.29660344e+02, -2.43044637e+02,        7.22490237e+01, -3.38965951e+02, -2.97937528e+02, -7.37566451e+02,       -4.74352947e+02, -4.44885460e+02, -3.66138877e+02,  1.97314746e+01,        1.12026489e+02,  8.39578657e+00,  1.78013006e+02, -4.85282680e+02,        1.23509961e+02,  1.76859494e+02, -5.65555914e+02, -5.47817768e+02,       -3.49722876e+02, -1.98548820e+02,  1.66374341e+02,  7.52991808e+00,       -3.78409382e+02,  3.03255819e+02, -1.69666224e+02,  4.25304965e+02,       -7.59483694e+02,  5.12788637e+02, -3.12778841e+01, -3.11986337e+02,       -2.22849264e+02,  2.73193679e+01,  3.61364698e+02, -6.41816972e+02,       -1.20283639e+02, -1.74586559e+02,  4.17483790e+02,  7.14324778e+02,       -8.26206893e+02,  7.95229413e+02,  3.88115726e+02, -6.35093781e+02,       -3.00144813e+02,  6.48746089e+02,  5.14203606e+02, -1.53040635e+02,       -3.05239010e+01,  8.95433888e+01,  6.02892740e+02, -4.48917904e+02,        1.39127067e+02, -6.46156987e+01,  2.59245382e+02, -6.29706395e+02,       -6.46913529e+01, -2.86630507e+02,  4.02443166e+02,  3.63265665e+02,       -7.29203924e+02, -4.21835512e+02, -1.93553069e+02, -3.30803221e+02,       -1.24798255e+02, -1.96783998e+02,  3.64920725e+02,  3.53833123e+02,       -5.05218420e+01, -3.92989907e+02, -7.10894810e+02,  3.69806813e+02,       -4.32134624e+02, -2.67277063e+02,  4.09269939e+01, -2.93394252e+02,       -3.54870191e+02, -2.20048664e+02, -3.59515782e+02, -2.28649153e+02,       -4.34075901e+02,  4.96288274e+02,  5.50451226e+02, -2.83873665e+01,       -2.03535203e+02, -1.37042218e+01,  3.62129764e+02, -7.51360356e+02,       -1.78054112e+02,  4.25763733e+02,  5.71770245e+02, -1.57178936e+02,        9.70585937e+01,  4.67347839e+02,  1.32846077e+02, -5.65328575e+01,       -3.77100131e+02,  1.92764370e+02, -3.06154155e+02, -1.37008184e+02,       -1.65002190e+02, -1.59816600e+02,  1.69315751e+02,  6.65376905e+02,        6.74003979e+00,  3.47945118e+01, -7.73310639e+02, -1.48725476e+02,       -3.23374215e+02,  4.01364326e+01, -3.59375279e+02,  6.69965100e+02,        6.94238227e+02,  1.25780038e+02, -1.27655212e+02,  1.23225548e+02,        2.17098530e+02, -4.07900758e+02, -6.56783470e+01,  1.19222647e+02,        1.18176134e+02,  4.84447255e+02,  3.85030353e+02, -1.78128023e+02,        2.42160155e+02, -8.25238191e+02, -3.72631982e+01,  7.27720319e+02,        8.21827326e+01, -6.57880238e+00,  2.84513705e+02, -2.47488109e+02,        7.92062430e+02, -1.05412905e+02,  7.26531161e+02,  3.16884049e+02,       -3.27810697e+02,  2.61414580e+02, -2.63225413e+02, -5.87685673e+02,       -3.39611218e+01, -4.84257534e+02, -4.56539523e+02, -4.53284504e+01,        2.75222816e+02, -4.87930229e+01, -2.87805774e+02,  6.43990095e+01,       -6.22829528e+02, -7.92980142e+01, -7.08267564e+02,  4.45977497e+02,       -1.16826124e+01, -4.39226399e+02, -1.62573717e+02,  1.47656062e+02,       -2.75309021e+02, -4.03845706e+02,  7.71295916e+02, -1.91743043e+02,       -3.80341868e+02,  2.15640287e+02, -1.01806594e+02,  4.38819223e+02,       -1.45736681e+01,  7.36839664e+01,  8.72695466e+02, -1.53690185e+02,       -2.99485145e+02, -3.20422016e+02, -4.55577606e+02, -2.82593487e+02,        2.43715034e+02,  1.79998053e+02,  1.82138172e+02,  6.42029598e+02,        2.00236766e+01,  1.43299761e+02, -5.69312466e+02,  2.10985221e+01,       -2.00395529e+02, -2.29038207e+02,  1.48069633e+01,  3.01909616e+02,        3.29132238e+02,  6.75431549e+00,  8.01288503e+01,  2.53274251e+02,        3.20842572e+02, -2.06172847e+02, -1.12814999e+02,  1.45777849e+01,       -2.01281962e+02, -6.76895453e+01, -2.33231580e+02,  6.49981433e+02,        5.58133277e+02, -1.09003032e+02,  1.04027540e+02, -2.05555655e+01,       -2.04858920e+02,  2.87561958e+02, -7.55568625e+01,  3.35296671e+02,       -4.62255942e+02,  1.62056171e+02, -9.51974003e+01, -4.68499282e+02,       -2.16799899e+02,  2.34807658e+02, -7.36484954e+02,  3.63108249e+02,        4.23714082e+02, -6.17034580e+01, -4.35433862e+01, -2.75318029e+01,        2.09938012e+02, -2.83137852e+02,  3.13255040e+02,  2.44151193e+02,       -8.98748086e+02, -2.83875151e+02,  1.94650001e+02, -7.93676132e+01,        3.29780103e+02, -5.29807750e+02, -3.95958340e+00, -3.56974041e+02,       -1.06386245e+03,  6.45499869e+02, -5.11643583e+02, -4.95504177e+02,        7.61042987e+01,  1.10240258e+03,  7.32274817e-02, -1.85844967e+02,       -1.81569774e+01, -6.15683628e+01, -7.62219054e+02, -5.32535004e+02,        6.69686899e+02, -4.42499461e+01, -3.40338313e+02,  4.32993048e+02,       -2.97129840e+02,  3.40726598e+02,  4.68361559e+02, -5.30175606e+02,       -2.21654851e+02, -2.96357992e+02, -1.29181049e+02, -1.67023005e+02,       -5.81202175e+01,  1.17741213e+02, -2.89318746e+02,  2.55625687e+02,        5.13988509e+02, -1.38652609e+02, -1.52986917e+02,  1.19042898e+02,        4.93541410e+02,  4.18806026e+02,  3.17969911e+01, -1.46139267e+01,       -4.68053234e+01, -4.37999904e+02,  3.25563593e+02, -2.06937240e+02,        1.70799203e+02, -1.35385015e+02,  2.49943053e+02,  1.51071166e+02,       -6.78561007e+02, -2.39254940e+02, -6.79621847e+02, -2.79469660e+02,        6.48903312e+01, -1.48034136e+02,  2.57236672e+02, -2.48457207e+02,        1.60581115e+01,  9.03114212e+01,  6.41160210e+02,  3.22162938e+02,       -2.33133480e+02,  1.77052176e+01,  9.59156297e+01,  3.43589204e+02,       -5.32875839e+00,  4.35747382e+02,  2.09228859e+02,  7.67498102e+02,        2.17781060e+01,  5.88671214e+02, -2.24433084e+02, -3.31626419e+02,        7.11949308e+01,  6.41521837e+01,  2.62434266e+02, -5.52893775e+01,       -1.37321408e+02,  2.23806317e+02, -3.94776069e+02, -4.46016453e+02,        6.61019084e+02, -5.05836970e+01, -3.68680701e+02, -4.01873468e+00,       -1.21775025e+02,  3.01677996e+02,  2.84682572e+02, -1.68338304e+02,        9.59590126e+00, -2.32943119e+02, -2.80845544e+02, -2.45955129e+02,       -8.23673248e+02, -2.90318101e+01, -5.55206593e+02, -4.74319403e+02,       -3.39187580e+02,  1.51173358e+02, -3.24293404e+02,  1.88670169e+02,       -4.86164311e+02,  9.35934673e+00, -3.50375499e+02,  6.42408721e+01,        1.02040258e+02,  2.50161663e+02, -1.69983631e+02, -1.26790625e+02,        2.24031722e+02,  5.18103135e+02,  2.80479338e+02,  6.68859927e+01,       -5.87423750e+02, -1.19435912e+02, -2.65645644e+02, -5.22863953e+02,        3.56247305e+02, -2.97632568e+02, -3.77037185e+01, -1.97615186e+02,       -8.72882465e+02,  4.29461753e+02, -1.44023398e+02,  3.54746707e+02,       -5.97738580e+02,  5.64530094e+02,  3.68424573e+01, -2.68322942e+02,        3.99521211e+01, -2.01281217e+02, -5.87933282e+02,  1.21793516e+02,        2.41719967e+02,  2.80345241e+01, -3.11654446e+02, -1.12180623e+02,        1.40170801e+02,  2.51902612e+02,  5.52474229e+02,  2.18818130e+02,       -2.02648430e+02,  7.60726677e+02,  2.48275380e+02,  3.36571882e+02,       -1.45569796e+02,  2.28888870e+02,  1.49560506e+02, -5.30879592e+02,       -1.61575750e+02, -3.39183099e+02, -2.69465392e+02, -8.95310903e+01,       -1.51564076e+02, -3.20289163e+02, -9.78060066e+02, -2.62310226e+02,        1.32960141e+02,  8.75917138e+01,  8.04757478e+01,  4.26850350e+02,        1.60092623e+02,  2.75393904e+02, -3.64293045e+02,  3.97588800e+02,       -4.24401350e+02, -6.59226691e+02,  1.65515846e+02, -3.47515574e+02,       -3.61307692e+02, -1.35696968e+03, -1.02690103e+02,  6.88391454e+02,        4.01177374e+02, -8.76901069e+01, -1.02746162e+02,  2.54014051e+02,        5.86488711e+02, -3.47385170e+02, -8.22411779e+01, -2.73342956e+02,       -3.08970956e+02, -2.93719769e+02,  1.37056494e+02,  6.16181456e+02,       -5.66397064e+02, -4.56013763e+02,  2.11012883e+01, -7.41977690e+01,       -1.22046724e+02, -8.01260792e+02,  4.87110565e+02,  2.16572963e+02,        7.73110525e+01,  4.16685748e+02, -2.60880594e+02,  2.55211572e+02,        2.32337406e+02,  4.59320761e+01, -4.01964099e+01,  1.05524063e+02,       -1.39774399e+02,  4.04555511e+02, -3.75564836e+02,  3.61900933e+02,        8.05084405e+01,  9.63298316e+01,  2.02862868e+02, -7.41045997e+02,        5.52735552e+01, -5.50906364e+02, -4.35330278e+02, -4.22379862e+02,       -3.87268345e+02,  1.14898873e+01,  1.11795264e+02,  4.15117366e+02,        8.30682949e+01,  1.18631707e+02, -6.11856149e+02, -2.15544081e+02,        2.83178978e+02,  1.14730442e+01,  1.61333066e+01, -7.01720562e+01,        3.15453830e+02, -7.84940104e+02,  9.04332159e+01,  2.03355796e+02,        3.91719965e+02,  3.34927552e+02, -4.88675425e+02,  6.53432449e+01,        3.67871630e+01,  3.82114534e+01,  1.66550194e+01, -1.67189060e+02,       -2.70740651e+02,  1.35508207e+02,  5.38650595e+02, -7.67177550e+01,        8.23097819e+01,  1.53273486e+02, -2.13227261e+02, -2.11174653e+02,       -9.94209698e+02, -3.30345628e+02, -4.36843489e+02, -6.51236924e+01,       -5.45959503e+02,  6.45548986e+02, -2.53520572e+02, -4.53963627e+02,       -1.34549056e+03,  5.63089278e+02,  1.18178801e+02, -1.30029229e+01,       -5.27694170e+02,  9.08771280e+01, -1.49064988e+02, -2.79853561e+02,        1.00922228e+02,  2.75288193e+02,  6.82577738e+01, -1.48503748e+02,       -2.83623195e+01,  7.16990922e+00,  1.64797020e+02, -5.23252442e+02,        6.00838293e+02, -3.59936209e+02, -2.32636931e+02, -3.61228101e+02,       -8.34125717e+02,  8.15978180e+01, -4.09932348e+02, -1.89128270e+02,        2.92830788e+02, -2.07126479e+02,  4.92085827e+00, -8.47323725e+01,       -2.20399347e+02,  1.42001036e+01,  4.56561954e+02, -4.46425601e+02,        7.90566984e+02, -1.69578826e+02,  2.91418975e+02, -6.70129717e+01,        1.28764686e+02, -1.00898365e+02,  4.02101902e+02,  5.37446959e+02,        1.71274659e+02,  4.71268087e+02, -3.34166126e+02, -2.75690869e+01,       -1.95752599e+02,  5.85139482e+02,  4.95357666e+02,  3.79640311e+02,       -1.28268437e+02, -2.59816833e+02,  2.31173976e+02, -2.21569724e+02,       -1.18424746e+02, -6.23305429e+01, -2.23335759e+02,  4.40107310e+02,       -4.96323678e+01,  3.39316192e+02,  1.20855765e+02,  1.45761612e+02,       -2.93184400e+02,  2.78036855e+02, -1.55966175e+02, -1.12536651e+02,       -2.58492093e+01, -4.36350530e+02,  6.58369522e+02, -2.42270050e+02,       -3.51768529e+01,  1.70633009e+02,  1.46343349e+02,  6.06605383e+02,       -1.41792537e+02,  6.58549750e+02,  5.98311148e+02, -8.34230329e+02,        7.46705565e+01, -1.75339520e+02,  1.25283378e+02,  7.45563249e+01,        1.50870362e+02,  5.17644877e+02,  7.94403151e+02, -6.72912490e+02,        6.57495408e+02, -7.91510176e+02, -6.59652172e+02, -1.05630892e+02,       -9.72981412e+00,  6.03007658e+02,  3.31553592e+02, -1.56849428e+02,       -7.94916382e+02,  6.03805706e+02, -3.86107375e+02, -9.12205921e+00,       -4.30386051e+01,  1.06351912e+03, -2.43130127e+02, -9.03417346e+02,        2.65168351e+02, -1.38792918e+03,  9.53838459e+01, -3.06097925e+02,       -1.55423709e+02, -2.33962647e+02, -5.02825847e+02,  3.51659164e+02,       -3.10322672e+02, -7.88916075e+01, -6.71754842e+02, -5.75913919e+01,       -4.10292999e+02, -6.38520297e+02, -1.05089911e+03,  8.68587595e+01,       -2.76553616e+02, -7.30603863e+00, -1.15834830e+02, -6.79177427e+02,       -5.42008157e+02, -4.52958018e+02, -4.56875725e+02,  4.70353553e+02,        8.00041493e+01, -4.09979335e+02, -1.56268543e+02, -1.92203036e+02,        3.18527432e+02, -2.86257427e+02, -1.05422935e+02, -1.92414143e+02,       -3.07580038e+02, -3.21168597e+02,  3.28379210e+02, -1.49951241e+02,       -7.80583773e+02,  6.60617507e+02,  4.02706772e+02,  5.25932842e+01,       -6.20717182e+02, -6.47958117e+02,  9.34600414e+01,  1.17687331e+01,       -2.55686401e+02, -4.17114348e+02,  3.04379489e+02, -6.78888165e+01,        2.34563908e+02,  4.23501476e+02,  2.89064822e+02,  3.02553005e+02,        2.18794618e+02, -1.74549110e+02, -1.07206896e+02, -1.88647421e+02,       -2.99066558e+02, -3.92415677e+02, -5.54693753e+02, -3.35254520e+02,       -6.86258791e+01, -6.82823270e+02, -7.43082515e+01,  2.79266150e+02,       -6.13118241e+02,  2.12561266e+02,  1.86107769e+02, -6.03741171e+02,       -4.86626550e+02, -1.34086088e+02,  1.81455840e+02, -3.39826902e+02,        6.00067002e+02,  5.38449757e+02, -6.42425640e+02,  4.33388554e+02,        3.03543917e+02,  6.49514481e+01,  2.16289333e+02, -3.65263641e+02,       -1.22442733e+02,  4.67108887e+01,  1.51558616e+02,  3.87457362e+02,       -4.33691908e+02, -3.69610132e+01,  1.51315529e+02, -1.28959424e+01,       -2.26392019e+02,  1.68673317e+02, -2.28110981e+02, -1.72704415e+02,        3.21858704e+01, -5.13013304e+02,  3.09625433e+01, -2.00706829e+02,       -1.07831331e+02,  4.96630822e+00, -4.85724653e+02,  4.82618517e+02,       -2.29913790e+02, -1.10593722e+03, -7.23143563e+02,  3.34172381e+02,       -3.04105646e+02, -1.46065538e+02, -2.49278990e+02, -1.41976216e+02,       -8.54302916e+02, -9.50204621e+01, -5.47467572e+02, -2.85443153e+02,        2.20168470e+02,  6.35230244e+02, -3.20423367e+00, -2.69005999e+01,        4.98104158e+02, -4.32824194e+02,  3.06114276e+02,  7.89957123e+01,       -3.55817253e+02, -1.53871225e+02,  2.09969352e+02,  1.59153217e+01,        8.38374722e+01,  9.74831086e+01, -2.01284538e+02, -2.37506121e+02,       -4.50826213e+02,  4.27970873e+02, -5.42182896e+02, -3.98219859e+02,        8.11245601e+01, -7.63622497e+02,  1.64561436e+02,  5.35545913e+02,       -4.09160481e+01,  5.96192057e+01, -2.12223579e+02, -1.74337977e+02,        8.77675641e+01,  3.19943582e+02, -3.45272855e+02,  2.63677481e+02,       -9.38803039e+01, -3.34863577e+01,  2.30137337e+02,  1.63650953e+02,       -7.69092032e+01, -3.16410349e+00,  2.07976302e+02,  2.39102474e+02,       -6.12423829e+02,  5.60539225e+01,  4.60217240e+02, -8.29604713e+02,        2.77161994e+02, -1.01797156e+03, -7.92465553e+01, -1.26642649e+02,       -7.20567495e+01, -7.64985732e+01, -2.20948452e+02, -3.09939652e+01,        1.40634818e+02, -2.06039407e+02,  1.20540728e+02,  7.40579507e+02,       -5.47953885e+02, -2.27735463e+02,  3.11765574e+02,  2.11260968e+02,        3.53323138e+02,  1.39769068e+02,  2.41660773e+02, -1.59413350e+02,       -4.17487177e+02, -3.62348476e+02, -1.77318647e+02,  6.29895639e+00,       -3.58087225e+02, -1.30041323e+02,  5.65528863e+01,  1.97553856e+02,       -8.52576972e+01,  4.79181784e+02, -4.32529699e+02, -4.44892774e+01,       -2.32030401e+01,  2.37992262e+02, -3.46672017e+02, -2.18142364e+02,        2.33776456e+02,  4.25703746e+02,  5.95128752e+02,  2.99330524e+02,        3.52104382e+02, -2.53479595e+02,  5.32532590e+02,  5.75046499e+02,       -5.43297015e+01,  3.35366455e+02,  3.23958556e+02, -2.16910022e+02,        1.41964772e+01,  5.22715514e+02, -2.37064208e+02, -1.05602094e+02,       -5.15868609e+02,  2.29088619e+02, -6.43840740e+01,  1.50161005e+02,        8.17036641e+01, -3.55408492e+02,  3.91174113e+02,  3.46897025e+02,       -2.02289958e+02,  1.57130235e+02, -4.89190624e+02, -4.39786046e+02,        1.99318887e+02, -5.87965323e+02, -2.29646961e+02,  8.19489721e+01,        6.88187149e+02, -2.07206926e+02, -8.89750690e+01, -1.25298561e+02,        9.76916154e+02,  1.21084764e+02, -3.69864779e+02,  5.82872045e+02,        5.36535748e+02,  2.56291122e+02,  6.21829668e+02,  6.88867831e+02,       -8.93099525e+01, -2.55249768e+02, -2.76779213e+02,  2.28759310e+02,        3.22136817e+02, -4.20050417e+01, -1.75698275e+02, -5.24228560e+02,       -2.56618092e+02, -3.76540716e+02,  2.51323131e+02,  1.28184145e+02,        5.32824873e+02,  4.84956591e+01, -2.13402297e+02, -6.68077426e+01,        3.40463545e+02,  1.11211320e+02,  4.33844630e+02,  4.88682229e+02,       -1.17573340e+02, -7.70160504e+01, -8.22126300e+02,  4.54094074e+02,       -4.56672829e+01,  4.27158642e+02, -1.55844575e+02, -4.95966702e+02,        1.68297507e+02,  5.88779668e+02, -2.08713049e+02,  5.80865796e+02,       -6.14047914e+02, -1.90976136e+02, -6.64279431e+02,  1.87624632e+02,        9.74634031e+01,  7.39107348e+00, -5.08441632e+02,  7.45144076e+02,        4.47408559e+02,  6.91446219e+01, -3.89853989e+02,  1.85467642e+02,       -2.31477578e+02, -7.43058705e+01, -1.85455942e+02,  1.77137223e+02,       -8.58105495e+01, -1.73305226e+02,  1.62707297e+02,  2.23060414e+02,       -7.22863055e+02,  1.65021973e+02,  5.68377566e+02,  3.55558907e+02,       -1.11845806e+02,  2.89733250e+01, -3.04101066e+02,  5.00036254e+02,        1.48657168e+02, -5.71885840e+01, -5.87361003e+01,  9.23491615e+02,        6.38296766e+00,  2.62749710e+02,  6.12810696e+02,  8.26153715e+02,        5.41617238e+02,  3.58696527e+02, -5.38491655e+02, -3.66991316e+02,        2.92881480e+02,  1.43542109e+01,  2.73797251e+02,  1.56344531e+02,        4.96856235e+02, -6.55561101e+02, -4.14864866e+02, -5.39032619e+01,       -7.32631356e+02,  1.65693222e+02,  3.33333412e+02,  1.18079580e+02,       -1.92444611e+02,  1.99939852e+02,  1.20369374e+03,  2.19394504e+02,        1.28430613e+02, -4.14471603e+02, -5.60131338e+02, -1.32649045e+02,        2.63428707e+02, -4.44001010e+01,  1.77728336e+02,  2.97703733e+02,       -5.06063642e+02,  2.09908520e+02,  4.43415000e+02,  4.95625573e+02,       -4.72628450e+01,  9.67782453e+00, -7.87081007e+01, -4.27476930e+02,       -5.62821315e+02,  7.06371245e+02, -5.67828047e+01, -5.01026428e+02,        1.84578285e+01, -1.93592350e+02,  7.73117987e+02, -2.02554055e+02,       -2.91332817e+02,  2.64039285e+02, -1.23397154e+02,  3.66760686e+02,       -4.73931675e+01,  8.51026379e+02,  4.25334302e+02, -1.04824170e+01,       -3.05158753e+02,  2.09565095e+02, -4.69166104e+02, -9.85985971e+01,        5.14700409e+02, -2.37429774e+02, -3.99324109e+02, -1.87851988e+02,        4.39021900e+02,  1.23436980e+02, -7.01958603e+02,  2.58986619e+02,        1.27158546e+02,  5.84472991e+01, -4.32829522e+02,  1.44921844e+01,        2.96850715e+02,  4.31964238e+02,  5.41641802e+02,  2.20491361e+02,        3.46343768e+01, -4.29604299e+02, -4.04761888e+02, -6.29335359e+02,       -7.81818199e+01,  2.67361584e+02, -2.09311524e+01,  4.53171625e+02,       -2.68209922e+02,  1.54897410e+02, -1.01438630e+02, -2.52324117e+02,        5.00876909e+02,  6.46690722e+01,  5.19257766e+02,  2.52000529e+01,        2.10835774e+02, -1.68551477e+02,  5.29720873e+02, -1.02243757e+02,       -3.16070260e+00, -6.61307751e+02, -9.15298982e+01,  6.15880091e+02,        5.63238275e+02,  2.23464312e+02, -1.27432772e+02,  3.24933966e+01,       -1.49759401e+02, -4.86028086e+01,  7.61259470e+02,  1.48618089e+01,       -2.00729129e+02, -9.33788594e+02, -4.58632171e+02, -3.18399187e+02,       -5.67735735e+02, -4.75317864e+02, -6.01421935e+02, -3.92969221e+02,       -3.22064404e+02, -4.06511195e+02,  4.03723278e+02, -2.15109855e+02,       -8.19810601e+02,  3.37910673e+02, -2.44782633e+02, -6.95401104e+02,        8.21083138e+02, -2.03771843e+02,  1.67141808e+02,  3.45096477e+02,        7.97276751e+00,  2.20703842e+02,  7.14474100e+00, -1.29148607e+01,       -1.16019153e+02, -6.13893323e+02,  8.97070457e+01, -1.10373894e+03,        5.53533090e+02, -3.71005625e+02, -1.16887862e+02, -1.50549638e+02,        8.85120336e+01, -1.59168970e+02,  2.42548860e+02, -4.55268099e+02,        3.21252592e+02,  3.31766201e+02,  1.31004454e+02,  8.36432988e+01,        1.68530647e+02,  6.30292166e+01,  2.56325237e+02, -8.11743732e+01,       -5.30542952e+02,  8.32331933e+01, -1.95582090e+02, -3.87844081e+01,        4.22351180e+02, -6.87131473e+02,  8.93757955e+00,  1.18085492e+01,        7.29411532e+01,  2.81777875e+02, -1.17008121e+02,  7.11969605e+02,        4.10115700e+02, -1.48542556e+02, -8.96722303e+01,  1.62505410e+01,        6.60246931e+02, -4.72195950e+02, -8.82766548e+02,  2.45149722e+02,       -1.03440235e+02, -1.07200748e+02,  1.42980087e+02,  6.63672627e+02,        4.04561993e+02, -1.49494154e+02, -4.27699318e+02, -5.09196701e+01,        2.49334298e+02, -1.11620771e+02, -6.30829460e+02, -2.41256124e+01,       -7.88338589e+02, -4.13450153e+02,  6.75311693e+02, -4.35199345e+02,       -5.64545661e+02, -4.41463795e+02, -3.00050966e+02,  2.84204418e+02,        6.99654870e+02, -4.35462321e+01,  2.33503646e+02, -1.52749947e+02,       -5.91854752e+02,  3.96961454e+02, -3.87308904e+02,  2.40285707e+02,        3.07919255e+02, -6.34571121e+01,  3.50211535e+02,  3.71954526e+02,        9.13064873e+02, -1.26724349e+02, -3.91456338e+02, -5.41423232e+02,       -1.28427570e+02, -2.20526607e+02,  8.61923252e+02, -3.76160752e+02,        8.62803131e+01,  6.28331682e+01, -2.22430625e+02, -6.89591509e+02,       -5.50973563e+01,  8.30189789e+02,  9.27992824e+01,  5.97691835e+01,       -4.55329605e+02, -5.15206051e+02, -8.31467153e+01,  4.11239304e+02,       -1.90197827e+02,  9.05049288e+02, -3.73187718e+02,  1.44503202e+02,       -1.75872282e+02, -5.82175945e+02,  2.60181006e+01, -4.33983449e+02,       -6.33103647e+02,  7.04472333e+01,  1.98612338e+01,  4.39731103e+02,        1.78565439e+02, -2.87726356e+02,  1.92017820e+02, -7.01907578e+02,       -4.49750622e+02,  7.70572864e+02,  1.10699491e+02, -1.19855639e+02,       -2.74655796e+02, -4.00569757e+01, -6.64709607e+01,  7.23755897e+02,        3.48300586e+02, -1.24995292e+02, -5.90234661e+01, -3.42484958e+02,       -1.73380174e+02, -5.72175119e+02,  4.07890470e+02,  6.41415936e+01,        1.17650876e+02,  1.29309616e+02, -4.69529418e+01, -1.55752167e+02,       -4.64974021e+00, -9.04537733e+02, -1.62496135e+02, -6.90555042e+01,       -7.81029934e+01,  4.66422233e+02,  5.37500952e+02,  1.37327790e+02,       -8.14595812e+02,  5.44175994e+02, -1.69720628e+02, -3.28594481e+02,       -7.42849941e+02, -2.77658870e+02,  5.02234774e+02,  2.32984498e+02,        5.98191071e+01,  2.61214156e+02, -4.96085620e+02, -3.77955244e+02,        4.70501032e+02,  3.24755120e+02,  4.39636846e+02, -1.97210669e+00,        5.87988700e+01,  4.71388844e+02,  8.41476444e+02, -2.09677738e+02,        3.22183158e+02, -1.43808862e+02, -3.57625958e+02, -2.91704277e+02,       -2.60837975e+02, -1.27906443e+02, -4.34767658e+02, -1.99508314e+02,       -1.18717677e+03,  2.90117553e+02,  1.65438878e+02, -3.14924914e+01,       -3.53759825e+02, -1.91425016e+02, -4.58531437e+02,  1.00360726e+02,        7.01450571e+02, -1.75957196e+02, -1.40011587e+02,  1.86562502e+02,       -4.12739591e+02,  7.38962100e+02,  1.41571727e+02,  1.57428822e+02,        4.39890487e+02,  1.50303766e+01,  4.77780020e+02,  1.40108505e+02,       -7.34428317e+01,  7.97589872e+01, -1.98717819e+01,  5.91418643e+02,        7.75991889e+01,  1.26496520e+02, -7.67422755e+01,  1.13657586e+02,       -7.88005646e+02, -3.17482219e+02, -3.92673682e+02,  4.36994158e+02,       -2.48594459e+02, -5.48459341e+02,  5.01341730e+02, -1.02508246e+02,        3.72475892e+02, -7.79023420e+02,  2.11439552e+02,  6.50992109e+01,        5.03370466e+01, -7.49380253e+01, -5.54260904e+01,  4.20309383e+02,       -2.03555788e+00, -4.21522126e+02, -1.36239067e+02,  2.15429379e+02,       -9.95236877e+02, -7.91779161e+02,  1.23440448e+01,  9.51264227e+01,       -3.70683307e+02, -3.68225208e+01,  9.24222667e+02,  2.80847406e+02,       -4.78289746e+02,  8.01583857e+01, -7.61047756e+01,  8.87132725e+01,       -2.92593849e+02,  1.58100961e+02,  2.42180563e+02, -5.73982100e+01,        9.59730970e+02, -9.08747491e+01, -2.74166281e+02,  1.62925787e+02,        3.51872915e+02, -3.02755558e+02, -2.54572418e+01,  8.17821001e+02,       -2.02433827e+01,  5.02637556e+02,  1.22314145e+02, -8.20323740e+01,       -2.24917752e+02,  4.86080674e+02, -4.68971882e+02, -1.79590442e+01,       -1.28086553e+02, -3.61055407e+02,  1.43642719e+02,  2.03665730e+02,        7.62507591e+01, -1.41727668e+01, -3.30109869e+02,  1.57316084e+02,       -1.48450312e+01, -2.13561363e+02, -1.84664704e+02,  1.68135162e+02,       -4.32584707e+01, -3.12561743e+02, -9.09275549e+02,  7.80483382e+01,        1.99664180e+02, -3.99950567e+02, -1.92229810e+02,  7.04041866e+02,        6.21968507e+01,  3.00591773e+02,  5.59060649e+01,  3.15275482e+02,        4.40774583e+01, -3.36328158e+02, -3.28404212e+01,  7.10938175e+01,        2.37249030e+02,  6.85277096e+02,  4.19969395e+02,  1.84821881e+01,        1.47093985e+02,  5.15321700e+02,  2.23836610e+02, -6.19536646e+02,       -2.28915070e+02,  1.15270572e+02,  7.30454081e+01,  2.25170703e+02,       -4.48715431e+02,  1.08741379e+02,  3.43770607e+02,  4.21112421e+02,       -3.82656785e+02, -4.46356439e+01, -1.95131005e+01, -1.15677072e+02,       -2.83413076e+02, -1.69091060e+02, -2.77440865e+01,  6.85404115e+01,        3.53093951e+02, -2.65378105e+02,  6.83397231e+02,  3.04553211e+02,        2.16162828e+02,  2.84275497e+02,  2.59406371e+02,  2.80291799e+02,        4.61477686e+02, -3.77991610e+02,  5.40627653e+02, -9.50980284e+02,        2.65354157e+02, -9.28732859e+02,  7.19718239e+02,  6.21435796e+02,       -9.92961027e+01, -4.20349639e+02, -3.60978528e+02, -4.92095983e+02,       -5.29131897e+02,  4.91961445e+02,  3.66874799e+02,  2.06790668e+02,        2.71190489e+02,  3.47402234e+02, -3.28529651e+02, -1.72373435e+02,        4.90644460e+02, -1.06691553e+02,  4.52480228e+02,  6.24634417e+02,       -3.68656153e+01, -6.15612839e+02,  1.23780047e+01, -1.12868435e+01,       -8.39053248e+01,  6.54447716e+00, -5.73841263e+02, -1.57706500e+02,        5.06556383e+01,  7.60535030e+01,  4.13663184e+02, -3.41386226e+02,        5.23455289e+02, -3.45567595e+02,  1.89709833e+02,  3.33030095e+02]
