name = 'O_diff'
composition = {'H':0, 'C':0, 'N':0, 'O':1, 'Pt':1}
facet = ['Ni211'] 
IS_SPE =[-84.879429, 'eV']
IS_ZPE =[0.079, 'eV']
IS_frequencies=[391.4, 392.0, 485.4, 'cm-1']
TST_SPE=[-83.67159669, 'eV']
TST_ZPE=[0.057, 'eV']
TST_frequencies=[421.4, 495.2, 'cm-1']
no_reactants=1
bee_IS = [-4.99084685e+02, -3.97215043e+01, -1.15441900e+02,  3.86404725e+02,    -1.82522600e+02, -1.59847213e+02, -3.40781195e+02, -7.59601049e+02,    -3.63620120e+02, -4.07032479e+02, -3.32119698e+02,  3.96800942e+01,     1.22300042e+01,  2.56198273e+01,  2.66406970e+01,  4.02186137e+02,    -1.77337782e+02, -1.56670116e+02,  1.49284674e+02, -9.48574056e+02,     4.99242898e+02, -2.28014823e+02, -4.34670725e+01, -1.02845421e+02,    -4.83612639e+01, -4.95386713e+01,  7.37189229e+02, -1.82313542e+02,    -7.04071086e+01, -4.48525773e+02,  6.59512494e+02, -1.16341034e+02,    -3.32359121e+02,  2.04547459e+02, -3.63362182e+01,  1.66502505e+02,    -2.68631999e+01,  6.08736809e+01,  2.33072306e+02, -8.68151982e+02,     4.62045703e+02,  1.09679141e+02, -4.96662400e+01, -2.88006731e+02,     9.60127466e+01, -1.54415431e+02,  3.73996140e+02,  3.15499444e+02,    -2.34703095e+02, -2.49460758e+02, -2.54708094e+02, -2.89026404e+02,     9.72350643e+01, -4.23853871e+02,  1.16811615e+02,  5.11613139e+02,     5.83841517e+02,  2.96669761e+02,  1.37225600e+02,  2.33954009e+02,     7.65121144e+02,  1.79228658e+02, -4.70008544e+02, -1.05570416e+02,    -2.00681095e+02,  5.20554930e+02, -6.38697250e+02, -5.34320443e+02,    -2.31099608e+02, -8.37861032e+01, -3.73536593e+02,  2.28563789e+02,     8.18599258e+01,  1.11917464e+02, -3.28964838e+02, -2.96980588e+02,    -4.80857019e+02,  3.19330349e+02, -2.79136776e+02,  2.24610521e+02,    -5.63538238e+01, -2.49873126e+02, -4.96575108e+02, -1.48006291e+02,    -9.61785615e+01, -1.35671438e+02,  3.35951380e+02,  6.03884027e+02,    -3.60329586e+02, -6.82482008e+02, -1.69447248e+02,  9.44942939e+02,    -4.87122204e+02,  2.82407001e+02, -9.02828991e+01, -5.29753927e+02,     2.05250565e+02,  3.25573694e+02, -1.49403009e+02,  3.00442870e+02,    -2.28180376e+02, -4.37535221e+02,  7.59131833e+02,  3.96248189e+02,     2.64442083e+02,  1.25039997e+02,  2.09685456e+02,  6.94349827e+02,    -2.12148817e+02,  4.93881695e+01, -1.17778974e+03,  1.56819169e+02,    -5.81180929e+02,  1.23613379e+02,  1.83996072e+02, -2.90989625e+02,    -4.56157735e+02,  5.31628686e+01, -2.50378764e+02,  3.02582688e+02,    -4.33165801e+02, -2.25686895e+01, -3.02459491e+02, -3.57080459e+01,    -2.76610630e+01,  1.43784810e+02,  1.08818132e+01, -5.08739155e+01,     5.15358629e+02,  7.77425215e+02,  4.07202656e+02,  6.64915755e+02,    -1.01683391e+02,  1.15186883e+02,  4.67492016e+02, -7.68846506e+01,    -6.50576817e+02, -3.18786148e+02, -4.27276763e+02, -2.44425993e+02,     2.38451812e+02, -1.00364506e+03, -1.64087950e+02,  3.65995649e+02,    -3.10351690e+02, -3.13040644e+02,  4.61626718e+02,  3.74664391e+02,    -2.94657006e+02,  1.64956920e+02, -2.09053962e+02,  2.96020243e+02,     3.33278589e+01,  1.30266739e+02, -7.39404081e+02, -4.13292054e+02,    -6.54142608e+01,  2.76953168e+00, -3.29364612e+02,  9.08010957e+02,    -1.89234067e+02, -2.85984301e+02,  3.19760532e+02, -4.08495241e+02,    -2.77739008e+02,  2.60838141e+02,  9.40981200e+01,  1.10878146e+02,     1.03108823e+02, -9.58180086e+01,  1.65499680e+02,  4.95905835e+02,    -2.51409211e+02,  1.47264740e+02,  7.74451536e+02,  2.85094239e+02,    -7.43529736e+01, -1.63219179e+02,  1.31044452e+03, -1.49542616e+02,     3.00864522e+02,  1.84628756e+02,  2.93031775e+02,  7.56636766e+02,     4.24665054e+02, -2.47820274e+01,  1.92743324e+02,  4.02243274e+02,     3.30526651e+02, -4.73121574e+02,  7.96193875e+02, -7.08818550e+02,    -1.50398332e+02,  4.89430079e+02,  7.16123082e+01,  5.89292170e+01,     2.66580737e+02,  2.08508185e+02,  3.04952298e+02, -5.43892452e+02,     4.30847610e+01, -2.32995974e+02, -9.28341209e+01, -2.89908856e+01,    -7.57582299e+01, -4.71516093e+01,  6.96882378e+02, -7.25062991e+01,    -2.35602344e+02, -1.92644313e+01,  9.93097312e+01, -5.01088294e+02,    -3.80984490e+02, -3.10493055e+02, -5.36877672e+02, -1.40110907e+02,    -3.54265681e+02,  1.65176841e+02, -9.82510598e+00, -9.04243964e+01,    -7.28345749e+01,  5.55078071e+01, -1.70447444e+02,  5.70257574e+02,    -6.99302924e+02, -1.37625583e+02, -1.33761653e+02,  1.43357378e+02,     1.56996891e+02, -3.93718363e+02, -1.55991350e+02,  3.55866001e+02,    -1.89819979e+02,  1.34762908e+02,  3.14594543e+02, -3.62437759e+01,     9.62391486e+02, -1.75290058e+02, -2.73905988e+02,  5.52318887e+01,    -1.92802520e+02,  4.52893992e+02, -3.06491510e+02,  7.23251144e+01,     5.33481268e+02, -1.11558373e+02,  1.02386397e+03,  1.09306469e+03,    -5.58745361e+02,  4.94803273e+02,  1.42540413e+02, -4.55533610e+02,     1.49551982e+02,  3.08839283e+02,  3.23629472e+02,  2.02109030e+01,     1.00044061e+02,  6.05941831e+02, -1.96395968e+02,  1.39083264e+02,     6.49185295e+02, -3.18380509e+02, -1.27002494e+02,  4.43397156e+02,     2.28087232e+02,  6.49531326e+02,  2.18835246e+02,  5.74090175e+01,     2.23635087e+02,  3.30765065e+02, -4.12340056e+02,  2.90018469e+01,     1.56428620e+02,  1.04791371e+02,  1.86685018e+02, -4.99301486e+02,     2.92042647e+02, -3.78980501e+02, -2.68867816e+02,  1.49409988e+02,    -1.20312070e+02,  4.66574224e+02, -2.06399233e+02,  2.47232568e+02,     2.78085133e+02,  6.78175435e+02,  4.72457777e+02,  4.03567952e+02,    -7.51925458e+01, -5.79485195e+01, -2.69426850e+02,  6.52333887e+02,     6.69271366e+02,  3.18110176e+02, -1.95892032e+02,  4.28430771e+02,    -7.65494497e+01,  1.80634027e+02,  5.29635430e+02,  6.73911807e+00,    -6.56297000e+01, -2.10872982e+02, -4.52283532e+02,  8.25046483e+02,     3.84039629e+02, -4.75766579e+02, -1.31514117e+02,  2.37599052e+02,    -8.98461578e+01,  5.30236700e+02,  1.03725992e+02,  6.77781749e+02,     2.63850886e+02, -2.41802325e+02,  2.11070431e+02, -3.60208027e+01,    -2.70963136e+02,  1.42881047e+02,  1.59689892e+02,  7.72680802e+02,     6.80090552e+02,  4.47286225e+02,  5.93151185e+02,  6.16152914e+01,    -2.33120920e+02,  1.33042323e+02, -2.82751577e+02, -4.30399082e+02,    -4.92438030e+02, -2.31974954e+02, -9.16359589e+02, -2.64230561e+02,    -7.26016647e+02,  1.82493858e+02, -3.91467213e+02,  3.47753417e+02,    -8.13224539e+02, -2.75051659e+02,  4.20207451e+02,  1.91140442e+02,    -7.32439433e+02,  5.28426581e+02, -2.05147505e+02,  4.43159397e+02,    -2.18369558e+02, -6.70620191e+02,  1.03485001e+02, -5.41037505e+02,    -1.14330334e+02,  2.37684477e+00,  3.61155967e+02,  1.06298347e+03,    -3.86436133e+02, -2.97235122e+02, -2.31614021e+00, -1.19130929e+02,    -6.89319094e+02, -4.72703450e+02,  4.20650922e+02, -2.15854163e+02,     1.42858262e+02, -4.13793663e+02, -1.27006323e+02, -3.40678270e+02,     4.55072715e+02,  1.30334539e+02, -1.90240123e+02, -1.13893516e+02,     8.58548508e+01, -7.13144944e+01,  3.69604599e+02, -2.13029393e+02,     4.34987924e+01,  2.91424250e+02,  1.49144951e+02, -1.48245709e+02,     1.31413855e+03,  4.60066361e+02,  2.87239339e+01,  8.97830694e+01,    -5.23719951e+02,  2.62572819e+02, -6.36195395e+02, -2.17702393e+02,    -4.66891846e+02, -1.62075312e+02,  4.71236935e+02, -4.79035088e+02,     1.54104859e+02, -2.32838955e+01,  2.76350853e+01, -3.16062268e+02,    -3.79529084e+02, -2.58907697e+00, -3.63224271e+02, -1.87889590e+02,    -3.47309748e+02, -8.85827258e+01, -3.04522820e+02, -4.35878076e+02,     1.90854904e+02, -1.46711588e+02,  1.79623635e+02,  8.60500752e+01,    -6.23508962e+02, -4.64864167e+02, -3.36588431e+02,  3.02353002e+02,    -8.55942002e+00, -5.36683632e+02,  4.93310656e+02, -3.37192149e+02,     4.64202381e+02, -2.55286611e+02, -4.12961231e+02,  2.25318194e+02,    -5.75005564e+02, -3.29178857e+02,  5.41202543e+02,  1.53015753e+02,    -3.43335785e+02,  4.44876761e+02, -1.45178886e+02, -3.20054615e+02,    -2.59755666e+02, -4.11626527e+02,  2.01231857e+02, -7.69992983e+02,    -7.06517463e+02, -8.19552544e+01, -2.55826555e+02, -4.66963687e+02,     6.11229861e+02,  1.12000155e+03, -2.80467121e+02, -2.74196927e+01,    -5.35254482e+02,  5.60413117e+02,  1.56912306e+02, -1.66019026e+02,    -3.27022956e+02,  1.43470069e+02, -5.16083211e+02, -1.71106494e+02,    -7.52966163e+02,  2.96677965e+02,  1.11251735e+02,  5.03445958e+00,    -5.82671459e+01, -2.89466955e+02, -7.54964687e+01,  1.08194233e+03,    -1.63486339e+02, -3.91671527e+02, -5.75127360e+02,  1.10404114e+02,    -3.04602341e+02,  7.51786952e+01,  2.47404718e+02,  5.70058395e+01,     2.38602756e+02,  1.01662349e+02,  5.05806439e+02,  2.61503645e+02,    -2.87201440e+02,  3.58418607e+02,  2.94524640e+02,  9.45094840e+01,     3.79494471e+02, -2.08171777e+02,  6.17018204e+02,  1.56878897e+02,    -2.55409752e+02, -4.89426609e+01, -1.62300118e+02,  2.04416003e+02,    -2.23558775e+02, -2.50050453e+01, -9.15013503e+01,  7.04270218e+02,     4.54314022e+02, -5.72943134e+02, -3.52345065e+01, -4.58166514e+02,    -1.49549143e+02, -1.92636470e+02,  6.27491266e+01, -1.21885896e+01,    -2.19831879e+02,  1.07462319e+02, -5.89774912e+01, -8.94329779e+01,     7.36127690e+02,  1.53469554e+02, -6.87604602e+02, -3.76028717e+02,     7.83338913e+02,  2.32754936e+02, -7.26263393e+01,  9.02187670e+02,    -1.57264253e+02, -9.63705460e+01, -4.95025892e+01,  1.14430426e+02,     2.41300471e+02,  3.46515189e+01,  2.27562586e+02, -1.34700521e+02,    -2.63447074e+02, -3.67229886e+02, -4.06540185e+02,  3.80911733e+02,     1.07427574e+02,  3.20683322e+02,  1.17209075e+02,  7.51376718e+02,     1.49164520e+02, -6.94694725e+02, -2.91455663e+02,  8.40278039e+01,    -2.35710254e+02,  5.26830704e+02, -1.06189110e+02,  1.56138253e+02,     4.22832447e+02, -6.22728984e+02,  1.26071055e+03,  1.64421391e+02,     2.02076023e+02,  2.97242830e+02,  6.84564582e+01, -6.00813583e+00,     3.06245822e+02, -3.01225886e+02,  6.93441453e+02,  5.98027914e+02,    -3.51454743e+02,  1.26526312e+02,  5.88999375e+02, -1.83691549e+02,     1.35057869e+02,  3.62717010e+02,  3.61838579e+02, -6.64983802e+02,    -1.17852133e+02, -2.97595297e+02, -2.58542919e+01, -3.54181273e+01,    -2.26164262e+01, -1.38328416e+02, -2.49267929e+02,  6.98985569e+01,     8.64906681e+01,  4.53543880e+02, -3.56821492e+02,  3.27666286e+02,     3.79147825e+02, -1.41497200e+02,  7.51473620e+02, -5.79176789e+02,    -8.93076333e+02, -5.64257085e+01, -7.13045014e+01,  9.88181037e-02,     6.68136156e+02, -6.19372847e+01,  3.44650837e+02,  4.05100022e+02,     3.21934486e+02, -9.01033273e+01,  5.35953568e+02, -1.35178899e+02,    -2.73912239e+02, -3.92399178e+02,  4.58668988e+01,  3.26073740e+02,    -4.25926858e+01,  3.24741100e+02, -2.57016329e+01,  5.42193978e+02,     1.68998564e+02,  7.53940135e+01, -4.68940937e+01,  2.87370336e+02,     3.19864625e+02,  1.68792617e+02, -6.78124454e+00, -4.54476514e+02,     2.54802128e+02,  1.67351150e+02,  3.12713554e+02,  2.62676541e+02,     2.99619983e+02, -5.04369533e+01,  2.29278508e+02, -2.08272709e+02,    -8.89709996e+00, -4.70855446e+02, -2.63619131e+02,  3.31324163e+02,    -7.66449902e+02,  2.48963089e+02,  1.44022631e+02,  7.00260968e+02,    -2.20964041e+02,  2.57944049e+02, -9.88494676e+01, -4.09411744e+02,    -6.09407478e+02, -6.87186365e+01, -7.43718684e+02,  1.36352195e+02,    -1.74677562e+02,  2.53316894e+02,  1.72724957e+02, -2.16369668e+02,    -2.11679082e+02,  3.26620580e+02, -5.07412653e+02, -1.03088403e+02,    -1.76037464e+02,  1.98575034e+02, -4.50348029e+01,  4.89723727e+01,    -1.82791415e+02,  4.81234906e+02, -4.02461482e+02,  8.16512184e+01,     5.07951442e+02, -2.89816759e+02,  1.53744242e+01, -3.16783087e+01,    -5.80108481e+02, -3.92931420e+02, -6.78184933e+01,  2.23091628e+02,     2.72002199e+02,  4.09659813e+01, -6.87338740e+01,  1.87209837e+02,    -3.81880887e+02,  2.17381930e+00, -4.25587690e+02, -2.32210440e+02,     3.97303360e+02, -2.48555778e+02,  5.42205834e+02, -1.79921508e+02,     2.97448020e+02,  2.16039940e+02, -5.26435799e+02, -2.41239873e+02,     7.23500231e+01, -3.36986953e+02, -2.95686704e+02, -7.33291829e+02,    -4.70858996e+02, -4.41861361e+02, -3.63521180e+02,  1.92629201e+01,     1.11212771e+02,  8.25578552e+00,  1.76796573e+02, -4.81912797e+02,     1.22448001e+02,  1.75452205e+02, -5.61798488e+02, -5.44594635e+02,    -3.47585292e+02, -1.96701167e+02,  1.65190655e+02,  7.47070459e+00,    -3.75848479e+02,  3.01159101e+02, -1.68872117e+02,  4.22558144e+02,    -7.54624049e+02,  5.09773177e+02, -3.12815663e+01, -3.09236788e+02,    -2.21295039e+02,  2.74307513e+01,  3.58988923e+02, -6.37537937e+02,    -1.19415301e+02, -1.73479645e+02,  4.14587354e+02,  7.09960355e+02,    -8.20680509e+02,  7.90171623e+02,  3.85804299e+02, -6.30890549e+02,    -2.97781445e+02,  6.44430796e+02,  5.11295553e+02, -1.51462821e+02,    -3.04250144e+01,  8.83576738e+01,  5.98852637e+02, -4.45721145e+02,     1.37916114e+02, -6.43147636e+01,  2.57358846e+02, -6.25432162e+02,    -6.41890301e+01, -2.84563654e+02,  3.99709142e+02,  3.61144176e+02,    -7.24428771e+02, -4.18956727e+02, -1.92304418e+02, -3.28695360e+02,    -1.23843385e+02, -1.95406204e+02,  3.62347246e+02,  3.51404175e+02,    -4.97632565e+01, -3.90567761e+02, -7.06316855e+02,  3.67556696e+02,    -4.29506229e+02, -2.65549215e+02,  4.05508153e+01, -2.91444225e+02,    -3.52493652e+02, -2.18178240e+02, -3.56523036e+02, -2.27329950e+02,    -4.31035698e+02,  4.92705307e+02,  5.46508848e+02, -2.84506418e+01,    -2.02134521e+02, -1.34523113e+01,  3.59645541e+02, -7.46003310e+02,    -1.76250186e+02,  4.23169666e+02,  5.68062082e+02, -1.56378520e+02,     9.58941373e+01,  4.63848200e+02,  1.31897850e+02, -5.65805527e+01,    -3.74828623e+02,  1.91609062e+02, -3.04057887e+02, -1.35442962e+02,    -1.64006386e+02, -1.58750595e+02,  1.68452195e+02,  6.61041702e+02,     6.85380182e+00,  3.48952683e+01, -7.67671016e+02, -1.47233482e+02,    -3.21187461e+02,  3.96078090e+01, -3.57638971e+02,  6.65490970e+02,     6.89264337e+02,  1.24659833e+02, -1.26428164e+02,  1.22674046e+02,     2.15467231e+02, -4.05239183e+02, -6.54130472e+01,  1.18130504e+02,     1.17584246e+02,  4.81225424e+02,  3.82235606e+02, -1.76618198e+02,     2.40681339e+02, -8.19352585e+02, -3.66195316e+01,  7.22820905e+02,     8.14273224e+01, -6.40259950e+00,  2.82311373e+02, -2.46501188e+02,     7.86850635e+02, -1.04355769e+02,  7.21796896e+02,  3.14992381e+02,    -3.25261566e+02,  2.59742404e+02, -2.62143868e+02, -5.84016002e+02,    -3.38840267e+01, -4.81115510e+02, -4.53381760e+02, -4.54215816e+01,     2.73145109e+02, -4.85070277e+01, -2.86017691e+02,  6.40027291e+01,    -6.18935572e+02, -7.87869981e+01, -7.03705731e+02,  4.42609455e+02,    -1.14973169e+01, -4.36057023e+02, -1.61051213e+02,  1.47170512e+02,    -2.73464845e+02, -4.01252317e+02,  7.66236872e+02, -1.90324909e+02,    -3.77839909e+02,  2.13877120e+02, -1.00901351e+02,  4.36220487e+02,    -1.41006713e+01,  7.40272869e+01,  8.67311989e+02, -1.52607315e+02,    -2.97377535e+02, -3.17602143e+02, -4.52479272e+02, -2.80778145e+02,     2.41834194e+02,  1.78587654e+02,  1.80603044e+02,  6.38140729e+02,     2.01268213e+01,  1.42282750e+02, -5.65549201e+02,  2.09831194e+01,    -1.98887776e+02, -2.27425150e+02,  1.48669129e+01,  2.99612310e+02,     3.26959641e+02,  6.70079178e+00,  8.00198660e+01,  2.51408742e+02,     3.18671179e+02, -2.05469661e+02, -1.12369005e+02,  1.45100645e+01,    -1.99850564e+02, -6.70111010e+01, -2.31458970e+02,  6.46193601e+02,     5.54899822e+02, -1.08519518e+02,  1.03081502e+02, -2.04324789e+01,    -2.03276942e+02,  2.85376451e+02, -7.54910159e+01,  3.33320993e+02,    -4.59609499e+02,  1.61399369e+02, -9.48010729e+01, -4.66016796e+02,    -2.16146720e+02,  2.33734644e+02, -7.31376344e+02,  3.61075310e+02,     4.20871920e+02, -6.13392083e+01, -4.36613705e+01, -2.77325309e+01,     2.08410250e+02, -2.81614622e+02,  3.11255811e+02,  2.42309167e+02,    -8.93137339e+02, -2.82333601e+02,  1.93515672e+02, -7.84864146e+01,     3.27164884e+02, -5.26052066e+02, -4.36059212e+00, -3.55150180e+02,    -1.05674268e+03,  6.41419407e+02, -5.07827811e+02, -4.92193019e+02,     7.57086299e+01,  1.09473888e+03,  4.93231633e-02, -1.84253702e+02,    -1.80444655e+01, -6.10185666e+01, -7.57005427e+02, -5.28947813e+02,     6.65105613e+02, -4.39724945e+01, -3.38370039e+02,  4.30314645e+02,    -2.95397328e+02,  3.38244777e+02,  4.65699589e+02, -5.26729761e+02,    -2.19884917e+02, -2.94727047e+02, -1.28358839e+02, -1.65409756e+02,    -5.72646198e+01,  1.17293931e+02, -2.87252453e+02,  2.53821404e+02,     5.10687771e+02, -1.37887772e+02, -1.52230334e+02,  1.18221758e+02,     4.90448885e+02,  4.16038680e+02,  3.14974660e+01, -1.42552627e+01,    -4.61950271e+01, -4.34732746e+02,  3.23020468e+02, -2.04999210e+02,     1.69113163e+02, -1.34778268e+02,  2.48495868e+02,  1.50153378e+02,    -6.73621952e+02, -2.37879106e+02, -6.75206452e+02, -2.77297936e+02,     6.40777747e+01, -1.47142849e+02,  2.55789764e+02, -2.47123372e+02,     1.63000262e+01,  8.97671124e+01,  6.36978792e+02,  3.19883099e+02,    -2.31168627e+02,  1.75734257e+01,  9.49275124e+01,  3.41533900e+02,    -5.40592361e+00,  4.32859938e+02,  2.07283042e+02,  7.62516921e+02,     2.16593259e+01,  5.84748381e+02, -2.23273273e+02, -3.29389641e+02,     7.07652711e+01,  6.31443516e+01,  2.60706859e+02, -5.45741193e+01,    -1.36419354e+02,  2.22526622e+02, -3.92092100e+02, -4.43123168e+02,     6.56934219e+02, -5.04768111e+01, -3.66005486e+02, -4.14428794e+00,    -1.20981605e+02,  2.99607271e+02,  2.82866681e+02, -1.67656323e+02,     9.68721990e+00, -2.31475579e+02, -2.78835797e+02, -2.44221891e+02,    -8.18423236e+02, -2.91164978e+01, -5.51518057e+02, -4.71288269e+02,    -3.37221445e+02,  1.50176437e+02, -3.22259784e+02,  1.87153924e+02,    -4.83059487e+02,  9.09303841e+00, -3.48003604e+02,  6.41482640e+01,     1.01348225e+02,  2.48308860e+02, -1.68991916e+02, -1.25570696e+02,     2.22627116e+02,  5.14324954e+02,  2.78557711e+02,  6.66965191e+01,    -5.83744512e+02, -1.18693634e+02, -2.64486289e+02, -5.19298099e+02,     3.53975455e+02, -2.96026189e+02, -3.73386132e+01, -1.96159612e+02,    -8.66996118e+02,  4.26387320e+02, -1.42713940e+02,  3.52630775e+02,    -5.93841320e+02,  5.60930653e+02,  3.64835152e+01, -2.66517585e+02,     4.00453936e+01, -2.00239193e+02, -5.84255900e+02,  1.20727726e+02,     2.39969503e+02,  2.78854118e+01, -3.09464436e+02, -1.11478627e+02,     1.38813560e+02,  2.50118360e+02,  5.48687088e+02,  2.17516342e+02,    -2.01203755e+02,  7.55563930e+02,  2.46885284e+02,  3.34300859e+02,    -1.45161130e+02,  2.27258142e+02,  1.48252057e+02, -5.27452371e+02,    -1.60755209e+02, -3.37044468e+02, -2.67644117e+02, -8.89406315e+01,    -1.50602392e+02, -3.17893227e+02, -9.71252863e+02, -2.60607473e+02,     1.31933433e+02,  8.66749090e+01,  7.99503076e+01,  4.24348612e+02,     1.58764159e+02,  2.73895814e+02, -3.61214263e+02,  3.95250386e+02,    -4.21571781e+02, -6.55150453e+02,  1.64255135e+02, -3.45395964e+02,    -3.58619755e+02, -1.34804826e+03, -1.02206970e+02,  6.83848400e+02,     3.98449039e+02, -8.71346032e+01, -1.02028301e+02,  2.52528938e+02,     5.82549049e+02, -3.45219245e+02, -8.17338704e+01, -2.71564307e+02,    -3.07426769e+02, -2.91561609e+02,  1.36054928e+02,  6.12620898e+02,    -5.62172772e+02, -4.53047169e+02,  2.11047825e+01, -7.35165666e+01,    -1.20833453e+02, -7.96215936e+02,  4.84229735e+02,  2.15261402e+02,     7.68734881e+01,  4.14092059e+02, -2.59400597e+02,  2.53460101e+02,     2.30688886e+02,  4.53117182e+01, -3.97591579e+01,  1.04847759e+02,    -1.38610417e+02,  4.02271149e+02, -3.73062475e+02,  3.59580907e+02,     7.95442779e+01,  9.56099459e+01,  2.02232938e+02, -7.36498935e+02,     5.49894241e+01, -5.47199526e+02, -4.32303038e+02, -4.19609683e+02,    -3.84818930e+02,  1.15998191e+01,  1.11215743e+02,  4.12610436e+02,     8.27183408e+01,  1.17664628e+02, -6.08154402e+02, -2.14050365e+02,     2.81290573e+02,  1.14841078e+01,  1.61583684e+01, -6.94934711e+01,     3.13471760e+02, -7.79666516e+02,  8.98303169e+01,  2.02046318e+02,     3.89113897e+02,  3.32423601e+02, -4.85478894e+02,  6.46173932e+01,     3.64704548e+01,  3.71844054e+01,  1.66404963e+01, -1.65924361e+02,    -2.68483187e+02,  1.34787476e+02,  5.35449969e+02, -7.65114395e+01,     8.15181440e+01,  1.52465821e+02, -2.11325244e+02, -2.09760421e+02,    -9.87396143e+02, -3.27655587e+02, -4.33247745e+02, -6.46837301e+01,    -5.42295095e+02,  6.41529693e+02, -2.51930303e+02, -4.51040121e+02,    -1.33676914e+03,  5.59183544e+02,  1.17139549e+02, -1.27285878e+01,    -5.24481963e+02,  9.00197505e+01, -1.48432244e+02, -2.78241140e+02,     1.00677405e+02,  2.73790766e+02,  6.76585148e+01, -1.47329713e+02,    -2.84381680e+01,  7.01135505e+00,  1.64502450e+02, -5.19288649e+02,     5.96834159e+02, -3.57817439e+02, -2.31360930e+02, -3.58464420e+02,    -8.28368191e+02,  8.12749887e+01, -4.07539119e+02, -1.88050166e+02,     2.91094140e+02, -2.05532486e+02,  5.26514971e+00, -8.39150397e+01,    -2.18874343e+02,  1.42307896e+01,  4.53316548e+02, -4.43205225e+02,     7.84716152e+02, -1.68511276e+02,  2.89744237e+02, -6.64456719e+01,     1.27606135e+02, -1.00471643e+02,  3.99622019e+02,  5.33511106e+02,     1.70118862e+02,  4.67373734e+02, -3.32366500e+02, -2.76919869e+01,    -1.94159420e+02,  5.81910053e+02,  4.92271444e+02,  3.77413883e+02,    -1.26963103e+02, -2.57924905e+02,  2.29759409e+02, -2.20448875e+02,    -1.17473037e+02, -6.18987542e+01, -2.21283833e+02,  4.37336518e+02,    -4.91822000e+01,  3.37293665e+02,  1.20264694e+02,  1.45209962e+02,    -2.91431632e+02,  2.76193120e+02, -1.55654025e+02, -1.11797715e+02,    -2.57775829e+01, -4.33490310e+02,  6.54235378e+02, -2.40610207e+02,    -3.55129944e+01,  1.69216890e+02,  1.45512154e+02,  6.02674218e+02,    -1.40178414e+02,  6.54266590e+02,  5.93911610e+02, -8.28320811e+02,     7.43050408e+01, -1.74417777e+02,  1.24740620e+02,  7.40676844e+01,     1.49730326e+02,  5.14260555e+02,  7.89228400e+02, -6.68343476e+02,     6.53296825e+02, -7.86224799e+02, -6.55059595e+02, -1.04692812e+02,    -9.94920200e+00,  5.98185881e+02,  3.29853160e+02, -1.56147618e+02,    -7.89701362e+02,  5.99883898e+02, -3.83184791e+02, -9.61229034e+00,    -4.32506006e+01,  1.05577449e+03, -2.41545893e+02, -8.97750686e+02,     2.63285364e+02, -1.37856945e+03,  9.46365725e+01, -3.03814304e+02,    -1.54533357e+02, -2.32850746e+02, -4.99764534e+02,  3.49775901e+02,    -3.08498891e+02, -7.80822409e+01, -6.67388554e+02, -5.72177979e+01,    -4.07360144e+02, -6.34630714e+02, -1.04388995e+03,  8.62652730e+01,    -2.74713683e+02, -7.17441285e+00, -1.15240775e+02, -6.74683079e+02,    -5.38340569e+02, -4.49898058e+02, -4.54014313e+02,  4.67064303e+02,     7.93515452e+01, -4.07536696e+02, -1.55765128e+02, -1.90822530e+02,     3.16625659e+02, -2.84319128e+02, -1.04990351e+02, -1.91388115e+02,    -3.05367781e+02, -3.19116928e+02,  3.26076901e+02, -1.49454652e+02,    -7.75671460e+02,  6.56509863e+02,  4.00268363e+02,  5.24277341e+01,    -6.17211288e+02, -6.43476563e+02,  9.23825869e+01,  1.17382327e+01,    -2.53335092e+02, -4.14155689e+02,  3.02424090e+02, -6.72676598e+01,     2.32702526e+02,  4.21085788e+02,  2.86769043e+02,  3.00783520e+02,     2.17445957e+02, -1.73150277e+02, -1.06590875e+02, -1.87736771e+02,    -2.97230502e+02, -3.89404318e+02, -5.51161149e+02, -3.33250519e+02,    -6.83994688e+01, -6.78755321e+02, -7.37869966e+01,  2.77424528e+02,    -6.08492229e+02,  2.11270832e+02,  1.84651000e+02, -6.00099770e+02,    -4.83663607e+02, -1.32874131e+02,  1.80596625e+02, -3.37880155e+02,     5.96101020e+02,  5.34693944e+02, -6.38587968e+02,  4.31021301e+02,     3.01702506e+02,  6.44305136e+01,  2.15502195e+02, -3.62863538e+02,    -1.21256561e+02,  4.61906649e+01,  1.50499290e+02,  3.84926067e+02,    -4.30366362e+02, -3.62528252e+01,  1.50570479e+02, -1.26462911e+01,    -2.24159838e+02,  1.67885243e+02, -2.26763624e+02, -1.71539627e+02,     3.23248154e+01, -5.09860722e+02,  3.11761825e+01, -1.99970026e+02,    -1.06902691e+02,  4.35049056e+00, -4.82685237e+02,  4.79279919e+02,    -2.28473280e+02, -1.09824764e+03, -7.18525660e+02,  3.31894186e+02,    -3.02052274e+02, -1.44676869e+02, -2.47402529e+02, -1.41333693e+02,    -8.47972443e+02, -9.47517583e+01, -5.43835989e+02, -2.83567646e+02,     2.18604574e+02,  6.31023276e+02, -3.19079595e+00, -2.70800964e+01,     4.94696996e+02, -4.30117840e+02,  3.04615938e+02,  7.86787001e+01,    -3.53367453e+02, -1.52601573e+02,  2.08293368e+02,  1.57556490e+01,     8.33183826e+01,  9.68612280e+01, -1.99906307e+02, -2.36619136e+02,    -4.48302213e+02,  4.24685484e+02, -5.38309542e+02, -3.95647717e+02,     8.05807350e+01, -7.58301392e+02,  1.63612875e+02,  5.32126359e+02,    -4.02886072e+01,  5.90351362e+01, -2.10865195e+02, -1.73432854e+02,     8.70022691e+01,  3.17746298e+02, -3.43157185e+02,  2.62319098e+02,    -9.35190157e+01, -3.35810170e+01,  2.28598937e+02,  1.62491457e+02,    -7.64726629e+01, -3.39391684e+00,  2.06605785e+02,  2.37881696e+02,    -6.08819386e+02,  5.65407428e+01,  4.57119493e+02, -8.24430369e+02,     2.75197886e+02, -1.01131733e+03, -7.84817505e+01, -1.25945980e+02,    -7.20370715e+01, -7.60906222e+01, -2.19098026e+02, -3.08561563e+01,     1.39804351e+02, -2.04884574e+02,  1.19478989e+02,  7.35668649e+02,    -5.44713019e+02, -2.26117058e+02,  3.09922615e+02,  2.10342762e+02,     3.50997147e+02,  1.38986203e+02,  2.39984634e+02, -1.58555240e+02,    -4.14699832e+02, -3.59941991e+02, -1.75775543e+02,  5.84331799e+00,    -3.56089660e+02, -1.29306532e+02,  5.64667429e+01,  1.96120445e+02,    -8.49257462e+01,  4.76238306e+02, -4.29405871e+02, -4.46173407e+01,    -2.28257721e+01,  2.36034179e+02, -3.44446973e+02, -2.16625339e+02,     2.32328950e+02,  4.22946253e+02,  5.91281614e+02,  2.97309129e+02,     3.49536874e+02, -2.51971326e+02,  5.29487284e+02,  5.70862849e+02,    -5.41202341e+01,  3.33665024e+02,  3.21881209e+02, -2.15685825e+02,     1.39638291e+01,  5.19263098e+02, -2.35507527e+02, -1.05003353e+02,    -5.12163936e+02,  2.27806414e+02, -6.41065608e+01,  1.48905269e+02,     8.11060988e+01, -3.52885588e+02,  3.88598822e+02,  3.44668548e+02,    -2.01160522e+02,  1.56092252e+02, -4.86402837e+02, -4.37192342e+02,     1.97833675e+02, -5.83915092e+02, -2.28364564e+02,  8.12966221e+01,     6.83466093e+02, -2.06145733e+02, -8.84682781e+01, -1.24194660e+02,     9.70558321e+02,  1.19705596e+02, -3.67571447e+02,  5.79111184e+02,     5.32903957e+02,  2.54283828e+02,  6.17504810e+02,  6.84544664e+02,    -8.88416681e+01, -2.53504087e+02, -2.74653376e+02,  2.27523530e+02,     3.20533489e+02, -4.16023230e+01, -1.74415387e+02, -5.20772994e+02,    -2.55030801e+02, -3.74388320e+02,  2.49723460e+02,  1.27587982e+02,     5.29266629e+02,  4.81112272e+01, -2.12388715e+02, -6.67070166e+01,     3.38162662e+02,  1.10763972e+02,  4.30701895e+02,  4.85643357e+02,    -1.17004179e+02, -7.64408216e+01, -8.16372155e+02,  4.51149209e+02,    -4.55974351e+01,  4.24455660e+02, -1.54682189e+02, -4.92297727e+02,     1.67372072e+02,  5.84772685e+02, -2.07057467e+02,  5.77121761e+02,    -6.10021861e+02, -1.89701704e+02, -6.60217612e+02,  1.86487179e+02,     9.69706710e+01,  7.02544820e+00, -5.05397139e+02,  7.40745486e+02,     4.44579718e+02,  6.92456574e+01, -3.87278442e+02,  1.84075487e+02,    -2.30126013e+02, -7.39262697e+01, -1.84411496e+02,  1.75928846e+02,    -8.53264977e+01, -1.72169594e+02,  1.61445899e+02,  2.21588892e+02,    -7.17670862e+02,  1.64389912e+02,  5.64940492e+02,  3.53363629e+02,    -1.10891106e+02,  2.87710720e+01, -3.01707016e+02,  4.96386806e+02,     1.47943749e+02, -5.67480598e+01, -5.87519998e+01,  9.17201271e+02,     6.84221493e+00,  2.60408638e+02,  6.08893990e+02,  8.20382150e+02,     5.38045679e+02,  3.56413048e+02, -5.35035486e+02, -3.64582972e+02,     2.90934595e+02,  1.42465540e+01,  2.72087025e+02,  1.55623086e+02,     4.93364189e+02, -6.51000751e+02, -4.12337345e+02, -5.36314393e+01,    -7.27820136e+02,  1.64745890e+02,  3.30913954e+02,  1.17791897e+02,    -1.91385894e+02,  1.98705344e+02,  1.19603986e+03,  2.17676030e+02,     1.27469934e+02, -4.11798184e+02, -5.56386002e+02, -1.31635290e+02,     2.61600511e+02, -4.39233543e+01,  1.76242630e+02,  2.95918542e+02,    -5.02462157e+02,  2.08081923e+02,  4.41228236e+02,  4.92185844e+02,    -4.69266816e+01,  9.83870783e+00, -7.82586043e+01, -4.24613399e+02,    -5.59122521e+02,  7.01680663e+02, -5.63904971e+01, -4.97387902e+02,     1.84937762e+01, -1.91903666e+02,  7.68056908e+02, -2.01339959e+02,    -2.89632132e+02,  2.62299846e+02, -1.22515935e+02,  3.63969888e+02,    -4.69924348e+01,  8.45409627e+02,  4.23067371e+02, -1.06804174e+01,    -3.03072839e+02,  2.07837945e+02, -4.65904699e+02, -9.83184325e+01,     5.10973777e+02, -2.35863869e+02, -3.96741673e+02, -1.87101096e+02,     4.36259354e+02,  1.22737467e+02, -6.97290522e+02,  2.56904847e+02,     1.25805585e+02,  5.78294987e+01, -4.30179513e+02,  1.39382100e+01,     2.94834773e+02,  4.28942344e+02,  5.38315805e+02,  2.18569087e+02,     3.43379684e+01, -4.26804283e+02, -4.02406160e+02, -6.25277954e+02,    -7.75147443e+01,  2.65344027e+02, -2.05537272e+01,  4.50485317e+02,    -2.66315367e+02,  1.54301857e+02, -1.00461462e+02, -2.50614525e+02,     4.97445893e+02,  6.42849649e+01,  5.15766661e+02,  2.44963326e+01,     2.09405165e+02, -1.67944198e+02,  5.26203742e+02, -1.01418529e+02,    -3.13135697e+00, -6.57123249e+02, -9.08472723e+01,  6.11813535e+02,     5.59264949e+02,  2.22323498e+02, -1.27069219e+02,  3.25770294e+01,    -1.48778448e+02, -4.82772636e+01,  7.56432178e+02,  1.51385950e+01,    -1.99213104e+02, -9.27681410e+02, -4.55855851e+02, -3.16212961e+02,    -5.63941464e+02, -4.71858634e+02, -5.97194274e+02, -3.90303975e+02,    -3.20184315e+02, -4.04160580e+02,  4.01058294e+02, -2.13812761e+02,    -8.14253885e+02,  3.35200078e+02, -2.42655914e+02, -6.91043575e+02,     8.15515229e+02, -2.02671908e+02,  1.66081895e+02,  3.42631108e+02,     7.56210576e+00,  2.19657081e+02,  7.22779347e+00, -1.26030450e+01,    -1.15215335e+02, -6.09481399e+02,  8.92209834e+01, -1.09664497e+03,     5.49946038e+02, -3.68780451e+02, -1.16678060e+02, -1.49930181e+02,     8.72633982e+01, -1.58290957e+02,  2.40859292e+02, -4.52559757e+02,     3.18632671e+02,  3.29138125e+02,  1.30304676e+02,  8.30459348e+01,     1.67239361e+02,  6.26038294e+01,  2.54226623e+02, -8.01608662e+01,    -5.27156199e+02,  8.24725768e+01, -1.93603216e+02, -3.84080301e+01,     4.19575961e+02, -6.82232317e+02,  8.44039610e+00,  1.15929115e+01,     7.26685164e+01,  2.79784276e+02, -1.16125095e+02,  7.07842276e+02,     4.07659245e+02, -1.47609826e+02, -8.90775640e+01,  1.60925425e+01,     6.55919768e+02, -4.69575347e+02, -8.76887411e+02,  2.43519694e+02,    -1.02948260e+02, -1.06291829e+02,  1.41813478e+02,  6.58971545e+02,     4.01897267e+02, -1.48239202e+02, -4.24984590e+02, -5.05922783e+01,     2.47677178e+02, -1.10668394e+02, -6.26757441e+02, -2.38798179e+01,    -7.83248161e+02, -4.11132727e+02,  6.70477504e+02, -4.32275555e+02,    -5.60350040e+02, -4.38050668e+02, -2.97962925e+02,  2.82164085e+02,     6.94933195e+02, -4.30711928e+01,  2.32010995e+02, -1.51800051e+02,    -5.88245635e+02,  3.93798620e+02, -3.84544004e+02,  2.38645898e+02,     3.05815221e+02, -6.26227524e+01,  3.47565067e+02,  3.69704420e+02,     9.06996363e+02, -1.25608834e+02, -3.88872348e+02, -5.37752841e+02,    -1.27902354e+02, -2.18479602e+02,  8.55988453e+02, -3.73342780e+02,     8.60861846e+01,  6.25798095e+01, -2.21018718e+02, -6.84698714e+02,    -5.45973102e+01,  8.24594402e+02,  9.23413515e+01,  5.96035759e+01,    -4.52644983e+02, -5.12234082e+02, -8.28690516e+01,  4.08835674e+02,    -1.88707688e+02,  8.99376674e+02, -3.70676026e+02,  1.43619348e+02,    -1.74789115e+02, -5.78839813e+02,  2.58117810e+01, -4.31142572e+02,    -6.29073568e+02,  6.99793938e+01,  1.99760566e+01,  4.37137680e+02,     1.77119103e+02, -2.85770248e+02,  1.90555552e+02, -6.97329592e+02,    -4.46965545e+02,  7.65268256e+02,  1.10340799e+02, -1.19727865e+02,    -2.72975594e+02, -3.97892365e+01, -6.62577414e+01,  7.18394485e+02,     3.45869545e+02, -1.24403416e+02, -5.89436905e+01, -3.40182171e+02,    -1.72074507e+02, -5.68527270e+02,  4.04639509e+02,  6.33965467e+01,     1.16925888e+02,  1.28626894e+02, -4.63368775e+01, -1.54657000e+02,    -4.46496292e+00, -8.98692754e+02, -1.61527123e+02, -6.85652601e+01,    -7.76414092e+01,  4.63531281e+02,  5.34147589e+02,  1.36703832e+02,    -8.09555543e+02,  5.40808039e+02, -1.68444589e+02, -3.26446656e+02,    -7.37906242e+02, -2.75592774e+02,  4.98980488e+02,  2.30764232e+02,     5.82704967e+01,  2.59421327e+02, -4.93235730e+02, -3.75516887e+02,     4.66810825e+02,  3.22485290e+02,  4.37032888e+02, -1.97640109e+00,     5.79871808e+01,  4.68494055e+02,  8.35558890e+02, -2.08360081e+02,     3.19806875e+02, -1.42817088e+02, -3.54998332e+02, -2.89676524e+02,    -2.59265872e+02, -1.27107463e+02, -4.32067368e+02, -1.98112765e+02,    -1.17972949e+03,  2.88232791e+02,  1.64246320e+02, -3.14389838e+01,    -3.51348595e+02, -1.89833995e+02, -4.55865593e+02,  9.94397197e+01,     6.96802882e+02, -1.75421816e+02, -1.38887982e+02,  1.85619364e+02,    -4.09992023e+02,  7.33808738e+02,  1.40318479e+02,  1.57133923e+02,     4.36811248e+02,  1.52459871e+01,  4.74734852e+02,  1.39236633e+02,    -7.27179969e+01,  7.90904343e+01, -1.88954876e+01,  5.87775814e+02,     7.67162077e+01,  1.25206998e+02, -7.62052484e+01,  1.12902224e+02,    -7.82877621e+02, -3.14847213e+02, -3.90495700e+02,  4.33787171e+02,    -2.47058243e+02, -5.45038930e+02,  4.97745897e+02, -1.01686376e+02,     3.69755676e+02, -7.73565388e+02,  2.09484311e+02,  6.48501879e+01,     5.02555842e+01, -7.48819160e+01, -5.50688310e+01,  4.17355187e+02,    -2.26583098e+00, -4.18780337e+02, -1.35180505e+02,  2.14204519e+02,    -9.88240644e+02, -7.86290490e+02,  1.25363686e+01,  9.46245119e+01,    -3.67836306e+02, -3.61742459e+01,  9.18470389e+02,  2.78646384e+02,    -4.75168642e+02,  7.97682325e+01, -7.57686518e+01,  8.78148997e+01,    -2.90655353e+02,  1.57213128e+02,  2.40687666e+02, -5.70933759e+01,     9.53568614e+02, -9.03215794e+01, -2.72285499e+02,  1.61330347e+02,     3.49651922e+02, -3.00293101e+02, -2.53012874e+01,  8.12274798e+02,    -2.01109152e+01,  4.99925825e+02,  1.21106575e+02, -8.16634533e+01,    -2.23912407e+02,  4.83076719e+02, -4.65628232e+02, -1.76731302e+01,    -1.27162225e+02, -3.58239497e+02,  1.42710421e+02,  2.02192120e+02,     7.58514441e+01, -1.37064965e+01, -3.28006064e+02,  1.56602957e+02,    -1.48755726e+01, -2.12514033e+02, -1.83315464e+02,  1.66833981e+02,    -4.24073012e+01, -3.10385664e+02, -9.02837556e+02,  7.80552341e+01,     1.98345296e+02, -3.97314142e+02, -1.91140435e+02,  6.99262577e+02,     6.17612498e+01,  2.98606620e+02,  5.53801991e+01,  3.13292949e+02,     4.39012796e+01, -3.34152440e+02, -3.27702392e+01,  7.05328613e+01,     2.35974793e+02,  6.80461938e+02,  4.17397046e+02,  1.81614541e+01,     1.46126663e+02,  5.11903105e+02,  2.22261066e+02, -6.15402605e+02,    -2.27163703e+02,  1.14015937e+02,  7.26080526e+01,  2.23944766e+02,    -4.45685845e+02,  1.08106714e+02,  3.41297361e+02,  4.18613143e+02,    -3.80385797e+02, -4.43784895e+01, -1.94404617e+01, -1.14802056e+02,    -2.82038779e+02, -1.68110090e+02, -2.75965895e+01,  6.78975666e+01,     3.50775389e+02, -2.63809200e+02,  6.78857535e+02,  3.02232635e+02,     2.14399180e+02,  2.82033378e+02,  2.57793317e+02,  2.78704163e+02,     4.58511219e+02, -3.75193629e+02,  5.36792198e+02, -9.44651504e+02,     2.63769837e+02, -9.22889391e+02,  7.15444912e+02,  6.16810109e+02,    -9.87909627e+01, -4.17566826e+02, -3.58691237e+02, -4.88725819e+02,    -5.25736339e+02,  4.88505892e+02,  3.64581793e+02,  2.05438230e+02,     2.69536860e+02,  3.45500036e+02, -3.26403081e+02, -1.71669779e+02,     4.87266786e+02, -1.05738582e+02,  4.49781530e+02,  6.20554247e+02,    -3.67984453e+01, -6.11527821e+02,  1.19743218e+01, -1.15814718e+01,    -8.33836090e+01,  6.51984417e+00, -5.70029898e+02, -1.56859823e+02,     4.98496772e+01,  7.54187360e+01,  4.11024519e+02, -3.39595958e+02,     5.19879001e+02, -3.43460592e+02,  1.88422608e+02,  3.30630153e+02]
bee_TS =[-4.99122539e+02, -3.97448023e+01, -1.15499562e+02,  3.86425622e+02,       -1.82530884e+02, -1.59884619e+02, -3.40747771e+02, -7.59636954e+02,       -3.63678671e+02, -4.07029961e+02, -3.32156493e+02,  3.96664291e+01,        1.22779406e+01,  2.55993890e+01,  2.66457583e+01,  4.02250993e+02,       -1.77343802e+02, -1.56730287e+02,  1.49300250e+02, -9.48637045e+02,        4.99247860e+02, -2.28022795e+02, -4.34501560e+01, -1.02851963e+02,       -4.83826787e+01, -4.95602041e+01,  7.37231618e+02, -1.82355514e+02,       -7.04256356e+01, -4.48560070e+02,  6.59566177e+02, -1.16377331e+02,       -3.32371458e+02,  2.04606496e+02, -3.63327606e+01,  1.66498905e+02,       -2.68650833e+01,  6.09116026e+01,  2.33096210e+02, -8.68215896e+02,        4.62073585e+02,  1.09711129e+02, -4.96516671e+01, -2.88079479e+02,        9.60288860e+01, -1.54412932e+02,  3.73988538e+02,  3.15527791e+02,       -2.34723525e+02, -2.49476269e+02, -2.54751185e+02, -2.89035068e+02,        9.72235573e+01, -4.23897443e+02,  1.16811382e+02,  5.11667434e+02,        5.83863384e+02,  2.96679371e+02,  1.37221846e+02,  2.33974322e+02,        7.65121770e+02,  1.79201113e+02, -4.70047319e+02, -1.05588431e+02,       -2.00678155e+02,  5.20624071e+02, -6.38732375e+02, -5.34355990e+02,       -2.31095703e+02, -8.37542486e+01, -3.73607011e+02,  2.28550944e+02,        8.18176356e+01,  1.11895743e+02, -3.28955770e+02, -2.97003508e+02,       -4.80878533e+02,  3.19355895e+02, -2.79145916e+02,  2.24591518e+02,       -5.63382741e+01, -2.49887709e+02, -4.96595515e+02, -1.48038805e+02,       -9.61809066e+01, -1.35671428e+02,  3.35948388e+02,  6.03905429e+02,       -3.60347760e+02, -6.82559418e+02, -1.69460046e+02,  9.45019225e+02,       -4.87152563e+02,  2.82434205e+02, -9.03215187e+01, -5.29770290e+02,        2.05261186e+02,  3.25616966e+02, -1.49444806e+02,  3.00473896e+02,       -2.28188999e+02, -4.37557501e+02,  7.59191286e+02,  3.96275988e+02,        2.64471998e+02,  1.25083603e+02,  2.09719734e+02,  6.94432865e+02,       -2.12142979e+02,  4.94120197e+01, -1.17786515e+03,  1.56803272e+02,       -5.81241625e+02,  1.23627114e+02,  1.83988262e+02, -2.91016855e+02,       -4.56191422e+02,  5.31500060e+01, -2.50362155e+02,  3.02585186e+02,       -4.33233593e+02, -2.24931855e+01, -3.02462677e+02, -3.57287006e+01,       -2.76621745e+01,  1.43824253e+02,  1.08750807e+01, -5.08647882e+01,        5.15380814e+02,  7.77458241e+02,  4.07232957e+02,  6.64993293e+02,       -1.01647021e+02,  1.15265819e+02,  4.67515629e+02, -7.68927812e+01,       -6.50576254e+02, -3.18803338e+02, -4.27305187e+02, -2.44438462e+02,        2.38498846e+02, -1.00370861e+03, -1.64115782e+02,  3.66030136e+02,       -3.10354393e+02, -3.13028785e+02,  4.61650746e+02,  3.74637953e+02,       -2.94666338e+02,  1.64906587e+02, -2.09076038e+02,  2.96012237e+02,        3.32987262e+01,  1.30298889e+02, -7.39459461e+02, -4.13289699e+02,       -6.54071867e+01,  2.83912731e+00, -3.29391753e+02,  9.08047655e+02,       -1.89255474e+02, -2.86019423e+02,  3.19784618e+02, -4.08551271e+02,       -2.77780864e+02,  2.60876719e+02,  9.41349856e+01,  1.10898477e+02,        1.03118878e+02, -9.58152943e+01,  1.65543668e+02,  4.95939612e+02,       -2.51442796e+02,  1.47298550e+02,  7.74516631e+02,  2.85125497e+02,       -7.43608875e+01, -1.63254395e+02,  1.31056454e+03, -1.49536604e+02,        3.00855270e+02,  1.84654249e+02,  2.93057921e+02,  7.56664766e+02,        4.24750056e+02, -2.48172284e+01,  1.92772476e+02,  4.02271338e+02,        3.30577153e+02, -4.73134436e+02,  7.96187727e+02, -7.08816490e+02,       -1.50422881e+02,  4.89480629e+02,  7.16150999e+01,  5.89521046e+01,        2.66652154e+02,  2.08567615e+02,  3.05016375e+02, -5.43944076e+02,        4.30716420e+01, -2.33032413e+02, -9.28650879e+01, -2.89904060e+01,       -7.57398513e+01, -4.71250309e+01,  6.96926891e+02, -7.25361146e+01,       -2.35600539e+02, -1.92943710e+01,  9.93237758e+01, -5.01113392e+02,       -3.81004680e+02, -3.10534669e+02, -5.36916244e+02, -1.40155052e+02,       -3.54314283e+02,  1.65189666e+02, -9.82624002e+00, -9.04313630e+01,       -7.28541278e+01,  5.55211024e+01, -1.70433796e+02,  5.70311296e+02,       -6.99338745e+02, -1.37645870e+02, -1.33761371e+02,  1.43331228e+02,        1.57052789e+02, -3.93768669e+02, -1.56031459e+02,  3.55901762e+02,       -1.89829676e+02,  1.34796601e+02,  3.14582331e+02, -3.62573280e+01,        9.62480163e+02, -1.75336181e+02, -2.73930787e+02,  5.52541228e+01,       -1.92788272e+02,  4.52948354e+02, -3.06435279e+02,  7.23053005e+01,        5.33590923e+02, -1.11562815e+02,  1.02394001e+03,  1.09315481e+03,       -5.58753851e+02,  4.94848434e+02,  1.42559646e+02, -4.55569549e+02,        1.49539488e+02,  3.08844221e+02,  3.23656243e+02,  2.01988540e+01,        1.00008955e+02,  6.05957310e+02, -1.96406417e+02,  1.39106932e+02,        6.49233623e+02, -3.18407824e+02, -1.26999864e+02,  4.43402515e+02,        2.28109312e+02,  6.49602490e+02,  2.18809113e+02,  5.73853783e+01,        2.23677230e+02,  3.30740029e+02, -4.12351750e+02,  2.90141119e+01,        1.56399044e+02,  1.04844113e+02,  1.86668704e+02, -4.99284778e+02,        2.92055450e+02, -3.79019378e+02, -2.68899486e+02,  1.49401142e+02,       -1.20338176e+02,  4.66615962e+02, -2.06415852e+02,  2.47274235e+02,        2.78146652e+02,  6.78247756e+02,  4.72483746e+02,  4.03544009e+02,       -7.51935291e+01, -5.79545555e+01, -2.69430530e+02,  6.52361828e+02,        6.69313287e+02,  3.18164434e+02, -1.95868017e+02,  4.28474010e+02,       -7.66056976e+01,  1.80628716e+02,  5.29651305e+02,  6.78396418e+00,       -6.56431961e+01, -2.10867802e+02, -4.52275433e+02,  8.25086089e+02,        3.84038175e+02, -4.75811481e+02, -1.31499149e+02,  2.37614861e+02,       -8.98306159e+01,  5.30257526e+02,  1.03758635e+02,  6.77847263e+02,        2.63892484e+02, -2.41827040e+02,  2.11116751e+02, -3.60214816e+01,       -2.70988550e+02,  1.42845766e+02,  1.59676617e+02,  7.72753704e+02,        6.80156420e+02,  4.47294634e+02,  5.93173973e+02,  6.15871615e+01,       -2.33104230e+02,  1.33049845e+02, -2.82798902e+02, -4.30432764e+02,       -4.92501977e+02, -2.31967718e+02, -9.16392241e+02, -2.64210451e+02,       -7.26045343e+02,  1.82534326e+02, -3.91490081e+02,  3.47753503e+02,       -8.13270915e+02, -2.75094610e+02,  4.20274296e+02,  1.91153724e+02,       -7.32499396e+02,  5.28497464e+02, -2.05187324e+02,  4.43171689e+02,       -2.18357844e+02, -6.70669474e+02,  1.03462640e+02, -5.41083441e+02,       -1.14347851e+02,  2.39185433e+00,  3.61177155e+02,  1.06305880e+03,       -3.86450802e+02, -2.97280946e+02, -2.26855393e+00, -1.19134298e+02,       -6.89406280e+02, -4.72738674e+02,  4.20704236e+02, -2.15874998e+02,        1.42890802e+02, -4.13813282e+02, -1.27020182e+02, -3.40687378e+02,        4.55132508e+02,  1.30321576e+02, -1.90256348e+02, -1.13895569e+02,        8.58304859e+01, -7.12763332e+01,  3.69677753e+02, -2.13031344e+02,        4.34743442e+01,  2.91438162e+02,  1.49152993e+02, -1.48221343e+02,        1.31421320e+03,  4.60084597e+02,  2.87393871e+01,  8.98479355e+01,       -5.23767445e+02,  2.62613423e+02, -6.36274913e+02, -2.17733255e+02,       -4.66877789e+02, -1.62094106e+02,  4.71299309e+02, -4.79047852e+02,        1.54117605e+02, -2.32805038e+01,  2.76418862e+01, -3.16123406e+02,       -3.79585578e+02, -2.56639759e+00, -3.63246988e+02, -1.87929609e+02,       -3.47391349e+02, -8.86334564e+01, -3.04538684e+02, -4.35920794e+02,        1.90824612e+02, -1.46780268e+02,  1.79600633e+02,  8.60285077e+01,       -6.23568884e+02, -4.64890886e+02, -3.36590892e+02,  3.02378697e+02,       -8.52626758e+00, -5.36719773e+02,  4.93344718e+02, -3.37216465e+02,        4.64268588e+02, -2.55301551e+02, -4.12957694e+02,  2.25351852e+02,       -5.75047404e+02, -3.29201020e+02,  5.41186745e+02,  1.53000638e+02,       -3.43335273e+02,  4.44842594e+02, -1.45198380e+02, -3.20037000e+02,       -2.59757691e+02, -4.11637521e+02,  2.01221377e+02, -7.70019532e+02,       -7.06559772e+02, -8.19751301e+01, -2.55866732e+02, -4.66983456e+02,        6.11290404e+02,  1.12006641e+03, -2.80521207e+02, -2.74418400e+01,       -5.35250776e+02,  5.60454428e+02,  1.56923826e+02, -1.66019468e+02,       -3.27045006e+02,  1.43497830e+02, -5.16122508e+02, -1.71153018e+02,       -7.53019993e+02,  2.96739525e+02,  1.11241073e+02,  5.02548193e+00,       -5.82497677e+01, -2.89489266e+02, -7.54704912e+01,  1.08195857e+03,       -1.63507331e+02, -3.91682116e+02, -5.75174123e+02,  1.10391986e+02,       -3.04593362e+02,  7.52031009e+01,  2.47420170e+02,  5.70139871e+01,        2.38570514e+02,  1.01637606e+02,  5.05849028e+02,  2.61533376e+02,       -2.87235466e+02,  3.58430313e+02,  2.94553305e+02,  9.45391337e+01,        3.79518708e+02, -2.08193217e+02,  6.17084194e+02,  1.56876116e+02,       -2.55419388e+02, -4.89064242e+01, -1.62338623e+02,  2.04443587e+02,       -2.23585802e+02, -2.49646756e+01, -9.14970413e+01,  7.04328541e+02,        4.54290422e+02, -5.72992927e+02, -3.52155687e+01, -4.58178682e+02,       -1.49545887e+02, -1.92623782e+02,  6.27552761e+01, -1.21666386e+01,       -2.19836920e+02,  1.07448612e+02, -5.89874617e+01, -8.94363434e+01,        7.36209110e+02,  1.53477054e+02, -6.87646595e+02, -3.76029437e+02,        7.83404935e+02,  2.32777493e+02, -7.26441391e+01,  9.02262770e+02,       -1.57303731e+02, -9.63974074e+01, -4.94418722e+01,  1.14408901e+02,        2.41311461e+02,  3.46396634e+01,  2.27609911e+02, -1.34732756e+02,       -2.63459918e+02, -3.67253091e+02, -4.06553543e+02,  3.80880331e+02,        1.07412957e+02,  3.20717787e+02,  1.17188433e+02,  7.51402966e+02,        1.49196440e+02, -6.94789530e+02, -2.91447453e+02,  8.40371559e+01,       -2.35735751e+02,  5.26870472e+02, -1.06241780e+02,  1.56157067e+02,        4.22876940e+02, -6.22784644e+02,  1.26078166e+03,  1.64409586e+02,        2.02119908e+02,  2.97260216e+02,  6.84873799e+01, -5.98551893e+00,        3.06255819e+02, -3.01201242e+02,  6.93477182e+02,  5.98044752e+02,       -3.51510578e+02,  1.26478991e+02,  5.89045386e+02, -1.83707072e+02,        1.35052214e+02,  3.62744943e+02,  3.61861964e+02, -6.65054417e+02,       -1.17849734e+02, -2.97633903e+02, -2.58407845e+01, -3.54108602e+01,       -2.26334513e+01, -1.38343192e+02, -2.49282580e+02,  6.98660433e+01,        8.65100530e+01,  4.53576975e+02, -3.56830154e+02,  3.27672323e+02,        3.79109635e+02, -1.41530934e+02,  7.51550248e+02, -5.79232693e+02,       -8.93134881e+02, -5.64519820e+01, -7.12778666e+01,  8.79943834e-02,        6.68182598e+02, -6.19775024e+01,  3.44705399e+02,  4.05082347e+02,        3.21959424e+02, -9.01407703e+01,  5.35971910e+02, -1.35181299e+02,       -2.73933083e+02, -3.92385894e+02,  4.59062243e+01,  3.26077413e+02,       -4.25827804e+01,  3.24748278e+02, -2.57012729e+01,  5.42253501e+02,        1.69037551e+02,  7.54320533e+01, -4.68955890e+01,  2.87397975e+02,        3.19901294e+02,  1.68831724e+02, -6.77487214e+00, -4.54505888e+02,        2.54836646e+02,  1.67362180e+02,  3.12738909e+02,  2.62676747e+02,        2.99651532e+02, -5.04503076e+01,  2.29294843e+02, -2.08283306e+02,       -8.88555943e+00, -4.70861984e+02, -2.63642788e+02,  3.31320369e+02,       -7.66492533e+02,  2.48972508e+02,  1.44015222e+02,  7.00292738e+02,       -2.20993374e+02,  2.57978060e+02, -9.88496245e+01, -4.09458547e+02,       -6.09446082e+02, -6.87025559e+01, -7.43721083e+02,  1.36375300e+02,       -1.74725046e+02,  2.53330673e+02,  1.72718877e+02, -2.16387503e+02,       -2.11669515e+02,  3.26643649e+02, -5.07444397e+02, -1.03083110e+02,       -1.76076469e+02,  1.98584229e+02, -4.50294888e+01,  4.89804889e+01,       -1.82801605e+02,  4.81289298e+02, -4.02442384e+02,  8.16216459e+01,        5.07960140e+02, -2.89868235e+02,  1.53962597e+01, -3.16814648e+01,       -5.80115475e+02, -3.92955021e+02, -6.78387090e+01,  2.23082267e+02,        2.71999711e+02,  4.09238461e+01, -6.87603157e+01,  1.87189638e+02,       -3.81898481e+02,  2.19808054e+00, -4.25586177e+02, -2.32235536e+02,        3.97365841e+02, -2.48582090e+02,  5.42233133e+02, -1.79903601e+02,        2.97503685e+02,  2.16023179e+02, -5.26484723e+02, -2.41248821e+02,        7.23760623e+01, -3.37006172e+02, -2.95680476e+02, -7.33354694e+02,       -4.70854298e+02, -4.41915821e+02, -3.63528345e+02,  1.92357544e+01,        1.11190061e+02,  8.24357184e+00,  1.76764028e+02, -4.81929214e+02,        1.22475490e+02,  1.75435991e+02, -5.61819440e+02, -5.44679472e+02,       -3.47601254e+02, -1.96668556e+02,  1.65204432e+02,  7.46546523e+00,       -3.75893370e+02,  3.01187786e+02, -1.68898990e+02,  4.22579319e+02,       -7.54684739e+02,  5.09836244e+02, -3.12713358e+01, -3.09196792e+02,       -2.21317259e+02,  2.74702201e+01,  3.59033092e+02, -6.37589279e+02,       -1.19410997e+02, -1.73505882e+02,  4.14593124e+02,  7.10016450e+02,       -8.20710421e+02,  7.90240855e+02,  3.85857427e+02, -6.30906167e+02,       -2.97783123e+02,  6.44440472e+02,  5.11336522e+02, -1.51432581e+02,       -3.04341475e+01,  8.83339846e+01,  5.98878790e+02, -4.45758758e+02,        1.37920210e+02, -6.43336895e+01,  2.57390604e+02, -6.25479489e+02,       -6.41911216e+01, -2.84566270e+02,  3.99707591e+02,  3.61205924e+02,       -7.24494594e+02, -4.19008494e+02, -1.92317217e+02, -3.28690259e+02,       -1.23850062e+02, -1.95421040e+02,  3.62317283e+02,  3.51426421e+02,       -4.97512494e+01, -3.90604065e+02, -7.06343597e+02,  3.67566755e+02,       -4.29548889e+02, -2.65573713e+02,  4.05518142e+01, -2.91468119e+02,       -3.52521402e+02, -2.18156680e+02, -3.56510143e+02, -2.27389285e+02,       -4.31062788e+02,  4.92731445e+02,  5.46542327e+02, -2.84679914e+01,       -2.02162973e+02, -1.34435091e+01,  3.59681403e+02, -7.46037767e+02,       -1.76248560e+02,  4.23159251e+02,  5.68113386e+02, -1.56379173e+02,        9.58959058e+01,  4.63850874e+02,  1.31902022e+02, -5.66197465e+01,       -3.74898642e+02,  1.91646668e+02, -3.04074045e+02, -1.35420515e+02,       -1.63993553e+02, -1.58750076e+02,  1.68459214e+02,  6.61051672e+02,        6.85518542e+00,  3.49006803e+01, -7.67705283e+02, -1.47236541e+02,       -3.21207835e+02,  3.95941722e+01, -3.57686940e+02,  6.65528107e+02,        6.89282674e+02,  1.24650559e+02, -1.26398210e+02,  1.22674006e+02,        2.15479759e+02, -4.05267813e+02, -6.54271338e+01,  1.18147860e+02,        1.17631766e+02,  4.81282421e+02,  3.82256076e+02, -1.76635793e+02,        2.40722167e+02, -8.19380983e+02, -3.65960279e+01,  7.22841811e+02,        8.14247953e+01, -6.40915015e+00,  2.82339837e+02, -2.46546618e+02,        7.86923297e+02, -1.04342632e+02,  7.21848637e+02,  3.15005325e+02,       -3.25256220e+02,  2.59762523e+02, -2.62195279e+02, -5.84074234e+02,       -3.39087060e+01, -4.81122739e+02, -4.53423779e+02, -4.54481522e+01,        2.73131338e+02, -4.85032026e+01, -2.86037524e+02,  6.40355663e+01,       -6.18985073e+02, -7.87954602e+01, -7.03727824e+02,  4.42627968e+02,       -1.15055553e+01, -4.36081494e+02, -1.61054077e+02,  1.47235208e+02,       -2.73466811e+02, -4.01285071e+02,  7.66304115e+02, -1.90320007e+02,       -3.77845311e+02,  2.13850172e+02, -1.00862486e+02,  4.36291884e+02,       -1.41277488e+01,  7.40943974e+01,  8.67387439e+02, -1.52612644e+02,       -2.97394645e+02, -3.17621156e+02, -4.52489482e+02, -2.80795206e+02,        2.41859058e+02,  1.78575932e+02,  1.80595673e+02,  6.38207683e+02,        2.01593230e+01,  1.42288070e+02, -5.65572822e+02,  2.10182069e+01,       -1.98870694e+02, -2.27415630e+02,  1.48411737e+01,  2.99627944e+02,        3.26966066e+02,  6.70769104e+00,  8.00254178e+01,  2.51388831e+02,        3.18683899e+02, -2.05545512e+02, -1.12410056e+02,  1.45271710e+01,       -1.99841103e+02, -6.70131784e+01, -2.31453145e+02,  6.46278262e+02,        5.54921188e+02, -1.08500265e+02,  1.03071474e+02, -2.04206840e+01,       -2.03259472e+02,  2.85382029e+02, -7.54997310e+01,  3.33375213e+02,       -4.59682094e+02,  1.61464353e+02, -9.48094155e+01, -4.66081209e+02,       -2.16207331e+02,  2.33797833e+02, -7.31418513e+02,  3.61152048e+02,        4.20908417e+02, -6.13611733e+01, -4.37142097e+01, -2.77682922e+01,        2.08434491e+02, -2.81603892e+02,  3.11283077e+02,  2.42317463e+02,       -8.93181154e+02, -2.82365794e+02,  1.93543507e+02, -7.84670826e+01,        3.27173867e+02, -5.26065544e+02, -4.35898788e+00, -3.55186142e+02,       -1.05681017e+03,  6.41456824e+02, -5.07866825e+02, -4.92214198e+02,        7.57273838e+01,  1.09482654e+03,  3.45244932e-02, -1.84242190e+02,       -1.80214262e+01, -6.10279166e+01, -7.57025367e+02, -5.29015675e+02,        6.65157039e+02, -4.39295768e+01, -3.38418258e+02,  4.30359259e+02,       -2.95415242e+02,  3.38291323e+02,  4.65745210e+02, -5.26783931e+02,       -2.19882016e+02, -2.94816821e+02, -1.28333680e+02, -1.65368140e+02,       -5.72394077e+01,  1.17348504e+02, -2.87263254e+02,  2.53844388e+02,        5.10742200e+02, -1.37926726e+02, -1.52264912e+02,  1.18200047e+02,        4.90481873e+02,  4.16100369e+02,  3.14621776e+01, -1.42372166e+01,       -4.61786410e+01, -4.34729447e+02,  3.23012545e+02, -2.04987157e+02,        1.69086558e+02, -1.34781388e+02,  2.48532747e+02,  1.50156900e+02,       -6.73635390e+02, -2.37892725e+02, -6.75229413e+02, -2.77289944e+02,        6.40594697e+01, -1.47177170e+02,  2.55841045e+02, -2.47170523e+02,        1.63219479e+01,  8.97668098e+01,  6.37045159e+02,  3.19937737e+02,       -2.31175481e+02,  1.76075420e+01,  9.49236475e+01,  3.41552443e+02,       -5.40889093e+00,  4.32868982e+02,  2.07243968e+02,  7.62527031e+02,        2.16620010e+01,  5.84769112e+02, -2.23335114e+02, -3.29419024e+02,        7.07698553e+01,  6.31500673e+01,  2.60715744e+02, -5.45346796e+01,       -1.36415856e+02,  2.22506168e+02, -3.92087884e+02, -4.43177821e+02,        6.56984821e+02, -5.04759695e+01, -3.66016019e+02, -4.13514788e+00,       -1.20970021e+02,  2.99600716e+02,  2.82879728e+02, -1.67682764e+02,        9.69827405e+00, -2.31490758e+02, -2.78846224e+02, -2.44253582e+02,       -8.18513797e+02, -2.91419640e+01, -5.51577245e+02, -4.71308691e+02,       -3.37279555e+02,  1.50146700e+02, -3.22271785e+02,  1.87125432e+02,       -4.83101282e+02,  9.08400702e+00, -3.48025378e+02,  6.41875930e+01,        1.01352073e+02,  2.48302479e+02, -1.68971187e+02, -1.25569411e+02,        2.22661290e+02,  5.14313969e+02,  2.78576808e+02,  6.66537183e+01,       -5.83778907e+02, -1.18657944e+02, -2.64546119e+02, -5.19296058e+02,        3.53981294e+02, -2.96033574e+02, -3.73414295e+01, -1.96140126e+02,       -8.67047777e+02,  4.26402969e+02, -1.42680779e+02,  3.52655005e+02,       -5.93895269e+02,  5.60976199e+02,  3.65138508e+01, -2.66549823e+02,        4.00429648e+01, -2.00254495e+02, -5.84315545e+02,  1.20706545e+02,        2.39961573e+02,  2.78888156e+01, -3.09466996e+02, -1.11490102e+02,        1.38784398e+02,  2.50106641e+02,  5.48710853e+02,  2.17531456e+02,       -2.01201637e+02,  7.55569365e+02,  2.46938579e+02,  3.34300694e+02,       -1.45208500e+02,  2.27308829e+02,  1.48227542e+02, -5.27480166e+02,       -1.60782158e+02, -3.37094989e+02, -2.67642015e+02, -8.89632193e+01,       -1.50605852e+02, -3.17884061e+02, -9.71299200e+02, -2.60623651e+02,        1.31928046e+02,  8.66749888e+01,  7.99306528e+01,  4.24385704e+02,        1.58769795e+02,  2.73953176e+02, -3.61201956e+02,  3.95282365e+02,       -4.21632466e+02, -6.55194660e+02,  1.64263785e+02, -3.45421299e+02,       -3.58623618e+02, -1.34813222e+03, -1.02236551e+02,  6.83872077e+02,        3.98511036e+02, -8.71185657e+01, -1.02030000e+02,  2.52584324e+02,        5.82594922e+02, -3.45264497e+02, -8.17857615e+01, -2.71613783e+02,       -3.07452588e+02, -2.91567881e+02,  1.36090074e+02,  6.12699217e+02,       -5.62182141e+02, -4.53094819e+02,  2.11004083e+01, -7.34889292e+01,       -1.20822632e+02, -7.96263214e+02,  4.84246526e+02,  2.15267447e+02,        7.68977309e+01,  4.14116460e+02, -2.59429494e+02,  2.53458509e+02,        2.30718842e+02,  4.53293205e+01, -3.97589732e+01,  1.04867949e+02,       -1.38614342e+02,  4.02294776e+02, -3.73081044e+02,  3.59611404e+02,        7.95101979e+01,  9.56066966e+01,  2.02276791e+02, -7.36588134e+02,        5.49919539e+01, -5.47246692e+02, -4.32319981e+02, -4.19638606e+02,       -3.84822293e+02,  1.15770301e+01,  1.11236672e+02,  4.12638324e+02,        8.27372535e+01,  1.17659086e+02, -6.08208837e+02, -2.14048369e+02,        2.81322658e+02,  1.15253390e+01,  1.61731540e+01, -6.95043679e+01,        3.13493855e+02, -7.79698687e+02,  8.98172577e+01,  2.02017918e+02,        3.89127859e+02,  3.32436364e+02, -4.85517796e+02,  6.46227127e+01,        3.64398628e+01,  3.71605190e+01,  1.66314788e+01, -1.65911269e+02,       -2.68469016e+02,  1.34815822e+02,  5.35471949e+02, -7.65424287e+01,        8.15330233e+01,  1.52485290e+02, -2.11317385e+02, -2.09775983e+02,       -9.87479222e+02, -3.27670380e+02, -4.33235818e+02, -6.46577465e+01,       -5.42338150e+02,  6.41579660e+02, -2.51931907e+02, -4.51082301e+02,       -1.33685340e+03,  5.59225033e+02,  1.17132551e+02, -1.27526680e+01,       -5.24561668e+02,  9.00135687e+01, -1.48462237e+02, -2.78300424e+02,        1.00706880e+02,  2.73834450e+02,  6.76430625e+01, -1.47333168e+02,       -2.84627081e+01,  7.02395713e+00,  1.64582587e+02, -5.19286671e+02,        5.96874754e+02, -3.57862017e+02, -2.31375608e+02, -3.58434129e+02,       -8.28413394e+02,  8.13001112e+01, -4.07590578e+02, -1.88100509e+02,        2.91116824e+02, -2.05561266e+02,  5.27665938e+00, -8.39420005e+01,       -2.18892061e+02,  1.42525623e+01,  4.53314503e+02, -4.43204192e+02,        7.84723999e+02, -1.68526650e+02,  2.89793087e+02, -6.64175840e+01,        1.27607255e+02, -1.00468592e+02,  3.99669645e+02,  5.33511906e+02,        1.70134672e+02,  4.67367036e+02, -3.32427976e+02, -2.76999549e+01,       -1.94134570e+02,  5.81989440e+02,  4.92272413e+02,  3.77430205e+02,       -1.26956514e+02, -2.57940257e+02,  2.29764924e+02, -2.20484458e+02,       -1.17452804e+02, -6.19123649e+01, -2.21251539e+02,  4.37375228e+02,       -4.91509558e+01,  3.37320706e+02,  1.20263585e+02,  1.45258222e+02,       -2.91458233e+02,  2.76187380e+02, -1.55694376e+02, -1.11783799e+02,       -2.58074896e+01, -4.33515470e+02,  6.54288896e+02, -2.40636007e+02,       -3.55427819e+01,  1.69229013e+02,  1.45553122e+02,  6.02728912e+02,       -1.40171274e+02,  6.54297890e+02,  5.93930874e+02, -8.28344572e+02,        7.43451422e+01, -1.74459075e+02,  1.24722893e+02,  7.40575300e+01,        1.49739765e+02,  5.14286035e+02,  7.89290396e+02, -6.68377993e+02,        6.53338622e+02, -7.86288216e+02, -6.55084106e+02, -1.04677303e+02,       -9.93851121e+00,  5.98179552e+02,  3.29885204e+02, -1.56172682e+02,       -7.89784060e+02,  5.99959217e+02, -3.83221928e+02, -9.60800276e+00,       -4.32767605e+01,  1.05583112e+03, -2.41598720e+02, -8.97833584e+02,        2.63302858e+02, -1.37868498e+03,  9.46465735e+01, -3.03806112e+02,       -1.54564638e+02, -2.32933023e+02, -4.99809932e+02,  3.49822575e+02,       -3.08523744e+02, -7.80961573e+01, -6.67411359e+02, -5.72469390e+01,       -4.07383986e+02, -6.34687138e+02, -1.04397853e+03,  8.62617020e+01,       -2.74709689e+02, -7.18384073e+00, -1.15265811e+02, -6.74716674e+02,       -5.38375600e+02, -4.49929123e+02, -4.54031145e+02,  4.67080272e+02,        7.93553834e+01, -4.07573066e+02, -1.55792563e+02, -1.90814180e+02,        3.16666069e+02, -2.84333231e+02, -1.05018055e+02, -1.91387536e+02,       -3.05382259e+02, -3.19133651e+02,  3.26100273e+02, -1.49508117e+02,       -7.75750883e+02,  6.56558213e+02,  4.00325372e+02,  5.24256410e+01,       -6.17269809e+02, -6.43497793e+02,  9.23871689e+01,  1.17386980e+01,       -2.53328801e+02, -4.14148791e+02,  3.02441295e+02, -6.72858397e+01,        2.32717039e+02,  4.21129306e+02,  2.86754516e+02,  3.00817415e+02,        2.17483588e+02, -1.73155146e+02, -1.06588928e+02, -1.87770698e+02,       -2.97225042e+02, -3.89416408e+02, -5.51227686e+02, -3.33305894e+02,       -6.84207687e+01, -6.78812349e+02, -7.37831105e+01,  2.77420261e+02,       -6.08481272e+02,  2.11287363e+02,  1.84581763e+02, -6.00116720e+02,       -4.83724602e+02, -1.32853020e+02,  1.80652605e+02, -3.37901665e+02,        5.96127067e+02,  5.34702512e+02, -6.38606275e+02,  4.31056554e+02,        3.01718816e+02,  6.44247590e+01,  2.15565086e+02, -3.62887109e+02,       -1.21230687e+02,  4.61935644e+01,  1.50507276e+02,  3.84949880e+02,       -4.30360668e+02, -3.62551922e+01,  1.50619438e+02, -1.26826052e+01,       -2.24107028e+02,  1.67904565e+02, -2.26785516e+02, -1.71528245e+02,        3.23317947e+01, -5.09883059e+02,  3.11962874e+01, -2.00016600e+02,       -1.06913085e+02,  4.31992379e+00, -4.82730046e+02,  4.79294187e+02,       -2.28491484e+02, -1.09828426e+03, -7.18585479e+02,  3.31923944e+02,       -3.02053992e+02, -1.44690411e+02, -2.47436402e+02, -1.41382045e+02,       -8.47998938e+02, -9.47668446e+01, -5.43834625e+02, -2.83613046e+02,        2.18606323e+02,  6.31037155e+02, -3.20812405e+00, -2.70686415e+01,        4.94725965e+02, -4.30139691e+02,  3.04674270e+02,  7.86818777e+01,       -3.53366281e+02, -1.52582860e+02,  2.08323839e+02,  1.57331742e+01,        8.33264528e+01,  9.68645426e+01, -1.99927767e+02, -2.36648634e+02,       -4.48368029e+02,  4.24692905e+02, -5.38309022e+02, -3.95686991e+02,        8.06179084e+01, -7.58341545e+02,  1.63623215e+02,  5.32150409e+02,       -4.02645823e+01,  5.90113072e+01, -2.10835282e+02, -1.73440169e+02,        8.69983047e+01,  3.17804324e+02, -3.43192921e+02,  2.62377082e+02,       -9.35281131e+01, -3.36330499e+01,  2.28620573e+02,  1.62464707e+02,       -7.64527145e+01, -3.40536977e+00,  2.06657871e+02,  2.37917451e+02,       -6.08904024e+02,  5.65704140e+01,  4.57182459e+02, -8.24510172e+02,        2.75202326e+02, -1.01140835e+03, -7.84723333e+01, -1.25969028e+02,       -7.20282767e+01, -7.61173557e+01, -2.19078792e+02, -3.08877479e+01,        1.39836541e+02, -2.04933329e+02,  1.19454131e+02,  7.35677929e+02,       -5.44799928e+02, -2.26110327e+02,  3.09925575e+02,  2.10370584e+02,        3.50989774e+02,  1.39009560e+02,  2.39984059e+02, -1.58557268e+02,       -4.14704485e+02, -3.59950294e+02, -1.75755763e+02,  5.79789209e+00,       -3.56125605e+02, -1.29342893e+02,  5.65010007e+01,  1.96127417e+02,       -8.49655016e+01,  4.76277049e+02, -4.29427318e+02, -4.46413828e+01,       -2.28120914e+01,  2.36033954e+02, -3.44510060e+02, -2.16638887e+02,        2.32363936e+02,  4.22962985e+02,  5.91334483e+02,  2.97331158e+02,        3.49533186e+02, -2.52008142e+02,  5.29544491e+02,  5.70893083e+02,       -5.41134381e+01,  3.33748557e+02,  3.21920502e+02, -2.15697251e+02,        1.39342870e+01,  5.19289332e+02, -2.35525841e+02, -1.05013368e+02,       -5.12166900e+02,  2.27853822e+02, -6.41093000e+01,  1.48923464e+02,        8.11204328e+01, -3.52906569e+02,  3.88599782e+02,  3.44705584e+02,       -2.01196303e+02,  1.56087635e+02, -4.86441091e+02, -4.37229971e+02,        1.97868954e+02, -5.83944712e+02, -2.28388767e+02,  8.13600013e+01,        6.83495684e+02, -2.06166903e+02, -8.84544026e+01, -1.24186845e+02,        9.70613267e+02,  1.19698301e+02, -3.67620535e+02,  5.79143348e+02,        5.32919488e+02,  2.54281000e+02,  6.17495053e+02,  6.84618057e+02,       -8.88724561e+01, -2.53509894e+02, -2.74625098e+02,  2.27552883e+02,        3.20574408e+02, -4.15971271e+01, -1.74451360e+02, -5.20831450e+02,       -2.55075257e+02, -3.74440576e+02,  2.49745861e+02,  1.27601492e+02,        5.29303400e+02,  4.81001977e+01, -2.12413388e+02, -6.67287176e+01,        3.38205019e+02,  1.10788864e+02,  4.30679772e+02,  4.85675612e+02,       -1.17027238e+02, -7.64487602e+01, -8.16427524e+02,  4.51182000e+02,       -4.56206188e+01,  4.24495421e+02, -1.54651278e+02, -4.92323976e+02,        1.67378348e+02,  5.84797567e+02, -2.07061908e+02,  5.77158028e+02,       -6.10056026e+02, -1.89709581e+02, -6.60262133e+02,  1.86510864e+02,        9.69956017e+01,  7.00406989e+00, -5.05414438e+02,  7.40754268e+02,        4.44598619e+02,  6.92681531e+01, -3.87268614e+02,  1.84075316e+02,       -2.30164941e+02, -7.39381205e+01, -1.84414168e+02,  1.75934634e+02,       -8.52913207e+01, -1.72168312e+02,  1.61435718e+02,  2.21614319e+02,       -7.17688541e+02,  1.64425245e+02,  5.64990234e+02,  3.53401595e+02,       -1.10910059e+02,  2.87907639e+01, -3.01706506e+02,  4.96400696e+02,        1.47992304e+02, -5.67369786e+01, -5.87665913e+01,  9.17225231e+02,        6.85732121e+00,  2.60406000e+02,  6.08939613e+02,  8.20460442e+02,        5.38051683e+02,  3.56431909e+02, -5.35062563e+02, -3.64602599e+02,        2.90973788e+02,  1.42141351e+01,  2.72081576e+02,  1.55686805e+02,        4.93381776e+02, -6.51048237e+02, -4.12372923e+02, -5.36483693e+01,       -7.27847843e+02,  1.64770578e+02,  3.30930344e+02,  1.17866806e+02,       -1.91414958e+02,  1.98733187e+02,  1.19613517e+03,  2.17652204e+02,        1.27486650e+02, -4.11833679e+02, -5.56420321e+02, -1.31613215e+02,        2.61604095e+02, -4.39270888e+01,  1.76235339e+02,  2.95932280e+02,       -5.02501870e+02,  2.08079699e+02,  4.41293923e+02,  4.92211235e+02,       -4.68904872e+01,  9.84809980e+00, -7.82509985e+01, -4.24622404e+02,       -5.59154610e+02,  7.01723610e+02, -5.64083086e+01, -4.97448213e+02,        1.84941613e+01, -1.91891036e+02,  7.68110401e+02, -2.01335750e+02,       -2.89666930e+02,  2.62291926e+02, -1.22555868e+02,  3.63968390e+02,       -4.69872051e+01,  8.45467626e+02,  4.23151638e+02, -1.06915716e+01,       -3.03108060e+02,  2.07847010e+02, -4.65941459e+02, -9.83603548e+01,        5.10951854e+02, -2.35888924e+02, -3.96754980e+02, -1.87130521e+02,        4.36280616e+02,  1.22774147e+02, -6.97338381e+02,  2.56877001e+02,        1.25812372e+02,  5.78080525e+01, -4.30181102e+02,  1.38732742e+01,        2.94863768e+02,  4.28970849e+02,  5.38390316e+02,  2.18558028e+02,        3.43622255e+01, -4.26794450e+02, -4.02433095e+02, -6.25332270e+02,       -7.75257470e+01,  2.65329209e+02, -2.04965413e+01,  4.50525558e+02,       -2.66350978e+02,  1.54339598e+02, -1.00426353e+02, -2.50614986e+02,        4.97464669e+02,  6.42881392e+01,  5.15820256e+02,  2.44985092e+01,        2.09406418e+02, -1.67960021e+02,  5.26241886e+02, -1.01415260e+02,       -3.14138468e+00, -6.57185057e+02, -9.08219181e+01,  6.11854896e+02,        5.59277549e+02,  2.22368154e+02, -1.27117900e+02,  3.25588644e+01,       -1.48784857e+02, -4.82635025e+01,  7.56495985e+02,  1.51378380e+01,       -1.99253362e+02, -9.27786162e+02, -4.55897074e+02, -3.16222958e+02,       -5.64020804e+02, -4.71878564e+02, -5.97176336e+02, -3.90336068e+02,       -3.20208276e+02, -4.04194205e+02,  4.01040962e+02, -2.13835807e+02,       -8.14302701e+02,  3.35223640e+02, -2.42629355e+02, -6.91104017e+02,        8.15525922e+02, -2.02684530e+02,  1.66109354e+02,  3.42650180e+02,        7.48810836e+00,  2.19665675e+02,  7.24386648e+00, -1.25881949e+01,       -1.15226520e+02, -6.09505076e+02,  8.92529520e+01, -1.09672202e+03,        5.49946184e+02, -3.68816060e+02, -1.16726325e+02, -1.49947326e+02,        8.72402680e+01, -1.58320258e+02,  2.40894217e+02, -4.52620472e+02,        3.18622746e+02,  3.29107045e+02,  1.30340234e+02,  8.30254925e+01,        1.67234746e+02,  6.26170117e+01,  2.54198785e+02, -8.01406215e+01,       -5.27192188e+02,  8.24717685e+01, -1.93557883e+02, -3.83998425e+01,        4.19600413e+02, -6.82251351e+02,  8.40084055e+00,  1.15778414e+01,        7.26740074e+01,  2.79805500e+02, -1.16109522e+02,  7.07902797e+02,        4.07672365e+02, -1.47634199e+02, -8.90870041e+01,  1.60824770e+01,        6.55953950e+02, -4.69654136e+02, -8.76921930e+02,  2.43523002e+02,       -1.03016758e+02, -1.06257504e+02,  1.41825035e+02,  6.59032791e+02,        4.01925673e+02, -1.48235692e+02, -4.24996861e+02, -5.05735280e+01,        2.47722981e+02, -1.10636113e+02, -6.26789338e+02, -2.38860290e+01,       -7.83287155e+02, -4.11161137e+02,  6.70510550e+02, -4.32294687e+02,       -5.60383537e+02, -4.38027768e+02, -2.97971452e+02,  2.82144989e+02,        6.94996442e+02, -4.30494149e+01,  2.32017332e+02, -1.51804913e+02,       -5.88306933e+02,  3.93771366e+02, -3.84565823e+02,  2.38682159e+02,        3.05883317e+02, -6.26318485e+01,  3.47581200e+02,  3.69753794e+02,        9.07034125e+02, -1.25597204e+02, -3.88879450e+02, -5.37775619e+02,       -1.27950134e+02, -2.18469529e+02,  8.56024956e+02, -3.73313610e+02,        8.61067079e+01,  6.25963620e+01, -2.21029059e+02, -6.84748075e+02,       -5.45726435e+01,  8.24649129e+02,  9.23532911e+01,  5.96342871e+01,       -4.52706244e+02, -5.12295633e+02, -8.28656463e+01,  4.08888709e+02,       -1.88723142e+02,  8.99481001e+02, -3.70662441e+02,  1.43655188e+02,       -1.74800163e+02, -5.78902491e+02,  2.58233974e+01, -4.31139741e+02,       -6.29125533e+02,  6.99956081e+01,  1.99898231e+01,  4.37190499e+02,        1.77118102e+02, -2.85769932e+02,  1.90570443e+02, -6.97385129e+02,       -4.46995888e+02,  7.65290177e+02,  1.10425461e+02, -1.19764554e+02,       -2.73023345e+02, -3.97824478e+01, -6.62562236e+01,  7.18386486e+02,        3.45889477e+02, -1.24440563e+02, -5.89574605e+01, -3.40195787e+02,       -1.72093023e+02, -5.68560747e+02,  4.04626547e+02,  6.33614823e+01,        1.16893477e+02,  1.28660953e+02, -4.62940293e+01, -1.54642777e+02,       -4.47284694e+00, -8.98725973e+02, -1.61579560e+02, -6.85466025e+01,       -7.76254898e+01,  4.63590594e+02,  5.34187547e+02,  1.36701755e+02,       -8.09637281e+02,  5.40869820e+02, -1.68443889e+02, -3.26471485e+02,       -7.37977173e+02, -2.75632364e+02,  4.99016980e+02,  2.30723486e+02,        5.82199158e+01,  2.59434623e+02, -4.93249247e+02, -3.75544307e+02,        4.66784354e+02,  3.22501302e+02,  4.37091384e+02, -2.00177963e+00,        5.79783525e+01,  4.68520079e+02,  8.35596093e+02, -2.08402428e+02,        3.19816791e+02, -1.42790908e+02, -3.55010942e+02, -2.89705556e+02,       -2.59289752e+02, -1.27079841e+02, -4.32131320e+02, -1.98111335e+02,       -1.17983288e+03,  2.88213815e+02,  1.64260674e+02, -3.14326589e+01,       -3.51395147e+02, -1.89869336e+02, -4.55893356e+02,  9.94415675e+01,        6.96832675e+02, -1.75427768e+02, -1.38901232e+02,  1.85684288e+02,       -4.09998633e+02,  7.33834018e+02,  1.40311014e+02,  1.57160823e+02,        4.36846787e+02,  1.52655928e+01,  4.74764620e+02,  1.39234704e+02,       -7.27239977e+01,  7.90789879e+01, -1.88483547e+01,  5.87827098e+02,        7.67099420e+01,  1.25190119e+02, -7.62272151e+01,  1.12892363e+02,       -7.82927415e+02, -3.14863613e+02, -3.90528521e+02,  4.33799883e+02,       -2.47081373e+02, -5.45072994e+02,  4.97794799e+02, -1.01683781e+02,        3.69760709e+02, -7.73638686e+02,  2.09489776e+02,  6.48898034e+01,        5.02783395e+01, -7.48724067e+01, -5.51046384e+01,  4.17342127e+02,       -2.26933024e+00, -4.18818616e+02, -1.35174935e+02,  2.14280968e+02,       -9.88246786e+02, -7.86323623e+02,  1.25426779e+01,  9.46767991e+01,       -3.67807815e+02, -3.61637205e+01,  9.18542310e+02,  2.78680102e+02,       -4.75177541e+02,  7.97909391e+01, -7.58029197e+01,  8.78041775e+01,       -2.90689830e+02,  1.57226155e+02,  2.40709941e+02, -5.70926538e+01,        9.53615026e+02, -9.02857997e+01, -2.72338294e+02,  1.61329050e+02,        3.49673291e+02, -3.00298408e+02, -2.53362836e+01,  8.12324070e+02,       -2.00903280e+01,  5.00014679e+02,  1.21118629e+02, -8.16976595e+01,       -2.23975556e+02,  4.83149307e+02, -4.65670876e+02, -1.76428435e+01,       -1.27194268e+02, -3.58239011e+02,  1.42736479e+02,  2.02194906e+02,        7.58875096e+01, -1.36983778e+01, -3.28062049e+02,  1.56665320e+02,       -1.48912725e+01, -2.12574854e+02, -1.83325023e+02,  1.66857358e+02,       -4.23843663e+01, -3.10394775e+02, -9.02879975e+02,  7.81010083e+01,        1.98385976e+02, -3.97332346e+02, -1.91126870e+02,  6.99303357e+02,        6.17723708e+01,  2.98657108e+02,  5.53652573e+01,  3.13332969e+02,        4.39398888e+01, -3.34181570e+02, -3.27650618e+01,  7.05536798e+01,        2.36010829e+02,  6.80511211e+02,  4.17424577e+02,  1.81736607e+01,        1.46133485e+02,  5.11956168e+02,  2.22262054e+02, -6.15440568e+02,       -2.27154822e+02,  1.13994358e+02,  7.26022063e+01,  2.23991193e+02,       -4.45705913e+02,  1.08094505e+02,  3.41311105e+02,  4.18646751e+02,       -3.80459137e+02, -4.43646671e+01, -1.94708739e+01, -1.14825701e+02,       -2.82102534e+02, -1.68150483e+02, -2.75952380e+01,  6.78835865e+01,        3.50801639e+02, -2.63864923e+02,  6.78890669e+02,  3.02285638e+02,        2.14406150e+02,  2.82003096e+02,  2.57818440e+02,  2.78744719e+02,        4.58548960e+02, -3.75213613e+02,  5.36785946e+02, -9.44693202e+02,        2.63797311e+02, -9.22943162e+02,  7.15520447e+02,  6.16833265e+02,       -9.88043446e+01, -4.17611402e+02, -3.58690512e+02, -4.88783537e+02,       -5.25787739e+02,  4.88527524e+02,  3.64595037e+02,  2.05476261e+02,        2.69559202e+02,  3.45566504e+02, -3.26426532e+02, -1.71683797e+02,        4.87271531e+02, -1.05713583e+02,  4.49807156e+02,  6.20559554e+02,       -3.68105114e+01, -6.11565046e+02,  1.19269097e+01, -1.15811562e+01,       -8.33998663e+01,  6.54145156e+00, -5.70030179e+02, -1.56878417e+02,        4.98375207e+01,  7.54141162e+01,  4.11045157e+02, -3.39641275e+02,        5.19915371e+02, -3.43514921e+02,  1.88432844e+02,  3.30614245e+02]
