name = 'C-O'
composition = {'H':0, 'C':1, 'N':0, 'O':1, 'Pt':1}
facet = ['Ni111'] 
IS_SPE =[-93.052308, 'eV']
IS_ZPE =[0.184, 'eV']
IS_frequencies=[139.6, 157.4, 276.0, 292.1, 333.3, 1769.9, 'cm-1']
TST_SPE=[-90.01651087, 'eV']
TST_ZPE=[0.128, 'eV']
TST_frequencies=[263.1, 340.4, 437.5, 479.9, 545.5, 'cm-1']
no_reactants=1
bee_IS = [-5.02021557e+02, -3.98345948e+01, -1.16256430e+02,  3.88717989e+02, -1.83471708e+02, -1.61040869e+02, -3.42379396e+02, -7.63968897e+02, -3.66042285e+02, -4.10088539e+02, -3.34015089e+02,  3.91469109e+01,  1.22557108e+01,  2.63588780e+01,  2.68205658e+01,  4.04641248e+02, -1.78848114e+02, -1.58403636e+02,  1.50470829e+02, -9.54260300e+02,  5.02194782e+02, -2.29843916e+02, -4.37021806e+01, -1.03506959e+02, -4.91732704e+01, -5.01540340e+01,  7.41784886e+02, -1.82759317e+02, -7.08989668e+01, -4.51297254e+02,  6.64516460e+02, -1.17723473e+02, -3.34758019e+02,  2.05976143e+02, -3.64616251e+01,  1.67191575e+02, -2.73219008e+01,  6.12539424e+01,  2.34192342e+02, -8.73948959e+02,  4.64951970e+02,  1.10077870e+02, -4.91899406e+01, -2.89863721e+02,  9.66290690e+01, -1.54594504e+02,  3.76397894e+02,  3.17444431e+02, -2.36760618e+02, -2.50923521e+02, -2.56550166e+02, -2.90584619e+02,  9.75014594e+01, -4.26594009e+02,  1.17252195e+02,  5.14404963e+02,  5.86856871e+02,  2.98306473e+02,  1.38155271e+02,  2.35006813e+02,  7.69693063e+02,  1.81048764e+02, -4.72926670e+02, -1.06585410e+02, -2.01903742e+02,  5.24172763e+02, -6.42979879e+02, -5.37984588e+02, -2.32171244e+02, -8.30300748e+01, -3.76278100e+02,  2.29867419e+02,  8.26246795e+01,  1.12232925e+02, -3.31008373e+02, -2.98757636e+02, -4.83504772e+02,  3.22041013e+02, -2.80649085e+02,  2.25746001e+02, -5.64632051e+01, -2.51897744e+02, -5.00020756e+02, -1.49197719e+02, -9.69217228e+01, -1.36592679e+02,  3.38020921e+02,  6.06911239e+02, -3.61927757e+02, -6.86732546e+02, -1.70554050e+02,  9.50990759e+02, -4.90128990e+02,  2.84450158e+02, -9.05533022e+01, -5.33257835e+02,  2.06354494e+02,  3.27797121e+02, -1.50472673e+02,  3.02796627e+02, -2.30068562e+02, -4.39448999e+02,  7.63286132e+02,  3.99041802e+02,  2.66474683e+02,  1.25739484e+02,  2.10352256e+02,  6.98627269e+02, -2.13306067e+02,  4.95670149e+01, -1.18557797e+03,  1.58181014e+02, -5.85229535e+02,  1.24280733e+02,  1.84989362e+02, -2.92414868e+02, -4.59323366e+02,  5.39372902e+01, -2.51945696e+02,  3.04186088e+02, -4.35837928e+02, -2.24664300e+01, -3.04327174e+02, -3.58201028e+01, -2.82097952e+01,  1.44179152e+02,  1.10699190e+01, -5.10981708e+01,  5.18006986e+02,  7.82079954e+02,  4.09822393e+02,  6.69796325e+02, -1.02133136e+02,  1.16106318e+02,  4.70147329e+02, -7.79631010e+01, -6.54193291e+02, -3.20367880e+02, -4.29698772e+02, -2.45856777e+02,  2.40074670e+02, -1.00971178e+03, -1.65205939e+02,  3.67903305e+02, -3.12306367e+02, -3.15668353e+02,  4.63893326e+02,  3.76845497e+02, -2.96464457e+02,  1.65136198e+02, -2.10395138e+02,  2.97939126e+02,  3.37451178e+01,  1.31313953e+02, -7.43781673e+02, -4.15680454e+02, -6.56817674e+01,  2.91936721e+00, -3.30924208e+02,  9.13569182e+02, -1.90709312e+02, -2.87916192e+02,  3.22281040e+02, -4.11315818e+02, -2.79359566e+02,  2.62036070e+02,  9.47358802e+01,  1.11051718e+02,  1.03384328e+02, -9.67317600e+01,  1.66652795e+02,  4.98997983e+02, -2.53377547e+02,  1.47910160e+02,  7.79151053e+02,  2.87071879e+02, -7.47040181e+01, -1.64027616e+02,  1.31806144e+03, -1.50447374e+02,  3.02570168e+02,  1.85406553e+02,  2.95335350e+02,  7.61602835e+02,  4.27703604e+02, -2.49785521e+01,  1.93849187e+02,  4.04910447e+02,  3.32653168e+02, -4.75713886e+02,  8.00960368e+02, -7.13053888e+02, -1.51953700e+02,  4.92731999e+02,  7.12989414e+01,  5.94147037e+01,  2.68611138e+02,  2.10039914e+02,  3.06699997e+02, -5.47474977e+02,  4.34570669e+01, -2.34498804e+02, -9.36069200e+01, -2.88599076e+01, -7.62150281e+01, -4.73414508e+01,  7.01104693e+02, -7.27526145e+01, -2.37226214e+02, -1.92729190e+01,  1.00072988e+02, -5.04103771e+02, -3.82519188e+02, -3.12444474e+02, -5.40409273e+02, -1.41197620e+02, -3.56789485e+02,  1.66037118e+02, -1.02990464e+01, -9.08870379e+01, -7.33626465e+01,  5.60599834e+01, -1.72386310e+02,  5.73495437e+02, -7.03227861e+02, -1.38369945e+02, -1.34810063e+02,  1.44242185e+02,  1.57649402e+02, -3.96124564e+02, -1.57617849e+02,  3.58036193e+02, -1.91409009e+02,  1.35609258e+02,  3.16688139e+02, -3.65377672e+01,  9.68577651e+02, -1.77240855e+02, -2.75955360e+02,  5.56264674e+01, -1.94049894e+02,  4.55356888e+02, -3.08026102e+02,  7.29082897e+01,  5.37120075e+02, -1.12151399e+02,  1.03025517e+03,  1.09961628e+03, -5.62223482e+02,  4.97965759e+02,  1.43099058e+02, -4.57964490e+02,  1.51053455e+02,  3.10302883e+02,  3.25095293e+02,  2.01873629e+01,  1.00732210e+02,  6.09092206e+02, -1.97775052e+02,  1.39885187e+02,  6.52961023e+02, -3.20084529e+02, -1.27125245e+02,  4.45944884e+02,  2.29442379e+02,  6.53939681e+02,  2.19465532e+02,  5.76052868e+01,  2.25060441e+02,  3.32676811e+02, -4.14079108e+02,  2.88992567e+01,  1.56529265e+02,  1.05289566e+02,  1.87781410e+02, -5.02221248e+02,  2.94401318e+02, -3.81457345e+02, -2.70666429e+02,  1.50146192e+02, -1.21351017e+02,  4.69611829e+02, -2.08603317e+02,  2.48744090e+02,  2.80194550e+02,  6.82775879e+02,  4.75305899e+02,  4.05738599e+02, -7.63626300e+01, -5.81441876e+01, -2.71074072e+02,  6.56047309e+02,  6.73416406e+02,  3.19791219e+02, -1.96830432e+02,  4.31236708e+02, -7.76627230e+01,  1.82127093e+02,  5.32471775e+02,  6.99694662e+00, -6.60803105e+01, -2.13113091e+02, -4.54500461e+02,  8.30358375e+02,  3.85888404e+02, -4.78621784e+02, -1.32180819e+02,  2.38845227e+02, -9.03868999e+01,  5.33117659e+02,  1.04840147e+02,  6.81972659e+02,  2.64832719e+02, -2.43910306e+02,  2.12942015e+02, -3.62556802e+01, -2.73009065e+02,  1.44032674e+02,  1.61497491e+02,  7.77100963e+02,  6.84143991e+02,  4.50071479e+02,  5.97455493e+02,  6.19165777e+01, -2.34839376e+02,  1.34092904e+02, -2.84549200e+02, -4.32358259e+02, -4.95506462e+02, -2.33249713e+02, -9.21871740e+02, -2.65678791e+02, -7.29955424e+02,  1.83296272e+02, -3.93740914e+02,  3.49496063e+02, -8.17550386e+02, -2.77146810e+02,  4.23711841e+02,  1.92413634e+02, -7.36590330e+02,  5.32027457e+02, -2.06363934e+02,  4.45535654e+02, -2.19949346e+02, -6.74356058e+02,  1.03913115e+02, -5.43817407e+02, -1.15378735e+02,  2.75480551e+00,  3.63368154e+02,  1.06948346e+03, -3.89134334e+02, -2.99406711e+02, -2.36551659e+00, -1.19646082e+02, -6.93675799e+02, -4.75823706e+02,  4.23691356e+02, -2.17649160e+02,  1.43484800e+02, -4.16231882e+02, -1.27520915e+02, -3.42968655e+02,  4.58106364e+02,  1.31856363e+02, -1.91470591e+02, -1.14122626e+02,  8.58811498e+01, -7.14333734e+01,  3.71475342e+02, -2.14364883e+02,  4.32513556e+01,  2.92958806e+02,  1.50285784e+02, -1.48604199e+02,  1.32246170e+03,  4.62275470e+02,  2.87705975e+01,  9.06955380e+01, -5.26545928e+02,  2.64084512e+02, -6.39772891e+02, -2.19008508e+02, -4.69649429e+02, -1.63171896e+02,  4.74395247e+02, -4.81850572e+02,  1.54402686e+02, -2.33707765e+01,  2.80031947e+01, -3.18197730e+02, -3.82092137e+02, -2.33342095e+00, -3.66075798e+02, -1.89340903e+02, -3.49109677e+02, -8.92301175e+01, -3.06339143e+02, -4.38499608e+02,  1.91986759e+02, -1.47831883e+02,  1.80469841e+02,  8.67234796e+01, -6.27150140e+02, -4.67930409e+02, -3.38436596e+02,  3.04253388e+02, -8.51936538e+00, -5.39907972e+02,  4.96234833e+02, -3.39342845e+02,  4.66687711e+02, -2.56608670e+02, -4.15131248e+02,  2.27157291e+02, -5.78478496e+02, -3.31202125e+02,  5.44861756e+02,  1.54021040e+02, -3.44708303e+02,  4.46964670e+02, -1.45879801e+02, -3.21540988e+02, -2.61128797e+02, -4.14171866e+02,  2.02358587e+02, -7.75041704e+02, -7.10966497e+02, -8.24288625e+01, -2.57654666e+02, -4.69660872e+02,  6.14862997e+02,  1.12682250e+03, -2.82632038e+02, -2.76481204e+01, -5.38561946e+02,  5.64085891e+02,  1.57553835e+02, -1.66263916e+02, -3.29553496e+02,  1.44451578e+02, -5.19410381e+02, -1.71953715e+02, -7.57720487e+02,  2.97924184e+02,  1.12460651e+02,  5.34707817e+00, -5.84648112e+01, -2.90385062e+02, -7.59558392e+01,  1.08809306e+03, -1.64845671e+02, -3.93632631e+02, -5.78532007e+02,  1.10853507e+02, -3.06260150e+02,  7.50614042e+01,  2.48531659e+02,  5.74971200e+01,  2.39990601e+02,  1.01991564e+02,  5.09279634e+02,  2.63720681e+02, -2.88832240e+02,  3.60002803e+02,  2.96512358e+02,  9.50327678e+01,  3.81983298e+02, -2.09020894e+02,  6.20629370e+02,  1.57487828e+02, -2.56598027e+02, -4.91782917e+01, -1.63304013e+02,  2.06121079e+02, -2.25186288e+02, -2.46620529e+01, -9.15534174e+01,  7.08815579e+02,  4.56791629e+02, -5.76834532e+02, -3.50187054e+01, -4.61199650e+02, -1.50738811e+02, -1.93903611e+02,  6.26827748e+01, -1.23872324e+01, -2.20759763e+02,  1.07661805e+02, -5.88803338e+01, -9.00238163e+01,  7.40758456e+02,  1.54725465e+02, -6.91937578e+02, -3.78939981e+02,  7.88106319e+02,  2.33991418e+02, -7.31615837e+01,  9.07550580e+02, -1.58515033e+02, -9.72819204e+01, -4.96761778e+01,  1.14728199e+02,  2.42495031e+02,  3.50159839e+01,  2.28909121e+02, -1.36125186e+02, -2.64572848e+02, -3.69385272e+02, -4.08763307e+02,  3.83696550e+02,  1.08228990e+02,  3.22473478e+02,  1.17885781e+02,  7.55828448e+02,  1.49869098e+02, -6.99049841e+02, -2.93222416e+02,  8.49200134e+01, -2.37061323e+02,  5.29861918e+02, -1.06191556e+02,  1.56980422e+02,  4.25154917e+02, -6.26294319e+02,  1.26831633e+03,  1.65528155e+02,  2.03726391e+02,  2.98999414e+02,  6.87781472e+01, -6.31239648e+00,  3.08001199e+02, -3.02767730e+02,  6.97337449e+02,  6.01414685e+02, -3.53270945e+02,  1.27141688e+02,  5.92297332e+02, -1.84974778e+02,  1.35916241e+02,  3.65253934e+02,  3.64309371e+02, -6.68868455e+02, -1.18856215e+02, -2.99516068e+02, -2.56090100e+01, -3.54495121e+01, -2.31829439e+01, -1.39700804e+02, -2.50321108e+02,  7.00201440e+01,  8.73400291e+01,  4.56356061e+02, -3.58552233e+02,  3.29308693e+02,  3.81154222e+02, -1.42480518e+02,  7.56155413e+02, -5.82825638e+02, -8.98521459e+02, -5.66339293e+01, -7.14401946e+01,  6.16354184e-01,  6.72112697e+02, -6.24874438e+01,  3.46795615e+02,  4.06690212e+02,  3.24202314e+02, -9.03797229e+01,  5.39578732e+02, -1.36092987e+02, -2.75131145e+02, -3.95090082e+02,  4.57262301e+01,  3.28045211e+02, -4.31654288e+01,  3.26994443e+02, -2.61864799e+01,  5.45926355e+02,  1.70076919e+02,  7.59942027e+01, -4.76944007e+01,  2.89140247e+02,  3.22098260e+02,  1.70164749e+02, -6.86498867e+00, -4.57170184e+02,  2.56266649e+02,  1.68293246e+02,  3.14773691e+02,  2.64350216e+02,  3.01744038e+02, -5.07028190e+01,  2.30166811e+02, -2.10007694e+02, -8.85441498e+00, -4.73873028e+02, -2.65529736e+02,  3.33238896e+02, -7.71256911e+02,  2.50711833e+02,  1.44909438e+02,  7.04633659e+02, -2.23115030e+02,  2.59278997e+02, -1.00081876e+02, -4.11943823e+02, -6.13810286e+02, -6.88121158e+01, -7.48167183e+02,  1.37775846e+02, -1.75922700e+02,  2.55024361e+02,  1.73782822e+02, -2.17165965e+02, -2.12581496e+02,  3.28644433e+02, -5.10109840e+02, -1.03600036e+02, -1.77118146e+02,  1.99010256e+02, -4.61460452e+01,  4.95623645e+01, -1.83882755e+02,  4.84284561e+02, -4.04227367e+02,  8.22365374e+01,  5.10680185e+02, -2.91009893e+02,  1.52992973e+01, -3.26661153e+01, -5.83832400e+02, -3.95956528e+02, -6.84207008e+01,  2.24198330e+02,  2.73744856e+02,  4.13711127e+01, -6.87409946e+01,  1.88251522e+02, -3.84306818e+02,  2.73136863e+00, -4.28137738e+02, -2.34105683e+02,  3.99642013e+02, -2.50151018e+02,  5.45082610e+02, -1.80706708e+02,  2.99392862e+02,  2.17304682e+02, -5.29734466e+02, -2.42972286e+02,  7.30506232e+01, -3.38782598e+02, -2.97247140e+02, -7.37760133e+02, -4.73805504e+02, -4.44505988e+02, -3.65514331e+02,  1.92696033e+01,  1.11664730e+02,  8.07470532e+00,  1.77489861e+02, -4.84743924e+02,  1.22717061e+02,  1.76217019e+02, -5.65225545e+02, -5.48350944e+02, -3.49592150e+02, -1.97190527e+02,  1.66391946e+02,  7.84925655e+00, -3.78029203e+02,  3.03462910e+02, -1.69601061e+02,  4.25387298e+02, -7.59195974e+02,  5.12748103e+02, -3.11641740e+01, -3.10826636e+02, -2.22514167e+02,  2.77549367e+01,  3.60718373e+02, -6.41363661e+02, -1.20210696e+02, -1.74424732e+02,  4.17472954e+02,  7.14442936e+02, -8.25571586e+02,  7.95112972e+02,  3.88510982e+02, -6.34803265e+02, -2.99863605e+02,  6.47998901e+02,  5.14799130e+02, -1.51929105e+02, -3.06057190e+01,  8.82314390e+01,  6.01936942e+02, -4.47973311e+02,  1.38932086e+02, -6.44504994e+01,  2.59354323e+02, -6.29228092e+02, -6.48451825e+01, -2.86507783e+02,  4.02008233e+02,  3.63407286e+02, -7.28805188e+02, -4.21655048e+02, -1.93690507e+02, -3.30156582e+02, -1.24658071e+02, -1.96796406e+02,  3.64489275e+02,  3.53371584e+02, -5.02066904e+01, -3.92561093e+02, -7.10778239e+02,  3.69664031e+02, -4.32376773e+02, -2.66662309e+02,  4.08368459e+01, -2.93021054e+02, -3.54817916e+02, -2.19147431e+02, -3.57888209e+02, -2.28739041e+02, -4.33160694e+02,  4.95652303e+02,  5.49822409e+02, -2.84023916e+01, -2.03575177e+02, -1.36296234e+01,  3.61400225e+02, -7.50485304e+02, -1.76926074e+02,  4.26349869e+02,  5.71141129e+02, -1.57742009e+02,  9.61818553e+01,  4.66181897e+02,  1.32743465e+02, -5.76060038e+01, -3.76881501e+02,  1.93104997e+02, -3.05917200e+02, -1.36515239e+02, -1.64883825e+02, -1.59935339e+02,  1.69450350e+02,  6.65287030e+02,  6.96835951e+00,  3.54079787e+01, -7.71993322e+02, -1.47732957e+02, -3.23218396e+02,  4.00271033e+01, -3.59453819e+02,  6.68763272e+02,  6.93488931e+02,  1.25480061e+02, -1.26726216e+02,  1.23459371e+02,  2.17305109e+02, -4.07601805e+02, -6.58913024e+01,  1.18064305e+02,  1.18516312e+02,  4.84019879e+02,  3.84729147e+02, -1.77338331e+02,  2.42478372e+02, -8.23951521e+02, -3.68106617e+01,  7.27125875e+02,  8.19314611e+01, -6.07234137e+00,  2.83819050e+02, -2.48182008e+02,  7.92128595e+02, -1.04533923e+02,  7.26682178e+02,  3.16796209e+02, -3.27165455e+02,  2.61238706e+02, -2.63941451e+02, -5.87333906e+02, -3.41048614e+01, -4.84154138e+02, -4.56211848e+02, -4.58243904e+01,  2.74330609e+02, -4.85757172e+01, -2.88209439e+02,  6.43173198e+01, -6.22971954e+02, -7.92567435e+01, -7.08354666e+02,  4.45558212e+02, -1.14300861e+01, -4.38444750e+02, -1.62397412e+02,  1.48340217e+02, -2.74805023e+02, -4.03688113e+02,  7.70324274e+02, -1.91377085e+02, -3.80650131e+02,  2.15200221e+02, -1.01083985e+02,  4.38481318e+02, -1.35029933e+01,  7.48826773e+01,  8.72154323e+02, -1.54039399e+02, -2.98872042e+02, -3.18397692e+02, -4.55617385e+02, -2.82541135e+02,  2.43055479e+02,  1.79143551e+02,  1.81639808e+02,  6.42223880e+02,  2.01086565e+01,  1.42852605e+02, -5.69237782e+02,  2.09477061e+01, -2.00770894e+02, -2.29164550e+02,  1.58094387e+01,  3.01256564e+02,  3.29020768e+02,  6.80893197e+00,  8.03285210e+01,  2.53318922e+02,  3.21125428e+02, -2.06667566e+02, -1.13013044e+02,  1.46289559e+01, -2.01149328e+02, -6.76729657e+01, -2.31773061e+02,  6.49816052e+02,  5.58559440e+02, -1.09470063e+02,  1.03328579e+02, -2.05249805e+01, -2.03680021e+02,  2.86657078e+02, -7.60733802e+01,  3.35012765e+02, -4.62596229e+02,  1.62659439e+02, -9.57016805e+01, -4.69227715e+02, -2.17970516e+02,  2.35411717e+02, -7.35525259e+02,  3.63033692e+02,  4.23573796e+02, -6.14087139e+01, -4.41029325e+01, -2.80937792e+01,  2.09386286e+02, -2.83748194e+02,  3.13284852e+02,  2.43436080e+02, -8.99543396e+02, -2.84050524e+02,  1.94697770e+02, -7.87907911e+01,  3.28498731e+02, -5.28872573e+02, -4.39307805e+00, -3.57597184e+02, -1.06268921e+03,  6.45363877e+02, -5.10739016e+02, -4.94980929e+02,  7.63232317e+01,  1.10085103e+03,  8.77216476e-02, -1.84706347e+02, -1.80732011e+01, -6.11088502e+01, -7.61874003e+02, -5.31942420e+02,  6.68928470e+02, -4.41970412e+01, -3.40826728e+02,  4.33437067e+02, -2.97094465e+02,  3.40254847e+02,  4.68948768e+02, -5.30142735e+02, -2.20761301e+02, -2.96328265e+02, -1.28796991e+02, -1.66475733e+02, -5.71753832e+01,  1.18049299e+02, -2.88867522e+02,  2.55534786e+02,  5.14145197e+02, -1.39308337e+02, -1.52932987e+02,  1.18817767e+02,  4.93538670e+02,  4.18119973e+02,  3.10796117e+01, -1.39433427e+01, -4.59816073e+01, -4.37236984e+02,  3.24932392e+02, -2.06198290e+02,  1.69822617e+02, -1.36138955e+02,  2.50268069e+02,  1.50985976e+02, -6.77321905e+02, -2.39697146e+02, -6.79380518e+02, -2.78446308e+02,  6.43250445e+01, -1.47927552e+02,  2.57179799e+02, -2.48688717e+02,  1.64412718e+01,  9.03175116e+01,  6.41200556e+02,  3.21960901e+02, -2.31757962e+02,  1.76843340e+01,  9.52495818e+01,  3.43920498e+02, -5.57525247e+00,  4.35336933e+02,  2.08783273e+02,  7.66984163e+02,  2.20618376e+01,  5.88781292e+02, -2.24450116e+02, -3.31447446e+02,  7.15710532e+01,  6.27312091e+01,  2.62499884e+02, -5.43187901e+01, -1.37403268e+02,  2.23956684e+02, -3.94410454e+02, -4.45498460e+02,  6.60549514e+02, -5.11312741e+01, -3.68563041e+02, -4.11430773e+00, -1.21652534e+02,  3.00624942e+02,  2.84753747e+02, -1.69005504e+02,  9.78414909e+00, -2.33047621e+02, -2.80261145e+02, -2.45627932e+02, -8.23064922e+02, -2.96728705e+01, -5.55267552e+02, -4.74103328e+02, -3.39791878e+02,  1.50882588e+02, -3.24616527e+02,  1.87885424e+02, -4.85737172e+02,  8.99212672e+00, -3.49922851e+02,  6.44564893e+01,  1.01809088e+02,  2.49612099e+02, -1.70203877e+02, -1.26287606e+02,  2.23714399e+02,  5.17725456e+02,  2.80088663e+02,  6.71822412e+01, -5.87340686e+02, -1.19267144e+02, -2.66291472e+02, -5.22660244e+02,  3.56549019e+02, -2.97877639e+02, -3.76033798e+01, -1.97132732e+02, -8.72405110e+02,  4.28829805e+02, -1.43426936e+02,  3.54968802e+02, -5.97448386e+02,  5.64238498e+02,  3.65848810e+01, -2.68305338e+02,  4.00683482e+01, -2.01901477e+02, -5.88500452e+02,  1.21545408e+02,  2.40723838e+02,  2.82089573e+01, -3.11235721e+02, -1.11935881e+02,  1.39464840e+02,  2.51384746e+02,  5.52077645e+02,  2.19222372e+02, -2.02243911e+02,  7.59427990e+02,  2.48724548e+02,  3.36174807e+02, -1.46145056e+02,  2.28399341e+02,  1.48812252e+02, -5.30973024e+02, -1.61715915e+02, -3.38888474e+02, -2.68858243e+02, -8.92974637e+01, -1.51638802e+02, -3.19332826e+02, -9.77409343e+02, -2.62240177e+02,  1.32965052e+02,  8.67027854e+01,  8.01431287e+01,  4.27136293e+02,  1.59754010e+02,  2.75609958e+02, -3.63194448e+02,  3.97842399e+02, -4.24038898e+02, -6.59556241e+02,  1.64538959e+02, -3.47180542e+02, -3.60897096e+02, -1.35640694e+03, -1.02997091e+02,  6.87979775e+02,  4.01243757e+02, -8.80356672e+01, -1.02094342e+02,  2.53425302e+02,  5.85857970e+02, -3.47550785e+02, -8.18767794e+01, -2.72905438e+02, -3.09630407e+02, -2.93572910e+02,  1.36861762e+02,  6.16726488e+02, -5.65490495e+02, -4.55520164e+02,  2.11660244e+01, -7.36631723e+01, -1.21732144e+02, -8.01410034e+02,  4.86762787e+02,  2.16957884e+02,  7.69450332e+01,  4.16770914e+02, -2.60968139e+02,  2.55024834e+02,  2.32032237e+02,  4.55466864e+01, -3.98360117e+01,  1.05928242e+02, -1.39188233e+02,  4.04301900e+02, -3.75597941e+02,  3.61544795e+02,  7.99136200e+01,  9.58697705e+01,  2.03919939e+02, -7.40873415e+02,  5.51546281e+01, -5.50381592e+02, -4.34992094e+02, -4.22084392e+02, -3.86819641e+02,  1.21533009e+01,  1.11684148e+02,  4.15037845e+02,  8.34335891e+01,  1.18304048e+02, -6.12169062e+02, -2.15255415e+02,  2.83100013e+02,  1.20958447e+01,  1.63564781e+01, -6.98066820e+01,  3.15486967e+02, -7.84532260e+02,  9.03322308e+01,  2.03882169e+02,  3.91617378e+02,  3.34266611e+02, -4.88465365e+02,  6.47821367e+01,  3.65567511e+01,  3.70169635e+01,  1.63576133e+01, -1.67232595e+02, -2.69584577e+02,  1.35362493e+02,  5.39239716e+02, -7.77235160e+01,  8.17160499e+01,  1.53362677e+02, -2.12460857e+02, -2.10793827e+02, -9.92870642e+02, -3.29723475e+02, -4.35191439e+02, -6.54640564e+01, -5.45219839e+02,  6.45722821e+02, -2.53479475e+02, -4.53773051e+02, -1.34551821e+03,  5.62610407e+02,  1.17769698e+02, -1.33711884e+01, -5.27812595e+02,  9.05772702e+01, -1.49174437e+02, -2.79988918e+02,  1.01000509e+02,  2.75520923e+02,  6.81611960e+01, -1.47666333e+02, -2.89373983e+01,  6.88195890e+00,  1.66059758e+02, -5.22341357e+02,  6.00212537e+02, -3.59946285e+02, -2.32750464e+02, -3.59816536e+02, -8.32741060e+02,  8.17234975e+01, -4.09870956e+02, -1.89622119e+02,  2.93239321e+02, -2.06273743e+02,  5.79061729e+00, -8.39883076e+01, -2.20832355e+02,  1.40051593e+01,  4.55941896e+02, -4.46269606e+02,  7.88546690e+02, -1.69422896e+02,  2.91886204e+02, -6.60270253e+01,  1.28355594e+02, -1.01288728e+02,  4.02547375e+02,  5.36706473e+02,  1.71183565e+02,  4.70618948e+02, -3.34761511e+02, -2.76679758e+01, -1.95387078e+02,  5.85634554e+02,  4.95483225e+02,  3.79887174e+02, -1.27570615e+02, -2.59497361e+02,  2.31383360e+02, -2.21793615e+02, -1.18442359e+02, -6.23857969e+01, -2.22234924e+02,  4.40240784e+02, -4.94089316e+01,  3.39318809e+02,  1.20569821e+02,  1.46316692e+02, -2.93307771e+02,  2.78485543e+02, -1.56768280e+02, -1.12563095e+02, -2.59452834e+01, -4.36610660e+02,  6.58742780e+02, -2.42103117e+02, -3.59379876e+01,  1.69719235e+02,  1.46439242e+02,  6.06297967e+02, -1.40649051e+02,  6.58403270e+02,  5.97427951e+02, -8.33623468e+02,  7.49531698e+01, -1.75673241e+02,  1.25456426e+02,  7.49388995e+01,  1.50072335e+02,  5.17310158e+02,  7.93337624e+02, -6.72795636e+02,  6.57648437e+02, -7.90324208e+02, -6.58605125e+02, -1.04938442e+02, -1.01426901e+01,  6.01284941e+02,  3.32654005e+02, -1.57969176e+02, -7.94718839e+02,  6.03331735e+02, -3.85754066e+02, -1.03108306e+01, -4.36214259e+01,  1.06181630e+03, -2.43161831e+02, -9.03251257e+02,  2.64680897e+02, -1.38640240e+03,  9.52933968e+01, -3.05561396e+02, -1.55475246e+02, -2.34246429e+02, -5.02792548e+02,  3.52207267e+02, -3.10287049e+02, -7.78055685e+01, -6.71616761e+02, -5.75471381e+01, -4.09238863e+02, -6.38757135e+02, -1.05111931e+03,  8.72526764e+01, -2.76092631e+02, -7.94213797e+00, -1.15873756e+02, -6.78898797e+02, -5.41279142e+02, -4.52709217e+02, -4.56570675e+02,  4.70055339e+02,  8.02371166e+01, -4.09819025e+02, -1.56848137e+02, -1.91888380e+02,  3.18326923e+02, -2.86038917e+02, -1.06238763e+02, -1.92472525e+02, -3.07243368e+02, -3.20801827e+02,  3.28131953e+02, -1.50528138e+02, -7.80129935e+02,  6.60687856e+02,  4.03106750e+02,  5.31579260e+01, -6.20934103e+02, -6.47305300e+02,  9.31248274e+01,  1.22201952e+01, -2.54631446e+02, -4.16779706e+02,  3.04890447e+02, -6.77067945e+01,  2.34081763e+02,  4.23854730e+02,  2.88542417e+02,  3.02786073e+02,  2.18826737e+02, -1.74135198e+02, -1.07134667e+02, -1.88828742e+02, -2.99022352e+02, -3.91879422e+02, -5.54643473e+02, -3.35463543e+02, -6.87078452e+01, -6.83651262e+02, -7.34981318e+01,  2.78830504e+02, -6.11134480e+02,  2.12384628e+02,  1.85569559e+02, -6.03533704e+02, -4.86702649e+02, -1.33397652e+02,  1.81970730e+02, -3.40198349e+02,  5.99774062e+02,  5.37798815e+02, -6.42775512e+02,  4.34499962e+02,  3.03620774e+02,  6.50410757e+01,  2.17220752e+02, -3.65079622e+02, -1.21971737e+02,  4.59289784e+01,  1.51202392e+02,  3.87527066e+02, -4.32964591e+02, -3.60955913e+01,  1.51884012e+02, -1.31837330e+01, -2.24938404e+02,  1.69089634e+02, -2.28358394e+02, -1.72582756e+02,  3.29886725e+01, -5.13138391e+02,  3.13802381e+01, -2.02173208e+02, -1.07152757e+02,  3.54025454e+00, -4.85755467e+02,  4.81725259e+02, -2.30086236e+02, -1.10413737e+03, -7.23023077e+02,  3.34025419e+02, -3.03163794e+02, -1.45052400e+02, -2.48930652e+02, -1.42142158e+02, -8.52749207e+02, -9.58850197e+01, -5.47296342e+02, -2.84948748e+02,  2.20074375e+02,  6.34486107e+02, -3.36762647e+00, -2.76115728e+01,  4.97350295e+02, -4.32294999e+02,  3.07031798e+02,  7.93422770e+01, -3.54971090e+02, -1.52796703e+02,  2.09499285e+02,  1.58297026e+01,  8.38026683e+01,  9.75339648e+01, -2.00909538e+02, -2.37857748e+02, -4.51246727e+02,  4.26953897e+02, -5.41356164e+02, -3.98132731e+02,  8.08357524e+01, -7.62875709e+02,  1.64415472e+02,  5.34897648e+02, -4.03320868e+01,  5.89606371e+01, -2.11893603e+02, -1.74392288e+02,  8.72646162e+01,  3.19529498e+02, -3.45273582e+02,  2.64235784e+02, -9.43780752e+01, -3.46920212e+01,  2.30488268e+02,  1.64029872e+02, -7.66644620e+01, -3.69864418e+00,  2.07809427e+02,  2.39547228e+02, -6.12522232e+02,  5.75994871e+01,  4.59870367e+02, -8.29852436e+02,  2.76957143e+02, -1.01760915e+03, -7.86198808e+01, -1.26836753e+02, -7.33315488e+01, -7.62813499e+01, -2.20345207e+02, -3.03799410e+01,  1.40881504e+02, -2.05943789e+02,  1.20359114e+02,  7.40143403e+02, -5.48353911e+02, -2.27527779e+02,  3.11646768e+02,  2.11775448e+02,  3.52901275e+02,  1.39287441e+02,  2.42125733e+02, -1.59747644e+02, -4.17107100e+02, -3.61964161e+02, -1.75950720e+02,  5.30336446e+00, -3.58178462e+02, -1.30090809e+02,  5.68280860e+01,  1.97068305e+02, -8.54463464e+01,  4.79001862e+02, -4.31218843e+02, -4.53473113e+01, -2.30030174e+01,  2.37242393e+02, -3.46905844e+02, -2.17929812e+02,  2.34358829e+02,  4.26182901e+02,  5.94321887e+02,  2.99482503e+02,  3.51554465e+02, -2.53624145e+02,  5.33036544e+02,  5.73975942e+02, -5.49083688e+01,  3.36150535e+02,  3.23852641e+02, -2.16929852e+02,  1.34542882e+01,  5.22527087e+02, -2.37332782e+02, -1.06043938e+02, -5.15411864e+02,  2.29368692e+02, -6.41691364e+01,  1.49479880e+02,  8.17749694e+01, -3.55039303e+02,  3.91268351e+02,  3.46666967e+02, -2.02119659e+02,  1.56768736e+02, -4.89289525e+02, -4.40037693e+02,  1.98686082e+02, -5.87316907e+02, -2.29505015e+02,  8.17685433e+01,  6.87613658e+02, -2.07277759e+02, -8.91324563e+01, -1.24375687e+02,  9.76901510e+02,  1.20302766e+02, -3.69677408e+02,  5.82477693e+02,  5.36135354e+02,  2.55513999e+02,  6.21169210e+02,  6.88059636e+02, -8.96955839e+01, -2.55236158e+02, -2.76698799e+02,  2.28669605e+02,  3.22609466e+02, -4.16653071e+01, -1.75110602e+02, -5.23971906e+02, -2.56835165e+02, -3.76678842e+02,  2.51044098e+02,  1.28332543e+02,  5.32058626e+02,  4.83521169e+01, -2.14234688e+02, -6.71454855e+01,  3.40243036e+02,  1.11815204e+02,  4.33165872e+02,  4.88952737e+02, -1.17917755e+02, -7.65245813e+01, -8.20708945e+02,  4.54044739e+02, -4.65476643e+01,  4.27153099e+02, -1.55583427e+02, -4.94731764e+02,  1.68238913e+02,  5.87770546e+02, -2.07977992e+02,  5.80767445e+02, -6.13622358e+02, -1.90911032e+02, -6.64306572e+02,  1.87900330e+02,  9.81888105e+01,  6.45597704e+00, -5.08458897e+02,  7.45286034e+02,  4.47166757e+02,  6.99274146e+01, -3.88972281e+02,  1.85275886e+02, -2.31935780e+02, -7.41174919e+01, -1.85212732e+02,  1.77223383e+02, -8.55358369e+01, -1.73104348e+02,  1.62171507e+02,  2.22863688e+02, -7.21940571e+02,  1.65629135e+02,  5.68426388e+02,  3.55712577e+02, -1.11787305e+02,  2.91128011e+01, -3.03482917e+02,  4.99250311e+02,  1.48986015e+02, -5.74347425e+01, -5.91913236e+01,  9.22769011e+02,  7.61548217e+00,  2.62248107e+02,  6.12378023e+02,  8.25257127e+02,  5.41196804e+02,  3.58910539e+02, -5.37838208e+02, -3.66631197e+02,  2.92506216e+02,  1.38767549e+01,  2.73919713e+02,  1.56696612e+02,  4.96327467e+02, -6.54874609e+02, -4.15003452e+02, -5.35547926e+01, -7.32147851e+02,  1.65562026e+02,  3.32309799e+02,  1.19319620e+02, -1.92711545e+02,  2.00083502e+02,  1.20367736e+03,  2.18419691e+02,  1.28046404e+02, -4.14461241e+02, -5.60215925e+02, -1.32792106e+02,  2.62834937e+02, -4.40226075e+01,  1.76908608e+02,  2.97827779e+02, -5.05858975e+02,  2.08967987e+02,  4.44869755e+02,  4.95213180e+02, -4.73256284e+01,  9.41503447e+00, -7.86396437e+01, -4.27153392e+02, -5.62715141e+02,  7.05999168e+02, -5.65924793e+01, -5.00454294e+02,  1.84538435e+01, -1.92708405e+02,  7.72712023e+02, -2.02488278e+02, -2.91508557e+02,  2.63928286e+02, -1.22906963e+02,  3.65806123e+02, -4.75661202e+01,  8.50794720e+02,  4.25440160e+02, -1.12681813e+01, -3.04664645e+02,  2.08639718e+02, -4.68707135e+02, -9.91613528e+01,  5.14078168e+02, -2.37321761e+02, -3.99197335e+02, -1.88206335e+02,  4.39234166e+02,  1.23393058e+02, -7.01661417e+02,  2.58266415e+02,  1.26816613e+02,  5.80235197e+01, -4.33016374e+02,  1.37729718e+01,  2.96519697e+02,  4.31643514e+02,  5.41325201e+02,  2.19595977e+02,  3.44642468e+01, -4.29192594e+02, -4.05118947e+02, -6.29467863e+02, -7.74708740e+01,  2.67011147e+02, -2.07662424e+01,  4.53721418e+02, -2.67753722e+02,  1.55620778e+02, -1.00665349e+02, -2.51960221e+02,  5.00024077e+02,  6.46292234e+01,  5.18595076e+02,  2.42737653e+01,  2.11077450e+02, -1.69125885e+02,  5.29270954e+02, -1.01359340e+02, -3.27825035e+00, -6.61293148e+02, -9.15669325e+01,  6.15477633e+02,  5.63062254e+02,  2.23522911e+02, -1.27609626e+02,  3.27298756e+01, -1.49441255e+02, -4.77331315e+01,  7.60796974e+02,  1.52422471e+01, -1.99890955e+02, -9.33528973e+02, -4.59369390e+02, -3.18043402e+02, -5.67378645e+02, -4.74651558e+02, -6.01047329e+02, -3.92645885e+02, -3.22861561e+02, -4.06369297e+02,  4.03673782e+02, -2.15768185e+02, -8.20143394e+02,  3.37211599e+02, -2.43914011e+02, -6.95097702e+02,  8.20597323e+02, -2.03759244e+02,  1.67360931e+02,  3.44823030e+02,  6.98146384e+00,  2.21071203e+02,  7.05055631e+00, -1.26242469e+01, -1.15754119e+02, -6.12697867e+02,  8.96753271e+01, -1.10373831e+03,  5.52807058e+02, -3.71226254e+02, -1.17438996e+02, -1.50874063e+02,  8.72328080e+01, -1.59765064e+02,  2.42569773e+02, -4.55385297e+02,  3.20560265e+02,  3.30532476e+02,  1.31764325e+02,  8.33812972e+01,  1.68048046e+02,  6.27584056e+01,  2.56144433e+02, -8.03355934e+01, -5.29660336e+02,  8.27330496e+01, -1.94412428e+02, -3.81797743e+01,  4.21706905e+02, -6.86441723e+02,  8.23839523e+00,  1.14343605e+01,  7.32793867e+01,  2.81480797e+02, -1.17018266e+02,  7.12593798e+02,  4.10412134e+02, -1.48636221e+02, -8.99569050e+01,  1.60381612e+01,  6.60058033e+02, -4.72771988e+02, -8.82328522e+02,  2.44823703e+02, -1.03486067e+02, -1.06623430e+02,  1.42411123e+02,  6.62843664e+02,  4.04475016e+02, -1.49076653e+02, -4.27619411e+02, -5.09357643e+01,  2.49263647e+02, -1.11111244e+02, -6.30632281e+02, -2.38512055e+01, -7.87741965e+02, -4.13553790e+02,  6.74227186e+02, -4.34526372e+02, -5.63256178e+02, -4.40657753e+02, -2.99738049e+02,  2.83444620e+02,  6.98685726e+02, -4.31494465e+01,  2.33745611e+02, -1.52322009e+02, -5.91793127e+02,  3.96366187e+02, -3.86570039e+02,  2.40470534e+02,  3.07658510e+02, -6.25991824e+01,  3.49694402e+02,  3.72080611e+02,  9.11779641e+02, -1.26476436e+02, -3.90962797e+02, -5.41048106e+02, -1.28320251e+02, -2.18941545e+02,  8.61806102e+02, -3.75835557e+02,  8.65627442e+01,  6.32476514e+01, -2.22670988e+02, -6.88157860e+02, -5.50045121e+01,  8.29415203e+02,  9.24224310e+01,  6.00110611e+01, -4.54869315e+02, -5.15484648e+02, -8.29929966e+01,  4.11754255e+02, -1.89473457e+02,  9.05035295e+02, -3.72380193e+02,  1.44017255e+02, -1.76762006e+02, -5.82801849e+02,  2.58999160e+01, -4.34091291e+02, -6.32928109e+02,  6.98439015e+01,  2.02859180e+01,  4.39568876e+02,  1.77810442e+02, -2.87536114e+02,  1.91822914e+02, -7.00910553e+02, -4.50081388e+02,  7.70089317e+02,  1.11239309e+02, -1.21133729e+02, -2.74770111e+02, -3.97131759e+01, -6.64924484e+01,  7.22071677e+02,  3.47808026e+02, -1.25399220e+02, -6.00165078e+01, -3.42407333e+02, -1.73240844e+02, -5.72335545e+02,  4.06711095e+02,  6.35331321e+01,  1.18135232e+02,  1.29076013e+02, -4.62804028e+01, -1.55415283e+02, -5.09665260e+00, -9.03772291e+02, -1.62846157e+02, -6.87677917e+01, -7.82872584e+01,  4.67077009e+02,  5.37188953e+02,  1.37591238e+02, -8.14470336e+02,  5.44439091e+02, -1.69573374e+02, -3.28422653e+02, -7.42241990e+02, -2.77552361e+02,  5.01407221e+02,  2.31623178e+02,  5.80969983e+01,  2.60653423e+02, -4.96225709e+02, -3.77497225e+02,  4.69521061e+02,  3.24496132e+02,  4.40104591e+02, -2.39106101e+00,  5.82165999e+01,  4.71445703e+02,  8.40548922e+02, -2.10239519e+02,  3.21310654e+02, -1.42605565e+02, -3.56728787e+02, -2.91172465e+02, -2.60354388e+02, -1.27877236e+02, -4.35005560e+02, -1.99632594e+02, -1.18710513e+03,  2.90179377e+02,  1.65290765e+02, -3.15181079e+01, -3.53308659e+02, -1.90876802e+02, -4.58804813e+02,  1.00105039e+02,  7.01070634e+02, -1.76752936e+02, -1.39654404e+02,  1.86892935e+02, -4.12242842e+02,  7.38519749e+02,  1.41202622e+02,  1.58721868e+02,  4.39498550e+02,  1.57568073e+01,  4.77754689e+02,  1.39797307e+02, -7.35844658e+01,  7.97934476e+01, -1.82963491e+01,  5.92075718e+02,  7.69691606e+01,  1.25438149e+02, -7.64627468e+01,  1.13279950e+02, -7.87534752e+02, -3.16453996e+02, -3.92839668e+02,  4.36692471e+02, -2.48563128e+02, -5.48701889e+02,  5.00381011e+02, -1.02265257e+02,  3.72347441e+02, -7.77989856e+02,  2.10994005e+02,  6.54416568e+01,  5.06426714e+01, -7.54538221e+01, -5.53715693e+01,  4.19514230e+02, -2.47791247e+00, -4.21061259e+02, -1.35955596e+02,  2.15757769e+02, -9.94430119e+02, -7.91506756e+02,  1.29596962e+01,  9.49087524e+01, -3.69724568e+02, -3.62539136e+01,  9.24590352e+02,  2.80533731e+02, -4.78384485e+02,  8.02201986e+01, -7.62124506e+01,  8.80892022e+01, -2.92246939e+02,  1.57995565e+02,  2.42267284e+02, -5.74149584e+01,  9.59338331e+02, -9.13970266e+01, -2.73740470e+02,  1.61554868e+02,  3.51956799e+02, -3.02001270e+02, -2.53298861e+01,  8.16999314e+02, -2.02215913e+01,  5.02905970e+02,  1.21606640e+02, -8.23868512e+01, -2.25643013e+02,  4.86221456e+02, -4.68067844e+02, -1.79096671e+01, -1.27653734e+02, -3.60402474e+02,  1.43569022e+02,  2.03024921e+02,  7.65835863e+01, -1.37834460e+01, -3.29892002e+02,  1.57970316e+02, -1.50737743e+01, -2.13985010e+02, -1.84530134e+02,  1.68006276e+02, -4.25333908e+01, -3.12093944e+02, -9.07749150e+02,  7.84420075e+01,  1.99754066e+02, -3.98977303e+02, -1.92329995e+02,  7.03311664e+02,  6.17077893e+01,  3.00000239e+02,  5.54011609e+01,  3.14589600e+02,  4.39392580e+01, -3.36261550e+02, -3.23232138e+01,  7.11799415e+01,  2.37112072e+02,  6.84730028e+02,  4.20015217e+02,  1.77873510e+01,  1.46766172e+02,  5.14935851e+02,  2.23457253e+02, -6.19711311e+02, -2.28378634e+02,  1.14937815e+02,  7.30165088e+01,  2.25542610e+02, -4.48543624e+02,  1.09007776e+02,  3.42779502e+02,  4.21480301e+02, -3.82746808e+02, -4.52978059e+01, -1.95945365e+01, -1.15254527e+02, -2.84406281e+02, -1.69458907e+02, -2.72562067e+01,  6.79862281e+01,  3.52848887e+02, -2.65409531e+02,  6.83115220e+02,  3.03844812e+02,  2.15179214e+02,  2.83658635e+02,  2.59778634e+02,  2.80148312e+02,  4.61307895e+02, -3.77220350e+02,  5.40103237e+02, -9.50217896e+02,  2.65350314e+02, -9.28612077e+02,  7.19844330e+02,  6.20054547e+02, -9.95521275e+01, -4.20006906e+02, -3.60964508e+02, -4.92030343e+02, -5.29057308e+02,  4.91123250e+02,  3.66948128e+02,  2.06557583e+02,  2.71886153e+02,  3.47188720e+02, -3.28311105e+02, -1.72933569e+02,  4.90535322e+02, -1.06255565e+02,  4.52677073e+02,  6.24330701e+02, -3.70105360e+01, -6.15122116e+02,  1.16236772e+01, -1.15694255e+01, -8.37963605e+01,  6.44767340e+00, -5.73608801e+02, -1.58441564e+02,  4.99246417e+01,  7.54080780e+01,  4.13555914e+02, -3.41625355e+02,  5.23606066e+02, -3.45757224e+02,  1.89241861e+02,  3.32430110e+02]
bee_TS =[-5.02202533e+02, -3.97782584e+01, -1.16285772e+02,  3.88280219e+02,       -1.83235088e+02, -1.60933446e+02, -3.42365926e+02, -7.63826957e+02,       -3.65798030e+02, -4.09369115e+02, -3.33795442e+02,  3.91731120e+01,        1.26216151e+01,  2.59814359e+01,  2.68317812e+01,  4.04556273e+02,       -1.78661264e+02, -1.58273341e+02,  1.50786504e+02, -9.53913179e+02,        5.01813242e+02, -2.29487980e+02, -4.35651683e+01, -1.03162727e+02,       -4.90779767e+01, -5.02590866e+01,  7.41547239e+02, -1.82734168e+02,       -7.10058435e+01, -4.51476236e+02,  6.64061712e+02, -1.17510763e+02,       -3.34699941e+02,  2.05794215e+02, -3.62367501e+01,  1.67393249e+02,       -2.71391139e+01,  6.10204068e+01,  2.34498595e+02, -8.73610938e+02,        4.64678824e+02,  1.10194019e+02, -4.92577574e+01, -2.89822592e+02,        9.66313824e+01, -1.54212605e+02,  3.76361855e+02,  3.17235967e+02,       -2.36387698e+02, -2.50974850e+02, -2.56571157e+02, -2.90640085e+02,        9.78365578e+01, -4.26566110e+02,  1.17174435e+02,  5.14428137e+02,        5.86784869e+02,  2.97891649e+02,  1.38158491e+02,  2.35094716e+02,        7.69297523e+02,  1.80817452e+02, -4.72633096e+02, -1.06511537e+02,       -2.01926480e+02,  5.24186008e+02, -6.42604571e+02, -5.37627409e+02,       -2.32092400e+02, -8.31892704e+01, -3.76330396e+02,  2.29779452e+02,        8.25724056e+01,  1.12283020e+02, -3.30703647e+02, -2.98647240e+02,       -4.83455403e+02,  3.21662830e+02, -2.80392838e+02,  2.25721363e+02,       -5.64666437e+01, -2.51780174e+02, -4.99526399e+02, -1.49177885e+02,       -9.70910372e+01, -1.36437447e+02,  3.37812443e+02,  6.06792191e+02,       -3.61919208e+02, -6.86484937e+02, -1.70544454e+02,  9.50473332e+02,       -4.89743975e+02,  2.84319435e+02, -9.07377720e+01, -5.33091007e+02,        2.06450434e+02,  3.27532483e+02, -1.50379434e+02,  3.02558894e+02,       -2.29981162e+02, -4.39558736e+02,  7.63335770e+02,  3.98972361e+02,        2.65914749e+02,  1.25797828e+02,  2.10295156e+02,  6.98556952e+02,       -2.13239820e+02,  4.94664372e+01, -1.18532125e+03,  1.58023109e+02,       -5.85050339e+02,  1.24045063e+02,  1.84882013e+02, -2.92498109e+02,       -4.58973488e+02,  5.37872102e+01, -2.51875674e+02,  3.04376301e+02,       -4.35583758e+02, -2.25870031e+01, -3.04360432e+02, -3.58940807e+01,       -2.76611740e+01,  1.44391767e+02,  1.09430214e+01, -5.10488904e+01,        5.17923452e+02,  7.81714847e+02,  4.09751947e+02,  6.69180711e+02,       -1.02022285e+02,  1.15963461e+02,  4.69731208e+02, -7.73660109e+01,       -6.53594963e+02, -3.20260496e+02, -4.29377748e+02, -2.45654720e+02,        2.40029687e+02, -1.00954304e+03, -1.64765270e+02,  3.67969741e+02,       -3.12390469e+02, -3.15013297e+02,  4.64062679e+02,  3.76760104e+02,       -2.95948257e+02,  1.65488094e+02, -2.10228641e+02,  2.97815674e+02,        3.39465605e+01,  1.31361609e+02, -7.43223809e+02, -4.15469394e+02,       -6.55632071e+01,  3.19131472e+00, -3.30957661e+02,  9.13420592e+02,       -1.90273805e+02, -2.87563121e+02,  3.22294170e+02, -4.11203233e+02,       -2.79637538e+02,  2.62209407e+02,  9.49152965e+01,  1.11102091e+02,        1.03562158e+02, -9.67625392e+01,  1.66310179e+02,  4.99007275e+02,       -2.53209659e+02,  1.48202782e+02,  7.78737226e+02,  2.86831313e+02,       -7.45502684e+01, -1.63993144e+02,  1.31770193e+03, -1.50655556e+02,        3.02511315e+02,  1.85627601e+02,  2.95063247e+02,  7.61528806e+02,        4.27640863e+02, -2.52312180e+01,  1.93900059e+02,  4.04930036e+02,        3.32392198e+02, -4.75613069e+02,  8.00659379e+02, -7.12572734e+02,       -1.51605066e+02,  4.92575086e+02,  7.15588207e+01,  5.96494125e+01,        2.68480587e+02,  2.09720252e+02,  3.06496214e+02, -5.47360266e+02,        4.33945390e+01, -2.34329042e+02, -9.34555596e+01, -2.88449353e+01,       -7.61872063e+01, -4.72471658e+01,  7.00876751e+02, -7.27427687e+01,       -2.37029438e+02, -1.92638856e+01,  1.00289596e+02, -5.04080522e+02,       -3.82614483e+02, -3.12452056e+02, -5.40084690e+02, -1.41324277e+02,       -3.56803198e+02,  1.65845248e+02, -1.01231875e+01, -9.09429612e+01,       -7.33467271e+01,  5.59936051e+01, -1.72138263e+02,  5.73216197e+02,       -7.03099817e+02, -1.38187296e+02, -1.34760894e+02,  1.44117385e+02,        1.57798492e+02, -3.96249194e+02, -1.57502324e+02,  3.58008963e+02,       -1.91229960e+02,  1.35469852e+02,  3.16350372e+02, -3.63831584e+01,        9.68318511e+02, -1.77012518e+02, -2.75888242e+02,  5.54005425e+01,       -1.94050482e+02,  4.55510785e+02, -3.08280020e+02,  7.32205511e+01,        5.36651435e+02, -1.12019892e+02,  1.02959620e+03,  1.09902589e+03,       -5.61946704e+02,  4.97741232e+02,  1.43449683e+02, -4.57865488e+02,        1.51157874e+02,  3.10353266e+02,  3.25313415e+02,  2.02281369e+01,        1.01030712e+02,  6.08812162e+02, -1.97798528e+02,  1.39562999e+02,        6.52381568e+02, -3.19997594e+02, -1.27279821e+02,  4.45917552e+02,        2.29550825e+02,  6.54007343e+02,  2.19572451e+02,  5.77894651e+01,        2.25225130e+02,  3.32577310e+02, -4.13938538e+02,  2.91224558e+01,        1.56527691e+02,  1.05177848e+02,  1.87755700e+02, -5.01955488e+02,        2.94277444e+02, -3.81279510e+02, -2.70572261e+02,  1.50125088e+02,       -1.21216703e+02,  4.69677362e+02, -2.08072378e+02,  2.48700556e+02,        2.80341167e+02,  6.82496697e+02,  4.74922714e+02,  4.05511441e+02,       -7.61523222e+01, -5.82197792e+01, -2.70776499e+02,  6.55957536e+02,        6.73378102e+02,  3.19780451e+02, -1.96820584e+02,  4.31121625e+02,       -7.74815666e+01,  1.81826924e+02,  5.32523843e+02,  6.91998004e+00,       -6.61767845e+01, -2.12914628e+02, -4.54392950e+02,  8.29782452e+02,        3.85894898e+02, -4.78733795e+02, -1.32182541e+02,  2.38707367e+02,       -9.02757805e+01,  5.33038524e+02,  1.05062075e+02,  6.81972362e+02,        2.64713124e+02, -2.43669249e+02,  2.12732602e+02, -3.65081080e+01,       -2.72747769e+02,  1.43947915e+02,  1.61399620e+02,  7.76798092e+02,        6.83780772e+02,  4.50091222e+02,  5.97188660e+02,  6.18045350e+01,       -2.34476391e+02,  1.33992878e+02, -2.84677611e+02, -4.32248879e+02,       -4.95236528e+02, -2.33489668e+02, -9.21572828e+02, -2.65748029e+02,       -7.29590433e+02,  1.83217540e+02, -3.93574120e+02,  3.49785936e+02,       -8.17333527e+02, -2.76852490e+02,  4.23352829e+02,  1.92309622e+02,       -7.36410859e+02,  5.31595458e+02, -2.06426390e+02,  4.45540275e+02,       -2.19983175e+02, -6.73974428e+02,  1.04282110e+02, -5.43849542e+02,       -1.15003038e+02,  2.63910167e+00,  3.63248954e+02,  1.06922502e+03,       -3.88895698e+02, -2.99599157e+02, -2.64338369e+00, -1.19235890e+02,       -6.93482396e+02, -4.75759634e+02,  4.23513373e+02, -2.17382705e+02,        1.43703792e+02, -4.16268157e+02, -1.27641162e+02, -3.43127702e+02,        4.57878057e+02,  1.31680850e+02, -1.91380350e+02, -1.14256658e+02,        8.58224188e+01, -7.13947973e+01,  3.71406308e+02, -2.14406981e+02,        4.33131991e+01,  2.92565279e+02,  1.50129291e+02, -1.48642186e+02,        1.32202777e+03,  4.62195725e+02,  2.89577972e+01,  9.09855000e+01,       -5.26191865e+02,  2.64273290e+02, -6.39691836e+02, -2.19328215e+02,       -4.69343211e+02, -1.63121866e+02,  4.74277741e+02, -4.81553499e+02,        1.54647701e+02, -2.32731883e+01,  2.80776990e+01, -3.18093487e+02,       -3.81996458e+02, -2.55426053e+00, -3.65557427e+02, -1.89322631e+02,       -3.49092014e+02, -8.91376712e+01, -3.06141144e+02, -4.38246544e+02,        1.91776172e+02, -1.47835838e+02,  1.80560814e+02,  8.64842501e+01,       -6.27013151e+02, -4.67651560e+02, -3.38635534e+02,  3.04026950e+02,       -8.63291673e+00, -5.39783325e+02,  4.95888504e+02, -3.39185826e+02,        4.66633903e+02, -2.56488286e+02, -4.14940672e+02,  2.27232871e+02,       -5.78449265e+02, -3.30530601e+02,  5.44518599e+02,  1.53904019e+02,       -3.44501934e+02,  4.46612243e+02, -1.45789875e+02, -3.21109722e+02,       -2.60977898e+02, -4.14162576e+02,  2.02431990e+02, -7.74552153e+02,       -7.10385757e+02, -8.23213302e+01, -2.57609893e+02, -4.69756533e+02,        6.14923153e+02,  1.12665299e+03, -2.82102642e+02, -2.77158592e+01,       -5.38105220e+02,  5.63925114e+02,  1.57623167e+02, -1.66233913e+02,       -3.29363563e+02,  1.44344766e+02, -5.19177836e+02, -1.71430801e+02,       -7.57505728e+02,  2.97877189e+02,  1.12414218e+02,  5.01218812e+00,       -5.85622735e+01, -2.90495231e+02, -7.59242174e+01,  1.08771863e+03,       -1.64834880e+02, -3.93282599e+02, -5.78491033e+02,  1.10684679e+02,       -3.06131715e+02,  7.50317181e+01,  2.48494351e+02,  5.74588898e+01,        2.40051235e+02,  1.02095452e+02,  5.09094589e+02,  2.63426754e+02,       -2.88711367e+02,  3.60127171e+02,  2.96556638e+02,  9.52059326e+01,        3.81471482e+02, -2.09157525e+02,  6.20648318e+02,  1.57908461e+02,       -2.56644662e+02, -4.90128292e+01, -1.63003374e+02,  2.05797362e+02,       -2.25096118e+02, -2.49250815e+01, -9.15478232e+01,  7.08525131e+02,        4.56666457e+02, -5.76717172e+02, -3.52295765e+01, -4.61086263e+02,       -1.50599844e+02, -1.93846384e+02,  6.26717483e+01, -1.25139997e+01,       -2.20712901e+02,  1.07856350e+02, -5.89534222e+01, -8.99328984e+01,        7.40655117e+02,  1.54494700e+02, -6.91543616e+02, -3.78336145e+02,        7.88008352e+02,  2.33773863e+02, -7.32741171e+01,  9.07140076e+02,       -1.58579431e+02, -9.71101214e+01, -4.97552503e+01,  1.14701671e+02,        2.42439241e+02,  3.50959902e+01,  2.29111582e+02, -1.35982422e+02,       -2.64664912e+02, -3.68818421e+02, -4.08563474e+02,  3.83184879e+02,        1.08345101e+02,  3.22320415e+02,  1.17766946e+02,  7.55536654e+02,        1.50052689e+02, -6.98647738e+02, -2.93039773e+02,  8.47772222e+01,       -2.37191821e+02,  5.29808652e+02, -1.06236674e+02,  1.56928828e+02,        4.25359961e+02, -6.26228375e+02,  1.26803019e+03,  1.65502482e+02,        2.03884789e+02,  2.98925115e+02,  6.86792097e+01, -6.43520833e+00,        3.07923736e+02, -3.02505209e+02,  6.96989198e+02,  6.01228196e+02,       -3.52991178e+02,  1.27090008e+02,  5.92204420e+02, -1.85037085e+02,        1.36003156e+02,  3.64786283e+02,  3.64145867e+02, -6.68390701e+02,       -1.18452129e+02, -2.99217250e+02, -2.54974352e+01, -3.56248930e+01,       -2.31358257e+01, -1.39454799e+02, -2.50167763e+02,  7.02092648e+01,        8.70934927e+01,  4.56147322e+02, -3.58415917e+02,  3.29369246e+02,        3.81046098e+02, -1.42349381e+02,  7.55328879e+02, -5.82672854e+02,       -8.97958990e+02, -5.67090844e+01, -7.11373445e+01,  6.18917034e-01,        6.71751806e+02, -6.23650665e+01,  3.46814960e+02,  4.06881126e+02,        3.24100358e+02, -9.02756846e+01,  5.39333813e+02, -1.35966741e+02,       -2.75252025e+02, -3.94504893e+02,  4.61792193e+01,  3.27847217e+02,       -4.29373420e+01,  3.26798387e+02, -2.59025512e+01,  5.45614718e+02,        1.69936222e+02,  7.59682178e+01, -4.75182071e+01,  2.88873076e+02,        3.22183216e+02,  1.70030311e+02, -7.04494045e+00, -4.57171109e+02,        2.56042915e+02,  1.68197973e+02,  3.14663391e+02,  2.64108428e+02,        3.01875200e+02, -5.11848620e+01,  2.30214933e+02, -2.10169443e+02,       -8.78566980e+00, -4.73595511e+02, -2.65712168e+02,  3.33294726e+02,       -7.70887461e+02,  2.50404181e+02,  1.44684123e+02,  7.04260123e+02,       -2.22773121e+02,  2.59256495e+02, -1.00021112e+02, -4.11810977e+02,       -6.13599917e+02, -6.88781399e+01, -7.47800462e+02,  1.37504218e+02,       -1.75851637e+02,  2.55086408e+02,  1.73788601e+02, -2.17088848e+02,       -2.12588361e+02,  3.28796530e+02, -5.09779993e+02, -1.03350648e+02,       -1.76846587e+02,  1.99110919e+02, -4.58467428e+01,  4.92707727e+01,       -1.83542114e+02,  4.83885060e+02, -4.04279138e+02,  8.18266416e+01,        5.10184873e+02, -2.91018437e+02,  1.53399711e+01, -3.25228979e+01,       -5.83356148e+02, -3.95520649e+02, -6.82151060e+01,  2.24142061e+02,        2.73671690e+02,  4.13510671e+01, -6.88386361e+01,  1.87757197e+02,       -3.84064545e+02,  2.65183811e+00, -4.28180405e+02, -2.34096279e+02,        3.99610581e+02, -2.50065824e+02,  5.44992506e+02, -1.80603436e+02,        2.99315303e+02,  2.17058132e+02, -5.29597327e+02, -2.42781686e+02,        7.31749501e+01, -3.38556185e+02, -2.97421557e+02, -7.37532838e+02,       -4.73512555e+02, -4.44143159e+02, -3.65549319e+02,  1.90516257e+01,        1.11967922e+02,  8.34336601e+00,  1.77555009e+02, -4.84492428e+02,        1.22508951e+02,  1.76315872e+02, -5.65233426e+02, -5.48104920e+02,       -3.49389248e+02, -1.97182668e+02,  1.66070438e+02,  7.63003607e+00,       -3.78092690e+02,  3.03050760e+02, -1.69891207e+02,  4.25378780e+02,       -7.58909815e+02,  5.12634231e+02, -3.14065101e+01, -3.10825184e+02,       -2.22522399e+02,  2.77429723e+01,  3.60928318e+02, -6.40877658e+02,       -1.20092051e+02, -1.74167117e+02,  4.16983671e+02,  7.14134733e+02,       -8.25228363e+02,  7.94912610e+02,  3.88398979e+02, -6.34654559e+02,       -2.99587904e+02,  6.47923889e+02,  5.14620994e+02, -1.51794541e+02,       -3.09392116e+01,  8.84331168e+01,  6.01891182e+02, -4.48097790e+02,        1.38583286e+02, -6.43950680e+01,  2.59288388e+02, -6.28776281e+02,       -6.44956789e+01, -2.86189626e+02,  4.01982674e+02,  3.63466834e+02,       -7.28510802e+02, -4.21270582e+02, -1.93643761e+02, -3.30168961e+02,       -1.24369934e+02, -1.96768037e+02,  3.64471697e+02,  3.53487019e+02,       -4.99230021e+01, -3.92214877e+02, -7.10525787e+02,  3.69972704e+02,       -4.32134101e+02, -2.66938166e+02,  4.09498993e+01, -2.92805797e+02,       -3.54509733e+02, -2.19126837e+02, -3.57875920e+02, -2.28714224e+02,       -4.33075803e+02,  4.95258949e+02,  5.49460085e+02, -2.87420520e+01,       -2.03481897e+02, -1.34802329e+01,  3.61447997e+02, -7.50021534e+02,       -1.76694518e+02,  4.26310899e+02,  5.70880262e+02, -1.57661817e+02,        9.61080946e+01,  4.65642045e+02,  1.32805330e+02, -5.74433045e+01,       -3.76605707e+02,  1.92813483e+02, -3.05656199e+02, -1.36009191e+02,       -1.64861584e+02, -1.59743415e+02,  1.69521741e+02,  6.65196397e+02,        6.77499100e+00,  3.54233938e+01, -7.71516105e+02, -1.47595229e+02,       -3.22981566e+02,  3.97919369e+01, -3.59669585e+02,  6.68899671e+02,        6.93285184e+02,  1.25443125e+02, -1.26853411e+02,  1.23619939e+02,        2.16855571e+02, -4.07398264e+02, -6.57156686e+01,  1.18125236e+02,        1.18650087e+02,  4.83582573e+02,  3.84269953e+02, -1.77366226e+02,        2.42445999e+02, -8.23474106e+02, -3.65719890e+01,  7.27098561e+02,        8.22228275e+01, -5.93471087e+00,  2.83265733e+02, -2.47962888e+02,        7.91794335e+02, -1.04706103e+02,  7.26037441e+02,  3.16872189e+02,       -3.27160191e+02,  2.61265932e+02, -2.63989239e+02, -5.87288730e+02,       -3.45341016e+01, -4.83850839e+02, -4.55892299e+02, -4.58122719e+01,        2.74223140e+02, -4.88468238e+01, -2.88097426e+02,  6.44251494e+01,       -6.22479479e+02, -7.90515133e+01, -7.08233211e+02,  4.45398960e+02,       -1.15621977e+01, -4.37906178e+02, -1.62296035e+02,  1.48481583e+02,       -2.74790239e+02, -4.03421225e+02,  7.69903958e+02, -1.91424719e+02,       -3.80481908e+02,  2.15074145e+02, -1.01259833e+02,  4.38460226e+02,       -1.33394353e+01,  7.51039342e+01,  8.72177727e+02, -1.53707769e+02,       -2.98973958e+02, -3.18437666e+02, -4.55467250e+02, -2.82653870e+02,        2.42885095e+02,  1.79386785e+02,  1.81722123e+02,  6.42105668e+02,        2.01132166e+01,  1.43088429e+02, -5.68819122e+02,  2.08428794e+01,       -2.00398642e+02, -2.28964049e+02,  1.57216159e+01,  3.00881480e+02,        3.28793961e+02,  6.74662882e+00,  8.05130295e+01,  2.53128215e+02,        3.21075360e+02, -2.06661559e+02, -1.12996835e+02,  1.46878495e+01,       -2.01094605e+02, -6.75013713e+01, -2.32024172e+02,  6.49680197e+02,        5.58210070e+02, -1.09560732e+02,  1.03349053e+02, -2.06347482e+01,       -2.03716622e+02,  2.86574701e+02, -7.63039070e+01,  3.34808260e+02,       -4.62405419e+02,  1.62598156e+02, -9.55149264e+01, -4.69295450e+02,       -2.18001884e+02,  2.35337494e+02, -7.35707082e+02,  3.62896854e+02,        4.23229414e+02, -6.16038392e+01, -4.42589527e+01, -2.80942739e+01,        2.09345383e+02, -2.83593913e+02,  3.13022877e+02,  2.43547982e+02,       -8.98998411e+02, -2.84151328e+02,  1.94755191e+02, -7.87800973e+01,        3.28510811e+02, -5.28604121e+02, -4.73096874e+00, -3.57570390e+02,       -1.06241409e+03,  6.45488670e+02, -5.10474927e+02, -4.95148019e+02,        7.62698450e+01,  1.10032424e+03,  3.51389294e-01, -1.85008681e+02,       -1.80418394e+01, -6.09900047e+01, -7.61574513e+02, -5.31685299e+02,        6.69136070e+02, -4.44561883e+01, -3.40658585e+02,  4.33494745e+02,       -2.97103116e+02,  3.39719044e+02,  4.68608501e+02, -5.29684713e+02,       -2.20731727e+02, -2.96314655e+02, -1.28758745e+02, -1.66210617e+02,       -5.73258592e+01,  1.18218668e+02, -2.88661060e+02,  2.55192371e+02,        5.13894079e+02, -1.38898257e+02, -1.52961635e+02,  1.18635768e+02,        4.93051240e+02,  4.18301788e+02,  3.11271244e+01, -1.41598422e+01,       -4.59807431e+01, -4.36953875e+02,  3.24633871e+02, -2.06032196e+02,        1.69412882e+02, -1.36012241e+02,  2.50292779e+02,  1.50866552e+02,       -6.77091471e+02, -2.39610608e+02, -6.78937895e+02, -2.78523741e+02,        6.41748983e+01, -1.47831206e+02,  2.57312358e+02, -2.48660518e+02,        1.65310413e+01,  9.02479630e+01,  6.40869223e+02,  3.21884865e+02,       -2.31698017e+02,  1.75597585e+01,  9.51705942e+01,  3.43565598e+02,       -5.51438455e+00,  4.35386315e+02,  2.08746696e+02,  7.66771616e+02,        2.21432701e+01,  5.88329284e+02, -2.24533729e+02, -3.31333528e+02,        7.13418352e+01,  6.26886806e+01,  2.62135379e+02, -5.44851107e+01,       -1.37070276e+02,  2.23599541e+02, -3.94159521e+02, -4.45455216e+02,        6.60438574e+02, -5.12908826e+01, -3.68191205e+02, -4.48599536e+00,       -1.21620030e+02,  3.00766033e+02,  2.84644598e+02, -1.69011741e+02,        9.51541270e+00, -2.33044969e+02, -2.80266572e+02, -2.45497050e+02,       -8.22851083e+02, -2.97522710e+01, -5.55410166e+02, -4.73970614e+02,       -3.39878169e+02,  1.50795266e+02, -3.24562111e+02,  1.87614869e+02,       -4.85900522e+02,  8.91525749e+00, -3.49928114e+02,  6.43883889e+01,        1.01395754e+02,  2.49509709e+02, -1.70053877e+02, -1.26456953e+02,        2.23908333e+02,  5.17386945e+02,  2.79836919e+02,  6.72660649e+01,       -5.87348974e+02, -1.19262786e+02, -2.66335156e+02, -5.22490400e+02,        3.56489530e+02, -2.97856098e+02, -3.75685209e+01, -1.97229924e+02,       -8.71881563e+02,  4.28910778e+02, -1.43190238e+02,  3.54850925e+02,       -5.97553508e+02,  5.63984694e+02,  3.65052577e+01, -2.68093474e+02,        4.04423444e+01, -2.01901318e+02, -5.88249210e+02,  1.21602165e+02,        2.40854131e+02,  2.81125281e+01, -3.10987252e+02, -1.11937611e+02,        1.39326160e+02,  2.51461287e+02,  5.51773578e+02,  2.19083451e+02,       -2.02085373e+02,  7.59310177e+02,  2.48384662e+02,  3.35999507e+02,       -1.46136346e+02,  2.28613812e+02,  1.48699426e+02, -5.30707558e+02,       -1.62018863e+02, -3.38705223e+02, -2.69008841e+02, -8.92081829e+01,       -1.51314302e+02, -3.19233007e+02, -9.76741596e+02, -2.61906902e+02,        1.32788623e+02,  8.62444518e+01,  8.02254811e+01,  4.26805720e+02,        1.59352150e+02,  2.75632146e+02, -3.62921308e+02,  3.97682458e+02,       -4.23451043e+02, -6.58915506e+02,  1.64552492e+02, -3.46984031e+02,       -3.60442826e+02, -1.35586925e+03, -1.02804524e+02,  6.87720208e+02,        4.00891444e+02, -8.80297457e+01, -1.02128101e+02,  2.53766614e+02,        5.85319314e+02, -3.47480001e+02, -8.20523004e+01, -2.72951586e+02,       -3.09560113e+02, -2.93054634e+02,  1.36679570e+02,  6.16876651e+02,       -5.65100952e+02, -4.55463224e+02,  2.10662877e+01, -7.39094141e+01,       -1.21641582e+02, -8.01045084e+02,  4.86740769e+02,  2.16850354e+02,        7.68014336e+01,  4.16863285e+02, -2.61007713e+02,  2.55095248e+02,        2.32048284e+02,  4.55027957e+01, -3.99951684e+01,  1.05674626e+02,       -1.38890350e+02,  4.04428061e+02, -3.75287455e+02,  3.61340622e+02,        7.98611282e+01,  9.60109464e+01,  2.03821144e+02, -7.40437169e+02,        5.52215910e+01, -5.50311848e+02, -4.34681313e+02, -4.22034044e+02,       -3.87082017e+02,  1.21760850e+01,  1.11887253e+02,  4.15066110e+02,        8.33786323e+01,  1.18210111e+02, -6.12035061e+02, -2.15306876e+02,        2.83041596e+02,  1.21421135e+01,  1.62597627e+01, -6.97421404e+01,        3.15377111e+02, -7.84231093e+02,  9.04611428e+01,  2.03853056e+02,        3.91147892e+02,  3.33972781e+02, -4.88358186e+02,  6.49973554e+01,        3.65110996e+01,  3.69922399e+01,  1.65207649e+01, -1.67001990e+02,       -2.69722224e+02,  1.35604188e+02,  5.38827488e+02, -7.74614461e+01,        8.17327161e+01,  1.52992493e+02, -2.12374560e+02, -2.10856438e+02,       -9.92718332e+02, -3.29456386e+02, -4.34887594e+02, -6.54043071e+01,       -5.45154820e+02,  6.45591466e+02, -2.53536603e+02, -4.53712017e+02,       -1.34496814e+03,  5.62537732e+02,  1.17547737e+02, -1.31145806e+01,       -5.27742489e+02,  9.01059834e+01, -1.49210557e+02, -2.80043182e+02,        1.00923983e+02,  2.75478191e+02,  6.80400333e+01, -1.47658026e+02,       -2.88158594e+01,  6.82705535e+00,  1.66089117e+02, -5.22247071e+02,        6.00064216e+02, -3.59951519e+02, -2.32832698e+02, -3.59864770e+02,       -8.32694695e+02,  8.17181574e+01, -4.10089068e+02, -1.89523273e+02,        2.93085645e+02, -2.06204396e+02,  5.56680036e+00, -8.40591818e+01,       -2.20548670e+02,  1.40342392e+01,  4.55645621e+02, -4.46094198e+02,        7.88566028e+02, -1.69380036e+02,  2.91937113e+02, -6.62669803e+01,        1.28048542e+02, -1.01396492e+02,  4.02282988e+02,  5.36560580e+02,        1.70922059e+02,  4.69762005e+02, -3.34480937e+02, -2.79406772e+01,       -1.95421459e+02,  5.85300748e+02,  4.95046475e+02,  3.79644117e+02,       -1.27390527e+02, -2.59076825e+02,  2.31021377e+02, -2.21828333e+02,       -1.18199417e+02, -6.23459850e+01, -2.22330472e+02,  4.40044329e+02,       -4.95006065e+01,  3.38985241e+02,  1.20942828e+02,  1.46531395e+02,       -2.93221174e+02,  2.78030143e+02, -1.56737856e+02, -1.12258645e+02,       -2.59092988e+01, -4.36357578e+02,  6.58597907e+02, -2.42054284e+02,       -3.57703460e+01,  1.69732348e+02,  1.46666191e+02,  6.06452557e+02,       -1.40584636e+02,  6.58099710e+02,  5.96782587e+02, -8.32823875e+02,        7.48929615e+01, -1.75568995e+02,  1.25140056e+02,  7.45104897e+01,        1.49964160e+02,  5.17344660e+02,  7.93043239e+02, -6.72282647e+02,        6.57388027e+02, -7.90408253e+02, -6.58458055e+02, -1.04840641e+02,       -9.97392293e+00,  6.00947957e+02,  3.32493900e+02, -1.57738076e+02,       -7.94286573e+02,  6.03052967e+02, -3.85384410e+02, -1.01262295e+01,       -4.37117999e+01,  1.06163062e+03, -2.42860634e+02, -9.02991861e+02,        2.64535116e+02, -1.38580499e+03,  9.53413080e+01, -3.05512938e+02,       -1.55318736e+02, -2.34355963e+02, -5.02565038e+02,  3.51981931e+02,       -3.10158417e+02, -7.79913649e+01, -6.71340649e+02, -5.74233302e+01,       -4.09505567e+02, -6.38582176e+02, -1.05018446e+03,  8.72195101e+01,       -2.76077106e+02, -7.61334066e+00, -1.15673530e+02, -6.78733096e+02,       -5.41160952e+02, -4.52646744e+02, -4.56473620e+02,  4.69609255e+02,        8.01245670e+01, -4.09775489e+02, -1.57310092e+02, -1.91896008e+02,        3.18318774e+02, -2.85862484e+02, -1.06062121e+02, -1.92711895e+02,       -3.07234893e+02, -3.20823303e+02,  3.28051517e+02, -1.50373785e+02,       -7.79750045e+02,  6.60789740e+02,  4.03003621e+02,  5.31374866e+01,       -6.21295855e+02, -6.47036795e+02,  9.26853897e+01,  1.21699007e+01,       -2.54488160e+02, -4.16510533e+02,  3.04594308e+02, -6.75596480e+01,        2.33667085e+02,  4.23667229e+02,  2.88409730e+02,  3.02231032e+02,        2.18642832e+02, -1.73978966e+02, -1.07186880e+02, -1.88596125e+02,       -2.99046795e+02, -3.91726591e+02, -5.54549377e+02, -3.35275569e+02,       -6.90179866e+01, -6.83476827e+02, -7.37499051e+01,  2.78664431e+02,       -6.11065770e+02,  2.12714927e+02,  1.85547133e+02, -6.03348611e+02,       -4.86621543e+02, -1.33459242e+02,  1.81802407e+02, -3.40109292e+02,        5.99715349e+02,  5.37573348e+02, -6.42801517e+02,  4.34232778e+02,        3.03589697e+02,  6.51172633e+01,  2.17004764e+02, -3.64847429e+02,       -1.21740770e+02,  4.59176053e+01,  1.51266425e+02,  3.87287985e+02,       -4.32940193e+02, -3.59533246e+01,  1.51854121e+02, -1.30870901e+01,       -2.24969862e+02,  1.69093650e+02, -2.28363976e+02, -1.72342823e+02,        3.29397990e+01, -5.13111076e+02,  3.13397091e+01, -2.01834781e+02,       -1.07153131e+02,  4.03771298e+00, -4.85451670e+02,  4.81476487e+02,       -2.29764346e+02, -1.10373471e+03, -7.22930986e+02,  3.33720130e+02,       -3.03273526e+02, -1.45168233e+02, -2.48738938e+02, -1.42198007e+02,       -8.52318430e+02, -9.56385549e+01, -5.46991099e+02, -2.84656452e+02,        2.19904154e+02,  6.34415009e+02, -3.11916301e+00, -2.73058270e+01,        4.97210233e+02, -4.32094167e+02,  3.06813285e+02,  7.93708459e+01,       -3.55237675e+02, -1.53007326e+02,  2.09123048e+02,  1.56680667e+01,        8.39593641e+01,  9.77394380e+01, -2.00872728e+02, -2.38153440e+02,       -4.50937147e+02,  4.26436773e+02, -5.41251405e+02, -3.98094607e+02,        8.13386668e+01, -7.62385380e+02,  1.64427224e+02,  5.34492878e+02,       -4.03157188e+01,  5.93027242e+01, -2.12038187e+02, -1.74535765e+02,        8.72070402e+01,  3.19401498e+02, -3.45068943e+02,  2.63891512e+02,       -9.44237857e+01, -3.46153874e+01,  2.30085789e+02,  1.63627636e+02,       -7.66066845e+01, -3.84207807e+00,  2.07384367e+02,  2.39525910e+02,       -6.12408591e+02,  5.75331887e+01,  4.59754448e+02, -8.29378435e+02,        2.76691813e+02, -1.01725407e+03, -7.84691973e+01, -1.26903954e+02,       -7.31399527e+01, -7.64349026e+01, -2.20214665e+02, -3.08364538e+01,        1.40852818e+02, -2.05788458e+02,  1.19956928e+02,  7.39892919e+02,       -5.47991261e+02, -2.27507369e+02,  3.11809291e+02,  2.11720776e+02,        3.52615717e+02,  1.39347386e+02,  2.41664704e+02, -1.59368812e+02,       -4.16908267e+02, -3.61947792e+02, -1.76178243e+02,  5.38741266e+00,       -3.58169430e+02, -1.29918729e+02,  5.69617802e+01,  1.97013570e+02,       -8.54701884e+01,  4.79036659e+02, -4.31540871e+02, -4.53631056e+01,       -2.31549100e+01,  2.37146415e+02, -3.47083794e+02, -2.17983269e+02,        2.33786662e+02,  4.25936076e+02,  5.94388890e+02,  2.99296280e+02,        3.51434395e+02, -2.53381394e+02,  5.33044089e+02,  5.73434152e+02,       -5.48957018e+01,  3.35951182e+02,  3.23868781e+02, -2.16673506e+02,        1.38694103e+01,  5.22454064e+02, -2.36949210e+02, -1.06027228e+02,       -5.15335063e+02,  2.29309296e+02, -6.45066040e+01,  1.49520861e+02,        8.14719516e+01, -3.54711773e+02,  3.91120572e+02,  3.46651210e+02,       -2.02421583e+02,  1.56699681e+02, -4.89356028e+02, -4.40108385e+02,        1.98750623e+02, -5.87060401e+02, -2.29936549e+02,  8.15218345e+01,        6.87519380e+02, -2.07286103e+02, -8.90707811e+01, -1.24383890e+02,        9.76383267e+02,  1.20368311e+02, -3.69397615e+02,  5.82356843e+02,        5.35893455e+02,  2.55526298e+02,  6.21198021e+02,  6.88062093e+02,       -8.95365597e+01, -2.55132376e+02, -2.76335662e+02,  2.28643070e+02,        3.22587518e+02, -4.17018417e+01, -1.75247350e+02, -5.23686372e+02,       -2.56472564e+02, -3.76781356e+02,  2.51117738e+02,  1.28414102e+02,        5.31707360e+02,  4.83418384e+01, -2.14276865e+02, -6.72456773e+01,        3.40172496e+02,  1.11913460e+02,  4.33246907e+02,  4.88777072e+02,       -1.17926095e+02, -7.64907125e+01, -8.20463001e+02,  4.53671427e+02,       -4.63703002e+01,  4.27281819e+02, -1.55649178e+02, -4.94848714e+02,        1.68393171e+02,  5.87749747e+02, -2.08076878e+02,  5.80552091e+02,       -6.13520131e+02, -1.90930526e+02, -6.64454620e+02,  1.87867233e+02,        9.80378179e+01,  6.66554061e+00, -5.08598659e+02,  7.45272373e+02,        4.47052498e+02,  7.01550573e+01, -3.88980145e+02,  1.85177215e+02,       -2.31619559e+02, -7.43977177e+01, -1.85262764e+02,  1.76920397e+02,       -8.57000686e+01, -1.73038166e+02,  1.62248135e+02,  2.22684379e+02,       -7.21609699e+02,  1.65786889e+02,  5.68298178e+02,  3.55564556e+02,       -1.11605981e+02,  2.90598080e+01, -3.03284275e+02,  4.98975812e+02,        1.48926540e+02, -5.72883370e+01, -5.92020924e+01,  9.22349713e+02,        7.48113726e+00,  2.61771595e+02,  6.12201258e+02,  8.24991599e+02,        5.40857516e+02,  3.58904068e+02, -5.37606746e+02, -3.66717416e+02,        2.92326731e+02,  1.37676145e+01,  2.73675264e+02,  1.56629004e+02,        4.96344099e+02, -6.54673242e+02, -4.14866788e+02, -5.40004972e+01,       -7.31660136e+02,  1.65370760e+02,  3.32346170e+02,  1.19132333e+02,       -1.92658550e+02,  2.00142078e+02,  1.20305344e+03,  2.18522109e+02,        1.28049991e+02, -4.14357199e+02, -5.59572098e+02, -1.32574675e+02,        2.62649122e+02, -4.39595635e+01,  1.76630229e+02,  2.97563024e+02,       -5.05892536e+02,  2.08860601e+02,  4.44408161e+02,  4.95093817e+02,       -4.75259404e+01,  9.60537767e+00, -7.86365159e+01, -4.26722417e+02,       -5.62949563e+02,  7.05428781e+02, -5.67637130e+01, -5.00003017e+02,        1.86887624e+01, -1.92867552e+02,  7.72323350e+02, -2.02225937e+02,       -2.91601840e+02,  2.64011522e+02, -1.22884582e+02,  3.65734642e+02,       -4.73160125e+01,  8.50390399e+02,  4.25512060e+02, -1.09826152e+01,       -3.04575763e+02,  2.08755649e+02, -4.68389849e+02, -9.89047415e+01,        5.13906978e+02, -2.37126164e+02, -3.98890635e+02, -1.88278852e+02,        4.39112686e+02,  1.23330074e+02, -7.01608030e+02,  2.58318602e+02,        1.26242173e+02,  5.80756044e+01, -4.32733875e+02,  1.38933989e+01,        2.96311309e+02,  4.31377662e+02,  5.41064138e+02,  2.19636778e+02,        3.46107773e+01, -4.29217236e+02, -4.04848886e+02, -6.29034058e+02,       -7.73747788e+01,  2.66840046e+02, -2.07619518e+01,  4.53427283e+02,       -2.67701701e+02,  1.55598553e+02, -1.00882072e+02, -2.51684623e+02,        4.99856189e+02,  6.45519716e+01,  5.18365356e+02,  2.44527727e+01,        2.10811857e+02, -1.68960734e+02,  5.28999306e+02, -1.01398264e+02,       -3.41148544e+00, -6.61106449e+02, -9.14663049e+01,  6.15224689e+02,        5.62868471e+02,  2.23318843e+02, -1.27810078e+02,  3.26573127e+01,       -1.49579026e+02, -4.82399435e+01,  7.60639693e+02,  1.54778659e+01,       -1.99915104e+02, -9.33173264e+02, -4.58926356e+02, -3.17897571e+02,       -5.67123954e+02, -4.74471677e+02, -6.00813502e+02, -3.92297251e+02,       -3.22348592e+02, -4.06368673e+02,  4.03435423e+02, -2.15510933e+02,       -8.19757849e+02,  3.37146012e+02, -2.43742954e+02, -6.94778521e+02,        8.20494892e+02, -2.03733434e+02,  1.67248691e+02,  3.44807307e+02,        7.32202734e+00,  2.20978873e+02,  7.37245518e+00, -1.23831192e+01,       -1.15548877e+02, -6.12394727e+02,  8.98256304e+01, -1.10295784e+03,        5.52778095e+02, -3.70946656e+02, -1.17825329e+02, -1.51004855e+02,        8.73643329e+01, -1.59642923e+02,  2.42662830e+02, -4.55484076e+02,        3.20260684e+02,  3.30402635e+02,  1.31548768e+02,  8.32147043e+01,        1.68102696e+02,  6.27998178e+01,  2.56054967e+02, -8.00413726e+01,       -5.29834524e+02,  8.26264848e+01, -1.94408695e+02, -3.80710376e+01,        4.21760009e+02, -6.86137787e+02,  7.89586554e+00,  1.14328462e+01,        7.33501965e+01,  2.81239788e+02, -1.16750553e+02,  7.12500121e+02,        4.10105762e+02, -1.48655422e+02, -8.99849957e+01,  1.62601833e+01,        6.59962695e+02, -4.72601393e+02, -8.82085548e+02,  2.44770418e+02,       -1.03258028e+02, -1.06674784e+02,  1.42344152e+02,  6.62596794e+02,        4.04059460e+02, -1.48842446e+02, -4.27606629e+02, -5.11556497e+01,        2.49142458e+02, -1.11224023e+02, -6.30496214e+02, -2.39689736e+01,       -7.87578934e+02, -4.13707811e+02,  6.73996818e+02, -4.34287534e+02,       -5.63130925e+02, -4.40386440e+02, -2.99710186e+02,  2.83333510e+02,        6.98651167e+02, -4.30418552e+01,  2.33588439e+02, -1.52434432e+02,       -5.91567207e+02,  3.96192382e+02, -3.86461773e+02,  2.40437703e+02,        3.07385738e+02, -6.29124343e+01,  3.49515007e+02,  3.71899693e+02,        9.11763980e+02, -1.26284191e+02, -3.91134879e+02, -5.40859651e+02,       -1.28453917e+02, -2.19328150e+02,  8.61047389e+02, -3.75509410e+02,        8.67656568e+01,  6.31640977e+01, -2.22251374e+02, -6.88005932e+02,       -5.49530019e+01,  8.29208435e+02,  9.29429942e+01,  6.01889775e+01,       -4.54920702e+02, -5.15130281e+02, -8.33098611e+01,  4.11410499e+02,       -1.89568568e+02,  9.04563351e+02, -3.72287551e+02,  1.44111018e+02,       -1.76403192e+02, -5.82368557e+02,  2.60254204e+01, -4.34126233e+02,       -6.32801608e+02,  6.98836164e+01,  2.02782615e+01,  4.39396904e+02,        1.77973006e+02, -2.87275638e+02,  1.91803496e+02, -7.00845201e+02,       -4.49717036e+02,  7.69861715e+02,  1.11046687e+02, -1.20915457e+02,       -2.74564440e+02, -3.94583108e+01, -6.66337530e+01,  7.21790631e+02,        3.47586539e+02, -1.25254662e+02, -5.99809306e+01, -3.42422166e+02,       -1.73021347e+02, -5.71975507e+02,  4.06427556e+02,  6.33151766e+01,        1.17826754e+02,  1.29177247e+02, -4.63803660e+01, -1.55522123e+02,       -4.87653885e+00, -9.03611427e+02, -1.62344261e+02, -6.86802425e+01,       -7.81251172e+01,  4.66735800e+02,  5.37003250e+02,  1.37708597e+02,       -8.14229552e+02,  5.44309222e+02, -1.69754440e+02, -3.28226525e+02,       -7.42042701e+02, -2.77406400e+02,  5.01281192e+02,  2.31515665e+02,        5.82152176e+01,  2.60804480e+02, -4.96047083e+02, -3.77630789e+02,        4.69340588e+02,  3.24619700e+02,  4.39802071e+02, -2.36540116e+00,        5.81182026e+01,  4.71330471e+02,  8.40181689e+02, -2.10033535e+02,        3.21043704e+02, -1.42893572e+02, -3.56737952e+02, -2.90899677e+02,       -2.60364309e+02, -1.27730202e+02, -4.34806269e+02, -1.99372096e+02,       -1.18637796e+03,  2.89925639e+02,  1.65668010e+02, -3.15189968e+01,       -3.52882294e+02, -1.90603930e+02, -4.58694209e+02,  9.97782407e+01,        7.00668045e+02, -1.76910866e+02, -1.39547740e+02,  1.86688041e+02,       -4.12104790e+02,  7.38282378e+02,  1.41033846e+02,  1.58473481e+02,        4.39280249e+02,  1.56418172e+01,  4.77745252e+02,  1.39802048e+02,       -7.32170900e+01,  7.97807781e+01, -1.82051610e+01,  5.91940218e+02,        7.67616824e+01,  1.25506406e+02, -7.64899227e+01,  1.13197195e+02,       -7.87404171e+02, -3.16109572e+02, -3.92973378e+02,  4.36474018e+02,       -2.48756998e+02, -5.48343123e+02,  5.00054780e+02, -1.02398482e+02,        3.71976308e+02, -7.77756773e+02,  2.10347648e+02,  6.54112075e+01,        5.05454017e+01, -7.57036535e+01, -5.54067579e+01,  4.19484062e+02,       -2.16201868e+00, -4.20925460e+02, -1.36060655e+02,  2.15675135e+02,       -9.93909385e+02, -7.90886408e+02,  1.30789265e+01,  9.51324642e+01,       -3.69586681e+02, -3.59649968e+01,  9.24210725e+02,  2.80328920e+02,       -4.78026420e+02,  8.02523628e+01, -7.64168415e+01,  8.80053260e+01,       -2.92005385e+02,  1.58131239e+02,  2.41957323e+02, -5.75061319e+01,        9.58911739e+02, -9.11763229e+01, -2.73716284e+02,  1.61961577e+02,        3.52171594e+02, -3.01718993e+02, -2.52149703e+01,  8.16733239e+02,       -2.04568723e+01,  5.02637746e+02,  1.21526519e+02, -8.23068688e+01,       -2.25225404e+02,  4.85762113e+02, -4.68182073e+02, -1.78781282e+01,       -1.27967319e+02, -3.60051658e+02,  1.43201760e+02,  2.02825895e+02,        7.61441986e+01, -1.35862339e+01, -3.29833291e+02,  1.58057973e+02,       -1.52053341e+01, -2.13899647e+02, -1.84392329e+02,  1.67997848e+02,       -4.21000586e+01, -3.12011690e+02, -9.07386116e+02,  7.83823208e+01,        1.99375117e+02, -3.98733830e+02, -1.92263635e+02,  7.02880734e+02,        6.18925666e+01,  3.00168924e+02,  5.54282002e+01,  3.14624842e+02,        4.38550579e+01, -3.36126242e+02, -3.26099577e+01,  7.09213020e+01,        2.37330967e+02,  6.84292579e+02,  4.20027140e+02,  1.77870564e+01,        1.46296407e+02,  5.14683604e+02,  2.23377016e+02, -6.19446905e+02,       -2.28457560e+02,  1.14726119e+02,  7.29816761e+01,  2.25388789e+02,       -4.48475541e+02,  1.08576509e+02,  3.42560623e+02,  4.21414233e+02,       -3.82555924e+02, -4.48834947e+01, -1.96179983e+01, -1.15664615e+02,       -2.84189656e+02, -1.69046733e+02, -2.74865966e+01,  6.80859372e+01,        3.52784560e+02, -2.65456327e+02,  6.82887091e+02,  3.03556080e+02,        2.14917231e+02,  2.83526939e+02,  2.59575936e+02,  2.80067463e+02,        4.61269236e+02, -3.77194734e+02,  5.39746737e+02, -9.49968237e+02,        2.65428496e+02, -9.28193328e+02,  7.19628692e+02,  6.19951350e+02,       -9.93804351e+01, -4.19909217e+02, -3.60796308e+02, -4.91819952e+02,       -5.28998811e+02,  4.90620735e+02,  3.66728721e+02,  2.06522741e+02,        2.71743901e+02,  3.47282078e+02, -3.28314551e+02, -1.72711681e+02,        4.89928189e+02, -1.05987780e+02,  4.52338463e+02,  6.24155434e+02,       -3.69331630e+01, -6.14933329e+02,  1.14582962e+01, -1.15981935e+01,       -8.38334909e+01,  6.64724946e+00, -5.73247935e+02, -1.58132286e+02,        5.00922559e+01,  7.54834228e+01,  4.13423393e+02, -3.41759485e+02,        5.23207263e+02, -3.45599849e+02,  1.89316455e+02,  3.32427526e+02]
