name = 'CO_diff'
composition = {'H':0, 'C':1, 'N':0, 'O':1, 'Pt':1}
facet = ['Ni111'] 
IS_SPE =[-93.052308, 'eV']
IS_ZPE =[0.184, 'eV']
IS_frequencies=[139.6, 157.4, 276.0, 292.1, 333.3, 1769.9, 'cm-1']
TST_SPE=[-92.94037109, 'eV']
TST_ZPE=[0.182, 'eV']
TST_frequencies=[161.8, 293.1, 300.4, 351.6, 1828.4, 'cm-1']
no_reactants=1
bee_IS = [-5.02021557e+02, -3.98345948e+01, -1.16256430e+02,  3.88717989e+02, -1.83471708e+02, -1.61040869e+02, -3.42379396e+02, -7.63968897e+02, -3.66042285e+02, -4.10088539e+02, -3.34015089e+02,  3.91469109e+01,  1.22557108e+01,  2.63588780e+01,  2.68205658e+01,  4.04641248e+02, -1.78848114e+02, -1.58403636e+02,  1.50470829e+02, -9.54260300e+02,  5.02194782e+02, -2.29843916e+02, -4.37021806e+01, -1.03506959e+02, -4.91732704e+01, -5.01540340e+01,  7.41784886e+02, -1.82759317e+02, -7.08989668e+01, -4.51297254e+02,  6.64516460e+02, -1.17723473e+02, -3.34758019e+02,  2.05976143e+02, -3.64616251e+01,  1.67191575e+02, -2.73219008e+01,  6.12539424e+01,  2.34192342e+02, -8.73948959e+02,  4.64951970e+02,  1.10077870e+02, -4.91899406e+01, -2.89863721e+02,  9.66290690e+01, -1.54594504e+02,  3.76397894e+02,  3.17444431e+02, -2.36760618e+02, -2.50923521e+02, -2.56550166e+02, -2.90584619e+02,  9.75014594e+01, -4.26594009e+02,  1.17252195e+02,  5.14404963e+02,  5.86856871e+02,  2.98306473e+02,  1.38155271e+02,  2.35006813e+02,  7.69693063e+02,  1.81048764e+02, -4.72926670e+02, -1.06585410e+02, -2.01903742e+02,  5.24172763e+02, -6.42979879e+02, -5.37984588e+02, -2.32171244e+02, -8.30300748e+01, -3.76278100e+02,  2.29867419e+02,  8.26246795e+01,  1.12232925e+02, -3.31008373e+02, -2.98757636e+02, -4.83504772e+02,  3.22041013e+02, -2.80649085e+02,  2.25746001e+02, -5.64632051e+01, -2.51897744e+02, -5.00020756e+02, -1.49197719e+02, -9.69217228e+01, -1.36592679e+02,  3.38020921e+02,  6.06911239e+02, -3.61927757e+02, -6.86732546e+02, -1.70554050e+02,  9.50990759e+02, -4.90128990e+02,  2.84450158e+02, -9.05533022e+01, -5.33257835e+02,  2.06354494e+02,  3.27797121e+02, -1.50472673e+02,  3.02796627e+02, -2.30068562e+02, -4.39448999e+02,  7.63286132e+02,  3.99041802e+02,  2.66474683e+02,  1.25739484e+02,  2.10352256e+02,  6.98627269e+02, -2.13306067e+02,  4.95670149e+01, -1.18557797e+03,  1.58181014e+02, -5.85229535e+02,  1.24280733e+02,  1.84989362e+02, -2.92414868e+02, -4.59323366e+02,  5.39372902e+01, -2.51945696e+02,  3.04186088e+02, -4.35837928e+02, -2.24664300e+01, -3.04327174e+02, -3.58201028e+01, -2.82097952e+01,  1.44179152e+02,  1.10699190e+01, -5.10981708e+01,  5.18006986e+02,  7.82079954e+02,  4.09822393e+02,  6.69796325e+02, -1.02133136e+02,  1.16106318e+02,  4.70147329e+02, -7.79631010e+01, -6.54193291e+02, -3.20367880e+02, -4.29698772e+02, -2.45856777e+02,  2.40074670e+02, -1.00971178e+03, -1.65205939e+02,  3.67903305e+02, -3.12306367e+02, -3.15668353e+02,  4.63893326e+02,  3.76845497e+02, -2.96464457e+02,  1.65136198e+02, -2.10395138e+02,  2.97939126e+02,  3.37451178e+01,  1.31313953e+02, -7.43781673e+02, -4.15680454e+02, -6.56817674e+01,  2.91936721e+00, -3.30924208e+02,  9.13569182e+02, -1.90709312e+02, -2.87916192e+02,  3.22281040e+02, -4.11315818e+02, -2.79359566e+02,  2.62036070e+02,  9.47358802e+01,  1.11051718e+02,  1.03384328e+02, -9.67317600e+01,  1.66652795e+02,  4.98997983e+02, -2.53377547e+02,  1.47910160e+02,  7.79151053e+02,  2.87071879e+02, -7.47040181e+01, -1.64027616e+02,  1.31806144e+03, -1.50447374e+02,  3.02570168e+02,  1.85406553e+02,  2.95335350e+02,  7.61602835e+02,  4.27703604e+02, -2.49785521e+01,  1.93849187e+02,  4.04910447e+02,  3.32653168e+02, -4.75713886e+02,  8.00960368e+02, -7.13053888e+02, -1.51953700e+02,  4.92731999e+02,  7.12989414e+01,  5.94147037e+01,  2.68611138e+02,  2.10039914e+02,  3.06699997e+02, -5.47474977e+02,  4.34570669e+01, -2.34498804e+02, -9.36069200e+01, -2.88599076e+01, -7.62150281e+01, -4.73414508e+01,  7.01104693e+02, -7.27526145e+01, -2.37226214e+02, -1.92729190e+01,  1.00072988e+02, -5.04103771e+02, -3.82519188e+02, -3.12444474e+02, -5.40409273e+02, -1.41197620e+02, -3.56789485e+02,  1.66037118e+02, -1.02990464e+01, -9.08870379e+01, -7.33626465e+01,  5.60599834e+01, -1.72386310e+02,  5.73495437e+02, -7.03227861e+02, -1.38369945e+02, -1.34810063e+02,  1.44242185e+02,  1.57649402e+02, -3.96124564e+02, -1.57617849e+02,  3.58036193e+02, -1.91409009e+02,  1.35609258e+02,  3.16688139e+02, -3.65377672e+01,  9.68577651e+02, -1.77240855e+02, -2.75955360e+02,  5.56264674e+01, -1.94049894e+02,  4.55356888e+02, -3.08026102e+02,  7.29082897e+01,  5.37120075e+02, -1.12151399e+02,  1.03025517e+03,  1.09961628e+03, -5.62223482e+02,  4.97965759e+02,  1.43099058e+02, -4.57964490e+02,  1.51053455e+02,  3.10302883e+02,  3.25095293e+02,  2.01873629e+01,  1.00732210e+02,  6.09092206e+02, -1.97775052e+02,  1.39885187e+02,  6.52961023e+02, -3.20084529e+02, -1.27125245e+02,  4.45944884e+02,  2.29442379e+02,  6.53939681e+02,  2.19465532e+02,  5.76052868e+01,  2.25060441e+02,  3.32676811e+02, -4.14079108e+02,  2.88992567e+01,  1.56529265e+02,  1.05289566e+02,  1.87781410e+02, -5.02221248e+02,  2.94401318e+02, -3.81457345e+02, -2.70666429e+02,  1.50146192e+02, -1.21351017e+02,  4.69611829e+02, -2.08603317e+02,  2.48744090e+02,  2.80194550e+02,  6.82775879e+02,  4.75305899e+02,  4.05738599e+02, -7.63626300e+01, -5.81441876e+01, -2.71074072e+02,  6.56047309e+02,  6.73416406e+02,  3.19791219e+02, -1.96830432e+02,  4.31236708e+02, -7.76627230e+01,  1.82127093e+02,  5.32471775e+02,  6.99694662e+00, -6.60803105e+01, -2.13113091e+02, -4.54500461e+02,  8.30358375e+02,  3.85888404e+02, -4.78621784e+02, -1.32180819e+02,  2.38845227e+02, -9.03868999e+01,  5.33117659e+02,  1.04840147e+02,  6.81972659e+02,  2.64832719e+02, -2.43910306e+02,  2.12942015e+02, -3.62556802e+01, -2.73009065e+02,  1.44032674e+02,  1.61497491e+02,  7.77100963e+02,  6.84143991e+02,  4.50071479e+02,  5.97455493e+02,  6.19165777e+01, -2.34839376e+02,  1.34092904e+02, -2.84549200e+02, -4.32358259e+02, -4.95506462e+02, -2.33249713e+02, -9.21871740e+02, -2.65678791e+02, -7.29955424e+02,  1.83296272e+02, -3.93740914e+02,  3.49496063e+02, -8.17550386e+02, -2.77146810e+02,  4.23711841e+02,  1.92413634e+02, -7.36590330e+02,  5.32027457e+02, -2.06363934e+02,  4.45535654e+02, -2.19949346e+02, -6.74356058e+02,  1.03913115e+02, -5.43817407e+02, -1.15378735e+02,  2.75480551e+00,  3.63368154e+02,  1.06948346e+03, -3.89134334e+02, -2.99406711e+02, -2.36551659e+00, -1.19646082e+02, -6.93675799e+02, -4.75823706e+02,  4.23691356e+02, -2.17649160e+02,  1.43484800e+02, -4.16231882e+02, -1.27520915e+02, -3.42968655e+02,  4.58106364e+02,  1.31856363e+02, -1.91470591e+02, -1.14122626e+02,  8.58811498e+01, -7.14333734e+01,  3.71475342e+02, -2.14364883e+02,  4.32513556e+01,  2.92958806e+02,  1.50285784e+02, -1.48604199e+02,  1.32246170e+03,  4.62275470e+02,  2.87705975e+01,  9.06955380e+01, -5.26545928e+02,  2.64084512e+02, -6.39772891e+02, -2.19008508e+02, -4.69649429e+02, -1.63171896e+02,  4.74395247e+02, -4.81850572e+02,  1.54402686e+02, -2.33707765e+01,  2.80031947e+01, -3.18197730e+02, -3.82092137e+02, -2.33342095e+00, -3.66075798e+02, -1.89340903e+02, -3.49109677e+02, -8.92301175e+01, -3.06339143e+02, -4.38499608e+02,  1.91986759e+02, -1.47831883e+02,  1.80469841e+02,  8.67234796e+01, -6.27150140e+02, -4.67930409e+02, -3.38436596e+02,  3.04253388e+02, -8.51936538e+00, -5.39907972e+02,  4.96234833e+02, -3.39342845e+02,  4.66687711e+02, -2.56608670e+02, -4.15131248e+02,  2.27157291e+02, -5.78478496e+02, -3.31202125e+02,  5.44861756e+02,  1.54021040e+02, -3.44708303e+02,  4.46964670e+02, -1.45879801e+02, -3.21540988e+02, -2.61128797e+02, -4.14171866e+02,  2.02358587e+02, -7.75041704e+02, -7.10966497e+02, -8.24288625e+01, -2.57654666e+02, -4.69660872e+02,  6.14862997e+02,  1.12682250e+03, -2.82632038e+02, -2.76481204e+01, -5.38561946e+02,  5.64085891e+02,  1.57553835e+02, -1.66263916e+02, -3.29553496e+02,  1.44451578e+02, -5.19410381e+02, -1.71953715e+02, -7.57720487e+02,  2.97924184e+02,  1.12460651e+02,  5.34707817e+00, -5.84648112e+01, -2.90385062e+02, -7.59558392e+01,  1.08809306e+03, -1.64845671e+02, -3.93632631e+02, -5.78532007e+02,  1.10853507e+02, -3.06260150e+02,  7.50614042e+01,  2.48531659e+02,  5.74971200e+01,  2.39990601e+02,  1.01991564e+02,  5.09279634e+02,  2.63720681e+02, -2.88832240e+02,  3.60002803e+02,  2.96512358e+02,  9.50327678e+01,  3.81983298e+02, -2.09020894e+02,  6.20629370e+02,  1.57487828e+02, -2.56598027e+02, -4.91782917e+01, -1.63304013e+02,  2.06121079e+02, -2.25186288e+02, -2.46620529e+01, -9.15534174e+01,  7.08815579e+02,  4.56791629e+02, -5.76834532e+02, -3.50187054e+01, -4.61199650e+02, -1.50738811e+02, -1.93903611e+02,  6.26827748e+01, -1.23872324e+01, -2.20759763e+02,  1.07661805e+02, -5.88803338e+01, -9.00238163e+01,  7.40758456e+02,  1.54725465e+02, -6.91937578e+02, -3.78939981e+02,  7.88106319e+02,  2.33991418e+02, -7.31615837e+01,  9.07550580e+02, -1.58515033e+02, -9.72819204e+01, -4.96761778e+01,  1.14728199e+02,  2.42495031e+02,  3.50159839e+01,  2.28909121e+02, -1.36125186e+02, -2.64572848e+02, -3.69385272e+02, -4.08763307e+02,  3.83696550e+02,  1.08228990e+02,  3.22473478e+02,  1.17885781e+02,  7.55828448e+02,  1.49869098e+02, -6.99049841e+02, -2.93222416e+02,  8.49200134e+01, -2.37061323e+02,  5.29861918e+02, -1.06191556e+02,  1.56980422e+02,  4.25154917e+02, -6.26294319e+02,  1.26831633e+03,  1.65528155e+02,  2.03726391e+02,  2.98999414e+02,  6.87781472e+01, -6.31239648e+00,  3.08001199e+02, -3.02767730e+02,  6.97337449e+02,  6.01414685e+02, -3.53270945e+02,  1.27141688e+02,  5.92297332e+02, -1.84974778e+02,  1.35916241e+02,  3.65253934e+02,  3.64309371e+02, -6.68868455e+02, -1.18856215e+02, -2.99516068e+02, -2.56090100e+01, -3.54495121e+01, -2.31829439e+01, -1.39700804e+02, -2.50321108e+02,  7.00201440e+01,  8.73400291e+01,  4.56356061e+02, -3.58552233e+02,  3.29308693e+02,  3.81154222e+02, -1.42480518e+02,  7.56155413e+02, -5.82825638e+02, -8.98521459e+02, -5.66339293e+01, -7.14401946e+01,  6.16354184e-01,  6.72112697e+02, -6.24874438e+01,  3.46795615e+02,  4.06690212e+02,  3.24202314e+02, -9.03797229e+01,  5.39578732e+02, -1.36092987e+02, -2.75131145e+02, -3.95090082e+02,  4.57262301e+01,  3.28045211e+02, -4.31654288e+01,  3.26994443e+02, -2.61864799e+01,  5.45926355e+02,  1.70076919e+02,  7.59942027e+01, -4.76944007e+01,  2.89140247e+02,  3.22098260e+02,  1.70164749e+02, -6.86498867e+00, -4.57170184e+02,  2.56266649e+02,  1.68293246e+02,  3.14773691e+02,  2.64350216e+02,  3.01744038e+02, -5.07028190e+01,  2.30166811e+02, -2.10007694e+02, -8.85441498e+00, -4.73873028e+02, -2.65529736e+02,  3.33238896e+02, -7.71256911e+02,  2.50711833e+02,  1.44909438e+02,  7.04633659e+02, -2.23115030e+02,  2.59278997e+02, -1.00081876e+02, -4.11943823e+02, -6.13810286e+02, -6.88121158e+01, -7.48167183e+02,  1.37775846e+02, -1.75922700e+02,  2.55024361e+02,  1.73782822e+02, -2.17165965e+02, -2.12581496e+02,  3.28644433e+02, -5.10109840e+02, -1.03600036e+02, -1.77118146e+02,  1.99010256e+02, -4.61460452e+01,  4.95623645e+01, -1.83882755e+02,  4.84284561e+02, -4.04227367e+02,  8.22365374e+01,  5.10680185e+02, -2.91009893e+02,  1.52992973e+01, -3.26661153e+01, -5.83832400e+02, -3.95956528e+02, -6.84207008e+01,  2.24198330e+02,  2.73744856e+02,  4.13711127e+01, -6.87409946e+01,  1.88251522e+02, -3.84306818e+02,  2.73136863e+00, -4.28137738e+02, -2.34105683e+02,  3.99642013e+02, -2.50151018e+02,  5.45082610e+02, -1.80706708e+02,  2.99392862e+02,  2.17304682e+02, -5.29734466e+02, -2.42972286e+02,  7.30506232e+01, -3.38782598e+02, -2.97247140e+02, -7.37760133e+02, -4.73805504e+02, -4.44505988e+02, -3.65514331e+02,  1.92696033e+01,  1.11664730e+02,  8.07470532e+00,  1.77489861e+02, -4.84743924e+02,  1.22717061e+02,  1.76217019e+02, -5.65225545e+02, -5.48350944e+02, -3.49592150e+02, -1.97190527e+02,  1.66391946e+02,  7.84925655e+00, -3.78029203e+02,  3.03462910e+02, -1.69601061e+02,  4.25387298e+02, -7.59195974e+02,  5.12748103e+02, -3.11641740e+01, -3.10826636e+02, -2.22514167e+02,  2.77549367e+01,  3.60718373e+02, -6.41363661e+02, -1.20210696e+02, -1.74424732e+02,  4.17472954e+02,  7.14442936e+02, -8.25571586e+02,  7.95112972e+02,  3.88510982e+02, -6.34803265e+02, -2.99863605e+02,  6.47998901e+02,  5.14799130e+02, -1.51929105e+02, -3.06057190e+01,  8.82314390e+01,  6.01936942e+02, -4.47973311e+02,  1.38932086e+02, -6.44504994e+01,  2.59354323e+02, -6.29228092e+02, -6.48451825e+01, -2.86507783e+02,  4.02008233e+02,  3.63407286e+02, -7.28805188e+02, -4.21655048e+02, -1.93690507e+02, -3.30156582e+02, -1.24658071e+02, -1.96796406e+02,  3.64489275e+02,  3.53371584e+02, -5.02066904e+01, -3.92561093e+02, -7.10778239e+02,  3.69664031e+02, -4.32376773e+02, -2.66662309e+02,  4.08368459e+01, -2.93021054e+02, -3.54817916e+02, -2.19147431e+02, -3.57888209e+02, -2.28739041e+02, -4.33160694e+02,  4.95652303e+02,  5.49822409e+02, -2.84023916e+01, -2.03575177e+02, -1.36296234e+01,  3.61400225e+02, -7.50485304e+02, -1.76926074e+02,  4.26349869e+02,  5.71141129e+02, -1.57742009e+02,  9.61818553e+01,  4.66181897e+02,  1.32743465e+02, -5.76060038e+01, -3.76881501e+02,  1.93104997e+02, -3.05917200e+02, -1.36515239e+02, -1.64883825e+02, -1.59935339e+02,  1.69450350e+02,  6.65287030e+02,  6.96835951e+00,  3.54079787e+01, -7.71993322e+02, -1.47732957e+02, -3.23218396e+02,  4.00271033e+01, -3.59453819e+02,  6.68763272e+02,  6.93488931e+02,  1.25480061e+02, -1.26726216e+02,  1.23459371e+02,  2.17305109e+02, -4.07601805e+02, -6.58913024e+01,  1.18064305e+02,  1.18516312e+02,  4.84019879e+02,  3.84729147e+02, -1.77338331e+02,  2.42478372e+02, -8.23951521e+02, -3.68106617e+01,  7.27125875e+02,  8.19314611e+01, -6.07234137e+00,  2.83819050e+02, -2.48182008e+02,  7.92128595e+02, -1.04533923e+02,  7.26682178e+02,  3.16796209e+02, -3.27165455e+02,  2.61238706e+02, -2.63941451e+02, -5.87333906e+02, -3.41048614e+01, -4.84154138e+02, -4.56211848e+02, -4.58243904e+01,  2.74330609e+02, -4.85757172e+01, -2.88209439e+02,  6.43173198e+01, -6.22971954e+02, -7.92567435e+01, -7.08354666e+02,  4.45558212e+02, -1.14300861e+01, -4.38444750e+02, -1.62397412e+02,  1.48340217e+02, -2.74805023e+02, -4.03688113e+02,  7.70324274e+02, -1.91377085e+02, -3.80650131e+02,  2.15200221e+02, -1.01083985e+02,  4.38481318e+02, -1.35029933e+01,  7.48826773e+01,  8.72154323e+02, -1.54039399e+02, -2.98872042e+02, -3.18397692e+02, -4.55617385e+02, -2.82541135e+02,  2.43055479e+02,  1.79143551e+02,  1.81639808e+02,  6.42223880e+02,  2.01086565e+01,  1.42852605e+02, -5.69237782e+02,  2.09477061e+01, -2.00770894e+02, -2.29164550e+02,  1.58094387e+01,  3.01256564e+02,  3.29020768e+02,  6.80893197e+00,  8.03285210e+01,  2.53318922e+02,  3.21125428e+02, -2.06667566e+02, -1.13013044e+02,  1.46289559e+01, -2.01149328e+02, -6.76729657e+01, -2.31773061e+02,  6.49816052e+02,  5.58559440e+02, -1.09470063e+02,  1.03328579e+02, -2.05249805e+01, -2.03680021e+02,  2.86657078e+02, -7.60733802e+01,  3.35012765e+02, -4.62596229e+02,  1.62659439e+02, -9.57016805e+01, -4.69227715e+02, -2.17970516e+02,  2.35411717e+02, -7.35525259e+02,  3.63033692e+02,  4.23573796e+02, -6.14087139e+01, -4.41029325e+01, -2.80937792e+01,  2.09386286e+02, -2.83748194e+02,  3.13284852e+02,  2.43436080e+02, -8.99543396e+02, -2.84050524e+02,  1.94697770e+02, -7.87907911e+01,  3.28498731e+02, -5.28872573e+02, -4.39307805e+00, -3.57597184e+02, -1.06268921e+03,  6.45363877e+02, -5.10739016e+02, -4.94980929e+02,  7.63232317e+01,  1.10085103e+03,  8.77216476e-02, -1.84706347e+02, -1.80732011e+01, -6.11088502e+01, -7.61874003e+02, -5.31942420e+02,  6.68928470e+02, -4.41970412e+01, -3.40826728e+02,  4.33437067e+02, -2.97094465e+02,  3.40254847e+02,  4.68948768e+02, -5.30142735e+02, -2.20761301e+02, -2.96328265e+02, -1.28796991e+02, -1.66475733e+02, -5.71753832e+01,  1.18049299e+02, -2.88867522e+02,  2.55534786e+02,  5.14145197e+02, -1.39308337e+02, -1.52932987e+02,  1.18817767e+02,  4.93538670e+02,  4.18119973e+02,  3.10796117e+01, -1.39433427e+01, -4.59816073e+01, -4.37236984e+02,  3.24932392e+02, -2.06198290e+02,  1.69822617e+02, -1.36138955e+02,  2.50268069e+02,  1.50985976e+02, -6.77321905e+02, -2.39697146e+02, -6.79380518e+02, -2.78446308e+02,  6.43250445e+01, -1.47927552e+02,  2.57179799e+02, -2.48688717e+02,  1.64412718e+01,  9.03175116e+01,  6.41200556e+02,  3.21960901e+02, -2.31757962e+02,  1.76843340e+01,  9.52495818e+01,  3.43920498e+02, -5.57525247e+00,  4.35336933e+02,  2.08783273e+02,  7.66984163e+02,  2.20618376e+01,  5.88781292e+02, -2.24450116e+02, -3.31447446e+02,  7.15710532e+01,  6.27312091e+01,  2.62499884e+02, -5.43187901e+01, -1.37403268e+02,  2.23956684e+02, -3.94410454e+02, -4.45498460e+02,  6.60549514e+02, -5.11312741e+01, -3.68563041e+02, -4.11430773e+00, -1.21652534e+02,  3.00624942e+02,  2.84753747e+02, -1.69005504e+02,  9.78414909e+00, -2.33047621e+02, -2.80261145e+02, -2.45627932e+02, -8.23064922e+02, -2.96728705e+01, -5.55267552e+02, -4.74103328e+02, -3.39791878e+02,  1.50882588e+02, -3.24616527e+02,  1.87885424e+02, -4.85737172e+02,  8.99212672e+00, -3.49922851e+02,  6.44564893e+01,  1.01809088e+02,  2.49612099e+02, -1.70203877e+02, -1.26287606e+02,  2.23714399e+02,  5.17725456e+02,  2.80088663e+02,  6.71822412e+01, -5.87340686e+02, -1.19267144e+02, -2.66291472e+02, -5.22660244e+02,  3.56549019e+02, -2.97877639e+02, -3.76033798e+01, -1.97132732e+02, -8.72405110e+02,  4.28829805e+02, -1.43426936e+02,  3.54968802e+02, -5.97448386e+02,  5.64238498e+02,  3.65848810e+01, -2.68305338e+02,  4.00683482e+01, -2.01901477e+02, -5.88500452e+02,  1.21545408e+02,  2.40723838e+02,  2.82089573e+01, -3.11235721e+02, -1.11935881e+02,  1.39464840e+02,  2.51384746e+02,  5.52077645e+02,  2.19222372e+02, -2.02243911e+02,  7.59427990e+02,  2.48724548e+02,  3.36174807e+02, -1.46145056e+02,  2.28399341e+02,  1.48812252e+02, -5.30973024e+02, -1.61715915e+02, -3.38888474e+02, -2.68858243e+02, -8.92974637e+01, -1.51638802e+02, -3.19332826e+02, -9.77409343e+02, -2.62240177e+02,  1.32965052e+02,  8.67027854e+01,  8.01431287e+01,  4.27136293e+02,  1.59754010e+02,  2.75609958e+02, -3.63194448e+02,  3.97842399e+02, -4.24038898e+02, -6.59556241e+02,  1.64538959e+02, -3.47180542e+02, -3.60897096e+02, -1.35640694e+03, -1.02997091e+02,  6.87979775e+02,  4.01243757e+02, -8.80356672e+01, -1.02094342e+02,  2.53425302e+02,  5.85857970e+02, -3.47550785e+02, -8.18767794e+01, -2.72905438e+02, -3.09630407e+02, -2.93572910e+02,  1.36861762e+02,  6.16726488e+02, -5.65490495e+02, -4.55520164e+02,  2.11660244e+01, -7.36631723e+01, -1.21732144e+02, -8.01410034e+02,  4.86762787e+02,  2.16957884e+02,  7.69450332e+01,  4.16770914e+02, -2.60968139e+02,  2.55024834e+02,  2.32032237e+02,  4.55466864e+01, -3.98360117e+01,  1.05928242e+02, -1.39188233e+02,  4.04301900e+02, -3.75597941e+02,  3.61544795e+02,  7.99136200e+01,  9.58697705e+01,  2.03919939e+02, -7.40873415e+02,  5.51546281e+01, -5.50381592e+02, -4.34992094e+02, -4.22084392e+02, -3.86819641e+02,  1.21533009e+01,  1.11684148e+02,  4.15037845e+02,  8.34335891e+01,  1.18304048e+02, -6.12169062e+02, -2.15255415e+02,  2.83100013e+02,  1.20958447e+01,  1.63564781e+01, -6.98066820e+01,  3.15486967e+02, -7.84532260e+02,  9.03322308e+01,  2.03882169e+02,  3.91617378e+02,  3.34266611e+02, -4.88465365e+02,  6.47821367e+01,  3.65567511e+01,  3.70169635e+01,  1.63576133e+01, -1.67232595e+02, -2.69584577e+02,  1.35362493e+02,  5.39239716e+02, -7.77235160e+01,  8.17160499e+01,  1.53362677e+02, -2.12460857e+02, -2.10793827e+02, -9.92870642e+02, -3.29723475e+02, -4.35191439e+02, -6.54640564e+01, -5.45219839e+02,  6.45722821e+02, -2.53479475e+02, -4.53773051e+02, -1.34551821e+03,  5.62610407e+02,  1.17769698e+02, -1.33711884e+01, -5.27812595e+02,  9.05772702e+01, -1.49174437e+02, -2.79988918e+02,  1.01000509e+02,  2.75520923e+02,  6.81611960e+01, -1.47666333e+02, -2.89373983e+01,  6.88195890e+00,  1.66059758e+02, -5.22341357e+02,  6.00212537e+02, -3.59946285e+02, -2.32750464e+02, -3.59816536e+02, -8.32741060e+02,  8.17234975e+01, -4.09870956e+02, -1.89622119e+02,  2.93239321e+02, -2.06273743e+02,  5.79061729e+00, -8.39883076e+01, -2.20832355e+02,  1.40051593e+01,  4.55941896e+02, -4.46269606e+02,  7.88546690e+02, -1.69422896e+02,  2.91886204e+02, -6.60270253e+01,  1.28355594e+02, -1.01288728e+02,  4.02547375e+02,  5.36706473e+02,  1.71183565e+02,  4.70618948e+02, -3.34761511e+02, -2.76679758e+01, -1.95387078e+02,  5.85634554e+02,  4.95483225e+02,  3.79887174e+02, -1.27570615e+02, -2.59497361e+02,  2.31383360e+02, -2.21793615e+02, -1.18442359e+02, -6.23857969e+01, -2.22234924e+02,  4.40240784e+02, -4.94089316e+01,  3.39318809e+02,  1.20569821e+02,  1.46316692e+02, -2.93307771e+02,  2.78485543e+02, -1.56768280e+02, -1.12563095e+02, -2.59452834e+01, -4.36610660e+02,  6.58742780e+02, -2.42103117e+02, -3.59379876e+01,  1.69719235e+02,  1.46439242e+02,  6.06297967e+02, -1.40649051e+02,  6.58403270e+02,  5.97427951e+02, -8.33623468e+02,  7.49531698e+01, -1.75673241e+02,  1.25456426e+02,  7.49388995e+01,  1.50072335e+02,  5.17310158e+02,  7.93337624e+02, -6.72795636e+02,  6.57648437e+02, -7.90324208e+02, -6.58605125e+02, -1.04938442e+02, -1.01426901e+01,  6.01284941e+02,  3.32654005e+02, -1.57969176e+02, -7.94718839e+02,  6.03331735e+02, -3.85754066e+02, -1.03108306e+01, -4.36214259e+01,  1.06181630e+03, -2.43161831e+02, -9.03251257e+02,  2.64680897e+02, -1.38640240e+03,  9.52933968e+01, -3.05561396e+02, -1.55475246e+02, -2.34246429e+02, -5.02792548e+02,  3.52207267e+02, -3.10287049e+02, -7.78055685e+01, -6.71616761e+02, -5.75471381e+01, -4.09238863e+02, -6.38757135e+02, -1.05111931e+03,  8.72526764e+01, -2.76092631e+02, -7.94213797e+00, -1.15873756e+02, -6.78898797e+02, -5.41279142e+02, -4.52709217e+02, -4.56570675e+02,  4.70055339e+02,  8.02371166e+01, -4.09819025e+02, -1.56848137e+02, -1.91888380e+02,  3.18326923e+02, -2.86038917e+02, -1.06238763e+02, -1.92472525e+02, -3.07243368e+02, -3.20801827e+02,  3.28131953e+02, -1.50528138e+02, -7.80129935e+02,  6.60687856e+02,  4.03106750e+02,  5.31579260e+01, -6.20934103e+02, -6.47305300e+02,  9.31248274e+01,  1.22201952e+01, -2.54631446e+02, -4.16779706e+02,  3.04890447e+02, -6.77067945e+01,  2.34081763e+02,  4.23854730e+02,  2.88542417e+02,  3.02786073e+02,  2.18826737e+02, -1.74135198e+02, -1.07134667e+02, -1.88828742e+02, -2.99022352e+02, -3.91879422e+02, -5.54643473e+02, -3.35463543e+02, -6.87078452e+01, -6.83651262e+02, -7.34981318e+01,  2.78830504e+02, -6.11134480e+02,  2.12384628e+02,  1.85569559e+02, -6.03533704e+02, -4.86702649e+02, -1.33397652e+02,  1.81970730e+02, -3.40198349e+02,  5.99774062e+02,  5.37798815e+02, -6.42775512e+02,  4.34499962e+02,  3.03620774e+02,  6.50410757e+01,  2.17220752e+02, -3.65079622e+02, -1.21971737e+02,  4.59289784e+01,  1.51202392e+02,  3.87527066e+02, -4.32964591e+02, -3.60955913e+01,  1.51884012e+02, -1.31837330e+01, -2.24938404e+02,  1.69089634e+02, -2.28358394e+02, -1.72582756e+02,  3.29886725e+01, -5.13138391e+02,  3.13802381e+01, -2.02173208e+02, -1.07152757e+02,  3.54025454e+00, -4.85755467e+02,  4.81725259e+02, -2.30086236e+02, -1.10413737e+03, -7.23023077e+02,  3.34025419e+02, -3.03163794e+02, -1.45052400e+02, -2.48930652e+02, -1.42142158e+02, -8.52749207e+02, -9.58850197e+01, -5.47296342e+02, -2.84948748e+02,  2.20074375e+02,  6.34486107e+02, -3.36762647e+00, -2.76115728e+01,  4.97350295e+02, -4.32294999e+02,  3.07031798e+02,  7.93422770e+01, -3.54971090e+02, -1.52796703e+02,  2.09499285e+02,  1.58297026e+01,  8.38026683e+01,  9.75339648e+01, -2.00909538e+02, -2.37857748e+02, -4.51246727e+02,  4.26953897e+02, -5.41356164e+02, -3.98132731e+02,  8.08357524e+01, -7.62875709e+02,  1.64415472e+02,  5.34897648e+02, -4.03320868e+01,  5.89606371e+01, -2.11893603e+02, -1.74392288e+02,  8.72646162e+01,  3.19529498e+02, -3.45273582e+02,  2.64235784e+02, -9.43780752e+01, -3.46920212e+01,  2.30488268e+02,  1.64029872e+02, -7.66644620e+01, -3.69864418e+00,  2.07809427e+02,  2.39547228e+02, -6.12522232e+02,  5.75994871e+01,  4.59870367e+02, -8.29852436e+02,  2.76957143e+02, -1.01760915e+03, -7.86198808e+01, -1.26836753e+02, -7.33315488e+01, -7.62813499e+01, -2.20345207e+02, -3.03799410e+01,  1.40881504e+02, -2.05943789e+02,  1.20359114e+02,  7.40143403e+02, -5.48353911e+02, -2.27527779e+02,  3.11646768e+02,  2.11775448e+02,  3.52901275e+02,  1.39287441e+02,  2.42125733e+02, -1.59747644e+02, -4.17107100e+02, -3.61964161e+02, -1.75950720e+02,  5.30336446e+00, -3.58178462e+02, -1.30090809e+02,  5.68280860e+01,  1.97068305e+02, -8.54463464e+01,  4.79001862e+02, -4.31218843e+02, -4.53473113e+01, -2.30030174e+01,  2.37242393e+02, -3.46905844e+02, -2.17929812e+02,  2.34358829e+02,  4.26182901e+02,  5.94321887e+02,  2.99482503e+02,  3.51554465e+02, -2.53624145e+02,  5.33036544e+02,  5.73975942e+02, -5.49083688e+01,  3.36150535e+02,  3.23852641e+02, -2.16929852e+02,  1.34542882e+01,  5.22527087e+02, -2.37332782e+02, -1.06043938e+02, -5.15411864e+02,  2.29368692e+02, -6.41691364e+01,  1.49479880e+02,  8.17749694e+01, -3.55039303e+02,  3.91268351e+02,  3.46666967e+02, -2.02119659e+02,  1.56768736e+02, -4.89289525e+02, -4.40037693e+02,  1.98686082e+02, -5.87316907e+02, -2.29505015e+02,  8.17685433e+01,  6.87613658e+02, -2.07277759e+02, -8.91324563e+01, -1.24375687e+02,  9.76901510e+02,  1.20302766e+02, -3.69677408e+02,  5.82477693e+02,  5.36135354e+02,  2.55513999e+02,  6.21169210e+02,  6.88059636e+02, -8.96955839e+01, -2.55236158e+02, -2.76698799e+02,  2.28669605e+02,  3.22609466e+02, -4.16653071e+01, -1.75110602e+02, -5.23971906e+02, -2.56835165e+02, -3.76678842e+02,  2.51044098e+02,  1.28332543e+02,  5.32058626e+02,  4.83521169e+01, -2.14234688e+02, -6.71454855e+01,  3.40243036e+02,  1.11815204e+02,  4.33165872e+02,  4.88952737e+02, -1.17917755e+02, -7.65245813e+01, -8.20708945e+02,  4.54044739e+02, -4.65476643e+01,  4.27153099e+02, -1.55583427e+02, -4.94731764e+02,  1.68238913e+02,  5.87770546e+02, -2.07977992e+02,  5.80767445e+02, -6.13622358e+02, -1.90911032e+02, -6.64306572e+02,  1.87900330e+02,  9.81888105e+01,  6.45597704e+00, -5.08458897e+02,  7.45286034e+02,  4.47166757e+02,  6.99274146e+01, -3.88972281e+02,  1.85275886e+02, -2.31935780e+02, -7.41174919e+01, -1.85212732e+02,  1.77223383e+02, -8.55358369e+01, -1.73104348e+02,  1.62171507e+02,  2.22863688e+02, -7.21940571e+02,  1.65629135e+02,  5.68426388e+02,  3.55712577e+02, -1.11787305e+02,  2.91128011e+01, -3.03482917e+02,  4.99250311e+02,  1.48986015e+02, -5.74347425e+01, -5.91913236e+01,  9.22769011e+02,  7.61548217e+00,  2.62248107e+02,  6.12378023e+02,  8.25257127e+02,  5.41196804e+02,  3.58910539e+02, -5.37838208e+02, -3.66631197e+02,  2.92506216e+02,  1.38767549e+01,  2.73919713e+02,  1.56696612e+02,  4.96327467e+02, -6.54874609e+02, -4.15003452e+02, -5.35547926e+01, -7.32147851e+02,  1.65562026e+02,  3.32309799e+02,  1.19319620e+02, -1.92711545e+02,  2.00083502e+02,  1.20367736e+03,  2.18419691e+02,  1.28046404e+02, -4.14461241e+02, -5.60215925e+02, -1.32792106e+02,  2.62834937e+02, -4.40226075e+01,  1.76908608e+02,  2.97827779e+02, -5.05858975e+02,  2.08967987e+02,  4.44869755e+02,  4.95213180e+02, -4.73256284e+01,  9.41503447e+00, -7.86396437e+01, -4.27153392e+02, -5.62715141e+02,  7.05999168e+02, -5.65924793e+01, -5.00454294e+02,  1.84538435e+01, -1.92708405e+02,  7.72712023e+02, -2.02488278e+02, -2.91508557e+02,  2.63928286e+02, -1.22906963e+02,  3.65806123e+02, -4.75661202e+01,  8.50794720e+02,  4.25440160e+02, -1.12681813e+01, -3.04664645e+02,  2.08639718e+02, -4.68707135e+02, -9.91613528e+01,  5.14078168e+02, -2.37321761e+02, -3.99197335e+02, -1.88206335e+02,  4.39234166e+02,  1.23393058e+02, -7.01661417e+02,  2.58266415e+02,  1.26816613e+02,  5.80235197e+01, -4.33016374e+02,  1.37729718e+01,  2.96519697e+02,  4.31643514e+02,  5.41325201e+02,  2.19595977e+02,  3.44642468e+01, -4.29192594e+02, -4.05118947e+02, -6.29467863e+02, -7.74708740e+01,  2.67011147e+02, -2.07662424e+01,  4.53721418e+02, -2.67753722e+02,  1.55620778e+02, -1.00665349e+02, -2.51960221e+02,  5.00024077e+02,  6.46292234e+01,  5.18595076e+02,  2.42737653e+01,  2.11077450e+02, -1.69125885e+02,  5.29270954e+02, -1.01359340e+02, -3.27825035e+00, -6.61293148e+02, -9.15669325e+01,  6.15477633e+02,  5.63062254e+02,  2.23522911e+02, -1.27609626e+02,  3.27298756e+01, -1.49441255e+02, -4.77331315e+01,  7.60796974e+02,  1.52422471e+01, -1.99890955e+02, -9.33528973e+02, -4.59369390e+02, -3.18043402e+02, -5.67378645e+02, -4.74651558e+02, -6.01047329e+02, -3.92645885e+02, -3.22861561e+02, -4.06369297e+02,  4.03673782e+02, -2.15768185e+02, -8.20143394e+02,  3.37211599e+02, -2.43914011e+02, -6.95097702e+02,  8.20597323e+02, -2.03759244e+02,  1.67360931e+02,  3.44823030e+02,  6.98146384e+00,  2.21071203e+02,  7.05055631e+00, -1.26242469e+01, -1.15754119e+02, -6.12697867e+02,  8.96753271e+01, -1.10373831e+03,  5.52807058e+02, -3.71226254e+02, -1.17438996e+02, -1.50874063e+02,  8.72328080e+01, -1.59765064e+02,  2.42569773e+02, -4.55385297e+02,  3.20560265e+02,  3.30532476e+02,  1.31764325e+02,  8.33812972e+01,  1.68048046e+02,  6.27584056e+01,  2.56144433e+02, -8.03355934e+01, -5.29660336e+02,  8.27330496e+01, -1.94412428e+02, -3.81797743e+01,  4.21706905e+02, -6.86441723e+02,  8.23839523e+00,  1.14343605e+01,  7.32793867e+01,  2.81480797e+02, -1.17018266e+02,  7.12593798e+02,  4.10412134e+02, -1.48636221e+02, -8.99569050e+01,  1.60381612e+01,  6.60058033e+02, -4.72771988e+02, -8.82328522e+02,  2.44823703e+02, -1.03486067e+02, -1.06623430e+02,  1.42411123e+02,  6.62843664e+02,  4.04475016e+02, -1.49076653e+02, -4.27619411e+02, -5.09357643e+01,  2.49263647e+02, -1.11111244e+02, -6.30632281e+02, -2.38512055e+01, -7.87741965e+02, -4.13553790e+02,  6.74227186e+02, -4.34526372e+02, -5.63256178e+02, -4.40657753e+02, -2.99738049e+02,  2.83444620e+02,  6.98685726e+02, -4.31494465e+01,  2.33745611e+02, -1.52322009e+02, -5.91793127e+02,  3.96366187e+02, -3.86570039e+02,  2.40470534e+02,  3.07658510e+02, -6.25991824e+01,  3.49694402e+02,  3.72080611e+02,  9.11779641e+02, -1.26476436e+02, -3.90962797e+02, -5.41048106e+02, -1.28320251e+02, -2.18941545e+02,  8.61806102e+02, -3.75835557e+02,  8.65627442e+01,  6.32476514e+01, -2.22670988e+02, -6.88157860e+02, -5.50045121e+01,  8.29415203e+02,  9.24224310e+01,  6.00110611e+01, -4.54869315e+02, -5.15484648e+02, -8.29929966e+01,  4.11754255e+02, -1.89473457e+02,  9.05035295e+02, -3.72380193e+02,  1.44017255e+02, -1.76762006e+02, -5.82801849e+02,  2.58999160e+01, -4.34091291e+02, -6.32928109e+02,  6.98439015e+01,  2.02859180e+01,  4.39568876e+02,  1.77810442e+02, -2.87536114e+02,  1.91822914e+02, -7.00910553e+02, -4.50081388e+02,  7.70089317e+02,  1.11239309e+02, -1.21133729e+02, -2.74770111e+02, -3.97131759e+01, -6.64924484e+01,  7.22071677e+02,  3.47808026e+02, -1.25399220e+02, -6.00165078e+01, -3.42407333e+02, -1.73240844e+02, -5.72335545e+02,  4.06711095e+02,  6.35331321e+01,  1.18135232e+02,  1.29076013e+02, -4.62804028e+01, -1.55415283e+02, -5.09665260e+00, -9.03772291e+02, -1.62846157e+02, -6.87677917e+01, -7.82872584e+01,  4.67077009e+02,  5.37188953e+02,  1.37591238e+02, -8.14470336e+02,  5.44439091e+02, -1.69573374e+02, -3.28422653e+02, -7.42241990e+02, -2.77552361e+02,  5.01407221e+02,  2.31623178e+02,  5.80969983e+01,  2.60653423e+02, -4.96225709e+02, -3.77497225e+02,  4.69521061e+02,  3.24496132e+02,  4.40104591e+02, -2.39106101e+00,  5.82165999e+01,  4.71445703e+02,  8.40548922e+02, -2.10239519e+02,  3.21310654e+02, -1.42605565e+02, -3.56728787e+02, -2.91172465e+02, -2.60354388e+02, -1.27877236e+02, -4.35005560e+02, -1.99632594e+02, -1.18710513e+03,  2.90179377e+02,  1.65290765e+02, -3.15181079e+01, -3.53308659e+02, -1.90876802e+02, -4.58804813e+02,  1.00105039e+02,  7.01070634e+02, -1.76752936e+02, -1.39654404e+02,  1.86892935e+02, -4.12242842e+02,  7.38519749e+02,  1.41202622e+02,  1.58721868e+02,  4.39498550e+02,  1.57568073e+01,  4.77754689e+02,  1.39797307e+02, -7.35844658e+01,  7.97934476e+01, -1.82963491e+01,  5.92075718e+02,  7.69691606e+01,  1.25438149e+02, -7.64627468e+01,  1.13279950e+02, -7.87534752e+02, -3.16453996e+02, -3.92839668e+02,  4.36692471e+02, -2.48563128e+02, -5.48701889e+02,  5.00381011e+02, -1.02265257e+02,  3.72347441e+02, -7.77989856e+02,  2.10994005e+02,  6.54416568e+01,  5.06426714e+01, -7.54538221e+01, -5.53715693e+01,  4.19514230e+02, -2.47791247e+00, -4.21061259e+02, -1.35955596e+02,  2.15757769e+02, -9.94430119e+02, -7.91506756e+02,  1.29596962e+01,  9.49087524e+01, -3.69724568e+02, -3.62539136e+01,  9.24590352e+02,  2.80533731e+02, -4.78384485e+02,  8.02201986e+01, -7.62124506e+01,  8.80892022e+01, -2.92246939e+02,  1.57995565e+02,  2.42267284e+02, -5.74149584e+01,  9.59338331e+02, -9.13970266e+01, -2.73740470e+02,  1.61554868e+02,  3.51956799e+02, -3.02001270e+02, -2.53298861e+01,  8.16999314e+02, -2.02215913e+01,  5.02905970e+02,  1.21606640e+02, -8.23868512e+01, -2.25643013e+02,  4.86221456e+02, -4.68067844e+02, -1.79096671e+01, -1.27653734e+02, -3.60402474e+02,  1.43569022e+02,  2.03024921e+02,  7.65835863e+01, -1.37834460e+01, -3.29892002e+02,  1.57970316e+02, -1.50737743e+01, -2.13985010e+02, -1.84530134e+02,  1.68006276e+02, -4.25333908e+01, -3.12093944e+02, -9.07749150e+02,  7.84420075e+01,  1.99754066e+02, -3.98977303e+02, -1.92329995e+02,  7.03311664e+02,  6.17077893e+01,  3.00000239e+02,  5.54011609e+01,  3.14589600e+02,  4.39392580e+01, -3.36261550e+02, -3.23232138e+01,  7.11799415e+01,  2.37112072e+02,  6.84730028e+02,  4.20015217e+02,  1.77873510e+01,  1.46766172e+02,  5.14935851e+02,  2.23457253e+02, -6.19711311e+02, -2.28378634e+02,  1.14937815e+02,  7.30165088e+01,  2.25542610e+02, -4.48543624e+02,  1.09007776e+02,  3.42779502e+02,  4.21480301e+02, -3.82746808e+02, -4.52978059e+01, -1.95945365e+01, -1.15254527e+02, -2.84406281e+02, -1.69458907e+02, -2.72562067e+01,  6.79862281e+01,  3.52848887e+02, -2.65409531e+02,  6.83115220e+02,  3.03844812e+02,  2.15179214e+02,  2.83658635e+02,  2.59778634e+02,  2.80148312e+02,  4.61307895e+02, -3.77220350e+02,  5.40103237e+02, -9.50217896e+02,  2.65350314e+02, -9.28612077e+02,  7.19844330e+02,  6.20054547e+02, -9.95521275e+01, -4.20006906e+02, -3.60964508e+02, -4.92030343e+02, -5.29057308e+02,  4.91123250e+02,  3.66948128e+02,  2.06557583e+02,  2.71886153e+02,  3.47188720e+02, -3.28311105e+02, -1.72933569e+02,  4.90535322e+02, -1.06255565e+02,  4.52677073e+02,  6.24330701e+02, -3.70105360e+01, -6.15122116e+02,  1.16236772e+01, -1.15694255e+01, -8.37963605e+01,  6.44767340e+00, -5.73608801e+02, -1.58441564e+02,  4.99246417e+01,  7.54080780e+01,  4.13555914e+02, -3.41625355e+02,  5.23606066e+02, -3.45757224e+02,  1.89241861e+02,  3.32430110e+02]
bee_TS =[-5.02059658e+02, -3.98230065e+01, -1.16260862e+02,  3.88685505e+02,       -1.83483757e+02, -1.61024425e+02, -3.42404435e+02, -7.63995473e+02,       -3.66034253e+02, -4.10004391e+02, -3.33984972e+02,  3.91842482e+01,        1.22833807e+01,  2.63216723e+01,  2.68193306e+01,  4.04637207e+02,       -1.78816994e+02, -1.58350964e+02,  1.50477043e+02, -9.54266902e+02,        5.02156057e+02, -2.29791155e+02, -4.36880476e+01, -1.03491316e+02,       -4.91251177e+01, -5.01443957e+01,  7.41798921e+02, -1.82768901e+02,       -7.08999508e+01, -4.51296165e+02,  6.64445818e+02, -1.17685209e+02,       -3.34727643e+02,  2.05953819e+02, -3.64509087e+01,  1.67217775e+02,       -2.72961745e+01,  6.12437503e+01,  2.34242839e+02, -8.73911937e+02,        4.64953708e+02,  1.10092471e+02, -4.92380961e+01, -2.89859787e+02,        9.66348632e+01, -1.54601455e+02,  3.76380656e+02,  3.17437350e+02,       -2.36712712e+02, -2.50936060e+02, -2.56529475e+02, -2.90621004e+02,        9.75773134e+01, -4.26581738e+02,  1.17262121e+02,  5.14444914e+02,        5.86871461e+02,  2.98307532e+02,  1.38161260e+02,  2.35044760e+02,        7.69693788e+02,  1.80996504e+02, -4.72907937e+02, -1.06577038e+02,       -2.01919059e+02,  5.24152693e+02, -6.42968449e+02, -5.37958637e+02,       -2.32198334e+02, -8.31234454e+01, -3.76258067e+02,  2.29879571e+02,        8.26209240e+01,  1.12240845e+02, -3.31007883e+02, -2.98755594e+02,       -4.83504098e+02,  3.21972178e+02, -2.80633787e+02,  2.25774828e+02,       -5.64864080e+01, -2.51878377e+02, -4.99966638e+02, -1.49168651e+02,       -9.69190062e+01, -1.36564399e+02,  3.38025057e+02,  6.06946547e+02,       -3.61961937e+02, -6.86714353e+02, -1.70558246e+02,  9.50960830e+02,       -4.90114053e+02,  2.84425546e+02, -9.05648066e+01, -5.33264445e+02,        2.06404949e+02,  3.27775596e+02, -1.50446063e+02,  3.02762086e+02,       -2.30049097e+02, -4.39504955e+02,  7.63333616e+02,  3.98995937e+02,        2.66431143e+02,  1.25728056e+02,  2.10344843e+02,  6.98653127e+02,       -2.13334984e+02,  4.95710973e+01, -1.18556633e+03,  1.58162126e+02,       -5.85205535e+02,  1.24279547e+02,  1.84989494e+02, -2.92432783e+02,       -4.59299873e+02,  5.38957462e+01, -2.51945298e+02,  3.04192361e+02,       -4.35814440e+02, -2.24737788e+01, -3.04345002e+02, -3.58212549e+01,       -2.81417470e+01,  1.44228528e+02,  1.10517195e+01, -5.11189034e+01,        5.18046617e+02,  7.82076110e+02,  4.09813085e+02,  6.69728024e+02,       -1.02157735e+02,  1.16061700e+02,  4.70137488e+02, -7.78828096e+01,       -6.54186246e+02, -3.20409858e+02, -4.29716898e+02, -2.45858353e+02,        2.40085546e+02, -1.00972067e+03, -1.65153398e+02,  3.67920322e+02,       -3.12343819e+02, -3.15578925e+02,  4.63932105e+02,  3.76864680e+02,       -2.96440710e+02,  1.65205263e+02, -2.10393689e+02,  2.97937057e+02,        3.37653601e+01,  1.31325383e+02, -7.43781668e+02, -4.15693976e+02,       -6.57075504e+01,  2.91970259e+00, -3.30955243e+02,  9.13573088e+02,       -1.90647792e+02, -2.87907411e+02,  3.22249846e+02, -4.11291430e+02,       -2.79399239e+02,  2.62084366e+02,  9.47311042e+01,  1.11099470e+02,        1.03410446e+02, -9.67117708e+01,  1.66629537e+02,  4.99007573e+02,       -2.53343569e+02,  1.47949854e+02,  7.79147960e+02,  2.87039408e+02,       -7.46804769e+01, -1.64026447e+02,  1.31807406e+03, -1.50466032e+02,        3.02598084e+02,  1.85447195e+02,  2.95289516e+02,  7.61592080e+02,        4.27675374e+02, -2.49850633e+01,  1.93844183e+02,  4.04894333e+02,        3.32613698e+02, -4.75729707e+02,  8.00970323e+02, -7.13060972e+02,       -1.51891446e+02,  4.92712932e+02,  7.13583817e+01,  5.93997562e+01,        2.68589731e+02,  2.10019325e+02,  3.06678593e+02, -5.47444037e+02,        4.34343541e+01, -2.34485593e+02, -9.35544176e+01, -2.88603743e+01,       -7.62129603e+01, -4.73423060e+01,  7.01134348e+02, -7.27685105e+01,       -2.37218306e+02, -1.92950943e+01,  1.00085095e+02, -5.04099719e+02,       -3.82574626e+02, -3.12446216e+02, -5.40368870e+02, -1.41185202e+02,       -3.56772492e+02,  1.66030111e+02, -1.02680387e+01, -9.09081029e+01,       -7.33564705e+01,  5.60546944e+01, -1.72353124e+02,  5.73506460e+02,       -7.03251608e+02, -1.38344670e+02, -1.34808325e+02,  1.44256849e+02,        1.57687545e+02, -3.96145916e+02, -1.57549772e+02,  3.58056440e+02,       -1.91405641e+02,  1.35599165e+02,  3.16682522e+02, -3.65007605e+01,        9.68556871e+02, -1.77164537e+02, -2.75952163e+02,  5.55896187e+01,       -1.94064534e+02,  4.55369828e+02, -3.08080793e+02,  7.29392849e+01,        5.37043533e+02, -1.12162334e+02,  1.03020924e+03,  1.09958751e+03,       -5.62238929e+02,  4.97942436e+02,  1.43136382e+02, -4.57978609e+02,        1.51046793e+02,  3.10335383e+02,  3.25146352e+02,  2.02098880e+01,        1.00775909e+02,  6.09124114e+02, -1.97767497e+02,  1.39863738e+02,        6.52925008e+02, -3.20099789e+02, -1.27186238e+02,  4.45963827e+02,        2.29472453e+02,  6.53920216e+02,  2.19525420e+02,  5.76381037e+01,        2.25057501e+02,  3.32687085e+02, -4.14118684e+02,  2.89273779e+01,        1.56573073e+02,  1.05263238e+02,  1.87794635e+02, -5.02235443e+02,        2.94363617e+02, -3.81432015e+02, -2.70660639e+02,  1.50148292e+02,       -1.21342861e+02,  4.69601792e+02, -2.08515191e+02,  2.48714288e+02,        2.80178725e+02,  6.82744362e+02,  4.75300627e+02,  4.05769254e+02,       -7.63150147e+01, -5.81453651e+01, -2.71077105e+02,  6.56065892e+02,        6.73430543e+02,  3.19790072e+02, -1.96842608e+02,  4.31226178e+02,       -7.76383124e+01,  1.82096783e+02,  5.32522918e+02,  6.96513235e+00,       -6.61099912e+01, -2.13061489e+02, -4.54536459e+02,  8.30300662e+02,        3.85919512e+02, -4.78636470e+02, -1.32167761e+02,  2.38834045e+02,       -9.03926875e+01,  5.33120595e+02,  1.04838423e+02,  6.81969028e+02,        2.64840768e+02, -2.43840955e+02,  2.12863742e+02, -3.62728002e+01,       -2.72963796e+02,  1.43994386e+02,  1.61445891e+02,  7.77109797e+02,        6.84125588e+02,  4.50093568e+02,  5.97428602e+02,  6.19199520e+01,       -2.34811075e+02,  1.34063699e+02, -2.84570544e+02, -4.32393037e+02,       -4.95489288e+02, -2.33281157e+02, -9.21892510e+02, -2.65689682e+02,       -7.29975671e+02,  1.83290632e+02, -3.93763106e+02,  3.49553168e+02,       -8.17576648e+02, -2.77091017e+02,  4.23649428e+02,  1.92390152e+02,       -7.36588061e+02,  5.31975703e+02, -2.06386182e+02,  4.45574996e+02,       -2.19951100e+02, -6.74339066e+02,  1.03959795e+02, -5.43844839e+02,       -1.15349613e+02,  2.71378440e+00,  3.63372732e+02,  1.06948419e+03,       -3.89105712e+02, -2.99398724e+02, -2.39497853e+00, -1.19636953e+02,       -6.93659520e+02, -4.75843015e+02,  4.23682254e+02, -2.17611297e+02,        1.43502243e+02, -4.16247765e+02, -1.27524758e+02, -3.42984701e+02,        4.58075016e+02,  1.31802362e+02, -1.91475877e+02, -1.14165999e+02,        8.59083195e+01, -7.14600958e+01,  3.71487201e+02, -2.14379519e+02,        4.32841761e+01,  2.92950975e+02,  1.50254376e+02, -1.48646976e+02,        1.32244339e+03,  4.62326316e+02,  2.87867361e+01,  9.06923859e+01,       -5.26564693e+02,  2.64100345e+02, -6.39771894e+02, -2.19028664e+02,       -4.69651172e+02, -1.63169758e+02,  4.74378599e+02, -4.81847338e+02,        1.54459519e+02, -2.33724462e+01,  2.79914328e+01, -3.18202156e+02,       -3.82069229e+02, -2.39435255e+00, -3.66007348e+02, -1.89316819e+02,       -3.49138053e+02, -8.92108326e+01, -3.06319866e+02, -4.38488959e+02,        1.92000352e+02, -1.47829137e+02,  1.80478068e+02,  8.67072388e+01,       -6.27159580e+02, -4.67898937e+02, -3.38478836e+02,  3.04243195e+02,       -8.51627421e+00, -5.39912062e+02,  4.96231458e+02, -3.39339847e+02,        4.66701385e+02, -2.56612781e+02, -4.15135972e+02,  2.27146824e+02,       -5.78487480e+02, -3.31171057e+02,  5.44853515e+02,  1.54030177e+02,       -3.44722302e+02,  4.47000986e+02, -1.45891213e+02, -3.21522080e+02,       -2.61148048e+02, -4.14189291e+02,  2.02371604e+02, -7.75012546e+02,       -7.10944339e+02, -8.23932403e+01, -2.57626625e+02, -4.69712916e+02,        6.14886602e+02,  1.12682934e+03, -2.82574873e+02, -2.76346620e+01,       -5.38566914e+02,  5.64048399e+02,  1.57583864e+02, -1.66312546e+02,       -3.29522711e+02,  1.44417267e+02, -5.19382505e+02, -1.71917575e+02,       -7.57722313e+02,  2.97939803e+02,  1.12455408e+02,  5.31193104e+00,       -5.84824566e+01, -2.90459538e+02, -7.59576407e+01,  1.08813362e+03,       -1.64802901e+02, -3.93642024e+02, -5.78544317e+02,  1.10851607e+02,       -3.06261736e+02,  7.50795052e+01,  2.48553962e+02,  5.74998267e+01,        2.40017665e+02,  1.02037563e+02,  5.09266074e+02,  2.63659592e+02,       -2.88828406e+02,  3.60020829e+02,  2.96519363e+02,  9.50569151e+01,        3.81969645e+02, -2.09042210e+02,  6.20661744e+02,  1.57526640e+02,       -2.56623198e+02, -4.91952479e+01, -1.63272766e+02,  2.06062843e+02,       -2.25153445e+02, -2.47031590e+01, -9.15865294e+01,  7.08759150e+02,        4.56812752e+02, -5.76822880e+02, -3.50627337e+01, -4.61190086e+02,       -1.50695563e+02, -1.93923261e+02,  6.27028414e+01, -1.23787147e+01,       -2.20793034e+02,  1.07674233e+02, -5.89193240e+01, -9.00393861e+01,        7.40741955e+02,  1.54687581e+02, -6.91906251e+02, -3.78884941e+02,        7.88109187e+02,  2.33981483e+02, -7.31710443e+01,  9.07553175e+02,       -1.58507588e+02, -9.72441581e+01, -4.97031862e+01,  1.14749317e+02,        2.42513372e+02,  3.50350318e+01,  2.28944315e+02, -1.36081695e+02,       -2.64625935e+02, -3.69346120e+02, -4.08788724e+02,  3.83657510e+02,        1.08238195e+02,  3.22491974e+02,  1.17895131e+02,  7.55818889e+02,        1.49881416e+02, -6.99019183e+02, -2.93209141e+02,  8.48983317e+01,       -2.37090579e+02,  5.29881475e+02, -1.06229604e+02,  1.56965577e+02,        4.25184523e+02, -6.26313291e+02,  1.26832946e+03,  1.65528089e+02,        2.03721064e+02,  2.99009977e+02,  6.87907925e+01, -6.31225034e+00,        3.08002883e+02, -3.02779222e+02,  6.97336152e+02,  6.01420544e+02,       -3.53262909e+02,  1.27173502e+02,  5.92313003e+02, -1.84967841e+02,        1.35920631e+02,  3.65205647e+02,  3.64292294e+02, -6.68857625e+02,       -1.18812423e+02, -2.99478179e+02, -2.56488649e+01, -3.55080266e+01,       -2.31495562e+01, -1.39676593e+02, -2.50346779e+02,  7.00545482e+01,        8.73079724e+01,  4.56353232e+02, -3.58574059e+02,  3.29326317e+02,        3.81200073e+02, -1.42469901e+02,  7.56081714e+02, -5.82815347e+02,       -8.98490487e+02, -5.66316894e+01, -7.14152856e+01,  6.17491257e-01,        6.72092254e+02, -6.24838972e+01,  3.46801781e+02,  4.06776591e+02,        3.24187751e+02, -9.03618462e+01,  5.39551922e+02, -1.36074411e+02,       -2.75178256e+02, -3.95058390e+02,  4.57715453e+01,  3.28050698e+02,       -4.31474547e+01,  3.26978914e+02, -2.61299725e+01,  5.45871507e+02,        1.70058464e+02,  7.59760033e+01, -4.76849333e+01,  2.89120225e+02,        3.22072864e+02,  1.70150434e+02, -6.87147454e+00, -4.57184729e+02,        2.56237629e+02,  1.68286475e+02,  3.14788086e+02,  2.64319552e+02,        3.01729910e+02, -5.07237874e+01,  2.30199486e+02, -2.10018011e+02,       -8.87772554e+00, -4.73867692e+02, -2.65512924e+02,  3.33261619e+02,       -7.71260236e+02,  2.50685147e+02,  1.44908411e+02,  7.04642395e+02,       -2.23054021e+02,  2.59316460e+02, -1.00046376e+02, -4.11917456e+02,       -6.13785019e+02, -6.88368042e+01, -7.48178128e+02,  1.37743264e+02,       -1.75939139e+02,  2.55016331e+02,  1.73799932e+02, -2.17196751e+02,       -2.12627405e+02,  3.28670326e+02, -5.10110970e+02, -1.03600017e+02,       -1.77085696e+02,  1.99057084e+02, -4.60920975e+01,  4.95151632e+01,       -1.83850585e+02,  4.84251730e+02, -4.04278908e+02,  8.22089780e+01,        5.10689776e+02, -2.91031327e+02,  1.53204194e+01, -3.26348827e+01,       -5.83807394e+02, -3.95905916e+02, -6.83945831e+01,  2.24215219e+02,        2.73724311e+02,  4.13918909e+01, -6.87496910e+01,  1.88203208e+02,       -3.84297345e+02,  2.69311480e+00, -4.28173202e+02, -2.34093446e+02,        3.99645491e+02, -2.50152368e+02,  5.45107612e+02, -1.80736354e+02,        2.99385764e+02,  2.17307070e+02, -5.29730085e+02, -2.42950028e+02,        7.30285750e+01, -3.38765526e+02, -2.97293370e+02, -7.37721893e+02,       -4.73798506e+02, -4.44485058e+02, -3.65531644e+02,  1.92552678e+01,        1.11697172e+02,  8.11634915e+00,  1.77498390e+02, -4.84742129e+02,        1.22727379e+02,  1.76284195e+02, -5.65250409e+02, -5.48326532e+02,       -3.49594881e+02, -1.97225563e+02,  1.66348781e+02,  7.83321474e+00,       -3.78027003e+02,  3.03415950e+02, -1.69640270e+02,  4.25397334e+02,       -7.59173273e+02,  5.12746669e+02, -3.11857058e+01, -3.10885582e+02,       -2.22510776e+02,  2.77256533e+01,  3.60743417e+02, -6.41351720e+02,       -1.20186444e+02, -1.74421382e+02,  4.17435546e+02,  7.14426584e+02,       -8.25579087e+02,  7.95109117e+02,  3.88484943e+02, -6.34792715e+02,       -2.99845018e+02,  6.48028275e+02,  5.14787558e+02, -1.51973157e+02,       -3.06377475e+01,  8.82915391e+01,  6.01968894e+02, -4.48019791e+02,        1.38911633e+02, -6.44427156e+01,  2.59358573e+02, -6.29211360e+02,       -6.48004238e+01, -2.86484448e+02,  4.02015350e+02,  3.63411994e+02,       -7.28805653e+02, -4.21629147e+02, -1.93689163e+02, -3.30172977e+02,       -1.24624494e+02, -1.96795760e+02,  3.64518426e+02,  3.53391592e+02,       -5.01907295e+01, -3.92543476e+02, -7.10779958e+02,  3.69703965e+02,       -4.32353702e+02, -2.66705097e+02,  4.08503204e+01, -2.93015128e+02,       -3.54785118e+02, -2.19180884e+02, -3.57949420e+02, -2.28715937e+02,       -4.33175508e+02,  4.95641633e+02,  5.49812300e+02, -2.84307171e+01,       -2.03564864e+02, -1.36376500e+01,  3.61441519e+02, -7.50484339e+02,       -1.76930931e+02,  4.26333298e+02,  5.71150820e+02, -1.57739018e+02,        9.61939338e+01,  4.66186901e+02,  1.32773710e+02, -5.75383850e+01,       -3.76876391e+02,  1.93084263e+02, -3.05897968e+02, -1.36503098e+02,       -1.64871075e+02, -1.59917851e+02,  1.69449338e+02,  6.65302158e+02,        6.94621862e+00,  3.53871511e+01, -7.72013078e+02, -1.47773433e+02,       -3.23188531e+02,  4.00031142e+01, -3.59474972e+02,  6.68817609e+02,        6.93490901e+02,  1.25487905e+02, -1.26777348e+02,  1.23460442e+02,        2.17265555e+02, -4.07602370e+02, -6.58791488e+01,  1.18123220e+02,        1.18514648e+02,  4.83993428e+02,  3.84684585e+02, -1.77357159e+02,        2.42475180e+02, -8.23981519e+02, -3.67970655e+01,  7.27144274e+02,        8.19586252e+01, -6.07489220e+00,  2.83813777e+02, -2.48135487e+02,        7.92100860e+02, -1.04588147e+02,  7.26635270e+02,  3.16818497e+02,       -3.27202617e+02,  2.61260670e+02, -2.63933176e+02, -5.87362238e+02,       -3.41364802e+01, -4.84125168e+02, -4.56205940e+02, -4.58083804e+01,        2.74357824e+02, -4.86106605e+01, -2.88199354e+02,  6.43468688e+01,       -6.22929659e+02, -7.92398954e+01, -7.08344357e+02,  4.45539305e+02,       -1.14426505e+01, -4.38423575e+02, -1.62406675e+02,  1.48336746e+02,       -2.74819958e+02, -4.03660969e+02,  7.70346480e+02, -1.91384952e+02,       -3.80640048e+02,  2.15208068e+02, -1.01128253e+02,  4.38484524e+02,       -1.35452252e+01,  7.48666586e+01,  8.72187181e+02, -1.54001669e+02,       -2.98897043e+02, -3.18465760e+02, -4.55606873e+02, -2.82543117e+02,        2.43041104e+02,  1.79205952e+02,  1.81655830e+02,  6.42191580e+02,        2.01012892e+01,  1.42898354e+02, -5.69228114e+02,  2.09419404e+01,       -2.00728512e+02, -2.29164959e+02,  1.57686767e+01,  3.01247654e+02,        3.29011517e+02,  6.79154894e+00,  8.03340171e+01,  2.53302918e+02,        3.21108805e+02, -2.06641780e+02, -1.13017298e+02,  1.46276092e+01,       -2.01147224e+02, -6.76682302e+01, -2.31855756e+02,  6.49832254e+02,        5.58521386e+02, -1.09479606e+02,  1.03370993e+02, -2.05348918e+01,       -2.03741691e+02,  2.86674165e+02, -7.60731850e+01,  3.34998791e+02,       -4.62581459e+02,  1.62634064e+02, -9.56795371e+01, -4.69203070e+02,       -2.17947769e+02,  2.35390756e+02, -7.35591456e+02,  3.63026088e+02,        4.23533224e+02, -6.14454576e+01, -4.40917871e+01, -2.80702993e+01,        2.09384538e+02, -2.83710013e+02,  3.13285158e+02,  2.43462589e+02,       -8.99485939e+02, -2.84036041e+02,  1.94713574e+02, -7.87867810e+01,        3.28547770e+02, -5.28889262e+02, -4.41317864e+00, -3.57565406e+02,       -1.06273360e+03,  6.45382630e+02, -5.10740448e+02, -4.95003547e+02,        7.63309897e+01,  1.10087483e+03,  8.96924070e-02, -1.84790163e+02,       -1.80745347e+01, -6.11053755e+01, -7.61836421e+02, -5.31959976e+02,        6.68983686e+02, -4.42298350e+01, -3.40783537e+02,  4.33432566e+02,       -2.97108054e+02,  3.40238994e+02,  4.68910369e+02, -5.30098092e+02,       -2.20789351e+02, -2.96331688e+02, -1.28815737e+02, -1.66477788e+02,       -5.72237305e+01,  1.18035889e+02, -2.88860700e+02,  2.55513173e+02,        5.14118994e+02, -1.39230857e+02, -1.52940651e+02,  1.18814829e+02,        4.93488983e+02,  4.18157641e+02,  3.11236653e+01, -1.39866833e+01,       -4.60229080e+01, -4.37234212e+02,  3.24930755e+02, -2.06199346e+02,        1.69798594e+02, -1.36111989e+02,  2.50254024e+02,  1.50976696e+02,       -6.77360428e+02, -2.39691440e+02, -6.79352266e+02, -2.78470342e+02,        6.43164841e+01, -1.47910365e+02,  2.57192137e+02, -2.48682760e+02,        1.64462218e+01,  9.03208725e+01,  6.41162699e+02,  3.21963054e+02,       -2.31805279e+02,  1.76555024e+01,  9.52657075e+01,  3.43869139e+02,       -5.55228656e+00,  4.35373144e+02,  2.08777957e+02,  7.66986890e+02,        2.20593436e+01,  5.88749672e+02, -2.24455333e+02, -3.31434743e+02,        7.15502238e+01,  6.27649824e+01,  2.62459566e+02, -5.43785159e+01,       -1.37367279e+02,  2.23927389e+02, -3.94427662e+02, -4.45510177e+02,        6.60553993e+02, -5.11209861e+01, -3.68544007e+02, -4.15205270e+00,       -1.21662868e+02,  3.00692444e+02,  2.84728184e+02, -1.68985604e+02,        9.74749349e+00, -2.33046823e+02, -2.80297772e+02, -2.45616413e+02,       -8.23069994e+02, -2.96611926e+01, -5.55279089e+02, -4.74091039e+02,       -3.39783770e+02,  1.50884150e+02, -3.24590248e+02,  1.87882957e+02,       -4.85780999e+02,  9.00582962e+00, -3.49930767e+02,  6.44403046e+01,        1.01788396e+02,  2.49644622e+02, -1.70193143e+02, -1.26320485e+02,        2.23749321e+02,  5.17711727e+02,  2.80076013e+02,  6.71723895e+01,       -5.87360730e+02, -1.19294165e+02, -2.66295201e+02, -5.22646096e+02,        3.56550045e+02, -2.97878934e+02, -3.75780987e+01, -1.97189310e+02,       -8.72379421e+02,  4.28859870e+02, -1.43450875e+02,  3.54958893e+02,       -5.97466177e+02,  5.64250931e+02,  3.65781295e+01, -2.68283727e+02,        4.00975209e+01, -2.01873012e+02, -5.88472282e+02,  1.21556289e+02,        2.40792168e+02,  2.82007970e+01, -3.11224360e+02, -1.11960256e+02,        1.39474541e+02,  2.51390347e+02,  5.52066254e+02,  2.19211280e+02,       -2.02233821e+02,  7.59462037e+02,  2.48660402e+02,  3.36182685e+02,       -1.46130261e+02,  2.28433990e+02,  1.48820979e+02, -5.30967538e+02,       -1.61735215e+02, -3.38893277e+02, -2.68900818e+02, -8.92929132e+01,       -1.51613345e+02, -3.19369652e+02, -9.77382686e+02, -2.62206093e+02,        1.32946171e+02,  8.66880139e+01,  8.01555774e+01,  4.27091929e+02,        1.59723736e+02,  2.75596065e+02, -3.63211420e+02,  3.97845539e+02,       -4.24002295e+02, -6.59501920e+02,  1.64573721e+02, -3.47184600e+02,       -3.60870983e+02, -1.35638618e+03, -1.02980888e+02,  6.87973129e+02,        4.01204555e+02, -8.80346728e+01, -1.02131477e+02,  2.53484991e+02,        5.85847524e+02, -3.47560609e+02, -8.18894374e+01, -2.72923243e+02,       -3.09616348e+02, -2.93518795e+02,  1.36853188e+02,  6.16727376e+02,       -5.65503533e+02, -4.55553828e+02,  2.11508156e+01, -7.36921707e+01,       -1.21738068e+02, -8.01361311e+02,  4.86793841e+02,  2.16946013e+02,        7.69350995e+01,  4.16754891e+02, -2.60976318e+02,  2.55032572e+02,        2.32039410e+02,  4.55661623e+01, -3.98761552e+01,  1.05885644e+02,       -1.39179542e+02,  4.04305548e+02, -3.75557987e+02,  3.61529205e+02,        7.99317008e+01,  9.59129660e+01,  2.03892932e+02, -7.40863048e+02,        5.51746891e+01, -5.50416179e+02, -4.34974663e+02, -4.22099242e+02,       -3.86865214e+02,  1.21399424e+01,  1.11714781e+02,  4.15035959e+02,        8.34178671e+01,  1.18311431e+02, -6.12153678e+02, -2.15266159e+02,        2.83108583e+02,  1.20746262e+01,  1.63448698e+01, -6.98142584e+01,        3.15459684e+02, -7.84529298e+02,  9.03418777e+01,  2.03845561e+02,        3.91580959e+02,  3.34252157e+02, -4.88464820e+02,  6.48221487e+01,        3.65754555e+01,  3.70574530e+01,  1.63821490e+01, -1.67229127e+02,       -2.69615830e+02,  1.35399565e+02,  5.39182033e+02, -7.76864051e+01,        8.17344985e+01,  1.53327335e+02, -2.12473058e+02, -2.10802286e+02,       -9.92896525e+02, -3.29734619e+02, -4.35235224e+02, -6.54611092e+01,       -5.45259188e+02,  6.45720124e+02, -2.53491200e+02, -4.53769477e+02,       -1.34547641e+03,  5.62617449e+02,  1.17763921e+02, -1.33394479e+01,       -5.27811876e+02,  9.05593327e+01, -1.49203344e+02, -2.79994549e+02,        1.00985375e+02,  2.75530466e+02,  6.81631554e+01, -1.47702565e+02,       -2.89075894e+01,  6.90298702e+00,  1.66015831e+02, -5.22384605e+02,        6.00228404e+02, -3.59950499e+02, -2.32772462e+02, -3.59879105e+02,       -8.32802834e+02,  8.17218505e+01, -4.09874260e+02, -1.89606357e+02,        2.93225547e+02, -2.06285593e+02,  5.75863594e+00, -8.40180240e+01,       -2.20792198e+02,  1.40171780e+01,  4.55966712e+02, -4.46267648e+02,        7.88633669e+02, -1.69434428e+02,  2.91879864e+02, -6.60761155e+01,        1.28331478e+02, -1.01275727e+02,  4.02494885e+02,  5.36707179e+02,        1.71154374e+02,  4.70562293e+02, -3.34720953e+02, -2.76950646e+01,       -1.95407873e+02,  5.85624597e+02,  4.95466939e+02,  3.79869371e+02,       -1.27591387e+02, -2.59463115e+02,  2.31333652e+02, -2.21791734e+02,       -1.18414210e+02, -6.23757324e+01, -2.22280902e+02,  4.40216211e+02,       -4.94196826e+01,  3.39281049e+02,  1.20618703e+02,  1.46324504e+02,       -2.93287845e+02,  2.78430605e+02, -1.56746416e+02, -1.12556362e+02,       -2.59440856e+01, -4.36584200e+02,  6.58705121e+02, -2.42089147e+02,       -3.58933761e+01,  1.69755768e+02,  1.46467977e+02,  6.06325946e+02,       -1.40682349e+02,  6.58388615e+02,  5.97408418e+02, -8.33591874e+02,        7.49151732e+01, -1.75639037e+02,  1.25430389e+02,  7.48964675e+01,        1.50076258e+02,  5.17329770e+02,  7.93354091e+02, -6.72762216e+02,        6.57624389e+02, -7.90392510e+02, -6.58625623e+02, -1.04963386e+02,       -1.01083662e+01,  6.01321363e+02,  3.32615451e+02, -1.57884962e+02,       -7.94708697e+02,  6.03327372e+02, -3.85741284e+02, -1.02527552e+01,       -4.36189472e+01,  1.06185358e+03, -2.43128524e+02, -9.03254470e+02,        2.64683455e+02, -1.38638806e+03,  9.52999147e+01, -3.05564875e+02,       -1.55463262e+02, -2.34238882e+02, -5.02765475e+02,  3.52165022e+02,       -3.10277157e+02, -7.78419715e+01, -6.71613386e+02, -5.75257142e+01,       -4.09298363e+02, -6.38730445e+02, -1.05104426e+03,  8.72477957e+01,       -2.76104734e+02, -7.89404412e+00, -1.15861637e+02, -6.78916297e+02,       -5.41296994e+02, -4.52736535e+02, -4.56575460e+02,  4.70029796e+02,        8.02000105e+01, -4.09816564e+02, -1.56878195e+02, -1.91907011e+02,        3.18349498e+02, -2.86013987e+02, -1.06184229e+02, -1.92503802e+02,       -3.07244032e+02, -3.20819406e+02,  3.28116210e+02, -1.50496655e+02,       -7.80128293e+02,  6.60700928e+02,  4.03064390e+02,  5.31276125e+01,       -6.20973303e+02, -6.47303586e+02,  9.31088453e+01,  1.22157286e+01,       -2.54667231e+02, -4.16767300e+02,  3.04848074e+02, -6.76816896e+01,        2.34058652e+02,  4.23833703e+02,  2.88540027e+02,  3.02729776e+02,        2.18805660e+02, -1.74149158e+02, -1.07142924e+02, -1.88809519e+02,       -2.99014263e+02, -3.91864177e+02, -5.54639145e+02, -3.35432809e+02,       -6.87219883e+01, -6.83623054e+02, -7.35448500e+01,  2.78846082e+02,       -6.11202877e+02,  2.12413375e+02,  1.85608160e+02, -6.03523367e+02,       -4.86692608e+02, -1.33425422e+02,  1.81931180e+02, -3.40176619e+02,        5.99777044e+02,  5.37788489e+02, -6.42777098e+02,  4.34429474e+02,        3.03618263e+02,  6.50622293e+01,  2.17164752e+02, -3.65075135e+02,       -1.21954964e+02,  4.59594410e+01,  1.51223018e+02,  3.87499586e+02,       -4.32999462e+02, -3.61110130e+01,  1.51851405e+02, -1.31519039e+01,       -2.25004311e+02,  1.69095793e+02, -2.28352786e+02, -1.72588773e+02,        3.29549248e+01, -5.13131056e+02,  3.13574928e+01, -2.02108422e+02,       -1.07168702e+02,  3.63507477e+00, -4.85731081e+02,  4.81746229e+02,       -2.30071521e+02, -1.10417485e+03, -7.23027535e+02,  3.34006340e+02,       -3.03203034e+02, -1.45096014e+02, -2.48926129e+02, -1.42145590e+02,       -8.52779979e+02, -9.58388509e+01, -5.47271332e+02, -2.84939633e+02,        2.20056986e+02,  6.34535951e+02, -3.33665885e+00, -2.75688040e+01,        4.97368477e+02, -4.32298873e+02,  3.06983200e+02,  7.93248281e+01,       -3.55039708e+02, -1.52859061e+02,  2.09486660e+02,  1.58059049e+01,        8.38221956e+01,  9.75339206e+01, -2.00907771e+02, -2.37886957e+02,       -4.51191796e+02,  4.26935103e+02, -5.41377536e+02, -3.98136316e+02,        8.09019745e+01, -7.62873927e+02,  1.64437242e+02,  5.34897780e+02,       -4.03548358e+01,  5.89964627e+01, -2.11924799e+02, -1.74394506e+02,        8.72588654e+01,  3.19537013e+02, -3.45252089e+02,  2.64186760e+02,       -9.43580024e+01, -3.46462134e+01,  2.30453528e+02,  1.64006704e+02,       -7.66871677e+01, -3.69035314e+00,  2.07773598e+02,  2.39528716e+02,       -6.12517902e+02,  5.75549226e+01,  4.59850725e+02, -8.29809965e+02,        2.76932003e+02, -1.01759333e+03, -7.86302224e+01, -1.26838465e+02,       -7.32824951e+01, -7.63070092e+01, -2.20345286e+02, -3.04464804e+01,        1.40836960e+02, -2.05954370e+02,  1.20327011e+02,  7.40144020e+02,       -5.48308508e+02, -2.27530104e+02,  3.11664624e+02,  2.11775493e+02,        3.52908763e+02,  1.39319972e+02,  2.42068750e+02, -1.59702194e+02,       -4.17100946e+02, -3.62008085e+02, -1.76015753e+02,  5.36031819e+00,       -3.58175975e+02, -1.30078480e+02,  5.68416804e+01,  1.97076155e+02,       -8.54412180e+01,  4.79033310e+02, -4.31290332e+02, -4.53286033e+01,       -2.30066890e+01,  2.37247025e+02, -3.46895262e+02, -2.17927635e+02,        2.34271137e+02,  4.26139033e+02,  5.94367566e+02,  2.99474370e+02,        3.51554193e+02, -2.53597921e+02,  5.33040446e+02,  5.73966657e+02,       -5.48821966e+01,  3.36087037e+02,  3.23851800e+02, -2.16892196e+02,        1.35249066e+01,  5.22511709e+02, -2.37302692e+02, -1.06029364e+02,       -5.15422410e+02,  2.29343014e+02, -6.42241740e+01,  1.49508223e+02,        8.17478482e+01, -3.55015023e+02,  3.91268161e+02,  3.46670228e+02,       -2.02144385e+02,  1.56773057e+02, -4.89312381e+02, -4.40038550e+02,        1.98703563e+02, -5.87305137e+02, -2.29542031e+02,  8.17514361e+01,        6.87632796e+02, -2.07262354e+02, -8.91474447e+01, -1.24410864e+02,        9.76861893e+02,  1.20328061e+02, -3.69649209e+02,  5.82485918e+02,        5.36134446e+02,  2.55558093e+02,  6.21190005e+02,  6.88098597e+02,       -8.96773368e+01, -2.55208731e+02, -2.76690764e+02,  2.28678908e+02,        3.22573716e+02, -4.16820735e+01, -1.75157925e+02, -5.23971963e+02,       -2.56785263e+02, -3.76679171e+02,  2.51036258e+02,  1.28348268e+02,        5.32068698e+02,  4.83418369e+01, -2.14201064e+02, -6.71279469e+01,        3.40246208e+02,  1.11802640e+02,  4.33189553e+02,  4.88939944e+02,       -1.17917078e+02, -7.65557689e+01, -8.20738585e+02,  4.54005633e+02,       -4.64982256e+01,  4.27171788e+02, -1.55600613e+02, -4.94795073e+02,        1.68250866e+02,  5.87811428e+02, -2.08026018e+02,  5.80753897e+02,       -6.13640926e+02, -1.90895854e+02, -6.64301540e+02,  1.87881212e+02,        9.81464223e+01,  6.50399666e+00, -5.08477620e+02,  7.45271614e+02,        4.47193103e+02,  6.99260830e+01, -3.88997255e+02,  1.85286359e+02,       -2.31905400e+02, -7.41491665e+01, -1.85209656e+02,  1.77191533e+02,       -8.55630393e+01, -1.73106030e+02,  1.62192116e+02,  2.22853978e+02,       -7.21932809e+02,  1.65618778e+02,  5.68411343e+02,  3.55680590e+02,       -1.11756781e+02,  2.91171770e+01, -3.03485117e+02,  4.99252617e+02,        1.48975912e+02, -5.74252492e+01, -5.91838686e+01,  9.22744503e+02,        7.56162697e+00,  2.62218422e+02,  6.12383943e+02,  8.25274164e+02,        5.41179874e+02,  3.58911499e+02, -5.37845556e+02, -3.66661474e+02,        2.92495353e+02,  1.39065328e+01,  2.73891214e+02,  1.56679016e+02,        4.96357442e+02, -6.54886676e+02, -4.14980465e+02, -5.36238351e+01,       -7.32106870e+02,  1.65531061e+02,  3.32342726e+02,  1.19262108e+02,       -1.92699681e+02,  2.00100860e+02,  1.20362760e+03,  2.18480934e+02,        1.28050483e+02, -4.14441234e+02, -5.60141926e+02, -1.32783276e+02,        2.62856623e+02, -4.40361957e+01,  1.76929063e+02,  2.97798910e+02,       -5.05849522e+02,  2.08992934e+02,  4.44783336e+02,  4.95200564e+02,       -4.73237417e+01,  9.44133858e+00, -7.86518365e+01, -4.27130673e+02,       -5.62747107e+02,  7.05950855e+02, -5.65995855e+01, -5.00428861e+02,        1.84715669e+01, -1.92755795e+02,  7.72709926e+02, -2.02463592e+02,       -2.91511746e+02,  2.63957575e+02, -1.22923206e+02,  3.65822171e+02,       -4.75213564e+01,  8.50761460e+02,  4.25435883e+02, -1.12207755e+01,       -3.04667066e+02,  2.08675276e+02, -4.68685348e+02, -9.91146797e+01,        5.14082284e+02, -2.37302429e+02, -3.99165940e+02, -1.88202250e+02,        4.39213541e+02,  1.23386518e+02, -7.01685406e+02,  2.58303054e+02,        1.26784589e+02,  5.80446043e+01, -4.32997309e+02,  1.37902282e+01,        2.96509771e+02,  4.31643967e+02,  5.41329067e+02,  2.19632212e+02,        3.44678508e+01, -4.29216102e+02, -4.05103463e+02, -6.29429103e+02,       -7.74852963e+01,  2.67020783e+02, -2.07782182e+01,  4.53690607e+02,       -2.67765517e+02,  1.55574884e+02, -1.00720647e+02, -2.51952830e+02,        5.00052541e+02,  6.46365836e+01,  5.18603579e+02,  2.43355303e+01,        2.11039423e+02, -1.69085355e+02,  5.29253264e+02, -1.01405746e+02,       -3.27122293e+00, -6.61289745e+02, -9.15565141e+01,  6.15480958e+02,        5.63057409e+02,  2.23499583e+02, -1.27607300e+02,  3.27204857e+01,       -1.49472199e+02, -4.78064412e+01,  7.60814301e+02,  1.52545440e+01,       -1.99908604e+02, -9.33516911e+02, -4.59303210e+02, -3.18056426e+02,       -5.67355225e+02, -4.74673781e+02, -6.01029897e+02, -3.92626134e+02,       -3.22798127e+02, -4.06365618e+02,  4.03658927e+02, -2.15731142e+02,       -8.20098914e+02,  3.37251994e+02, -2.43931640e+02, -6.95071685e+02,        8.20599650e+02, -2.03742584e+02,  1.67354328e+02,  3.44848455e+02,        7.05175912e+00,  2.21044375e+02,  7.10477115e+00, -1.26102823e+01,       -1.15771001e+02, -6.12723710e+02,  8.97036082e+01, -1.10368993e+03,        5.52842044e+02, -3.71192397e+02, -1.17453729e+02, -1.50862237e+02,        8.72883926e+01, -1.59755057e+02,  2.42573555e+02, -4.55382043e+02,        3.20561581e+02,  3.30573079e+02,  1.31711927e+02,  8.33891427e+01,        1.68069309e+02,  6.27585966e+01,  2.56134309e+02, -8.03391152e+01,       -5.29708402e+02,  8.27380237e+01, -1.94440534e+02, -3.81845851e+01,        4.21751234e+02, -6.86457677e+02,  8.24050120e+00,  1.14502879e+01,        7.32804959e+01,  2.81460222e+02, -1.16996766e+02,  7.12568852e+02,        4.10377322e+02, -1.48633486e+02, -8.99336208e+01,  1.60583851e+01,        6.60062290e+02, -4.72746388e+02, -8.82333017e+02,  2.44855083e+02,       -1.03482922e+02, -1.06664511e+02,  1.42411444e+02,  6.62848948e+02,        4.04440480e+02, -1.49074418e+02, -4.27621502e+02, -5.09483556e+01,        2.49257953e+02, -1.11127449e+02, -6.30639068e+02, -2.38746807e+01,       -7.87746249e+02, -4.13551873e+02,  6.74246668e+02, -4.34535810e+02,       -5.63285591e+02, -4.40671992e+02, -2.99752923e+02,  2.83487127e+02,        6.98733661e+02, -4.31564676e+01,  2.33721269e+02, -1.52355772e+02,       -5.91774902e+02,  3.96379721e+02, -3.86588380e+02,  2.40468696e+02,        3.07642797e+02, -6.26547086e+01,  3.49681881e+02,  3.72058039e+02,        9.11826966e+02, -1.26465829e+02, -3.90991730e+02, -5.41044607e+02,       -1.28324198e+02, -2.19039041e+02,  8.61754513e+02, -3.75834835e+02,        8.65655020e+01,  6.32290165e+01, -2.22621608e+02, -6.88201037e+02,       -5.50074569e+01,  8.29448258e+02,  9.24794752e+01,  6.00242007e+01,       -4.54897039e+02, -5.15445052e+02, -8.30130528e+01,  4.11711398e+02,       -1.89520183e+02,  9.05010927e+02, -3.72417190e+02,  1.44048278e+02,       -1.76697176e+02, -5.82755580e+02,  2.59066036e+01, -4.34078610e+02,       -6.32936598e+02,  6.98694105e+01,  2.02631335e+01,  4.39570298e+02,        1.77843157e+02, -2.87521074e+02,  1.91826443e+02, -7.00956967e+02,       -4.50028981e+02,  7.70093192e+02,  1.11199394e+02, -1.21092154e+02,       -2.74761613e+02, -3.97010360e+01, -6.65058957e+01,  7.22132866e+02,        3.47820019e+02, -1.25380988e+02, -5.99877493e+01, -3.42420766e+02,       -1.73213174e+02, -5.72298038e+02,  4.06735168e+02,  6.35396473e+01,        1.18090410e+02,  1.29102578e+02, -4.63062144e+01, -1.55435495e+02,       -5.06109120e+00, -9.03772215e+02, -1.62803019e+02, -6.87763601e+01,       -7.82576132e+01,  4.67006956e+02,  5.37183719e+02,  1.37592135e+02,       -8.14465669e+02,  5.44417200e+02, -1.69596083e+02, -3.28404524e+02,       -7.42241980e+02, -2.77570392e+02,  5.01429603e+02,  2.31667000e+02,        5.81746535e+01,  2.60678942e+02, -4.96208409e+02, -3.77512276e+02,        4.69538491e+02,  3.24512707e+02,  4.40059424e+02, -2.36280309e+00,        5.82340167e+01,  4.71440630e+02,  8.40537869e+02, -2.10216694e+02,        3.21301355e+02, -1.42672407e+02, -3.56763624e+02, -2.91162260e+02,       -2.60384986e+02, -1.27851106e+02, -4.34974073e+02, -1.99596228e+02,       -1.18705722e+03,  2.90178799e+02,  1.65329557e+02, -3.15209444e+01,       -3.53275063e+02, -1.90862701e+02, -4.58777719e+02,  1.00109230e+02,        7.01055075e+02, -1.76769192e+02, -1.39662546e+02,  1.86861221e+02,       -4.12266784e+02,  7.38519319e+02,  1.41194266e+02,  1.58662019e+02,        4.39482805e+02,  1.57204479e+01,  4.77742883e+02,  1.39808048e+02,       -7.35499893e+01,  7.97807564e+01, -1.83522581e+01,  5.92052531e+02,        7.69814865e+01,  1.25480056e+02, -7.65056573e+01,  1.13301947e+02,       -7.87537005e+02, -3.16449479e+02, -3.92854741e+02,  4.36667069e+02,       -2.48590480e+02, -5.48659623e+02,  5.00365374e+02, -1.02287070e+02,        3.72313831e+02, -7.78000591e+02,  2.10951548e+02,  6.54200295e+01,        5.06180056e+01, -7.54510233e+01, -5.53749498e+01,  4.19550560e+02,       -2.42480245e+00, -4.21060274e+02, -1.35993506e+02,  2.15734296e+02,       -9.94420514e+02, -7.91463197e+02,  1.29554326e+01,  9.49368944e+01,       -3.69761850e+02, -3.62486161e+01,  9.24561975e+02,  2.80495530e+02,       -4.78365014e+02,  8.02149790e+01, -7.62241527e+01,  8.81246381e+01,       -2.92249548e+02,  1.58023801e+02,  2.42232669e+02, -5.73992366e+01,        9.59304535e+02, -9.13718502e+01, -2.73764006e+02,  1.61620613e+02,        3.51992607e+02, -3.02015255e+02, -2.53225106e+01,  8.17030535e+02,       -2.02485760e+01,  5.02888634e+02,  1.21629660e+02, -8.23572459e+01,       -2.25598482e+02,  4.86170115e+02, -4.68091821e+02, -1.79137319e+01,       -1.27707881e+02, -3.60396178e+02,  1.43547741e+02,  2.03048136e+02,        7.65393254e+01, -1.37682130e+01, -3.29892521e+02,  1.57945692e+02,       -1.51095997e+01, -2.13967009e+02, -1.84521228e+02,  1.68009153e+02,       -4.25286196e+01, -3.12106274e+02, -9.07788370e+02,  7.84247505e+01,        1.99726156e+02, -3.98980191e+02, -1.92324046e+02,  7.03304368e+02,        6.17451381e+01,  3.00014286e+02,  5.54043223e+01,  3.14606697e+02,        4.39542272e+01, -3.36240243e+02, -3.23706136e+01,  7.11514478e+01,        2.37136434e+02,  6.84699043e+02,  4.20021181e+02,  1.78092400e+01,        1.46748451e+02,  5.14945704e+02,  2.23453909e+02, -6.19695326e+02,       -2.28412323e+02,  1.14940533e+02,  7.30087579e+01,  2.25495915e+02,       -4.48551105e+02,  1.08938147e+02,  3.42803060e+02,  4.21451852e+02,       -3.82718924e+02, -4.52417122e+01, -1.95804926e+01, -1.15310905e+02,       -2.84345627e+02, -1.69403451e+02, -2.73071933e+01,  6.80191900e+01,        3.52857968e+02, -2.65406199e+02,  6.83127911e+02,  3.03822235e+02,        2.15192635e+02,  2.83684993e+02,  2.59745626e+02,  2.80170136e+02,        4.61311458e+02, -3.77251055e+02,  5.40092542e+02, -9.50238644e+02,        2.65355698e+02, -9.28575702e+02,  7.19828546e+02,  6.20090586e+02,       -9.95177070e+01, -4.20015969e+02, -3.60963955e+02, -4.92025358e+02,       -5.29063008e+02,  4.91116939e+02,  3.66914388e+02,  2.06562117e+02,        2.71865787e+02,  3.47205501e+02, -3.28328416e+02, -1.72894086e+02,        4.90502294e+02, -1.06251114e+02,  4.52661974e+02,  6.24308935e+02,       -3.70079512e+01, -6.15130979e+02,  1.16434059e+01, -1.15670841e+01,       -8.37943395e+01,  6.45647388e+00, -5.73588065e+02, -1.58392935e+02,        4.99729664e+01,  7.54526372e+01,  4.13533637e+02, -3.41613274e+02,        5.23584375e+02, -3.45743199e+02,  1.89260658e+02,  3.32444514e+02]
