name = 'O_diff'
composition = {'H':0, 'C':0, 'N':0, 'O':1, 'Pt':1}
facet = ['Ni111'] 
IS_SPE =[-84.879429, 'eV']
IS_ZPE =[0.079, 'eV']
IS_frequencies=[391.4, 392.0, 485.4, 'cm-1']
TST_SPE=[-84.40329472, 'eV']
TST_ZPE=[0.06, 'eV']
TST_frequencies=[469.5, 491.8, 'cm-1']
no_reactants=1
bee_IS = [-4.99031084e+02, -3.97147173e+01, -1.15446773e+02,  3.86224268e+02,       -1.82320080e+02, -1.59912243e+02, -3.40454685e+02, -7.59255326e+02,       -3.63678897e+02, -4.07219209e+02, -3.32137629e+02,  3.93673410e+01,        1.23291879e+01,  2.57410236e+01,  2.66304629e+01,  4.02224456e+02,       -1.77415481e+02, -1.57065094e+02,  1.49556071e+02, -9.48439099e+02,        4.99214117e+02, -2.28296814e+02, -4.33074277e+01, -1.02778059e+02,       -4.87223883e+01, -4.97756516e+01,  7.37080844e+02, -1.82201357e+02,       -7.03899482e+01, -4.48688748e+02,  6.59929097e+02, -1.16635338e+02,       -3.32518420e+02,  2.04643461e+02, -3.62424824e+01,  1.66355044e+02,       -2.70129908e+01,  6.08169574e+01,  2.32942220e+02, -8.68250932e+02,        4.61937953e+02,  1.09637920e+02, -4.93369224e+01, -2.88054779e+02,        9.60475086e+01, -1.53915482e+02,  3.74003597e+02,  3.15510436e+02,       -2.34995442e+02, -2.49507997e+02, -2.54900915e+02, -2.88947366e+02,        9.70619371e+01, -4.23820280e+02,  1.16625090e+02,  5.11478560e+02,        5.83575743e+02,  2.96418580e+02,  1.37204083e+02,  2.33750171e+02,        7.65010219e+02,  1.79525735e+02, -4.69862187e+02, -1.05729259e+02,       -2.00534975e+02,  5.20729026e+02, -6.38628177e+02, -5.34464730e+02,       -2.30846025e+02, -8.31552921e+01, -3.73828861e+02,  2.28514230e+02,        8.19460778e+01,  1.11811487e+02, -3.28894314e+02, -2.96880154e+02,       -4.80792756e+02,  3.19609181e+02, -2.79015143e+02,  2.24457057e+02,       -5.63057248e+01, -2.50008361e+02, -4.96677585e+02, -1.48229282e+02,       -9.62405611e+01, -1.35634368e+02,  3.35877509e+02,  6.03509185e+02,       -3.60093655e+02, -6.82373437e+02, -1.69490663e+02,  9.44847313e+02,       -4.87038045e+02,  2.82578110e+02, -9.02433769e+01, -5.29784775e+02,        2.05095481e+02,  3.25783907e+02, -1.49526093e+02,  3.00782112e+02,       -2.28377035e+02, -4.37109046e+02,  7.58845405e+02,  3.96536100e+02,        2.64512424e+02,  1.25133175e+02,  2.09613556e+02,  6.94305535e+02,       -2.12043990e+02,  4.93277162e+01, -1.17800192e+03,  1.56897565e+02,       -5.81409925e+02,  1.23496584e+02,  1.83931729e+02, -2.90836337e+02,       -4.56256278e+02,  5.33736286e+01, -2.50384747e+02,  3.02468834e+02,       -4.33251637e+02, -2.25288471e+01, -3.02479249e+02, -3.56763933e+01,       -2.77782938e+01,  1.43587842e+02,  1.09675551e+01, -5.07511161e+01,        5.15028075e+02,  7.77261930e+02,  4.07291591e+02,  6.65245193e+02,       -1.01453169e+02,  1.15302237e+02,  4.67238646e+02, -7.71262604e+01,       -6.50173054e+02, -3.18372478e+02, -4.27101001e+02, -2.44266024e+02,        2.38603216e+02, -1.00361232e+03, -1.64188081e+02,  3.65844145e+02,       -3.10313366e+02, -3.13335452e+02,  4.61535395e+02,  3.74599638e+02,       -2.94627841e+02,  1.64678434e+02, -2.08929248e+02,  2.95910585e+02,        3.33839311e+01,  1.30373099e+02, -7.39205409e+02, -4.13153062e+02,       -6.51395436e+01,  2.96463981e+00, -3.29089878e+02,  9.08065845e+02,       -1.89402458e+02, -2.85968980e+02,  3.19908019e+02, -4.08681932e+02,       -2.77721395e+02,  2.60734499e+02,  9.42395064e+01,  1.10683918e+02,        1.03030616e+02, -9.60001006e+01,  1.65591306e+02,  4.95984863e+02,       -2.51486335e+02,  1.47246018e+02,  7.74319999e+02,  2.85222753e+02,       -7.43647427e+01, -1.63126317e+02,  1.31024764e+03, -1.49579941e+02,        3.00721817e+02,  1.84423308e+02,  2.93244322e+02,  7.56691139e+02,        4.24913314e+02, -2.48193206e+01,  1.92719289e+02,  4.02280915e+02,        3.30418308e+02, -4.72858446e+02,  7.96127133e+02, -7.08501747e+02,       -1.50609866e+02,  4.89565345e+02,  7.13200739e+01,  5.92503194e+01,        2.66686696e+02,  2.08681253e+02,  3.04835618e+02, -5.44100575e+02,        4.32551327e+01, -2.33061437e+02, -9.29933212e+01, -2.89760719e+01,       -7.57294009e+01, -4.70672970e+01,  6.96701494e+02, -7.24939125e+01,       -2.35507293e+02, -1.91498388e+01,  9.94177129e+01, -5.01026935e+02,       -3.80621838e+02, -3.10647172e+02, -5.36916102e+02, -1.40217252e+02,       -3.54476041e+02,  1.65080123e+02, -9.98191907e+00, -9.03737658e+01,       -7.28402755e+01,  5.55983188e+01, -1.70793388e+02,  5.70148565e+02,       -6.99099047e+02, -1.37635305e+02, -1.33826846e+02,  1.43318586e+02,        1.56911424e+02, -3.93728658e+02, -1.56436395e+02,  3.55727787e+02,       -1.89840660e+02,  1.34726569e+02,  3.14539991e+02, -3.63603975e+01,        9.62390200e+02, -1.75786857e+02, -2.73966447e+02,  5.52451047e+01,       -1.92729822e+02,  4.52849742e+02, -3.06325208e+02,  7.25048122e+01,        5.33713647e+02, -1.11400150e+02,  1.02376688e+03,  1.09286788e+03,       -5.58589769e+02,  4.94885363e+02,  1.42493927e+02, -4.55355659e+02,        1.49799395e+02,  3.08637349e+02,  3.23344964e+02,  2.00918708e+01,        1.00153262e+02,  6.05561839e+02, -1.96515072e+02,  1.39070972e+02,        6.49070656e+02, -3.18264748e+02, -1.26578210e+02,  4.43268670e+02,        2.27952890e+02,  6.49842482e+02,  2.18463858e+02,  5.73103096e+01,        2.23778659e+02,  3.30605030e+02, -4.11950157e+02,  2.89182842e+01,        1.56059945e+02,  1.04678844e+02,  1.86669406e+02, -4.99162580e+02,        2.92312897e+02, -3.79031533e+02, -2.68929569e+02,  1.49392815e+02,       -1.20433284e+02,  4.66704168e+02, -2.06770711e+02,  2.47328159e+02,        2.78494163e+02,  6.78309713e+02,  4.72314303e+02,  4.03229195e+02,       -7.54530576e+01, -5.79173827e+01, -2.69339787e+02,  6.52194130e+02,        6.69220769e+02,  3.17958471e+02, -1.95757652e+02,  4.28558456e+02,       -7.68174842e+01,  1.80732233e+02,  5.29395027e+02,  6.87010506e+00,       -6.55215165e+01, -2.11259005e+02, -4.51905003e+02,  8.25047602e+02,        3.83795928e+02, -4.75620774e+02, -1.31406460e+02,  2.37554133e+02,       -8.97471704e+01,  5.30015108e+02,  1.03932437e+02,  6.77898017e+02,        2.63741181e+02, -2.42140887e+02,  2.11391615e+02, -3.61119604e+01,       -2.71190479e+02,  1.43107703e+02,  1.60089052e+02,  7.72551292e+02,        6.80051098e+02,  4.47250323e+02,  5.93435027e+02,  6.15624612e+01,       -2.33163099e+02,  1.33202007e+02, -2.82771633e+02, -4.29956127e+02,       -4.92345020e+02, -2.32035961e+02, -9.16236406e+02, -2.64180122e+02,       -7.25637296e+02,  1.82398289e+02, -3.91345838e+02,  3.47619193e+02,       -8.12894117e+02, -2.75187682e+02,  4.20621559e+02,  1.91205305e+02,       -7.32282523e+02,  5.28643441e+02, -2.04984859e+02,  4.43002707e+02,       -2.18407462e+02, -6.70331831e+02,  1.03467201e+02, -5.40810952e+02,       -1.14388606e+02,  2.51143762e+00,  3.61116871e+02,  1.06294689e+03,       -3.86543049e+02, -2.97423386e+02, -2.39088002e+00, -1.18936014e+02,       -6.89380650e+02, -4.72694373e+02,  4.20741863e+02, -2.16019041e+02,        1.42771179e+02, -4.13807871e+02, -1.27010638e+02, -3.40812644e+02,        4.55219733e+02,  1.30580860e+02, -1.90175310e+02, -1.13723509e+02,        8.56337960e+01, -7.11854951e+01,  3.69429792e+02, -2.13093159e+02,        4.32530828e+01,  2.91194521e+02,  1.49279718e+02, -1.47894618e+02,        1.31417443e+03,  4.59719795e+02,  2.85759430e+01,  9.01921757e+01,       -5.23447076e+02,  2.62670595e+02, -6.36078276e+02, -2.17679871e+02,       -4.66649291e+02, -1.62134728e+02,  4.71282362e+02, -4.78927158e+02,        1.53839912e+02, -2.31446920e+01,  2.78035481e+01, -3.16157479e+02,       -3.79706185e+02, -2.46799897e+00, -3.63470839e+02, -1.87909035e+02,       -3.47115718e+02, -8.87082368e+01, -3.04517767e+02, -4.35781756e+02,        1.90716873e+02, -1.46800347e+02,  1.79688886e+02,  8.60036208e+01,       -6.23420833e+02, -4.64954075e+02, -3.36446689e+02,  3.02251345e+02,       -8.52694027e+00, -5.36632817e+02,  4.93228295e+02, -3.37012869e+02,        4.63979377e+02, -2.55145897e+02, -4.12798713e+02,  2.25519152e+02,       -5.74893498e+02, -3.28981317e+02,  5.41322207e+02,  1.52860299e+02,       -3.43008197e+02,  4.44425253e+02, -1.45066820e+02, -3.19763216e+02,       -2.59578521e+02, -4.11563103e+02,  2.01309255e+02, -7.70087746e+02,       -7.06448960e+02, -8.20240830e+01, -2.56032492e+02, -4.66864770e+02,        6.11189513e+02,  1.11994075e+03, -2.80567606e+02, -2.75577221e+01,       -5.35066709e+02,  5.60594205e+02,  1.56728174e+02, -1.65726296e+02,       -3.27213506e+02,  1.43568497e+02, -5.16096265e+02, -1.70960137e+02,       -7.52961028e+02,  2.96428794e+02,  1.11412501e+02,  5.16824414e+00,       -5.82275353e+01, -2.89004381e+02, -7.54801767e+01,  1.08142483e+03,       -1.63821911e+02, -3.91324153e+02, -5.75167055e+02,  1.10238077e+02,       -3.04488686e+02,  7.49640054e+01,  2.47140135e+02,  5.71046851e+01,        2.38422349e+02,  1.01434832e+02,  5.05913084e+02,  2.61752556e+02,       -2.87083231e+02,  3.58114967e+02,  2.94600407e+02,  9.45344706e+01,        3.79464115e+02, -2.07986214e+02,  6.16988563e+02,  1.56887147e+02,       -2.55226324e+02, -4.87510411e+01, -1.62217411e+02,  2.04666495e+02,       -2.23651271e+02, -2.47969713e+01, -9.12302337e+01,  7.04408075e+02,        4.54131789e+02, -5.73120587e+02, -3.50860121e+01, -4.58348443e+02,       -1.49806045e+02, -1.92630986e+02,  6.24783585e+01, -1.22727039e+01,       -2.19606977e+02,  1.07495553e+02, -5.87576782e+01, -8.94179596e+01,        7.36237934e+02,  1.53491254e+02, -6.87567390e+02, -3.76134148e+02,        7.83320457e+02,  2.32662520e+02, -7.27511425e+01,  9.01871102e+02,       -1.57414495e+02, -9.65418661e+01, -4.93621176e+01,  1.14222535e+02,        2.41129271e+02,  3.47731564e+01,  2.27557562e+02, -1.34995603e+02,       -2.63104084e+02, -3.67071536e+02, -4.06279208e+02,  3.80955365e+02,        1.07517496e+02,  3.20506480e+02,  1.17067242e+02,  7.51313470e+02,        1.49171526e+02, -6.94737282e+02, -2.91487684e+02,  8.41637435e+01,       -2.35737517e+02,  5.26731404e+02, -1.05779305e+02,  1.56167310e+02,        4.22720453e+02, -6.22446877e+02,  1.26068127e+03,  1.64496090e+02,        2.02349513e+02,  2.97126284e+02,  6.83544946e+01, -6.13073475e+00,        3.06295541e+02, -3.00993199e+02,  6.93148177e+02,  5.97794897e+02,       -3.51259677e+02,  1.26317553e+02,  5.88782292e+02, -1.83758996e+02,        1.35077217e+02,  3.62838778e+02,  3.61893307e+02, -6.64739107e+02,       -1.17921730e+02, -2.97579323e+02, -2.54256321e+01, -3.53705440e+01,       -2.29669360e+01, -1.38433971e+02, -2.48965683e+02,  6.97705368e+01,        8.65169917e+01,  4.53486012e+02, -3.56541924e+02,  3.27465247e+02,        3.78884155e+02, -1.41509619e+02,  7.51413665e+02, -5.79212407e+02,       -8.92926350e+02, -5.64605422e+01, -7.11651445e+01,  2.39962538e-01,        6.68044735e+02, -6.19939647e+01,  3.44713105e+02,  4.04611025e+02,        3.22056963e+02, -9.01981614e+01,  5.36112974e+02, -1.35232088e+02,       -2.73637577e+02, -3.92371284e+02,  4.58752590e+01,  3.26000954e+02,       -4.25827567e+01,  3.24842847e+02, -2.58132092e+01,  5.42449449e+02,        1.68973279e+02,  7.55035883e+01, -4.71280132e+01,  2.87386087e+02,        3.19992659e+02,  1.68914971e+02, -6.86582225e+00, -4.54485935e+02,        2.54739236e+02,  1.67269180e+02,  3.12742234e+02,  2.62599455e+02,        2.99854912e+02, -5.06793036e+01,  2.28952442e+02, -2.08435113e+02,       -8.70304930e+00, -4.70859757e+02, -2.63751493e+02,  3.31240194e+02,       -7.66366008e+02,  2.49035842e+02,  1.43968974e+02,  7.00039300e+02,       -2.21338676e+02,  2.57774026e+02, -9.90936501e+01, -4.09417373e+02,       -6.09710994e+02, -6.85489518e+01, -7.43457413e+02,  1.36595194e+02,       -1.74546569e+02,  2.53360101e+02,  1.72684234e+02, -2.16048333e+02,       -2.11355462e+02,  3.26655748e+02, -5.07292982e+02, -1.02852502e+02,       -1.76036688e+02,  1.98308405e+02, -4.54178320e+01,  4.90375164e+01,       -1.82775058e+02,  4.81217916e+02, -4.02136946e+02,  8.14425076e+01,        5.07549052e+02, -2.89553875e+02,  1.52194522e+01, -3.19985847e+01,       -5.79985079e+02, -3.93069711e+02, -6.78947147e+01,  2.22927158e+02,        2.72100873e+02,  4.09678296e+01, -6.86339536e+01,  1.87133931e+02,       -3.81977335e+02,  2.44938640e+00, -4.25498086e+02, -2.32468790e+02,        3.97142829e+02, -2.48529313e+02,  5.41898078e+02, -1.79769325e+02,        2.97431511e+02,  2.15936313e+02, -5.26510348e+02, -2.41270605e+02,        7.25859333e+01, -3.36876433e+02, -2.95549848e+02, -7.33346342e+02,       -4.70757595e+02, -4.41721020e+02, -3.63415732e+02,  1.91677472e+01,        1.11124326e+02,  8.09483847e+00,  1.76712681e+02, -4.81746929e+02,        1.22117548e+02,  1.75179272e+02, -5.61808497e+02, -5.44751990e+02,       -3.47547482e+02, -1.96278489e+02,  1.65200900e+02,  7.52708867e+00,       -3.75851287e+02,  3.01235471e+02, -1.68894812e+02,  4.22621172e+02,       -7.54573372e+02,  5.09712915e+02, -3.12349514e+01, -3.08901976e+02,       -2.21270086e+02,  2.75531771e+01,  3.58849699e+02, -6.37427571e+02,       -1.19434398e+02, -1.73401570e+02,  4.14618642e+02,  7.10035934e+02,       -8.20498869e+02,  7.90228956e+02,  3.86050584e+02, -6.30899143e+02,       -2.97748709e+02,  6.44296442e+02,  5.11546380e+02, -1.51099575e+02,       -3.05122083e+01,  8.80060077e+01,  5.98632284e+02, -4.45466123e+02,        1.37833486e+02, -6.42608049e+01,  2.57469938e+02, -6.25267498e+02,       -6.42258760e+01, -2.84576190e+02,  3.99659196e+02,  3.61231516e+02,       -7.24230412e+02, -4.18873339e+02, -1.92366694e+02, -3.28552877e+02,       -1.23800796e+02, -1.95535836e+02,  3.62343924e+02,  3.51357725e+02,       -4.96707751e+01, -3.90454733e+02, -7.06289879e+02,  3.67582534e+02,       -4.29613320e+02, -2.65365292e+02,  4.05337617e+01, -2.91271174e+02,       -3.52467102e+02, -2.17914665e+02, -3.56021641e+02, -2.27360057e+02,       -4.30845697e+02,  4.92545637e+02,  5.46387610e+02, -2.84462450e+01,       -2.02146579e+02, -1.34181303e+01,  3.59460708e+02, -7.45807294e+02,       -1.75902455e+02,  4.23462641e+02,  5.67761430e+02, -1.56657266e+02,        9.56460481e+01,  4.63473173e+02,  1.31899388e+02, -5.69292478e+01,       -3.74733918e+02,  1.91675841e+02, -3.04000487e+02, -1.35347721e+02,       -1.64035748e+02, -1.58835011e+02,  1.68481391e+02,  6.61119499e+02,        6.97018330e+00,  3.51134746e+01, -7.67284843e+02, -1.46913315e+02,       -3.21183710e+02,  3.96513071e+01, -3.57692275e+02,  6.65185350e+02,        6.89084062e+02,  1.24592901e+02, -1.26125989e+02,  1.22774955e+02,        2.15511940e+02, -4.05168091e+02, -6.53623844e+01,  1.17687803e+02,        1.17715807e+02,  4.81072760e+02,  3.82188114e+02, -1.76400068e+02,        2.40845554e+02, -8.18972761e+02, -3.65353619e+01,  7.22719709e+02,        8.13531539e+01, -6.15917735e+00,  2.82032098e+02, -2.46695619e+02,        7.86940494e+02, -1.04083814e+02,  7.21847371e+02,  3.15045034e+02,       -3.25064832e+02,  2.59698484e+02, -2.62387451e+02, -5.83963661e+02,       -3.39727587e+01, -4.81167501e+02, -4.53235333e+02, -4.55955217e+01,        2.72865757e+02, -4.84504919e+01, -2.86208146e+02,  6.39598544e+01,       -6.19008337e+02, -7.87807231e+01, -7.03797752e+02,  4.42580253e+02,       -1.14746532e+01, -4.35751301e+02, -1.61030603e+02,  1.47346732e+02,       -2.73288803e+02, -4.01234259e+02,  7.65868646e+02, -1.90233833e+02,       -3.78117401e+02,  2.13688267e+02, -1.00674023e+02,  4.36048336e+02,       -1.36432553e+01,  7.44768856e+01,  8.67168433e+02, -1.52769592e+02,       -2.97226967e+02, -3.16946252e+02, -4.52629466e+02, -2.80798592e+02,        2.41648879e+02,  1.78344626e+02,  1.80461830e+02,  6.38257955e+02,        2.00909750e+01,  1.42142683e+02, -5.65657279e+02,  2.08681045e+01,       -1.99062793e+02, -2.27430940e+02,  1.52965742e+01,  2.99412783e+02,        3.26948613e+02,  6.71067377e+00,  8.00980842e+01,  2.51477510e+02,        3.18859991e+02, -2.05559071e+02, -1.12452930e+02,  1.45565954e+01,       -1.99846298e+02, -6.70248278e+01, -2.30998435e+02,  6.46109215e+02,        5.55055631e+02, -1.08619351e+02,  1.02807168e+02, -2.04148091e+01,       -2.02902917e+02,  2.85105458e+02, -7.56871073e+01,  3.33217541e+02,       -4.59735033e+02,  1.61524959e+02, -9.49208647e+01, -4.66313485e+02,       -2.16465302e+02,  2.33882938e+02, -7.31127183e+02,  3.61040899e+02,        4.20824989e+02, -6.12728474e+01, -4.38110651e+01, -2.78309702e+01,        2.08263937e+02, -2.81831268e+02,  3.11252486e+02,  2.42148950e+02,       -8.93558978e+02, -2.82405380e+02,  1.93524740e+02, -7.83369810e+01,        3.26731812e+02, -5.25779879e+02, -4.45094757e+00, -3.55375385e+02,       -1.05642549e+03,  6.41482147e+02, -5.07567513e+02, -4.92052327e+02,        7.57649034e+01,  1.09425363e+03,  8.74983464e-02, -1.83912615e+02,       -1.80440522e+01, -6.09082142e+01, -7.57069785e+02, -5.28804007e+02,        6.64939426e+02, -4.39744761e+01, -3.38520344e+02,  4.30540910e+02,       -2.95476869e+02,  3.38079499e+02,  4.65873537e+02, -5.26784277e+02,       -2.19647254e+02, -2.94708932e+02, -1.28279697e+02, -1.65270441e+02,       -5.69651499e+01,  1.17354928e+02, -2.87087994e+02,  2.53742099e+02,        5.10761006e+02, -1.38075214e+02, -1.52144520e+02,  1.18124245e+02,        4.90418494e+02,  4.15829772e+02,  3.12332089e+01, -1.40482028e+01,       -4.59394006e+01, -4.34539231e+02,  3.22784234e+02, -2.04828158e+02,        1.68722205e+02, -1.35034321e+02,  2.48646342e+02,  1.50151808e+02,       -6.73336931e+02, -2.38084181e+02, -6.75173644e+02, -2.77036922e+02,        6.39880630e+01, -1.47062473e+02,  2.55748067e+02, -2.47161308e+02,        1.63706845e+01,  8.97957698e+01,  6.37064727e+02,  3.19778893e+02,       -2.30738728e+02,  1.75687528e+01,  9.46773603e+01,  3.41642116e+02,       -5.44833839e+00,  4.32775701e+02,  2.07219072e+02,  7.62515089e+02,        2.17671048e+01,  5.84813512e+02, -2.23267838e+02, -3.29363515e+02,        7.09322000e+01,  6.26825806e+01,  2.60792687e+02, -5.42201616e+01,       -1.36438275e+02,  2.22580606e+02, -3.91990997e+02, -4.42915794e+02,        6.56834402e+02, -5.06827982e+01, -3.66007343e+02, -4.23849179e+00,       -1.20994128e+02,  2.99288193e+02,  2.82892043e+02, -1.67822401e+02,        9.62228024e+00, -2.31566779e+02, -2.78699098e+02, -2.44185433e+02,       -8.18260014e+02, -2.94054150e+01, -5.51639042e+02, -4.71248221e+02,       -3.37461129e+02,  1.50126509e+02, -3.22431673e+02,  1.86911261e+02,       -4.82925333e+02,  8.96900967e+00, -3.47962417e+02,  6.41221057e+01,        1.01245876e+02,  2.48072817e+02, -1.69070938e+02, -1.25437280e+02,        2.22501552e+02,  5.14250076e+02,  2.78401050e+02,  6.69047155e+01,       -5.83774958e+02, -1.18688302e+02, -2.64702376e+02, -5.19344609e+02,        3.54115107e+02, -2.96117181e+02, -3.72970685e+01, -1.96054435e+02,       -8.66901032e+02,  4.26238795e+02, -1.42519717e+02,  3.52727298e+02,       -5.93825646e+02,  5.60820251e+02,  3.63189739e+01, -2.66532757e+02,        4.01308597e+01, -2.00521492e+02, -5.84463724e+02,  1.20716098e+02,        2.39598865e+02,  2.79730405e+01, -3.09354718e+02, -1.11354538e+02,        1.38550053e+02,  2.49989598e+02,  5.48625983e+02,  2.17661228e+02,       -2.01125978e+02,  7.55184300e+02,  2.47017891e+02,  3.34114992e+02,       -1.45278157e+02,  2.27157099e+02,  1.47980020e+02, -5.27460656e+02,       -1.60874518e+02, -3.36887127e+02, -2.67438519e+02, -8.87825065e+01,       -1.50648264e+02, -3.17538975e+02, -9.71084581e+02, -2.60546562e+02,        1.31975321e+02,  8.63309051e+01,  7.98413423e+01,  4.24524275e+02,        1.58708965e+02,  2.73952012e+02, -3.60947841e+02,  3.95363215e+02,       -4.21465269e+02, -6.55294759e+02,  1.64001864e+02, -3.45269472e+02,       -3.58489849e+02, -1.34794037e+03, -1.02261712e+02,  6.83758735e+02,        3.98418976e+02, -8.72617656e+01, -1.01888713e+02,  2.52251939e+02,        5.82328506e+02, -3.45255539e+02, -8.16101243e+01, -2.71393149e+02,       -3.07671884e+02, -2.91475113e+02,  1.35995471e+02,  6.12944563e+02,       -5.61916523e+02, -4.52918474e+02,  2.10857454e+01, -7.34337848e+01,       -1.20747831e+02, -7.96376769e+02,  4.84105835e+02,  2.15449270e+02,        7.66900783e+01,  4.14190619e+02, -2.59438815e+02,  2.53472750e+02,        2.30615935e+02,  4.52231184e+01, -3.96731740e+01,  1.04913762e+02,       -1.38390476e+02,  4.02234046e+02, -3.73142872e+02,  3.59436184e+02,        7.94232529e+01,  9.54529899e+01,  2.02554070e+02, -7.36395952e+02,        5.49131811e+01, -5.47031507e+02, -4.32226527e+02, -4.19594393e+02,       -3.84776228e+02,  1.18501559e+01,  1.11159058e+02,  4.12645165e+02,        8.28318410e+01,  1.17533884e+02, -6.08331418e+02, -2.14027890e+02,        2.81260470e+02,  1.16823017e+01,  1.62264128e+01, -6.93485322e+01,        3.13537385e+02, -7.79594840e+02,  8.99006302e+01,  2.02344842e+02,        3.89122698e+02,  3.32252273e+02, -4.85475155e+02,  6.44014649e+01,        3.63922903e+01,  3.68184007e+01,  1.65531681e+01, -1.65906929e+02,       -2.68144431e+02,  1.34787471e+02,  5.35668657e+02, -7.67979807e+01,        8.13054847e+01,  1.52456701e+02, -2.11087471e+02, -2.09615632e+02,       -9.87020320e+02, -3.27481169e+02, -4.32691564e+02, -6.48580121e+01,       -5.42081642e+02,  6.41644044e+02, -2.51942945e+02, -4.50968274e+02,       -1.33684695e+03,  5.59073571e+02,  1.16982159e+02, -1.28829999e+01,       -5.24512415e+02,  8.98709670e+01, -1.48427983e+02, -2.78271507e+02,        1.00703809e+02,  2.73851230e+02,  6.76678963e+01, -1.47056750e+02,       -2.86562412e+01,  6.86377383e+00,  1.64926516e+02, -5.19054685e+02,        5.96633066e+02, -3.57874282e+02, -2.31460362e+02, -3.58092353e+02,       -8.27932623e+02,  8.13852658e+01, -4.07503271e+02, -1.88193662e+02,        2.91275862e+02, -2.05239921e+02,  5.57853273e+00, -8.36354385e+01,       -2.19027511e+02,  1.41584362e+01,  4.53158559e+02, -4.43245324e+02,        7.84198033e+02, -1.68405498e+02,  2.89912162e+02, -6.62027095e+01,        1.27492532e+02, -1.00685370e+02,  3.99748299e+02,  5.33402592e+02,        1.70064554e+02,  4.67213020e+02, -3.32567859e+02, -2.77379601e+01,       -1.94162005e+02,  5.82044354e+02,  4.92317680e+02,  3.77529611e+02,       -1.26754252e+02, -2.57800056e+02,  2.29809552e+02, -2.20442244e+02,       -1.17453444e+02, -6.19243384e+01, -2.20982002e+02,  4.37420501e+02,       -4.91290177e+01,  3.37297043e+02,  1.20219524e+02,  1.45427362e+02,       -2.91502062e+02,  2.76406710e+02, -1.55931346e+02, -1.11805933e+02,       -2.57842413e+01, -4.33604630e+02,  6.54376355e+02, -2.40623226e+02,       -3.56728107e+01,  1.68902952e+02,  1.45505238e+02,  6.02613657e+02,       -1.39831857e+02,  6.54290215e+02,  5.93631887e+02, -8.28133249e+02,        7.43747207e+01, -1.74500719e+02,  1.24758893e+02,  7.41231030e+01,        1.49463176e+02,  5.14253959e+02,  7.88845671e+02, -6.68375558e+02,        6.53391779e+02, -7.85931172e+02, -6.54708413e+02, -1.04481586e+02,       -1.00646471e+01,  5.97643254e+02,  3.30219429e+02, -1.56497350e+02,       -7.89720904e+02,  5.99738099e+02, -3.83045173e+02, -9.97911202e+00,       -4.33758759e+01,  1.05533959e+03, -2.41541241e+02, -8.97737166e+02,        2.63158885e+02, -1.37815115e+03,  9.46102582e+01, -3.03720557e+02,       -1.54481111e+02, -2.32959641e+02, -4.99772699e+02,  3.49983967e+02,       -3.08501189e+02, -7.77424145e+01, -6.67435433e+02, -5.71904048e+01,       -4.07111613e+02, -6.34698041e+02, -1.04403451e+03,  8.63874261e+01,       -2.74564585e+02, -7.39570801e+00, -1.15168595e+02, -6.74612153e+02,       -5.38132088e+02, -4.49802283e+02, -4.53911040e+02,  4.66948564e+02,        7.94684876e+01, -4.07523466e+02, -1.55992988e+02, -1.90730061e+02,        3.16530508e+02, -2.84334459e+02, -1.05249630e+02, -1.91407760e+02,       -3.05307996e+02, -3.19019037e+02,  3.26010112e+02, -1.49581233e+02,       -7.75498148e+02,  6.56689765e+02,  4.00422817e+02,  5.26608613e+01,       -6.17315394e+02, -6.43380916e+02,  9.22330198e+01,  1.18733633e+01,       -2.52987059e+02, -4.14182275e+02,  3.02614650e+02, -6.71940621e+01,        2.32468007e+02,  4.21209571e+02,  2.86644367e+02,  3.00863685e+02,        2.17435426e+02, -1.73015605e+02, -1.06582315e+02, -1.87757723e+02,       -2.97260330e+02, -3.89322798e+02, -5.51237149e+02, -3.33324610e+02,       -6.84768471e+01, -6.79111744e+02, -7.35640418e+01,  2.77217321e+02,       -6.07884544e+02,  2.11189380e+02,  1.84498371e+02, -6.00138570e+02,       -4.83721988e+02, -1.32664958e+02,  1.80779882e+02, -3.38029776e+02,        5.96068015e+02,  5.34530584e+02, -6.38785066e+02,  4.31499440e+02,        3.01777293e+02,  6.44556934e+01,  2.15787636e+02, -3.62802678e+02,       -1.21112055e+02,  4.59225911e+01,  1.50398821e+02,  3.84997031e+02,       -4.30246648e+02, -3.58334714e+01,  1.50726266e+02, -1.28177550e+01,       -2.23768773e+02,  1.68012063e+02, -2.26905116e+02, -1.71473629e+02,        3.26020965e+01, -5.09956888e+02,  3.13613947e+01, -2.00475944e+02,       -1.06717367e+02,  3.90812447e+00, -4.82708917e+02,  4.78976949e+02,       -2.28501239e+02, -1.09775379e+03, -7.18558109e+02,  3.31849369e+02,       -3.01775454e+02, -1.44397701e+02, -2.47343308e+02, -1.41297037e+02,       -8.47531812e+02, -9.50452824e+01, -5.43883091e+02, -2.83305838e+02,        2.18689287e+02,  6.30824014e+02, -3.23012966e+00, -2.72926922e+01,        4.94486580e+02, -4.29839033e+02,  3.04899726e+02,  7.88694686e+01,       -3.53142861e+02, -1.52230022e+02,  2.08136324e+02,  1.56921397e+01,        8.32659397e+01,  9.69792926e+01, -1.99791710e+02, -2.36731709e+02,       -4.48386625e+02,  4.24294937e+02, -5.38124515e+02, -3.95576170e+02,        8.05469978e+01, -7.58165062e+02,  1.63520552e+02,  5.31930204e+02,       -4.00806183e+01,  5.88683176e+01, -2.10807910e+02, -1.73510075e+02,        8.68808813e+01,  3.17583552e+02, -3.43172318e+02,  2.62456802e+02,       -9.36675230e+01, -3.40090990e+01,  2.28688662e+02,  1.62693001e+02,       -7.63711493e+01, -3.55558917e+00,  2.06587240e+02,  2.37971835e+02,       -6.08861246e+02,  5.70390460e+01,  4.57061802e+02, -8.24586479e+02,        2.75106700e+02, -1.01130094e+03, -7.82559796e+01, -1.26028647e+02,       -7.24491456e+01, -7.59866877e+01, -2.18980976e+02, -3.06611071e+01,        1.39981539e+02, -2.04726283e+02,  1.19401343e+02,  7.35575659e+02,       -5.44839047e+02, -2.26132097e+02,  3.09961906e+02,  2.10547486e+02,        3.50852564e+02,  1.38799580e+02,  2.40216189e+02, -1.58652878e+02,       -4.14644120e+02, -3.59855781e+02, -1.75368289e+02,  5.56027801e+00,       -3.56150328e+02, -1.29304122e+02,  5.65614210e+01,  1.96011866e+02,       -8.49936237e+01,  4.76212317e+02, -4.29002784e+02, -4.48590354e+01,       -2.28050141e+01,  2.35817349e+02, -3.44579043e+02, -2.16618374e+02,        2.32523235e+02,  4.23186838e+02,  5.91032383e+02,  2.97401875e+02,        3.49380391e+02, -2.52012935e+02,  5.29674395e+02,  5.70513381e+02,       -5.44133567e+01,  3.33957470e+02,  3.21902958e+02, -2.15749422e+02,        1.37598631e+01,  5.19278340e+02, -2.35610823e+02, -1.05223382e+02,       -5.12105350e+02,  2.27937076e+02, -6.40426804e+01,  1.48662254e+02,        8.11508024e+01, -3.52764083e+02,  3.88676700e+02,  3.44664793e+02,       -2.01119123e+02,  1.56019366e+02, -4.86469532e+02, -4.37319338e+02,        1.97644357e+02, -5.83759692e+02, -2.28392806e+02,  8.11806630e+01,        6.83317166e+02, -2.06228437e+02, -8.84923941e+01, -1.23894302e+02,        9.70579566e+02,  1.19488629e+02, -3.67472425e+02,  5.78997863e+02,        5.32814921e+02,  2.54100583e+02,  6.17404311e+02,  6.84304375e+02,       -8.89683241e+01, -2.53575876e+02, -2.74719060e+02,  2.27472112e+02,        3.20706973e+02, -4.14889228e+01, -1.74212911e+02, -5.20688986e+02,       -2.55122904e+02, -3.74473008e+02,  2.49672256e+02,  1.27622995e+02,        5.28997098e+02,  4.79756917e+01, -2.12704434e+02, -6.68351100e+01,        3.38111260e+02,  1.10994987e+02,  4.30550387e+02,  4.85770408e+02,       -1.17184782e+02, -7.62867321e+01, -8.15889721e+02,  4.51142345e+02,       -4.58483894e+01,  4.24407598e+02, -1.54612608e+02, -4.91958482e+02,        1.67433434e+02,  5.84544615e+02, -2.06923806e+02,  5.77183156e+02,       -6.09960594e+02, -1.89690950e+02, -6.60276937e+02,  1.86674902e+02,        9.72032705e+01,  6.75447553e+00, -5.05527428e+02,  7.40906034e+02,        4.44576503e+02,  6.95505634e+01, -3.86992130e+02,  1.84007906e+02,       -2.30266200e+02, -7.38796662e+01, -1.84336739e+02,  1.75935387e+02,       -8.52674610e+01, -1.72139676e+02,  1.61279123e+02,  2.21523791e+02,       -7.17415018e+02,  1.64614431e+02,  5.64992769e+02,  3.53408673e+02,       -1.10830400e+02,  2.88346017e+01, -3.01525153e+02,  4.96205528e+02,        1.48081443e+02, -5.68409277e+01, -5.88970692e+01,  9.17114888e+02,        7.26047708e+00,  2.60327902e+02,  6.08767970e+02,  8.20142881e+02,        5.38039788e+02,  3.56569188e+02, -5.34826823e+02, -3.64525460e+02,        2.90797346e+02,  1.40453311e+01,  2.72162729e+02,  1.55709524e+02,        4.93224086e+02, -6.50818212e+02, -4.12404872e+02, -5.35391385e+01,       -7.27693290e+02,  1.64671083e+02,  3.30580907e+02,  1.18191199e+02,       -1.91452782e+02,  1.98800259e+02,  1.19611238e+03,  2.17424953e+02,        1.27337268e+02, -4.11877628e+02, -5.56420784e+02, -1.31667170e+02,        2.61403963e+02, -4.38016404e+01,  1.75862648e+02,  2.95906624e+02,       -5.02488886e+02,  2.07804379e+02,  4.41745689e+02,  4.92204699e+02,       -4.70153463e+01,  9.75315181e+00, -7.83174723e+01, -4.24577990e+02,       -5.59186893e+02,  7.01661977e+02, -5.63230405e+01, -4.97192240e+02,        1.84874257e+01, -1.91674782e+02,  7.67963405e+02, -2.01301346e+02,       -2.89663605e+02,  2.62257066e+02, -1.22299785e+02,  3.63742515e+02,       -4.71548590e+01,  8.45444535e+02,  4.23069753e+02, -1.09743829e+01,       -3.02912506e+02,  2.07577982e+02, -4.65746322e+02, -9.84422898e+01,        5.10840175e+02, -2.35807757e+02, -3.96785652e+02, -1.87216278e+02,        4.36364767e+02,  1.22760895e+02, -6.97333233e+02,  2.56745198e+02,        1.25679006e+02,  5.77185133e+01, -4.30297588e+02,  1.37663332e+01,        2.94717591e+02,  4.28901379e+02,  5.38123441e+02,  2.18280132e+02,        3.43174356e+01, -4.26731598e+02, -4.02554929e+02, -6.25408457e+02,       -7.72044247e+01,  2.65236079e+02, -2.06129601e+01,  4.50620147e+02,       -2.66165228e+02,  1.54549378e+02, -1.00208045e+02, -2.50500364e+02,        4.97223475e+02,  6.43093033e+01,  5.15512167e+02,  2.42375535e+01,        2.09499686e+02, -1.68119869e+02,  5.26136510e+02, -1.01105647e+02,       -3.20847255e+00, -6.57129575e+02, -9.09116727e+01,  6.11765408e+02,        5.59328033e+02,  2.22277766e+02, -1.27156146e+02,  3.26184331e+01,       -1.48671761e+02, -4.80223092e+01,  7.56334882e+02,  1.52609742e+01,       -1.98918379e+02, -9.27656958e+02, -4.56165019e+02, -3.16130173e+02,       -5.63884643e+02, -4.71667390e+02, -5.97217789e+02, -3.90168202e+02,       -3.20429979e+02, -4.04205529e+02,  4.01135022e+02, -2.14053458e+02,       -8.14579464e+02,  3.34996384e+02, -2.42406708e+02, -6.90980988e+02,        8.15491620e+02, -2.02637722e+02,  1.66174436e+02,  3.42595877e+02,        7.30879299e+00,  2.19764015e+02,  7.26697006e+00, -1.25347601e+01,       -1.15081479e+02, -6.09112473e+02,  8.91910988e+01, -1.09674561e+03,        5.49770593e+02, -3.68827347e+02, -1.16837820e+02, -1.50062609e+02,        8.68209772e+01, -1.58463368e+02,  2.40936867e+02, -4.52612669e+02,        3.18459040e+02,  3.28787899e+02,  1.30547536e+02,  8.29543724e+01,        1.67136139e+02,  6.24800047e+01,  2.54252274e+02, -7.99501293e+01,       -5.26854369e+02,  8.23126100e+01, -1.93277019e+02, -3.82415137e+01,        4.19350874e+02, -6.82082459e+02,  8.16208113e+00,  1.14641219e+01,        7.27895751e+01,  2.79714445e+02, -1.16130953e+02,  7.08118746e+02,        4.07933932e+02, -1.47701963e+02, -8.92507958e+01,  1.60515053e+01,        6.55974936e+02, -4.69798392e+02, -8.76889906e+02,  2.43431945e+02,       -1.02809551e+02, -1.06141664e+02,  1.41635608e+02,  6.58795672e+02,        4.01896730e+02, -1.48131447e+02, -4.24983727e+02, -5.06058228e+01,        2.47634811e+02, -1.10544753e+02, -6.26720704e+02, -2.37227987e+01,       -7.83115341e+02, -4.11226762e+02,  6.70093936e+02, -4.32069954e+02,       -5.59948457e+02, -4.37835598e+02, -2.97873443e+02,  2.81960276e+02,        6.94673842e+02, -4.28788493e+01,  2.32105017e+02, -1.51687757e+02,       -5.88238750e+02,  3.93628321e+02, -3.84286474e+02,  2.38734823e+02,        3.05730684e+02, -6.23509915e+01,  3.47503420e+02,  3.69791215e+02,        9.06631294e+02, -1.25582689e+02, -3.88703195e+02, -5.37673844e+02,       -1.27805814e+02, -2.17970236e+02,  8.55992253e+02, -3.73262420e+02,        8.62428586e+01,  6.27328558e+01, -2.21079784e+02, -6.84233922e+02,       -5.45904318e+01,  8.24398345e+02,  9.22390802e+01,  5.96935224e+01,       -4.52455423e+02, -5.12359860e+02, -8.28393620e+01,  4.08945425e+02,       -1.88485830e+02,  8.99373976e+02, -3.70425826e+02,  1.43487249e+02,       -1.75099578e+02, -5.78987624e+02,  2.57624628e+01, -4.31219524e+02,       -6.29072140e+02,  6.97643199e+01,  2.01137469e+01,  4.37111957e+02,        1.76912320e+02, -2.85664458e+02,  1.90528611e+02, -6.97017101e+02,       -4.47094514e+02,  7.65184667e+02,  1.10504084e+02, -1.20121328e+02,       -2.73062466e+02, -3.96869891e+01, -6.62930556e+01,  7.17886700e+02,        3.45669429e+02, -1.24559766e+02, -5.93109241e+01, -3.40271127e+02,       -1.72108030e+02, -5.68661739e+02,  4.04238522e+02,  6.32399788e+01,        1.17160973e+02,  1.28501384e+02, -4.61589469e+01, -1.54602553e+02,       -4.67134118e+00, -8.98565824e+02, -1.61502222e+02, -6.84576607e+01,       -7.77039840e+01,  4.63768171e+02,  5.34017326e+02,  1.36832070e+02,       -8.09547100e+02,  5.40907053e+02, -1.68442679e+02, -3.26400888e+02,       -7.37761196e+02, -2.75586559e+02,  4.98701695e+02,  2.30354847e+02,        5.77642116e+01,  2.59290796e+02, -4.93393507e+02, -3.75416774e+02,        4.66555029e+02,  3.22471837e+02,  4.37178157e+02, -2.23119527e+00,        5.77507346e+01,  4.68589211e+02,  8.35320938e+02, -2.08548801e+02,        3.19496951e+02, -1.42447898e+02, -3.54778431e+02, -2.89457818e+02,       -2.59100572e+02, -1.27128041e+02, -4.32128722e+02, -1.98225397e+02,       -1.17975153e+03,  2.88283993e+02,  1.64206781e+02, -3.14611408e+01,       -3.51182097e+02, -1.89666894e+02, -4.55957347e+02,  9.93426347e+01,        6.96742129e+02, -1.75782336e+02, -1.38711763e+02,  1.85617204e+02,       -4.09836728e+02,  7.33756776e+02,  1.40220837e+02,  1.57590707e+02,        4.36705022e+02,  1.55395559e+01,  4.74796381e+02,  1.39125333e+02,       -7.27468967e+01,  7.90925798e+01, -1.83659210e+01,  5.88035509e+02,        7.64758055e+01,  1.24891772e+02, -7.60925493e+01,  1.12860976e+02,       -7.82795447e+02, -3.14572594e+02, -3.90625317e+02,  4.33777959e+02,       -2.47063071e+02, -5.45199199e+02,  4.97410336e+02, -1.01660288e+02,        3.69700399e+02, -7.73350631e+02,  2.09303713e+02,  6.49584957e+01,        5.02662454e+01, -7.50734880e+01, -5.49876632e+01,  4.17246966e+02,       -2.33241311e+00, -4.18600124e+02, -1.35073459e+02,  2.14312628e+02,       -9.88049668e+02, -7.86273243e+02,  1.27613668e+01,  9.44741306e+01,       -3.67545565e+02, -3.60255259e+01,  9.18646401e+02,  2.78591457e+02,       -4.75218609e+02,  7.98258866e+01, -7.58228475e+01,  8.76005198e+01,       -2.90476580e+02,  1.57158918e+02,  2.40718632e+02, -5.71672973e+01,        9.53535159e+02, -9.05712199e+01, -2.72211138e+02,  1.60944033e+02,        3.49736932e+02, -3.00110689e+02, -2.51942663e+01,  8.12051516e+02,       -2.02306338e+01,  4.99981132e+02,  1.20860918e+02, -8.17646076e+01,       -2.24114781e+02,  4.83144352e+02, -4.65428342e+02, -1.76903795e+01,       -1.27034829e+02, -3.58083685e+02,  1.42630820e+02,  2.01966383e+02,        7.58938596e+01, -1.35587669e+01, -3.27889718e+02,  1.56823925e+02,       -1.49528012e+01, -2.12662416e+02, -1.83312552e+02,  1.66861774e+02,       -4.21322821e+01, -3.10274947e+02, -9.02408698e+02,  7.81242031e+01,        1.98340196e+02, -3.97071656e+02, -1.91178723e+02,  6.99029492e+02,        6.15871979e+01,  2.98362442e+02,  5.52044534e+01,  3.13128071e+02,        4.38185625e+01, -3.34139968e+02, -3.25870319e+01,  7.05029181e+01,        2.35963053e+02,  6.80388124e+02,  4.17477508e+02,  1.79307917e+01,        1.45980154e+02,  5.11739277e+02,  2.22171458e+02, -6.15545737e+02,       -2.27106865e+02,  1.13950481e+02,  7.26332424e+01,  2.23987327e+02,       -4.45714506e+02,  1.08241720e+02,  3.40975673e+02,  4.18747764e+02,       -3.80397986e+02, -4.46093747e+01, -1.94095702e+01, -1.14720817e+02,       -2.82343536e+02, -1.68149898e+02, -2.73923938e+01,  6.77310039e+01,        3.50717370e+02, -2.63821244e+02,  6.78797696e+02,  3.01971894e+02,        2.14082399e+02,  2.81867660e+02,  2.57935301e+02,  2.78570674e+02,        4.58511102e+02, -3.74996066e+02,  5.36704658e+02, -9.44471868e+02,        2.63831235e+02, -9.22973605e+02,  7.15540431e+02,  6.16454841e+02,       -9.88680779e+01, -4.17525592e+02, -3.58697499e+02, -4.88706512e+02,       -5.25702194e+02,  4.88236799e+02,  3.64625436e+02,  2.05363106e+02,        2.69827132e+02,  3.45378358e+02, -3.26362798e+02, -1.71875959e+02,        4.87203583e+02, -1.05578667e+02,  4.49852034e+02,  6.20494548e+02,       -3.68117383e+01, -6.11385728e+02,  1.16871586e+01, -1.17053167e+01,       -8.33646884e+01,  6.52322799e+00, -5.70058896e+02, -1.57163698e+02,        4.96148186e+01,  7.51793078e+01,  4.10992879e+02, -3.39694638e+02,        5.20030096e+02, -3.43504118e+02,  1.88236131e+02,  3.30537513e+02]
bee_TS =[-4.99026694e+02, -3.97251265e+01, -1.15490103e+02,  3.86260195e+02,       -1.82382265e+02, -1.59926052e+02, -3.40445958e+02, -7.59296808e+02,       -3.63737128e+02, -4.07193193e+02, -3.32126277e+02,  3.94176799e+01,        1.23231795e+01,  2.57752230e+01,  2.66265601e+01,  4.02213356e+02,       -1.77406955e+02, -1.57040974e+02,  1.49461706e+02, -9.48466292e+02,        4.99181565e+02, -2.28246342e+02, -4.33251623e+01, -1.02809772e+02,       -4.86825519e+01, -4.97218628e+01,  7.37099561e+02, -1.82175856e+02,       -7.04020569e+01, -4.48602484e+02,  6.59881241e+02, -1.16645571e+02,       -3.32450860e+02,  2.04676631e+02, -3.62642286e+01,  1.66330267e+02,       -2.69924121e+01,  6.08971469e+01,  2.32935299e+02, -8.68233372e+02,        4.61960075e+02,  1.09646614e+02, -4.93527877e+01, -2.88094168e+02,        9.60334865e+01, -1.54015431e+02,  3.73931830e+02,  3.15520532e+02,       -2.34971169e+02, -2.49477680e+02, -2.54855787e+02, -2.88944596e+02,        9.70627172e+01, -4.23817836e+02,  1.16646225e+02,  5.11527190e+02,        5.83563798e+02,  2.96503431e+02,  1.37200862e+02,  2.33768206e+02,        7.64979242e+02,  1.79463871e+02, -4.69896291e+02, -1.05732687e+02,       -2.00550903e+02,  5.20699404e+02, -6.38684925e+02, -5.34464724e+02,       -2.30869527e+02, -8.32402345e+01, -3.73804683e+02,  2.28505685e+02,        8.18894986e+01,  1.11777347e+02, -3.28900523e+02, -2.96892971e+02,       -4.80752875e+02,  3.19570325e+02, -2.79014949e+02,  2.24448525e+02,       -5.62962267e+01, -2.49997648e+02, -4.96678872e+02, -1.48185170e+02,       -9.61970312e+01, -1.35633415e+02,  3.35886433e+02,  6.03541052e+02,       -3.60113503e+02, -6.82408332e+02, -1.69492896e+02,  9.44887114e+02,       -4.87059869e+02,  2.82546997e+02, -9.02431008e+01, -5.29807167e+02,        2.05141109e+02,  3.25769416e+02, -1.49513726e+02,  3.00745839e+02,       -2.28356505e+02, -4.37150861e+02,  7.58844517e+02,  3.96441588e+02,        2.64560526e+02,  1.25127181e+02,  2.09587593e+02,  6.94349827e+02,       -2.12058429e+02,  4.93666148e+01, -1.17795627e+03,  1.56872341e+02,       -5.81383441e+02,  1.23546359e+02,  1.83924313e+02, -2.90852262e+02,       -4.56255731e+02,  5.33403743e+01, -2.50367690e+02,  3.02409864e+02,       -4.33258136e+02, -2.24452688e+01, -3.02461106e+02, -3.56928910e+01,       -2.77740493e+01,  1.43618405e+02,  1.09443398e+01, -5.07942434e+01,        5.15066914e+02,  7.77280283e+02,  4.07251839e+02,  6.65248683e+02,       -1.01501644e+02,  1.15329649e+02,  4.67302495e+02, -7.71289625e+01,       -6.50243339e+02, -3.18463348e+02, -4.27156147e+02, -2.44304833e+02,        2.38605202e+02, -1.00358652e+03, -1.64170529e+02,  3.65853042e+02,       -3.10321263e+02, -3.13268239e+02,  4.61503169e+02,  3.74560573e+02,       -2.94646015e+02,  1.64617825e+02, -2.08971884e+02,  2.95919425e+02,        3.33638069e+01,  1.30410642e+02, -7.39278528e+02, -4.13187113e+02,       -6.52247769e+01,  2.97170656e+00, -3.29125401e+02,  9.08000525e+02,       -1.89390423e+02, -2.86037709e+02,  3.19870126e+02, -4.08653664e+02,       -2.77724167e+02,  2.60773598e+02,  9.42055926e+01,  1.10763130e+02,        1.03014008e+02, -9.59562324e+01,  1.65631903e+02,  4.95957261e+02,       -2.51496621e+02,  1.47236178e+02,  7.74370249e+02,  2.85190674e+02,       -7.43573857e+01, -1.63144632e+02,  1.31027000e+03, -1.49518371e+02,        3.00742108e+02,  1.84431295e+02,  2.93229646e+02,  7.56647939e+02,        4.24896998e+02, -2.48147052e+01,  1.92711080e+02,  4.02245666e+02,        3.30447950e+02, -4.72866975e+02,  7.96101185e+02, -7.08543489e+02,       -1.50605444e+02,  4.89545109e+02,  7.13471701e+01,  5.91659685e+01,        2.66716057e+02,  2.08714817e+02,  3.04874712e+02, -5.44040390e+02,        4.31959341e+01, -2.33069034e+02, -9.29619977e+01, -2.89653150e+01,       -7.56937338e+01, -4.70651989e+01,  6.96758042e+02, -7.25299741e+01,       -2.35533458e+02, -1.92208372e+01,  9.93938128e+01, -5.00993701e+02,       -3.80646842e+02, -3.10630332e+02, -5.36891010e+02, -1.40196028e+02,       -3.54431447e+02,  1.65092080e+02, -9.96217429e+00, -9.03718803e+01,       -7.28423500e+01,  5.55924706e+01, -1.70753042e+02,  5.70186891e+02,       -6.99090267e+02, -1.37629033e+02, -1.33829269e+02,  1.43338204e+02,        1.56946309e+02, -3.93725561e+02, -1.56340356e+02,  3.55771707e+02,       -1.89890814e+02,  1.34763854e+02,  3.14575177e+02, -3.63242676e+01,        9.62388915e+02, -1.75718623e+02, -2.73963564e+02,  5.52658503e+01,       -1.92717667e+02,  4.52838021e+02, -3.06267432e+02,  7.24360121e+01,        5.33717258e+02, -1.11445662e+02,  1.02378653e+03,  1.09289173e+03,       -5.58601700e+02,  4.94857349e+02,  1.42469701e+02, -4.55371901e+02,        1.49748633e+02,  3.08622091e+02,  3.23367832e+02,  2.01219905e+01,        1.00092397e+02,  6.05616344e+02, -1.96481721e+02,  1.39109782e+02,        6.49112623e+02, -3.18305387e+02, -1.26643606e+02,  4.43244952e+02,        2.27998828e+02,  6.49762477e+02,  2.18490878e+02,  5.72880454e+01,        2.23751032e+02,  3.30607058e+02, -4.11995836e+02,  2.89160181e+01,        1.56059324e+02,  1.04716468e+02,  1.86648598e+02, -4.99149013e+02,        2.92256588e+02, -3.79027150e+02, -2.68920857e+02,  1.49361762e+02,       -1.20460423e+02,  4.66634730e+02, -2.06728135e+02,  2.47274498e+02,        2.78418538e+02,  6.78294942e+02,  4.72370128e+02,  4.03278565e+02,       -7.54299473e+01, -5.78875977e+01, -2.69370622e+02,  6.52173897e+02,        6.69221972e+02,  3.17977418e+02, -1.95730156e+02,  4.28529056e+02,       -7.68471680e+01,  1.80726723e+02,  5.29416579e+02,  6.87493469e+00,       -6.55728214e+01, -2.11195631e+02, -4.51930384e+02,  8.25008758e+02,        3.83791412e+02, -4.75615188e+02, -1.31364634e+02,  2.37552652e+02,       -8.97587067e+01,  5.30025476e+02,  1.03897499e+02,  6.77856621e+02,        2.63728036e+02, -2.42062786e+02,  2.11332573e+02, -3.60714317e+01,       -2.71168890e+02,  1.42997886e+02,  1.59993135e+02,  7.72565885e+02,        6.80071242e+02,  4.47243218e+02,  5.93387775e+02,  6.15526928e+01,       -2.33140185e+02,  1.33168870e+02, -2.82791731e+02, -4.30025685e+02,       -4.92378355e+02, -2.31964801e+02, -9.16255754e+02, -2.64127525e+02,       -7.25697106e+02,  1.82415886e+02, -3.91382503e+02,  3.47590709e+02,       -8.12930966e+02, -2.75169594e+02,  4.20606127e+02,  1.91176476e+02,       -7.32267498e+02,  5.28637378e+02, -2.05032256e+02,  4.43013939e+02,       -2.18388099e+02, -6.70371287e+02,  1.03435410e+02, -5.40831617e+02,       -1.14449894e+02,  2.48302458e+00,  3.61126399e+02,  1.06294308e+03,       -3.86521055e+02, -2.97368879e+02, -2.33257093e+00, -1.19009386e+02,       -6.89373195e+02, -4.72721837e+02,  4.20749173e+02, -2.16030417e+02,        1.42771718e+02, -4.13796110e+02, -1.26977721e+02, -3.40773020e+02,        4.55213343e+02,  1.30540942e+02, -1.90197618e+02, -1.13747163e+02,        8.56445952e+01, -7.11862451e+01,  3.69500846e+02, -2.13070349e+02,        4.32590306e+01,  2.91245567e+02,  1.49261461e+02, -1.47930215e+02,        1.31414912e+03,  4.59772004e+02,  2.85845655e+01,  9.01430453e+01,       -5.23517008e+02,  2.62625998e+02, -6.36078779e+02, -2.17649760e+02,       -4.66670112e+02, -1.62136756e+02,  4.71264453e+02, -4.78919196e+02,        1.53860471e+02, -2.31773906e+01,  2.77698773e+01, -3.16206444e+02,       -3.79679192e+02, -2.49186955e+00, -3.63448586e+02, -1.87916686e+02,       -3.47205708e+02, -8.87088538e+01, -3.04523065e+02, -4.35814568e+02,        1.90740308e+02, -1.46845514e+02,  1.79600290e+02,  8.60096918e+01,       -6.23421470e+02, -4.64924039e+02, -3.36420101e+02,  3.02291009e+02,       -8.47006840e+00, -5.36639714e+02,  4.93238062e+02, -3.37057227e+02,        4.64022963e+02, -2.55156933e+02, -4.12790635e+02,  2.25511394e+02,       -5.74892741e+02, -3.29067931e+02,  5.41296190e+02,  1.52905489e+02,       -3.43021661e+02,  4.44480809e+02, -1.45089898e+02, -3.19774067e+02,       -2.59621092e+02, -4.11570065e+02,  2.01246747e+02, -7.70054268e+02,       -7.06498287e+02, -8.19753141e+01, -2.55974470e+02, -4.66869776e+02,        6.11194109e+02,  1.11989798e+03, -2.80615315e+02, -2.75117090e+01,       -5.35117318e+02,  5.60517633e+02,  1.56751773e+02, -1.65764125e+02,       -3.27180066e+02,  1.43536969e+02, -5.16082950e+02, -1.71030098e+02,       -7.52973070e+02,  2.96486354e+02,  1.11399908e+02,  5.15859535e+00,       -5.82049361e+01, -2.89085213e+02, -7.54485820e+01,  1.08148220e+03,       -1.63727089e+02, -3.91370749e+02, -5.75130624e+02,  1.10250248e+02,       -3.04477726e+02,  7.49906951e+01,  2.47177293e+02,  5.71010892e+01,        2.38423619e+02,  1.01460430e+02,  5.05904508e+02,  2.61708656e+02,       -2.87098721e+02,  3.58076066e+02,  2.94599295e+02,  9.45316887e+01,        3.79520837e+02, -2.07992015e+02,  6.17023600e+02,  1.56822269e+02,       -2.55232369e+02, -4.87969639e+01, -1.62250095e+02,  2.04637853e+02,       -2.23614637e+02, -2.47797890e+01, -9.12692152e+01,  7.04343313e+02,        4.54110316e+02, -5.73094272e+02, -3.50965547e+01, -4.58300248e+02,       -1.49733569e+02, -1.92642582e+02,  6.25248727e+01, -1.22239539e+01,       -2.19647206e+02,  1.07406557e+02, -5.88071969e+01, -8.94501639e+01,        7.36196342e+02,  1.53502034e+02, -6.87539457e+02, -3.76140781e+02,        7.83293127e+02,  2.32685968e+02, -7.27323032e+01,  9.01928510e+02,       -1.57411110e+02, -9.65187329e+01, -4.93462154e+01,  1.14231925e+02,        2.41137394e+02,  3.47615787e+01,  2.27582170e+02, -1.34962063e+02,       -2.63156488e+02, -3.67113338e+02, -4.06335632e+02,  3.80953556e+02,        1.07478102e+02,  3.20562819e+02,  1.17090964e+02,  7.51268108e+02,        1.49154945e+02, -6.94763251e+02, -2.91453706e+02,  8.41769901e+01,       -2.35745924e+02,  5.26744933e+02, -1.05869685e+02,  1.56144624e+02,        4.22718876e+02, -6.22484975e+02,  1.26066190e+03,  1.64461063e+02,        2.02305294e+02,  2.97138361e+02,  6.84203900e+01, -6.09210529e+00,        3.06282417e+02, -3.01024720e+02,  6.93169802e+02,  5.97792983e+02,       -3.51317243e+02,  1.26341272e+02,  5.88806636e+02, -1.83743764e+02,        1.35045886e+02,  3.62846203e+02,  3.61880702e+02, -6.64816202e+02,       -1.17928420e+02, -2.97613234e+02, -2.55289482e+01, -3.53820701e+01,       -2.29278638e+01, -1.38452109e+02, -2.49020023e+02,  6.97332479e+01,        8.65430787e+01,  4.53497068e+02, -3.56571614e+02,  3.27455525e+02,        3.78905701e+02, -1.41567851e+02,  7.51465735e+02, -5.79205650e+02,       -8.92945084e+02, -5.64402946e+01, -7.11456073e+01,  2.35711921e-01,        6.68043582e+02, -6.20352516e+01,  3.44681818e+02,  4.04656369e+02,        3.22028649e+02, -9.01792886e+01,  5.36076861e+02, -1.35184517e+02,       -2.73674890e+02, -3.92412572e+02,  4.58540300e+01,  3.26026865e+02,       -4.26166642e+01,  3.24843027e+02, -2.57924754e+01,  5.42406499e+02,        1.68998359e+02,  7.54861964e+01, -4.71340128e+01,  2.87389419e+02,        3.19927966e+02,  1.68939151e+02, -6.82506634e+00, -4.54476453e+02,        2.54729206e+02,  1.67273945e+02,  3.12782310e+02,  2.62586524e+02,        2.99787074e+02, -5.05812653e+01,  2.28995462e+02, -2.08402522e+02,       -8.76738076e+00, -4.70861702e+02, -2.63698107e+02,  3.31237854e+02,       -7.66401258e+02,  2.49024276e+02,  1.44008148e+02,  7.00090025e+02,       -2.21312468e+02,  2.57826361e+02, -9.90384666e+01, -4.09387602e+02,       -6.09678861e+02, -6.85333208e+01, -7.43473936e+02,  1.36596352e+02,       -1.74639965e+02,  2.53324713e+02,  1.72680193e+02, -2.16104941e+02,       -2.11413685e+02,  3.26624084e+02, -5.07305917e+02, -1.02903704e+02,       -1.76045713e+02,  1.98343411e+02, -4.53832045e+01,  4.90249101e+01,       -1.82786005e+02,  4.81235345e+02, -4.02119712e+02,  8.14898325e+01,        5.07637381e+02, -2.89599423e+02,  1.52805292e+01, -3.19692225e+01,       -5.80006549e+02, -3.93086957e+02, -6.78998256e+01,  2.22930473e+02,        2.72033768e+02,  4.09669007e+01, -6.86269245e+01,  1.87118097e+02,       -3.81953757e+02,  2.41346547e+00, -4.25513827e+02, -2.32427532e+02,        3.97174192e+02, -2.48547839e+02,  5.41922481e+02, -1.79777803e+02,        2.97457739e+02,  2.15942109e+02, -5.26489679e+02, -2.41270280e+02,        7.25278739e+01, -3.36861979e+02, -2.95543710e+02, -7.33279714e+02,       -4.70762240e+02, -4.41754954e+02, -3.63409132e+02,  1.91681706e+01,        1.11067544e+02,  8.08587862e+00,  1.76638025e+02, -4.81765373e+02,        1.22202990e+02,  1.75244281e+02, -5.61785335e+02, -5.44782902e+02,       -3.47554676e+02, -1.96299206e+02,  1.65197562e+02,  7.55733219e+00,       -3.75852699e+02,  3.01260899e+02, -1.68879646e+02,  4.22602174e+02,       -7.54567926e+02,  5.09695421e+02, -3.11821338e+01, -3.08950262e+02,       -2.21247639e+02,  2.75460470e+01,  3.58830588e+02, -6.37470469e+02,       -1.19418681e+02, -1.73438023e+02,  4.14641642e+02,  7.10024829e+02,       -8.20501926e+02,  7.90210862e+02,  3.86020428e+02, -6.30853833e+02,       -2.97779960e+02,  6.44284475e+02,  5.11499913e+02, -1.51163728e+02,       -3.04807896e+01,  8.80486706e+01,  5.98608267e+02, -4.45490542e+02,        1.37883682e+02, -6.42542144e+01,  2.57494665e+02, -6.25321109e+02,       -6.42404111e+01, -2.84593442e+02,  3.99639500e+02,  3.61246566e+02,       -7.24267568e+02, -4.18908614e+02, -1.92377089e+02, -3.28508604e+02,       -1.23801861e+02, -1.95535293e+02,  3.62304567e+02,  3.51355816e+02,       -4.97162311e+01, -3.90456331e+02, -7.06274617e+02,  3.67542834e+02,       -4.29605407e+02, -2.65375547e+02,  4.05335535e+01, -2.91285715e+02,       -3.52474890e+02, -2.17936795e+02, -3.56069049e+02, -2.27364723e+02,       -4.30860229e+02,  4.92578842e+02,  5.46431662e+02, -2.84161763e+01,       -2.02171503e+02, -1.34724336e+01,  3.59499848e+02, -7.45857016e+02,       -1.75949071e+02,  4.23379177e+02,  5.67799248e+02, -1.56639038e+02,        9.57020667e+01,  4.63547385e+02,  1.31920335e+02, -5.68904536e+01,       -3.74774961e+02,  1.91723686e+02, -3.04009028e+02, -1.35415581e+02,       -1.63979193e+02, -1.58829034e+02,  1.68432080e+02,  6.61076699e+02,        6.97694507e+00,  3.50581510e+01, -7.67362068e+02, -1.46997979e+02,       -3.21167098e+02,  3.96619950e+01, -3.57631933e+02,  6.65160797e+02,        6.89084673e+02,  1.24584286e+02, -1.26150035e+02,  1.22717441e+02,        2.15539339e+02, -4.05189085e+02, -6.53824801e+01,  1.17782555e+02,        1.17712097e+02,  4.81122470e+02,  3.82200579e+02, -1.76453401e+02,        2.40862938e+02, -8.19036139e+02, -3.65392488e+01,  7.22696680e+02,        8.13366998e+01, -6.20537651e+00,  2.82140591e+02, -2.46646795e+02,        7.86954300e+02, -1.04120415e+02,  7.21870904e+02,  3.15015898e+02,       -3.25096074e+02,  2.59709801e+02, -2.62345533e+02, -5.83969105e+02,       -3.39556695e+01, -4.81116810e+02, -4.53293417e+02, -4.55642567e+01,        2.72878531e+02, -4.84250855e+01, -2.86187220e+02,  6.40054239e+01,       -6.19012710e+02, -7.88098304e+01, -7.03736996e+02,  4.42571453e+02,       -1.14623250e+01, -4.35812766e+02, -1.61082452e+02,  1.47326176e+02,       -2.73284340e+02, -4.01236424e+02,  7.65945702e+02, -1.90206959e+02,       -3.78083826e+02,  2.13698703e+02, -1.00662272e+02,  4.36045263e+02,       -1.37840776e+01,  7.44135610e+01,  8.67144611e+02, -1.52776654e+02,       -2.97238952e+02, -3.17035510e+02, -4.52588308e+02, -2.80766723e+02,        2.41661028e+02,  1.78352066e+02,  1.80456182e+02,  6.38221664e+02,        2.00929279e+01,  1.42155880e+02, -5.65663715e+02,  2.09104965e+01,       -1.99050496e+02, -2.27447932e+02,  1.52351142e+01,  2.99454525e+02,        3.26940179e+02,  6.72521186e+00,  8.00457843e+01,  2.51463664e+02,        3.18836025e+02, -2.05542243e+02, -1.12468226e+02,  1.45556026e+01,       -1.99828839e+02, -6.70624597e+01, -2.31025541e+02,  6.46112951e+02,        5.55004194e+02, -1.08576096e+02,  1.02866927e+02, -2.03957503e+01,       -2.02928599e+02,  2.85132427e+02, -7.56365023e+01,  3.33234545e+02,       -4.59746397e+02,  1.61524326e+02, -9.49253752e+01, -4.66248864e+02,       -2.16433558e+02,  2.33878542e+02, -7.31139762e+02,  3.61057359e+02,        4.20835177e+02, -6.12797929e+01, -4.37718070e+01, -2.78216184e+01,        2.08263983e+02, -2.81739145e+02,  3.11296652e+02,  2.42153239e+02,       -8.93505221e+02, -2.82340409e+02,  1.93529273e+02, -7.83356411e+01,        3.26777578e+02, -5.25825833e+02, -4.39102651e+00, -3.55303654e+02,       -1.05645619e+03,  6.41439627e+02, -5.07627123e+02, -4.92022319e+02,        7.57804392e+01,  1.09436326e+03,  3.67584431e-02, -1.83949888e+02,       -1.80325182e+01, -6.09397795e+01, -7.57017510e+02, -5.28883327e+02,        6.64959775e+02, -4.39238763e+01, -3.38500247e+02,  4.30512913e+02,       -2.95447218e+02,  3.38156956e+02,  4.65855083e+02, -5.26791513e+02,       -2.19666787e+02, -2.94736785e+02, -1.28260477e+02, -1.65294138e+02,       -5.69816566e+01,  1.17316328e+02, -2.87100408e+02,  2.53783650e+02,        5.10762538e+02, -1.38074236e+02, -1.52154030e+02,  1.18123925e+02,        4.90408456e+02,  4.15854276e+02,  3.12460444e+01, -1.40470231e+01,       -4.59622525e+01, -4.34547493e+02,  3.22824385e+02, -2.04856836e+02,        1.68768866e+02, -1.34986205e+02,  2.48634450e+02,  1.50129486e+02,       -6.73377940e+02, -2.38049581e+02, -6.75141161e+02, -2.77021871e+02,        6.39939864e+01, -1.47062274e+02,  2.55735790e+02, -2.47167511e+02,        1.63584028e+01,  8.98064177e+01,  6.37055988e+02,  3.19847031e+02,       -2.30809331e+02,  1.75921511e+01,  9.47100302e+01,  3.41600989e+02,       -5.44218373e+00,  4.32762556e+02,  2.07213914e+02,  7.62468521e+02,        2.17418954e+01,  5.84824293e+02, -2.23270396e+02, -3.29351352e+02,        7.09231389e+01,  6.27670135e+01,  2.60782717e+02, -5.42246943e+01,       -1.36437186e+02,  2.22535501e+02, -3.91990015e+02, -4.42926517e+02,        6.56819354e+02, -5.06387003e+01, -3.66047483e+02, -4.19308149e+00,       -1.20992193e+02,  2.99302851e+02,  2.82850836e+02, -1.67782257e+02,        9.62629362e+00, -2.31541164e+02, -2.78721566e+02, -2.44200540e+02,       -8.18282904e+02, -2.93733209e+01, -5.51639029e+02, -4.71214707e+02,       -3.37443874e+02,  1.50078581e+02, -3.22373159e+02,  1.86919611e+02,       -4.82933286e+02,  9.00752254e+00, -3.47940937e+02,  6.41278185e+01,        1.01260963e+02,  2.48104330e+02, -1.69026824e+02, -1.25465241e+02,        2.22518868e+02,  5.14250794e+02,  2.78425734e+02,  6.67924687e+01,       -5.83732851e+02, -1.18669572e+02, -2.64691021e+02, -5.19292429e+02,        3.54092301e+02, -2.96081483e+02, -3.72736551e+01, -1.96059541e+02,       -8.66928724e+02,  4.26239240e+02, -1.42567834e+02,  3.52715939e+02,       -5.93805490e+02,  5.60845534e+02,  3.63686048e+01, -2.66549287e+02,        4.00705900e+01, -2.00456484e+02, -5.84460893e+02,  1.20695989e+02,        2.39634044e+02,  2.79699205e+01, -3.09360288e+02, -1.11378874e+02,        1.38580197e+02,  2.49949749e+02,  5.48631599e+02,  2.17660539e+02,       -2.01108475e+02,  7.55163962e+02,  2.47003734e+02,  3.34103440e+02,       -1.45253813e+02,  2.27188593e+02,  1.48004612e+02, -5.27468210e+02,       -1.60827155e+02, -3.36930752e+02, -2.67431678e+02, -8.88080856e+01,       -1.50679677e+02, -3.17575113e+02, -9.71131617e+02, -2.60562308e+02,        1.31968147e+02,  8.64099783e+01,  7.98012380e+01,  4.24495816e+02,        1.58747828e+02,  2.73945755e+02, -3.60987115e+02,  3.95361807e+02,       -4.21527827e+02, -6.55289790e+02,  1.64037088e+02, -3.45273347e+02,       -3.58518199e+02, -1.34792841e+03, -1.02275804e+02,  6.83735427e+02,        3.98475705e+02, -8.72451211e+01, -1.01917470e+02,  2.52262419e+02,        5.82393294e+02, -3.45273121e+02, -8.16166924e+01, -2.71430859e+02,       -3.07623083e+02, -2.91490754e+02,  1.36047338e+02,  6.12884578e+02,       -5.61979481e+02, -4.52944879e+02,  2.10577520e+01, -7.34106263e+01,       -1.20760089e+02, -7.96320780e+02,  4.84083475e+02,  2.15436308e+02,        7.67250007e+01,  4.14118384e+02, -2.59420281e+02,  2.53435010e+02,        2.30630506e+02,  4.52873219e+01, -3.96974115e+01,  1.04933417e+02,       -1.38432050e+02,  4.02177277e+02, -3.73116362e+02,  3.59422232e+02,        7.94439762e+01,  9.54703730e+01,  2.02507390e+02, -7.36451533e+02,        5.49295941e+01, -5.47083544e+02, -4.32240222e+02, -4.19601712e+02,       -3.84732304e+02,  1.17996055e+01,  1.11158405e+02,  4.12603725e+02,        8.28177510e+01,  1.17567479e+02, -6.08297505e+02, -2.14009253e+02,        2.81278203e+02,  1.16944955e+01,  1.62401531e+01, -6.93732368e+01,        3.13509413e+02, -7.79608762e+02,  8.98446077e+01,  2.02260935e+02,        3.89120835e+02,  3.32282888e+02, -4.85472746e+02,  6.44294144e+01,        3.63901582e+01,  3.69071717e+01,  1.65333700e+01, -1.65913030e+02,       -2.68136812e+02,  1.34780701e+02,  5.35609581e+02, -7.68028649e+01,        8.13356497e+01,  1.52459370e+02, -2.11107356e+02, -2.09602781e+02,       -9.87045797e+02, -3.27548135e+02, -4.32773926e+02, -6.48172244e+01,       -5.42109685e+02,  6.41616652e+02, -2.51904713e+02, -4.50978788e+02,       -1.33681315e+03,  5.59091504e+02,  1.17011422e+02, -1.29362408e+01,       -5.24530458e+02,  8.99305775e+01, -1.48453982e+02, -2.78292028e+02,        1.00689394e+02,  2.73846620e+02,  6.76816426e+01, -1.47098453e+02,       -2.86454634e+01,  6.91135223e+00,  1.64887817e+02, -5.19087512e+02,        5.96660398e+02, -3.57859248e+02, -2.31439808e+02, -3.58093000e+02,       -8.27969055e+02,  8.13699285e+01, -4.07448562e+02, -1.88212984e+02,        2.91249492e+02, -2.05279571e+02,  5.57853652e+00, -8.37045160e+01,       -2.19041491e+02,  1.41574753e+01,  4.53202932e+02, -4.43247211e+02,        7.84237560e+02, -1.68395006e+02,  2.89891597e+02, -6.61563435e+01,        1.27517573e+02, -1.00615676e+02,  3.99725531e+02,  5.33402952e+02,        1.70065333e+02,  4.67291133e+02, -3.32567824e+02, -2.77077291e+01,       -1.94148058e+02,  5.82049917e+02,  4.92300209e+02,  3.77511497e+02,       -1.26816213e+02, -2.57836742e+02,  2.29779076e+02, -2.20435763e+02,       -1.17449120e+02, -6.19202395e+01, -2.21003166e+02,  4.37398228e+02,       -4.90936586e+01,  3.37286200e+02,  1.20180785e+02,  1.45401849e+02,       -2.91475323e+02,  2.76371294e+02, -1.55878434e+02, -1.11837467e+02,       -2.58070837e+01, -4.33593530e+02,  6.54339317e+02, -2.40608881e+02,       -3.56501361e+01,  1.68964304e+02,  1.45525429e+02,  6.02603302e+02,       -1.39886361e+02,  6.54279675e+02,  5.93691121e+02, -8.28186354e+02,        7.43692857e+01, -1.74490334e+02,  1.24729884e+02,  7.41395896e+01,        1.49466876e+02,  5.14222159e+02,  7.88869555e+02, -6.68378656e+02,        6.53370497e+02, -7.85962673e+02, -6.54721614e+02, -1.04508335e+02,       -1.00184185e+01,  5.97710584e+02,  3.30177172e+02, -1.56437324e+02,       -7.89785817e+02,  5.99791460e+02, -3.83121409e+02, -9.89321820e+00,       -4.33480505e+01,  1.05539981e+03, -2.41568299e+02, -8.97745672e+02,        2.63173038e+02, -1.37819444e+03,  9.46198485e+01, -3.03701292e+02,       -1.54507359e+02, -2.32944496e+02, -4.99731596e+02,  3.49939077e+02,       -3.08476100e+02, -7.77965372e+01, -6.67418292e+02, -5.72072354e+01,       -4.07140961e+02, -6.34663297e+02, -1.04408901e+03,  8.63893756e+01,       -2.74550301e+02, -7.41295950e+00, -1.15181437e+02, -6.74626773e+02,       -5.38172447e+02, -4.49841001e+02, -4.53888317e+02,  4.66981666e+02,        7.94534709e+01, -4.07491794e+02, -1.55920532e+02, -1.90719089e+02,        3.16539363e+02, -2.84310776e+02, -1.05226594e+02, -1.91362842e+02,       -3.05294900e+02, -3.19016625e+02,  3.26011409e+02, -1.49591135e+02,       -7.75535209e+02,  6.56635995e+02,  4.00387252e+02,  5.26135017e+01,       -6.17257254e+02, -6.43388126e+02,  9.23124764e+01,  1.18700835e+01,       -2.53058081e+02, -4.14174331e+02,  3.02597053e+02, -6.72207992e+01,        2.32518987e+02,  4.21191799e+02,  2.86653853e+02,  3.00865415e+02,        2.17460110e+02, -1.73047520e+02, -1.06551109e+02, -1.87751336e+02,       -2.97199897e+02, -3.89332430e+02, -5.51238940e+02, -3.33319950e+02,       -6.84374742e+01, -6.79067252e+02, -7.35388365e+01,  2.77237144e+02,       -6.07925048e+02,  2.11146243e+02,  1.84467419e+02, -6.00064092e+02,       -4.83720276e+02, -1.32683812e+02,  1.80778102e+02, -3.37964398e+02,        5.96025169e+02,  5.34510814e+02, -6.38708103e+02,  4.31400237e+02,        3.01748343e+02,  6.44595081e+01,  2.15745423e+02, -3.62815363e+02,       -1.21105878e+02,  4.59683333e+01,  1.50411708e+02,  3.84986314e+02,       -4.30255977e+02, -3.59165888e+01,  1.50709164e+02, -1.28644366e+01,       -2.23804948e+02,  1.67989906e+02, -2.26880228e+02, -1.71507006e+02,        3.25568676e+01, -5.09907463e+02,  3.13049302e+01, -2.00445805e+02,       -1.06734653e+02,  3.95205222e+00, -4.82716346e+02,  4.79021645e+02,       -2.28529590e+02, -1.09779637e+03, -7.18529100e+02,  3.31883209e+02,       -3.01776619e+02, -1.44445769e+02, -2.47388506e+02, -1.41316705e+02,       -8.47600890e+02, -9.50290262e+01, -5.43848798e+02, -2.83356786e+02,        2.18684970e+02,  6.30838992e+02, -3.23840047e+00, -2.72536196e+01,        4.94513975e+02, -4.29840237e+02,  3.04880775e+02,  7.88266505e+01,       -3.53150285e+02, -1.52241407e+02,  2.08208965e+02,  1.56836600e+01,        8.32524765e+01,  9.69294219e+01, -1.99801200e+02, -2.36680319e+02,       -4.48368826e+02,  4.24363158e+02, -5.38123983e+02, -3.95585890e+02,        8.05665274e+01, -7.58208711e+02,  1.63523878e+02,  5.31952216e+02,       -4.00867218e+01,  5.88219352e+01, -2.10750620e+02, -1.73461083e+02,        8.68670419e+01,  3.17645604e+02, -3.43176655e+02,  2.62466721e+02,       -9.36105942e+01, -3.39996866e+01,  2.28726408e+02,  1.62687168e+02,       -7.63611393e+01, -3.53130004e+00,  2.06637710e+02,  2.37954106e+02,       -6.08859320e+02,  5.69680518e+01,  4.57064423e+02, -8.24580617e+02,        2.75110166e+02, -1.01131946e+03, -7.82900343e+01, -1.26021516e+02,       -7.23793270e+01, -7.60015614e+01, -2.18970946e+02, -3.06843850e+01,        1.39932142e+02, -2.04782823e+02,  1.19414341e+02,  7.35544631e+02,       -5.44840879e+02, -2.26113731e+02,  3.09900653e+02,  2.10521050e+02,        3.50847923e+02,  1.38819368e+02,  2.40209840e+02, -1.58626357e+02,       -4.14613827e+02, -3.59876952e+02, -1.75375594e+02,  5.59066022e+00,       -3.56125717e+02, -1.29330288e+02,  5.65596903e+01,  1.96012938e+02,       -8.49973208e+01,  4.76202058e+02, -4.29014337e+02, -4.48381841e+01,       -2.27741301e+01,  2.35836848e+02, -3.44556467e+02, -2.16595829e+02,        2.32534576e+02,  4.23136650e+02,  5.91054625e+02,  2.97421338e+02,        3.49378514e+02, -2.52016603e+02,  5.29642639e+02,  5.70595276e+02,       -5.43636531e+01,  3.33925774e+02,  3.21890852e+02, -2.15710276e+02,        1.37444083e+01,  5.19227939e+02, -2.35625333e+02, -1.05209590e+02,       -5.12101205e+02,  2.27927683e+02, -6.40305251e+01,  1.48698463e+02,        8.11706136e+01, -3.52785805e+02,  3.88654688e+02,  3.44661690e+02,       -2.01090220e+02,  1.56030715e+02, -4.86439375e+02, -4.37257502e+02,        1.97676006e+02, -5.83760059e+02, -2.28338325e+02,  8.12848067e+01,        6.83318555e+02, -2.06173960e+02, -8.84947230e+01, -1.23919227e+02,        9.70559308e+02,  1.19531409e+02, -3.67475855e+02,  5.78988591e+02,        5.32824809e+02,  2.54129441e+02,  6.17369037e+02,  6.84314074e+02,       -8.89936532e+01, -2.53541289e+02, -2.74733388e+02,  2.27469795e+02,        3.20628296e+02, -4.15064625e+01, -1.74273835e+02, -5.20746369e+02,       -2.55137212e+02, -3.74432618e+02,  2.49632399e+02,  1.27609000e+02,        5.29051669e+02,  4.79615880e+01, -2.12632074e+02, -6.67748235e+01,        3.38131013e+02,  1.10959556e+02,  4.30501027e+02,  4.85752532e+02,       -1.17174422e+02, -7.63319070e+01, -8.15961921e+02,  4.51138810e+02,       -4.58334879e+01,  4.24402241e+02, -1.54572146e+02, -4.92003779e+02,        1.67411429e+02,  5.84543221e+02, -2.06956720e+02,  5.77165507e+02,       -6.09972496e+02, -1.89654469e+02, -6.60192914e+02,  1.86649781e+02,        9.71871347e+01,  6.76829982e+00, -5.05456541e+02,  7.40774576e+02,        4.44560449e+02,  6.94940876e+01, -3.86967840e+02,  1.84059417e+02,       -2.30287879e+02, -7.38623393e+01, -1.84299057e+02,  1.75944142e+02,       -8.52199174e+01, -1.72140072e+02,  1.61291801e+02,  2.21538869e+02,       -7.17415044e+02,  1.64559049e+02,  5.64959020e+02,  3.53379675e+02,       -1.10851098e+02,  2.88678661e+01, -3.01559597e+02,  4.96230694e+02,        1.48105101e+02, -5.68549434e+01, -5.88623038e+01,  9.17071723e+02,        7.19760058e+00,  2.60387875e+02,  6.08759698e+02,  8.20216896e+02,        5.38013521e+02,  3.56551850e+02, -5.34843345e+02, -3.64517808e+02,        2.90810053e+02,  1.40543200e+01,  2.72114261e+02,  1.55744895e+02,        4.93236984e+02, -6.50845949e+02, -4.12366468e+02, -5.35617722e+01,       -7.27651630e+02,  1.64652904e+02,  3.30608650e+02,  1.18199618e+02,       -1.91454692e+02,  1.98824815e+02,  1.19610839e+03,  2.17435188e+02,        1.27351176e+02, -4.11843493e+02, -5.56425345e+02, -1.31674727e+02,        2.61453090e+02, -4.38299451e+01,  1.75927448e+02,  2.95886402e+02,       -5.02483204e+02,  2.07843154e+02,  4.41708478e+02,  4.92181260e+02,       -4.69437794e+01,  9.73326073e+00, -7.82975423e+01, -4.24576966e+02,       -5.59131425e+02,  7.01646339e+02, -5.63189477e+01, -4.97269451e+02,        1.84534483e+01, -1.91688922e+02,  7.68005936e+02, -2.01291568e+02,       -2.89645686e+02,  2.62245327e+02, -1.22357061e+02,  3.63746757e+02,       -4.71377637e+01,  8.45450886e+02,  4.23054186e+02, -1.09639814e+01,       -3.02925105e+02,  2.07615817e+02, -4.65770456e+02, -9.84436221e+01,        5.10825058e+02, -2.35823873e+02, -3.96752423e+02, -1.87169795e+02,        4.36335540e+02,  1.22768953e+02, -6.97330970e+02,  2.56753375e+02,        1.25761462e+02,  5.77128187e+01, -4.30254738e+02,  1.37379332e+01,        2.94742231e+02,  4.28938465e+02,  5.38165589e+02,  2.18306680e+02,        3.43079537e+01, -4.26695823e+02, -4.02543582e+02, -6.25410668e+02,       -7.72378333e+01,  2.65247374e+02, -2.05870764e+01,  4.50608217e+02,       -2.66192260e+02,  1.54479067e+02, -1.00210606e+02, -2.50525257e+02,        4.97263576e+02,  6.43131790e+01,  5.15557787e+02,  2.43183285e+01,        2.09492576e+02, -1.68083095e+02,  5.26136447e+02, -1.01146692e+02,       -3.19099710e+00, -6.57138282e+02, -9.08991040e+01,  6.11781770e+02,        5.59321227e+02,  2.22284229e+02, -1.27118156e+02,  3.25818960e+01,       -1.48671877e+02, -4.79968063e+01,  7.56343361e+02,  1.52035612e+01,       -1.98952792e+02, -9.27684068e+02, -4.56135322e+02, -3.16149159e+02,       -5.63918353e+02, -4.71690440e+02, -5.97178010e+02, -3.90197323e+02,       -3.20422658e+02, -4.04155959e+02,  4.01095675e+02, -2.14053245e+02,       -8.14565172e+02,  3.35069570e+02, -2.42416997e+02, -6.90975583e+02,        8.15445195e+02, -2.02600861e+02,  1.66193404e+02,  3.42645213e+02,        7.27136820e+00,  2.19711681e+02,  7.27976156e+00, -1.25484976e+01,       -1.15123576e+02, -6.09175139e+02,  8.92230767e+01, -1.09674641e+03,        5.49730864e+02, -3.68814880e+02, -1.16793300e+02, -1.49997099e+02,        8.68767468e+01, -1.58471796e+02,  2.40936394e+02, -4.52574416e+02,        3.18504784e+02,  3.28812987e+02,  1.30535270e+02,  8.29600932e+01,        1.67144641e+02,  6.24947787e+01,  2.54240353e+02, -8.00032560e+01,       -5.26842224e+02,  8.23364123e+01, -1.93272469e+02, -3.82620935e+01,        4.19372139e+02, -6.82122874e+02,  8.20738877e+00,  1.14854783e+01,        7.27606174e+01,  2.79726914e+02, -1.16115117e+02,  7.08027444e+02,        4.07885350e+02, -1.47705203e+02, -8.92112930e+01,  1.60387520e+01,        6.55943794e+02, -4.69786947e+02, -8.76884056e+02,  2.43450760e+02,       -1.02906941e+02, -1.06145814e+02,  1.41642081e+02,  6.58831747e+02,        4.01911556e+02, -1.48152907e+02, -4.24942990e+02, -5.05655655e+01,        2.47665060e+02, -1.10524912e+02, -6.26725456e+02, -2.37460758e+01,       -7.83078500e+02, -4.11160547e+02,  6.70133779e+02, -4.32087610e+02,       -5.60006940e+02, -4.37867999e+02, -2.97874773e+02,  2.81986738e+02,        6.94726341e+02, -4.28967114e+01,  2.32071654e+02, -1.51701052e+02,       -5.88227865e+02,  3.93633839e+02, -3.84326198e+02,  2.38754876e+02,        3.05808034e+02, -6.24008202e+01,  3.47513088e+02,  3.69789675e+02,        9.06597703e+02, -1.25604779e+02, -3.88672058e+02, -5.37663730e+02,       -1.27803956e+02, -2.18028103e+02,  8.56027225e+02, -3.73263324e+02,        8.61960851e+01,  6.27289146e+01, -2.21089763e+02, -6.84308327e+02,       -5.45808088e+01,  8.24431688e+02,  9.22035111e+01,  5.96855730e+01,       -4.52461224e+02, -5.12346912e+02, -8.27693754e+01,  4.08943565e+02,       -1.88524549e+02,  8.99406295e+02, -3.70431070e+02,  1.43508329e+02,       -1.75080979e+02, -5.78987398e+02,  2.57490070e+01, -4.31148221e+02,       -6.29076908e+02,  6.97905539e+01,  2.00763027e+01,  4.37117102e+02,        1.76921243e+02, -2.85665519e+02,  1.90534391e+02, -6.97042327e+02,       -4.47072505e+02,  7.65173998e+02,  1.10537623e+02, -1.20086669e+02,       -2.73096573e+02, -3.96989485e+01, -6.62548527e+01,  7.17947840e+02,        3.45716294e+02, -1.24567039e+02, -5.92722083e+01, -3.40265094e+02,       -1.72128992e+02, -5.68642423e+02,  4.04305015e+02,  6.32472851e+01,        1.17104971e+02,  1.28528601e+02, -4.61272745e+01, -1.54574246e+02,       -4.67853797e+00, -8.98495557e+02, -1.61585282e+02, -6.84539122e+01,       -7.76856548e+01,  4.63740719e+02,  5.34012696e+02,  1.36775922e+02,       -8.09552993e+02,  5.40881513e+02, -1.68429037e+02, -3.26399701e+02,       -7.37777324e+02, -2.75658292e+02,  4.98719222e+02,  2.30390556e+02,        5.78507390e+01,  2.59280611e+02, -4.93318223e+02, -3.75392924e+02,        4.66550789e+02,  3.22456063e+02,  4.37163540e+02, -2.21510865e+00,        5.77998041e+01,  4.68557043e+02,  8.35350204e+02, -2.08570049e+02,        3.19511521e+02, -1.42425535e+02, -3.54809268e+02, -2.89485024e+02,       -2.59110050e+02, -1.27095608e+02, -4.32148767e+02, -1.98197896e+02,       -1.17976113e+03,  2.88274667e+02,  1.64200955e+02, -3.14469288e+01,       -3.51219187e+02, -1.89736010e+02, -4.55891251e+02,  9.94165631e+01,        6.96745811e+02, -1.75711289e+02, -1.38757422e+02,  1.85648782e+02,       -4.09847131e+02,  7.33764230e+02,  1.40248846e+02,  1.57538221e+02,        4.36717500e+02,  1.55146051e+01,  4.74739016e+02,  1.39115649e+02,       -7.27953290e+01,  7.90759469e+01, -1.84498074e+01,  5.87997228e+02,        7.65483231e+01,  1.24916868e+02, -7.61470851e+01,  1.12866435e+02,       -7.82786502e+02, -3.14621470e+02, -3.90555848e+02,  4.33766336e+02,       -2.47033565e+02, -5.45178622e+02,  4.97458563e+02, -1.01667262e+02,        3.69717871e+02, -7.73389684e+02,  2.09385858e+02,  6.49668819e+01,        5.02637400e+01, -7.49833391e+01, -5.50314862e+01,  4.17241634e+02,       -2.30828698e+00, -4.18620595e+02, -1.35090901e+02,  2.14344547e+02,       -9.88074489e+02, -7.86287957e+02,  1.27180771e+01,  9.45127581e+01,       -3.67562123e+02, -3.60874498e+01,  9.18626957e+02,  2.78611150e+02,       -4.75208266e+02,  7.98116131e+01, -7.58177303e+01,  8.76528390e+01,       -2.90518698e+02,  1.57152081e+02,  2.40718637e+02, -5.71067002e+01,        9.53481728e+02, -9.05276234e+01, -2.72243639e+02,  1.60967270e+02,        3.49732735e+02, -3.00167359e+02, -2.52445023e+01,  8.12085648e+02,       -2.02089724e+01,  5.00006501e+02,  1.20930076e+02, -8.17536070e+01,       -2.24136208e+02,  4.83161005e+02, -4.65432289e+02, -1.76902815e+01,       -1.27070100e+02, -3.58115575e+02,  1.42685791e+02,  2.02003437e+02,        7.59479828e+01, -1.35863071e+01, -3.27913398e+02,  1.56812615e+02,       -1.49781300e+01, -2.12651689e+02, -1.83323791e+02,  1.66880308e+02,       -4.22227457e+01, -3.10277216e+02, -9.02496379e+02,  7.81172620e+01,        1.98391969e+02, -3.97054225e+02, -1.91131764e+02,  6.99067697e+02,        6.16055733e+01,  2.98358407e+02,  5.52090585e+01,  3.13115122e+02,        4.38705928e+01, -3.34119233e+02, -3.25723907e+01,  7.05449309e+01,        2.35936210e+02,  6.80419716e+02,  4.17454018e+02,  1.79837900e+01,        1.46020016e+02,  5.11785779e+02,  2.22161250e+02, -6.15527074e+02,       -2.27114982e+02,  1.13986396e+02,  7.26002330e+01,  2.23978580e+02,       -4.45714606e+02,  1.08211205e+02,  3.41026650e+02,  4.18714589e+02,       -3.80405087e+02, -4.45916112e+01, -1.94196157e+01, -1.14725980e+02,       -2.82324992e+02, -1.68190966e+02, -2.74033941e+01,  6.77597619e+01,        3.50731644e+02, -2.63830116e+02,  6.78811185e+02,  3.02042303e+02,        2.14130485e+02,  2.81873812e+02,  2.57931281e+02,  2.78598086e+02,        4.58495360e+02, -3.75028818e+02,  5.36700231e+02, -9.44472019e+02,        2.63803170e+02, -9.22917252e+02,  7.15522918e+02,  6.16490028e+02,       -9.88500754e+01, -4.17547540e+02, -3.58678465e+02, -4.88766369e+02,       -5.25696708e+02,  4.88297012e+02,  3.64584223e+02,  2.05387188e+02,        2.69808556e+02,  3.45389814e+02, -3.26360489e+02, -1.71829647e+02,        4.87225710e+02, -1.05595810e+02,  4.49833478e+02,  6.20434306e+02,       -3.68018764e+01, -6.11393831e+02,  1.17106015e+01, -1.16725211e+01,       -8.33591363e+01,  6.51752677e+00, -5.70023073e+02, -1.57142315e+02,        4.96489890e+01,  7.52151419e+01,  4.10957685e+02, -3.39631866e+02,        5.20059220e+02, -3.43508055e+02,  1.88236270e+02,  3.30497160e+02]