name = 'OC-O'
composition = {'H':0, 'C':1, 'N':0, 'O':2, 'Pt':1}
facet = ['Ni111'] 
IS_SPE =[-97.910152, 'eV']
IS_ZPE =[0.325, 'eV']
IS_frequencies=[38.1, 56.2, 68.5, 78.0, 89.4, 618.3, 627.7, 1314.8, 2354.8, 'cm-1']
TST_SPE=[-97.01509429, 'eV']
TST_ZPE=[0.243, 'eV']
TST_frequencies=[43.6, 74.9, 249.8, 327.7, 380.9, 385.6, 578.4, 1875.5, 'cm-1']
no_reactants=2
bee_IS = [-5.09294917e+02, -4.02014189e+01, -1.17840469e+02,  3.93907588e+02,    -1.86100315e+02, -1.62997916e+02, -3.47737341e+02, -7.75072021e+02,    -3.70569274e+02, -4.14665184e+02, -3.38227111e+02,  4.00366060e+01,     1.25896713e+01,  2.60684977e+01,  2.72313097e+01,  4.10118133e+02,    -1.81091788e+02, -1.59750949e+02,  1.52621532e+02, -9.67308737e+02,     5.08709822e+02, -2.32162870e+02, -4.44284160e+01, -1.04727176e+02,    -4.90011709e+01, -5.06541507e+01,  7.52087206e+02, -1.85418086e+02,    -7.19506297e+01, -4.57503658e+02,  6.72572485e+02, -1.18523753e+02,    -3.39190108e+02,  2.08350044e+02, -3.68883887e+01,  1.70063024e+02,    -2.72959781e+01,  6.17623004e+01,  2.38128722e+02, -8.85569180e+02,     4.71418427e+02,  1.11665808e+02, -5.05491078e+01, -2.93573464e+02,     9.79973965e+01, -1.56999747e+02,  3.81745528e+02,  3.21589492e+02,    -2.39159390e+02, -2.54390092e+02, -2.59842548e+02, -2.94882093e+02,     9.97098412e+01, -4.32583531e+02,  1.19150042e+02,  5.21675637e+02,     5.95344519e+02,  3.02369825e+02,  1.40152300e+02,  2.38747762e+02,     7.80265259e+02,  1.82871108e+02, -4.79420919e+02, -1.07762639e+02,    -2.05090263e+02,  5.31202932e+02, -6.51611065e+02, -5.44845536e+02,    -2.35870093e+02, -8.53359192e+01, -3.80937818e+02,  2.33077176e+02,     8.38091177e+01,  1.13965428e+02, -3.35506341e+02, -3.02921001e+02,    -4.90228612e+02,  3.25671525e+02, -2.84494879e+02,  2.29262062e+02,    -5.73868564e+01, -2.55120820e+02, -5.06139872e+02, -1.50846272e+02,    -9.84347112e+01, -1.38342131e+02,  3.42655694e+02,  6.15832147e+02,    -3.67248983e+02, -6.96099433e+02, -1.72801478e+02,  9.63779814e+02,    -4.96698133e+02,  2.87985407e+02, -9.19518531e+01, -5.40359662e+02,     2.09621851e+02,  3.31658503e+02, -1.52192220e+02,  3.06163340e+02,    -2.32861738e+02, -4.46369063e+02,  7.74545582e+02,  4.04004350e+02,     2.69402863e+02,  1.27244903e+02,  2.13145510e+02,  7.08246065e+02,    -2.16476801e+02,  5.01461537e+01, -1.20150007e+03,  1.60228690e+02,    -5.92843578e+02,  1.25924392e+02,  1.87530969e+02, -2.96735245e+02,    -4.65200325e+02,  5.41225667e+01, -2.55378088e+02,  3.08875901e+02,    -4.41325983e+02, -2.30512010e+01, -3.08630581e+02, -3.62968541e+01,    -2.78506969e+01,  1.46742157e+02,  1.09564153e+01, -5.19387145e+01,     5.25688628e+02,  7.92791867e+02,  4.15368869e+02,  6.77800558e+02,    -1.03800009e+02,  1.17180534e+02,  4.76522496e+02, -7.78742099e+01,    -6.63278740e+02, -3.25457957e+02, -4.35584545e+02, -2.49337020e+02,     2.43110231e+02, -1.02361539e+03, -1.66832054e+02,  3.73230959e+02,    -3.16894423e+02, -3.18959064e+02,  4.70604245e+02,  3.82264101e+02,    -3.00067484e+02,  1.68429399e+02, -2.13382716e+02,  3.02206934e+02,     3.43978492e+01,  1.32864167e+02, -7.53766116e+02, -4.21390614e+02,    -6.69377856e+01,  2.68650268e+00, -3.35976605e+02,  9.26108029e+02,    -1.92471118e+02, -2.91465603e+02,  3.26647982e+02, -4.16571824e+02,    -2.83568922e+02,  2.65858210e+02,  9.59892588e+01,  1.12728651e+02,     1.05124554e+02, -9.78144042e+01,  1.68300721e+02,  5.05802643e+02,    -2.56579782e+02,  1.50306908e+02,  7.89711841e+02,  2.90645731e+02,    -7.54516535e+01, -1.66363514e+02,  1.33619796e+03, -1.52872976e+02,     3.06996469e+02,  1.88692592e+02,  2.98731406e+02,  7.72080588e+02,     4.33079632e+02, -2.54850106e+01,  1.96621411e+02,  4.10560954e+02,     3.37119505e+02, -4.82742023e+02,  8.11860229e+02, -7.23110866e+02,    -1.53329708e+02,  4.99221755e+02,  7.30253837e+01,  5.98269200e+01,     2.72006070e+02,  2.12236915e+02,  3.10807499e+02, -5.54582058e+02,     4.37413584e+01, -2.37401328e+02, -9.43486839e+01, -2.91454189e+01,    -7.74379888e+01, -4.80445548e+01,  7.10936646e+02, -7.36102791e+01,    -2.40509782e+02, -1.96388925e+01,  1.01534285e+02, -5.11229409e+02,    -3.88596892e+02, -3.16428661e+02, -5.47551427e+02, -1.43150856e+02,    -3.61414184e+02,  1.68264962e+02, -1.00705741e+01, -9.23524051e+01,    -7.43608845e+01,  5.66652826e+01, -1.74081399e+02,  5.81258878e+02,    -7.13302989e+02, -1.39979282e+02, -1.36502953e+02,  1.46146873e+02,     1.60090829e+02, -4.01757695e+02, -1.58953674e+02,  3.63235976e+02,    -1.93862443e+02,  1.37327347e+02,  3.20810451e+02, -3.66361557e+01,     9.81743848e+02, -1.78580323e+02, -2.79791202e+02,  5.59574024e+01,    -1.97045911e+02,  4.61684793e+02, -3.13082115e+02,  7.41238272e+01,     5.43401760e+02, -1.13867469e+02,  1.04396850e+03,  1.11454146e+03,    -5.70208912e+02,  5.04551865e+02,  1.45539031e+02, -4.64484050e+02,     1.52952579e+02,  3.15130301e+02,  3.30340531e+02,  2.06865382e+01,     1.02458656e+02,  6.17895730e+02, -2.00345668e+02,  1.41350424e+02,     6.61367415e+02, -3.24473727e+02, -1.29789043e+02,  4.52506829e+02,     2.32962868e+02,  6.62597380e+02,  2.23282819e+02,  5.89255973e+01,     2.28022368e+02,  3.37502074e+02, -4.20270414e+02,  2.96706464e+01,     1.59432442e+02,  1.06658710e+02,  1.90439712e+02, -5.09312309e+02,     2.97939095e+02, -3.86424755e+02, -2.74276685e+02,  1.52289433e+02,    -1.22648457e+02,  4.76124157e+02, -2.10381334e+02,  2.52016135e+02,     2.83546216e+02,  6.91768889e+02,  4.81661748e+02,  4.11759983e+02,    -7.68101366e+01, -5.91477680e+01, -2.74738372e+02,  6.65372650e+02,     6.82834870e+02,  3.24376570e+02, -1.99879341e+02,  4.36917335e+02,    -7.80820088e+01,  1.84229047e+02,  5.40372062e+02,  6.71007204e+00,    -6.73246258e+01, -2.15367487e+02, -4.61444420e+02,  8.41376956e+02,     3.91683743e+02, -4.85762862e+02, -1.34313032e+02,  2.41966178e+02,    -9.17654052e+01,  5.40678324e+02,  1.06322923e+02,  6.91198032e+02,     2.68492946e+02, -2.46486543e+02,  2.15066019e+02, -3.69038979e+01,    -2.76017672e+02,  1.45695105e+02,  1.63115915e+02,  7.87760859e+02,     6.93201559e+02,  4.56492077e+02,  6.05087987e+02,  6.27904738e+01,    -2.37765193e+02,  1.35550431e+02, -2.88562362e+02, -4.38962328e+02,    -5.02247568e+02, -2.36766748e+02, -9.34526699e+02, -2.69626765e+02,    -7.40239986e+02,  1.85777733e+02, -3.99207558e+02,  3.55003799e+02,    -8.29083009e+02, -2.80510003e+02,  4.28477183e+02,  1.94848422e+02,    -7.46914983e+02,  5.38458485e+02, -2.09646042e+02,  4.51979081e+02,    -2.23042093e+02, -6.83648031e+02,  1.05800083e+02, -5.51625968e+02,    -1.16335203e+02,  2.51387666e+00,  3.68315962e+02,  1.08405063e+03,    -3.94118120e+02, -3.03503968e+02, -2.75218579e+00, -1.21069723e+02,    -7.02961226e+02, -4.82445693e+02,  4.29395021e+02, -2.20019166e+02,     1.45807772e+02, -4.21929843e+02, -1.29352328e+02, -3.47698093e+02,     4.63876785e+02,  1.33121179e+02, -1.94200091e+02, -1.16118441e+02,     8.73994691e+01, -7.25495372e+01,  3.76554727e+02, -2.17320284e+02,     4.44181542e+01,  2.96973307e+02,  1.51866846e+02, -1.51322259e+02,     1.34030944e+03,  4.69207132e+02,  2.96821562e+01,  9.14319512e+01,    -5.33905788e+02,  2.67806668e+02, -6.48686294e+02, -2.22533450e+02,    -4.76379720e+02, -1.65265933e+02,  4.80969879e+02, -4.88512634e+02,     1.57261111e+02, -2.38376276e+01,  2.81608750e+01, -3.22186531e+02,    -3.86963856e+02, -2.90060522e+00, -3.70194420e+02, -1.91903724e+02,    -3.54037233e+02, -9.00751145e+01, -3.10237689e+02, -4.44388592e+02,     1.94683479e+02, -1.49613849e+02,  1.83020344e+02,  8.78144686e+01,    -6.35874651e+02, -4.73984636e+02, -3.43802867e+02,  3.08358469e+02,    -8.90906835e+00, -5.47274004e+02,  5.02947107e+02, -3.44244510e+02,     4.73416967e+02, -2.60271094e+02, -4.20913506e+02,  2.29982403e+02,    -5.86704535e+02, -3.35352636e+02,  5.51931539e+02,  1.56338687e+02,    -3.49799351e+02,  4.53610482e+02, -1.47994656e+02, -3.25991908e+02,    -2.64835053e+02, -4.20056383e+02,  2.05218085e+02, -7.85221891e+02,    -7.20261215e+02, -8.33425889e+01, -2.60896209e+02, -4.76576711e+02,     6.23510204e+02,  1.14251612e+03, -2.85692203e+02, -2.78851773e+01,    -5.45898326e+02,  5.71480747e+02,  1.60128830e+02, -1.68966710e+02,    -3.33721982e+02,  1.46128650e+02, -5.26382338e+02, -1.73849618e+02,    -7.67992815e+02,  3.02232315e+02,  1.13828982e+02,  4.84751776e+00,    -5.95135174e+01, -2.95290730e+02, -7.71569174e+01,  1.10379283e+03,    -1.66538076e+02, -3.99363644e+02, -5.86484396e+02,  1.12533119e+02,    -3.10567527e+02,  7.63463261e+01,  2.52378197e+02,  5.81170783e+01,     2.43849938e+02,  1.03950718e+02,  5.16031681e+02,  2.66709166e+02,    -2.92958914e+02,  3.65757233e+02,  3.00546850e+02,  9.64978505e+01,     3.86784004e+02, -2.12371085e+02,  6.29146267e+02,  1.60137260e+02,    -2.60531163e+02, -5.00272658e+01, -1.65375916e+02,  2.08143630e+02,    -2.28099016e+02, -2.56688530e+01, -9.32213239e+01,  7.18076007e+02,     4.63423142e+02, -5.84452719e+02, -3.59178182e+01, -4.67167309e+02,    -1.52218751e+02, -1.96577616e+02,  6.39730675e+01, -1.25855062e+01,    -2.24139314e+02,  1.09321369e+02, -6.00780487e+01, -9.11829868e+01,     7.50745914e+02,  1.56568339e+02, -7.01345890e+02, -3.83496864e+02,     7.99059356e+02,  2.37027930e+02, -7.40729174e+01,  9.20339084e+02,    -1.60495533e+02, -9.81890778e+01, -5.07976035e+01,  1.16645649e+02,     2.46162321e+02,  3.53904458e+01,  2.32277012e+02, -1.37416531e+02,    -2.69006461e+02, -3.74132303e+02, -4.14658028e+02,  3.88497580e+02,     1.09795309e+02,  3.27074633e+02,  1.19699729e+02,  7.66188345e+02,     1.52085794e+02, -7.08143486e+02, -2.97084113e+02,  8.56113779e+01,    -2.40395439e+02,  5.37275143e+02, -1.08310348e+02,  1.58972881e+02,     4.31419359e+02, -6.35445631e+02,  1.28560043e+03,  1.67745847e+02,     2.06315970e+02,  3.03342113e+02,  6.96763405e+01, -6.37391207e+00,     3.11974222e+02, -3.07061521e+02,  7.07203680e+02,  6.10050085e+02,    -3.58088767e+02,  1.29290608e+02,  6.00760900e+02, -1.87453566e+02,     1.37947224e+02,  3.69524507e+02,  3.69144959e+02, -6.77965855e+02,    -1.19923182e+02, -3.03152960e+02, -2.65477405e+01, -3.63294354e+01,    -2.26978768e+01, -1.41296297e+02, -2.54107581e+02,  7.15710506e+01,     8.82509106e+01,  4.62628698e+02, -3.63880624e+02,  3.34343194e+02,     3.86913345e+02, -1.44060061e+02,  7.65584086e+02, -5.90663741e+02,    -9.10637525e+02, -5.74067017e+01, -7.23436599e+01,  5.52739682e-01,     6.81187972e+02, -6.30494793e+01,  3.51635941e+02,  4.13390432e+02,     3.28477881e+02, -9.11942829e+01,  5.46542862e+02, -1.37907266e+02,    -2.79562304e+02, -3.99937351e+02,  4.67586894e+01,  3.32469975e+02,    -4.35440995e+01,  3.31079342e+02, -2.60270152e+01,  5.52646761e+02,     1.72216703e+02,  7.68500656e+01, -4.78409965e+01,  2.92797979e+02,     3.26516364e+02,  1.72123081e+02, -7.06826700e+00, -4.63458767e+02,     2.59705340e+02,  1.70645649e+02,  3.18909896e+02,  2.67903420e+02,     3.05727841e+02, -5.14974999e+01,  2.33977425e+02, -2.13006429e+02,    -9.25157022e+00, -4.80128952e+02, -2.69212408e+02,  3.38099979e+02,    -7.81737637e+02,  2.53781872e+02,  1.46688619e+02,  7.14544075e+02,    -2.25158613e+02,  2.63176212e+02, -1.01165889e+02, -4.17549269e+02,    -6.21583382e+02, -7.02670649e+01, -7.58751327e+02,  1.39015366e+02,    -1.78511900e+02,  2.58621499e+02,  1.76344971e+02, -2.20597919e+02,    -2.16125470e+02,  3.33436193e+02, -5.16932321e+02, -1.05220647e+02,    -1.79224406e+02,  2.02181785e+02, -4.58592098e+01,  4.99037591e+01,    -1.86001610e+02,  4.90593697e+02, -4.10617227e+02,  8.33133731e+01,     5.17891820e+02, -2.95343207e+02,  1.57679913e+01, -3.25654669e+01,    -5.91677606e+02, -4.00736272e+02, -6.89595255e+01,  2.27594750e+02,     2.77385935e+02,  4.20116379e+01, -6.98796767e+01,  1.90448071e+02,    -3.89221490e+02,  2.22745677e+00, -4.34266659e+02, -2.36990655e+02,     4.05440686e+02, -2.53618292e+02,  5.53111143e+02, -1.83457932e+02,     3.03469692e+02,  2.20322981e+02, -5.36820623e+02, -2.46091304e+02,     7.38354101e+01, -3.43427811e+02, -3.01879811e+02, -7.47715961e+02,    -4.80301867e+02, -4.50516150e+02, -3.70737857e+02,  1.94349108e+01,     1.13892012e+02,  8.94204607e+00,  1.80248993e+02, -4.91524178e+02,     1.24615631e+02,  1.79322205e+02, -5.73134516e+02, -5.55326689e+02,    -3.54222500e+02, -2.00660213e+02,  1.68344299e+02,  7.62371362e+00,    -3.83118411e+02,  3.07045074e+02, -1.72158197e+02,  4.31314348e+02,    -7.69405189e+02,  5.19952559e+02, -3.20245261e+01, -3.15840555e+02,    -2.25633040e+02,  2.77776002e+01,  3.66132429e+02, -6.49852069e+02,    -1.21652822e+02, -1.76645378e+02,  4.22626428e+02,  7.23867777e+02,    -8.37070389e+02,  8.05830440e+02,  3.93258615e+02, -6.43513673e+02,    -3.03703794e+02,  6.57115755e+02,  5.21429981e+02, -1.54560815e+02,    -3.13035778e+01,  9.02172800e+01,  6.10709801e+02, -4.54761679e+02,     1.40630787e+02, -6.53113041e+01,  2.62666989e+02, -6.37680625e+02,    -6.52655233e+01, -2.90044515e+02,  4.07598295e+02,  3.68172661e+02,    -7.39018784e+02, -4.27251143e+02, -1.96188055e+02, -3.34999196e+02,    -1.26173939e+02, -1.99180678e+02,  3.69642911e+02,  3.58392579e+02,    -5.07397713e+01, -3.97722703e+02, -7.20574266e+02,  3.75110137e+02,    -4.37945787e+02, -2.70874040e+02,  4.15933121e+01, -2.97215552e+02,    -3.59470515e+02, -2.22681756e+02, -3.63750529e+02, -2.31672103e+02,    -4.39220995e+02,  5.02367720e+02,  5.57169140e+02, -2.92293185e+01,    -2.06246296e+02, -1.36165120e+01,  3.66678508e+02, -7.60720507e+02,    -1.79733954e+02,  4.31886600e+02,  5.79356419e+02, -1.59313344e+02,     9.77444747e+01,  4.72653802e+02,  1.34651266e+02, -5.75667863e+01,    -3.81842964e+02,  1.95302130e+02, -3.09958172e+02, -1.38055245e+02,    -1.67083002e+02, -1.61769125e+02,  1.71911601e+02,  6.74467119e+02,     6.47960146e+00,  3.56111517e+01, -7.82877399e+02, -1.50178861e+02,    -3.27423459e+02,  4.01948077e+01, -3.64575029e+02,  6.78779611e+02,     7.03311747e+02,  1.27452892e+02, -1.29211880e+02,  1.25214381e+02,     2.19871325e+02, -4.13095691e+02, -6.67860452e+01,  1.20433469e+02,     1.20022494e+02,  4.90379504e+02,  3.89619329e+02, -1.80020884e+02,     2.45426405e+02, -8.35574911e+02, -3.72187698e+01,  7.37401704e+02,     8.36195243e+01, -6.38206868e+00,  2.87558058e+02, -2.51022589e+02,     8.02601054e+02, -1.06635771e+02,  7.36053747e+02,  3.21193075e+02,    -3.32149680e+02,  2.64988881e+02, -2.67240786e+02, -5.95474357e+02,    -3.48373183e+01, -4.90519449e+02, -4.62465261e+02, -4.61128174e+01,     2.78574876e+02, -4.97199231e+01, -2.91847310e+02,  6.53402048e+01,    -6.30907133e+02, -7.99968075e+01, -7.18092851e+02,  4.51679021e+02,    -1.17918308e+01, -4.44435589e+02, -1.64602572e+02,  1.50282957e+02,    -2.78939992e+02, -4.08938228e+02,  7.81132029e+02, -1.94357030e+02,    -3.85257094e+02,  2.18544624e+02, -1.03170607e+02,  4.44846973e+02,    -1.41334805e+01,  7.53086666e+01,  8.84553299e+02, -1.55504630e+02,    -3.03332048e+02, -3.23926574e+02, -4.61616465e+02, -2.86574204e+02,     2.46521291e+02,  1.82334923e+02,  1.84623822e+02,  6.50719662e+02,     2.04427536e+01,  1.45334223e+02, -5.76472168e+02,  2.12551488e+01,    -2.02955524e+02, -2.32235694e+02,  1.52183769e+01,  3.05360473e+02,     3.33391770e+02,  6.68442665e+00,  8.14734499e+01,  2.56588485e+02,     3.25211959e+02, -2.09279700e+02, -1.14293026e+02,  1.47670061e+01,    -2.03944766e+02, -6.83933740e+01, -2.36058099e+02,  6.58857556e+02,     5.65718889e+02, -1.11129159e+02,  1.05238254e+02, -2.10127393e+01,    -2.07234597e+02,  2.90954663e+02, -7.70157294e+01,  3.39441846e+02,    -4.68517016e+02,  1.64644663e+02, -9.66369267e+01, -4.75281190e+02,    -2.20529038e+02,  2.38305974e+02, -7.46538338e+02,  3.67843725e+02,     4.29098585e+02, -6.25584569e+01, -4.46966668e+01, -2.83229462e+01,     2.12459471e+02, -2.87339088e+02,  3.17314584e+02,  2.47156954e+02,    -9.10719525e+02, -2.88020164e+02,  1.97477382e+02, -8.01267737e+01,     3.33868131e+02, -5.36322914e+02, -4.81037082e+00, -3.62172423e+02,    -1.07776726e+03,  6.54357570e+02, -5.17920599e+02, -5.02367858e+02,     7.72712298e+01,  1.11628633e+03,  3.64862814e-01, -1.88237401e+02,    -1.82720291e+01, -6.18293638e+01, -7.71981944e+02, -5.39080442e+02,     6.78734256e+02, -4.52583699e+01, -3.45093792e+02,  4.39128393e+02,    -3.01067827e+02,  3.44669645e+02,  4.74825329e+02, -5.36836385e+02,    -2.24178597e+02, -3.00314504e+02, -1.30685423e+02, -1.68846602e+02,    -5.87718539e+01,  1.19837849e+02, -2.92972654e+02,  2.58875203e+02,     5.20862235e+02, -1.40412417e+02, -1.55220437e+02,  1.20508186e+02,     4.99933728e+02,  4.24402064e+02,  3.20565119e+01, -1.48449706e+01,    -4.71311150e+01, -4.43390448e+02,  3.29594887e+02, -2.09165683e+02,     1.72419563e+02, -1.37575256e+02,  2.53401987e+02,  1.52985270e+02,    -6.86973342e+02, -2.42675939e+02, -6.88509337e+02, -2.82873126e+02,     6.50939425e+01, -1.50027506e+02,  2.61001578e+02, -2.52003485e+02,     1.66962098e+01,  9.13728115e+01,  6.49585658e+02,  3.26454688e+02,    -2.35540424e+02,  1.76505032e+01,  9.70064345e+01,  3.48197699e+02,    -5.48671801e+00,  4.41690328e+02,  2.11808713e+02,  7.77366787e+02,     2.23913336e+01,  5.96399717e+02, -2.27576551e+02, -3.35999766e+02,     7.21031371e+01,  6.41761269e+01,  2.65534053e+02, -5.60896795e+01,    -1.38918068e+02,  2.26692533e+02, -3.99975415e+02, -4.52051433e+02,     6.69678174e+02, -5.16395633e+01, -3.73253258e+02, -4.48408460e+00,    -1.23256810e+02,  3.05491301e+02,  2.88660781e+02, -1.71148537e+02,     9.78686934e+00, -2.36168136e+02, -2.84366648e+02, -2.48828475e+02,    -8.34466980e+02, -2.96672253e+01, -5.62886292e+02, -4.80682033e+02,    -3.44195981e+02,  1.53073644e+02, -3.28865273e+02,  1.90618401e+02,    -4.92949148e+02,  9.22007557e+00, -3.54797341e+02,  6.52842877e+01,     1.02981837e+02,  2.53540790e+02, -1.72432365e+02, -1.28482120e+02,     2.27242280e+02,  5.24781444e+02,  2.83943528e+02,  6.79650527e+01,    -5.95624221e+02, -1.20974865e+02, -2.69616120e+02, -5.29732749e+02,     3.61326562e+02, -3.01865696e+02, -3.82025241e+01, -2.00261639e+02,    -8.84089357e+02,  4.35207679e+02, -1.45551945e+02,  3.59582325e+02,    -6.05915423e+02,  5.72041419e+02,  3.72569382e+01, -2.71694954e+02,     4.08589757e+01, -2.04232593e+02, -5.96105895e+02,  1.23409447e+02,     2.44918514e+02,  2.83286510e+01, -3.15449192e+02, -1.13727169e+02,     1.41786775e+02,  2.55220070e+02,  5.59495616e+02,  2.21886023e+02,    -2.05007002e+02,  7.70570130e+02,  2.51523474e+02,  3.41224997e+02,    -1.47977723e+02,  2.31869760e+02,  1.51245172e+02, -5.38191924e+02,    -1.64080341e+02, -3.43637158e+02, -2.73203019e+02, -9.07060564e+01,    -1.53138719e+02, -3.24368537e+02, -9.90621159e+02, -2.65581931e+02,     1.34600116e+02,  8.78486077e+01,  8.16213113e+01,  4.32249005e+02,     1.61513445e+02,  2.79288746e+02, -3.68439758e+02,  4.03021541e+02,    -4.29300444e+02, -6.67735466e+02,  1.67100661e+02, -3.52019014e+02,    -3.65687315e+02, -1.37493960e+03, -1.04132383e+02,  6.97487522e+02,     4.06385275e+02, -8.91016492e+01, -1.03615200e+02,  2.57886885e+02,     5.93693633e+02, -3.52284608e+02, -8.33698087e+01, -2.76966393e+02,    -3.13494653e+02, -2.97285588e+02,  1.38548825e+02,  6.24860984e+02,    -5.73395401e+02, -4.62014392e+02,  2.14912377e+01, -7.50337690e+01,    -1.23668001e+02, -8.11825798e+02,  4.93804870e+02,  2.19464770e+02,     7.80261025e+01,  4.22540392e+02, -2.64604056e+02,  2.58710503e+02,     2.35368834e+02,  4.62015643e+01, -4.07507521e+01,  1.07051722e+02,    -1.41142171e+02,  4.10036589e+02, -3.80340297e+02,  3.66646090e+02,     8.11514507e+01,  9.76824235e+01,  2.06180675e+02, -7.50764369e+02,     5.61189896e+01, -5.58224007e+02, -4.40812334e+02, -4.27847366e+02,    -3.92565033e+02,  1.20393316e+01,  1.13593863e+02,  4.20734897e+02,     8.43553811e+01,  1.20040494e+02, -6.20234307e+02, -2.18367793e+02,     2.87041676e+02,  1.19252919e+01,  1.62663385e+01, -7.10176838e+01,     3.19591048e+02, -7.95203354e+02,  9.16687639e+01,  2.06246155e+02,     3.96508753e+02,  3.38783849e+02, -4.95095583e+02,  6.63726698e+01,     3.72549774e+01,  3.80548139e+01,  1.68941903e+01, -1.69553046e+02,    -2.74136524e+02,  1.37452512e+02,  5.45974918e+02, -7.80892351e+01,     8.32629877e+01,  1.55063790e+02, -2.15818985e+02, -2.14118879e+02,    -1.00710446e+03, -3.34345948e+02, -4.41920899e+02, -6.61720724e+01,    -5.53124373e+02,  6.54450958e+02, -2.57157444e+02, -4.60061285e+02,    -1.36362591e+03,  5.70518707e+02,  1.19441464e+02, -1.29072876e+01,    -5.34948615e+02,  9.15720453e+01, -1.51235470e+02, -2.83789652e+02,     1.02104194e+02,  2.79270812e+02,  6.89474159e+01, -1.50124201e+02,    -2.87412277e+01,  7.18875107e+00,  1.67532957e+02, -5.30032607e+02,     6.08724986e+02, -3.64788732e+02, -2.35896874e+02, -3.65569292e+02,    -8.45108208e+02,  8.25482963e+01, -4.15954090e+02, -1.91925353e+02,     2.96898260e+02, -2.09477357e+02,  4.95084240e+00, -8.55777424e+01,    -2.23366128e+02,  1.43619885e+01,  4.62226107e+02, -4.52260894e+02,     8.00423167e+02, -1.72092454e+02,  2.95748343e+02, -6.76833879e+01,     1.29967978e+02, -1.02464892e+02,  4.07723668e+02,  5.44109988e+02,     1.73374908e+02,  4.76489922e+02, -3.38653618e+02, -2.82790177e+01,    -1.98154638e+02,  5.93211653e+02,  5.01941926e+02,  3.84679214e+02,    -1.29509415e+02, -2.62776161e+02,  2.34201016e+02, -2.24964150e+02,    -1.19932805e+02, -6.31772658e+01, -2.26007621e+02,  4.46022176e+02,    -5.03975691e+01,  3.43600910e+02,  1.22750384e+02,  1.48198695e+02,    -2.97181888e+02,  2.81603233e+02, -1.58412499e+02, -1.13736429e+02,    -2.62066760e+01, -4.42291169e+02,  6.67560655e+02, -2.45345735e+02,    -3.59619199e+01,  1.72566123e+02,  1.48738491e+02,  6.15029471e+02,    -1.43205329e+02,  6.67213607e+02,  6.05541893e+02, -8.44777762e+02,     7.57520056e+01, -1.77797263e+02,  1.26861143e+02,  7.55009017e+01,     1.52481483e+02,  5.24595654e+02,  8.04718192e+02, -6.81583189e+02,     6.66389026e+02, -8.01850164e+02, -6.68265698e+02, -1.06668822e+02,    -9.93942824e+00,  6.10335244e+02,  3.36526008e+02, -1.59397478e+02,    -8.05066572e+02,  6.11478136e+02, -3.90956799e+02, -9.81192393e+00,    -4.41719327e+01,  1.07703658e+03, -2.46154908e+02, -9.15540600e+02,     2.68406237e+02, -1.40558742e+03,  9.67466172e+01, -3.09921707e+02,    -1.57533238e+02, -2.37328878e+02, -5.09590103e+02,  3.56517880e+02,    -3.14458267e+02, -7.94366078e+01, -6.80591167e+02, -5.81934187e+01,    -4.15476892e+02, -6.47385246e+02, -1.06435479e+03,  8.82793547e+01,    -2.80186132e+02, -7.28922302e+00, -1.17435710e+02, -6.88367538e+02,    -5.48884955e+02, -4.59181336e+02, -4.63046490e+02,  4.76302781e+02,     8.10146954e+01, -4.15461404e+02, -1.59238227e+02, -1.94849130e+02,     3.22971248e+02, -2.89728917e+02, -1.07039690e+02, -1.95521304e+02,    -3.11675444e+02, -3.25426594e+02,  3.32704359e+02, -1.52130660e+02,    -7.90790799e+02,  6.69674611e+02,  4.08317616e+02,  5.34722915e+01,    -6.29864249e+02, -6.56093443e+02,  9.42463060e+01,  1.22426124e+01,    -2.58707818e+02, -4.22180232e+02,  3.08566632e+02, -6.85044568e+01,     2.37343323e+02,  4.29296666e+02,  2.92635387e+02,  3.06166530e+02,     2.21572466e+02, -1.76694462e+02, -1.08767099e+02, -1.91161714e+02,    -3.03195732e+02, -3.97242696e+02, -5.62003706e+02, -3.39739697e+02,    -6.98215984e+01, -6.92366104e+02, -7.52340879e+01,  2.82916153e+02,    -6.20652055e+02,  2.15995532e+02,  1.88622408e+02, -6.11659800e+02,    -4.93215380e+02, -1.35697950e+02,  1.83841738e+02, -3.44708867e+02,     6.08249796e+02,  5.45368843e+02, -6.51526256e+02,  4.39484504e+02,     3.07718402e+02,  6.61134409e+01,  2.19500438e+02, -3.70054639e+02,    -1.23760142e+02,  4.69098267e+01,  1.53500681e+02,  3.92504216e+02,    -4.39244707e+02, -3.72346570e+01,  1.53713433e+02, -1.27180120e+01,    -2.28846791e+02,  1.71335203e+02, -2.31284367e+02, -1.74846063e+02,     3.29376430e+01, -5.20128005e+02,  3.14393918e+01, -2.03716423e+02,    -1.08911341e+02,  4.88095105e+00, -4.92083367e+02,  4.88613756e+02,    -2.32896620e+02, -1.11985309e+03, -7.33015607e+02,  3.38345375e+02,    -3.07883277e+02, -1.47609984e+02, -2.52148729e+02, -1.44255653e+02,    -8.64958799e+02, -9.63773052e+01, -5.54469635e+02, -2.88971014e+02,     2.22686282e+02,  6.43613770e+02, -3.08957677e+00, -2.73843779e+01,     5.04423001e+02, -4.38686229e+02,  3.10534223e+02,  8.00712626e+01,    -3.60615508e+02, -1.55893851e+02,  2.12174032e+02,  1.60227003e+01,     8.53863059e+01,  9.89151927e+01, -2.03793579e+02, -2.41280051e+02,    -4.56968693e+02,  4.32941956e+02, -5.49130301e+02, -4.03813093e+02,     8.25092698e+01, -7.73107889e+02,  1.66936416e+02,  5.42135435e+02,    -4.14175177e+01,  6.05363079e+01, -2.15253375e+02, -1.76789916e+02,     8.85807192e+01,  3.24007136e+02, -3.49726059e+02,  2.67209251e+02,    -9.56366689e+01, -3.42927392e+01,  2.33089134e+02,  1.65613659e+02,    -7.79582815e+01, -3.62791457e+00,  2.10041779e+02,  2.42707311e+02,    -6.20783574e+02,  5.74863102e+01,  4.66139845e+02, -8.40516034e+02,     2.80738042e+02, -1.03124590e+03, -7.99265432e+01, -1.28521315e+02,    -7.35705884e+01, -7.76543699e+01, -2.23514985e+02, -3.15186100e+01,     1.42408091e+02, -2.08919739e+02,  1.21770539e+02,  7.50450046e+02,    -5.55328873e+02, -2.30604665e+02,  3.16122468e+02,  2.14315759e+02,     3.57847622e+02,  1.41557128e+02,  2.44566155e+02, -1.61447366e+02,    -4.22846459e+02, -3.67179134e+02, -1.79411595e+02,  5.98144954e+00,    -3.62971588e+02, -1.31627822e+02,  5.75858749e+01,  1.99926684e+02,    -8.64312206e+01,  4.85798770e+02, -4.38313803e+02, -4.56129989e+01,    -2.36154126e+01,  2.40796659e+02, -3.51685868e+02, -2.21002619e+02,     2.36545413e+02,  4.31537072e+02,  6.03026435e+02,  3.03276640e+02,     3.56627666e+02, -2.56772413e+02,  5.40204544e+02,  5.81821728e+02,    -5.51088240e+01,  3.39970770e+02,  3.28298553e+02, -2.19460059e+02,     1.45187513e+01,  5.29756254e+02, -2.40044571e+02, -1.07028485e+02,    -5.22672763e+02,  2.32134092e+02, -6.55854063e+01,  1.52044321e+02,     8.24361177e+01, -3.59792278e+02,  3.96558565e+02,  3.51356863e+02,    -2.05319050e+02,  1.58836311e+02, -4.96051225e+02, -4.46168760e+02,     2.01726317e+02, -5.95411524e+02, -2.33151695e+02,  8.25759629e+01,     6.97444225e+02, -2.09935265e+02, -9.03765668e+01, -1.26636871e+02,     9.90002827e+02,  1.22415372e+02, -3.74650938e+02,  5.90632155e+02,     5.43465171e+02,  2.59416152e+02,  6.30059925e+02,  6.97998181e+02,    -9.05029754e+01, -2.58515284e+02, -2.80032338e+02,  2.31884265e+02,     3.26795346e+02, -4.24461379e+01, -1.77984001e+02, -5.30979154e+02,    -2.59707750e+02, -3.81883665e+02,  2.54661009e+02,  1.30195162e+02,     5.39457899e+02,  4.93915263e+01, -2.16765057e+02, -6.79939564e+01,     3.44971512e+02,  1.13029821e+02,  4.39698468e+02,  4.95391134e+02,    -1.19205693e+02, -7.77057931e+01, -8.32594525e+02,  4.59934258e+02,    -4.66044676e+01,  4.33409072e+02, -1.58148707e+02, -5.02303589e+02,     1.70492393e+02,  5.96281030e+02, -2.11096589e+02,  5.88479469e+02,    -6.22073076e+02, -1.93643699e+02, -6.73671774e+02,  1.90071214e+02,     9.90044978e+01,  7.21210741e+00, -5.15475729e+02,  7.55473524e+02,     4.53360706e+02,  7.05774419e+01, -3.94874384e+02,  1.87770128e+02,    -2.34535848e+02, -7.55395724e+01, -1.87951490e+02,  1.79377215e+02,    -8.70807817e+01, -1.75429449e+02,  1.64732331e+02,  2.25820577e+02,    -7.32201722e+02,  1.67713945e+02,  5.76081713e+02,  3.60468339e+02,    -1.13286864e+02,  2.92813124e+01, -3.07783399e+02,  5.06142395e+02,     1.50547747e+02, -5.79119435e+01, -5.97871153e+01,  9.35358392e+02,     6.91670064e+00,  2.65424424e+02,  6.20949923e+02,  8.36763360e+02,     5.48277964e+02,  3.63602206e+02, -5.45318162e+02, -3.71944484e+02,     2.96636612e+02,  1.43838736e+01,  2.77447803e+02,  1.58452604e+02,     5.03562674e+02, -6.64123065e+02, -4.20567396e+02, -5.48634881e+01,    -7.42129807e+02,  1.67766461e+02,  3.37486343e+02,  1.19925740e+02,    -1.95181423e+02,  2.02671555e+02,  1.21951802e+03,  2.22071403e+02,     1.30062471e+02, -4.19971848e+02, -5.67220150e+02, -1.34450317e+02,     2.66519121e+02, -4.48049985e+01,  1.79843735e+02,  3.01778896e+02,    -5.12855168e+02,  2.12237713e+02,  4.49501876e+02,  5.01838578e+02,    -4.81120478e+01,  9.89180673e+00, -7.95889950e+01, -4.32648234e+02,    -5.70859020e+02,  7.15162854e+02, -5.76398740e+01, -5.07112146e+02,     1.90180820e+01, -1.96013204e+02,  7.83066141e+02, -2.05039843e+02,    -2.95663270e+02,  2.67911378e+02, -1.24859923e+02,  3.71183747e+02,    -4.75745525e+01,  8.61947637e+02,  4.31343870e+02, -1.05063040e+01,    -3.09079403e+02,  2.12013558e+02, -4.75124672e+02, -9.99626983e+01,     5.21360594e+02, -2.40442562e+02, -4.04298295e+02, -1.90696755e+02,     4.45066926e+02,  1.24920653e+02, -7.11280103e+02,  2.62229797e+02,     1.28145655e+02,  5.91589886e+01, -4.38587377e+02,  1.44800311e+01,     3.00591198e+02,  4.37395578e+02,  5.48904296e+02,  2.23322258e+02,     3.51151165e+01, -4.35365209e+02, -4.10185287e+02, -6.37445039e+02,    -7.90087383e+01,  2.70861239e+02, -2.09815197e+01,  4.59624727e+02,    -2.71648810e+02,  1.57373753e+02, -1.02896279e+02, -2.55277290e+02,     5.07053676e+02,  6.53745489e+01,  5.25958381e+02,  2.51550735e+01,     2.13548611e+02, -1.70924206e+02,  5.36353746e+02, -1.03301791e+02,    -3.28737392e+00, -6.70303685e+02, -9.25647827e+01,  6.23777770e+02,     5.70630424e+02,  2.26420790e+02, -1.29310665e+02,  3.30966342e+01,    -1.51887296e+02, -4.93943970e+01,  7.71286173e+02,  1.56202248e+01,    -2.03158940e+02, -9.46132370e+02, -4.64742163e+02, -3.22449128e+02,    -5.74897780e+02, -4.81524770e+02, -6.09156175e+02, -3.97963482e+02,    -3.26395962e+02, -4.11828956e+02,  4.08909333e+02, -2.18055853e+02,    -8.30501297e+02,  3.42228872e+02, -2.47676485e+02, -7.04397495e+02,     8.32024173e+02, -2.06627894e+02,  1.69356245e+02,  3.49565654e+02,     8.02384228e+00,  2.23880189e+02,  7.32246252e+00, -1.26275115e+01,    -1.17431534e+02, -6.21453179e+02,  9.11057182e+01, -1.11808655e+03,     5.60851008e+02, -3.76021756e+02, -1.19211350e+02, -1.52888263e+02,     8.94299532e+01, -1.61675798e+02,  2.45887456e+02, -4.61803951e+02,     3.24979823e+02,  3.35566468e+02,  1.32978285e+02,  8.45746377e+01,     1.70562120e+02,  6.38039800e+01,  2.59589974e+02, -8.13517279e+01,    -5.37796242e+02,  8.40312138e+01, -1.97864737e+02, -3.87393240e+01,     4.28021907e+02, -6.95930644e+02,  8.55043402e+00,  1.17546854e+01,     7.42271920e+01,  2.85171514e+02, -1.18476329e+02,  7.22063611e+02,     4.15181647e+02, -1.50472914e+02, -9.09389485e+01,  1.65832775e+01,     6.69077822e+02, -4.78670700e+02, -8.94235854e+02,  2.48364010e+02,    -1.04788565e+02, -1.08456387e+02,  1.44603853e+02,  6.71994116e+02,     4.09597443e+02, -1.51095732e+02, -4.33636185e+02, -5.19810184e+01,     2.52636862e+02, -1.13005323e+02, -6.39299956e+02, -2.46602702e+01,    -7.98801654e+02, -4.19240765e+02,  6.84098050e+02, -4.40646206e+02,    -5.71585820e+02, -4.46936003e+02, -3.04104541e+02,  2.87624391e+02,     7.08711347e+02, -4.40518657e+01,  2.36759262e+02, -1.54663685e+02,    -5.99721252e+02,  4.02226844e+02, -3.92256908e+02,  2.43636096e+02,     3.11533021e+02, -6.42573540e+01,  3.54368782e+02,  3.76810221e+02,     9.25237494e+02, -1.27979141e+02, -3.96970617e+02, -5.48576994e+02,    -1.30341635e+02, -2.23327812e+02,  8.73005329e+02, -3.81040422e+02,     8.76283867e+01,  6.37149097e+01, -2.25166540e+02, -6.98261912e+02,    -5.57928950e+01,  8.41089470e+02,  9.44967557e+01,  6.09006990e+01,    -4.61529562e+02, -5.21889633e+02, -8.46096420e+01,  4.16978112e+02,    -1.92615243e+02,  9.17047931e+02, -3.77904617e+02,  1.46267453e+02,    -1.78377663e+02, -5.90159199e+02,  2.65510403e+01, -4.40187319e+02,    -6.41520838e+02,  7.11567525e+01,  2.03278803e+01,  4.45457441e+02,     1.80768855e+02, -2.91546740e+02,  1.94551885e+02, -7.11101492e+02,    -4.55682503e+02,  7.80820689e+02,  1.12083417e+02, -1.21970536e+02,    -2.78068952e+02, -4.00572242e+01, -6.75540007e+01,  7.32776209e+02,     3.52768180e+02, -1.26626898e+02, -6.02132782e+01, -3.46980032e+02,    -1.75170026e+02, -5.79634638e+02,  4.12790854e+02,  6.44587649e+01,     1.19093722e+02,  1.31147229e+02, -4.74792827e+01, -1.57834641e+02,    -4.55800407e+00, -9.16404673e+02, -1.64570425e+02, -6.98624965e+01,    -7.90586406e+01,  4.72803027e+02,  5.44687394e+02,  1.39433265e+02,    -8.25480808e+02,  5.51752221e+02, -1.72200392e+02, -3.32812113e+02,    -7.52511506e+02, -2.81205335e+02,  5.08667487e+02,  2.35527701e+02,     5.99928680e+01,  2.64627684e+02, -5.02648110e+02, -3.83008556e+02,     4.76482023e+02,  3.29185281e+02,  4.45664853e+02, -1.83793661e+00,     5.94085271e+01,  4.77678021e+02,  8.52195717e+02, -2.12627322e+02,     3.26041697e+02, -1.45537548e+02, -3.61971447e+02, -2.95301347e+02,    -2.64253286e+02, -1.29396804e+02, -4.40628737e+02, -2.01945942e+02,    -1.20268724e+03,  2.93940669e+02,  1.68168080e+02, -3.18717192e+01,    -3.57935007e+02, -1.93360086e+02, -4.65008129e+02,  1.01281973e+02,     7.10457769e+02, -1.78800600e+02, -1.41819408e+02,  1.89208757e+02,    -4.18164106e+02,  7.48653240e+02,  1.43125327e+02,  1.59767803e+02,     4.45540076e+02,  1.52529839e+01,  4.84345243e+02,  1.41948640e+02,    -7.41287652e+01,  8.10040811e+01, -1.94145482e+01,  5.99884669e+02,     7.81607380e+01,  1.27810884e+02, -7.77402083e+01,  1.14750681e+02,    -7.98436036e+02, -3.20894567e+02, -3.98288724e+02,  4.42568496e+02,    -2.52381190e+02, -5.55562097e+02,  5.07466248e+02, -1.03869428e+02,     3.77269427e+02, -7.88763631e+02,  2.13532763e+02,  6.60375741e+01,     5.12197349e+01, -7.65454156e+01, -5.62319532e+01,  4.25441664e+02,    -2.12059806e+00, -4.27008633e+02, -1.38284799e+02,  2.18326843e+02,    -1.00806656e+03, -8.01894176e+02,  1.29703554e+01,  9.66777321e+01,    -3.75370498e+02, -3.65524383e+01,  9.36764339e+02,  2.84198827e+02,    -4.84676280e+02,  8.11899937e+01, -7.73414021e+01,  8.96587705e+01,    -2.96381791e+02,  1.60508113e+02,  2.45158007e+02, -5.81626333e+01,     9.72291967e+02, -9.20777751e+01, -2.77598665e+02,  1.64844493e+02,     3.56940022e+02, -3.06175378e+02, -2.56169380e+01,  8.28515109e+02,    -2.04324949e+01,  5.09323014e+02,  1.23600559e+02, -8.32608951e+01,    -2.27857659e+02,  4.92228877e+02, -4.74941287e+02, -1.81677319e+01,    -1.29927205e+02, -3.65301482e+02,  1.45196818e+02,  2.06016810e+02,     7.69856061e+01, -1.40522425e+01, -3.34561864e+02,  1.59782453e+02,    -1.53329474e+01, -2.16608834e+02, -1.86927288e+02,  1.70227839e+02,    -4.30688051e+01, -3.16543006e+02, -9.20558705e+02,  7.92461673e+01,     2.02074042e+02, -4.04594685e+02, -1.94984221e+02,  7.13005543e+02,     6.30414151e+01,  3.04819900e+02,  5.64427577e+01,  3.19176138e+02,     4.45365025e+01, -3.40850613e+02, -3.34163734e+01,  7.19214069e+01,     2.40630657e+02,  6.93784617e+02,  4.25702124e+02,  1.82994613e+01,     1.48484307e+02,  5.22142359e+02,  2.26609782e+02, -6.27908921e+02,    -2.31656391e+02,  1.16493404e+02,  7.39927410e+01,  2.28421609e+02,    -4.54623671e+02,  1.09709565e+02,  3.47757668e+02,  4.27042757e+02,    -3.87765186e+02, -4.51350395e+01, -1.99240993e+01, -1.17475545e+02,    -2.87527577e+02, -1.71197489e+02, -2.83090522e+01,  6.92520305e+01,     3.57763442e+02, -2.69037369e+02,  6.92533414e+02,  3.08006692e+02,     2.18387383e+02,  2.87910136e+02,  2.62904146e+02,  2.84237534e+02,     4.67706399e+02, -3.82772990e+02,  5.47415920e+02, -9.63507766e+02,     2.69016575e+02, -9.40909777e+02,  7.29334715e+02,  6.29146477e+02,    -1.00570964e+02, -4.25704559e+02, -3.65904753e+02, -4.98603601e+02,    -5.36527192e+02,  4.97773219e+02,  3.71819889e+02,  2.09449335e+02,     2.75057023e+02,  3.52211415e+02, -3.32976502e+02, -1.74715337e+02,     4.96930837e+02, -1.07766387e+02,  4.58562230e+02,  6.33011976e+02,    -3.74705085e+01, -6.23766719e+02,  1.22119474e+01, -1.14699133e+01,    -8.50082133e+01,  6.67778688e+00, -5.81192399e+02, -1.59750409e+02,     5.13226548e+01,  7.69511389e+01,  4.19248836e+02, -3.46315352e+02,     5.30139384e+02, -3.50339529e+02,  1.92312495e+02,  3.37274091e+02]
bee_TS =[-5.09385022e+02,-4.01169392e+01,-1.17898703e+02,3.93413232e+02,-1.85769598e+02,-1.62953402e+02,-3.47459976e+02,-7.74676571e+02,-3.70348587e+02,-4.14207720e+02,-3.38019364e+02,3.97589634e+01,1.29405828e+01,2.58181723e+01,2.72462142e+01,4.10096565e+02,-1.81035062e+02,-1.59934129e+02,1.53140312e+02,-9.66870023e+02,5.08336392e+02,-2.32061470e+02,-4.41679163e+01,-1.04457257e+02,-4.91324086e+01,-5.09460646e+01,7.51796853e+02,-1.85361941e+02,-7.19718399e+01,-4.57744880e+02,6.72504555e+02,-1.18532322e+02,-3.39305005e+02,2.08264217e+02,-3.66602300e+01,1.70135138e+02,-2.72650985e+01,6.14856445e+01,2.38321834e+02,-8.85345059e+02,4.71144403e+02,1.11664908e+02,-5.03884082e+01,-2.93541400e+02,9.80562381e+01,-1.56293864e+02,3.81756752e+02,3.21452980e+02,-2.39089538e+02,-2.54467565e+02,-2.60034504e+02,-2.94862806e+02,9.99156678e+01,-4.32528877e+02,1.18964759e+02,5.21550613e+02,5.95067954e+02,3.01831701e+02,1.40112973e+02,2.38665011e+02,7.79851202e+02,1.82878174e+02,-4.79073013e+02,-1.07853804e+02,-2.05031567e+02,5.31342284e+02,-6.51228863e+02,-5.44673471e+02,-2.35683236e+02,-8.49578932e+01,-3.81131131e+02,2.32954702e+02,8.38955918e+01,1.13869637e+02,-3.35223755e+02,-3.02721368e+02,-4.90091939e+02,3.25592278e+02,-2.84255250e+02,2.29163064e+02,-5.73664911e+01,-2.55126875e+02,-5.05727604e+02,-1.50978373e+02,-9.86363274e+01,-1.38158917e+02,3.42416966e+02,6.15440408e+02,-3.67031485e+02,-6.95784281e+02,-1.72782456e+02,9.63279455e+02,-4.96357695e+02,2.88006643e+02,-9.20235707e+01,-5.40146077e+02,2.09572728e+02,3.31601012e+02,-1.52210812e+02,3.06236324e+02,-2.32921712e+02,-4.46119122e+02,7.74413393e+02,4.04179374e+02,2.69014241e+02,1.27329734e+02,2.13006809e+02,7.08105289e+02,-2.16364620e+02,4.99932185e+01,-1.20142454e+03,1.60171169e+02,-5.92882010e+02,1.25657509e+02,1.87367691e+02,-2.96623436e+02,-4.65012101e+02,5.41213759e+01,-2.55287903e+02,3.08934850e+02,-4.41172048e+02,-2.30753402e+01,-3.08665344e+02,-3.62853999e+01,-2.75637679e+01,1.46781705e+02,1.09296851e+01,-5.17887704e+01,5.25370577e+02,7.92331799e+02,4.15401841e+02,6.77540391e+02,-1.03501976e+02,1.17140178e+02,4.75940640e+02,-7.75389063e+01,-6.62464844e+02,-3.25083278e+02,-4.35181161e+02,-2.49057955e+02,2.43203836e+02,-1.02342547e+03,-1.66576759e+02,3.73101716e+02,-3.16904279e+02,-3.18686015e+02,4.70578543e+02,3.82170385e+02,-2.99649094e+02,1.68508204e+02,-2.13179370e+02,3.02014633e+02,3.45548849e+01,1.32892816e+02,-7.53120272e+02,-4.21051867e+02,-6.66321165e+01,2.98213194e+00,-3.35759913e+02,9.26012968e+02,-1.92194655e+02,-2.91141076e+02,3.26765006e+02,-4.16600608e+02,-2.83766329e+02,2.65858785e+02,9.62463570e+01,1.12517681e+02,1.05193109e+02,-9.79632287e+01,1.68063177e+02,5.05835504e+02,-2.56507816e+02,1.50534475e+02,7.89273902e+02,2.90604955e+02,-7.53009037e+01,-1.66259588e+02,1.33573071e+03,-1.53119976e+02,3.06826423e+02,1.88771946e+02,2.98635979e+02,7.72040778e+02,4.33195180e+02,-2.57075917e+01,1.96649492e+02,4.10617666e+02,3.36843328e+02,-4.82487864e+02,8.11490268e+02,-7.22502282e+02,-1.53218042e+02,4.99202434e+02,7.30301712e+01,6.02210715e+01,2.72009604e+02,2.12113487e+02,3.10522390e+02,-5.54633427e+02,4.38248372e+01,-2.37298608e+02,-9.43240443e+01,-2.90925060e+01,-7.74321362e+01,-4.78969315e+01,7.10610464e+02,-7.35492469e+01,-2.40287543e+02,-1.95388751e+01,1.01771470e+02,-5.11158124e+02,-3.88467542e+02,-3.16511899e+02,-5.47331946e+02,-1.43353199e+02,-3.61568276e+02,1.68057974e+02,-1.00826181e+01,-9.23942186e+01,-7.43519632e+01,5.67114010e+01,-1.74128445e+02,5.80927898e+02,-7.13068144e+02,-1.39839737e+02,-1.36458355e+02,1.45974337e+02,1.60160600e+02,-4.01878444e+02,-1.59210739e+02,3.63118044e+02,-1.93715405e+02,1.37168906e+02,3.20460732e+02,-3.65974505e+01,9.81521085e+02,-1.78768768e+02,-2.79846643e+02,5.57358534e+01,-1.97022873e+02,4.61655842e+02,-3.13165804e+02,7.45191255e+01,5.43153438e+02,-1.13649601e+02,1.04336347e+03,1.11392341e+03,-5.69928243e+02,5.04459517e+02,1.45785190e+02,-4.64274016e+02,1.53196714e+02,3.15029612e+02,3.30299767e+02,2.06139183e+01,1.02774206e+02,6.17363990e+02,-2.00435575e+02,1.41047457e+02,6.60719105e+02,-3.24260710e+02,-1.29595756e+02,4.52431231e+02,2.32915152e+02,6.62868247e+02,2.23064677e+02,5.90208882e+01,2.28196196e+02,3.37266867e+02,-4.19831756e+02,2.97847500e+01,1.59212531e+02,1.06457389e+02,1.90410438e+02,-5.09018688e+02,2.98031409e+02,-3.86303147e+02,-2.74269953e+02,1.52270503e+02,-1.22611135e+02,4.76308034e+02,-2.10260625e+02,2.52090649e+02,2.83953508e+02,6.91631830e+02,4.81205028e+02,4.11298752e+02,-7.68405268e+01,-5.92302079e+01,-2.74453423e+02,6.65187099e+02,6.82727607e+02,3.24237220e+02,-1.99788560e+02,4.36913578e+02,-7.81447731e+01,1.84081724e+02,5.40212499e+02,6.76414911e+00,-6.73090448e+01,-2.15512750e+02,-4.61071639e+02,8.40955592e+02,3.91502033e+02,-4.85772762e+02,-1.34269070e+02,2.41763743e+02,-9.15991078e+01,5.40353950e+02,1.06699932e+02,6.91240916e+02,2.68342841e+02,-2.46556169e+02,2.15120290e+02,-3.71647404e+01,-2.75950250e+02,1.45824768e+02,1.63338497e+02,7.87399161e+02,6.92848761e+02,4.56482504e+02,6.05085880e+02,6.26437873e+01,-2.37534775e+02,1.35575453e+02,-2.88635434e+02,-4.38535771e+02,-5.01962324e+02,-2.36993418e+02,-9.34120920e+02,-2.69653892e+02,-7.39594338e+02,1.85640707e+02,-3.98945073e+02,3.55146906e+02,-8.28585579e+02,-2.80427666e+02,4.28498262e+02,1.94793988e+02,-7.46669901e+02,5.38229555e+02,-2.09599816e+02,4.51825887e+02,-2.23061305e+02,-6.83080150e+02,1.06018777e+02,-5.51381827e+02,-1.16009911e+02,2.56755554e+00,3.68151567e+02,1.08374962e+03,-3.93993086e+02,-3.03785780e+02,-3.05313932e+00,-1.20572032e+02,-7.02846155e+02,-4.82388614e+02,4.29381941e+02,-2.19900706e+02,1.45901507e+02,-4.21896561e+02,-1.29411241e+02,-3.47865399e+02,4.63747866e+02,1.33152965e+02,-1.94108405e+02,-1.16094111e+02,8.71816845e+01,-7.23375073e+01,3.76273684e+02,-2.17408927e+02,4.43145616e+01,2.96538767e+02,1.51783679e+02,-1.51061161e+02,1.33993824e+03,4.68868788e+02,2.97353290e+01,9.19212031e+01,-5.33430084e+02,2.68011552e+02,-6.48548072e+02,-2.22813433e+02,-4.75979282e+02,-1.65268306e+02,4.81002118e+02,-4.88246575e+02,1.57280470e+02,-2.36702753e+01,2.83060580e+01,-3.22121524e+02,-3.86997595e+02,-2.99211979e+00,-3.69966194e+02,-1.91901493e+02,-3.53811560e+02,-9.01065922e+01,-3.10000534e+02,-4.44079226e+02,1.94381937e+02,-1.49652879e+02,1.83126804e+02,8.76032297e+01,-6.35733101e+02,-4.73793021e+02,-3.43900347e+02,3.08051123e+02,-8.97045264e+00,-5.47073738e+02,5.02624383e+02,-3.43987433e+02,4.73205580e+02,-2.60075147e+02,-4.20592688e+02,2.30150366e+02,-5.86590261e+02,-3.34681544e+02,5.51680137e+02,1.56110311e+02,-3.49367820e+02,4.52966716e+02,-1.47836509e+02,-3.25418514e+02,-2.64541258e+02,-4.19989002e+02,2.05319964e+02,-7.84888866e+02,-7.19693572e+02,-8.33379222e+01,-2.61038259e+02,-4.76593725e+02,6.23529025e+02,1.14233073e+03,-2.85343034e+02,-2.80677456e+01,-5.45352009e+02,5.71492011e+02,1.60043411e+02,-1.68682693e+02,-3.33729716e+02,1.46130666e+02,-5.26182716e+02,-1.73314452e+02,-7.67748424e+02,3.01949138e+02,1.13908703e+02,4.70765036e+00,-5.95825663e+01,-2.95045406e+02,-7.71807216e+01,1.10309871e+03,-1.66763408e+02,-3.98856939e+02,-5.86470923e+02,1.12269614e+02,-3.10363479e+02,7.61568628e+01,2.52151758e+02,5.81687613e+01,2.43771750e+02,1.03841379e+02,5.15964875e+02,2.66670452e+02,-2.92811360e+02,3.65672489e+02,3.00603902e+02,9.66519272e+01,3.86356677e+02,-2.12349372e+02,6.29046215e+02,1.60438582e+02,-2.60418192e+02,-4.97145634e+01,-1.65115694e+02,2.08066117e+02,-2.28095533e+02,-2.56943475e+01,-9.30041841e+01,7.17917221e+02,4.63181135e+02,-5.84484150e+02,-3.59226673e+01,-4.67149949e+02,-1.52278045e+02,-1.96477114e+02,6.37735088e+01,-1.27306593e+01,-2.23934977e+02,1.09510002e+02,-5.99280225e+01,-9.10741261e+01,7.50740786e+02,1.56376474e+02,-7.01086846e+02,-3.83132176e+02,7.98982223e+02,2.36740081e+02,-7.42502327e+01,9.19846146e+02,-1.60649194e+02,-9.82278432e+01,-5.07236411e+01,1.16439786e+02,2.46020100e+02,3.54994728e+01,2.32409920e+02,-1.37548670e+02,-2.68829869e+02,-3.73577688e+02,-4.14267177e+02,3.88094885e+02,1.09932720e+02,3.26815574e+02,1.19505356e+02,7.65909133e+02,1.52213470e+02,-7.07856128e+02,-2.96944231e+02,8.55296284e+01,-2.40475732e+02,5.37115301e+02,-1.08048007e+02,1.58934408e+02,4.31473710e+02,-6.35210148e+02,1.28526218e+03,1.67790536e+02,2.06660511e+02,3.03221749e+02,6.95051237e+01,-6.53392010e+00,3.11862964e+02,-3.06615937e+02,7.06745899e+02,6.09732909e+02,-3.57727967e+02,1.29042127e+02,6.00478497e+02,-1.87510028e+02,1.38034588e+02,3.69210961e+02,3.69058503e+02,-6.77389171e+02,-1.19620297e+02,-3.02804635e+02,-2.61230172e+01,-3.64475886e+01,-2.28412533e+01,-1.41236382e+02,-2.53740972e+02,7.16577656e+01,8.80758611e+01,4.62435683e+02,-3.63560631e+02,3.34240335e+02,3.86603641e+02,-1.43864355e+02,7.64806355e+02,-5.90544012e+02,-9.10071542e+02,-5.74979294e+01,-7.20140660e+01,6.90845597e-01,6.80830464e+02,-6.29601133e+01,3.51764636e+02,4.13138160e+02,3.28546732e+02,-9.11794969e+01,5.46430343e+02,-1.37903511e+02,-2.79458195e+02,-3.99375282e+02,4.71192421e+01,3.32208614e+02,-4.33416094e+01,3.30941332e+02,-2.58963774e+01,5.52553988e+02,1.72076743e+02,7.69506735e+01,-4.78950432e+01,2.92592395e+02,3.26690448e+02,1.72098212e+02,-7.28373776e+00,-4.63423516e+02,2.59515357e+02,1.70513341e+02,3.18810951e+02,2.67621894e+02,3.05989242e+02,-5.20130955e+01,2.33783335e+02,-2.13299576e+02,-9.03105878e+00,-4.79874892e+02,-2.69434953e+02,3.38052364e+02,-7.81358848e+02,2.53578668e+02,1.46446386e+02,7.14119976e+02,-2.25127770e+02,2.63046433e+02,-1.01349165e+02,-4.17480672e+02,-6.21594256e+02,-7.02344860e+01,-7.58248210e+02,1.38987073e+02,-1.78378305e+02,2.58684102e+02,1.76331196e+02,-2.20301312e+02,-2.15882418e+02,3.33605297e+02,-5.16553833e+02,-1.04873800e+02,-1.79023943e+02,2.02018854e+02,-4.59042137e+01,4.97876138e+01,-1.85684585e+02,4.90289241e+02,-4.10471250e+02,8.28407520e+01,5.17191800e+02,-2.95128181e+02,1.56863163e+01,-3.27187816e+01,-5.91180440e+02,-4.00475158e+02,-6.88251498e+01,2.27433191e+02,2.77429049e+02,4.19677433e+01,-6.98874594e+01,1.89999447e+02,-3.89082553e+02,2.39106952e+00,-4.34161403e+02,-2.37202013e+02,4.05320396e+02,-2.53547208e+02,5.52808440e+02,-1.83271307e+02,3.03405664e+02,2.20056932e+02,-5.36746212e+02,-2.45938945e+02,7.41383222e+01,-3.43190181e+02,-3.01907220e+02,-7.47601402e+02,-4.79985459e+02,-4.50153811e+02,-3.70610050e+02,1.91684231e+01,1.14124246e+02,9.08966277e+00,1.80235865e+02,-4.91199946e+02,1.24177188e+02,1.79213099e+02,-5.73123211e+02,-5.55229320e+02,-3.53989206e+02,-2.00334972e+02,1.68101037e+02,7.49522579e+00,-3.83061138e+02,3.06754728e+02,-1.72367983e+02,4.31369013e+02,-7.69099840e+02,5.19877262e+02,-3.22159314e+01,-3.15584039e+02,-2.25605890e+02,2.78211896e+01,3.66191897e+02,-6.49371717e+02,-1.21532786e+02,-1.76385884e+02,4.22197731e+02,7.23639979e+02,-8.36683433e+02,8.05706394e+02,3.93294388e+02,-6.43382176e+02,-3.03412024e+02,6.56900728e+02,5.21479465e+02,-1.54174321e+02,-3.16324094e+01,9.00632583e+01,6.10541645e+02,-4.54662248e+02,1.40311957e+02,-6.52282603e+01,2.62659909e+02,-6.37175924e+02,-6.50350847e+01,-2.89735975e+02,4.07466059e+02,3.68168947e+02,-7.38686513e+02,-4.26934265e+02,-1.96170089e+02,-3.34877359e+02,-1.25941798e+02,-1.99185841e+02,3.69607100e+02,3.58389317e+02,-5.04265523e+01,-3.97364882e+02,-7.20362213e+02,3.75356993e+02,-4.37830632e+02,-2.70899279e+02,4.16636513e+01,-2.96978080e+02,-3.59220632e+02,-2.22468824e+02,-3.63361481e+02,-2.31635127e+02,-4.38925716e+02,5.01908353e+02,5.56711577e+02,-2.95281056e+01,-2.06130468e+02,-1.34211473e+01,3.66513429e+02,-7.60167014e+02,-1.79312625e+02,4.32074007e+02,5.78971698e+02,-1.59395508e+02,9.74343493e+01,4.71931545e+02,1.34657414e+02,-5.76865258e+01,-3.81545173e+02,1.95092302e+02,-3.09692580e+02,-1.37555484e+02,-1.67060621e+02,-1.61651073e+02,1.72014485e+02,6.74429165e+02,6.34844309e+00,3.57791851e+01,-7.82215552e+02,-1.49838032e+02,-3.27227224e+02,4.00042459e+01,-3.64797338e+02,6.78680949e+02,7.03018169e+02,1.27395208e+02,-1.29069667e+02,1.25419923e+02,2.19601595e+02,-4.12837231e+02,-6.66779967e+01,1.20135805e+02,1.20212560e+02,4.89890402e+02,3.89185445e+02,-1.79806963e+02,2.45476433e+02,-8.34910049e+02,-3.69579647e+01,7.37249069e+02,8.38090946e+01,-6.11727980e+00,2.86914915e+02,-2.51012740e+02,8.02374345e+02,-1.06559424e+02,7.35586282e+02,3.21256055e+02,-3.32009817e+02,2.64988733e+02,-2.67446627e+02,-5.95365878e+02,-3.52202147e+01,-4.90313673e+02,-4.62113213e+02,-4.62249124e+01,2.78296678e+02,-4.99216798e+01,-2.91911347e+02,6.53853407e+01,-6.30522950e+02,-7.97743496e+01,-7.18059576e+02,4.51525241e+02,-1.18965727e+01,-4.43787157e+02,-1.64506774e+02,1.50575530e+02,-2.78810618e+02,-4.08685256e+02,7.80539170e+02,-1.94352422e+02,-3.85277879e+02,2.18344243e+02,-1.03148655e+02,4.44744230e+02,-1.36403388e+01,7.58068011e+01,8.84468495e+02,-1.55325861e+02,-3.03241982e+02,-3.23454629e+02,-4.61586464e+02,-2.86674368e+02,2.46251246e+02,1.82339196e+02,1.84612330e+02,6.50682350e+02,2.04803008e+01,1.45402003e+02,-5.76174650e+02,2.11218871e+01,-2.02779507e+02,-2.32108661e+02,1.54014075e+01,3.04930358e+02,3.33216297e+02,6.58592532e+00,8.16603187e+01,2.56469845e+02,3.25269236e+02,-2.09364047e+02,-1.14333012e+02,1.48347185e+01,-2.03908872e+02,-6.82554676e+01,-2.35914643e+02,6.58732939e+02,5.65540590e+02,-1.11322696e+02,1.05027116e+02,-2.10869700e+01,-2.06983988e+02,2.90668146e+02,-7.73019416e+01,3.39162397e+02,-4.68430635e+02,1.64742147e+02,-9.65993918e+01,-4.75540153e+02,-2.20830495e+02,2.38368890e+02,-7.46515027e+02,3.67683301e+02,4.28777350e+02,-6.26475606e+01,-4.50015293e+01,-2.84372966e+01,2.12321958e+02,-2.87395120e+02,3.17065189e+02,2.47089181e+02,-9.10492108e+02,-2.88170810e+02,1.97529294e+02,-7.99823449e+01,3.33577931e+02,-5.35856635e+02,-5.19707087e+00,-3.62306217e+02,-1.07732146e+03,6.54447124e+02,-5.17500928e+02,-5.02364941e+02,7.72703356e+01,1.11546304e+03,5.96756040e-01,-1.88212247e+02,-1.82081900e+01,-6.15841080e+01,-7.71708896e+02,-5.38686338e+02,6.78718969e+02,-4.54690780e+01,-3.45063198e+02,4.39315266e+02,-3.01091013e+02,3.44163081e+02,4.74678056e+02,-5.36465532e+02,-2.23955263e+02,-3.00299769e+02,-1.30575385e+02,-1.68519989e+02,-5.87057361e+01,1.20094217e+02,-2.92691317e+02,2.58581072e+02,5.20690178e+02,-1.40247593e+02,-1.55215984e+02,1.20298596e+02,4.99554231e+02,4.24375859e+02,3.18989563e+01,-1.48915160e+01,-4.69633115e+01,-4.43034314e+02,3.29206316e+02,-2.08871427e+02,1.71810474e+02,-1.37689389e+02,2.53467318e+02,1.52923368e+02,-6.86544505e+02,-2.42762083e+02,-6.88145228e+02,-2.82717617e+02,6.48470971e+01,-1.49946035e+02,2.61100651e+02,-2.52009253e+02,1.68554279e+01,9.13024495e+01,6.49382923e+02,3.26271433e+02,-2.35138951e+02,1.75261379e+01,9.67676616e+01,3.48030209e+02,-5.47694611e+00,4.41670016e+02,2.11697437e+02,7.77138304e+02,2.25667542e+01,5.96046123e+02,-2.27626590e+02,-3.35878825e+02,7.20579707e+01,6.37451754e+01,2.65281498e+02,-5.60257975e+01,-1.38656403e+02,2.26460289e+02,-3.99748268e+02,-4.51925412e+02,6.69491245e+02,-5.18815526e+01,-3.72914059e+02,-4.85299599e+00,-1.23207791e+02,3.05337620e+02,2.88645784e+02,-1.71300799e+02,9.56682449e+00,-2.36211713e+02,-2.84240317e+02,-2.48642514e+02,-8.34178726e+02,-2.99315832e+01,-5.63031288e+02,-4.80551510e+02,-3.44421580e+02,1.53009908e+02,-3.28958361e+02,1.90238198e+02,-4.92987579e+02,9.04412078e+00,-3.54743745e+02,6.52334809e+01,1.02613722e+02,2.53343614e+02,-1.72405163e+02,-1.28486500e+02,2.27286646e+02,5.24422462e+02,2.83631038e+02,6.81851753e+01,-5.95700222e+02,-1.20950565e+02,-2.69796352e+02,-5.29606057e+02,3.61378318e+02,-3.01904169e+02,-3.81686285e+01,-2.00263955e+02,-8.83599352e+02,4.35163624e+02,-1.45245199e+02,3.59515349e+02,-6.05978583e+02,5.71757708e+02,3.71037330e+01,-2.71492524e+02,4.11853718e+01,-2.04409674e+02,-5.96054190e+02,1.23444259e+02,2.44765794e+02,2.82862566e+01,-3.15129705e+02,-1.13658544e+02,1.41491852e+02,2.55176311e+02,5.59166117e+02,2.21879951e+02,-2.04799803e+02,7.70177366e+02,2.51363332e+02,3.41055311e+02,-1.48088483e+02,2.31941746e+02,1.50971749e+02,-5.38015003e+02,-1.64395436e+02,-3.43402571e+02,-2.73192361e+02,-9.05265185e+01,-1.52839637e+02,-3.24062275e+02,-9.89952670e+02,-2.65263824e+02,1.34499774e+02,8.72037078e+01,8.16224986e+01,4.32056073e+02,1.61119834e+02,2.79329913e+02,-3.68002812e+02,4.02963181e+02,-4.28747521e+02,-6.67309366e+02,1.66856495e+02,-3.51807511e+02,-3.65247865e+02,-1.37442681e+03,-1.04049913e+02,6.97226888e+02,4.06035088e+02,-8.91841346e+01,-1.03456279e+02,2.58017358e+02,5.93098412e+02,-3.52246892e+02,-8.34363388e+01,-2.76903240e+02,-3.13624262e+02,-2.96835578e+02,1.38324115e+02,6.25173326e+02,-5.72859790e+02,-4.61891380e+02,2.14481621e+01,-7.51241027e+01,-1.23599882e+02,-8.11597201e+02,4.93723301e+02,2.19455411e+02,7.77654170e+01,4.22681770e+02,-2.64692731e+02,2.58789028e+02,2.35323161e+02,4.60719587e+01,-4.08192996e+01,1.06929221e+02,-1.40765585e+02,4.10069638e+02,-3.80149645e+02,3.66431186e+02,8.09609628e+01,9.76831502e+01,2.06392187e+02,-7.50338237e+02,5.61113790e+01,-5.58023865e+02,-4.40470922e+02,-4.27729877e+02,-3.92706324e+02,1.22630438e+01,1.13760583e+02,4.20728268e+02,8.44183109e+01,1.19841492e+02,-6.20250623e+02,-2.18377594e+02,2.86954139e+02,1.20842127e+01,1.61927004e+01,-7.08863465e+01,3.19527745e+02,-7.94858414e+02,9.18187341e+01,2.06383736e+02,3.96138080e+02,3.38385127e+02,-4.94971512e+02,6.64095185e+01,3.71764110e+01,3.77006741e+01,1.69342955e+01,-1.69416057e+02,-2.74000862e+02,1.37621286e+02,5.45816810e+02,-7.81405802e+01,8.31548187e+01,1.54762627e+02,-2.15606459e+02,-2.14110253e+02,-1.00667367e+03,-3.34022294e+02,-4.41276243e+02,-6.62842422e+01,-5.52924387e+02,6.54438164e+02,-2.57227734e+02,-4.59910958e+02,-1.36324853e+03,5.70341619e+02,1.19172965e+02,-1.27613306e+01,-5.34921649e+02,9.10731279e+01,-1.51224866e+02,-2.83818365e+02,1.02027794e+02,2.79320408e+02,6.88458722e+01,-1.49902134e+02,-2.87895950e+01,7.06026852e+00,1.67839607e+02,-5.29788781e+02,6.08430438e+02,-3.64810909e+02,-2.36005665e+02,-3.65318665e+02,-8.44765794e+02,8.25955214e+01,-4.16135403e+02,-1.91975891e+02,2.96913673e+02,-2.09186162e+02,4.96430851e+00,-8.54009859e+01,-2.23270863e+02,1.43658102e+01,4.61841381e+02,-4.52110832e+02,8.00013481e+02,-1.72052935e+02,2.95903962e+02,-6.77135229e+01,1.29602847e+02,-1.02686210e+02,4.07640516e+02,5.43822532e+02,1.73154451e+02,4.75659328e+02,-3.38550751e+02,-2.85310186e+01,-1.98140262e+02,5.93095769e+02,5.01660279e+02,3.84536483e+02,-1.29192204e+02,-2.62329979e+02,2.33983434e+02,-2.25001321e+02,-1.19761988e+02,-6.31547211e+01,-2.25863912e+02,4.45933493e+02,-5.04347031e+01,3.43335571e+02,1.22993167e+02,1.48511960e+02,-2.97174249e+02,2.81418491e+02,-1.58618528e+02,-1.13460838e+02,-2.62039053e+01,-4.42173091e+02,6.67532173e+02,-2.45288322e+02,-3.59913035e+01,1.72336335e+02,1.48905431e+02,6.15079902e+02,-1.42936782e+02,6.66967289e+02,6.04826109e+02,-8.44042488e+02,7.57563015e+01,-1.77769417e+02,1.26649177e+02,7.52463070e+01,1.52215667e+02,5.24618289e+02,8.04255122e+02,-6.81199026e+02,6.66269076e+02,-8.01676950e+02,-6.67887408e+02,-1.06439212e+02,-9.90028523e+00,6.09690756e+02,3.36672204e+02,-1.59515175e+02,-8.04672260e+02,6.11112293e+02,-3.90538845e+02,-1.00239088e+01,-4.43553920e+01,1.07647925e+03,-2.45919780e+02,-9.15328635e+02,2.68192431e+02,-1.40474093e+03,9.67635714e+01,-3.09782634e+02,-1.57387121e+02,-2.37504270e+02,-5.09448360e+02,3.56514176e+02,-3.14371390e+02,-7.92480682e+01,-6.80363641e+02,-5.80634872e+01,-4.15417754e+02,-6.47321825e+02,-1.06363443e+03,8.83131800e+01,-2.80050283e+02,-7.16413073e+00,-1.17254583e+02,-6.88203936e+02,-5.48553414e+02,-4.59083341e+02,-4.62909943e+02,4.75849876e+02,8.09966616e+01,-4.15419049e+02,-1.59795578e+02,-1.94809550e+02,3.22942540e+02,-2.89581577e+02,-1.07058821e+02,-1.95787608e+02,-3.11634131e+02,-3.25362128e+02,3.32582048e+02,-1.52110606e+02,-7.90386938e+02,6.69833115e+02,4.08337129e+02,5.35970463e+01,-6.30234396e+02,-6.55766511e+02,9.38093034e+01,1.23693919e+01,-2.58354228e+02,-4.21920865e+02,3.08484438e+02,-6.82965837e+01,2.36887793e+02,4.29255080e+02,2.92377339e+02,3.05779874e+02,2.21400117e+02,-1.76520529e+02,-1.08811595e+02,-1.91005586e+02,-3.03232703e+02,-3.97026583e+02,-5.61917434e+02,-3.39649456e+02,-7.01133846e+01,-6.92451911e+02,-7.52864714e+01,2.82625113e+02,-6.20125475e+02,2.16245502e+02,1.88503268e+02,-6.11524683e+02,-4.93207125e+02,-1.35584349e+02,1.83799043e+02,-3.44785783e+02,6.08196071e+02,5.45078295e+02,-6.51673908e+02,4.39616756e+02,3.07734359e+02,6.61809863e+01,2.19585129e+02,-3.69843284e+02,-1.23474806e+02,4.66611484e+01,1.53452928e+02,3.92332433e+02,-4.39099922e+02,-3.68755730e+01,1.53833791e+02,-1.26793853e+01,-2.28521437e+02,1.71459114e+02,-2.31374051e+02,-1.74592364e+02,3.31039674e+01,-5.20164252e+02,3.15532189e+01,-2.03827589e+02,-1.08784022e+02,4.91634898e+00,-4.91842142e+02,4.88161714e+02,-2.32663878e+02,-1.11913567e+03,-7.32967640e+02,3.38039113e+02,-3.07712221e+02,-1.47473765e+02,-2.51879951e+02,-1.44323718e+02,-8.64277908e+02,-9.63570974e+01,-5.54216744e+02,-2.88548169e+02,2.22539528e+02,6.43397988e+02,-2.94970217e+00,-2.73265412e+01,5.04134801e+02,-4.38398835e+02,3.10572330e+02,8.01947357e+01,-3.60649951e+02,-1.55817831e+02,2.11756470e+02,1.58585316e+01,8.55218702e+01,9.91445515e+01,-2.03653529e+02,-2.41584549e+02,-4.56797111e+02,4.32234966e+02,-5.48878106e+02,-4.03747207e+02,8.28461504e+01,-7.72589868e+02,1.66921802e+02,5.41631662e+02,-4.13168119e+01,6.07021277e+01,-2.15350488e+02,-1.76940609e+02,8.84138921e+01,3.23779952e+02,-3.49540006e+02,2.67018999e+02,-9.58433281e+01,-3.45132054e+01,2.32824672e+02,1.65430055e+02,-7.78738008e+01,-3.85326834e+00,2.09623061e+02,2.42753382e+02,-6.20731844e+02,5.77944955e+01,4.65973277e+02,-8.40225542e+02,2.80467394e+02,-1.03084665e+03,-7.96615418e+01,-1.28627860e+02,-7.37449555e+01,-7.76843232e+01,-2.23312371e+02,-3.16882297e+01,1.42500854e+02,-2.08750897e+02,1.21406004e+02,7.50185207e+02,-5.55135026e+02,-2.30543061e+02,3.16269008e+02,2.14404155e+02,3.57541992e+02,1.41475970e+02,2.44328507e+02,-1.61265397e+02,-4.22650115e+02,-3.67087030e+02,-1.79323705e+02,5.81862761e+00,-3.62990004e+02,-1.31482555e+02,5.77804070e+01,1.99786425e+02,-8.64829183e+01,4.85811776e+02,-4.38286016e+02,-4.58012004e+01,-2.37270451e+01,2.40549105e+02,-3.51929096e+02,-2.21017016e+02,2.36192920e+02,4.31506466e+02,6.02873727e+02,3.03175315e+02,3.56428104e+02,-2.56610182e+02,5.40358686e+02,5.81079717e+02,-5.52805859e+01,3.40020025e+02,3.28313201e+02,-2.19282154e+02,1.47099426e+01,5.29718913e+02,-2.39823636e+02,-1.07124983e+02,-5.22529300e+02,2.32149566e+02,-6.58048346e+01,1.51900471e+02,8.21929463e+01,-3.59426078e+02,3.96517208e+02,3.51281842e+02,-2.05542323e+02,1.58659673e+02,-4.96148781e+02,-4.46359923e+02,2.01593431e+02,-5.95034120e+02,-2.33498588e+02,8.22342913e+01,6.97268702e+02,-2.09957216e+02,-9.03662053e+01,-1.26424119e+02,9.89613521e+02,1.22290165e+02,-3.74377974e+02,5.90426216e+02,5.43167027e+02,2.59265420e+02,6.29963456e+02,6.97839368e+02,-9.04600803e+01,-2.58462249e+02,-2.79726907e+02,2.31831929e+02,3.26938323e+02,-4.23805195e+01,-1.77927096e+02,-5.30657617e+02,-2.59462780e+02,-3.82031914e+02,2.54662028e+02,1.30302685e+02,5.38946209e+02,4.93535104e+01,-2.17033671e+02,-6.81975289e+01,3.44878403e+02,1.13254143e+02,4.39664461e+02,4.95356355e+02,-1.19310732e+02,-7.75253217e+01,-8.31996563e+02,4.59611624e+02,-4.66915991e+01,4.33498383e+02,-1.58194156e+02,-5.02121675e+02,1.70576763e+02,5.96038258e+02,-2.11005796e+02,5.88335997e+02,-6.21880683e+02,-1.93658836e+02,-6.73841918e+02,1.90120742e+02,9.90428670e+01,7.16498588e+00,-5.15635555e+02,7.55574965e+02,4.53298954e+02,7.09479859e+01,-3.94665155e+02,1.87594687e+02,-2.34376963e+02,-7.57339556e+01,-1.87946034e+02,1.79153033e+02,-8.71533207e+01,-1.75291246e+02,1.64640028e+02,2.25611727e+02,-7.31784306e+02,1.67999924e+02,5.76010456e+02,3.60408310e+02,-1.13130791e+02,2.92512941e+01,-3.07466596e+02,5.05711399e+02,1.50541792e+02,-5.78431327e+01,-5.99206272e+01,9.34944615e+02,7.12807272e+00,2.64944566e+02,6.20730797e+02,8.36333662e+02,5.47929869e+02,3.63667757e+02,-5.44933364e+02,-3.71938371e+02,2.96451455e+02,1.41894236e+01,2.77333111e+02,1.58408258e+02,5.03468012e+02,-6.63821057e+02,-4.20566052e+02,-5.50968731e+01,-7.41691592e+02,1.67567730e+02,3.37271240e+02,1.20038257e+02,-1.95176561e+02,2.02729579e+02,1.21903741e+03,2.21960960e+02,1.29995768e+02,-4.19930065e+02,-5.66732572e+02,-1.34295289e+02,2.66155748e+02,-4.46880083e+01,1.79420897e+02,3.01597499e+02,-5.12884520e+02,2.11937025e+02,4.49415724e+02,5.01703807e+02,-4.83015620e+01,9.97823509e+00,-7.95922703e+01,-4.32256423e+02,-5.71087602e+02,7.14677811e+02,-5.77274147e+01,-5.06572777e+02,1.92084452e+01,-1.95946390e+02,7.82616663e+02,-2.04783959e+02,-2.95771002e+02,2.67971201e+02,-1.24694337e+02,3.70927844e+02,-4.74500970e+01,8.61531258e+02,4.31420434e+02,-1.04570270e+01,-3.08927081e+02,2.11850518e+02,-4.74747174e+02,-9.98467969e+01,5.21091086e+02,-2.40219775e+02,-4.04066159e+02,-1.90852170e+02,4.45034323e+02,1.24876929e+02,-7.11219522e+02,2.62121672e+02,1.27598793e+02,5.91367029e+01,-4.38455110e+02,1.44353751e+01,3.00330167e+02,4.37113283e+02,5.48593542e+02,2.23193553e+02,3.52530894e+01,-4.35294331e+02,-4.10058808e+02,-6.37149425e+02,-7.87652752e+01,2.70676200e+02,-2.09540861e+01,4.59550517e+02,-2.71459794e+02,1.57570370e+02,-1.02894649e+02,-2.54943915e+02,5.06687363e+02,6.53078691e+01,5.25576565e+02,2.50381826e+01,2.13382430e+02,-1.70905690e+02,5.36052360e+02,-1.03074290e+02,-3.41286354e+00,-6.70181598e+02,-9.24608439e+01,6.23490662e+02,5.70492413e+02,2.26237054e+02,-1.29521027e+02,3.30918071e+01,-1.51925027e+02,-4.95957377e+01,7.71028346e+02,1.59414750e+01,-2.02975072e+02,-9.45832978e+02,-4.64604616e+02,-3.22267888e+02,-5.74586688e+02,-4.81286636e+02,-6.08950696e+02,-3.97613014e+02,-3.26149966e+02,-4.11825770e+02,4.08713809e+02,-2.18016471e+02,-8.30342953e+02,3.42023518e+02,-2.47378356e+02,-7.04058618e+02,8.31895917e+02,-2.06583109e+02,1.69284202e+02,3.49434500e+02,8.09315557e+00,2.23885614e+02,7.53281805e+00,-1.23778589e+01,-1.17206298e+02,-6.20910396e+02,9.11920529e+01,-1.11754619e+03,5.60705318e+02,-3.75838107e+02,-1.19649102e+02,-1.53080047e+02,8.92455888e+01,-1.61758403e+02,2.45991459e+02,-4.61980813e+02,3.24588716e+02,3.35161111e+02,1.33013981e+02,8.43776601e+01,1.70477843e+02,6.37476242e+01,2.59469987e+02,-8.08983683e+01,-5.37750456e+02,8.38013680e+01,-1.97686582e+02,-3.84902800e+01,4.27902636e+02,-6.95531589e+02,8.11708632e+00,1.16274433e+01,7.43843254e+01,2.84903575e+02,-1.18318047e+02,7.22224300e+02,4.15058013e+02,-1.50514060e+02,-9.10888641e+01,1.67020927e+01,6.69020091e+02,-4.78674036e+02,-8.93945033e+02,2.48230558e+02,-1.04517787e+02,-1.08370717e+02,1.44396361e+02,6.71585054e+02,4.09262217e+02,-1.50843661e+02,-4.33630608e+02,-5.21758518e+01,2.52507188e+02,-1.12958387e+02,-6.39141113e+02,-2.46892183e+01,-7.98581167e+02,-4.19381205e+02,6.83653872e+02,-4.40305997e+02,-5.71168395e+02,-4.46530570e+02,-3.04060816e+02,2.87330520e+02,7.08438596e+02,-4.38673530e+01,2.36712561e+02,-1.54629871e+02,-5.99521182e+02,4.01980388e+02,-3.91955607e+02,2.43640532e+02,3.11184059e+02,-6.42779499e+01,3.54105438e+02,3.76714414e+02,9.25001584e+02,-1.27731782e+02,-3.96983301e+02,-5.48384797e+02,-1.30387128e+02,-2.23281043e+02,8.72408758e+02,-3.80765103e+02,8.78673154e+01,6.37293371e+01,-2.24866206e+02,-6.97747249e+02,-5.57352574e+01,8.40788546e+02,9.48428527e+01,6.11164375e+01,-4.61438117e+02,-5.21670072e+02,-8.48418746e+01,4.16839627e+02,-1.92532070e+02,9.16674287e+02,-3.77617220e+02,1.46254795e+02,-1.78350306e+02,-5.89911881e+02,2.66267752e+01,-4.40284431e+02,-6.41380618e+02,7.10201646e+01,2.04409485e+01,4.45289898e+02,1.80718439e+02,-2.91293582e+02,1.94494337e+02,-7.10816989e+02,-4.55451528e+02,7.80559810e+02,1.12043268e+02,-1.22129314e+02,-2.77933354e+02,-3.97404591e+01,-6.77097914e+01,7.32163180e+02,3.52450808e+02,-1.26629204e+02,-6.04471802e+01,-3.46986470e+02,-1.74918230e+02,-5.79420220e+02,4.12277353e+02,6.41350071e+01,1.18999067e+02,1.31143935e+02,-4.74469908e+01,-1.57879175e+02,-4.50289271e+00,-9.16163482e+02,-1.64203301e+02,-6.97050767e+01,-7.89401521e+01,4.72726272e+02,5.44450308e+02,1.39598457e+02,-8.25256795e+02,5.51740398e+02,-1.72337367e+02,-3.32603802e+02,-7.52222800e+02,-2.81044215e+02,5.08341142e+02,2.35124366e+02,5.96807481e+01,2.64629095e+02,-5.02610855e+02,-3.83006760e+02,4.76187102e+02,3.29237664e+02,4.45568357e+02,-1.94527289e+00,5.92009824e+01,4.77597731e+02,8.51662966e+02,-2.12584022e+02,3.25612181e+02,-1.45465657e+02,-3.61765581e+02,-2.94960254e+02,-2.64137199e+02,-1.29251591e+02,-4.40493710e+02,-2.01824376e+02,-1.20208673e+03,2.93787811e+02,1.68447961e+02,-3.18693097e+01,-3.57470930e+02,-1.92993173e+02,-4.65042118e+02,1.00944476e+02,7.10061072e+02,-1.79186108e+02,-1.41640134e+02,1.89079367e+02,-4.17938564e+02,7.48374822e+02,1.42906827e+02,1.59867922e+02,4.45295329e+02,1.53534204e+01,4.84385174e+02,1.41891404e+02,-7.38545089e+01,8.10344552e+01,-1.89847430e+01,5.99998656e+02,7.77788317e+01,1.27592309e+02,-7.76822287e+01,1.14618269e+02,-7.98229899e+02,-3.20409274e+02,-3.98510981e+02,4.42359213e+02,-2.52587970e+02,-5.55315001e+02,5.06943222e+02,-1.03930010e+02,3.76916325e+02,-7.88342839e+02,2.12910232e+02,6.60770925e+01,5.11790165e+01,-7.69033574e+01,-5.61913982e+01,4.25262044e+02,-1.97353071e+00,-4.26772360e+02,-1.38327081e+02,2.18308193e+02,-1.00743721e+03,-8.01379184e+02,1.32561480e+01,9.67645928e+01,-3.75069519e+02,-3.61721479e+01,9.36571297e+02,2.83935847e+02,-4.84438700e+02,8.12312907e+01,-7.75253154e+01,8.94662492e+01,-2.96120933e+02,1.60586697e+02,2.44932141e+02,-5.82774215e+01,9.71921984e+02,-9.20474693e+01,-2.77520100e+02,1.64844567e+02,3.57111577e+02,-3.05776103e+02,-2.54408474e+01,8.28129558e+02,-2.06186688e+01,5.09123694e+02,1.23376856e+02,-8.32864565e+01,-2.27674286e+02,4.91886475e+02,-4.74816752e+02,-1.81544625e+01,-1.30062677e+02,-3.64891773e+02,1.44844219e+02,2.05696479e+02,7.66531531e+01,-1.38067690e+01,-3.34455526e+02,1.59991618e+02,-1.54953393e+01,-2.16677752e+02,-1.86822127e+02,1.70176548e+02,-4.25145247e+01,-3.16392414e+02,-9.19883465e+02,7.92709975e+01,2.01772886e+02,-4.04229858e+02,-1.94987850e+02,7.12494432e+02,6.30551844e+01,3.04827039e+02,5.63225034e+01,3.19068820e+02,4.44384432e+01,-3.40742755e+02,-3.35152208e+01,7.17127519e+01,2.40786909e+02,6.93319280e+02,4.25725175e+02,1.80913427e+01,1.48003976e+02,5.21839011e+02,2.26473498e+02,-6.27803477e+02,-2.31602533e+02,1.16266384e+02,7.40170961e+01,2.28358343e+02,-4.54536773e+02,1.09426141e+02,3.47328867e+02,4.27078298e+02,-3.87633215e+02,-4.50080455e+01,-1.99288359e+01,-1.17749244e+02,-2.87566517e+02,-1.70883103e+02,-2.83862486e+01,6.91687366e+01,3.57654823e+02,-2.69095480e+02,6.92320453e+02,3.07555845e+02,2.17968057e+02,2.87690215e+02,2.62823363e+02,2.84121982e+02,4.67666219e+02,-3.82589099e+02,5.47046486e+02,-9.63146610e+02,2.69102903e+02,-9.40623837e+02,7.29191825e+02,6.28780966e+02,-1.00485848e+02,-4.25546808e+02,-3.65779830e+02,-4.98382846e+02,-5.36494056e+02,4.97155909e+02,3.71702239e+02,2.09352784e+02,2.75158159e+02,3.52210073e+02,-3.32949142e+02,-1.74677560e+02,4.96444169e+02,-1.07442715e+02,4.58380513e+02,6.32819680e+02,-3.74328251e+01,-6.23544719e+02,1.18880878e+01,-1.15353165e+01,-8.50137618e+01,6.82732048e+00,-5.80900771e+02,-1.59697160e+02,5.13040686e+01,7.68613354e+01,4.19109846e+02,-3.46483990e+02,5.29891058e+02,-3.50268950e+02,1.92235572e+02,3.37187954e+02]
