name = 'OC-O-rev'
composition = {'H':0, 'C':1, 'N':0, 'O':2, 'Pt':1}
facet = ['Ni111'] 
IS_SPE =[-98.28864664, 'eV']
IS_ZPE =[0.258, 'eV']
IS_frequencies=[56.6, 154.9, 249.4, 295.4, 345.8, 361.0, 407.1, 485.3, 1809.7, 'cm-1']
TST_SPE=[-97.01509429, 'eV']
TST_ZPE=[0.243, 'eV']
TST_frequencies=[43.6, 74.9, 249.8, 327.7, 380.9, 385.6, 578.4, 1875.5, 'cm-1']
no_reactants=2
bee_IS = [-5.09411814e+02,-4.01447957e+01,-1.17847942e+02,3.93448331e+02,-1.85725995e+02,-1.62926860e+02,-3.47543876e+02,-7.74766517e+02,-3.70369267e+02,-4.14297472e+02,-3.38044726e+02,3.97717675e+01,1.29152965e+01,2.58862265e+01,2.72744655e+01,4.10013788e+02,-1.81057825e+02,-1.59919729e+02,1.53112166e+02,-9.66901255e+02,5.08445112e+02,-2.32095641e+02,-4.42413564e+01,-1.04410223e+02,-4.91768935e+01,-5.09584923e+01,7.51792886e+02,-1.85241429e+02,-7.20331936e+01,-4.57784067e+02,6.72551306e+02,-1.18578424e+02,-3.39366288e+02,2.08244984e+02,-3.66481700e+01,1.70144900e+02,-2.72195039e+01,6.14242016e+01,2.38226723e+02,-8.85421512e+02,4.71117494e+02,1.11641955e+02,-5.03422755e+01,-2.93549882e+02,9.79962699e+01,-1.56295158e+02,3.81846154e+02,3.21420624e+02,-2.39093512e+02,-2.54521779e+02,-2.59989643e+02,-2.94852785e+02,9.98237318e+01,-4.32556342e+02,1.18970899e+02,5.21531736e+02,5.95112146e+02,3.01807285e+02,1.40169141e+02,2.38630915e+02,7.79879094e+02,1.83032286e+02,-4.79055137e+02,-1.07811318e+02,-2.05033072e+02,5.31359043e+02,-6.51302024e+02,-5.44649853e+02,-2.35620486e+02,-8.49249655e+01,-3.81183892e+02,2.32989289e+02,8.39182755e+01,1.13959155e+02,-3.35195344e+02,-3.02772278e+02,-4.90143697e+02,3.25651883e+02,-2.84251368e+02,2.29102983e+02,-5.73197979e+01,-2.55147336e+02,-5.05899433e+02,-1.50989271e+02,-9.86737748e+01,-1.38257455e+02,3.42421072e+02,6.15408229e+02,-3.67069122e+02,-6.95815553e+02,-1.72774498e+02,9.63290547e+02,-4.96290339e+02,2.87999282e+02,-9.20359449e+01,-5.40267885e+02,2.09569102e+02,3.31579588e+02,-1.52161931e+02,3.06210706e+02,-2.32939545e+02,-4.46155588e+02,7.74372653e+02,4.04273798e+02,2.69008758e+02,1.27348101e+02,2.13000249e+02,7.08085368e+02,-2.16324678e+02,4.99356878e+01,-1.20148478e+03,1.60240808e+02,-5.92873722e+02,1.25635168e+02,1.87442513e+02,-2.96633375e+02,-4.65021379e+02,5.42099082e+01,-2.55352680e+02,3.09002111e+02,-4.41117907e+02,-2.32105918e+01,-3.08714688e+02,-3.63489429e+01,-2.75466494e+01,1.46699239e+02,1.09324896e+01,-5.18160292e+01,5.25362497e+02,7.92396618e+02,4.15388705e+02,6.77551113e+02,-1.03570501e+02,1.17120082e+02,4.76004082e+02,-7.75758662e+01,-6.62530992e+02,-3.25037313e+02,-4.35149007e+02,-2.49025954e+02,2.43120423e+02,-1.02349620e+03,-1.66497711e+02,3.73167879e+02,-3.16942312e+02,-3.18727523e+02,4.70605320e+02,3.82230095e+02,-2.99626354e+02,1.68534960e+02,-2.13101302e+02,3.02088938e+02,3.46948161e+01,1.32909953e+02,-7.53100701e+02,-4.21137774e+02,-6.66079658e+01,3.00715189e+00,-3.35769119e+02,9.26025581e+02,-1.92215778e+02,-2.91080782e+02,3.26820878e+02,-4.16609765e+02,-2.83742740e+02,2.65825558e+02,9.61884974e+01,1.12513611e+02,1.05160661e+02,-9.80092068e+01,1.67988985e+02,5.05842533e+02,-2.56504382e+02,1.50485742e+02,7.89206068e+02,2.90550045e+02,-7.53323537e+01,-1.66241373e+02,1.33573252e+03,-1.53137289e+02,3.06859805e+02,1.88696601e+02,2.98662668e+02,7.72139245e+02,4.33150093e+02,-2.57250379e+01,1.96635634e+02,4.10639347e+02,3.36878949e+02,-4.82507197e+02,8.11607258e+02,-7.22515071e+02,-1.53236288e+02,4.99188727e+02,7.30080715e+01,6.02586919e+01,2.71927390e+02,2.12004950e+02,3.10458119e+02,-5.54658784e+02,4.38543901e+01,-2.37258694e+02,-9.43560723e+01,-2.91291403e+01,-7.74521139e+01,-4.79603509e+01,7.10587922e+02,-7.35227104e+01,-2.40346824e+02,-1.94687759e+01,1.01797787e+02,-5.11226717e+02,-3.88388816e+02,-3.16522581e+02,-5.47368090e+02,-1.43340768e+02,-3.61551610e+02,1.68099422e+02,-1.00689706e+01,-9.23794541e+01,-7.43342999e+01,5.66583543e+01,-1.74182059e+02,5.80859224e+02,-7.13047630e+02,-1.39847344e+02,-1.36502294e+02,1.46024791e+02,1.60050288e+02,-4.01857561e+02,-1.59212907e+02,3.63072167e+02,-1.93709745e+02,1.37138130e+02,3.20523479e+02,-3.65962852e+01,9.81582675e+02,-1.78791042e+02,-2.79812026e+02,5.57777749e+01,-1.97022866e+02,4.61777700e+02,-3.13231368e+02,7.45234969e+01,5.43160040e+02,-1.13627031e+02,1.04337745e+03,1.11394880e+03,-5.69902609e+02,5.04424196e+02,1.45756347e+02,-4.64252891e+02,1.53279912e+02,3.15005657e+02,3.30288786e+02,2.06669405e+01,1.02745160e+02,6.17354607e+02,-2.00442354e+02,1.40964067e+02,6.60788953e+02,-3.24297672e+02,-1.29579690e+02,4.52419068e+02,2.32924719e+02,6.62914272e+02,2.23042811e+02,5.90374256e+01,2.28219812e+02,3.37327784e+02,-4.19784474e+02,2.97627634e+01,1.59158328e+02,1.06449070e+02,1.90438349e+02,-5.09043485e+02,2.98093868e+02,-3.86315896e+02,-2.74226169e+02,1.52251310e+02,-1.22551189e+02,4.76290170e+02,-2.10309327e+02,2.52038039e+02,2.83911866e+02,6.91602271e+02,4.81200869e+02,4.11340942e+02,-7.68999295e+01,-5.91974324e+01,-2.74422134e+02,6.65167804e+02,6.82785793e+02,3.24212061e+02,-1.99838128e+02,4.36929422e+02,-7.80661540e+01,1.84118201e+02,5.40230772e+02,6.72594327e+00,-6.72647007e+01,-2.15545510e+02,-4.61070393e+02,8.40978734e+02,3.91505585e+02,-4.85737357e+02,-1.34319105e+02,2.41801421e+02,-9.15893238e+01,5.40450572e+02,1.06690158e+02,6.91260966e+02,2.68225730e+02,-2.46649253e+02,2.15166152e+02,-3.71951430e+01,-2.76055277e+02,1.45894078e+02,1.63422544e+02,7.87288138e+02,6.92838418e+02,4.56492565e+02,6.05150630e+02,6.26157970e+01,-2.37563573e+02,1.35614744e+02,-2.88611767e+02,-4.38480209e+02,-5.01953764e+02,-2.37047183e+02,-9.34172834e+02,-2.69705063e+02,-7.39676577e+02,1.85589785e+02,-3.98944653e+02,3.55150044e+02,-8.28608796e+02,-2.80349879e+02,4.28512980e+02,1.94844454e+02,-7.46644800e+02,5.38247944e+02,-2.09539029e+02,4.51869067e+02,-2.23194086e+02,-6.83155131e+02,1.06113842e+02,-5.51451181e+02,-1.16025420e+02,2.57212259e+00,3.68215658e+02,1.08379822e+03,-3.94047563e+02,-3.03823448e+02,-3.06876227e+00,-1.20564126e+02,-7.02839745e+02,-4.82369382e+02,4.29328309e+02,-2.19950177e+02,1.45884992e+02,-4.21985711e+02,-1.29401562e+02,-3.47937944e+02,4.63747113e+02,1.33298297e+02,-1.94075291e+02,-1.16100071e+02,8.71956901e+01,-7.24470461e+01,3.76293063e+02,-2.17419148e+02,4.42591661e+01,2.96488924e+02,1.51847255e+02,-1.51056926e+02,1.34004535e+03,4.68825179e+02,2.97314262e+01,9.18816235e+01,-5.33340033e+02,2.67977186e+02,-6.48513818e+02,-2.22784225e+02,-4.76013795e+02,-1.65258180e+02,4.80882055e+02,-4.88228683e+02,1.57268827e+02,-2.36318552e+01,2.83493521e+01,-3.22102647e+02,-3.86963526e+02,-2.92923462e+00,-3.70022456e+02,-1.91942064e+02,-3.53752514e+02,-9.00450799e+01,-3.10059474e+02,-4.44107905e+02,1.94473304e+02,-1.49594292e+02,1.83151946e+02,8.76266237e+01,-6.35692332e+02,-4.73829561e+02,-3.43879578e+02,3.08080214e+02,-9.03107566e+00,-5.47123706e+02,5.02575378e+02,-3.43970324e+02,4.73167130e+02,-2.60035162e+02,-4.20645418e+02,2.30227443e+02,-5.86644025e+02,-3.34657114e+02,5.51746029e+02,1.56127323e+02,-3.49336206e+02,4.52962746e+02,-1.47806958e+02,-3.25457863e+02,-2.64582684e+02,-4.20024247e+02,2.05333356e+02,-7.84901746e+02,-7.19720995e+02,-8.33059591e+01,-2.60990596e+02,-4.76553174e+02,6.23534781e+02,1.14233630e+03,-2.85299329e+02,-2.80256117e+01,-5.45391795e+02,5.71514691e+02,1.60024755e+02,-1.68657730e+02,-3.33725392e+02,1.46127039e+02,-5.26214966e+02,-1.73219791e+02,-7.67822480e+02,3.01908888e+02,1.13926991e+02,4.68422892e+00,-5.95798590e+01,-2.94976781e+02,-7.71486600e+01,1.10313489e+03,-1.66797762e+02,-3.98788843e+02,-5.86462387e+02,1.12266667e+02,-3.10417252e+02,7.60901745e+01,2.52145522e+02,5.81292755e+01,2.43845404e+02,1.03885550e+02,5.15961568e+02,2.66679901e+02,-2.92747766e+02,3.65667798e+02,3.00595960e+02,9.66123737e+01,3.86271150e+02,-2.12324280e+02,6.29052890e+02,1.60467100e+02,-2.60434824e+02,-4.97261267e+01,-1.65013006e+02,2.08065553e+02,-2.28153134e+02,-2.57621204e+01,-9.30018026e+01,7.17986194e+02,4.63253391e+02,-5.84518986e+02,-3.59466004e+01,-4.67212412e+02,-1.52356335e+02,-1.96490573e+02,6.37473796e+01,-1.28339789e+01,-2.23891623e+02,1.09530126e+02,-5.99290069e+01,-9.10694819e+01,7.50730920e+02,1.56430322e+02,-7.01052118e+02,-3.83121255e+02,7.98938196e+02,2.36755249e+02,-7.42404306e+01,9.19778492e+02,-1.60686788e+02,-9.81590532e+01,-5.07867882e+01,1.16461952e+02,2.45989737e+02,3.55285609e+01,2.32361268e+02,-1.37541286e+02,-2.68779311e+02,-3.73563000e+02,-4.14291340e+02,3.88179981e+02,1.09993396e+02,3.26755764e+02,1.19508860e+02,7.65930402e+02,1.52213985e+02,-7.07776217e+02,-2.96951937e+02,8.56037260e+01,-2.40465342e+02,5.37104618e+02,-1.07979788e+02,1.58998181e+02,4.31449524e+02,-6.35195188e+02,1.28535331e+03,1.67787236e+02,2.06608834e+02,3.03182420e+02,6.94488698e+01,-6.65145347e+00,3.11939185e+02,-3.06655730e+02,7.06728460e+02,6.09717545e+02,-3.57623721e+02,1.29100554e+02,6.00512996e+02,-1.87550172e+02,1.38034621e+02,3.69233080e+02,3.69082623e+02,-6.77311397e+02,-1.19654858e+02,-3.02855806e+02,-2.61194702e+01,-3.63555407e+01,-2.28989683e+01,-1.41227169e+02,-2.53692732e+02,7.16619593e+01,8.80574534e+01,4.62393325e+02,-3.63558718e+02,3.34255834e+02,3.86662997e+02,-1.43942030e+02,7.64864762e+02,-5.90558832e+02,-9.10083184e+02,-5.74848556e+01,-7.20583324e+01,6.85019799e-01,6.80815611e+02,-6.29258925e+01,3.51658602e+02,4.13196842e+02,3.28543314e+02,-9.11123864e+01,5.46511521e+02,-1.37878333e+02,-2.79458042e+02,-3.99417795e+02,4.70719871e+01,3.32253677e+02,-4.33876271e+01,3.31038732e+02,-2.59815305e+01,5.52591611e+02,1.72107080e+02,7.68746705e+01,-4.78327568e+01,2.92598426e+02,3.26712370e+02,1.72103828e+02,-7.31426042e+00,-4.63449466e+02,2.59502897e+02,1.70527538e+02,3.18859268e+02,2.67693095e+02,3.06020164e+02,-5.20785342e+01,2.33716072e+02,-2.13263671e+02,-9.02594308e+00,-4.79944978e+02,-2.69520360e+02,3.38131346e+02,-7.81382459e+02,2.53618450e+02,1.46460877e+02,7.14090603e+02,-2.25150034e+02,2.62955034e+02,-1.01339089e+02,-4.17430911e+02,-6.21716858e+02,-7.02123436e+01,-7.58276764e+02,1.38975878e+02,-1.78308684e+02,2.58706573e+02,1.76289772e+02,-2.20250984e+02,-2.15853091e+02,3.33606915e+02,-5.16521374e+02,-1.04831679e+02,-1.78967863e+02,2.01993363e+02,-4.59495905e+01,4.97874935e+01,-1.85703092e+02,4.90269014e+02,-4.10413363e+02,8.28757331e+01,5.17222496e+02,-2.95085957e+02,1.56394147e+01,-3.27015836e+01,-5.91267131e+02,-4.00535675e+02,-6.88261967e+01,2.27450908e+02,2.77460451e+02,4.20085882e+01,-6.98873610e+01,1.90071536e+02,-3.89106203e+02,2.39286698e+00,-4.34204970e+02,-2.37189976e+02,4.05263821e+02,-2.53535732e+02,5.52793000e+02,-1.83228622e+02,3.03368212e+02,2.20076359e+02,-5.36745340e+02,-2.45981490e+02,7.40933554e+01,-3.43168552e+02,-3.01938890e+02,-7.47562774e+02,-4.80059037e+02,-4.50116037e+02,-3.70741734e+02,1.92608668e+01,1.14168221e+02,9.01871291e+00,1.80313612e+02,-4.91211427e+02,1.24100946e+02,1.79164215e+02,-5.73170760e+02,-5.55172912e+02,-3.53985105e+02,-2.00399437e+02,1.68109986e+02,7.50733884e+00,-3.83181408e+02,3.06797703e+02,-1.72355268e+02,4.31352050e+02,-7.69148669e+02,5.19786074e+02,-3.22098346e+01,-3.15608405e+02,-2.25678217e+02,2.78347527e+01,3.66224587e+02,-6.49357375e+02,-1.21626109e+02,-1.76327679e+02,4.22269167e+02,7.23639466e+02,-8.36681420e+02,8.05701750e+02,3.93355833e+02,-6.43448872e+02,-3.03504575e+02,6.56958722e+02,5.21452635e+02,-1.54136101e+02,-3.16234853e+01,9.01228646e+01,6.10523270e+02,-4.54659436e+02,1.40327821e+02,-6.52353714e+01,2.62672802e+02,-6.37182526e+02,-6.50461281e+01,-2.89797454e+02,4.07580287e+02,3.68202547e+02,-7.38602118e+02,-4.26909183e+02,-1.96183592e+02,-3.34918554e+02,-1.25941555e+02,-1.99267033e+02,3.69672656e+02,3.58490230e+02,-5.04688018e+01,-3.97351680e+02,-7.20338074e+02,3.75376599e+02,-4.37813872e+02,-2.70911407e+02,4.16738686e+01,-2.96911083e+02,-3.59249590e+02,-2.22471367e+02,-3.63343608e+02,-2.31646154e+02,-4.38983088e+02,5.01956880e+02,5.56758502e+02,-2.94776129e+01,-2.06152446e+02,-1.33957260e+01,3.66502686e+02,-7.60217677e+02,-1.79331061e+02,4.32160202e+02,5.78856438e+02,-1.59412360e+02,9.74855889e+01,4.71896763e+02,1.34664069e+02,-5.77249383e+01,-3.81458646e+02,1.95016286e+02,-3.09700364e+02,-1.37602341e+02,-1.67132781e+02,-1.61706560e+02,1.71990245e+02,6.74411111e+02,6.37152299e+00,3.57921856e+01,-7.82186147e+02,-1.49782392e+02,-3.27278849e+02,4.00942018e+01,-3.64720486e+02,6.78679718e+02,7.03102291e+02,1.27428104e+02,-1.29076252e+02,1.25431149e+02,2.19591284e+02,-4.12842584e+02,-6.65967597e+01,1.20049734e+02,1.20215996e+02,4.89845057e+02,3.89251770e+02,-1.79862672e+02,2.45480281e+02,-8.34878304e+02,-3.70133326e+01,7.37355678e+02,8.38526362e+01,-6.08983083e+00,2.86792091e+02,-2.50962634e+02,8.02392187e+02,-1.06582529e+02,7.35557974e+02,3.21246240e+02,-3.31986928e+02,2.64994674e+02,-2.67413982e+02,-5.95320463e+02,-3.52206115e+01,-4.90366229e+02,-4.62040365e+02,-4.62128794e+01,2.78299009e+02,-4.99102549e+01,-2.91899844e+02,6.53168960e+01,-6.30548664e+02,-7.98091620e+01,-7.18108772e+02,4.51652299e+02,-1.19068618e+01,-4.43734474e+02,-1.64516086e+02,1.50489810e+02,-2.78797966e+02,-4.08730700e+02,7.80407514e+02,-1.94364836e+02,-3.85411486e+02,2.18355359e+02,-1.03175721e+02,4.44631156e+02,-1.35410048e+01,7.57667564e+01,8.84412972e+02,-1.55349213e+02,-3.03262352e+02,-3.23439776e+02,-4.61646485e+02,-2.86680169e+02,2.46287426e+02,1.82356566e+02,1.84659943e+02,6.50734629e+02,2.04539489e+01,1.45389343e+02,-5.76216896e+02,2.10545469e+01,-2.02841768e+02,-2.32087841e+02,1.55097547e+01,3.04901142e+02,3.33245284e+02,6.64946382e+00,8.16720729e+01,2.56526026e+02,3.25351714e+02,-2.09291853e+02,-1.14269093e+02,1.48130207e+01,-2.03967940e+02,-6.82652049e+01,-2.35891821e+02,6.58598571e+02,5.65532870e+02,-1.11286376e+02,1.05017583e+02,-2.11027670e+01,-2.06916151e+02,2.90701918e+02,-7.73314741e+01,3.39164088e+02,-4.68384262e+02,1.64657654e+02,-9.65684970e+01,-4.75575266e+02,-2.20766606e+02,2.38285191e+02,-7.46498977e+02,3.67601164e+02,4.28828978e+02,-6.26098133e+01,-4.48980998e+01,-2.83876695e+01,2.12344303e+02,-2.87441507e+02,3.17007917e+02,2.47152759e+02,-9.10593215e+02,-2.88181203e+02,1.97487095e+02,-8.00847501e+01,3.33527619e+02,-5.35854102e+02,-5.15504600e+00,-3.62321790e+02,-1.07726489e+03,6.54499379e+02,-5.17543536e+02,-5.02409672e+02,7.72046996e+01,1.11542532e+03,6.87397589e-01,-1.88170720e+02,-1.82457439e+01,-6.16210782e+01,-7.71881461e+02,-5.38658140e+02,6.78731855e+02,-4.54680701e+01,-3.45090018e+02,4.39364405e+02,-3.01102483e+02,3.44090086e+02,4.74619536e+02,-5.36487104e+02,-2.23962871e+02,-3.00222280e+02,-1.30577930e+02,-1.68595501e+02,-5.86899394e+01,1.20048884e+02,-2.92686005e+02,2.58575979e+02,5.20706247e+02,-1.40264314e+02,-1.55112218e+02,1.20273870e+02,4.99554316e+02,4.24365071e+02,3.18642469e+01,-1.48475807e+01,-4.69364072e+01,-4.43062930e+02,3.29204255e+02,-2.08958970e+02,1.71854673e+02,-1.37682353e+02,2.53508899e+02,1.52924856e+02,-6.86598279e+02,-2.42766272e+02,-6.88171443e+02,-2.82792040e+02,6.49524298e+01,-1.49911377e+02,2.61056628e+02,-2.51973788e+02,1.68112053e+01,9.13505952e+01,6.49422913e+02,3.26270497e+02,-2.35135740e+02,1.75667021e+01,9.67382158e+01,3.48015222e+02,-5.47813093e+00,4.41679614e+02,2.11856974e+02,7.77249867e+02,2.25444798e+01,5.96072654e+02,-2.27607756e+02,-3.35924500e+02,7.20507247e+01,6.37620005e+01,2.65312357e+02,-5.59825891e+01,-1.38689939e+02,2.26481275e+02,-3.99696147e+02,-4.51858564e+02,6.69516891e+02,-5.19743298e+01,-3.72966067e+02,-4.85495831e+00,-1.23231971e+02,3.05299986e+02,2.88657635e+02,-1.71278720e+02,9.49412313e+00,-2.36224729e+02,-2.84261717e+02,-2.48706053e+02,-8.34132892e+02,-2.99613046e+01,-5.63074785e+02,-4.80596627e+02,-3.44427847e+02,1.53053393e+02,-3.29034949e+02,1.90269214e+02,-4.92933078e+02,8.99589886e+00,-3.54805929e+02,6.51828047e+01,1.02565057e+02,2.53250547e+02,-1.72410392e+02,-1.28518168e+02,2.27235615e+02,5.24456977e+02,2.83628295e+02,6.82866824e+01,-5.95688752e+02,-1.20967819e+02,-2.69742970e+02,-5.29705070e+02,3.61421021e+02,-3.01871414e+02,-3.81983787e+01,-2.00239990e+02,-8.83662036e+02,4.35175744e+02,-1.45230244e+02,3.59537986e+02,-6.05990135e+02,5.71667769e+02,3.70676924e+01,-2.71495808e+02,4.12006133e+01,-2.04458502e+02,-5.96042707e+02,1.23525957e+02,2.44671734e+02,2.82999963e+01,-3.15188668e+02,-1.13611020e+02,1.41490829e+02,2.55265351e+02,5.59209953e+02,2.21872017e+02,-2.04829945e+02,7.70189669e+02,2.51356363e+02,3.40980302e+02,-1.48006946e+02,2.31962635e+02,1.51000193e+02,-5.37971524e+02,-1.64403462e+02,-3.43340949e+02,-2.73138440e+02,-9.04568737e+01,-1.52882200e+02,-3.24000107e+02,-9.89980511e+02,-2.65268922e+02,1.34543328e+02,8.71921434e+01,8.16308937e+01,4.32138828e+02,1.61169088e+02,2.79342238e+02,-3.68059514e+02,4.02925580e+02,-4.28716325e+02,-6.67328016e+02,1.66877439e+02,-3.51748279e+02,-3.65258384e+02,-1.37444834e+03,-1.03947817e+02,6.97280583e+02,4.06029345e+02,-8.92062737e+01,-1.03491969e+02,2.57901641e+02,5.93048141e+02,-3.52185272e+02,-8.33789492e+01,-2.76834309e+02,-3.13609981e+02,-2.96832428e+02,1.38327245e+02,6.25207159e+02,-5.72852778e+02,-4.61827561e+02,2.13942159e+01,-7.52053080e+01,-1.23595613e+02,-8.11711112e+02,4.93619389e+02,2.19521467e+02,7.77345450e+01,4.22761476e+02,-2.64671392e+02,2.58818854e+02,2.35359418e+02,4.60598809e+01,-4.08000834e+01,1.06902100e+02,-1.40714375e+02,4.10132143e+02,-3.80200325e+02,3.66416207e+02,8.10219578e+01,9.76206521e+01,2.06316010e+02,-7.50212024e+02,5.60807595e+01,-5.57976759e+02,-4.40497652e+02,-4.27770414e+02,-3.92751010e+02,1.23032163e+01,1.13682493e+02,4.20781031e+02,8.44093009e+01,1.19876280e+02,-6.20248686e+02,-2.18449387e+02,2.86924614e+02,1.20981730e+01,1.62012866e+01,-7.08504669e+01,3.19582705e+02,-7.94932599e+02,9.18880532e+01,2.06546046e+02,3.96123925e+02,3.38437532e+02,-4.95002179e+02,6.63595360e+01,3.71711297e+01,3.77400243e+01,1.69054012e+01,-1.69333032e+02,-2.74038720e+02,1.37600077e+02,5.45871226e+02,-7.80688588e+01,8.31323865e+01,1.54724194e+02,-2.15627459e+02,-2.14098434e+02,-1.00665352e+03,-3.34042658e+02,-4.41239795e+02,-6.63016302e+01,-5.52857466e+02,6.54441405e+02,-2.57230615e+02,-4.59934074e+02,-1.36328818e+03,5.70389791e+02,1.19171509e+02,-1.28011137e+01,-5.34886396e+02,9.10124198e+01,-1.51149620e+02,-2.83766377e+02,1.02025830e+02,2.79246006e+02,6.88699032e+01,-1.49880993e+02,-2.88018852e+01,7.00385105e+00,1.67834543e+02,-5.29814033e+02,6.08388799e+02,-3.64822296e+02,-2.36014690e+02,-3.65335741e+02,-8.44714901e+02,8.26140503e+01,-4.16117061e+02,-1.91948152e+02,2.96915022e+02,-2.09165745e+02,4.95602253e+00,-8.53773829e+01,-2.23290396e+02,1.42873872e+01,4.61831815e+02,-4.52207369e+02,8.00072544e+02,-1.71954202e+02,2.95889511e+02,-6.77228360e+01,1.29628175e+02,-1.02751109e+02,4.07648695e+02,5.43962223e+02,1.73131545e+02,4.75734236e+02,-3.38533791e+02,-2.84946784e+01,-1.98241365e+02,5.92959294e+02,5.01630541e+02,3.84540819e+02,-1.29179724e+02,-2.62373276e+02,2.33969946e+02,-2.24948018e+02,-1.19794811e+02,-6.31526109e+01,-2.25914076e+02,4.45968686e+02,-5.04523017e+01,3.43383677e+02,1.22967737e+02,1.48475065e+02,-2.97185502e+02,2.81465715e+02,-1.58565366e+02,-1.13449826e+02,-2.61564748e+01,-4.42199233e+02,6.67578110e+02,-2.45328357e+02,-3.59383554e+01,1.72283723e+02,1.48846794e+02,6.15075416e+02,-1.42941185e+02,6.67007603e+02,6.04808987e+02,-8.44027954e+02,7.57734394e+01,-1.77764277e+02,1.26628162e+02,7.52099158e+01,1.52193960e+02,5.24647308e+02,8.04129930e+02,-6.81222511e+02,6.66301926e+02,-8.01658535e+02,-6.67905043e+02,-1.06440351e+02,-9.90613722e+00,6.09681785e+02,3.36689488e+02,-1.59560824e+02,-8.04689200e+02,6.11093161e+02,-3.90512170e+02,-1.00075950e+01,-4.42545030e+01,1.07657789e+03,-2.45870736e+02,-9.15284273e+02,2.68190364e+02,-1.40474812e+03,9.67922006e+01,-3.09863347e+02,-1.57361255e+02,-2.37473477e+02,-5.09432435e+02,3.56497045e+02,-3.14334092e+02,-7.92876954e+01,-6.80415277e+02,-5.80613045e+01,-4.15465894e+02,-6.47341806e+02,-1.06370435e+03,8.83380779e+01,-2.80058563e+02,-7.19679569e+00,-1.17196812e+02,-6.88226217e+02,-5.48599760e+02,-4.59065807e+02,-4.62904408e+02,4.75869667e+02,8.10908501e+01,-4.15425157e+02,-1.59770250e+02,-1.94802638e+02,3.22861918e+02,-2.89660506e+02,-1.07109214e+02,-1.95770144e+02,-3.11686888e+02,-3.25385012e+02,3.32667675e+02,-1.52047568e+02,-7.90309510e+02,6.69925998e+02,4.08386522e+02,5.36800842e+01,-6.30201959e+02,-6.55844818e+02,9.37619155e+01,1.23435737e+01,-2.58320031e+02,-4.22046365e+02,3.08531035e+02,-6.83319285e+01,2.36857141e+02,4.29249080e+02,2.92471279e+02,3.05773695e+02,2.21397569e+02,-1.76521887e+02,-1.08804572e+02,-1.90891287e+02,-3.03280186e+02,-3.97154555e+02,-5.61935556e+02,-3.39636933e+02,-7.01616344e+01,-6.92533899e+02,-7.52279312e+01,2.82558620e+02,-6.20130919e+02,2.16216414e+02,1.88512347e+02,-6.11571538e+02,-4.93187170e+02,-1.35650695e+02,1.83781027e+02,-3.44792094e+02,6.08213309e+02,5.45140339e+02,-6.51681850e+02,4.39667569e+02,3.07752594e+02,6.62012324e+01,2.19537732e+02,-3.69815537e+02,-1.23495437e+02,4.66410018e+01,1.53475987e+02,3.92378122e+02,-4.39168635e+02,-3.67979453e+01,1.53801367e+02,-1.27836533e+01,-2.28609740e+02,1.71360774e+02,-2.31415609e+02,-1.74567764e+02,3.31086964e+01,-5.20206685e+02,3.15237422e+01,-2.03818132e+02,-1.08776381e+02,4.94687270e+00,-4.91844064e+02,4.88158656e+02,-2.32619680e+02,-1.11917060e+03,-7.32968645e+02,3.38065724e+02,-3.07724962e+02,-1.47487110e+02,-2.51933202e+02,-1.44224591e+02,-8.64274096e+02,-9.63883314e+01,-5.54315425e+02,-2.88478357e+02,2.22649007e+02,6.43340269e+02,-2.89345834e+00,-2.73147301e+01,5.04132797e+02,-4.38301596e+02,3.10565648e+02,8.02720656e+01,-3.60689147e+02,-1.55773507e+02,2.11733581e+02,1.58824275e+01,8.54681130e+01,9.92127162e+01,-2.03628198e+02,-2.41544671e+02,-4.56770572e+02,4.32246454e+02,-5.48936084e+02,-4.03704275e+02,8.28202781e+01,-7.72623120e+02,1.66860556e+02,5.41595145e+02,-4.12684958e+01,6.07748590e+01,-2.15351752e+02,-1.76983866e+02,8.84712154e+01,3.23702439e+02,-3.49567315e+02,2.66986685e+02,-9.58530025e+01,-3.45310132e+01,2.32815678e+02,1.65457086e+02,-7.78387791e+01,-3.85449986e+00,2.09622438e+02,2.42713957e+02,-6.20665378e+02,5.77804852e+01,4.66013819e+02,-8.40247489e+02,2.80491851e+02,-1.03090330e+03,-7.96591211e+01,-1.28626233e+02,-7.37554169e+01,-7.76546869e+01,-2.23378142e+02,-3.16479622e+01,1.42601433e+02,-2.08579009e+02,1.21432796e+02,7.50222814e+02,-5.55096850e+02,-2.30613226e+02,3.16296080e+02,2.14386881e+02,3.57491794e+02,1.41392736e+02,2.44428109e+02,-1.61261813e+02,-4.22690334e+02,-3.67054791e+02,-1.79325365e+02,5.79702762e+00,-3.62996554e+02,-1.31469767e+02,5.77627092e+01,1.99826788e+02,-8.64386839e+01,4.85771596e+02,-4.38231169e+02,-4.57507132e+01,-2.37802453e+01,2.40593449e+02,-3.51980440e+02,-2.21104601e+02,2.36226973e+02,4.31582404e+02,6.02826871e+02,3.03186446e+02,3.56478509e+02,-2.56606771e+02,5.40318903e+02,5.81090988e+02,-5.53589619e+01,3.40047723e+02,3.28334937e+02,-2.19347250e+02,1.47071823e+01,5.29809156e+02,-2.39846178e+02,-1.07148925e+02,-5.22596198e+02,2.32167566e+02,-6.57753571e+01,1.51822178e+02,8.22007518e+01,-3.59454084e+02,3.96502811e+02,3.51319868e+02,-2.05540462e+02,1.58725988e+02,-4.96136023e+02,-4.46316178e+02,2.01611006e+02,-5.95101455e+02,-2.33518727e+02,8.22114189e+01,6.97245097e+02,-2.09986095e+02,-9.03431433e+01,-1.26401351e+02,9.89616974e+02,1.22336311e+02,-3.74320213e+02,5.90418408e+02,5.43186748e+02,2.59276091e+02,6.30091610e+02,6.97780370e+02,-9.04318685e+01,-2.58582518e+02,-2.79778621e+02,2.31764016e+02,3.26954973e+02,-4.23841682e+01,-1.77873637e+02,-5.30619458e+02,-2.59482994e+02,-3.82032627e+02,2.54731152e+02,1.30275652e+02,5.38853351e+02,4.93496359e+01,-2.17067885e+02,-6.82017147e+01,3.44871086e+02,1.13278314e+02,4.39739646e+02,4.95376359e+02,-1.19306560e+02,-7.75025091e+01,-8.31976895e+02,4.59637630e+02,-4.66826742e+01,4.33481098e+02,-1.58204763e+02,-5.02125246e+02,1.70653969e+02,5.96065114e+02,-2.11062993e+02,5.88404937e+02,-6.21924009e+02,-1.93704803e+02,-6.73902319e+02,1.90213552e+02,9.90829210e+01,7.18755730e+00,-5.15690788e+02,7.55654729e+02,4.53274107e+02,7.09782306e+01,-3.94687851e+02,1.87624519e+02,-2.34351499e+02,-7.56923606e+01,-1.87993120e+02,1.79117965e+02,-8.71883418e+01,-1.75293493e+02,1.64681738e+02,2.25584467e+02,-7.31818586e+02,1.68020685e+02,5.76000738e+02,3.60404508e+02,-1.13139847e+02,2.92262585e+01,-3.07514078e+02,5.05746445e+02,1.50520737e+02,-5.78593951e+01,-5.98814449e+01,9.35063521e+02,7.13107093e+00,2.65052255e+02,6.20686270e+02,8.36353164e+02,5.48031749e+02,3.63709783e+02,-5.44940663e+02,-3.71941017e+02,2.96430585e+02,1.41230879e+01,2.77352745e+02,1.58381326e+02,5.03493353e+02,-6.63821025e+02,-4.20556632e+02,-5.50378462e+01,-7.41697450e+02,1.67530225e+02,3.37252388e+02,1.20064579e+02,-1.95142603e+02,2.02742043e+02,1.21909543e+03,2.21962181e+02,1.29966128e+02,-4.19991019e+02,-5.66789446e+02,-1.34296918e+02,2.66125600e+02,-4.46695782e+01,1.79301763e+02,3.01560753e+02,-5.13008871e+02,2.11955115e+02,4.49485365e+02,5.01834117e+02,-4.84309951e+01,9.92593226e+00,-7.95989524e+01,-4.32270618e+02,-5.71126657e+02,7.14753706e+02,-5.77492250e+01,-5.06572523e+02,1.92225473e+01,-1.95969446e+02,7.82607607e+02,-2.04809678e+02,-2.95746922e+02,2.67933434e+02,-1.24630825e+02,3.70997821e+02,-4.75557435e+01,8.61646322e+02,4.31344578e+02,-1.04508462e+01,-3.08903691e+02,2.11886013e+02,-4.74751463e+02,-9.98022741e+01,5.21196721e+02,-2.40214661e+02,-4.04128414e+02,-1.90832743e+02,4.45082597e+02,1.24875805e+02,-7.11257873e+02,2.62182953e+02,1.27591988e+02,5.91417714e+01,-4.38469176e+02,1.45331560e+01,3.00341816e+02,4.37130390e+02,5.48467927e+02,2.23180174e+02,3.53013730e+01,-4.35338817e+02,-4.10044264e+02,-6.37181715e+02,-7.86898568e+01,2.70661901e+02,-2.10080431e+01,4.59506369e+02,-2.71431653e+02,1.57581826e+02,-1.02880274e+02,-2.54956149e+02,5.06707196e+02,6.53051810e+01,5.25525446e+02,2.50510975e+01,2.13442205e+02,-1.70907225e+02,5.36103257e+02,-1.03004049e+02,-3.48479907e+00,-6.70136981e+02,-9.25529150e+01,6.23492104e+02,5.70601705e+02,2.26190323e+02,-1.29519689e+02,3.30738071e+01,-1.51907175e+02,-4.96126849e+01,7.71024659e+02,1.59008047e+01,-2.02948493e+02,-9.45819012e+02,-4.64657648e+02,-3.22268625e+02,-5.74625714e+02,-4.81253824e+02,-6.09091865e+02,-3.97573953e+02,-3.26156010e+02,-4.11859028e+02,4.08802626e+02,-2.18034626e+02,-8.30516205e+02,3.41983769e+02,-2.47414746e+02,-7.04102331e+02,8.31995733e+02,-2.06556261e+02,1.69297014e+02,3.49471567e+02,8.16756876e+00,2.23861723e+02,7.52212760e+00,-1.23940817e+01,-1.17083090e+02,-6.20901622e+02,9.11056002e+01,-1.11753603e+03,5.60700317e+02,-3.75794920e+02,-1.19618886e+02,-1.53119449e+02,8.92387294e+01,-1.61699088e+02,2.46028745e+02,-4.61955388e+02,3.24630741e+02,3.35191730e+02,1.33026393e+02,8.43238719e+01,1.70557176e+02,6.37458647e+01,2.59621438e+02,-8.09421701e+01,-5.37670049e+02,8.37990420e+01,-1.97746799e+02,-3.85253491e+01,4.27837716e+02,-6.95579008e+02,8.09435717e+00,1.16758865e+01,7.43573200e+01,2.84954117e+02,-1.18314015e+02,7.22228153e+02,4.15188853e+02,-1.50548138e+02,-9.11410117e+01,1.67088176e+01,6.69090016e+02,-4.78647303e+02,-8.94035820e+02,2.48181726e+02,-1.04363563e+02,-1.08364284e+02,1.44428721e+02,6.71616009e+02,4.09275318e+02,-1.50866351e+02,-4.33665653e+02,-5.22116353e+01,2.52459105e+02,-1.13036454e+02,-6.39166349e+02,-2.46224261e+01,-7.98611414e+02,-4.19446013e+02,6.83638894e+02,-4.40275020e+02,-5.71185922e+02,-4.46593258e+02,-3.04062984e+02,2.87305638e+02,7.08414875e+02,-4.38058754e+01,2.36747059e+02,-1.54641753e+02,-5.99523366e+02,4.02007882e+02,-3.91962681e+02,2.43624170e+02,3.11165956e+02,-6.42752621e+01,3.54219109e+02,3.76689409e+02,9.24968818e+02,-1.27806234e+02,-3.96995715e+02,-5.48438699e+02,-1.30336212e+02,-2.23255085e+02,8.72444203e+02,-3.80764836e+02,8.79107305e+01,6.37560654e+01,-2.24892188e+02,-6.97715278e+02,-5.57583725e+01,8.40771740e+02,9.48095723e+01,6.10636029e+01,-4.61342535e+02,-5.21707182e+02,-8.48504396e+01,4.16813935e+02,-1.92502041e+02,9.16597714e+02,-3.77565122e+02,1.46235958e+02,-1.78433357e+02,-5.89850498e+02,2.66163864e+01,-4.40324642e+02,-6.41411211e+02,7.09910588e+01,2.04877856e+01,4.45248935e+02,1.80779600e+02,-2.91260665e+02,1.94510119e+02,-7.10747609e+02,-4.55505571e+02,7.80615419e+02,1.12003677e+02,-1.22052015e+02,-2.77942332e+02,-3.97684221e+01,-6.77105808e+01,7.32141228e+02,3.52371655e+02,-1.26619860e+02,-6.04572606e+01,-3.47045717e+02,-1.75000410e+02,-5.79505489e+02,4.12286190e+02,6.41657997e+01,1.19096019e+02,1.31070920e+02,-4.74973076e+01,-1.57902360e+02,-4.55228967e+00,-9.16221396e+02,-1.64081399e+02,-6.96969500e+01,-7.90023215e+01,4.72785902e+02,5.44390584e+02,1.39625113e+02,-8.25216693e+02,5.51722589e+02,-1.72402829e+02,-3.32640007e+02,-7.52241271e+02,-2.81027817e+02,5.08275379e+02,2.35125934e+02,5.97380060e+01,2.64655187e+02,-5.02642085e+02,-3.83030613e+02,4.76243225e+02,3.29308660e+02,4.45544823e+02,-2.00802388e+00,5.91806205e+01,4.77634602e+02,8.51760217e+02,-2.12568721e+02,3.25594304e+02,-1.45452830e+02,-3.61804662e+02,-2.94877662e+02,-2.64088424e+02,-1.29356463e+02,-4.40508948e+02,-2.01873310e+02,-1.20208373e+03,2.93771775e+02,1.68467613e+02,-3.19022312e+01,-3.57476994e+02,-1.93013681e+02,-4.65045880e+02,1.00904565e+02,7.10130365e+02,-1.79209031e+02,-1.41616921e+02,1.89025103e+02,-4.17885268e+02,7.48447061e+02,1.42948639e+02,1.59870926e+02,4.45353528e+02,1.53982716e+01,4.84421318e+02,1.41917477e+02,-7.38468063e+01,8.11070797e+01,-1.89631041e+01,5.99987513e+02,7.77434080e+01,1.27617728e+02,-7.76067227e+01,1.14635293e+02,-7.98251475e+02,-3.20451474e+02,-3.98506808e+02,4.42466495e+02,-2.52548321e+02,-5.55370434e+02,5.06950811e+02,-1.03957248e+02,3.76955792e+02,-7.88375310e+02,2.12907580e+02,6.60795886e+01,5.11246343e+01,-7.69201043e+01,-5.61476973e+01,4.25330295e+02,-1.93124325e+00,-4.26777204e+02,-1.38282042e+02,2.18258361e+02,-1.00753734e+03,-8.01464996e+02,1.32361923e+01,9.66448879e+01,-3.75095832e+02,-3.61979711e+01,9.36567727e+02,2.84032207e+02,-4.84459743e+02,8.12521042e+01,-7.75209617e+01,8.94026946e+01,-2.96023875e+02,1.60541563e+02,2.44941368e+02,-5.83935406e+01,9.71985386e+02,-9.21091141e+01,-2.77468332e+02,1.64917080e+02,3.57111428e+02,-3.05797584e+02,-2.54048733e+01,8.28089429e+02,-2.07049359e+01,5.09053805e+02,1.23348287e+02,-8.32750960e+01,-2.27616850e+02,4.91901415e+02,-4.74861159e+02,-1.81999522e+01,-1.30016646e+02,-3.64924042e+02,1.44774816e+02,2.05662410e+02,7.66004575e+01,-1.38108250e+01,-3.34427056e+02,1.60001941e+02,-1.54601982e+01,-2.16628663e+02,-1.86852190e+02,1.70218938e+02,-4.25216481e+01,-3.16427141e+02,-9.19927376e+02,7.91894277e+01,2.01687074e+02,-4.04222065e+02,-1.94994843e+02,7.12492810e+02,6.30129637e+01,3.04773212e+02,5.63964851e+01,3.19091400e+02,4.43003434e+01,-3.40767197e+02,-3.34464327e+01,7.16784526e+01,2.40759347e+02,6.93420712e+02,4.25753028e+02,1.80727079e+01,1.47929192e+02,5.21756116e+02,2.26533937e+02,-6.27835917e+02,-2.31676049e+02,1.16293288e+02,7.40434101e+01,2.28336179e+02,-4.54601973e+02,1.09545450e+02,3.47316951e+02,4.27109254e+02,-3.87581619e+02,-4.50478794e+01,-1.98863023e+01,-1.17757791e+02,-2.87587291e+02,-1.70857749e+02,-2.83130123e+01,6.92046851e+01,3.57655439e+02,-2.69121698e+02,6.92329243e+02,3.07580259e+02,2.17957826e+02,2.87705455e+02,2.62858525e+02,2.83964839e+02,4.67681705e+02,-3.82604370e+02,5.47113132e+02,-9.63163736e+02,2.69109018e+02,-9.40671137e+02,7.29208683e+02,6.28859903e+02,-1.00481107e+02,-4.25536190e+02,-3.65753021e+02,-4.98367310e+02,-5.36432027e+02,4.97168366e+02,3.71746157e+02,2.09354223e+02,2.75199993e+02,3.52134142e+02,-3.32931067e+02,-1.74692063e+02,4.96428144e+02,-1.07454079e+02,4.58318708e+02,6.32905433e+02,-3.73653496e+01,-6.23521554e+02,1.18780651e+01,-1.15248202e+01,-8.50264146e+01,6.83272672e+00,-5.80969531e+02,-1.59767348e+02,5.12758756e+01,7.68084346e+01,4.19131498e+02,-3.46491128e+02,5.29927041e+02,-3.50221324e+02,1.92205263e+02,3.37277983e+02]
bee_TS =[-5.09385022e+02,-4.01169392e+01,-1.17898703e+02,3.93413232e+02,-1.85769598e+02,-1.62953402e+02,-3.47459976e+02,-7.74676571e+02,-3.70348587e+02,-4.14207720e+02,-3.38019364e+02,3.97589634e+01,1.29405828e+01,2.58181723e+01,2.72462142e+01,4.10096565e+02,-1.81035062e+02,-1.59934129e+02,1.53140312e+02,-9.66870023e+02,5.08336392e+02,-2.32061470e+02,-4.41679163e+01,-1.04457257e+02,-4.91324086e+01,-5.09460646e+01,7.51796853e+02,-1.85361941e+02,-7.19718399e+01,-4.57744880e+02,6.72504555e+02,-1.18532322e+02,-3.39305005e+02,2.08264217e+02,-3.66602300e+01,1.70135138e+02,-2.72650985e+01,6.14856445e+01,2.38321834e+02,-8.85345059e+02,4.71144403e+02,1.11664908e+02,-5.03884082e+01,-2.93541400e+02,9.80562381e+01,-1.56293864e+02,3.81756752e+02,3.21452980e+02,-2.39089538e+02,-2.54467565e+02,-2.60034504e+02,-2.94862806e+02,9.99156678e+01,-4.32528877e+02,1.18964759e+02,5.21550613e+02,5.95067954e+02,3.01831701e+02,1.40112973e+02,2.38665011e+02,7.79851202e+02,1.82878174e+02,-4.79073013e+02,-1.07853804e+02,-2.05031567e+02,5.31342284e+02,-6.51228863e+02,-5.44673471e+02,-2.35683236e+02,-8.49578932e+01,-3.81131131e+02,2.32954702e+02,8.38955918e+01,1.13869637e+02,-3.35223755e+02,-3.02721368e+02,-4.90091939e+02,3.25592278e+02,-2.84255250e+02,2.29163064e+02,-5.73664911e+01,-2.55126875e+02,-5.05727604e+02,-1.50978373e+02,-9.86363274e+01,-1.38158917e+02,3.42416966e+02,6.15440408e+02,-3.67031485e+02,-6.95784281e+02,-1.72782456e+02,9.63279455e+02,-4.96357695e+02,2.88006643e+02,-9.20235707e+01,-5.40146077e+02,2.09572728e+02,3.31601012e+02,-1.52210812e+02,3.06236324e+02,-2.32921712e+02,-4.46119122e+02,7.74413393e+02,4.04179374e+02,2.69014241e+02,1.27329734e+02,2.13006809e+02,7.08105289e+02,-2.16364620e+02,4.99932185e+01,-1.20142454e+03,1.60171169e+02,-5.92882010e+02,1.25657509e+02,1.87367691e+02,-2.96623436e+02,-4.65012101e+02,5.41213759e+01,-2.55287903e+02,3.08934850e+02,-4.41172048e+02,-2.30753402e+01,-3.08665344e+02,-3.62853999e+01,-2.75637679e+01,1.46781705e+02,1.09296851e+01,-5.17887704e+01,5.25370577e+02,7.92331799e+02,4.15401841e+02,6.77540391e+02,-1.03501976e+02,1.17140178e+02,4.75940640e+02,-7.75389063e+01,-6.62464844e+02,-3.25083278e+02,-4.35181161e+02,-2.49057955e+02,2.43203836e+02,-1.02342547e+03,-1.66576759e+02,3.73101716e+02,-3.16904279e+02,-3.18686015e+02,4.70578543e+02,3.82170385e+02,-2.99649094e+02,1.68508204e+02,-2.13179370e+02,3.02014633e+02,3.45548849e+01,1.32892816e+02,-7.53120272e+02,-4.21051867e+02,-6.66321165e+01,2.98213194e+00,-3.35759913e+02,9.26012968e+02,-1.92194655e+02,-2.91141076e+02,3.26765006e+02,-4.16600608e+02,-2.83766329e+02,2.65858785e+02,9.62463570e+01,1.12517681e+02,1.05193109e+02,-9.79632287e+01,1.68063177e+02,5.05835504e+02,-2.56507816e+02,1.50534475e+02,7.89273902e+02,2.90604955e+02,-7.53009037e+01,-1.66259588e+02,1.33573071e+03,-1.53119976e+02,3.06826423e+02,1.88771946e+02,2.98635979e+02,7.72040778e+02,4.33195180e+02,-2.57075917e+01,1.96649492e+02,4.10617666e+02,3.36843328e+02,-4.82487864e+02,8.11490268e+02,-7.22502282e+02,-1.53218042e+02,4.99202434e+02,7.30301712e+01,6.02210715e+01,2.72009604e+02,2.12113487e+02,3.10522390e+02,-5.54633427e+02,4.38248372e+01,-2.37298608e+02,-9.43240443e+01,-2.90925060e+01,-7.74321362e+01,-4.78969315e+01,7.10610464e+02,-7.35492469e+01,-2.40287543e+02,-1.95388751e+01,1.01771470e+02,-5.11158124e+02,-3.88467542e+02,-3.16511899e+02,-5.47331946e+02,-1.43353199e+02,-3.61568276e+02,1.68057974e+02,-1.00826181e+01,-9.23942186e+01,-7.43519632e+01,5.67114010e+01,-1.74128445e+02,5.80927898e+02,-7.13068144e+02,-1.39839737e+02,-1.36458355e+02,1.45974337e+02,1.60160600e+02,-4.01878444e+02,-1.59210739e+02,3.63118044e+02,-1.93715405e+02,1.37168906e+02,3.20460732e+02,-3.65974505e+01,9.81521085e+02,-1.78768768e+02,-2.79846643e+02,5.57358534e+01,-1.97022873e+02,4.61655842e+02,-3.13165804e+02,7.45191255e+01,5.43153438e+02,-1.13649601e+02,1.04336347e+03,1.11392341e+03,-5.69928243e+02,5.04459517e+02,1.45785190e+02,-4.64274016e+02,1.53196714e+02,3.15029612e+02,3.30299767e+02,2.06139183e+01,1.02774206e+02,6.17363990e+02,-2.00435575e+02,1.41047457e+02,6.60719105e+02,-3.24260710e+02,-1.29595756e+02,4.52431231e+02,2.32915152e+02,6.62868247e+02,2.23064677e+02,5.90208882e+01,2.28196196e+02,3.37266867e+02,-4.19831756e+02,2.97847500e+01,1.59212531e+02,1.06457389e+02,1.90410438e+02,-5.09018688e+02,2.98031409e+02,-3.86303147e+02,-2.74269953e+02,1.52270503e+02,-1.22611135e+02,4.76308034e+02,-2.10260625e+02,2.52090649e+02,2.83953508e+02,6.91631830e+02,4.81205028e+02,4.11298752e+02,-7.68405268e+01,-5.92302079e+01,-2.74453423e+02,6.65187099e+02,6.82727607e+02,3.24237220e+02,-1.99788560e+02,4.36913578e+02,-7.81447731e+01,1.84081724e+02,5.40212499e+02,6.76414911e+00,-6.73090448e+01,-2.15512750e+02,-4.61071639e+02,8.40955592e+02,3.91502033e+02,-4.85772762e+02,-1.34269070e+02,2.41763743e+02,-9.15991078e+01,5.40353950e+02,1.06699932e+02,6.91240916e+02,2.68342841e+02,-2.46556169e+02,2.15120290e+02,-3.71647404e+01,-2.75950250e+02,1.45824768e+02,1.63338497e+02,7.87399161e+02,6.92848761e+02,4.56482504e+02,6.05085880e+02,6.26437873e+01,-2.37534775e+02,1.35575453e+02,-2.88635434e+02,-4.38535771e+02,-5.01962324e+02,-2.36993418e+02,-9.34120920e+02,-2.69653892e+02,-7.39594338e+02,1.85640707e+02,-3.98945073e+02,3.55146906e+02,-8.28585579e+02,-2.80427666e+02,4.28498262e+02,1.94793988e+02,-7.46669901e+02,5.38229555e+02,-2.09599816e+02,4.51825887e+02,-2.23061305e+02,-6.83080150e+02,1.06018777e+02,-5.51381827e+02,-1.16009911e+02,2.56755554e+00,3.68151567e+02,1.08374962e+03,-3.93993086e+02,-3.03785780e+02,-3.05313932e+00,-1.20572032e+02,-7.02846155e+02,-4.82388614e+02,4.29381941e+02,-2.19900706e+02,1.45901507e+02,-4.21896561e+02,-1.29411241e+02,-3.47865399e+02,4.63747866e+02,1.33152965e+02,-1.94108405e+02,-1.16094111e+02,8.71816845e+01,-7.23375073e+01,3.76273684e+02,-2.17408927e+02,4.43145616e+01,2.96538767e+02,1.51783679e+02,-1.51061161e+02,1.33993824e+03,4.68868788e+02,2.97353290e+01,9.19212031e+01,-5.33430084e+02,2.68011552e+02,-6.48548072e+02,-2.22813433e+02,-4.75979282e+02,-1.65268306e+02,4.81002118e+02,-4.88246575e+02,1.57280470e+02,-2.36702753e+01,2.83060580e+01,-3.22121524e+02,-3.86997595e+02,-2.99211979e+00,-3.69966194e+02,-1.91901493e+02,-3.53811560e+02,-9.01065922e+01,-3.10000534e+02,-4.44079226e+02,1.94381937e+02,-1.49652879e+02,1.83126804e+02,8.76032297e+01,-6.35733101e+02,-4.73793021e+02,-3.43900347e+02,3.08051123e+02,-8.97045264e+00,-5.47073738e+02,5.02624383e+02,-3.43987433e+02,4.73205580e+02,-2.60075147e+02,-4.20592688e+02,2.30150366e+02,-5.86590261e+02,-3.34681544e+02,5.51680137e+02,1.56110311e+02,-3.49367820e+02,4.52966716e+02,-1.47836509e+02,-3.25418514e+02,-2.64541258e+02,-4.19989002e+02,2.05319964e+02,-7.84888866e+02,-7.19693572e+02,-8.33379222e+01,-2.61038259e+02,-4.76593725e+02,6.23529025e+02,1.14233073e+03,-2.85343034e+02,-2.80677456e+01,-5.45352009e+02,5.71492011e+02,1.60043411e+02,-1.68682693e+02,-3.33729716e+02,1.46130666e+02,-5.26182716e+02,-1.73314452e+02,-7.67748424e+02,3.01949138e+02,1.13908703e+02,4.70765036e+00,-5.95825663e+01,-2.95045406e+02,-7.71807216e+01,1.10309871e+03,-1.66763408e+02,-3.98856939e+02,-5.86470923e+02,1.12269614e+02,-3.10363479e+02,7.61568628e+01,2.52151758e+02,5.81687613e+01,2.43771750e+02,1.03841379e+02,5.15964875e+02,2.66670452e+02,-2.92811360e+02,3.65672489e+02,3.00603902e+02,9.66519272e+01,3.86356677e+02,-2.12349372e+02,6.29046215e+02,1.60438582e+02,-2.60418192e+02,-4.97145634e+01,-1.65115694e+02,2.08066117e+02,-2.28095533e+02,-2.56943475e+01,-9.30041841e+01,7.17917221e+02,4.63181135e+02,-5.84484150e+02,-3.59226673e+01,-4.67149949e+02,-1.52278045e+02,-1.96477114e+02,6.37735088e+01,-1.27306593e+01,-2.23934977e+02,1.09510002e+02,-5.99280225e+01,-9.10741261e+01,7.50740786e+02,1.56376474e+02,-7.01086846e+02,-3.83132176e+02,7.98982223e+02,2.36740081e+02,-7.42502327e+01,9.19846146e+02,-1.60649194e+02,-9.82278432e+01,-5.07236411e+01,1.16439786e+02,2.46020100e+02,3.54994728e+01,2.32409920e+02,-1.37548670e+02,-2.68829869e+02,-3.73577688e+02,-4.14267177e+02,3.88094885e+02,1.09932720e+02,3.26815574e+02,1.19505356e+02,7.65909133e+02,1.52213470e+02,-7.07856128e+02,-2.96944231e+02,8.55296284e+01,-2.40475732e+02,5.37115301e+02,-1.08048007e+02,1.58934408e+02,4.31473710e+02,-6.35210148e+02,1.28526218e+03,1.67790536e+02,2.06660511e+02,3.03221749e+02,6.95051237e+01,-6.53392010e+00,3.11862964e+02,-3.06615937e+02,7.06745899e+02,6.09732909e+02,-3.57727967e+02,1.29042127e+02,6.00478497e+02,-1.87510028e+02,1.38034588e+02,3.69210961e+02,3.69058503e+02,-6.77389171e+02,-1.19620297e+02,-3.02804635e+02,-2.61230172e+01,-3.64475886e+01,-2.28412533e+01,-1.41236382e+02,-2.53740972e+02,7.16577656e+01,8.80758611e+01,4.62435683e+02,-3.63560631e+02,3.34240335e+02,3.86603641e+02,-1.43864355e+02,7.64806355e+02,-5.90544012e+02,-9.10071542e+02,-5.74979294e+01,-7.20140660e+01,6.90845597e-01,6.80830464e+02,-6.29601133e+01,3.51764636e+02,4.13138160e+02,3.28546732e+02,-9.11794969e+01,5.46430343e+02,-1.37903511e+02,-2.79458195e+02,-3.99375282e+02,4.71192421e+01,3.32208614e+02,-4.33416094e+01,3.30941332e+02,-2.58963774e+01,5.52553988e+02,1.72076743e+02,7.69506735e+01,-4.78950432e+01,2.92592395e+02,3.26690448e+02,1.72098212e+02,-7.28373776e+00,-4.63423516e+02,2.59515357e+02,1.70513341e+02,3.18810951e+02,2.67621894e+02,3.05989242e+02,-5.20130955e+01,2.33783335e+02,-2.13299576e+02,-9.03105878e+00,-4.79874892e+02,-2.69434953e+02,3.38052364e+02,-7.81358848e+02,2.53578668e+02,1.46446386e+02,7.14119976e+02,-2.25127770e+02,2.63046433e+02,-1.01349165e+02,-4.17480672e+02,-6.21594256e+02,-7.02344860e+01,-7.58248210e+02,1.38987073e+02,-1.78378305e+02,2.58684102e+02,1.76331196e+02,-2.20301312e+02,-2.15882418e+02,3.33605297e+02,-5.16553833e+02,-1.04873800e+02,-1.79023943e+02,2.02018854e+02,-4.59042137e+01,4.97876138e+01,-1.85684585e+02,4.90289241e+02,-4.10471250e+02,8.28407520e+01,5.17191800e+02,-2.95128181e+02,1.56863163e+01,-3.27187816e+01,-5.91180440e+02,-4.00475158e+02,-6.88251498e+01,2.27433191e+02,2.77429049e+02,4.19677433e+01,-6.98874594e+01,1.89999447e+02,-3.89082553e+02,2.39106952e+00,-4.34161403e+02,-2.37202013e+02,4.05320396e+02,-2.53547208e+02,5.52808440e+02,-1.83271307e+02,3.03405664e+02,2.20056932e+02,-5.36746212e+02,-2.45938945e+02,7.41383222e+01,-3.43190181e+02,-3.01907220e+02,-7.47601402e+02,-4.79985459e+02,-4.50153811e+02,-3.70610050e+02,1.91684231e+01,1.14124246e+02,9.08966277e+00,1.80235865e+02,-4.91199946e+02,1.24177188e+02,1.79213099e+02,-5.73123211e+02,-5.55229320e+02,-3.53989206e+02,-2.00334972e+02,1.68101037e+02,7.49522579e+00,-3.83061138e+02,3.06754728e+02,-1.72367983e+02,4.31369013e+02,-7.69099840e+02,5.19877262e+02,-3.22159314e+01,-3.15584039e+02,-2.25605890e+02,2.78211896e+01,3.66191897e+02,-6.49371717e+02,-1.21532786e+02,-1.76385884e+02,4.22197731e+02,7.23639979e+02,-8.36683433e+02,8.05706394e+02,3.93294388e+02,-6.43382176e+02,-3.03412024e+02,6.56900728e+02,5.21479465e+02,-1.54174321e+02,-3.16324094e+01,9.00632583e+01,6.10541645e+02,-4.54662248e+02,1.40311957e+02,-6.52282603e+01,2.62659909e+02,-6.37175924e+02,-6.50350847e+01,-2.89735975e+02,4.07466059e+02,3.68168947e+02,-7.38686513e+02,-4.26934265e+02,-1.96170089e+02,-3.34877359e+02,-1.25941798e+02,-1.99185841e+02,3.69607100e+02,3.58389317e+02,-5.04265523e+01,-3.97364882e+02,-7.20362213e+02,3.75356993e+02,-4.37830632e+02,-2.70899279e+02,4.16636513e+01,-2.96978080e+02,-3.59220632e+02,-2.22468824e+02,-3.63361481e+02,-2.31635127e+02,-4.38925716e+02,5.01908353e+02,5.56711577e+02,-2.95281056e+01,-2.06130468e+02,-1.34211473e+01,3.66513429e+02,-7.60167014e+02,-1.79312625e+02,4.32074007e+02,5.78971698e+02,-1.59395508e+02,9.74343493e+01,4.71931545e+02,1.34657414e+02,-5.76865258e+01,-3.81545173e+02,1.95092302e+02,-3.09692580e+02,-1.37555484e+02,-1.67060621e+02,-1.61651073e+02,1.72014485e+02,6.74429165e+02,6.34844309e+00,3.57791851e+01,-7.82215552e+02,-1.49838032e+02,-3.27227224e+02,4.00042459e+01,-3.64797338e+02,6.78680949e+02,7.03018169e+02,1.27395208e+02,-1.29069667e+02,1.25419923e+02,2.19601595e+02,-4.12837231e+02,-6.66779967e+01,1.20135805e+02,1.20212560e+02,4.89890402e+02,3.89185445e+02,-1.79806963e+02,2.45476433e+02,-8.34910049e+02,-3.69579647e+01,7.37249069e+02,8.38090946e+01,-6.11727980e+00,2.86914915e+02,-2.51012740e+02,8.02374345e+02,-1.06559424e+02,7.35586282e+02,3.21256055e+02,-3.32009817e+02,2.64988733e+02,-2.67446627e+02,-5.95365878e+02,-3.52202147e+01,-4.90313673e+02,-4.62113213e+02,-4.62249124e+01,2.78296678e+02,-4.99216798e+01,-2.91911347e+02,6.53853407e+01,-6.30522950e+02,-7.97743496e+01,-7.18059576e+02,4.51525241e+02,-1.18965727e+01,-4.43787157e+02,-1.64506774e+02,1.50575530e+02,-2.78810618e+02,-4.08685256e+02,7.80539170e+02,-1.94352422e+02,-3.85277879e+02,2.18344243e+02,-1.03148655e+02,4.44744230e+02,-1.36403388e+01,7.58068011e+01,8.84468495e+02,-1.55325861e+02,-3.03241982e+02,-3.23454629e+02,-4.61586464e+02,-2.86674368e+02,2.46251246e+02,1.82339196e+02,1.84612330e+02,6.50682350e+02,2.04803008e+01,1.45402003e+02,-5.76174650e+02,2.11218871e+01,-2.02779507e+02,-2.32108661e+02,1.54014075e+01,3.04930358e+02,3.33216297e+02,6.58592532e+00,8.16603187e+01,2.56469845e+02,3.25269236e+02,-2.09364047e+02,-1.14333012e+02,1.48347185e+01,-2.03908872e+02,-6.82554676e+01,-2.35914643e+02,6.58732939e+02,5.65540590e+02,-1.11322696e+02,1.05027116e+02,-2.10869700e+01,-2.06983988e+02,2.90668146e+02,-7.73019416e+01,3.39162397e+02,-4.68430635e+02,1.64742147e+02,-9.65993918e+01,-4.75540153e+02,-2.20830495e+02,2.38368890e+02,-7.46515027e+02,3.67683301e+02,4.28777350e+02,-6.26475606e+01,-4.50015293e+01,-2.84372966e+01,2.12321958e+02,-2.87395120e+02,3.17065189e+02,2.47089181e+02,-9.10492108e+02,-2.88170810e+02,1.97529294e+02,-7.99823449e+01,3.33577931e+02,-5.35856635e+02,-5.19707087e+00,-3.62306217e+02,-1.07732146e+03,6.54447124e+02,-5.17500928e+02,-5.02364941e+02,7.72703356e+01,1.11546304e+03,5.96756040e-01,-1.88212247e+02,-1.82081900e+01,-6.15841080e+01,-7.71708896e+02,-5.38686338e+02,6.78718969e+02,-4.54690780e+01,-3.45063198e+02,4.39315266e+02,-3.01091013e+02,3.44163081e+02,4.74678056e+02,-5.36465532e+02,-2.23955263e+02,-3.00299769e+02,-1.30575385e+02,-1.68519989e+02,-5.87057361e+01,1.20094217e+02,-2.92691317e+02,2.58581072e+02,5.20690178e+02,-1.40247593e+02,-1.55215984e+02,1.20298596e+02,4.99554231e+02,4.24375859e+02,3.18989563e+01,-1.48915160e+01,-4.69633115e+01,-4.43034314e+02,3.29206316e+02,-2.08871427e+02,1.71810474e+02,-1.37689389e+02,2.53467318e+02,1.52923368e+02,-6.86544505e+02,-2.42762083e+02,-6.88145228e+02,-2.82717617e+02,6.48470971e+01,-1.49946035e+02,2.61100651e+02,-2.52009253e+02,1.68554279e+01,9.13024495e+01,6.49382923e+02,3.26271433e+02,-2.35138951e+02,1.75261379e+01,9.67676616e+01,3.48030209e+02,-5.47694611e+00,4.41670016e+02,2.11697437e+02,7.77138304e+02,2.25667542e+01,5.96046123e+02,-2.27626590e+02,-3.35878825e+02,7.20579707e+01,6.37451754e+01,2.65281498e+02,-5.60257975e+01,-1.38656403e+02,2.26460289e+02,-3.99748268e+02,-4.51925412e+02,6.69491245e+02,-5.18815526e+01,-3.72914059e+02,-4.85299599e+00,-1.23207791e+02,3.05337620e+02,2.88645784e+02,-1.71300799e+02,9.56682449e+00,-2.36211713e+02,-2.84240317e+02,-2.48642514e+02,-8.34178726e+02,-2.99315832e+01,-5.63031288e+02,-4.80551510e+02,-3.44421580e+02,1.53009908e+02,-3.28958361e+02,1.90238198e+02,-4.92987579e+02,9.04412078e+00,-3.54743745e+02,6.52334809e+01,1.02613722e+02,2.53343614e+02,-1.72405163e+02,-1.28486500e+02,2.27286646e+02,5.24422462e+02,2.83631038e+02,6.81851753e+01,-5.95700222e+02,-1.20950565e+02,-2.69796352e+02,-5.29606057e+02,3.61378318e+02,-3.01904169e+02,-3.81686285e+01,-2.00263955e+02,-8.83599352e+02,4.35163624e+02,-1.45245199e+02,3.59515349e+02,-6.05978583e+02,5.71757708e+02,3.71037330e+01,-2.71492524e+02,4.11853718e+01,-2.04409674e+02,-5.96054190e+02,1.23444259e+02,2.44765794e+02,2.82862566e+01,-3.15129705e+02,-1.13658544e+02,1.41491852e+02,2.55176311e+02,5.59166117e+02,2.21879951e+02,-2.04799803e+02,7.70177366e+02,2.51363332e+02,3.41055311e+02,-1.48088483e+02,2.31941746e+02,1.50971749e+02,-5.38015003e+02,-1.64395436e+02,-3.43402571e+02,-2.73192361e+02,-9.05265185e+01,-1.52839637e+02,-3.24062275e+02,-9.89952670e+02,-2.65263824e+02,1.34499774e+02,8.72037078e+01,8.16224986e+01,4.32056073e+02,1.61119834e+02,2.79329913e+02,-3.68002812e+02,4.02963181e+02,-4.28747521e+02,-6.67309366e+02,1.66856495e+02,-3.51807511e+02,-3.65247865e+02,-1.37442681e+03,-1.04049913e+02,6.97226888e+02,4.06035088e+02,-8.91841346e+01,-1.03456279e+02,2.58017358e+02,5.93098412e+02,-3.52246892e+02,-8.34363388e+01,-2.76903240e+02,-3.13624262e+02,-2.96835578e+02,1.38324115e+02,6.25173326e+02,-5.72859790e+02,-4.61891380e+02,2.14481621e+01,-7.51241027e+01,-1.23599882e+02,-8.11597201e+02,4.93723301e+02,2.19455411e+02,7.77654170e+01,4.22681770e+02,-2.64692731e+02,2.58789028e+02,2.35323161e+02,4.60719587e+01,-4.08192996e+01,1.06929221e+02,-1.40765585e+02,4.10069638e+02,-3.80149645e+02,3.66431186e+02,8.09609628e+01,9.76831502e+01,2.06392187e+02,-7.50338237e+02,5.61113790e+01,-5.58023865e+02,-4.40470922e+02,-4.27729877e+02,-3.92706324e+02,1.22630438e+01,1.13760583e+02,4.20728268e+02,8.44183109e+01,1.19841492e+02,-6.20250623e+02,-2.18377594e+02,2.86954139e+02,1.20842127e+01,1.61927004e+01,-7.08863465e+01,3.19527745e+02,-7.94858414e+02,9.18187341e+01,2.06383736e+02,3.96138080e+02,3.38385127e+02,-4.94971512e+02,6.64095185e+01,3.71764110e+01,3.77006741e+01,1.69342955e+01,-1.69416057e+02,-2.74000862e+02,1.37621286e+02,5.45816810e+02,-7.81405802e+01,8.31548187e+01,1.54762627e+02,-2.15606459e+02,-2.14110253e+02,-1.00667367e+03,-3.34022294e+02,-4.41276243e+02,-6.62842422e+01,-5.52924387e+02,6.54438164e+02,-2.57227734e+02,-4.59910958e+02,-1.36324853e+03,5.70341619e+02,1.19172965e+02,-1.27613306e+01,-5.34921649e+02,9.10731279e+01,-1.51224866e+02,-2.83818365e+02,1.02027794e+02,2.79320408e+02,6.88458722e+01,-1.49902134e+02,-2.87895950e+01,7.06026852e+00,1.67839607e+02,-5.29788781e+02,6.08430438e+02,-3.64810909e+02,-2.36005665e+02,-3.65318665e+02,-8.44765794e+02,8.25955214e+01,-4.16135403e+02,-1.91975891e+02,2.96913673e+02,-2.09186162e+02,4.96430851e+00,-8.54009859e+01,-2.23270863e+02,1.43658102e+01,4.61841381e+02,-4.52110832e+02,8.00013481e+02,-1.72052935e+02,2.95903962e+02,-6.77135229e+01,1.29602847e+02,-1.02686210e+02,4.07640516e+02,5.43822532e+02,1.73154451e+02,4.75659328e+02,-3.38550751e+02,-2.85310186e+01,-1.98140262e+02,5.93095769e+02,5.01660279e+02,3.84536483e+02,-1.29192204e+02,-2.62329979e+02,2.33983434e+02,-2.25001321e+02,-1.19761988e+02,-6.31547211e+01,-2.25863912e+02,4.45933493e+02,-5.04347031e+01,3.43335571e+02,1.22993167e+02,1.48511960e+02,-2.97174249e+02,2.81418491e+02,-1.58618528e+02,-1.13460838e+02,-2.62039053e+01,-4.42173091e+02,6.67532173e+02,-2.45288322e+02,-3.59913035e+01,1.72336335e+02,1.48905431e+02,6.15079902e+02,-1.42936782e+02,6.66967289e+02,6.04826109e+02,-8.44042488e+02,7.57563015e+01,-1.77769417e+02,1.26649177e+02,7.52463070e+01,1.52215667e+02,5.24618289e+02,8.04255122e+02,-6.81199026e+02,6.66269076e+02,-8.01676950e+02,-6.67887408e+02,-1.06439212e+02,-9.90028523e+00,6.09690756e+02,3.36672204e+02,-1.59515175e+02,-8.04672260e+02,6.11112293e+02,-3.90538845e+02,-1.00239088e+01,-4.43553920e+01,1.07647925e+03,-2.45919780e+02,-9.15328635e+02,2.68192431e+02,-1.40474093e+03,9.67635714e+01,-3.09782634e+02,-1.57387121e+02,-2.37504270e+02,-5.09448360e+02,3.56514176e+02,-3.14371390e+02,-7.92480682e+01,-6.80363641e+02,-5.80634872e+01,-4.15417754e+02,-6.47321825e+02,-1.06363443e+03,8.83131800e+01,-2.80050283e+02,-7.16413073e+00,-1.17254583e+02,-6.88203936e+02,-5.48553414e+02,-4.59083341e+02,-4.62909943e+02,4.75849876e+02,8.09966616e+01,-4.15419049e+02,-1.59795578e+02,-1.94809550e+02,3.22942540e+02,-2.89581577e+02,-1.07058821e+02,-1.95787608e+02,-3.11634131e+02,-3.25362128e+02,3.32582048e+02,-1.52110606e+02,-7.90386938e+02,6.69833115e+02,4.08337129e+02,5.35970463e+01,-6.30234396e+02,-6.55766511e+02,9.38093034e+01,1.23693919e+01,-2.58354228e+02,-4.21920865e+02,3.08484438e+02,-6.82965837e+01,2.36887793e+02,4.29255080e+02,2.92377339e+02,3.05779874e+02,2.21400117e+02,-1.76520529e+02,-1.08811595e+02,-1.91005586e+02,-3.03232703e+02,-3.97026583e+02,-5.61917434e+02,-3.39649456e+02,-7.01133846e+01,-6.92451911e+02,-7.52864714e+01,2.82625113e+02,-6.20125475e+02,2.16245502e+02,1.88503268e+02,-6.11524683e+02,-4.93207125e+02,-1.35584349e+02,1.83799043e+02,-3.44785783e+02,6.08196071e+02,5.45078295e+02,-6.51673908e+02,4.39616756e+02,3.07734359e+02,6.61809863e+01,2.19585129e+02,-3.69843284e+02,-1.23474806e+02,4.66611484e+01,1.53452928e+02,3.92332433e+02,-4.39099922e+02,-3.68755730e+01,1.53833791e+02,-1.26793853e+01,-2.28521437e+02,1.71459114e+02,-2.31374051e+02,-1.74592364e+02,3.31039674e+01,-5.20164252e+02,3.15532189e+01,-2.03827589e+02,-1.08784022e+02,4.91634898e+00,-4.91842142e+02,4.88161714e+02,-2.32663878e+02,-1.11913567e+03,-7.32967640e+02,3.38039113e+02,-3.07712221e+02,-1.47473765e+02,-2.51879951e+02,-1.44323718e+02,-8.64277908e+02,-9.63570974e+01,-5.54216744e+02,-2.88548169e+02,2.22539528e+02,6.43397988e+02,-2.94970217e+00,-2.73265412e+01,5.04134801e+02,-4.38398835e+02,3.10572330e+02,8.01947357e+01,-3.60649951e+02,-1.55817831e+02,2.11756470e+02,1.58585316e+01,8.55218702e+01,9.91445515e+01,-2.03653529e+02,-2.41584549e+02,-4.56797111e+02,4.32234966e+02,-5.48878106e+02,-4.03747207e+02,8.28461504e+01,-7.72589868e+02,1.66921802e+02,5.41631662e+02,-4.13168119e+01,6.07021277e+01,-2.15350488e+02,-1.76940609e+02,8.84138921e+01,3.23779952e+02,-3.49540006e+02,2.67018999e+02,-9.58433281e+01,-3.45132054e+01,2.32824672e+02,1.65430055e+02,-7.78738008e+01,-3.85326834e+00,2.09623061e+02,2.42753382e+02,-6.20731844e+02,5.77944955e+01,4.65973277e+02,-8.40225542e+02,2.80467394e+02,-1.03084665e+03,-7.96615418e+01,-1.28627860e+02,-7.37449555e+01,-7.76843232e+01,-2.23312371e+02,-3.16882297e+01,1.42500854e+02,-2.08750897e+02,1.21406004e+02,7.50185207e+02,-5.55135026e+02,-2.30543061e+02,3.16269008e+02,2.14404155e+02,3.57541992e+02,1.41475970e+02,2.44328507e+02,-1.61265397e+02,-4.22650115e+02,-3.67087030e+02,-1.79323705e+02,5.81862761e+00,-3.62990004e+02,-1.31482555e+02,5.77804070e+01,1.99786425e+02,-8.64829183e+01,4.85811776e+02,-4.38286016e+02,-4.58012004e+01,-2.37270451e+01,2.40549105e+02,-3.51929096e+02,-2.21017016e+02,2.36192920e+02,4.31506466e+02,6.02873727e+02,3.03175315e+02,3.56428104e+02,-2.56610182e+02,5.40358686e+02,5.81079717e+02,-5.52805859e+01,3.40020025e+02,3.28313201e+02,-2.19282154e+02,1.47099426e+01,5.29718913e+02,-2.39823636e+02,-1.07124983e+02,-5.22529300e+02,2.32149566e+02,-6.58048346e+01,1.51900471e+02,8.21929463e+01,-3.59426078e+02,3.96517208e+02,3.51281842e+02,-2.05542323e+02,1.58659673e+02,-4.96148781e+02,-4.46359923e+02,2.01593431e+02,-5.95034120e+02,-2.33498588e+02,8.22342913e+01,6.97268702e+02,-2.09957216e+02,-9.03662053e+01,-1.26424119e+02,9.89613521e+02,1.22290165e+02,-3.74377974e+02,5.90426216e+02,5.43167027e+02,2.59265420e+02,6.29963456e+02,6.97839368e+02,-9.04600803e+01,-2.58462249e+02,-2.79726907e+02,2.31831929e+02,3.26938323e+02,-4.23805195e+01,-1.77927096e+02,-5.30657617e+02,-2.59462780e+02,-3.82031914e+02,2.54662028e+02,1.30302685e+02,5.38946209e+02,4.93535104e+01,-2.17033671e+02,-6.81975289e+01,3.44878403e+02,1.13254143e+02,4.39664461e+02,4.95356355e+02,-1.19310732e+02,-7.75253217e+01,-8.31996563e+02,4.59611624e+02,-4.66915991e+01,4.33498383e+02,-1.58194156e+02,-5.02121675e+02,1.70576763e+02,5.96038258e+02,-2.11005796e+02,5.88335997e+02,-6.21880683e+02,-1.93658836e+02,-6.73841918e+02,1.90120742e+02,9.90428670e+01,7.16498588e+00,-5.15635555e+02,7.55574965e+02,4.53298954e+02,7.09479859e+01,-3.94665155e+02,1.87594687e+02,-2.34376963e+02,-7.57339556e+01,-1.87946034e+02,1.79153033e+02,-8.71533207e+01,-1.75291246e+02,1.64640028e+02,2.25611727e+02,-7.31784306e+02,1.67999924e+02,5.76010456e+02,3.60408310e+02,-1.13130791e+02,2.92512941e+01,-3.07466596e+02,5.05711399e+02,1.50541792e+02,-5.78431327e+01,-5.99206272e+01,9.34944615e+02,7.12807272e+00,2.64944566e+02,6.20730797e+02,8.36333662e+02,5.47929869e+02,3.63667757e+02,-5.44933364e+02,-3.71938371e+02,2.96451455e+02,1.41894236e+01,2.77333111e+02,1.58408258e+02,5.03468012e+02,-6.63821057e+02,-4.20566052e+02,-5.50968731e+01,-7.41691592e+02,1.67567730e+02,3.37271240e+02,1.20038257e+02,-1.95176561e+02,2.02729579e+02,1.21903741e+03,2.21960960e+02,1.29995768e+02,-4.19930065e+02,-5.66732572e+02,-1.34295289e+02,2.66155748e+02,-4.46880083e+01,1.79420897e+02,3.01597499e+02,-5.12884520e+02,2.11937025e+02,4.49415724e+02,5.01703807e+02,-4.83015620e+01,9.97823509e+00,-7.95922703e+01,-4.32256423e+02,-5.71087602e+02,7.14677811e+02,-5.77274147e+01,-5.06572777e+02,1.92084452e+01,-1.95946390e+02,7.82616663e+02,-2.04783959e+02,-2.95771002e+02,2.67971201e+02,-1.24694337e+02,3.70927844e+02,-4.74500970e+01,8.61531258e+02,4.31420434e+02,-1.04570270e+01,-3.08927081e+02,2.11850518e+02,-4.74747174e+02,-9.98467969e+01,5.21091086e+02,-2.40219775e+02,-4.04066159e+02,-1.90852170e+02,4.45034323e+02,1.24876929e+02,-7.11219522e+02,2.62121672e+02,1.27598793e+02,5.91367029e+01,-4.38455110e+02,1.44353751e+01,3.00330167e+02,4.37113283e+02,5.48593542e+02,2.23193553e+02,3.52530894e+01,-4.35294331e+02,-4.10058808e+02,-6.37149425e+02,-7.87652752e+01,2.70676200e+02,-2.09540861e+01,4.59550517e+02,-2.71459794e+02,1.57570370e+02,-1.02894649e+02,-2.54943915e+02,5.06687363e+02,6.53078691e+01,5.25576565e+02,2.50381826e+01,2.13382430e+02,-1.70905690e+02,5.36052360e+02,-1.03074290e+02,-3.41286354e+00,-6.70181598e+02,-9.24608439e+01,6.23490662e+02,5.70492413e+02,2.26237054e+02,-1.29521027e+02,3.30918071e+01,-1.51925027e+02,-4.95957377e+01,7.71028346e+02,1.59414750e+01,-2.02975072e+02,-9.45832978e+02,-4.64604616e+02,-3.22267888e+02,-5.74586688e+02,-4.81286636e+02,-6.08950696e+02,-3.97613014e+02,-3.26149966e+02,-4.11825770e+02,4.08713809e+02,-2.18016471e+02,-8.30342953e+02,3.42023518e+02,-2.47378356e+02,-7.04058618e+02,8.31895917e+02,-2.06583109e+02,1.69284202e+02,3.49434500e+02,8.09315557e+00,2.23885614e+02,7.53281805e+00,-1.23778589e+01,-1.17206298e+02,-6.20910396e+02,9.11920529e+01,-1.11754619e+03,5.60705318e+02,-3.75838107e+02,-1.19649102e+02,-1.53080047e+02,8.92455888e+01,-1.61758403e+02,2.45991459e+02,-4.61980813e+02,3.24588716e+02,3.35161111e+02,1.33013981e+02,8.43776601e+01,1.70477843e+02,6.37476242e+01,2.59469987e+02,-8.08983683e+01,-5.37750456e+02,8.38013680e+01,-1.97686582e+02,-3.84902800e+01,4.27902636e+02,-6.95531589e+02,8.11708632e+00,1.16274433e+01,7.43843254e+01,2.84903575e+02,-1.18318047e+02,7.22224300e+02,4.15058013e+02,-1.50514060e+02,-9.10888641e+01,1.67020927e+01,6.69020091e+02,-4.78674036e+02,-8.93945033e+02,2.48230558e+02,-1.04517787e+02,-1.08370717e+02,1.44396361e+02,6.71585054e+02,4.09262217e+02,-1.50843661e+02,-4.33630608e+02,-5.21758518e+01,2.52507188e+02,-1.12958387e+02,-6.39141113e+02,-2.46892183e+01,-7.98581167e+02,-4.19381205e+02,6.83653872e+02,-4.40305997e+02,-5.71168395e+02,-4.46530570e+02,-3.04060816e+02,2.87330520e+02,7.08438596e+02,-4.38673530e+01,2.36712561e+02,-1.54629871e+02,-5.99521182e+02,4.01980388e+02,-3.91955607e+02,2.43640532e+02,3.11184059e+02,-6.42779499e+01,3.54105438e+02,3.76714414e+02,9.25001584e+02,-1.27731782e+02,-3.96983301e+02,-5.48384797e+02,-1.30387128e+02,-2.23281043e+02,8.72408758e+02,-3.80765103e+02,8.78673154e+01,6.37293371e+01,-2.24866206e+02,-6.97747249e+02,-5.57352574e+01,8.40788546e+02,9.48428527e+01,6.11164375e+01,-4.61438117e+02,-5.21670072e+02,-8.48418746e+01,4.16839627e+02,-1.92532070e+02,9.16674287e+02,-3.77617220e+02,1.46254795e+02,-1.78350306e+02,-5.89911881e+02,2.66267752e+01,-4.40284431e+02,-6.41380618e+02,7.10201646e+01,2.04409485e+01,4.45289898e+02,1.80718439e+02,-2.91293582e+02,1.94494337e+02,-7.10816989e+02,-4.55451528e+02,7.80559810e+02,1.12043268e+02,-1.22129314e+02,-2.77933354e+02,-3.97404591e+01,-6.77097914e+01,7.32163180e+02,3.52450808e+02,-1.26629204e+02,-6.04471802e+01,-3.46986470e+02,-1.74918230e+02,-5.79420220e+02,4.12277353e+02,6.41350071e+01,1.18999067e+02,1.31143935e+02,-4.74469908e+01,-1.57879175e+02,-4.50289271e+00,-9.16163482e+02,-1.64203301e+02,-6.97050767e+01,-7.89401521e+01,4.72726272e+02,5.44450308e+02,1.39598457e+02,-8.25256795e+02,5.51740398e+02,-1.72337367e+02,-3.32603802e+02,-7.52222800e+02,-2.81044215e+02,5.08341142e+02,2.35124366e+02,5.96807481e+01,2.64629095e+02,-5.02610855e+02,-3.83006760e+02,4.76187102e+02,3.29237664e+02,4.45568357e+02,-1.94527289e+00,5.92009824e+01,4.77597731e+02,8.51662966e+02,-2.12584022e+02,3.25612181e+02,-1.45465657e+02,-3.61765581e+02,-2.94960254e+02,-2.64137199e+02,-1.29251591e+02,-4.40493710e+02,-2.01824376e+02,-1.20208673e+03,2.93787811e+02,1.68447961e+02,-3.18693097e+01,-3.57470930e+02,-1.92993173e+02,-4.65042118e+02,1.00944476e+02,7.10061072e+02,-1.79186108e+02,-1.41640134e+02,1.89079367e+02,-4.17938564e+02,7.48374822e+02,1.42906827e+02,1.59867922e+02,4.45295329e+02,1.53534204e+01,4.84385174e+02,1.41891404e+02,-7.38545089e+01,8.10344552e+01,-1.89847430e+01,5.99998656e+02,7.77788317e+01,1.27592309e+02,-7.76822287e+01,1.14618269e+02,-7.98229899e+02,-3.20409274e+02,-3.98510981e+02,4.42359213e+02,-2.52587970e+02,-5.55315001e+02,5.06943222e+02,-1.03930010e+02,3.76916325e+02,-7.88342839e+02,2.12910232e+02,6.60770925e+01,5.11790165e+01,-7.69033574e+01,-5.61913982e+01,4.25262044e+02,-1.97353071e+00,-4.26772360e+02,-1.38327081e+02,2.18308193e+02,-1.00743721e+03,-8.01379184e+02,1.32561480e+01,9.67645928e+01,-3.75069519e+02,-3.61721479e+01,9.36571297e+02,2.83935847e+02,-4.84438700e+02,8.12312907e+01,-7.75253154e+01,8.94662492e+01,-2.96120933e+02,1.60586697e+02,2.44932141e+02,-5.82774215e+01,9.71921984e+02,-9.20474693e+01,-2.77520100e+02,1.64844567e+02,3.57111577e+02,-3.05776103e+02,-2.54408474e+01,8.28129558e+02,-2.06186688e+01,5.09123694e+02,1.23376856e+02,-8.32864565e+01,-2.27674286e+02,4.91886475e+02,-4.74816752e+02,-1.81544625e+01,-1.30062677e+02,-3.64891773e+02,1.44844219e+02,2.05696479e+02,7.66531531e+01,-1.38067690e+01,-3.34455526e+02,1.59991618e+02,-1.54953393e+01,-2.16677752e+02,-1.86822127e+02,1.70176548e+02,-4.25145247e+01,-3.16392414e+02,-9.19883465e+02,7.92709975e+01,2.01772886e+02,-4.04229858e+02,-1.94987850e+02,7.12494432e+02,6.30551844e+01,3.04827039e+02,5.63225034e+01,3.19068820e+02,4.44384432e+01,-3.40742755e+02,-3.35152208e+01,7.17127519e+01,2.40786909e+02,6.93319280e+02,4.25725175e+02,1.80913427e+01,1.48003976e+02,5.21839011e+02,2.26473498e+02,-6.27803477e+02,-2.31602533e+02,1.16266384e+02,7.40170961e+01,2.28358343e+02,-4.54536773e+02,1.09426141e+02,3.47328867e+02,4.27078298e+02,-3.87633215e+02,-4.50080455e+01,-1.99288359e+01,-1.17749244e+02,-2.87566517e+02,-1.70883103e+02,-2.83862486e+01,6.91687366e+01,3.57654823e+02,-2.69095480e+02,6.92320453e+02,3.07555845e+02,2.17968057e+02,2.87690215e+02,2.62823363e+02,2.84121982e+02,4.67666219e+02,-3.82589099e+02,5.47046486e+02,-9.63146610e+02,2.69102903e+02,-9.40623837e+02,7.29191825e+02,6.28780966e+02,-1.00485848e+02,-4.25546808e+02,-3.65779830e+02,-4.98382846e+02,-5.36494056e+02,4.97155909e+02,3.71702239e+02,2.09352784e+02,2.75158159e+02,3.52210073e+02,-3.32949142e+02,-1.74677560e+02,4.96444169e+02,-1.07442715e+02,4.58380513e+02,6.32819680e+02,-3.74328251e+01,-6.23544719e+02,1.18880878e+01,-1.15353165e+01,-8.50137618e+01,6.82732048e+00,-5.80900771e+02,-1.59697160e+02,5.13040686e+01,7.68613354e+01,4.19109846e+02,-3.46483990e+02,5.29891058e+02,-3.50268950e+02,1.92235572e+02,3.37187954e+02]
