Ea	delta_Ea
203.4682569029028	7.789950933552973
190.55877736631373	-5.119528603036088
183.67409767855025	-12.004208290799568
209.15272663919313	13.474420669843312
196.57559022543	0.8972842560801837
182.14589395509893	-13.532412014250895
212.42673342610578	16.748427456755962
189.87106592099735	-5.807240048352469
174.84722196757502	-20.831084001774798
165.73427759063998	-29.944028378709845
189.18340719505977	-6.49489877429005
173.3788613575889	-22.29944461176092
192.22503343906283	-3.453272530286995
221.75638750310827	26.07808153375845
197.73879115528507	2.0604851859352493
194.9161151860244	-0.7621907833254227
177.1289177726935	-18.54938819665631
161.89333951296976	-33.78496645638006
190.24768016330927	-5.430625806040553
192.54459869633138	-3.1337072730184445
202.76979069915978	7.091484729809963
184.83721952929955	-10.841086440050276
187.20581009206217	-8.472495877287656
192.8808166953445	-2.797489274005329
173.11880971750907	-22.559496251840756
185.14073172805274	-10.53757424129708
203.40809088307287	7.729784913723051
232.27934528964624	36.60103932029642
184.1311683213048	-11.547137648045009
199.20345481706318	3.5251488477133535
237.56901258923608	41.89070661988626
162.41137355652523	-33.26693241282459
183.4383101441581	-12.239995825191727
215.73401933679634	20.055713367446515
195.6001099133673	-0.07819605598251655
182.34886366049977	-13.329442308850048
190.09394379132027	-5.584362178029551
209.7836790561978	14.105373086847976
172.16261811738514	-23.515687851964685
165.68821401139576	-29.990091957954064
194.07214342723455	-1.6061625421152712
186.1549410322823	-9.523364937067527
229.2805931009434	33.602287131593584
177.62085571126772	-18.0574502580821
189.97620818233736	-5.7020977870124625
209.6364271708983	13.958121201548465
198.4674919372228	2.7891859678729816
201.15690643302514	5.4786004636753205
176.334831749944	-19.343474219405834
194.16703835443514	-1.5112676149146864
190.5400092584914	-5.1382967108584126
213.47275230072228	17.794446331372455
161.55849880839014	-34.11980716095968
178.4505932309803	-17.22771273836952
187.75728141760555	-7.921024551744267
187.85006756865187	-7.8282384006979555
181.99735703433544	-13.680948935014385
199.81124364593416	4.1329376765843335
202.4996037536548	6.8212977843049885
176.5804382733295	-19.09786769602033
181.69310017398675	-13.985205795363072
226.2896302041845	30.611324234834683
180.49992826296875	-15.17837770638107
187.09954095345108	-8.578765015898739
195.0736803047248	-0.6046256646250185
217.72589021842577	22.047584249075953
166.46378234350414	-29.214523625845686
185.57067823744728	-10.10762773190254
216.8202367569611	21.141930787611273
244.02510329226016	48.346797322910334
168.10447609522816	-27.573829874121657
188.14068328319627	-7.537622686153554
194.54541210687057	-1.13289386247925
187.59918910485976	-8.07911686449006
202.17992646765015	6.501620498300326
188.15893737682927	-7.51936859252055
207.83012859135124	12.151822622001418
227.95312509815267	32.27481912880285
201.1527547799651	5.474448810615286
171.65005371199732	-24.028252257352506
217.3024413755711	21.624135406221285
176.08046062564426	-19.597845343705558
160.58715037962247	-35.09115558972735
181.7400204435546	-13.938285525795209
185.04126339255617	-10.637042576793647
174.99292522037865	-20.68538074897117
188.9658078550492	-6.712498114300615
173.61754186927283	-22.060764100076995
208.81631094242584	13.138004973076022
171.53196224704152	-24.146343722308302
192.49438346402667	-3.183922505323153
226.34465608211758	30.66635011276776
199.92221799135223	4.243912022002405
204.92324655404445	9.244940584694632
199.47430075511488	3.7959947857650604
178.62792812618136	-17.050377843168462
194.44282673660928	-1.2354792327405448
203.8032887153131	8.12498274596328
191.0009086479604	-4.677397321389435
205.7176620730679	10.039356103718092
175.31846754008075	-20.359838429269075
215.47951641398686	19.801210444637036
180.18993816745206	-15.488367801897766
208.53268054890214	12.854374579552314
217.06551378406948	21.38720781471966
202.45228808856336	6.773982119213542
174.85005563553932	-20.8282503338105
206.0283770603928	10.350071091042992
208.6547918684173	12.976485899067484
192.83539233887132	-2.842913630478506
172.0619899549929	-23.616316014356926
209.19318878176637	13.514882812416545
178.94220167327876	-16.736104296071062
194.79229048587513	-0.8860154834746936
189.8284950022571	-5.849810967092708
201.36356649671143	5.685260527361606
181.45540156120842	-14.222904408141403
220.0199091842278	24.341603214877978
198.29608797496985	2.617782005620029
189.8982823132974	-5.780023656052435
192.3622554577487	-3.3160505116011336
212.6063879750891	16.92808200573927
197.2376141411587	1.5593081718088797
189.15126153847086	-6.527044430878959
176.57418443403003	-19.10412153531979
170.58011340781377	-25.098192561536052
197.7570122992929	2.0787063299430883
192.26291233083793	-3.415393638511887
178.39866461803467	-17.27964135131515
200.52882063364086	4.85051466429104
194.58226956019644	-1.0960364091533847
232.41687703482603	36.73857106547621
195.70697214527468	0.028666175924854542
223.9061859493413	28.227879979991485
203.3283527845415	7.650046815191672
163.72001414216538	-31.95829182718444
197.29534188853722	1.6170359191874013
205.48279712825206	9.804491158902238
199.92347007719582	4.245164107845994
189.0512132895301	-6.627092679819725
191.23234683151895	-4.445959137830869
190.29888388443942	-5.379422084910402
191.45574530597105	-4.222560663378772
196.5803349717935	0.902029002443669
194.68210693151923	-0.9961990378305927
171.28088608548387	-24.39741988386595
166.29639823579055	-29.381907733559274
191.394129502547	-4.284176466802819
200.58707557504385	4.908769605694033
148.47117695233828	-47.20712901701154
194.15029994366432	-1.5280060256854995
204.5430078526988	8.864701883348971
205.05729881856496	9.378992849215138
211.92497649853613	16.246670529186304
189.53992216460756	-6.138383804742261
190.3919995317665	-5.286306437583335
198.79406887522828	3.115762905878455
213.53034561362438	17.852039644274555
204.26688997424571	8.588584004895893
191.1082585343538	-4.570047434996013
180.92965730481956	-14.748648664530265
188.17435780249798	-7.503948166851842
220.43428369966932	24.7559777303195
181.53158109999276	-14.146724869357058
204.1006920531363	8.422386083786478
189.7107989328215	-5.967507036528332
193.23705488802625	-2.4412510813235713
178.9854974838072	-16.692808485542628
178.53949132596972	-17.1388146433801
190.53770937448962	-5.140596594860199
206.08017387482687	10.401867905477047
198.07605036253517	2.3977443931853486
170.99139065827148	-24.686915311078337
188.74300247389328	-6.935303495456537
199.36042684246058	3.6821208731107617
198.274802515607	2.5964965462571854
196.3779254100573	0.6996194407074654
195.46518777868096	-0.21311819066886528
193.64070100474055	-2.0376049646092724
209.8482273764689	14.16992140711909
188.99401273618787	-6.684293233161952
182.2558798116952	-13.422426157654627
224.01314044020546	28.33483447085564
214.08772414837586	18.409418179026034
215.28695879087172	19.6086528215219
185.86462186437802	-9.813684104971799
195.06036865521673	-0.6179373141330871
204.13515736349655	8.456851394146724
218.57183895485286	22.893532985503043
205.45544893742772	9.777142968077897
191.2865160191286	-4.391789950221209
198.89537579994067	3.2170698305908445
164.96951673637022	-30.708789232979598
212.4126309855419	16.734325016192088
165.29418259597878	-30.38412337337104
196.4675549867825	0.7892490174326667
218.3611590366272	22.682853067277392
202.7997089609271	7.12140299157727
205.51937121477386	9.841065245424033
183.37214729213883	-12.306158677210988
197.50080258577873	1.8224966164289071
194.4642439944846	-1.214061974865217
173.1333207334601	-22.544985235889726
202.66550512811682	6.987199158766998
205.03256023823997	9.354254268890145
198.75527398381018	3.0769680144603626
194.04453163937433	-1.6337743299754948
197.22867820218244	1.5503722328326148
180.4193334740985	-15.258972495251328
192.08470097553982	-3.593604993810004
196.02845507086568	0.35014910151585354
188.73865312306225	-6.939652846287572
225.8966729466265	30.218366977276673
193.93415038726562	-1.744155582084204
182.14213769757043	-13.536168271779388
181.99491876189404	-13.68338720745578
188.54207564539865	-7.1362303239511675
197.26186506700105	1.5835590976512322
182.964323162646	-12.713982806703825
206.04226862334917	10.363962653999351
191.09007033997523	-4.588235629374594
199.36139556152193	3.6830895921721094
168.28510595318448	-27.393200016165338
189.26024572638562	-6.418060242964202
214.35804289239604	18.67973692304622
194.59795358288	-1.0803523864698263
183.71488931739646	-11.963416651953366
195.4133250649902	-0.26498090435961785
180.50875876313512	-15.169547206214702
187.54567890980616	-8.132627059543665
176.93761223543106	-18.74069373391876
197.69350518724968	2.0151992178998626
178.96678209539004	-16.711523873959777
198.1583585320186	2.4800525626687886
207.0936385174682	11.415332548118386
192.88142296849037	-2.7968830008594523
223.35230271107866	27.673996741728843
160.49311214273166	-35.18519382661816
183.0767209319747	-12.601585037375116
209.7778667419061	14.099560772556288
200.24611282967362	4.567806860323799
196.89757398536312	1.2192680160133023
222.9250778409023	27.246771871552482
181.8942708297327	-13.784035139617117
228.5072719334421	32.828965964092276
195.77201470995874	0.09370874060891765
213.3808228400012	17.70251687065138
204.97010092434357	9.291794954993748
193.44537561293328	-2.2329303564165457
196.283920122798	0.6056141534481867
178.35095355741214	-17.32735241193768
204.14201088602204	8.463704916672214
209.57836992724333	13.900063957893508
167.44772411990562	-28.230581849444206
179.4929217473109	-16.18538422203892
199.69211756266668	4.013811593316859
172.73731234038678	-22.940993628963042
177.16977531078737	-18.50853065856245
192.99462470872913	-2.6836812606206877
199.19376762658067	3.515461657230844
210.91757458735083	15.239268618001006
191.92435490827847	-3.753951061071348
215.09064491023008	19.41233894088026
181.6270032212342	-14.051302748115631
199.27752557968415	3.5992196103343304
213.43130166932679	17.752995699976964
172.63432498467228	-23.043980984677546
176.02544792756999	-19.652858041779837
197.6393359996364	1.9610300302865653
192.630794921879	-3.0475110474708345
225.95809105227818	30.279785082928356
179.913556691974	-15.764749277375813
156.90713828265143	-38.77116768669839
206.14376665590135	10.465460686551523
186.28996860577536	-9.388337363574465
211.48364918780862	15.805343218458802
217.24034450758336	21.562038538233537
178.66186624250986	-17.016439726839963
200.89950394300104	5.221197973651215
174.40200660079427	-21.276299368555556
183.07256927891044	-12.605736690439386
193.20477743293304	-2.4735285364167794
157.02944729993033	-38.648858669419496
192.49583324763444	-3.182472721715385
202.9433034375761	7.264997468226284
215.86113899968768	20.18283303033786
203.09737589575525	7.419069926405427
187.86878295706993	-7.809523012279897
164.4778687545172	-31.20043721483262
201.46031978290193	5.782013813552112
203.204593983648	7.5262880142981885
184.59227199846646	-11.086033970883364
205.1966625630448	9.518356593694989
196.04062007333414	0.3623141039843176
208.17273881809433	12.494432848744509
202.3123839701948	6.634078000844966
174.0278701704574	-21.65043579889243
211.6821377438646	16.003831774514765
182.573316523034	-13.104989446315813
210.86874192141295	15.190435952063126
190.8289115924099	-4.849394376939927
166.5243437588406	-29.153962210509235
220.0764507450258	24.398144775675974
208.69446321993746	13.01615725058764
169.73765733189066	-25.940648637459162
195.74077846309228	0.062472493742461666
196.37262052002984	0.6943145506800192
200.5151135885826	4.836807619232786
195.16774490131183	-0.5105610680379868
200.4398566393793	4.7615506700294645
207.28856851375713	11.610262544407306
205.95819435381418	10.279888384464357
165.87016185445464	-29.808144114895185
164.28271470076015	-31.39559126858967
226.68476213716713	31.006456167817305
202.1215265478686	6.443220578518776
171.5887674048463	-24.089538564503528
198.67876494875236	3.000458979402538
219.0703009196768	23.39199495032699
180.71667091266863	-14.961635056681189
202.87015526452888	7.191849295179054
189.51507814546494	-6.163227823884881
219.67149982304545	23.99319385369563
183.17007381660915	-12.508232152740675
190.20741571850613	-5.470890250843695
203.94332463219325	8.265018662843431
189.0704558719899	-6.607850097359915
207.91652251465712	12.238216545307296
178.37065743465791	-17.307648534691907
216.19834548752533	20.52003951817551
193.9458804546448	-1.732425514705028
210.70972833708583	15.031422367736013
202.01570552418707	6.337399554837248
188.29884149519785	-7.379464474151973
198.39908851053042	2.720782541180597
173.61826676108467	-22.060039208265152
211.01510548475198	15.336799515402163
177.74593249725694	-17.932373472092877
234.1135192540678	38.435213284717975
206.16393182792672	10.485625858576896
202.07191758870613	6.393611619356307
225.0868370019307	29.408531032580868
195.71455055959905	0.03624459024922544
186.67514975125232	-9.003156218097502
177.25551024154993	-18.422795727799894
189.01971344563935	-6.6585925237104675
187.59042450394736	-8.087881465402461
200.27082505030558	4.5925190809557535
168.49677436024558	-27.18153160910424
213.7352962506302	18.056990281280378
204.74861352829612	9.070307558946297
201.40758719904989	5.729281229700064
180.4097121828745	-15.268593786475321
181.92921720466074	-13.749088764689077
211.74679282093075	16.06848685158093
192.46723297096366	-3.2110729983861575
184.45085219723842	-11.227453772111403
187.34514747683352	-8.333158492516304
215.02837011425436	19.350064144904536
174.73367755121035	-20.944628418139473
190.09657317159872	-5.581732797751101
193.75714498833258	-1.9211609810172376
206.0202714520289	10.341965482679086
194.0245641651236	-1.6537418042262289
209.84638219732733	14.168076227977508
233.5610199001385	37.88271393078867
190.34916501601037	-5.329140953339447
215.76716666205988	20.088860692710057
178.98100974454246	-16.69729622480736
206.47263688797648	10.794330918626656
202.70804309721643	7.0297371278666105
197.84032872738953	2.1620227580397113
164.4481877300641	-31.23011823928573
188.11017192813233	-7.5681340412174904
215.48709482830964	19.808788858959815
215.29967734708998	19.62137137774016
214.96833589294693	19.290029923597103
171.84860816731089	-23.829697802038936
198.90503663072377	3.2267306613739493
206.35724729247158	10.678941323121762
204.94235733799724	9.264051368647415
186.6313267466685	-9.04697922268133
194.81542112438183	-0.8628848449679936
197.39076400977774	1.7124580404279186
191.04637913390616	-4.6319268354436645
196.22355640522028	0.5452504358704573
199.693877072772	4.0155711034221895
200.56032047751432	4.882014508164502
169.54266143634595	-26.13564453300387
197.62951042071927	1.951204451369449
203.4604214814808	7.782115512130986
183.49491760420278	-12.183388365147039
187.02645867965475	-8.65184728969507
220.24476600919206	24.56646003984224
163.28684515919667	-32.39146081015315
171.26526796205144	-24.413038007298383
191.43109898459988	-4.247206984749937
191.40309839114934	-4.2752075782004795
191.5622385020506	-4.116067467299217
187.7473965293575	-7.93090943999232
197.57752249844998	1.8992165291001584
176.78742783328426	-18.890878136065567
173.41589014897545	-22.262415820374372
199.82647296375944	4.148166994409621
203.4610738841111	7.78276791476128
184.61922479375426	-11.059081175595566
218.39779902240662	22.719493053056794
210.2722890823934	14.593983113043578
202.10853714571567	6.430231176365851
187.10764656181345	-8.570659407536368
186.55033656227897	-9.12796940707085
181.70193067416403	-13.97637529518579
192.76714048047143	-2.911165488878396
206.20123080626217	10.522924836912352
198.81234273864175	3.1340367692919244
223.36350558442064	27.685199615070815
185.92870888986	-9.749597079489831
181.49296413655793	-14.185341832791892
198.32501774791308	2.646711778563258
199.64201435909126	3.9637083897414414
223.32086876643552	27.642562797085702
176.97471351599233	-18.703592453357487
205.90896761033468	10.230661640984863
207.38590171339274	11.70759574404292
196.27179465987683	0.5934886905270105
194.41132689272126	-1.2669790766285587
170.85412251010712	-24.824183459242704
193.06790468029794	-2.610401289051879
179.43552349621314	-16.242782473136685
202.78698381478353	7.108677845433704
192.8389706684211	-2.839335300928724
212.61052644830852	16.932220478958698
199.46369097505521	3.7853850057053933
196.36893016174145	0.6906241923916241
168.65005602737256	-27.028249941977265
197.9522783817838	2.2739724124339773
188.69944306633988	-6.97886290300994
204.59664984625852	8.918343876908693
185.58906412959186	-10.08924183975796
231.76915325743676	36.090847288086934
182.22009651623011	-13.458209453119707
204.25436911579527	8.576063146445449
179.2864593813938	-16.391846587956024
193.69882414766062	-1.9794818216892054
182.68811302523682	-12.990192944113005
186.62645020180935	-9.051855767540474
208.45821439075553	12.779908421405707
200.24811089508694	4.569804925737117
212.51901874281157	16.840712773461746
226.00013477697212	30.321828807622296
205.55264374862463	9.87433777927481
185.45799051140784	-10.220315457941979
189.16614159025085	-6.5121643790989765
211.63534927281944	15.957043303469618
205.30407834868674	9.625772379336922
187.23226205302126	-8.446043916328563
205.4316593063686	9.75335333701878
178.33379998133933	-17.344505988010496
191.85786255997664	-3.8204434093731834
189.5335628865032	-6.144743082846617
187.63404981075655	-8.04425615859327
182.77279356791587	-12.905512401433953
209.51583153424872	13.837525564898897
220.47079188693897	24.792485917589147
197.62786952926763	1.9495635599178058
172.52605250870693	-23.152253460642896
201.35908534737246	5.680779378022635
192.9483897914197	-2.7299161779301357
198.97887015602828	3.300564186678457
208.88814113037552	13.209835161025694
197.7732432858029	2.09493731645307
174.1398593644044	-21.53844660494542
202.83878721913788	7.160481249788063
198.46863199433665	2.7903260249868254
190.05189347670466	-5.626412492645159
212.91320172652195	17.234895757172126
175.17460946641404	-20.50369650293578
218.4238094583534	22.745503489003568
210.5593001076959	14.880994138346068
214.86513765961718	19.186831690267354
183.07968639845058	-12.598619570899245
177.0010073187368	-18.67729865061301
217.0598266783636	21.381520709013785
190.189029826357	-5.489276142992821
182.46174908431476	-13.216556885035061
203.50904854174587	7.830742572396048
189.69637358590444	-5.981932383445383
189.52029077654606	-6.158015192803759
211.29438652744466	15.616080558094836
166.98715422670102	-28.6911517426488
202.39481075835374	6.7165047890039205
193.77215683862414	-1.9061491307256802
206.60637942600442	10.928073456654602
218.18211076079024	22.503804791440416
198.61049332057155	2.932187351221728
174.09478427398426	-21.58352169536556
186.48799586704263	-9.190310102307194
192.59679090629288	-3.0815150630569406
198.23946074514788	2.561154775798059
199.95747409277828	4.279168123428462
175.07365180775378	-20.604654161596045
184.83050439521594	-10.847801574133882
206.17659766473935	10.498291695389526
180.956017006818	-14.72228896253182
182.72481891027564	-12.953487059074178
192.59770690593905	-3.080599063410773
193.68083365104758	-1.9974723183022434
174.6560482288204	-21.022257740529426
212.91379481981676	17.235488850466936
191.9728567599559	-3.705449209393919
197.02192587954414	1.3436199101943203
213.9992873481824	18.320981378832585
195.40673513949332	-0.2715708298565005
193.84360481089243	-1.834701158457392
195.8972232944543	0.21891732510448492
189.10465758533974	-6.5736483840100846
192.23236802614338	-3.445937943206445
183.67212070090318	-12.006185268446643
200.47241087134535	4.794104901995524
214.7876730853659	19.109367116016074
199.02895358982187	3.3506476204720457
193.1308384688091	-2.5474675005407335
201.87876687229834	6.200460902948521
199.73796367436807	4.059657705018253
190.39002255410742	-5.288283415242404
188.75993858243237	-6.918367386917453
194.37811366820824	-1.3001923011415784
187.36023840622875	-8.318067563121076
203.98372087551252	8.305414906162696
192.83277613844984	-2.8455298308999772
194.419544529821	-1.2587614395288256
186.75862236058128	-8.919683608768537
197.01329307713968	1.334987107789857
209.47471039913216	13.796404429782342
192.5752418499178	-3.1030641194320197
185.99421274932683	-9.684093220022987
199.37017993221707	3.6918739628672483
184.50607577292612	-11.172230196423698
196.32306428027368	0.6447583109238622
184.04333120431465	-11.634974765035167
194.2322786168843	-1.446027352465535
216.6600356680574	20.981729698707568
210.3713356626613	14.693029693311473
187.8874983454807	-7.790807623869114
183.85927458510017	-11.819031384249655
173.3701560660047	-22.30814990334511
195.49040083364343	-0.18790513570638723
221.02729132563854	25.348985356288722
175.22464018081155	-20.453665788538274
171.81803091298877	-23.860275056361047
214.84345680472688	19.165150835377062
167.81260829483836	-27.865697674511466
215.64283453765165	19.96452856830183
196.55977440423158	0.8814684348817536
206.40617748931436	10.727871519964538
174.0751462959961	-21.60315967335373
181.64229184839132	-14.036014120958498
170.09357920815	-25.584726761199818
224.58982482071588	28.911518851366054
188.59617893375253	-7.082127035597296
181.89323621143558	-13.785069757914243
203.45710015902932	7.778794189679502
205.87804108996306	10.19973512061324
206.37408784049694	10.695781871147119
191.52500542296912	-4.153300546380706
184.8970362830628	-10.781269686287033
186.60681222381754	-9.07149374553228
166.19043223375775	-29.487873735592075
205.95628327542727	10.277977306077446
207.63042089907253	11.952114929722711
216.49139947451476	20.813093505164943
198.5576421180657	2.879336148715879
208.9987859795201	13.320480010170286
178.1119369595326	-17.56636900981721
172.04987108200476	-23.628434887345065
207.13008080548389	11.451774836134064
173.92291242701958	-21.75539354233024
214.99416840090998	19.315862431560163
174.82535659476525	-20.85294937458457
213.6731519351888	17.994845965838977
213.47683805453198	17.79853208518216
199.17841969008987	3.500113720740046
189.57227869881535	-6.106027270534469
199.4366722805098	3.758366311159989
208.6455000734677	12.96719410411788
213.1686272388979	17.490321269548076
198.70592730367935	3.027621334329524
201.5555969257839	5.877290956434081
198.83375999651616	3.1554540271663427
199.5959507798434	3.9176448104935844
205.13623294620993	9.457926976860108
208.03191211015292	12.353606140803095
199.5050098079446	3.826703838594767
206.3988033626747	10.720497393324877
179.04085285801193	-16.63745311133789
192.83976145947963	-2.8385445098701894
194.52429073664825	-1.1540152327015676
187.23041687388104	-8.447889095468781
177.67311382048138	-18.005192148868446
195.0847513795634	-0.5935545897864358
189.79277760606055	-5.885528363289268
204.31934578122673	8.641039811876908
199.28049104616002	3.6021850768102013
201.71507312287576	6.036767153525943
162.30072870737877	-33.377577261971055
183.13293299649013	-12.545372972859695
179.7858834753365	-15.892422494013317
189.96609264669678	-5.712213322653042
167.9965331155363	-27.681772853813527
215.79653137008745	20.11822540073763
199.11073456528538	3.432428595935562
216.9806355436267	21.302329574276882
181.16162268242078	-14.516683286929037
198.6831142995834	3.0048083302335726
186.6972260016737	-8.981079967676123
211.94672325268948	16.26841728333966
215.81395513311145	20.135649163761627
190.94528967673614	-4.733016292613684
213.7473544963068	18.069048526956976
195.3722039298757	-0.3061020394741263
189.23032746461922	-6.4479785047305995
171.02144071854855	-24.656865250801275
166.6375850386321	-29.040720930717725
211.4224353698355	15.74412940048569
188.78748447101907	-6.890821498330752
208.92886686996644	13.25056090061662
236.33326975948512	40.6549637901353
206.48648232145206	10.808176352102237
191.55927303557837	-4.11903293377145
206.40288252656137	10.724576557211549
194.39389653977196	-1.2844094295778632
175.2850895674219	-20.39321640192793
178.5888498679633	-17.08945610138653
158.26360854756422	-37.414697421785604
182.9937405900787	-12.684565379271135
188.29034049130132	-7.3879654780485
192.06149125792945	-3.616814711420375
186.66343945363587	-9.014866515713948
201.14927529930083	5.470969329951004
204.26833975785485	8.590033788505025
189.5045342646772	-6.1737717046726175
211.41870151804596	15.740395548696142
199.54711943188522	3.8688134625353996
192.31645547552307	-3.3618504938267506
198.96549260725442	3.287186637904597
188.08354862911074	-7.594757340239084
181.5367871411363	-14.14151882821352
219.35590829084867	23.677602321498853
212.39437689191254	16.71607092256272
191.33152521029479	-4.3467807590550365
200.3915524854565	4.713246516106665
176.77339129197026	-18.904914677379566
201.56621988568622	5.887913916336402
205.1226576996778	9.44435173032798
204.58781934609578	8.909513376745963
192.77873874934448	-2.8995672200053377
189.38723359077267	-6.291072378577155
189.9185792838398	-5.7597266855100315
198.64350884732812	2.9652028779782995
196.1305659664904	0.4522599971405725
177.52714697066222	-18.151158998687606
172.85837915671254	-22.819926812637277
173.50155918047312	-22.1767467888767
191.01665856990803	-4.66164739944179
188.50714904025153	-7.171156929098288
169.47274232679774	-26.20556364255208
199.1396643382286	3.4613583688787912
177.07079462978436	-18.607511339565463
202.75845602729532	7.080150057945502
216.66003566805375	20.98172969870393
208.39804837093834	12.719742401588519
208.6066972741355	12.928391304785691
178.66061415666263	-17.01769181268719
226.341822414146	30.663516444796187
213.08743935674056	17.40913338739074
200.9504440671153	5.272138097765492
186.7788092793562	-8.899496689993612
183.18248923624924	-12.495816733100582
221.24544421939027	25.567138250040443
210.4142360776641	14.735930108314278
187.75016429806328	-7.928141671286539
205.3576083135249	9.679302344175085
187.23292104556822	-8.445384923781603
192.9364356665683	-2.7418703027815354
182.95138054896498	-12.726925420384845
199.67048283724807	3.9921768678982517
216.3831269985385	20.70482102918868
198.8778465981086	3.1995406287587684
204.48923406061658	8.81092809126676
203.12465818732744	7.446352217977619
215.9361323518824	20.257826382532585
192.20192257034068	-3.476383399009137
174.42085378772208	-21.25745218162774
179.69292598622997	-15.985379983119856
199.78382955584675	4.105523586496929
217.99423198478507	22.315926015435252
203.98796478753138	8.30965881818156
178.41625971911708	-17.262046250232743
172.25705174980249	-23.421254219547336
210.31637568398946	14.638069714639641
213.61423800121338	17.935932031863558
201.69901347443601	6.020707505086193
217.19164495813675	21.513338988786927
185.53865119952388	-10.139654769825938
176.23798620479647	-19.44031976455335
181.12129233836276	-14.557013630987058
193.1452045064143	-2.5331014629355195
206.0169105900277	10.33860462067787
192.40502407424356	-3.2732818951062654
182.75361688471094	-12.924689084638885
185.24447692520334	-10.433829044146478
220.6733002975525	24.994994328202665
184.25519730913982	-11.423108660210005
182.05317370331431	-13.625132266035507
182.68547705503806	-12.992828914311758
199.89262922585476	4.21432325650494
177.616025295878	-18.062280673471832
202.21116271452047	6.532856745170648
199.1852007234338	3.506894754083987
184.69382275042153	-10.98448321892829
184.59556696121945	-11.082739008130375
215.05585010358845	19.377544134238633
197.35225907508357	1.6739531057337445
202.2132055914244	6.53489962207459
178.2168485734892	-17.461457395860634
212.1176659201583	16.439359950808466
228.5352791168225	32.85697314747267
182.2867865622884	-13.391519407061423
203.30660603038632	7.628300061036498
205.71113804682682	10.032832077476996
210.337529344848	14.659223375498186
207.26933911115066	11.591033141800835
181.38647094047883	-14.291835028870992
190.50472679736322	-5.173579171986603
177.14453589613186	-18.533770073217966
185.5157182587791	-10.162587710570733
194.89535692069558	-0.7829490486542454
207.57780034395546	11.899494374605638
178.62990510382951	-17.048400865520307
190.4370746221798	-5.2412313471700145
200.4728128568022	4.794506887452371
184.80499479360878	-10.873311175741037
190.2457031856611	-5.432602783688708
160.5055341522966	-35.17277181705322
202.75054811669906	7.072242147349243
205.56741177166623	9.889105802316408
192.42393716042898	-3.2543688089208445
176.61898933750388	-19.059316631845945
198.40956649207828	2.731260522728462
188.31050566333124	-7.36780030601858
184.67148290297337	-11.006823066376455
190.5661712627334	-5.112134706616416
203.36408797354125	7.685782004191424
198.6096629899621	2.9313570206122677
198.8611081873387	3.182802217988865
209.41922322642085	13.740917257071033
184.28162291039735	-11.396683058952476
216.86941737096458	21.191111401614762
216.7388511770314	21.06054520768157
164.61537413999758	-31.062931829352237
208.5499461537038	12.871640184353964
200.57778378008697	4.899477810737153
218.99438497792093	23.31607900857111
188.7590818921144	-6.9192240772354126
222.64461061162365	26.966304642273826
195.66057906975766	-0.017726899592162226
195.79359671597194	0.11529074662212224
170.18162061283147	-25.496685356518356
204.8352051493639	9.15689918001408
201.78723280710983	6.108926837760009
215.84071023064462	20.162404261294796
193.11528624463517	-2.56301972471465
211.37656289842562	15.698256929075797
212.46594348282815	16.78763751347833
187.40294112346965	-8.275364845880176
195.37556479187333	-0.30274117747649143
197.6864803266708	2.008174357320968
204.45290511931853	8.774599149968708
198.296351571993	2.6180456026431784
196.22882834562006	0.5505223762702371
221.24332885329204	25.56502288394222
213.49278567424494	17.81447970489512
220.14834683223307	24.470040862883252
183.77881159474782	-11.899494374602
200.52236250663373	4.844056537283905
190.98990347237486	-4.688402496974959
192.7776184620143	-2.900687507335533
214.46045033466726	18.782144365317436
197.13655104369172	1.458245074341903
195.3253495595709	-0.3529564097789262
182.95190774300863	-12.726398226341189
194.49452470215692	-1.1837812671928987
170.4815281223382	-25.196777847011617
211.625714801733	15.94740883238319
179.31143519904072	-16.366870770309106
191.58463765882516	-4.093668310524663
176.65938558082416	-19.018920388525657
187.78066906320328	-7.897636906146545
185.9507192410383	-9.727586728311508
221.7111476645514	26.03284169520157
194.27828947672515	-1.4000164926246725
193.8965219126585	-1.781784056691322
177.68728216031013	-17.99102380903969
198.2630724482151	2.5847664788652764
210.1878721367375	14.509566167387675
186.19375569347176	-9.484550275878064
173.30234573261987	-22.375960236729952
202.35001244480463	6.671706475454812
175.62028612798167	-20.05801984136815
193.19008189906162	-2.4882240702881973
224.6663602154706	28.988054246120782
184.12807764625177	-11.550228323098054
212.0367284551694	16.358422485819574
206.90848138069487	11.230175411345044
175.25994900165824	-20.41835696769158
171.13781880288116	-24.540487166468665
201.22596885226994	5.547662882920122
225.0392577398161	29.360951770466272
180.33630041280412	-15.3420055565457
193.07370381473083	-2.6046021546189877
201.24046668837036	5.5621607190205395
167.91864019613058	-27.75966577321924
197.36671078170548	1.6884048123556568
215.84143512242736	20.163129153077534
196.0623536476396	0.3840476782897895
179.1663250395286	-16.51198092982122
188.63242352400266	-7.045882445347161
195.36619391782006	-0.3121120515297662
173.5171773039101	-22.16112866543972
188.5663265712392	-7.111979398110634
224.7894666137363	29.111160644386473
196.11607472031028	0.4377687509604584
196.18830030379104	0.5099943344412168
206.55777872543695	10.879472756087125
183.77456109279774	-11.903744876552082
206.68137277818823	11.003066808838412
219.4512645128343	23.772958543484492
190.46205043982536	-5.21625552952446
194.2351122848487	-1.443193684501125
201.46706127668585	5.788755307336032
189.81538105051095	-5.862924918838871
179.1197738057981	-16.558532163551718
241.4598364029498	45.78153043359998
180.23013671298395	-15.448169256365873
197.1601825165344	1.4818765471845836
206.02633418349	10.348028214140186
178.15839593430428	-17.51991003504554
204.1981636412038	8.51985767185397
236.19956017108325	40.52125420173343
184.83919650694952	-10.839109462400302
195.5491566094015	-0.12914935994831467
189.30894527583587	-6.369360693513954
186.02907345523272	-9.649232514117102
209.9567634494524	14.278457480102588
187.11082949583079	-8.567476473519037
179.31591634838333	-16.362389620966496
178.5566910315256	-17.121614937824233
204.41061624939903	8.732310280049205
208.48826445103623	12.809958481686408
189.86065383869573	-5.817652130654096
213.64171799054748	17.963412021197655
209.05753516535242	13.379229196002598
192.97854529050983	-2.6997606788399935
186.126703201513	-9.551602767836812
194.36981036207362	-1.3084956072761997
191.7449771361662	-3.933328833183623
197.0415638575396	1.3632578881897643
187.64274851241498	-8.03555745693484
162.0624370013029	-33.615868968046925
199.16885770819135	3.490551738841532
193.8324678368008	-1.8458381325490336
190.74172687804457	-4.936579091305248
173.47842854196278	-22.199877427387037
207.74742502632944	12.069119056979616
209.98789030356056	14.30958433421074
191.52388513563892	-4.154420833710901
215.44610549170466	19.767799522354835
197.3512244567828	1.6729184874329803
185.3706739985173	-10.307631970832517
200.69416186442322	5.0158558950734005
193.69205629416865	-1.9862496751811705
193.3362464466336	-2.3420595227162266
199.67021594526614	3.9919099759163146
226.54202435083562	30.863718381485796
206.0488321891453	10.370526219795465
188.99533072128906	-6.682975248060757
174.738422297567	-20.93988367178281
193.92953743941325	-1.7487685299365694
190.69098445169948	-4.987321517650344
218.0342196527181	22.35591368336827
175.35207616012667	-20.32622980922315
214.2694083944225	18.591102425072677
206.56314951472268	10.88484354537286
201.53655204108873	5.858246071738904
204.98585084629303	9.307544876943211
175.1012635955958	-20.57704237375401
212.1288028942563	16.450496924906474
196.8554643614134	1.1771583920635749
217.09483895254476	21.41653298319494
190.2288988756345	-5.449407093715308
211.50043372805249	15.822127758702663
204.42577307805004	8.74746710870022
197.6229929843994	1.944687015049567
207.49180181618067	11.813495846830847
210.81813261155912	15.1398266422093
158.03974877833684	-37.63855719101298
205.8675828781943	10.189276908844477
188.37923858629438	-7.299067383055444
205.31369963991165	9.635393670561825
187.92084336851985	-7.757462600829967
161.3094391640425	-34.368866805307334
214.94577198803745	19.267466018687628
218.6487763350733	22.970470365723486
195.76035054182648	0.08204457247666141
197.4687887277032	1.7904827583533915
184.95583818829982	-10.72246778105
194.75255323510282	-0.9257527342469984
184.46792010428078	-11.210385865069043
214.59040366552654	18.912097696176716
186.9375605846617	-8.740745384688125
205.5840183839391	9.905712414589289
190.0992750410487	-5.579030928301108
195.72226077242522	0.04395480307539401
211.31514479276848	15.636838823418657
199.5686421285718	3.890336159221988
193.33644414441437	-2.3418618249354495
191.49647104556425	-4.181834923785573
193.74067017458674	-1.9376357947630822
188.43228089664444	-7.246025072705379
191.31112280094385	-4.3671831684059725
223.3085456057379	27.63023963638807
214.65979558103936	18.98148961168954
214.515608011101	18.837302041751173
213.1335556553895	17.45524968603968
190.38887590707236	-5.289430062277461
202.51680345920977	6.838497489859947
186.2056155823975	-9.472690386952308
180.45340338893584	-15.224902580413982
213.59717009416636	17.918864124816537
189.22986616982962	-6.448439799520202
204.85965377296998	9.181347803620156
213.7928249822653	18.11451901291548
193.0336370676887	-2.6446689016611344
185.66010352648118	-10.018202442868642
209.21088932166276	13.53258335231294
181.61593873631318	-14.062367233036639
209.78575488273054	14.107448913380722
236.58961786142936	40.91131189207954
185.4674141048647	-10.21089186448512
186.26426789632387	-9.41403807302595
215.31832683625544	19.640020866905616
201.49345392831674	5.815147958966918
187.17492970117019	-8.503376268179636
185.83130979097405	-9.846996178375775
174.77842314535337	-20.89988282399645
209.61209980192416	13.933793832574338
193.29637739737475	-2.3819285719750667
154.80659952952192	-40.8717064398279
206.1846900932578	10.506384123907992
191.25758624618584	-4.420719723163984
194.73573969918834	-0.9425662701614783
194.01026402679145	-1.668041942558375
206.5755385746579	10.89723260530809
186.88161211716397	-8.796693852185854
191.69014895599685	-3.988157013352975
177.25294017060514	-18.42536579874468
176.66452572270282	-19.013780246647002
192.65036700060955	-3.0279389687402727
169.8175931282076	-25.86071284114223
181.5404774994131	-14.137828469936721
181.62423545252022	-14.054070516829597
180.89611458402214	-14.782191385327678
208.01438290832812	12.336076938978294
189.55651559701982	-6.121790372329997
198.43684878365457	2.7585428143047466
194.28300786338514	-1.3952981059646845
188.27498596488658	-7.4033200044632395
173.76337692058587	-21.914929048763952
203.98075540903346	8.302449439683642
194.43452343047986	-1.243782538869965
185.9321356511282	-9.74617031822163
203.81976352907077	8.141457559720948
195.6341534685016	-0.044152500848213094
189.58754755619884	-6.090758413150979
206.22469094104235	10.546384971692532
217.38967221941346	21.711366250063634
193.88854810280645	-1.7897578665433684
190.08253663028154	-5.595769339068283
208.24766627102872	12.569360301678898
204.92627791977247	9.247971950422652
186.37060952411866	-9.307696445231159
224.0286926643912	28.35038669504138
178.55220988218207	-17.126096087167753
192.02135861163697	-3.656947357712852
204.40626689856867	8.727960929218852
201.82710185637916	6.148795887029337
192.66921418753554	-3.009091781814277
187.79187852647738	-7.886427442872446
202.7372562369601	7.058950267610271
182.63407563614055	-13.04423033320927
178.3223071512657	-17.355998818084117
177.1019649774007	-18.57634099194911
169.11444807736189	-26.563857891987936
196.39917791979497	0.7208719504451437
156.95998948516353	-38.71831648418629
200.66640509821264	4.988099128862814
200.38799392568762	4.7096879563378025
211.99127114906867	16.312965179718844
189.50842232071955	-6.169883648630275
189.36548683662477	-6.312819132725053
202.41353932662605	6.735233357276229
208.1347149479625	12.456408978612671
199.3292564948606	3.6509505255107797
162.25137016538065	-33.42693580396917
222.9828714875439	27.304565518194067
179.67737376205332	-16.0009322072965
197.43715708530044	1.7588511159506197
197.06495809306216	1.386652123712338
186.80174222010464	-8.876563749245179
191.5887959018146	-4.08951006753523
198.85069610505116	3.1723901357013347
199.11923556917827	3.4409295998284506
219.83697285234848	24.15866688299866
201.4377888276158	5.759482858265983
180.8568386280449	-14.821467341304924
218.9574813951167	23.27917542576688
175.20452772817953	-20.473778241170294
189.08080205502847	-6.597503914321351
211.50111249037582	15.822806521025996
190.74390155345827	-4.934404415891549
171.45982892251232	-24.218477046837506
211.01207411902578	15.333768149675961
212.71484496897028	17.03653899962046
202.42184263275703	6.7435366634072125
195.76502938892918	0.08672341957935714
197.31965871363354	1.6413527442837221
182.04783586366102	-13.6304701056888
172.94154731148592	-22.736758657863902
173.90288564342336	-21.77542032592646
213.54550507824388	17.867199108894056
180.97216232429673	-14.70614364505309
184.17229604636668	-11.50600992298314
194.368690074735	-1.309615894614808
194.8398038487212	-0.8385021206286183
227.23047386782127	31.552167898471453
189.09641358853378	-6.581892380816043
214.28871687613423	18.61041090678441
165.42250821523703	-30.25579775411279
198.22419188776985	2.5458859184200264
194.9493943097914	-0.7289116595584346
197.88896896750475	2.2106629981549304
198.06939453776977	2.3910885684199457
189.69175404812813	-5.9865519212216896
178.62555575300212	-17.052750216347704
212.79820752654632	17.1199015571965
210.70030474362284	15.021998774273015
193.1634586000473	-2.5148473693025153
212.42244997453963	16.74414400518981
186.6797626990974	-8.998543270252412
203.2308284770602	7.552522507710364
189.05826450981522	-6.620041459534605
174.23290911246295	-21.445396856886873
162.5971435563697	-33.08116241298012
206.98510244448698	11.306796475137162
192.12604616812678	-3.5522598012230446
204.56778597257653	8.889480003226709
204.10892946000604	8.430623490656217
193.80577863852886	-1.872527330820958
198.36653427856436	2.688228309214537
203.24616982362386	7.567863854274037
201.69179750601324	6.013491536663423
219.6293242998454	23.95101833049557
199.23396617213018	3.555660202780359
181.15687793606048	-14.52142803328934
176.07841774874214	-19.59988822060768
192.34564884549036	-3.3326571238594624
190.40632602979713	-5.271979939552693
178.98522070693798	-16.69308526241184
203.13467487408707	7.456368904737246
197.4397271562484	1.7614211868985876
188.95024245101922	-6.7280635183306
202.09913398101344	6.420828011663616
187.35424157402667	-8.324064395323148
194.42444084446106	-1.2538651248887618
216.78735302871792	21.109047059368095
202.13363224101158	6.455326271661761
182.06529916623185	-13.613006803117969
192.68371202363778	-2.9945939457120403
202.05457949471565	6.376273525365832
195.61306570689885	-0.06524026245097048
183.93986937396767	-11.738436595382154
194.2960690957243	-1.3822368736255157
193.46909934473297	-2.2092066246168542
221.10494700773052	25.426641038380694
203.09262455947282	7.414318590123003
201.0895178548667	5.411211885516877
210.48059662745436	14.802290658104539
186.26209322091017	-9.416212748439648
190.59873208461977	-5.079573884730053
215.3116710114955	19.63336504214567
200.30575165544724	4.627445686097417
204.92713461009043	9.248828640740612
188.28190538665513	-7.396400582694696
184.6521612414108	-11.026144727939027
181.72889005938669	-13.949415909963136
194.25884260657585	-1.4194633627739677
171.52529324242823	-24.153012726921588
194.2508622067944	-1.4274437625554128
207.88212310354538	12.20381713419556
179.54043511016425	-16.13787085918557
212.02250739593728	16.34420142658746
171.43719252841993	-24.241113440929894
187.2424764375446	-8.435829531805211
191.13850629240187	-4.5397996769479505
197.28512750401296	1.6068215346631405
202.846036137189	7.167730167839181
203.88434479897842	8.206038829628596
184.5798829385294	-11.098423030820413
218.1277438754114	22.449437906061576
194.38507921945393	-1.2932267498958936
212.29328743474616	16.61498146539634
203.90174220227345	8.223436232923632
202.5081047575477	6.829798788197877
186.65287580306176	-9.02543016628806
165.75279528129613	-29.92551068805369
202.07481715593167	6.396511186581847
197.74147984489173	2.0631738755419065
157.34029408576498	-38.33801188358484
188.69001947287325	-6.988286496476576
193.58028456776447	-2.098021401585356
208.88655954825526	13.208253578905442
188.52059248827027	-7.157713481079554
190.60626436946768	-5.072041599882141
188.79196562035577	-6.886340348994054
195.51689233415163	-0.16141363519818697
219.89766606620492	24.219360096855098
179.6105189678583	-16.067787001491524
185.27861471626784	-10.399691253081983
223.14089790103026	27.462591931680436
204.3120968631738	8.63379089382397
189.95745984429232	-5.720846125057506
195.83804576346665	0.15973979411683104
211.27494624721749	15.596640277867664
237.9262524505957	42.24794648124589
224.67595514700224	28.99764917765242
192.10436531323649	-3.5739406561133364
206.01183634738481	10.333530378034993
173.27045049318986	-22.407855476159966
203.0614608017786	7.383154832428772
204.45173738452104	8.773431415171217
211.56204030558183	15.88373433623201
199.26223695252474	3.5839309831749233
162.42646448592222	-33.2518414834276
185.01837658129443	-10.659929388055389
185.3085310010647	-10.369774968285128
181.65369241950975	-14.024613549840069
160.23491886164993	-35.44338710769989
211.71146291234072	16.0331569429909
208.56971593021808	12.891409960868259
235.9024797396196	40.22417377026977
210.44903088430328	14.770724914953462
189.61150852531614	-6.066797444033682
218.6136849817849	22.935379012435078
207.14352425350808	11.465218284158254
198.49859638558337	2.820290416233547
234.2805738654788	38.60226789612898
178.20017606197507	-17.47812990737475
213.4087114047161	17.730405435366265
192.06221614973674	-3.61608981961308
194.4490871658345	-1.229218803515323
192.392569115058	-3.2857368542918266
198.58966915599376	2.911363186643939
203.6929733624495	8.014667393099671
184.17657949792374	-11.501726471426082
203.0973758957589	7.419069926409065
197.29119023547446	1.612884266124638
183.50348450735487	-12.174821461994952
188.1763216002987	-7.501984369051115
208.94323290755437	13.264926938204553
207.8943803649745	12.216074395624673
206.6537741701959	10.97546820084608
202.25992816322105	6.581622193871226
169.01204063509067	-26.66626533425915
199.218611645716	3.540305676366188
185.91289306866565	-9.765412900684169
221.48662890276682	25.808322933417003
198.1625101850832	2.484204215733371
196.32958830651398	0.6512823371641616
193.66968349709896	-2.008622472250863
173.4299925895466	-22.24831337980322
226.11532667469874	30.437020705348914
184.93283934830652	-10.745466621043306
193.6471459518889	-2.031160017460934
184.935673016269	-10.742632953080829
197.03266745810834	1.3543614887585136
193.19370635808446	-2.4845996112653665
200.7840484482408	5.105742478890988
205.74402177506272	10.065715805712898
202.0013394865964	6.323033517246586
177.12199835090723	-18.556307618442588
220.4947462661312	24.816440296781366
176.48613643942417	-19.19216952992565
181.35009455171894	-14.328211417630882
210.12247371607737	14.444167746727544
178.36657168085367	-17.311734288496154
191.61739617848798	-4.060909790861842
169.66470685660897	-26.01359911274085
178.31543385898112	-17.3628721103687
214.43705609913013	18.75875012978031
218.6313459821249	22.95304001277509
210.9320065241991	15.253700554849274
213.45700237877895	17.77869640942913
194.25373805028266	-1.424567919067158
182.7868301092385	-12.891475860111314
219.05672567314832	23.3784197037985
155.15652457357464	-40.52178139577518
174.70936072612676	-20.96894524322306
198.8655893366813	3.1872833673314744
176.32039981309936	-19.357906156250465
180.17721104432712	-15.501094925022699
203.72076966820805	8.042463698858228
200.1271646744135	4.448858705063685
179.2040194133897	-16.474286555960134
192.22030846246344	-3.457997506886386
190.41704124865646	-5.261264720693362
192.03737213059503	-3.6409338387547905
199.74927198652767	4.070966017177852
197.25026679812254	1.571960828772717
192.3708882601561	-3.3074177091937145
187.90957459590936	-7.76873137344046
193.94067441350853	-1.7376315558412898
209.99254674492113	14.314240775571307
205.12410748328148	9.445801513931656
205.2843349318914	9.606028962541586
197.03747810372442	1.359172134374603
184.74262114874637	-10.935684820603456
211.59258065632093	15.914274686971112
181.26897256881057	-14.409333400539253
144.2525043450005	-51.42580162434933
207.1324729484386	11.454166979088768
211.69722867326163	16.018922703911812
158.18526619524164	-37.49303977410818
200.0639013895982	4.3855954202483645
194.99236062405544	-0.6859453452943853
200.76368557844398	5.085379609094161
193.22540389974165	-2.4529020696081716
209.58028100564115	13.901975036291333
205.91338286042446	10.235076891074641
220.2968376235167	24.618531654166873
203.14937040795485	7.471064438605026
203.6451305033188	7.966824533968975
203.37540485260342	7.697098883253602
183.32430443300836	-12.354001536341457
184.85521002591668	-10.823095943433145
166.64368730964497	-29.034618659704847
217.78605623824023	22.107750268890413
187.59806881752593	-8.080237151823894
206.53296765593404	10.854661686584222
212.07759917311705	16.39929320376723
181.53797332772592	-14.1403326416239
197.39676084199164	1.7184548726418143
203.8093514467837	8.131045477433872
220.49491101427702	24.8166050449272
215.13440860547598	19.45610263612616
209.10916723164337	13.430861262293547
190.28385885430907	-5.394447115040748
210.51112775229376	14.832821782943938
204.16367197113868	8.485366001788861
206.117604651663	10.439298682313165
186.69030657990152	-8.987999389448305
219.82260681475964	24.144300845409816
179.94736959971533	-15.730936369634492
201.2226738895224	5.54436792017259
204.33213023669668	8.653824267346863
209.0811600482666	13.40285407891679
204.2067239544267	8.528417985076885
206.06007460205365	10.381768632703825
196.7750672703155	1.0967613009656816
209.0435974729196	13.365291503569779
201.5225813990246	5.844275429674781
201.645549408855	5.967243439505182
170.52047458204834	-25.157831387301485
185.20711204761028	-10.471193921739541
179.81385111916097	-15.86445485018885
196.3757705044186	0.6974645350687751
167.2034355816213	-28.474870387728515
231.79406976575046	36.11576379640064
175.0089387393491	-20.669367230000717
237.50693549102652	41.8286295216767
181.98701085129142	-13.691295118058406
164.7873052962932	-30.891000673056624
207.0674765132353	11.389170543885484
185.83763611945687	-9.840669849892947
199.55535683876656	3.8770508694167347
215.30639907110162	19.6280931017518
189.83831399124938	-5.839991978100443
190.8821581904558	-4.79614777889401
192.82427513455332	-2.8540308347965038
199.971181137822	4.292875168472165
225.88454748369986	30.20624151435004
201.5295008207977	5.851194851447872
194.9936654293051	-0.6846405400447111
216.22813195078197	20.54982598143215
196.39271979280784	0.7144138234580169
194.91347921581894	-0.7648267535308833
174.5630643800141	-21.11524158933571
190.16385631094454	-5.514449658405283
211.6176882724685	15.939382303118691
195.59718398645418	-0.08112198289563821
200.5617175417201	4.883411572370278
218.29466668833265	22.616360718982833
157.2839370428892	-38.39436892646063
217.14933763642966	21.471031667079842
185.42952203323512	-10.248783936114705
185.87401250821677	-9.804293461133057
202.03040105805485	6.352095088705028
210.5771653957254	14.898859426375566
193.98238864192535	-1.6959173274244677
191.80215791972842	-3.8761480496214062
161.3179072183102	-34.36039875103961
204.06036170907464	8.38205573972482
162.31175892468127	-33.36654704466855
181.16610383176157	-14.512202137588247
177.97256003520306	-17.705745934146762
189.62657968493477	-6.051726284415054
221.52597075798258	25.847664788632756
193.2797707851205	-2.398535184229331
207.39796127705995	11.719655307710127
222.64948715649552	26.971181187145703
203.50291991102995	7.824613941680127
181.90753634976863	-13.770769619581188
198.5692403869457	2.890934417595872
202.7765783224313	7.098272353081484
172.48532676911896	-23.192979200230866
188.6444830876717	-7.033822881678134
202.4348906852465	6.756584715896679
215.58712989739797	19.90882392804815
170.27737223034637	-25.40093373900345
184.30677995099177	-11.371526018358054
192.0997194157544	-3.5785865535954144
188.2472423785366	-7.43106359081321
221.17742959830503	25.499123628955203
218.55266227164975	22.87435630229993
204.67841105194566	9.000105082595837
220.17543142603063	24.497125456680806
230.50968669587542	34.831380726525595
204.11960513931626	8.441299169966442
199.57070477525485	3.8923988059050316
188.57751626474055	-7.100789704609269
205.76405514859107	10.085749179241247
197.97977155097215	2.301465581622324
215.90265553034078	20.22434956099096
175.0052483810614	-20.67305758828843
195.5194228655455	-0.15888310380432813
201.7979743856631	6.119668416313289
193.03581174310602	-2.642494226243798
189.40715493556127	-6.271151033788556
189.8064846510897	-5.8718213182601176
177.3625306316717	-18.315775337678133
176.30899924199184	-19.36930672735798
208.53644339636503	12.858137427015208
178.5247298928498	-17.15357607650003
219.30740643917034	23.629100469820514
202.92669682530732	7.248390855957496
189.5032030997245	-6.175102869625334
197.25995398860687	1.5816480192570452
188.1565650036482	-7.5217409657016105
215.49487094040524	19.816564971055413
187.49364485805154	-8.184661111298283
151.9325353212107	-43.745770648139114
214.7678044599852	19.08949849063538
206.96935252253752	11.291046553187698
222.29324237388983	26.614936404540003
185.8283001719983	-9.850005797351514
210.21357284619444	14.535266876844616
200.58298982123597	4.904683851886148
191.79848733123436	-3.8798186381154665
213.51229185372358	17.83398588437376
214.5396612391778	18.861355269827982
169.9284356751159	-25.749870294233915
206.9945919372076	11.316285967857766
178.1978695880607	-17.48043638128911
206.32285447128788	10.644548501938061
192.09549527350998	-3.5828106958398394
177.29001509146838	-18.388290877881445
207.70622481209875	12.027918842748932
193.87859731529807	-1.7997086540517557
223.69648793000943	28.018181960659604
220.57135415006996	24.893048180720143
209.26475537270017	13.586449403350343
201.6560932896573	5.9777873203074705
191.49462586640584	-4.183680102943981
175.4571854718597	-20.22112049749012
196.09294408180995	0.41463811246012483
180.76306398817906	-14.915241981170766
195.31882553332616	-0.3594804360236594
173.05779359730514	-22.620512372044686
167.54822048377537	-28.130085485574455
228.66503474991623	32.98672878056641
188.50985090970516	-7.168455059644657
200.5172223647496	4.838916395399792
210.05409664908984	14.375790679740021
229.50248248245498	33.82417651310516
165.4392347641442	-30.23907120520562
194.29323542776	-1.385070541589812
190.60248175222978	-5.075824217120044
193.5004805699591	-2.177825399390713
188.0211420346277	-7.657163934722121
195.07783195778984	-0.6004740115599816
178.8981809709294	-16.780124998420433
227.01597179279634	31.337665823446514
184.24650519740499	-11.431800771944836
191.43521768803748	-4.243088281312339
198.44805165699654	2.7697456876467186
171.14968066877736	-24.528625300572457
187.05736543024796	-8.620940539101866
236.47515085549458	40.796844886144754
224.8046563920143	29.126350422664473
172.93344170312048	-22.744864266229342
214.74104936245567	19.062743393105848
196.79681402446295	1.118508055113125
188.30879228269987	-7.369513686649952
200.9824711050387	5.304165135688891
195.76825845243002	0.08995248308019654
175.0309029610362	-20.64740300831363
228.39847226344136	32.72016629409154
202.09610261529087	6.417796645941053
194.6288603334733	-1.0494456358765092
164.46850447038196	-31.209801498967863
208.96102570641233	13.282719737062507
179.68389778829896	-15.994408181050858
176.10649083136866	-19.57181513798116
190.5771105390595	-5.101195430290318
214.7674090644541	19.089103095104292
217.79105140176853	22.112745432418706
185.21093420440593	-10.467371764943891
208.2741182319878	12.595812262637992
187.34765164852433	-8.330654320825488
197.1253218106358	1.4470158412859746
200.46371216968691	4.785406200337093
202.5925876024603	6.914281633110477
189.34215850035253	-6.3361474689972965
210.9169814940542	15.238675524704377
198.60258540997893	2.924279440629107
191.9240913112517	-3.7542146580981353
192.2232080296999	-3.4550979396499315
207.10503908858664	11.426733119236815
220.4303099745921	24.75200400524227
194.89674080505938	-0.7815651642904413
205.58164601074986	9.903340041400043
205.1004101111862	9.422104141836371
217.0137828688964	21.33547689954659
212.26211708711344	16.583811117763616
203.27247021629591	7.594164246946093
193.67220084863766	-2.0061051207121636
185.05383038048603	-10.624475588863788
197.48803131015302	1.8097253408031975
183.4951153019647	-12.183190667385134
191.1646682966384	-4.513637672711411
170.23908476319775	-25.43922120615207
179.27729279502455	-16.40101317432527
180.01603003349555	-15.662275935854268
184.2885423321677	-11.389763637182114
183.17102276587684	-12.50728320347298
200.75702975368768	5.078723784337853
202.90951029960615	7.2312043302563325
203.80190483096612	8.123598861616301
187.77698529485133	-7.901320674498493
173.5092693933093	-22.169036576040526
192.82803139208772	-2.8502745772620983
196.75971274389667	1.0814067745468492
187.301258573003	-8.377047396346825
181.37012792524183	-14.30817804410799
193.37640545264549	-2.301900516704336
183.5727446243609	-12.105561344988928
197.26828365443635	1.5899776850865237
201.27618408457784	5.5978781152280135
204.10115334792135	8.422847378571532
183.5110629216797	-12.167243047670127
207.99546982214815	12.31716385279833
189.26439737945518	-6.413908589894646
209.39520953789815	13.716903568548332
210.8276880035337	15.149382034183873
210.0407849995754	14.362479030225586
167.03725084035523	-28.641055128994594
192.88154158715042	-2.796764382199399
210.4237914696398	14.745485500289988
211.72167729686407	16.04337132751425
189.48166722319002	-6.196638746159806
172.84315972377226	-22.835146245577562
206.753202966137	11.074896996787174
209.86246161555027	14.184155646200452
195.9969288672728	0.31862289792297815
192.0073220703207	-3.6709838990291246
196.2588784059044	0.5805724365545757
212.01354509726298	16.335239127913155
219.1977105392998	23.519404569949984
171.49329981312076	-24.185006156229065
205.6923567591548	10.014050789804969
182.59651306079468	-13.081792908555144
181.5108887339229	-14.16741723542691
196.65252760564	0.9742216362901672
226.29114588705124	30.61283991770142
201.8701340698899	6.191828100540079
175.56341507091565	-20.11489089843417
209.00259495645923	13.324288987109412
204.44758573145418	8.769279762104361
207.44264097195264	11.76433500260282
220.47882500612468	24.80051903677486
199.8646879417347	4.186381972384879
192.0259056602299	-3.652400309119912
193.62369899696205	-2.0546069723877736
194.14344642114884	-1.5348595482009841
201.13173291761996	5.453426948270135
196.5026397501424	0.8243337807925855
209.6475641449979	13.969258175648065
173.96871899916903	-21.709586970180794
203.74979829003678	8.071492320686957
189.1650213029152	-6.513284666434629
195.43948706923402	-0.23881890011580253
205.85361223613654	10.17530626678672
182.70695362224433	-12.971352347105494
199.32941465307158	3.651108683721759
202.65479649917688	6.9764905298270605
215.43880121827715	19.760495248927327
224.67654824029887	28.99824227094905
184.43332299541362	-11.244982973936203
209.0464970401299	13.368191070780085
195.68621387995518	0.007907910605354118
206.6060499297273	10.927743960377484
212.22448861251905	16.54618264316923
204.0189110776828	8.340605108332966
200.03576240771872	4.357456438368899
158.07976280596995	-37.59854316337987
193.2055023247267	-2.472803644623127
213.9397144216564	18.26140845230657
192.57398976406694	-3.1043162052828848
192.8348190153556	-2.8434869539942156
191.0198217341458	-4.658484235204014
215.3234076688159	19.645101699466068
194.2290495533889	-1.4492564159609174
194.31208261469146	-1.3662233546583593
174.194753443815	-21.483552525534833
239.29952702553783	43.621221056188006
188.28869300992665	-7.389612959423175
201.32429054073145	5.645984571381632
226.3465012612578	30.668195291907978
164.316323320807	-31.361982648542835
193.96973598496515	-1.708569984384667
182.21996471771854	-13.458341251631282
162.21532327290333	-33.46298269644649
190.67536632825943	-5.002939641090393
178.87590702274247	-16.802398946607354
202.60885153859363	6.9305455692438045
177.93387717252335	-17.74442879682647
199.6953927556351	4.01708678628529
163.7075460031192	-31.970759966230617
184.9323121542693	-10.74599381508051
238.43973944555182	42.761433476202
210.877969135101	15.19966316575119
194.54489150275367	-1.1334144665961503
174.04335385941158	-21.63495210993824
205.04010570293667	9.36179973358685
192.115858143301	-3.5624478260488104
198.91751794961965	3.239211980269829
209.2924989590465	13.614192989696676
195.03099076733542	-0.6473152020143971
173.46393070587146	-22.21437526347836
184.5252722259047	-11.153033743445121
206.18745786196632	10.5091518926165
202.04160393140046	6.363297962050638
194.50609002140664	-1.1722159479431866
193.08536798286696	-2.592937986482866
183.07968639844694	-12.598619570902883
202.73670927314382	7.058403303793995
189.67778340607038	-6.000522563279446
167.1173184351801	-28.560987534169726
219.82695616557612	24.1486501962263
190.57361787853733	-5.104688090812488
178.05746463534706	-17.620841334002762
196.86831471613914	1.1900087467893172
185.37614363669127	-10.302162332658554
184.51484037383852	-11.163465595511298
180.10668104867705	-15.571624920672775
198.37108132716094	2.692775357811115
191.42681553302555	-4.251490436324275
186.2105600035029	-9.467745965846916
203.5569573001294	7.878651330779576
213.85859243875166	18.180286469401835
203.97798764032268	8.29968167097286
191.5790428120672	-4.099263157282621
182.38873270977638	-13.289573259573444
216.56547023713392	20.8871642677841
181.73640916438126	-13.941896804968565
193.88492364377817	-1.793382325571656
189.70828817120855	-5.970017798141271
204.52923490840112	8.8509289390513
209.02969273011695	13.351386760767127
188.30628811101633	-7.372017858333493
187.71879625268411	-7.959509716665707
203.86052221828686	8.182216248937038
211.36694160719708	15.688635637847256
194.31043513331315	-1.3678708360366727
169.33409029428003	-26.34421567506979
215.55566959306225	19.877363623712426
194.57482294437796	-1.1034830249718652
204.22994685189133	8.551640882541506
215.04464723023557	19.366341260885747
198.48792070627496	2.809614736925141
213.0681308750245	17.389824905674686
219.65186184505433	23.973555875704506
202.13906892955129	6.460762960201464
183.03533619984228	-12.642969769507545
194.08957378018204	-1.5887321891677857
189.07816608482244	-6.60013988452738
186.06899522390995	-9.60931074543987
212.34785201786872	16.669546048518896
185.53687191963445	-10.141434049715372
204.4664988176446	8.788192848294784
224.18375361140443	28.505447642054605
184.9205649530677	-10.757741016282125
186.75264727512695	-8.925658694222875
190.81005781555314	-4.868248153796685
202.59225810618955	6.913952136839725
213.18833111614367	17.51002514679385
193.91312852491683	-1.765177444432993
200.6756441737653	4.997338204415485
182.72378429197124	-12.95452167737858
207.2316974566952	11.55339148734538
233.28874394825743	37.61043797890761
186.46671040768706	-9.211595561662762
184.6069016330748	-11.071404336275009
205.44345527301266	9.765149303662838
176.61681466208393	-19.061491307265896
163.09527602492017	-32.583029944429654
200.17204206705537	4.4937360977055505
175.85791884150967	-19.82038712784015
203.19207312519939	7.513767155849564
185.1945911891671	-10.483714780182709
192.16172402478333	-3.5165819445664965
165.64511589862923	-30.033190070720593
204.53753821452847	8.859232245178646
193.83134754945786	-1.846958419891962
167.20350148087164	-28.474804488478185
145.98822482245305	-49.69008114689677
196.53150362383894	0.8531976544891222
205.72893084567295	10.050624876323127
185.814703178723	-9.863602790626828
203.23642332379677	7.558117354446949
203.8117238199593	8.133417850609476
211.5802574956324	15.901951526282573
204.73444518847828	9.056139219128454
152.70830201006174	-42.97000395928808
193.25940791531684	-2.4188980540329794
181.63835041394668	-14.03995555540314
194.5234347053256	-1.154871264024223
208.15955896709585	12.481252997746026
211.9861310071865	16.307825037836665
190.00169142424602	-5.676614545103803
170.84087675985938	-24.837429209490438
163.56790548177378	-32.110400487576044
190.11219129502751	-5.566114674322307
201.8294742295604	6.151168260210568
191.85562198530988	-3.8226839840399407
179.02361361289877	-16.65469235645105
182.53153639535958	-13.146769573990241
211.26044841111434	15.582142441764518
192.5841382493345	-3.094167720015321
206.46680480391296	10.788498834563143
166.75499115134517	-28.923314818004656
226.44324136759315	30.764935398243324
179.450344238654	-16.227961730695824
188.3248717009228	-7.353434268427009
191.43782729853592	-4.2404786708139
215.72644092247356	20.048134953123736
198.99243222270434	3.314126253354516
230.88399446427138	35.20568849492156
192.67411709211228	-3.0041888772375387
203.65000704818976	7.971701078839942
210.41708951540568	14.738783546055856
170.793626994011	-24.88467897533883
189.0121350313202	-6.666170938029609
183.53711816912255	-12.141187800227272
192.42295526152884	-3.2553507078209805
194.27871123195655	-1.3995947373932722
206.37586383201779	10.697557862667963
191.44539912293436	-4.23290684641546
206.54265484641655	10.864348877066732
206.84308954996231	11.164783580612493
184.3962876140945	-11.282018355255332
176.03686826846206	-19.641437700887764
188.68255308728294	-6.995752882066881
203.49777976913174	7.8194737997819175
177.24602074882932	-18.432285220520498
186.87462679612509	-8.803679173224737
182.88462460364462	-12.793681365705197
193.20616131727866	-2.472144652071165
222.38714222233978	26.708836252989954
197.34621611340117	1.6679101440513477
205.8965785503824	10.21827258103258
206.3757320335062	10.697426064156389
190.01466039762886	-5.663645571720963
202.30085160057934	6.622545631229514
201.9508606572699	6.272554687920092
204.17047936417657	8.49217339482675
204.89227390419376	9.213967934843936
189.26176140925236	-6.4165445600974635
205.1213858440542	9.443079874704381
207.1488620931559	11.470556123806091
200.31352776754284	4.635221798193015
189.8887269213301	-5.789579048019732
205.96649765994516	10.28819169059534
202.27020844700746	6.591902477657641
195.178262422407	-0.5000435469428339
198.2646540303358	2.5863480609859835
170.0668900098717	-25.61141595947811
186.03276381351316	-9.645542155836665
204.75899266095712	9.080686691607298
205.39824838408458	9.71994241473476
212.7253229505152	17.04701698116537
193.56966160785305	-2.108644361496772
197.72586172146111	2.0475557521112933
203.55530981875563	7.87700384940581
213.30141423772147	17.623108268371652
217.78526544717897	22.10695947782915
204.11102505631925	8.432719086969428
211.27527574349006	15.596969774140234
207.96186120209677	12.283555232746949
162.595957369791	-33.08234859955883
180.99759943672515	-14.680706532624669
215.654940230801	19.97663426145118
188.39123225070944	-7.287073718640386
199.25090228066495	3.572596311315124
225.8019757171869	30.123669747837084
227.74033640375274	32.062030434402914
198.77168289830843	3.0933769289586053
190.52674373845912	-5.151562230890704
210.07543482785877	14.39712885850895
175.97146325787253	-19.706842711477293
215.45210232389945	19.77379635454963
198.9823364568383	3.3040304874884896
190.90397084386495	-4.774335125484868
169.01963881919073	-26.65866715015909
195.57802048309168	-0.10028548625814437
215.70601215341958	20.027706184069757
181.5173468609173	-14.160959108432507
216.3728796643918	20.69457369504198
214.31039773103112	18.632091761681295
210.88080280306258	15.202496833712758
213.93319039540074	18.25488442605092
229.4496312799456	33.771325310595785
183.22822331921634	-12.450082650133481
156.7640051007911	-38.91430086855871
178.02672922282	-17.651576746529827
192.7585603974676	-2.919745571882231
190.11350928013417	-5.564796689215655
190.42837592052092	-5.249930048828901
176.65275611576544	-19.02554985358438
200.92303656695913	5.244730597609305
188.12170429775142	-7.556601671598401
186.31336284130157	-9.364943128048253
196.41756381193773	0.7392578425879037
200.10034367761182	4.422037708261996
224.76439194721024	29.08608597786042
170.1180278317588	-25.560278137591013
202.88663007826835	7.208324108918532
220.87389762977364	25.195591660423815
179.35690568499075	-16.321400284359072
185.88666516517515	-9.791640804174676
206.00290040841173	10.324594439061912
205.47807215166586	9.799766182316034
162.14929221938655	-33.52901374996327
188.33040723833983	-7.347898731009991
179.64244715690387	-16.03585881244595
176.8728925770938	-18.805413392256014
190.2513705215897	-5.4269354477601155
176.0078396466365	-19.67046632271331
174.247209250796	-21.431096718553817
186.47784738178598	-9.200458587563844
187.6019568735701	-8.076349095779733
208.0575469203559	12.379240951006068
184.95656308010075	-10.721742889249072
209.21660278707077	13.538296817720948
207.65846103207377	11.980155062723952
167.70388111400916	-27.974424855340658
209.72914742268767	14.050841453337853
178.14528198255766	-17.53302398679216
212.25169182497848	16.573385855628658
188.03189679304114	-7.64640917630868
236.77393807766202	41.0956321083122
184.65039514137607	-11.027910827973756
191.98531171915238	-3.6929942501974438
192.8000242087146	-2.8782817606352182
213.31156272299995	17.63325675365013
195.80213066949545	0.12382470014563296
189.99732889356346	-5.680977075786359
193.22869886249828	-2.449607106851545
180.13596667759703	-15.542339291752796
174.50612742369412	-21.172178545655697
170.8069386435236	-24.871367325826213
182.34469882758458	-13.333607141765242
182.2169333519887	-13.461372617361121
204.1735107299064	8.49520476055659
205.88102632621303	10.20272035686321
189.64595406590524	-6.032351903444578
198.52614227417143	2.8478363048216124
215.43912017067487	19.760814201325047
171.69437952788667	-23.983926441463154
189.7499826298481	-5.9283233395017305
196.86824881688517	1.1899428475353488
206.55326462646917	10.87495865711935
170.28679582380937	-25.39151014554045
184.47787089178382	-11.200435077565999
248.684042232323	53.00573626297319
207.53140726843776	11.853101299087939
203.34930874762358	7.67100277827376
221.69480464930894	26.016498679959113
192.539985748484	-3.1383202208658076
170.24033684903407	-25.437969120315756
179.03479012654952	-16.643515842800298
186.5196275094495	-9.15867845990033
189.10927053318665	-6.569035436163176
197.9095888443917	2.2312828750418703
204.98423631454716	9.30593034519734
187.34488387981946	-8.333422089530359
176.89754548838846	-18.780760480961362
198.8257202874047	3.147414318054871
198.37075842080958	2.692452451459758
200.19247083611117	4.514164866761348
206.0366803665238	10.358374397173975
194.1557695818302	-1.522536387519608
205.96788154430396	10.289575574954142
213.5569715486199	17.87866557927009
208.4559079168248	12.777601947474977
207.0820402485915	11.40373427924169
215.37282552013858	19.694519550788755
211.63119761974667	15.95289165039685
216.5567451757688	20.87843920641899
202.1558073403212	6.477501370971368
183.13135141436942	-12.546954554980402
169.5127036350259	-26.16560233432392
210.59978202004277	14.921476050692945
222.21768887803228	26.539382908682455
219.94959467914305	24.271288709793225
192.29637597252622	-3.381929996823601
178.1042926459504	-17.574013323399413
210.55164261426535	14.873336644915526
178.44762776449898	-17.230678204850847
190.40412499468948	-5.274180974660339
192.85762015758337	-2.8206858117664524
208.71950493682743	13.041198967477612
218.46178719901218	22.783481229662357
204.0029634579705	8.324657488620687
178.38423268119368	-17.29407328815614
200.12189273400145	4.443586764651627
192.65570484026534	-3.022601129084478
216.14608737830713	20.467781408957308
191.2606835111801	-4.417622458169717
223.39625751415588	27.717951544806056
211.83915589875323	16.160849929403412
200.91272992347876	5.234423954128943
204.65995267061817	8.981646701268346
192.80590901218602	-2.872396957163801
179.20059265213058	-16.47771331721924
189.72168087680438	-5.956625092545437
196.87286176473208	1.1945557953822572
205.64398670597996	9.965680736630134
216.51479371003734	20.836487740687517
186.32496111018554	-9.353344859164281
171.43383825633646	-24.244467713013364
198.9054847456573	3.2271787763074826
190.54964372956965	-5.128662239780169
214.7161394440609	19.03783347471108
190.2212611519799	-5.457044817369933
217.0873923367326	21.40908636738277
226.71863435423074	31.040328384880922
185.36467716631523	-10.31362880303459
195.32191620838603	-0.3563897609637934
192.35480884193476	-3.3234971274150666
181.97317859766918	-13.705127371680646
201.59203921379412	5.913733244444302
178.43359122317997	-17.244714746169848
203.53797831469274	7.859672345342915
192.61349636743762	-3.064809601912202
199.0625622098596	3.384256240509785
189.2213915256416	-6.456914443708229
198.47203898581938	2.7937330164695595
178.5587339084268	-17.11957206092302
195.12877208190548	-0.5495338874443405
193.479577326274	-2.1987286430758104
186.49488233919692	-9.183423630152902
186.86401701607974	-8.81428895327008
198.49727181056005	2.818965841210229
195.87982589114108	0.20151992179125955
196.80030668497966	1.122000715629838
177.25438995421428	-18.423916015135546
179.20639178656984	-16.471914182779983
217.90994683764438	22.231640868294562
196.89546520920703	1.2171592398572102
193.12590920454113	-2.552396764808691
203.9161741391347	8.237868169784889
186.08232005327227	-9.595985916077552
200.11438021893264	4.436074249582816
174.83252643371452	-20.8457795356353
213.23395317038194	17.555647201032116
188.96807478942083	-6.710231179928996
191.67518982511865	-4.003116144231171
219.45192350538127	23.773617536031452
200.08148331083248	4.40317734148266
182.4649781478065	-13.213327821543317
185.6851452433848	-9.993160725965026
215.80637671878503	20.12807074943521
196.9448435209706	1.266537551620786
201.35065024272808	5.672344273378258
208.32674537704588	12.64843940769606
189.57538255372492	-6.1029234156249
212.25401147875527	16.575705509405452
215.58706399815128	19.908758028801458
202.06704104383516	6.388735074485339
194.84560298315773	-0.8327029861920892
178.19971476719002	-17.478591202159805
184.83254068219685	-10.845765287152972
190.43047810675307	-5.2478278625967505
179.31255548637273	-16.36575048297709
187.23570858405583	-8.442597385293993
190.28372705579386	-5.394578913555961
232.0253893306517	36.347083361301884
213.57963430241034	17.90132833306052
178.2907875376004	-17.387518431749413
222.06733313782024	26.38902716847042
199.6952609571381	4.016954987788267
187.97876881366028	-7.699537155689541
180.86626222150517	-14.812043747844655
196.38184641572298	0.7035404463731538
194.57475704512035	-1.1035489242294716
175.26772511372837	-20.410580855621447
201.98301949371034	6.304713524360523
204.97155070795634	9.293244738606518
194.6079900394143	-1.070315929935532
214.17504066125548	18.496734691905658
188.90926629426394	-6.769039675085878
216.44922395130743	20.77091798195761
176.3063632717858	-19.37194269756401
209.8541583094193	14.175852340069468
182.27294771874222	-13.405358250607605
171.93776326940042	-23.7405426999494
190.0946291435721	-5.583676825777729
204.77405064072417	9.095744671374348
163.73963894030385	-31.938667029045973
172.10910792232607	-23.569198047023747
222.2023870710218	26.52408110167198
186.9474718326128	-8.73083413673703
194.27491543487122	-1.4033905344786035
184.53652122873427	-11.141784740615549
197.37567308038706	1.697367111037238
213.23927124025795	17.560965270908127
179.97820386112653	-15.700102108223291
181.32307585717354	-14.355230112176287
214.87568154041946	19.197375571069642
177.4037176660495	-18.274588303300334
198.1182258857225	2.4399199163726735
199.9079178530119	4.2296118836620735
199.8738479381791	4.195541968829275
209.10376349274156	13.425457523391742
194.28130766261165	-1.396998306738169
189.28574873808248	-6.392557231267347
203.41402181603917	7.735715846689345
185.0351808913183	-10.643125078031517
185.11860934814945	-10.559696621200374
190.01215622593736	-5.666149743412461
199.1616746893942	3.483368720044382
173.12461544187317	-22.553690527476647
194.46905464009615	-1.209251329253675
192.18841322306253	-3.489892746287296
202.54283366493473	6.864527695584911
201.96535849336942	6.2870525240196
215.8060472225079	20.127741253158092
183.70078687682326	-11.977519092526563
196.98054114740444	1.302235178054616
190.6151344091909	-5.063171560158935
203.40308253969852	7.724776570348695
203.26120144369077	7.582895474340944
188.9199419735669	-6.758363995782929
195.2272255688731	-0.4510804004767124
205.49244477918182	9.814138809832002
196.71259477657804	1.0342888072282221
171.05529975576974	-24.623006213580084
207.83512375487862	12.156817785528801
195.90925649842347	0.23095052907365243
204.1631843166506	8.484878347300764
190.68419682842796	-4.994109140921864
166.6359111975553	-29.042394771794534
185.382759921893	-10.29554604745681
171.9210578082584	-23.75724816109141
197.0304268834443	1.3521209140944848
201.31137428674992	5.633068317400102
224.18961864510493	28.511312675755107
188.72217830931368	-6.956127660036145
179.30201160557408	-16.37629436377574
188.73015211916936	-6.948153850180461
