Ea	delta_Ea
112.06596985955912	-4.0868740973419335
117.13491419446291	0.9820702375618566
114.82813713289056	-1.324706824010491
113.9904258033348	-2.16241815356625
116.06869060826466	-0.08415334863639146
114.30272237277586	-1.8501215841251906
115.89913182515193	-0.25371213174912555
111.42648348904913	-4.726360467851919
106.76332040673697	-9.389523550164085
114.57857665420306	-1.57426730269799
116.90930150504755	0.7564575481464999
115.812711542143	-0.34013241475804534
118.58428922908206	2.4314452721810085
117.1637121688982	1.010868211997149
114.57048422569096	-1.58235973121009
119.41400038907886	3.2611564321778133
114.50088143256107	-1.6519625243399787
110.06988142561545	-6.082962531285602
115.51988161262852	-0.6329623442725278
107.64597502821562	-8.506868928685435
116.78758558105619	0.63474162415514
115.86150335054663	-0.2913406063544244
118.43942948674157	2.286585529840522
117.73772103964984	1.5848770827487897
111.74875720569707	-4.404086751203977
110.21955181357225	-5.933292143328799
123.82496702249773	7.672123065596679
124.94334327911565	8.7904993222146
112.44019854885846	-3.71264540804259
112.84522854994793	-3.3076154069531185
125.53854535028222	9.385701393381169
110.81118214511184	-5.3416618117892085
115.98690963281115	-0.16593432408990338
121.69767317185324	5.544829214952188
118.9692067775386	2.8163628206375506
113.38626143349029	-2.7665825234107615
114.09125166347985	-2.0615922934211994
119.4055191549669	3.2526751980658446
113.15442785439882	-2.998416102502233
106.408914213338	-9.743929743563058
116.46191146285128	0.3090675059502246
118.0356515715066	1.8828076146055537
120.60091846081559	4.44807450391454
111.09039728854805	-5.0624466683530045
115.70134839112143	-0.4514955657796236
123.1965517268311	7.043707769930052
115.07486394361331	-1.0779800132877426
120.39174763552	4.238903678618954
112.67191350928897	-3.4809304476120815
114.05434808068094	-2.098495876220113
119.02624917266166	2.873405215760613
113.78080027317992	-2.372043683721131
113.73467079467628	-2.4181731622247753
111.50800086748131	-4.644843089419737
113.84017550192584	-2.31266845497521
123.04109538427292	6.88825142737187
115.48152824620774	-0.6713157106933068
117.18403549914001	1.0311915422389575
121.32461748930291	5.171773532401858
115.83204638356256	-0.32079757333849557
118.52396505106299	2.3711210941619356
121.04724752500624	4.89440356810519
113.55911517935237	-2.5937287775486766
111.65521980315066	-4.497624153750394
116.39673709965336	0.243893142752313
121.76587890077644	5.613034943875391
106.76753795905825	-9.385305997842806
114.2113201060929	-1.941523850808153
121.2775654212328	5.124721464331742
119.12350988312119	2.9706659262201356
105.03274007117761	-11.120103885723438
117.1533923455645	1.0005483886634465
115.99430352922354	-0.15854042767750798
117.16242054350005	1.009576586598996
116.33307841932219	0.18023446242114005
115.93550821391182	-0.21733574298923486
115.13410737385857	-1.0187365830424824
117.83670172065831	1.6838577637572598
121.0825036264323	4.929659669531247
114.00808680367118	-2.1447571532298753
117.71204009997746	1.5591961430764059
111.93614832721596	-4.216695629685091
109.27579540286752	-6.877048554033536
113.21077171742513	-2.9420722394759196
114.15721022780872	-1.995633729092333
112.86618451302913	-3.286659443871926
117.69758839335918	1.5447444364581315
115.94453641184373	-0.2083075450573233
113.2167685496297	-2.936075407271346
109.65366173103394	-6.499182225867116
111.59083623101424	-4.562007725886815
124.1025346845563	7.949690727655252
118.48218492338128	2.329340966480231
116.86297432877836	0.7101303718773124
114.86592376570798	-1.2869201911930759
105.68422010611175	-10.4686238507893
122.64655654460148	6.493712587700429
122.85440279487011	6.70155883796906
119.10045173379797	2.947607776896916
118.69490771852361	2.5420637616225576
110.4191474771169	-5.733696479784157
117.05586144817062	0.9030174912695657
116.78857406988391	0.6357301129828556
115.7728029533173	-0.3800410035837558
117.61930007840783	1.4664561215067806
117.68552882969016	1.5326848727891047
112.52001572651716	-3.6328282303838932
125.88128737552324	9.728443418622192
112.7240398199965	-3.428804136904546
115.98891297016235	-0.16393098673870554
102.78847504289297	-13.364368914008082
120.28578163347993	4.132937676578877
110.2019435326365	-5.950900424264546
114.71347242919	-1.439371527711046
115.72232412398807	-0.430519832912978
113.04839595310477	-3.1044480037962785
114.19082543778859	-1.962018519112462
118.32557534387706	2.172731386976011
115.19908403928639	-0.9537599176146614
115.83922940236152	-0.3136145545395266
115.40449201712181	-0.7483519397792406
118.30323549643163	2.150391539530574
111.52487107676097	-4.627972880140078
116.30618493336078	0.15334097645973088
118.49106814296101	2.3382241860599606
112.16488464131908	-3.987959315581975
113.42473341856021	-2.728110538340843
112.93032425792171	-3.2225196989793403
116.41413450297114	0.26129054607008584
119.71397379784321	3.561129840942158
116.53453244186676	0.3816884849657072
124.026091548767	7.8732475918659475
113.62396004627635	-2.5288839106246996
116.06842701124697	-0.08441694565408397
118.21516114213591	2.0623171852348605
115.21371367389565	-0.9391302830053974
115.89063082125358	-0.26221313564747106
118.63414860541889	2.4813046485178347
115.67329507826435	-0.4795488786367059
113.86831448381872	-2.28452947308233
117.87288041165448	1.7200364547534264
108.32730742563581	-7.825536531265243
120.17671836645627	4.023874409555219
118.29153837866761	2.1386944217665587
109.06030483901668	-7.092539117884371
119.00871997083232	2.8558760139312653
118.28811161741032	2.135267660509271
121.0618771596055	4.90903320270445
119.19422637366188	3.0413824167608254
113.50567088355092	-2.6471730733501317
118.66663693812916	2.5137929812281072
117.92961967021256	1.7767757133115083
121.6933304109516	5.540486454050551
124.85806964314907	8.705225686248014
110.11937176612992	-6.0334721907711355
109.7354427064929	-6.4174012504081475
116.11182826058848	-0.04101569631257007
121.58864087748225	5.435796920581197
112.74789535030504	-3.404948606596008
123.1613615246606	7.008517567759554
114.81719785655832	-1.3356461003427285
114.91288357481972	-1.2399603820813354
120.80744013606454	4.654596179163491
110.59173762596402	-5.5611063309370365
114.44427397251457	-1.7085699843864859
121.3425420866588	5.189698129757744
116.7137586456829	0.5609146887818497
119.38691579527949	3.2340718383784406
114.0456493790225	-2.107194577878545
115.92171549983959	-0.2311284570614589
120.47286961842474	4.320025661523687
125.72873060020356	9.57588664330251
112.29945092002981	-3.853393036871239
121.57523235606277	5.4223883991617186
121.1855700612432	5.032726104342146
112.88351601709655	-3.269327939804498
115.77804853401358	-0.37479542288747325
119.39152874313095	3.2386847862298964
123.38660517826793	7.233761221366876
118.61530141848698	2.4624574615859274
117.08492301961815	0.9320790627170936
116.29689972833148	0.14405577143043047
122.77077664027456	6.61793268337351
124.05548261651711	7.902638659616059
120.5039081675277	4.351064210626646
112.49318813980517	-3.6596558170958815
113.40016617629954	-2.752677780601516
114.69469114151434	-1.4581528153867112
115.12560636996568	-1.027237586935371
115.67757852983777	-0.47526542706327746
121.635332476646	5.4824885197449476
113.32385483900725	-2.828989117893798
115.395859214717	-0.756984742184045
122.35989478535339	6.2070508284523385
110.87176333023308	-5.281080626667972
116.51971828933893	0.3668743324378738
122.55805384513587	6.405209888234822
117.55788197275615	1.405038015855098
118.40745516821335	2.2546112113122945
111.10838778515608	-5.044456171744969
118.0872309183942	1.9343869614931464
114.64414641293024	-1.5086975439708112
115.06684400427594	-1.0859999526251158
118.16014185412678	2.007297897225726
120.98624458465201	4.833400627750962
118.58858586050974	2.4357419036086867
121.55440819148498	5.40156423458393
113.15840816940272	-2.9944357874983325
115.74703634461275	-0.4058076122882994
113.85881840116963	-2.294025555731423
118.29325175929989	2.1404078023988404
114.90444847018443	-1.2483954867166176
119.41854743767908	3.265703480778029
110.6147364659555	-5.538107490945549
118.73312928641826	2.58028532951721
116.10829606052047	-0.04454789638057832
113.34678777974841	-2.806056177152641
115.58861453558711	-0.5642294213139394
116.43608027287337	0.28323631597231724
116.81240983041971	0.6595658735186589
115.76250948968482	-0.39033446721623477
117.03590715375321	0.883063196852163
107.88077407377023	-8.272069883130825
118.99481522803399	2.841971271132934
115.41800136440725	-0.7348425924938056
117.86998084443641	1.7171368875353608
110.30500996745485	-5.847833989446201
120.24980064024567	4.096956683344615
112.71059637197686	-3.442247584924189
111.52526647229388	-4.627577484607173
116.67522735128478	0.5223833943837235
119.45472612867889	3.3018821717778337
111.43393010486307	-4.718913852037986
113.41097365411406	-2.7418703027869924
121.53430891870812	5.381464961807069
119.41118649089731	3.258342533996256
121.44989197306859	5.297048016167537
111.77693572713542	-4.375908229765628
112.52054292055618	-3.6323010363448702
116.54168251102783	0.38883855412677804
116.38085537920142	0.2280114223003693
119.85368021844624	3.7008362615451915
115.23835999526091	-0.9144839616401441
119.28875885495836	3.135914898057308
120.05137798344367	3.8985340265426203
113.06032371826154	-3.0925202386395085
117.59340167118353	1.4405577142824768
118.05206048600667	1.8992165291056153
113.50395750292955	-2.6488864539714996
116.02401091338106	-0.1288330435199896
116.93546350927863	0.7826195523775823
114.48855827187435	-1.664285685026698
121.59480443480061	5.441960477899556
112.98170590704467	-3.1711380498563813
117.42311799627714	1.2702740393760905
118.71004477739916	2.5572008204981103
117.42199770894695	1.269153752045895
117.42647885829501	1.2736349013939616
114.7192056643762	-1.4336382925248472
116.93262984131434	0.7797858844132861
123.56604884960689	7.413204892705835
110.57941446527366	-5.573429491627394
117.95097102883011	1.7981270719290592
115.40548050594225	-0.747363450958801
119.43785591939377	3.2850119624927174
124.80429585106322	8.651451894162165
118.92871827526687	2.7758743183658225
114.03349096647435	-2.119352990426705
122.20720621151486	6.054362254613807
117.9748924583946	1.8220485014935548
119.80155390774235	3.648709950841294
114.51937935343813	-1.6334646034629259
108.59268372553197	-7.560160231369082
111.58035824947183	-4.572485707429223
115.23064978242837	-0.9221941744726792
116.47924296692145	0.3263990100203955
118.47823096809225	2.3253870111911965
113.1566025298107	-2.9962414270903537
117.7085276696871	1.555683712786049
112.13384609221612	-4.018997864684934
109.60964102869661	-6.543202928204437
114.38779831097781	-1.7650456459232373
113.41235753847013	-2.740486418430919
114.67261489109296	-1.4802290658080892
121.1095223209777	4.956678364076652
121.0079056697723	4.855061712871247
118.86723427034303	2.7143903134419816
119.1551481154529	3.0023041585518513
109.05949427817995	-7.093349678721097
119.56628038754025	3.4134364306391944
115.79758107319867	-0.35526288370238035
119.1436816450805	2.990837688179454
123.00755266349006	6.854708706589008
115.35737404979955	-0.7954699071015057
117.5888546226056	1.4360106657045435
119.77446931393933	3.6216253570382833
111.48549627189868	-4.667347685002369
119.82178497902714	3.6689410221260914
121.15143424715643	4.998590290255379
113.64913422067912	-2.5037097362219356
111.69201794714263	-4.460826009758421
110.473514362493	-5.6793295944080455
119.07620080795823	2.9233568510571786
115.02537360310816	-1.1274703537928872
111.60480687307427	-4.5480370838267845
116.54995286753183	0.39710891063077725
119.55858335455619	3.4057393976551396
121.38372912102932	5.230885164128267
112.5458350546246	-3.6070089022764478
119.9570102502912	3.8041662933901534
119.20318867234164	3.0503447154405876
123.02824502955627	6.875401072655222
111.90089222578172	-4.251951731119334
113.61203228112208	-2.5408116757789685
117.83979898564576	1.6869550287447055
113.94310354831578	-2.209740408585276
113.27034464394637	-2.8824993129546783
116.49196152313016	0.33911756622910616
119.89756912227676	3.744725165375712
116.21815011861327	0.06530616171221482
120.56387648957752	4.411032532676472
118.45042148248467	2.2975775255836197
123.80097969368217	7.648135736781114
115.90800845479862	-0.24483550210243266
118.30010528181992	2.1472613249188726
115.54986577364616	-0.6029781832548906
108.408824804088	-7.744019152813053
115.71968815378204	-0.43315580311900703
111.25567262008553	-4.897171336815518
113.306325637177	-2.846518319724055
106.884970431478	-9.267873525423056
118.87421959138373	2.7213756344826834
115.23572402506397	-0.9171199318370782
112.07974280385679	-4.073101153044263
111.72757718514549	-4.42526677175556
118.75889589513099	2.606051938229939
114.12611236936937	-2.0267315875316854
117.97713303306409	1.8242890761630406
123.74312014780298	7.590276190901932
116.50145101585076	0.34860705894971034
116.64550678728119	0.4926628303801408
122.72458126251149	6.571737305610441
114.5592681724911	-1.5935757844099498
121.84337642466562	5.6905324677645694
107.46145711420468	-8.691386842696375
116.60023399908096	0.4473900421799044
124.73931918563721	8.586475228736163
109.73076385938839	-6.422080097512662
109.86862510084484	-6.2842188560562136
116.45185391855193	0.29900996165088145
122.53591169545689	6.383067738555837
123.18561245051387	7.032768493612821
113.12780455537722	-3.025039401523827
112.34590989480421	-3.8069340620968433
113.81614731557238	-2.336696641328672
114.96507578478054	-1.1877681721205136
113.57848956032831	-2.574354396572744
108.92863812752694	-7.224205829374114
120.59043388934515	4.437589932444098
113.26929025586651	-2.8835537010345433
114.0454516812606	-2.10739227564045
109.38268399448134	-6.7701599624197115
114.6751849620361	-1.477658994864953
110.00253238700498	-6.1503115698960755
118.8825228975038	2.729678940602753
120.30548551072934	4.152641553828289
116.07172197399359	-0.08112198290746164
117.01908966387555	0.866245706974496
115.1233592053668	-1.0294847515342553
111.98276546020224	-4.170078496698807
120.66799731247738	4.515153355576331
111.63696570951561	-4.515878247385444
112.1340833295344	-4.018760627366646
109.51606408659791	-6.636779870303144
121.08566679067371	4.932822833772661
117.73179010670174	1.5789461498006858
124.86340748280054	8.710563525899488
116.57585127474158	0.42300731784052914
115.72247569227147	-0.43036826462957833
122.11337226232172	5.960528305420667
114.30621503328439	-1.846628923616663
119.85335072216913	3.7005067652680737
114.83604504349933	-1.3167989134017262
114.61264656904132	-1.5401973878597346
116.10579188882912	-0.04705206807193463
116.96419558446019	0.8113516275591337
114.96870024380769	-1.1841437130933627
115.977222442325	-0.17562151457605069
114.068648219014	-2.0841957378870575
120.24928662606362	4.09644266916257
119.88009263984895	3.727248682947902
110.55114368488285	-5.601700272018206
113.54389245145103	-2.6089515054500225
116.07523242730895	-0.07761152959210449
110.1862595099501	-5.966584446950947
113.47120557318749	-2.681638383713562
113.04575998290602	-3.1070839739950316
115.73588619066459	-0.4169577662364645
113.40095696735807	-2.7518869895429816
114.31023488784558	-1.8426090690554702
120.46997005120647	4.317126094305422
108.19214805364618	-7.960695903254873
115.05100841330204	-1.1018355435990088
116.31603687198367	0.16319291508261813
116.70013726966863	0.5472933127675788
111.91967351346466	-4.233170443436393
118.04665674709031	1.8938127901892585
122.46296122016793	6.310117263266875
118.40151896332463	2.248675006423582
107.59661648621113	-8.556227470689919
114.78965196797799	-1.363191988923063
114.50516488413632	-1.6476790727647312
113.60175199734658	-2.551091959554469
116.84234786196521	0.6895039050641572
111.62543333989015	-4.527410617010901
122.63640805932664	6.483564102425589
112.2262368477277	-3.9266071091733465
116.80735535755957	0.6545114006585209
124.87895970698446	8.726115750083409
116.4283687420575	0.27552478515644907
120.1742800940192	4.021436137118144
118.51335527099582	2.360511314094765
116.71628258715066	0.5634386302496068
120.95914022107354	4.806296264172488
112.9649015970208	-3.187942359880253
112.65655898287878	-3.4962849740222737
115.02893216287339	-1.1239117940276628
113.93006208574661	-2.2227818711544387
108.2598924877966	-7.892951469104446
120.51108459639954	4.35824063949849
115.63026286474815	-0.5225810921529046
112.02313534381392	-4.129708613087132
121.58452415103966	5.4316801941386075
121.99349492757756	5.840650970676506
114.3396259555775	-1.8132180013235484
118.08432476124744	1.9314808043463927
110.10665320991393	-6.046190746987122
116.41123493575287	0.2583909788518213
118.41878984007417	2.265945883173117
117.01770577952038	0.8648618226193321
113.6472883825445	-2.505555574356549
115.53609282935577	-0.6167511275452853
109.44884684650606	-6.703997110394994
119.46144785268598	3.308603895784927
106.12047317420365	-10.032370782697399
118.13245757709956	1.9796136201985064
122.26677913802996	6.113935181128909
113.91673396142687	-2.2361099954741803
119.91254143301103	3.7596974761099773
117.07490633286034	0.9220623759592854
119.58391502817767	3.4310710712766195
118.27150500516291	2.118661048261856
116.57519228219599	0.4223483252949336
119.77440341468537	3.621559457784315
113.94423042558628	-2.208613531314768
114.411258445758	-1.7415855111430574
118.57444388038493	2.421599923483882
113.96385522371384	-2.188988733187216
117.08597740769983	0.9331334507987776
115.63824985445353	-0.5145941024475178
116.61044838362068	0.45760442671962664
116.00450473389719	-0.14833922300385893
118.51638663672202	2.3635426798209664
118.31361462909263	2.1607706721915747
117.90813651307872	1.7552925561776647
109.42716599159758	-6.7256779653034755
122.42671662991779	6.27387267301674
119.83399611097593	3.68115215407488
118.59876070548489	2.4459167485838407
119.16951415303447	3.0166701961334184
125.99858804942778	9.84574409252673
118.53938547672442	2.3865415198233677
114.36519486651378	-1.7876490903872764
114.89371348154054	-1.2591304753605073
119.10157202113078	2.9487280642297264
116.62718679439058	0.4743428374895302
112.32554702501238	-3.827296931888668
117.76414005098104	1.6112960940799894
116.25293174539502	0.10008778849396549
117.38390793954022	1.2310639826391707
118.55315842102573	2.4003144641246763
105.29073565451472	-10.862108302386332
115.01262209726247	-1.1402218596385865
107.34672651124856	-8.80611744565249
113.98436307187035	-2.1684808850307036
112.13569127135679	-4.017152685544261
115.87331908696979	-0.27952486993126513
113.52270584096914	-2.6301381159319135
115.85557241759489	-0.29727153930616623
113.71490101817835	-2.437942938722699
113.32097504156263	-2.8318689153384184
110.70731173937975	-5.445532217521304
121.38590379645757	5.2330598395565175
117.78299382783734	1.6301498709362932
122.30440761264617	6.151563655745122
114.66490467825679	-1.4879392786442622
115.4235369018279	-0.72930705507315
114.45659713320492	-1.6962468236961286
114.45618855781959	-1.6966553990814646
117.87024444146664	1.7174004845655872
108.96969336339225	-7.183150593508799
117.16433162189651	1.0114876649954567
115.99917348416693	-0.15367047273412027
117.72803384916551	1.5751898922644614
112.10201675205462	-4.050827204846428
119.89760207190375	3.7447581150026963
122.06934497005568	5.91650101315463
115.39533202067592	-0.7575119362251286
116.57637846878424	0.42353451188319013
121.32428799302761	5.171444036126559
112.14761903651015	-4.005224920390901
117.69416163209098	1.54131767518993
120.34113700768103	4.188293050779976
119.12812942088931	2.975285463988257
116.60965759256214	0.4568136356610921
118.00896237323468	1.8561184163336293
119.6051082285885	3.4522642716874543
115.3706198000582	-0.7822241568428581
113.64083025555556	-2.512013701345495
120.43774531551207	4.284901358611023
109.60964102869457	-6.543202928206483
120.30469471966353	4.1518507627624786
115.12297039976056	-1.0298735571404904
118.01080755237126	1.8579635954702098
120.1338838507072	3.9810398938061553
113.80188803477722	-2.3509559221238305
127.49871869024355	11.345874733342498
116.5697885432819	0.4169445863808505
120.38812317649354	4.235279219592485
116.57644436803821	0.4236004111371585
119.52006524000717	3.367221283106119
114.05081719859663	-2.1020267583044188
123.04702631723558	6.894182360334526
116.38797249874187	0.23512854184082244
113.8058419900699	-2.347001966831158
115.47935357079405	-0.6734903861070052
115.99666272254763	-0.15618123435342568
120.79808244185188	4.6452384849508235
121.23196313677909	5.079119179878035
111.51808345349673	-4.634760503404323
115.87942794790433	-0.27341600899671903
120.3018610516956	4.149017094794544
121.05765960729332	4.9048156503922655
112.90552636825305	-3.247317588648002
116.77908457716512	0.6262406202640705
110.72814908381224	-5.424694873088811
114.60922639770706	-1.54361755919399
112.4489170202969	-3.703926936604148
109.3158819196833	-6.836962037217745
112.64970546035677	-3.503138496544281
118.45898838562334	2.306144428722291
113.30455294721469	-2.8482910096863634
117.021468626981	0.8686246700799529
119.46863087148085	3.315786914579803
116.38639091661935	0.23354695971829642
111.9699546450247	-4.182889311876352
119.39752557533939	3.244681618438335
108.22437278934166	-7.928471167559394
118.212854668207	2.0600107113059494
113.63753529280439	-2.515308664096665
115.1435309673252	-1.0093129895758466
120.48388797386178	4.331044016960732
121.17652209353946	5.023678136638409
120.37027515406953	4.21743119716848
113.24503933002416	-2.907804626876896
111.90360068517111	-4.249243271729938
115.2827101938783	-0.8701337630227499
118.60258286227327	2.4497389053722145
116.73816113980865	0.5853171829076018
119.55741693774235	3.4045729808412943
124.93563306628494	8.782789109383884
117.55544370032098	1.4025997434199269
115.50116622420683	-0.6516777326942247
107.20945836308601	-8.943385593815037
117.70545676440452	1.5526128075034649
126.87254396924618	10.719700012345129
115.31618701541993	-0.8366569414811238
123.25184120178164	7.098997244880593
122.56445925272146	6.411615295820411
119.63522418811772	3.4823802312166663
118.68192556528811	2.5290816083870595
113.81358515253669	-2.3392588043643627
112.7049356259713	-3.4479083309297494
117.74378377111134	1.5909398142102873
117.66042121353166	1.5075772566306114
119.69301783476112	3.54017387786007
115.2650057000319	-0.887838256869145
112.28653466604374	-3.8663092908573162
113.2758142821076	-2.877029674793448
115.48910666054144	-0.6637372963596135
123.11325506850699	6.960411111605936
117.84296214989081	1.6901181929897575
118.36897000329918	2.2161260463981307
112.03556394330917	-4.117280013591881
114.72678407869898	-1.426059878202068
115.09212954842042	-1.060714408480635
114.2156997705788	-1.9371441863222572
113.33934116392629	-2.8135027929747594
113.01452373603752	-3.138320220863534
121.29990526868278	5.1470613117817265
111.76738033516449	-4.385463621736562
118.2384894783936	2.085645521492552
117.66477056436997	1.5119266074689222
116.18638667768391	0.03354272078286158
108.38714394919316	-7.765700007707892
116.94014235638679	0.787298399485735
116.49051173952012	0.3376677826190644
116.93566120704781	0.7828172501467634
107.23568626657652	-8.91715769032453
119.83878039688898	3.685936439987927
112.1762193131799	-3.976624643721152
120.46891566312479	4.316071706223738
113.43258860975493	-2.7202553471461215
116.8687075639682	0.7158636070671491
112.34729377915937	-3.8055501777416794
118.77464581707682	2.621801860175765
116.9873921222179	0.8345481653168463
120.10561307031458	3.952769113413524
117.4980454492179	1.3452014923168463
120.7222323993451	4.569388442444051
117.60117778329004	1.448333826388989
117.34634536420708	1.1935014073060302
111.40826234503857	-4.744581611862486
111.70202145405165	-4.450822502849405
114.48789927932421	-1.664944677576841
115.26089754048007	-0.8919464164209785
120.4953412643772	4.342497307476151
114.27520284388629	-1.8776411130147608
112.70255666287267	-3.450287294028385
117.15141536791634	0.9985714110152912
115.0059465027316	-1.1468974541694479
113.02374304181012	-3.1291009150909304
110.98963732765696	-5.163206629244087
109.14465588541862	-7.0081880714824365
114.36352761536364	-1.7893163415374147
115.17008836708555	-0.9827555898154969
112.73464960005367	-3.41819435684738
117.35932751744258	1.2064835605415283
118.82603405612463	2.673190099223575
115.34234901965465	-0.8104949372464034
109.71896789274615	-6.4338760641549015
115.2919855140226	-0.8608584428784525
109.05707577551948	-7.0957681813815725
117.91749420729047	1.7646502503894226
115.39276194973354	-0.7600820071675116
113.86403103223984	-2.288812924661215
115.11591917947226	-1.0369247774287942
117.33059544226035	1.1777514853592947
121.44073197661055	5.287888019709499
115.86703888796546	-0.28580506893558777
113.70508202918427	-2.4477619277167832
111.83341138867127	-4.319432568229786
115.19603290377927	-0.9568110531217826
122.55172751665668	6.398883559755632
110.33756419942438	-5.815279757476674
116.20747443929577	0.05463048239471391
112.33964946557899	-3.813194491322065
117.95130052511013	1.798456568209076
113.8011631429672	-2.3516808139338536
114.33056480801315	-1.822279148887901
113.31008189470958	-2.8427620621914684
112.97046744809813	-3.1823765088029177
112.03862166874023	-4.114222288160818
113.81678126640327	-2.3360626904977835
113.17353863834796	-2.979305318553088
112.87995745732405	-3.272886499576998
108.97048415444806	-7.182359802452993
110.88914096377994	-5.263702993121115
117.12031091955578	0.9674669626547256
120.50463305933499	4.351789102433941
116.23818349212524	0.08533953522419324
115.57320004085523	-0.5796439160458249
107.09690243554542	-9.055941521355635
119.71199682018778	3.5591528632867266
113.81684716566042	-2.335996791240632
121.82037758466322	5.667533627762168
116.71002215792396	0.5571782010229072
111.3870098352927	-4.76583412160835
122.49288607186736	6.340042114966309
112.2941789796314	-3.8586649772696546
113.28490837930076	-2.867935577600292
114.8232737678718	-1.3295701890292548
118.32541059574578	2.172566638844728
114.29870251822285	-1.854141438678198
116.24589370496096	0.09304974805991151
117.76289455506185	1.6100505981607967
119.15475271991454	3.001908763013489
118.49865973713167	2.345815780230623
116.30737770988344	0.15453375298238825
121.33977431794483	5.186930361043778
123.6322117016316	7.479367744730553
112.4138520267079	-3.7389919301931513
114.11306431689081	-2.039779640010238
120.16228642961505	4.0094424727139995
122.11402466495201	5.961180708050961
116.6268572981171	0.4740133412160503
111.5703217929331	-4.582522163967951
118.36673601855182	2.2138920616507676
117.68414494534227	1.5313009884412168
113.19746006792047	-2.9553838889805775
117.27978711665855	1.1269431597575021
118.96668283607232	2.8138388791712714
123.62516048134785	7.472316524446796
115.5426168556005	-0.610227101300552
117.7281458778989	1.5753019209978447
111.8371676462084	-4.315676310692652
119.66066130054969	3.5078173436486395
123.4548109071693	7.301966950268252
116.73545927034866	0.5826153134476044
117.77726059265478	1.6244166357537324
112.66051293817554	-3.4923310187255083
118.08758018444678	1.9347362275457272
116.4229650031466	0.2701210462455492
107.24056281144522	-8.912281145455836
119.49637445783446	3.3435305009334115
123.08103033281805	6.928186375916994
113.66887038855839	-2.4839735683426625
119.67627942398758	3.5234354670865287
114.41929815487674	-1.7335458020243095
120.44756430450798	4.294720347606926
112.06768324019868	-4.085160716702376
114.65007734588107	-1.5027666110199789
117.83175268661034	1.678908729709292
121.50102979493931	5.348185838038262
116.70554100858135	0.5526970516802976
115.6485169583857	-0.5043269985153529
117.79821655574051	1.645372598839458
115.36020771776111	-0.792636239139938
112.53075730507771	-3.622086651823338
119.65420317355893	3.5013592166578746
125.22315151584917	9.070307558948116
115.16233861469755	-0.9905053422035053
112.16369845472946	-3.9891455021715956
112.87991791777313	-3.272926039127924
120.26423257710121	4.1113886202001595
108.95427293771354	-7.198571019187511
117.04551526512978	0.8926713082287279
122.21392793553241	6.061083978631359
110.33571902029507	-5.817124936605978
108.60283221080681	-7.550011746094242
120.35452114637155	4.201677189470502
114.28407288360904	-1.8687710732920095
119.50691833863675	3.3540743817356997
113.99551322581647	-2.157330731084585
117.66457286659715	1.511728909696103
118.59256617551	2.4397222186089493
114.36262479556717	-1.79021916133388
109.37668716227068	-6.776156794630367
116.44286657815587	0.2900226212548205
114.66925402908555	-1.4835899278155011
112.22182159763906	-3.9310223592619877
126.23332119575207	10.080477238851017
118.18841592948411	2.0355719725830568
117.32411754549503	1.1712735885939765
113.58527718359255	-2.5675667733084993
114.28769734263642	-1.8651466142646314
115.2352627302771	-0.9175812266239518
121.0732777307312	4.920433773830155
116.80234701418158	0.6495030572805263
115.00316555418249	-1.149678402718564
119.54632609311375	3.393482136212697
117.89667004271178	1.7438260858107242
117.28038020995086	1.1275362530498114
114.47063367451483	-1.6822102823862224
117.76131297293978	1.6084690160387254
114.34937904531034	-1.8034649115907087
122.14197253899147	5.989128582090416
113.60010451596463	-2.5527394409364206
118.60666861608115	2.4538246591801
116.25419701109058	0.10135305418953067
119.11178640565777	2.9589424487567157
111.92725192779017	-4.225592029110885
125.08555387140223	8.932709914501174
114.81983382676844	-1.3330101301326067
113.69982326863192	-2.4530206882691346
121.43546003620577	5.2826160793047165
116.64634370782005	0.4934997509189998
122.52225077989351	6.36940682299246
116.9715763010172	0.8187323441161425
120.31958795129685	4.166743994395802
125.34513103685458	9.19228707995353
118.16547310385545	2.0126291469543958
121.35888510189397	5.206041144992923
120.84757278234974	4.694728825448692
112.8161010792337	-3.336742877667348
117.70002666579603	1.5471827088949794
111.78286666008535	-4.369977296815705
113.66718995754854	-2.4856539993525075
111.14974615759911	-5.0030977993019405
114.22739952430857	-1.925444432592485
112.67178171077467	-3.4810622461263847
116.83629831035614	0.6834543534550903
112.03638109407257	-4.1164628628284845
119.13421192213173	2.9813679652306746
109.142678907765	-7.010165049136049
117.4437378731709	1.2908939162698516
112.01357995183571	-4.139264005065343
114.64934586415029	-1.5034980927507604
110.9262422443353	-5.226601712565753
122.54671917327505	6.393875216373999
112.82690855705187	-3.325935399849186
117.98629302951667	1.8334490726156218
108.83189802118522	-7.320945935715827
114.95103924346404	-1.2018047134370136
118.9507286264361	2.797884669535051
114.669847122379	-1.482996834522055
113.43898083749082	-2.7138631194102345
116.92162466572972	0.7687807088286718
106.35645840636425	-9.796385550536797
111.63268225794309	-4.520161698957963
120.0450516549663	3.892207698065249
111.6640503033268	-4.488793653574248
121.12637276048463	4.9735288035835765
122.15040764363039	5.997563686729336
116.82270988397067	0.6698659270696226
109.74644788207456	-6.406396074826489
111.78563442880113	-4.36720952809992
117.08696589652754	0.9341219396264933
107.86271767790095	-8.290126279000106
114.31438654090925	-1.8384574159917975
115.5325342695869	-0.6203096873141476
113.79648429586814	-2.3563596610329114
117.1729644242987	1.0201204673976463
119.93032105201564	3.777477095114591
109.90101458467689	-6.251829372224165
116.77855738312792	0.6257134262268664
108.3999943039089	-7.752849652992154
111.48614208459912	-4.666701872301928
111.37284149547395	-4.780002461427102
117.85278113887853	1.6999371819774751
124.41730906600424	8.264465109103185
115.35289290045694	-0.7999510564441152
115.28442357451058	-0.8684203823904681
114.94277811285974	-1.21006584404131
113.69579023422557	-2.4570537226754823
119.59627772841486	3.44343377151381
122.96682692390459	6.81398296700354
119.75469953743595	3.6018555805349024
113.99411616161115	-2.1587277952899058
119.50665474161542	3.353810784714369
114.43030333045681	-1.7225406264442427
110.87706163033363	-5.275782326567423
119.24872505754684	3.0958811006457836
115.3274557880286	-0.8253881688724505
117.65356769100617	1.5007237341051223
119.08562440142077	2.9327804445197216
114.11082374221587	-2.0420202146851807
117.56509794117846	1.412253984277413
117.62608770168026	1.4732437447792108
115.73728325486809	-0.4155607020329626
110.9653270924814	-5.187516864419649
112.39487304126669	-3.7579709156343597
111.32493273708678	-4.827911219814268
113.90890842489534	-2.2439355320057075
117.63688199964918	1.484038042748125
111.31985849445846	-4.832985462442593
113.77513293724678	-2.377711019654271
115.1276492468678	-1.0251947100332472
108.12545800759108	-8.027385949309974
117.12143120688415	0.9685872499831021
115.70367463481671	-0.44916932208434446
114.70952506381673	-1.4433188930843244
118.20772770616259	2.054883749261535
119.73431030793927	3.581466351038216
114.85495812967565	-1.2978858272254001
118.3031366475534	2.15029269065235
119.53736379445036	3.3845198375493055
118.60983178031893	2.456987823417876
102.14780248579336	-14.005041471107688
118.78057675002492	2.6277327931238688
118.06385645264527	1.9110124957442167
115.04779911958212	-1.1050448373189283
112.72687348796171	-3.42597046893934
114.05533656950502	-2.0975073873960355
120.3803450874293	4.227501130528253
115.09417242532436	-1.0586715315766924
113.33367382800498	-2.8191701288960758
123.88236527361732	7.729521316716273
113.95385171680027	-2.198992240100779
112.75718714525647	-3.395656811644585
118.02854104189282	1.8756970849917707
121.19018300912285	5.037339052221796
115.66753706496092	-0.48530689194012666
113.71747108912314	-2.4353728677779145
117.03930755530837	0.8864635984073175
113.60685259967795	-2.5459913572231017
108.38516697155137	-7.767676985349681
109.02452154354978	-7.12832241335127
124.64257907929277	8.489735122391721
116.12747274372578	-0.025371213175276353
116.06322097009797	-0.08962298680307867
123.57303417065123	7.420190213750175
111.45330448583081	-4.6995394710702385
115.90888491488658	-0.24395904201446683
118.34959562232689	2.196751665425836
109.84951431689478	-6.303329640006268
113.25716479294442	-2.895679163956629
115.10550709718336	-1.0473368597176886
117.13573134522585	0.9828873883247979
113.30131729379559	-2.85152666310546
117.42816587921334	1.275321922312287
114.08835209625977	-2.064491860641283
118.53470662961809	2.381862672717034
114.69548193256924	-1.4573620243318146
119.50065790941153	3.347813952510478
115.24896977532106	-0.9038741815799938
118.3231041218171	2.1702601649160442
114.67017661865611	-1.4826673382449371
112.62611352706881	-3.5267304298322415
118.0513355942021	1.8984916373010492
110.53149252703952	-5.621351429861534
116.56825309064516	0.41540913374410593
118.90489569458441	2.7520517376833595
115.31025608247	-0.8425878744310467
114.25296843524848	-1.8998755216525751
113.88788656255201	-2.2649573943490395
107.7254495297384	-8.427394427162653
115.47744249240651	-0.6754014644945414
122.09372769441325	5.940883737512195
114.00854809845623	-2.1442958584448206
110.09274846709013	-6.060095489810919
111.36783315209868	-4.7850108048023685
116.47588210490358	0.3230381480025244
116.18216912537537	0.029325168474315433
117.62465109791992	1.4718071410188713
119.43370426632987	3.2808603094288173
116.12865893031994	-0.024185026581108104
116.88056942986259	0.7277254729615379
114.02068015129953	-2.1321638056015217
116.32261361763085	0.1697696607297985
123.01941452939354	6.866570572492492
121.33127331405922	5.178429357158166
117.10904214695347	0.9561981900524188
116.8071313000928	0.6542873431917542
116.24139278584335	0.08854882894229377
113.96828365365582	-2.1845603032452345
118.78664145846233	2.6337975015612756
119.01761637025629	2.86477241335524
119.9280145780831	3.775170621182042
121.15341122482641	5.000567267925362
119.56683394128231	3.41398998438126
122.13557372133073	5.982729764429678
116.50375748977694	0.350913532875893
114.46371425274265	-1.689129704158404
121.31417245738521	5.16132850048416
114.54556112745013	-1.6072828294509236
119.07297174445557	2.92012778755452
123.97571815824904	7.822874201347986
116.0421332085011	-0.11071074839995276
111.5193355393385	-4.6335084175625525
116.84617001875813	0.6933260618570785
119.81684253489584	3.6639985779947892
117.62450611955865	1.4716621626575943
114.72310031034613	-1.4297436465549254
109.94744060982339	-6.205403347077663
112.21204346618288	-3.940800490718175
112.04857245624476	-4.104271500656296
113.94844797789847	-2.2043959790025838
116.14579273661366	-0.007051220287394244
117.26245561259111	1.1096116556900597
108.38857198604637	-7.764271970854679
110.35581829306011	-5.797025663840941
113.83747363247676	-2.3153703244242934
113.38395495956411	-2.768888997336944
111.79116996621451	-4.3616739906865405
108.62122469287624	-7.531619264024812
105.06615099346891	-11.086692963432142
115.16771599390631	-0.9851279629947385
107.30606667091524	-8.846777285985809
112.49161314761295	-3.6612308092880994
114.39036838192806	-1.7624755749729957
111.08730002355878	-5.065543933342269
113.45400586762844	-2.6988380892726127
117.98760112972195	1.8347571728209005
114.4143557107509	-1.7384882461501547
109.2119719743987	-6.940871982502358
111.40401184308939	-4.748832113811659
112.2732230165384	-3.8796209403626563
118.04250509402573	1.8896611371246763
110.66791716473949	-5.484926792161559
118.29180197569076	2.138958018789708
119.70198013343179	3.5491361765307374
113.63292234495384	-2.519921611947211
116.94941438156457	0.7965704246635141
115.1657390162618	-0.9871049406392558
116.37993278963086	0.2270888327298053
112.3186935024878	-3.8341504544132476
112.13971112591025	-4.0131328309907985
121.1830658895633	5.0302219326622435
112.8773214871253	-3.2755224697757512
117.75228477500605	1.5994408181049948
115.50729485492047	-0.6455491019805777
112.58914404500683	-3.5636999118942185
120.94747605293378	4.794632096032728
117.1800815438396	1.0272375869385542
120.8050677628853	4.652223805984249
110.17261836415491	-5.980225592746137
118.57253280198347	2.419688845082419
112.38615456983644	-3.7666893870646163
112.6073981386453	-3.5454458182557573
117.3432876387742	1.1904436818731483
110.41460042852304	-5.738243528378007
107.7920077772942	-8.36083617960685
118.62110055292578	2.4682565960247302
112.63131956821235	-3.5215243886887038
118.29961103740789	2.1467670805068337
117.07549942615515	0.9226554692540958
119.77848916849098	3.6256452115899265
114.70108336925114	-1.4517605876499147
114.55755479185973	-1.5952891650413221
119.99813138540048	3.8452874284994323
118.78545329489862	2.6326093379975646
115.6158968271593	-0.5369471297417476
112.86855688622018	-3.2842870706808753
117.24591489958402	1.0930709426829708
111.0411705450606	-5.1116734118404565
119.1643081118932	3.0114641549921544
121.22326443510974	5.070420478208689
111.58991364144458	-4.5629303154564695
113.39614632174198	-2.756697635159071
111.98293679826497	-4.169907158636079
118.44310666517413	2.290262708273076
118.10702046467122	1.9541765077701712
120.52508818808792	4.372244231186869
112.0961517183556	-4.056692238545452
119.5639211942107	3.411077237309655
110.66699457517097	-5.485849381730077
116.92459013221014	0.7717461753090902
119.53123516372943	3.3783912068283826
110.42391199325175	-5.728931963649302
110.69360469434105	-5.459239262560004
119.06031908750447	2.907475130603416
119.6030653516791	3.4502213947780547
116.99095068199313	0.8381067250920751
112.24284345998421	-3.9100004969168367
121.9699029942567	5.817059037355648
114.77159557210325	-1.3812483847978
113.38711812380643	-2.7657258330946206
116.8144724770973	0.6616285201962455
120.59689201633773	4.444048059436682
115.02998655096053	-1.1228574059405219
111.31715662499482	-4.835687331906229
115.90348117598114	-0.2493627809199097
115.79771287171025	-0.3551310851908056
118.69741189021443	2.544567933313374
115.31595636802876	-0.8368875888722869
112.93537873078049	-3.2174652261205665
110.05485639548351	-6.09798756141754
116.95602407684783	0.8031801199467736
114.32670970159597	-1.8261342553050781
115.0187507279793	-1.1340932289217562
116.09617059760058	-0.05667335930047557
111.93021739426513	-4.222626562635924
116.73486617706112	0.58202222016007
121.7850555839832	5.6322116270821425
127.21139793845214	11.058553981551086
110.35575239380341	-5.797091563097638
114.07504044674715	-2.077803510153899
113.23137182453866	-2.9214721323623962
113.74862825688479	-2.404215700016266
113.62125817682056	-2.5315857800804906
110.78047309227986	-5.372370864621189
114.77666981473158	-1.376174142169475
118.38083186919539	2.2279879122943385
110.94753429363118	-5.2053096632698725
119.25169052402634	3.0988465671252925
117.50773263970041	1.3548886827993556
119.6601341065143	3.5072901496132545
116.75417465877399	0.6013307018729392
122.37857722414265	6.225733267241594
111.4974635766057	-4.655380380295355
118.10497758776546	1.9521336308644095
119.26150951301653	3.108665556115483
115.43579416324064	-0.7170497936604079
112.7738596567815	-3.378984300119555
111.01731501474569	-5.135528942155361
119.65013718953014	3.49729323262909
118.38654533460613	2.2337013777050743
117.71109774063007	1.5582537837290147
114.94550370603974	-1.2073402508613071
114.87243461210346	-1.2804093447975902
111.97792845489312	-4.174915502007934
112.46676912847761	-3.6860748284234433
108.76481257958949	-7.388031377311563
112.47243646440256	-3.680407492498489
119.3598114316992	3.206967474798148
115.9061171461799	-0.24672681072115665
118.6216277469648	2.4687837900637533
116.80294669740033	0.6501027404992783
115.30531363834234	-0.8475303185587109
109.24838131277647	-6.904462644124578
111.70985028554514	-4.442993671355907
117.95670426401557	1.803860307114519
121.32946108454234	5.176617127641293
118.425676312223	2.2728323553219525
117.49802567943789	1.3451817225368359
118.89043080811462	2.737586851213564
111.88435151279555	-4.2684924441055045
118.6612134294428	2.5083694725417445
122.44661820492911	6.293774248028058
116.20134580857848	0.04850185167742893
118.60759120565854	2.454747248757485
112.10649790139723	-4.046346055503818
115.50720259596528	-0.6456413609357696
116.53399865789652	0.38115470099546656
119.66551807564429	3.5126741187432344
113.38114765130376	-2.7716963055972883
113.69776721187532	-2.4550767450257354
116.37901020006393	0.22616624316287925
118.22919768343854	2.0763537265374907
116.13346957594331	-0.019374380957742687
114.08068142297952	-2.072162533921528
113.42259828270107	-2.7302456741999777
111.37949732023117	-4.773346636669885
117.90820241233723	1.7553584554361805
119.16747127613053	3.0146273192294757
112.55013168606092	-3.6027122708401293
112.6624240165711	-3.490419940329957
118.99039997794534	2.8375560210442927
112.8984619681305	-3.2543819887705467
113.50382570440706	-2.6490182524939883
122.47805214957043	6.325208192669379
114.43142361779155	-1.7214203391094998
114.88243811901339	-1.2704058378876653
109.27098475724051	-6.881859199660539
120.9673776279451	4.814533671044046
113.18447791468134	-2.9683660422197136
105.49323088527126	-10.659613071629792
114.49165553686908	-1.6611884200319764
114.01747744750719	-2.1353665093938616
115.29246328362046	-0.8603806732805879
111.60474097382212	-4.548102983078934
113.84953319614033	-2.3033107607607235
117.02324131693968	0.8703973600386234
118.01131497663482	1.85847101973377
119.1863184630613	3.033474506160246
113.16302111725236	-2.9898228396486957
113.16029222910402	-2.9925517277970357
121.40501458039944	5.252170623498387
112.48647300572338	-3.6663709511776688
118.70334282317344	2.5504988662723918
113.96821775439821	-2.184626202502841
113.11218643194661	-3.0406575249544403
117.2169851266408	1.0641411697397416
116.6460998805851	0.49325592368404614
118.0575169443182	1.9046729874171433
119.32609078291716	3.1732468260161113
110.94653921488225	-5.206304742018801
118.89906361051544	2.7462196536143892
118.59961739579467	2.446773438893615
120.69460215971048	4.541758202809433
116.42019064451006	0.26734668760900604
109.40331046129177	-6.749533495609285
114.44644205800614	-1.7064018988949101
118.99323364590964	2.840389689008589
109.62697253276201	-6.525871424139041
119.15172135420289	2.9988773973018397
120.36617872458146	4.213334767680408
121.33542496712835	5.182581010227295
119.27596780956355	3.123123852662502
118.55737597334155	2.4045320164404984
113.04615537843483	-3.106688578466219
116.92162466573791	0.7687807088368572
123.27259946710547	7.119755510204413
112.83336668403717	-3.319477272863878
122.33188760197663	6.179043645075581
112.64225884454208	-3.5105851123589673
115.1531720283283	-0.9996719285727522
109.34070616904091	-6.812137787860138
117.52499824450933	1.3721542876082822
116.54389013607579	0.3910461791747366
119.41175981442211	3.2589158575210604
113.03159164308033	-3.121252313820719
118.96423797371153	2.811394016810482
113.50369390590276	-2.649150050998287
118.23842357913963	2.0855796222385834
119.31225193936575	3.1594079824646997
114.44883420096266	-1.7040097559383867
115.58729655049046	-0.5655474064105874
118.9911907689966	2.8383468120955513
117.34318878989143	1.1903448329903767
113.9985314116966	-2.154312545204448
117.87380300122823	1.7209590443271736
123.49626153857389	7.343417581672838
112.50439760308109	-3.6484463538199634
120.48011853647404	4.327274579572986
115.41226812921195	-0.7405758276890992
114.3110915781615	-1.8417523787395567
117.29980072039962	1.1469567634985651
109.97307542002454	-6.179768536876509
122.54823485613451	6.395390899233462
111.08690462802952	-5.065939328871536
121.7969899390664	5.644145982165355
117.19668815610203	1.0438441992009757
119.17880594798771	3.0259619910866604
121.0813174398354	4.928473482934351
114.7193374628859	-1.4335064940151483
122.64523855949665	6.492394602595596
117.35873442414595	1.205890467244899
112.40014498167147	-3.7526989752295776
118.05225159383735	1.8994076369363029
116.82778412660855	0.6749401697074973
109.66697338054655	-6.4858705763545
111.91374258051474	-4.239101376386316
110.57592180476422	-5.576922152136831
120.02725885610562	3.8744148992045666
111.63861319090938	-4.51423076599167
111.55103308099933	-4.6018108759017196
119.39324212375504	3.2403981668539927
111.2639759262238	-4.8888680306772585
119.64425238606054	3.491408429159492
118.40686207492149	2.25401811802044
119.35553061609426	3.202686659193205
116.54883258019254	0.3959886232914869
120.21092007980042	4.058076122899365
114.14449826152008	-2.0083456953809673
105.69410499436344	-10.458738962537609
117.45125697816547	1.2984130212644232
111.9010240243042	-4.251819932596845
118.50910740502331	2.356263448122263
116.0935346274	-0.059309329501047614
123.62318350368878	7.470339546787727
115.16573901625361	-0.9871049406474413
110.90383649764408	-5.249007459256973
117.52328486388433	1.3704409069832764
111.3705350215605	-4.782308935340552
117.87508144677304	1.7222374898719863
114.81462778561581	-1.3382161712852394
119.22935067657704	3.07650671967599
113.62613472169141	-2.526709235209637
116.05933291405745	-0.0935110428436019
118.57918862674705	2.426344669846003
119.27950000963028	3.1266560527292313
115.26170151138695	-0.8911424455141059
111.30727173675405	-4.845572220147005
114.90477137653124	-1.2480725803698078
110.43008675344754	-5.7227572034535115
117.45369525058777	1.3008512936867191
105.65772860561992	-10.495115351281129
118.61051713257075	2.4576731756696972
119.6310066358019	3.478162678900844
110.15273919489846	-6.000104762002593
122.8669236533201	6.714079696419049
114.14739782873221	-2.005446128168842
113.52959231311252	-2.623251643788535
112.77102598881174	-3.381817968089308
118.98519393679817	2.832349979897117
114.65139533097681	-1.5014486259242403
120.51252779008428	4.359683833183226
117.02119844004119	0.8683544831401377
111.92349567025576	-4.2293482866452905
116.07106298144754	-0.08178097545351193
114.8801975443348	-1.272646412566246
112.9614089365059	-3.191435020395147
112.52251989820616	-3.630324058694896
119.80933001983249	3.6564860629314353
113.38257107520803	-2.7702728816930176
116.2665201717773	0.11367621487625001
118.07677270662316	1.9239287497221085
116.37650602836982	0.22366207146876604
117.95426599158236	1.801422034681309
127.7424141352385	11.589570178337453
118.98987278391724	2.8370288270161836
119.92037026450453	3.7675263076034753
109.95725959881747	-6.195584358083579
110.2437895595649	-5.909054397336149
118.38902314659026	2.23617918968921
116.87494822341432	0.72210426651327
115.2091666253009	-0.9436773316001563
108.50418102607	-7.648662930831051
120.39781036697968	4.244966410078632
116.63453456132265	0.48169060442160117
111.30489936356753	-4.847944593333523
115.46281285778969	-0.6900310991113656
121.57536415457434	5.422520197673293
113.34257022742895	-2.810273729472101
116.6970400046921	0.544196047791047
117.24406972044699	1.0912257635459355
117.33006824822064	1.1772242913195896
117.90451205405634	1.7516680971552887
116.03297321205537	-0.11987074484568438
111.20888414904039	-4.943959807860665
108.22265940870784	-7.9301845481932105
115.16778189316028	-0.9850620637407701
114.9828488138537	-1.1699951430473448
107.76472548570746	-8.388118471193593
117.28638363208029	1.133539675179236
111.24308586237385	-4.909758094527206
118.46406262825985	2.3112186713588017
114.41106074799245	-1.7417832089086005
112.5883532539483	-3.564490702952753
116.25986434701917	0.10702039011812303
112.39836570178886	-3.75447825511219
116.33433050517107	0.18148654827001565
119.95753744432659	3.8046934874255385
116.86659878780483	0.7137548309037811
117.72203701696708	1.569193060066027
114.09507382027368	-2.0577701366273686
109.21786995771254	-6.934973999188514
124.44237714260817	8.289533185707114
120.52684110826885	4.373997151367803
117.02063170644215	0.867787749541094
116.48451490731532	0.33167095041426364
116.50843633687691	0.35559237997586024
117.8413805677659	1.688536610864844
113.29512276382593	-2.857721193075122
116.83022239904676	0.6773784421457094
120.14449363075983	3.991649673858774
109.39447996112358	-6.758363995777472
121.80886498481686	5.656021027915813
117.6944911283681	1.5416471714670479
105.56328179333468	-10.58956216356637
112.27902215098129	-3.8738218059197607
118.56146172714944	2.4086177702483837
111.25659520965473	-4.896248747246318
116.17564509913109	0.02280114223003693
118.89776539519335	2.7449214382922946
112.11644868889198	-4.036395268009073
116.67122726650814	0.5183833096070884
110.61915171604323	-5.5336922408578175
117.31708609498696	1.1642421380859105
114.8592877107294	-1.2935562461716472
112.50887875241824	-3.643965204482811
112.85195027395821	-3.300893682942842
114.50958013422041	-1.6432638226806375
114.96270341160562	-1.190140545295435
110.35212793477695	-5.8007160221241065
116.98192248405758	0.8290785271565255
117.48071394514773	1.3278699882466753
113.60227919138151	-2.550564765519539
111.30615144941567	-4.846692507485386
117.30983717693704	1.1569932200359858
113.1597656940503	-2.9930782628507586
111.53747760424176	-4.615366352659294
113.6217853708622	-2.531058586038853
123.21658510035013	7.063741143449079
124.07597728480323	7.923133327902178
118.11677355441498	1.9639295975139248
115.71423828539628	-0.43860567150477436
118.55922774240571	2.4063837855046586
118.93254043205525	2.7796964751541964
124.17120170827548	8.018357751374424
118.85926046049644	2.706416503595392
118.37062407459598	2.2177801176949288
114.22087549806747	-1.9319684588335804
120.44104027826074	4.288196321359692
115.3740465613082	-0.7787973955928464
114.35387996443387	-1.7989639924671792
115.38612589475451	-0.7667180621465377
121.56594715103529	5.413103194134237
114.12453078725412	-2.0283131696469354
114.80678577427261	-1.3460581826284397
118.15973986866447	2.006895911763422
110.99820423080382	-5.15463972609723
112.3035366738477	-3.8493072830533492
115.29463795903575	-0.8582059978652978
124.46351103368397	8.31066707678292
110.52188441566977	-5.630959541231277
112.81379460530661	-3.33904935159444
112.8948506889501	-3.257993267950951
118.0333319177289	1.8804879608278497
112.82955111717638	-3.3232928397246724
116.78732198404032	0.6344780271392665
115.05779603656583	-1.0950479203352188
114.41935746419949	-1.7334864927015587
116.86475360866825	0.7119096517672006
114.54285925799377	-1.609984698907283
116.47522311236753	0.32237915546647855
116.72221352010138	0.5693695632003255
107.34452547613455	-8.808318480766502
118.07703630364267	1.92419234674162
122.22532850664356	6.072484549742512
120.79457660148455	4.641732644583499
114.20770289598295	-1.945141060918104
120.74720821698793	4.594364260086877
116.52346136702545	0.370617410124396
113.48609880481308	-2.6667451520879695
119.14813643471098	2.995292477809926
120.7473400154995	4.594496058598452
108.66293233136093	-7.489911625540117
116.62026737261476	0.4674234157137107
107.61493647909083	-8.537907477810222
120.68627776581843	4.53343380891738
113.51324929787552	-2.6395946590255335
116.75838562117042	0.6055416642693672
118.28374908673004	2.1309051298289887
114.32341473884571	-1.8294292180553384
115.49950556298063	-0.6533383939204214
120.12011090641317	3.9672669495121227
121.52073367217872	5.36788971527767
112.02234455275538	-4.130499404145667
118.06346105712146	1.9106171002204064
112.8765306960704	-3.2763132608306478
112.89083083439891	-3.2620131225021396
116.43825363030192	0.28540967340086354
120.6299075430943	4.477063586193253
112.21365009001966	-3.9391938668813964
112.61668993359854	-3.5361540233025153
122.38954945010119	6.236705493200134
119.40233622095138	3.249492264050332
114.70411473498098	-1.4487292219200754
111.32453734155933	-4.828306615341717
119.19580795578077	3.0429639988797135
117.66895780302912	1.5161138461280643
113.82686385241868	-2.325980104482369
118.42076681772562	2.2679228608245694
117.80420020809288	1.651356251191828
116.4516970783261	0.29885312142505427
115.05670869885853	-1.0961352580425228
119.3413135108276	3.188469553926552
115.78242424454584	-0.37041971235521487
111.30111674633372	-4.851727210567333
114.11243827396265	-2.040405682938399
116.0104356668453	-0.14240829005575506
110.6975718294907	-5.455272127410353
114.12176301854379	-2.031080938357263
121.56475437452536	5.411910417624313
123.73659612156189	7.583752164660837
117.83202287354652	1.6791789166454691
123.42429955210537	7.271455595204316
115.34208542264241	-0.810758534258639
115.49352191062735	-0.6593220462737008
120.23919086020032	4.0863469032992725
116.60959169330454	0.45674773640348576
109.79239943258744	-6.360444524313607
120.077803584707	3.924959627805947
120.12050630193698	3.967662345035933
118.41121142575139	2.258367468850338
115.06288345905159	-1.0899604978494608
117.65903732919105	1.5061933722899994
116.02605379028046	-0.1267901666205944
108.32282627630957	-7.830017680591482
108.66952225686691	-7.483321700034139
120.72361628369981	4.57077232679876
116.34264699115283	0.18980303425178136
117.06146288484524	0.9086189279441896
117.42982654043954	1.2769825835384836
116.6851781387868	0.5323341818857443
121.27842211154348	5.125578154642426
120.65936451007656	4.5065205531755055
117.02245052588296	0.8696065689819079
116.24912276845134	0.09627881155029172
115.3384609636123	-0.8143829932887456
112.81939604198487	-3.333447914916178
116.59193069296452	0.4390867360634729
113.31766030904691	-2.8351836478541372
110.50395981830297	-5.648884138598078
119.57348317611104	3.4206392192099884
120.32466219393245	4.1718182370314025
117.9905105818334	1.8376666249323534
117.20144608231112	1.0486021254100706
118.86229182622651	2.7094478693254587
119.67588402846013	3.5230400715590804
120.35682103037107	4.203977073470014
119.61789268405482	3.4650487271537713
117.452640862517	1.299796905615949
119.20318867233436	3.0503447154333116
121.14418532910713	4.9913413722060795
120.3336244926104	4.180780535709346
115.00118857651978	-1.1516553803812712
111.03319014528051	-5.1196538116205375
114.90003322009943	-1.2528107368016208
109.42347563332441	-6.729368323576637
115.90493095959027	-0.24791299731077743
113.7983953742696	-2.3544485826314485
117.44873962662678	1.2958956697257236
113.09399823756439	-3.0588457193366594
113.81282731109968	-2.34001664580137
112.93511513375961	-3.2177288231414423
112.89748665915431	-3.255357297746741
114.45804691681042	-1.6947970400906343
116.26217082094809	0.10932686404703418
117.3285525653555	1.1757086084544426
109.42174907284061	-6.73109488406044
112.78110857482534	-3.3717353820757126
116.56518218536166	0.4123382284606123
119.31633769318069	3.1634937362796336
118.15960807016017	2.0067641132591234
114.7366689669434	-1.4161749899576535
120.00907066173386	3.8562267048328067
109.63738461505022	-6.515459341850828
116.78593150976076	0.6330875528597062
117.87307810941275	1.7202341525116935
117.21184498474759	1.0590010278465343
115.36292276706627	-0.7899211898347858
113.56563920559711	-2.5872047513039433
117.13223868471277	0.979394727811723
111.3628248087116	-4.790019148189458
119.64550447190413	3.492660515003081
120.26693444653938	4.114090489638329
111.14799323741772	-5.004850719483329
122.85644567178679	6.703601714885735
109.57471442354654	-6.578129533354513
117.94741246906096	1.7945685121599126
116.35581366228871	0.2029697053876589
122.67937437359069	6.5265304166896385
117.29594561398153	1.1431016570804786
114.19658239670207	-1.956261560198982
110.72169095683057	-5.431153000070481
116.16483762132702	0.011993664425972383
119.2430577216146	3.0902137647135532
119.8737004121158	3.7208564552147436
122.21023757725197	6.057393620350922
117.6074382125189	1.4545942556178488
112.12363170769277	-4.029212249208285
115.35887655281022	-0.7939674040908358
119.5128492715844	3.360005314683349
117.31563631137396	1.1627923544729128
118.52944127914543	2.376597322244379
112.09424063996039	-4.058603316940662
116.72913294187674	0.5762889849756903
115.98018790880087	-0.17265604810017976
116.89790093393094	0.7450569770298898
116.60570363725856	0.45285968035750557
118.0920613337803	1.9392173768792418
116.7375680465193	0.5847240896182484
116.87622007903656	0.7233761221355053
121.75796440025442	5.605120443353371
114.89344329459527	-1.2594006623057794
121.02299659916025	4.8701526422592
121.98268744972665	5.829843492825603
114.09563396393878	-2.057209992962271
116.92226388850395	0.7694199316028971
120.42113870327012	4.268294746369065
119.4967276778425	3.3438837209414487
122.35126198294893	6.198418026047875
115.47111616392067	-0.6817277929803822
124.36402292841376	8.211178971512709
120.46997005120647	4.317126094305422
124.22339391823334	8.07054996133229
118.74202568584587	2.5891817289448227
110.59681186859598	-5.556032088305074
114.12163122003403	-2.031212736867019
107.84601221675803	-8.306831740143025
115.14702362783282	-1.0058203290682286
119.33584387266092	3.182999915759865
117.70734148309566	1.5544975261946092
111.50543079652562	-4.647413160375436
115.99251106948213	-0.16033288741891738
110.02390351540271	-6.128940441498344
117.40466620489315	1.251822247992095
112.47039358750044	-3.6824503694006125
112.43217201960215	-3.7206719372989028
121.61266313290616	5.459819176005112
113.07238328192489	-3.080460674976166
121.9004451794899	5.747601222588855
122.093661795152	5.9408178382509504
118.09304982260801	1.9402058657069574
116.7478483302948	0.5950043733937491
110.95622640536749	-5.1966175515335635
114.76981629221336	-1.3830276646876882
114.53600573547786	-1.616838221423194
117.4423605787415	1.2895166218404484
116.532041450022	0.3791974931209552
110.24734811933013	-5.905495837570925
113.56590280261298	-2.58694115428807
108.6983202313022	-7.454523725598847
116.60464924918051	0.45180529227945954
125.92339699948207	9.770553042581014
122.70804054952168	6.555196592620632
115.31450658441918	-0.8383373724818739
114.96584680606429	-1.1869971508367598
113.71767537681217	-2.4351685800888845
112.96002505215074	-3.192818904750311
109.40548513670728	-6.747358820193767
119.44161217693909	3.288768220038037
116.5856900335175	0.4328460766164426
113.55832438829748	-2.594519568603573
112.4034597141981	-3.749384242702945
112.75165160784354	-3.40119234905751
122.21854088339023	6.065696926489181
118.7573143130121	2.604470356111051
114.60065290463172	-1.552191052269336
116.29070519835659	0.13786124145553913
119.10163792038531	2.9487939634842633
117.4900716393604	1.3372276824593428
109.59308054591384	-6.559763410987216
125.10875040915562	8.955906452254567
114.68928740261617	-1.463556554284878
110.26462426802027	-5.888219688880781
117.27214280307817	1.1192988461771165
119.01313522092096	2.8602912640199065
115.24448862598001	-0.9083553309210401
117.22695568392237	1.074111727021318
119.68860258466884	3.535758627767791
117.63748827279596	1.4846443158949114
114.99585073686467	-1.1569932200363837
117.52901809906552	1.3761741421644729
120.62351531535387	4.470671358452819
119.70395711108358	3.5511131541825307
105.43742739612935	-10.7154165607717
120.88974830555162	4.736904348650569
117.28828812055144	1.1354441636503907
114.79744784983814	-1.3553961070629157
115.3718718858945	-0.7809720710065449
118.46798363393282	2.315139677031766
118.6786306025424	2.5257866456413467
125.68075594257971	9.527911985678656
113.91332367497671	-2.2395202819243423
115.29542875009429	-0.8574152068067633
115.76946186108762	-0.3833820958134311
114.48216604413756	-1.6706779127634945
113.76037150412958	-2.3924724527714716
107.08655625250685	-9.066287704394199
125.11383783165184	8.960993874750784
117.83110028398733	1.6782563270862738
109.02920698058097	-7.1236369763200855
118.1194754238677	1.9666314669666463
115.08237645868394	-1.0704674982171127
115.27579077210612	-0.8770531847949314
115.88351370171586	-0.2693302551851957
116.1280658370215	-0.02477811987955647
119.8729228009106	3.7200788440095494
118.77863272200375	2.6257887651026977
114.6887602085626	-1.464083748338453
121.09553849907024	4.942694542169193
117.2112518914546	1.0584079345535429
116.2681017538971	0.11525779699604755
119.91279185018357	3.759947893282515
117.77172505522958	1.6188810983285293
112.80191362862388	-3.3509303282771725
111.823592399669	-4.329251557232055
113.99059055146745	-2.162253405433603
124.24817203811108	8.095328081210027
124.96792370123148	8.815079744330433
110.61361617861985	-5.539227778281202
116.4768705937372	0.32402663683615174
110.88246536924453	-5.2703785876565235
117.4403836010913	1.2875396441902467
118.8362945701274	2.6834506132263414
118.55045655158028	2.397612594679231
115.95097476905903	-0.20186918784202135
118.60673451533512	2.4538905584340682
109.55316536717146	-6.599678589729592
108.44803486080855	-7.704809096092504
114.91301537332765	-1.2398285835733986
110.67213471706054	-5.4807092398405075
116.19330609947065	0.04046214256959502
109.25885929432843	-6.89398466257262
117.18812125295153	1.0352772960504808
112.90354939061581	-3.2492945662852435
115.46024278685218	-0.6926011700488743
118.5706217236002	2.417777766699146
111.24710571693413	-4.905738239966922
96.90512135501194	-19.24772260188911
122.80201288715034	6.649168930249289
119.13386265608005	2.9810186991790033
114.32934567179473	-1.823498285106325
124.52830977112171	8.37546581422066
117.47847337048006	1.3256294135790085
121.27268887636092	5.119844919459865
126.23714335252953	10.084299395628477
112.44526488358315	-3.707579073317902
113.5814550267969	-2.571388930104149
122.55280628746004	6.399962330558992
117.53720937646176	1.3843654195607087
118.18254101090065	2.029697053999598
116.85796598540765	0.7051220285065938
121.78937198518724	5.636528028286193
106.86434396465484	-9.288499992246216
114.13415207848448	-2.0186918784165755
116.24852967516017	0.09568571825911931
116.87081634012566	0.7179723832246054
117.01856246983584	0.8657185129347909
113.31157780779722	-2.8412661491038307
112.92424175668589	-3.228602200215164
123.28973327339918	7.136889316498127
115.94756777757357	-0.205276179327484
120.91531721649517	4.762473259594117
114.94603090007877	-1.2068130568222841
120.11648644738307	3.963642490482016
114.67184386980989	-1.4810000870911608
117.394583618865	1.2417396619639476
112.16259134724714	-3.9902526096539077
121.63875923789237	5.485915280991321
114.1947728031596	-1.9580711537414572
120.44677351344217	4.293929556541116
118.15983212762876	2.006988170727709
116.90106409816872	0.7482201412676659
117.89143105193762	1.7385870950365643
115.12132291838498	-1.0315210385160754
109.25273066361115	-6.900113293289905
110.52894090788686	-5.623903049014189
114.98442380604865	-1.1684201508523984
117.52184826012126	1.3690043032202084
115.55059066546164	-0.6022532914394105
118.40765286598094	2.254808909079884
121.23960745034856	5.086763493447506
124.41061370170064	8.257769744799589
110.45565566438506	-5.697188292515989
111.7302065654153	-4.42263739148575
118.96193149978535	2.809087542884299
124.1996042871906	8.046760330289544
111.14884992772568	-5.003994029175374
106.60535989250639	-9.547484064394666
119.78534269101146	3.6324987341104134
119.61367513173673	3.4608311748356755
116.29854720970684	0.145703252805788
114.75096910528373	-1.4018748516173218
123.35503943510412	7.202195478203066
118.05660753459233	1.9037635776912794
116.12391418395578	-0.028929772945275545
116.53525733366769	0.38241337676663534
116.29401993088777	0.14117597398671933
117.84177596330119	1.6889320064001367
115.53958548987043	-0.6132584670306187
112.74545707787183	-3.407386879029218
119.28000743389293	3.127163476991882
116.33749366941629	0.1846497125152382
114.2403816775477	-1.912462279353349
112.84938020300615	-3.3034637538949028
115.90901671339816	-0.2438272435028921
115.88364550022379	-0.26919845667725895
111.65904195994153	-4.493801996959519
118.33812915195813	2.1852851950570766
119.40609247848624	3.253248521585192
123.15226742746745	6.9994234705663985
120.89008439175723	4.737240434856176
115.53207297479821	-0.6207709821028402
116.2074085400418	0.054564583140745526
117.08940416896439	0.9365602120633412
118.8331643555066	2.680320398605545
115.43829833494237	-0.7145456219586777
124.01014392905927	7.857299972158216
120.73066750399084	4.5778235470897926
112.44322332466345	-3.709620632237602
123.58272136112282	7.42987740422177
121.2808603839876	5.12801642708655
115.39170756164822	-0.7611363952528336
111.04117054506048	-5.11167341184057
121.75566451625491	5.602820559353859
114.55821378440305	-1.5946301724980003
118.17173353307919	2.0188895761781396
116.37821940899994	0.22537545209888776
121.92008315748535	5.767239200584299
115.72693707184044	-0.4259068850606127
117.23032313585281	1.0774791789517622
119.59384604590741	3.4410020890063606
116.24932046622052	0.09647650931947283
116.62501211896597	0.47216816206491785
115.09808684107338	-1.0547571158276696
119.79259160906076	3.6397476521597127
117.10886421896248	0.9560202620614291
121.7264184268879	5.573574469986852
119.57584895936816	3.4230050024671073
117.3051583298402	1.152314372939145
116.77351609011885	0.6206721332177949
113.54573763060034	-2.607106326300709
114.00037659083591	-2.1524673660651388
121.5805701957288	5.427726238827745
117.96368958504172	1.8108456281406689
116.43027982044805	0.277435863546998
112.39770670923599	-3.7551372476650613
114.10996705189609	-2.0428769050049596
115.46544223806995	-0.6874017188310972
113.93078697755482	-2.2220569793462346
111.72296423729131	-4.429879719609744
112.92318077867822	-3.229663178222836
112.70422391401735	-3.4486200428837037
117.19194340973627	1.0390994528352167
116.355220569003	0.20237661210194346
117.28486135929234	1.1320174023912841
120.66760191695357	4.5147579600525205
117.25230712731718	1.0994631704161293
112.03717188512746	-4.115672071773588
122.33445767292142	6.181613716020365
118.83415284434159	2.6813088874405366
111.73990034582516	-4.412943611075889
112.50927414794933	-3.6435698089517246
119.78418286412216	3.6313389072211066
116.76730838029562	0.6144644233945655
116.83305606700742	0.6802121101063676
117.02291182065892	0.8700678637578676
113.07172428937463	-3.0811196675264227
110.06733112444726	-6.085512832453787
107.97619619501165	-8.176647761889399
109.95772089360707	-6.195123063293977
111.86609741915527	-4.286746537745785
115.63158084984752	-0.5212631070535281
114.85042426093241	-1.3024196959686378
116.3407227329044	0.18787877600334468
114.50773495508474	-1.6451090018163086
118.14480050756265	1.9919565506615982
116.38335955089201	0.23051559399095822
108.47588059100963	-7.6769633658914245
116.04588946605509	-0.10695449084596476
118.52291066297607	2.370066706075022
119.76866358956977	3.6158196326687175
116.81542142637363	0.6625774694725806
119.99536361669743	3.8425196597963804
114.6985791975676	-1.454264759333455
116.94554609529587	0.7927021383948158
110.49934687045607	-5.653497086444986
118.5663382720304	2.4134943151293555
113.57117474302004	-2.581669213881014
117.46779769117165	1.3149537342706026
114.32921387330134	-1.82363008359971
107.98094094137195	-8.171903015529097
113.58718826197583	-2.5656556949252263
115.25832746952801	-0.8945164873730391
120.09130634204848	3.9384623851474316
116.36530315501659	0.21245919811553904
114.21039751651915	-1.9424464403819002
115.13120780663849	-1.021636150262566
115.28244659685879	-0.8703973600422614
119.52260236132861	3.3697584044275573
117.93640729346953	1.783563336568477
107.26165913994919	-8.891184816951863
111.91540324174093	-4.237440715160119
119.92333573098585	3.770491774084803
121.6060732074111	5.453229250510049
111.49363482989065	-4.659209127010399
112.09344984890777	-4.059394107993285
122.6198673463249	6.467023389423844
112.53530435367793	-3.617539603223122
119.3996343514973	3.246790394596246
118.44864220258933	2.2957982456882746
118.00177935443685	1.8489353975357972
113.22032710939311	-2.932516847507941
113.40023207554987	-2.7526118813511857
112.08817790848843	-4.064666048412619
117.9311353530793	1.778291396178247
119.63568548290641	3.482841526005359
117.86142053121148	1.7085765743104275
118.35849202175268	2.20564806485163
114.05863153225937	-2.0942124246416824
120.10956702561089	3.9567230687098345
118.11789384174699	1.9650498848459392
119.009774358914	2.8569304020129493
112.16890449587709	-3.983939461023965
117.74754002864486	1.5946960717438117
109.8539954662374	-6.298848490663659
115.06669243599026	-1.0861515209107893
124.84152893014834	8.688684973247291
118.54399842457497	2.391154467673914
121.17898013574813	5.026136178847082
117.35306708821736	1.2002231313163065
120.37841621623375	4.225572259332694
118.55777136887627	2.4049274119752226
112.78473303384817	-3.368110923052882
113.97000362420567	-2.1828403326953776
114.89164424493174	-1.2611997119693115
121.63635391507796	5.48350995817691
125.54553067130473	9.39268671440368
116.89338024503559	0.7405362881345354
115.17153815069832	-0.9813058062027267
115.9293400436427	-0.22350391325835517
117.77574490978441	1.6229009528833558
108.96191725131212	-7.190926705588936
115.33101434779746	-0.8218296091035882
114.48499971210185	-1.6678442447991983
122.54764176285971	6.39479780595866
113.8063032848595	-2.346540672041556
108.21185193089696	-7.940992026004096
114.11345971241099	-2.0393842444900656
110.10704860543638	-6.045795351464676
117.75254837202374	1.5997044151226874
109.56515903158288	-6.587684925318172
117.27194510531262	1.1191011484115734
118.59030583106323	2.4374618741621816
111.34125598255378	-4.811587974347276
116.41120198612725	0.2583580292262013
117.71442565300822	1.5615816961071687
123.1951678424739	7.042323885572841
121.35677237178606	5.203928414885013
120.2090749006602	4.056230943759147
114.71703098896167	-1.435812967939384
122.65116949245203	6.4983255355509755
108.55004690755595	-7.602797049345099
112.85854019945691	-3.2943037574441405
118.86066411462525	2.7078201577242
116.15335138116461	0.0005074242635600967
118.48297571444346	2.3301317575424036
115.14268745685695	-1.0101565000441042
125.52167514100438	9.368831184103328
120.198926415389	4.046082458487945
113.75925121679757	-2.393592740103486
116.63531876245725	0.48247480555619404
113.87516800633512	-2.2776759505659356
116.41853657321371	0.2656926163126627
120.70015614892145	4.547312192020399
116.01122645790383	-0.14161749899722054
113.36326259349153	-2.789581363409525
117.77624574412403	1.6234017872229742
116.70942906462005	0.5565851077190018
112.29477866285151	-3.8580652940495384
110.90607707231175	-5.246766884589306
117.15991637181287	1.0070724149118178
125.76859964948017	9.615755692579114
111.27221333308808	-4.880630623812976
118.03536161478405	1.8825176578829996
121.00322682267142	4.850382865770371
108.66725532249257	-7.4855886344084865
116.24885917143547	0.09601521453441819
116.70679309442858	0.5539491375275247
114.43029015060529	-1.722553806295764
117.48763336692537	1.3347894100243138
118.39249603732605	2.239652080425003
110.81269782797608	-5.340146128924971
111.94904481141839	-4.203799145482662
112.22228289242389	-3.9305610644771605
113.63542651664648	-2.517417440254576
112.75198110411657	-3.400862852784485
111.52559596856736	-4.627247988333693
115.9589947083914	-0.19384924850965035
118.22590931061768	2.073065353716629
120.08782027146117	3.9349763145601173
119.50441416694593	3.3515702100448834
111.75826646819405	-4.394577488707
112.6904970992	-3.46234685770105
114.43320289767735	-1.7196410592237044
125.68853205465712	9.535688097756065
119.15873303491753	3.00588907801648
114.9932147666641	-1.1596291902369558
113.40998516528634	-2.742858791614708
110.8787157016377	-5.274128255263349
121.64495376785635	5.492109810955299
119.96399557131372	3.8111516144126654
117.35313298747269	1.2002890305716392
116.17478840881085	0.02194445190980332
115.11582033059494	-1.0370236263061088
111.92296847621401	-4.229875480687042
110.60856170576153	-5.544282251139521
114.31478193644216	-1.8380620204588922
117.09059035555038	0.937746398649324
115.43889142822991	-0.7139525286711432
119.87944682714988	3.7266028702488256
115.52092941078081	-0.6319145461202424
116.8396459925134	0.6868020356123452
123.5867412156731	7.433897258772049
121.21529062526679	5.062446668365737
116.72470451194022	0.5718605550391658
111.04993514597663	-5.1029088109244185
118.23071336630528	2.0778694094042294
114.01039327759645	-2.142450679304602
109.00804672979575	-7.1447972271053
109.78908470006172	-6.36375925683933
120.40697036342317	4.2541264065221185
114.3270523777228	-1.825791579178258
114.11991783940539	-2.0329261174956628
109.60239211064254	-6.550451846258511
115.482912130572	-0.6699318263290479
112.32152717045392	-3.8313167864471325
120.23602769595891	4.0831837390578585
114.68757402197843	-1.4652699349226168
116.67391595611207	0.5210719992110171
117.26590214362841	1.1130581867273577
111.60572946264574	-4.547114494255311
113.6312748635828	-2.5215690933182486
116.37815350974506	0.22530955284400989
120.35545032586742	4.2026063689663715
117.7483571794055	1.5955132225044508
118.54511871191062	2.3922747550095664
116.9774413347186	0.8245973778175539
119.1383438054254	2.9854998485243414
114.54714270957265	-1.6057012473283976
110.73394821825059	-5.418895738650463
116.40220673781369	0.24936278091263375
121.45628420079083	5.303440243889781
113.26362291993428	-2.8892210369667737
119.76781348918303	3.6149695322819753
112.48660480423132	-3.666239152669732
117.25896295207349	1.1061189951724373
113.35416849629837	-2.7986754606026807
120.84922026373533	4.696376306834281
112.50162983437622	-3.6512141225248342
120.22166165836825	4.0688177014671965
118.18741755576775	2.0345735988667
117.26845244479682	1.11560848789577
108.33350195561798	-7.819342001283076
114.15036329521718	-2.002480661683876
109.29978273168308	-6.853061225217971
114.21856902413492	-1.9342749327661295
114.48025496574701	-1.6725889911540435
115.29127709703607	-0.861566859864979
117.07846489263466	0.9256209357336047
121.58663292718484	5.433788970283786
112.86051717710143	-3.292326779799623
112.66222631880373	-3.4906176380973193
114.97252240059561	-1.1803215563054437
113.92525144013052	-2.227592516770528
119.86534438658032	3.7125004296792667
114.01889428149298	-2.1339496754080756
114.68704682793759	-1.4657971289634588
119.54133092959546	3.388486972694409
114.80441340109246	-1.3484305558085907
110.20241141734732	-5.950432539553731
115.75045651594701	-0.402387440954044
116.45851106129248	0.3056671043914321
120.47941341444857	4.326569457547521
111.81113744048344	-4.3417065164176165
111.58899105187652	-4.5638529050245324
117.37141344080919	1.2185694839081407
112.95503647854639	-3.1978074783546617
114.77811959834071	-1.3747243585603428
117.74220218899063	1.5893582320895803
127.00289269563655	10.850048738735495
115.7812380579544	-0.37160589894665463
114.11365741017653	-2.0391865467245225
117.43399137335291	1.2811474164518586
