name = 'C-O'
composition = {'H':0, 'C':1, 'N':0, 'O':1, 'Pt':1}
facet = ['Ni110'] 
IS_SPE =[-82.141, 'eV']
IS_ZPE =[0.187, 'eV']
IS_frequencies=[66.5, 153.4, 271.3, 339.5, 343.1, 1838.3, 'cm-1']
TST_SPE=[-80.02972796, 'eV']
TST_ZPE=[0.147, 'eV']
TST_frequencies=[82.2, 470.9, 533.6, 632.3, 646.1, 'cm-1']
no_reactants=2
bee_IS = [-5.03796050e+02, -3.95778330e+01, -1.16391862e+02,  3.89583417e+02,    -1.84845024e+02, -1.60390538e+02, -3.46224201e+02, -7.68034258e+02,    -3.65598596e+02, -4.07317339e+02, -3.33239376e+02,  4.19141997e+01,     1.20794856e+01,  2.43361778e+01,  2.71679683e+01,  4.04492462e+02,    -1.78402102e+02, -1.54674939e+02,  1.48641261e+02, -9.56144072e+02,     5.02418295e+02, -2.26363346e+02, -4.47342922e+01, -1.03656425e+02,    -4.53913191e+01, -4.90550380e+01,  7.43401552e+02, -1.83459620e+02,    -7.15386044e+01, -4.50836356e+02,  6.60656784e+02, -1.14814294e+02,    -3.34004881e+02,  2.05051647e+02, -3.67697157e+01,  1.69046285e+02,    -2.54373118e+01,  6.07540972e+01,  2.35886008e+02, -8.73725650e+02,     4.66163178e+02,  1.10483092e+02, -5.23821761e+01, -2.89761016e+02,     9.63058302e+01, -1.57940471e+02,  3.77076286e+02,  3.17438956e+02,    -2.33725060e+02, -2.51138220e+02, -2.54502555e+02, -2.91997163e+02,     1.00102466e+02, -4.27386791e+02,  1.19057450e+02,  5.16363400e+02,     5.89822343e+02,  2.99815755e+02,  1.39186629e+02,  2.37502834e+02,     7.71012274e+02,  1.78595889e+02, -4.73956058e+02, -1.05426260e+02,    -2.03642905e+02,  5.23400130e+02, -6.44229859e+02, -5.36281085e+02,    -2.34638923e+02, -8.91118004e+01, -3.74402232e+02,  2.30546853e+02,     8.23448333e+01,  1.13473068e+02, -3.31268505e+02, -2.99644839e+02,    -4.84549050e+02,  3.19187284e+02, -2.81576829e+02,  2.27352540e+02,    -5.68752225e+01, -2.50905260e+02, -4.98918738e+02, -1.47077476e+02,    -9.70006238e+01, -1.36990669e+02,  3.38846783e+02,  6.10505386e+02,    -3.64692449e+02, -6.88124652e+02, -1.70212347e+02,  9.51952075e+02,    -4.90382913e+02,  2.82656923e+02, -9.12506910e+01, -5.33509965e+02,     2.08609166e+02,  3.26053939e+02, -1.48611867e+02,  2.99355048e+02,    -2.28310572e+02, -4.44173035e+02,  7.66948164e+02,  3.97092159e+02,     2.65154487e+02,  1.24868786e+02,  2.10659864e+02,  6.99711135e+02,    -2.14699090e+02,  4.95730568e+01, -1.18500666e+03,  1.57962281e+02,    -5.83544523e+02,  1.24975957e+02,  1.85768310e+02, -2.94052729e+02,    -4.58461934e+02,  5.16002655e+01, -2.51873414e+02,  3.06142031e+02,    -4.34707788e+02, -2.32368166e+01, -3.04899160e+02, -3.62051177e+01,    -2.61939544e+01,  1.46301875e+02,  9.78180764e+00, -5.23262249e+01,     5.21559946e+02,  7.83776265e+02,  4.09306348e+02,  6.66582264e+02,    -1.04470075e+02,  1.14253701e+02,  4.72192578e+02, -7.43391952e+01,    -6.57469417e+02, -3.24013793e+02, -4.30841319e+02, -2.47201517e+02,     2.38820534e+02, -1.01115412e+03, -1.62917386e+02,  3.69604579e+02,    -3.13453290e+02, -3.11669526e+02,  4.65271226e+02,  3.78379032e+02,    -2.95890592e+02,  1.68946664e+02, -2.11110233e+02,  2.99263226e+02,     3.44453312e+01,  1.30462392e+02, -7.45119380e+02, -4.17287242e+02,    -6.80905611e+01,  1.56252150e+00, -3.34052144e+02,  9.13853116e+02,    -1.88343562e+02, -2.87080779e+02,  3.21621168e+02, -4.10097204e+02,    -2.80307425e+02,  2.63240393e+02,  9.36057006e+01,  1.12840340e+02,     1.04216976e+02, -9.53167112e+01,  1.64958431e+02,  4.99323470e+02,    -2.52721754e+02,  1.49048806e+02,  7.80217703e+02,  2.85597321e+02,    -7.43728314e+01, -1.64410163e+02,  1.32075864e+03, -1.51142202e+02,     3.04083201e+02,  1.88157610e+02,  2.93196213e+02,  7.62299832e+02,     4.25469020e+02, -2.54861537e+01,  1.94011316e+02,  4.04587953e+02,     3.33533396e+02, -4.79016447e+02,  8.02021347e+02, -7.16137896e+02,    -1.49299713e+02,  4.91871998e+02,  7.43213557e+01,  5.66949203e+01,     2.67902449e+02,  2.07461803e+02,  3.07340561e+02, -5.46010440e+02,     4.19053766e+01, -2.33518753e+02, -9.16906404e+01, -2.86320049e+01,    -7.66236165e+01, -4.81058067e+01,  7.03293095e+02, -7.28061116e+01,    -2.38194683e+02, -2.00144008e+01,  9.97518615e+01, -5.05149043e+02,    -3.86409679e+02, -3.11589017e+02, -5.39645906e+02, -1.40477471e+02,    -3.55325130e+02,  1.67207299e+02, -8.52996345e+00, -9.21863628e+01,    -7.32784948e+01,  5.52844301e+01, -1.69434315e+02,  5.74060894e+02,    -7.05903582e+02, -1.37992524e+02, -1.34458117e+02,  1.44824158e+02,     1.58294574e+02, -3.96736049e+02, -1.53284184e+02,  3.59775636e+02,    -1.91097543e+02,  1.35205610e+02,  3.17147897e+02, -3.47263548e+01,     9.69169185e+02, -1.72553294e+02, -2.75722874e+02,  5.50547163e+01,    -1.95071873e+02,  4.56518185e+02, -3.10797905e+02,  7.22084028e+01,     5.34495052e+02, -1.13877394e+02,  1.03062193e+03,  1.10175308e+03,    -5.64017415e+02,  4.97117981e+02,  1.44322272e+02, -4.59914104e+02,     1.49601527e+02,  3.12458291e+02,  3.28723050e+02,  2.15614488e+01,     1.00293957e+02,  6.12730469e+02, -1.96837968e+02,  1.38763968e+02,     6.53533157e+02, -3.21417774e+02, -1.31367253e+02,  4.47662546e+02,     2.30964571e+02,  6.52169033e+02,  2.23234857e+02,  5.93968323e+01,     2.24382890e+02,  3.34225654e+02, -4.17192006e+02,  3.01870128e+01,     1.59781438e+02,  1.05504779e+02,  1.88340342e+02, -5.03896367e+02,     2.91892418e+02, -3.80819856e+02, -2.70125866e+02,  1.50153825e+02,    -1.19980203e+02,  4.68891496e+02, -2.04615725e+02,  2.48062373e+02,     2.76739213e+02,  6.81527052e+02,  4.76026316e+02,  4.09199891e+02,    -7.41444685e+01, -5.84581850e+01, -2.71827549e+02,  6.57779338e+02,     6.74682500e+02,  3.21267921e+02, -1.98527675e+02,  4.30425292e+02,    -7.48357593e+01,  1.81356381e+02,  5.35607530e+02,  5.10725118e+00,    -6.74351115e+01, -2.09599291e+02, -4.57996544e+02,  8.30085542e+02,     3.88501790e+02, -4.80600884e+02, -1.33530553e+02,  2.39341209e+02,    -9.14119919e+01,  5.35296475e+02,  1.03839561e+02,  6.81347472e+02,     2.65591728e+02, -2.40996389e+02,  2.09515195e+02, -3.62254662e+01,    -2.70879862e+02,  1.42302449e+02,  1.58109937e+02,  7.77658088e+02,     6.84307970e+02,  4.51092094e+02,  5.95166044e+02,  6.20397246e+01,    -2.34044975e+02,  1.32330967e+02, -2.84937912e+02, -4.36241399e+02,    -4.96629853e+02, -2.34091206e+02, -9.23485175e+02, -2.66738369e+02,    -7.33505514e+02,  1.83713195e+02, -3.95127775e+02,  3.51989407e+02,    -8.20709021e+02, -2.75057273e+02,  4.19925485e+02,  1.91777948e+02,    -7.38216653e+02,  5.29372670e+02, -2.08299955e+02,  4.47767870e+02,    -2.20735815e+02, -6.76992282e+02,  1.05530433e+02, -5.46647516e+02,    -1.14036069e+02,  1.56036179e+00,  3.64346524e+02,  1.07039527e+03,    -3.88302120e+02, -2.98631455e+02, -2.59042835e+00, -1.20809309e+02,    -6.93440650e+02, -4.76605087e+02,  4.23291855e+02, -2.15999541e+02,     1.44286989e+02, -4.16863621e+02, -1.27703489e+02, -3.42526527e+02,     4.56274629e+02,  1.29760217e+02, -1.91909646e+02, -1.16111249e+02,     8.78089407e+01, -7.31848046e+01,  3.73021088e+02, -2.14532829e+02,     4.57559404e+01,  2.94195842e+02,  1.48867396e+02, -1.51770711e+02,     1.32287368e+03,  4.65630709e+02,  3.05714162e+01,  8.72722009e+01,    -5.28845959e+02,  2.63756358e+02, -6.41152228e+02, -2.20191308e+02,    -4.71694497e+02, -1.62410112e+02,  4.74035974e+02, -4.83066056e+02,     1.57674700e+02, -2.39174170e+01,  2.67370376e+01, -3.17206313e+02,    -3.80160005e+02, -3.45089377e+00, -3.63580571e+02, -1.89598348e+02,    -3.50623607e+02, -8.79450137e+01, -3.06232657e+02, -4.39369784e+02,     1.93872474e+02, -1.47190724e+02,  1.80240432e+02,  8.70375632e+01,    -6.28431675e+02, -4.67124683e+02, -3.40651482e+02,  3.05331887e+02,    -9.09441394e+00, -5.41171901e+02,  4.96711525e+02, -3.40833873e+02,     4.68502937e+02, -2.57945638e+02, -4.16734949e+02,  2.25811640e+02,    -5.80420901e+02, -3.31982617e+02,  5.44005316e+02,  1.55134248e+02,    -3.47254892e+02,  4.50778634e+02, -1.47074762e+02, -3.23609762e+02,    -2.62987962e+02, -4.15298815e+02,  2.01998620e+02, -7.73991048e+02,    -7.11346103e+02, -8.16503284e+01, -2.55848780e+02, -4.71575963e+02,     6.16200141e+02,  1.12821440e+03, -2.80821536e+02, -2.63808051e+01,    -5.40295517e+02,  5.62490984e+02,  1.59889834e+02, -1.69167701e+02,    -3.27909377e+02,  1.43589421e+02, -5.19652626e+02, -1.71858962e+02,    -7.58662814e+02,  3.00143471e+02,  1.11366692e+02,  3.32583499e+00,    -5.88504834e+01, -2.95167711e+02, -7.62094480e+01,  1.09341668e+03,    -1.61753151e+02, -3.96346004e+02, -5.78650603e+02,  1.12033880e+02,    -3.07420715e+02,  7.67850867e+01,  2.51222216e+02,  5.64358343e+01,     2.42389749e+02,  1.04565637e+02,  5.08317701e+02,  2.61247715e+02,    -2.89732270e+02,  3.63431687e+02,  2.96245366e+02,  9.54699793e+01,     3.81453560e+02, -2.10883315e+02,  6.21360339e+02,  1.58459460e+02,    -2.58700224e+02, -5.06280110e+01, -1.63163090e+02,  2.03119309e+02,    -2.24792656e+02, -2.71625569e+01, -9.44542915e+01,  7.07389683e+02,     4.59124196e+02, -5.76392173e+02, -3.67511725e+01, -4.60135907e+02,    -1.48288819e+02, -1.94188640e+02,  6.52280649e+01, -1.23290700e+01,    -2.22815540e+02,  1.08058183e+02, -6.08553199e+01, -9.02968377e+01,     7.40413931e+02,  1.54152846e+02, -6.92021439e+02, -3.77257900e+02,     7.88595565e+02,  2.34354484e+02, -7.24198655e+01,  9.10963001e+02,    -1.57792236e+02, -9.51637409e+01, -5.10865927e+01,  1.16889398e+02,     2.43997783e+02,  3.41319952e+01,  2.29548951e+02, -1.33146237e+02,    -2.67926263e+02, -3.69548025e+02, -4.11382790e+02,  3.82541831e+02,     1.08226771e+02,  3.24060088e+02,  1.19152894e+02,  7.56758538e+02,     1.50383021e+02, -6.97763517e+02, -2.92780558e+02,  8.35735817e+01,    -2.37283408e+02,  5.31119668e+02, -1.10397879e+02,  1.57017455e+02,     4.27019111e+02, -6.29478281e+02,  1.26983427e+03,  1.65080917e+02,     2.01812764e+02,  3.00304237e+02,  6.99274694e+01, -5.73215808e+00,     3.07805421e+02, -3.04489340e+02,  6.99974838e+02,  6.03662350e+02,    -3.54446319e+02,  1.29628098e+02,  5.94890427e+02, -1.84715821e+02,     1.35850138e+02,  3.63586494e+02,  3.64240650e+02, -6.70594583e+02,    -1.17341578e+02, -2.99183966e+02, -2.94219497e+01, -3.64506638e+01,    -1.98335688e+01, -1.38785397e+02, -2.52827278e+02,  7.20308193e+01,     8.65847829e+01,  4.57170636e+02, -3.61096173e+02,  3.31516642e+02,     3.83912512e+02, -1.42261438e+02,  7.55598064e+02, -5.82705271e+02,    -8.99565533e+02, -5.61374500e+01, -7.24883800e+01, -3.77395803e-01,     6.72519124e+02, -6.16252688e+01,  3.46801734e+02,  4.12332861e+02,     3.23321427e+02, -8.87796840e+01,  5.38548451e+02, -1.35746895e+02,    -2.78516146e+02, -3.94802082e+02,  4.67018698e+01,  3.29221936e+02,    -4.27343034e+01,  3.26164066e+02, -2.42696665e+01,  5.43600854e+02,     1.70370990e+02,  7.46407790e+01, -4.50757820e+01,  2.88903887e+02,     3.21557875e+02,  1.68975814e+02, -6.61656511e+00, -4.57645174e+02,     2.56657683e+02,  1.69054482e+02,  3.15062641e+02,  2.65112376e+02,     3.00062413e+02, -4.97600663e+01,  2.33322645e+02, -2.08923806e+02,    -1.05931332e+01, -4.73904493e+02, -2.65014676e+02,  3.34905969e+02,    -7.72211329e+02,  2.49893891e+02,  1.44999362e+02,  7.06590106e+02,    -2.19435849e+02,  2.60854280e+02, -9.78159193e+01, -4.11829069e+02,    -6.11704774e+02, -7.06484835e+01, -7.51033373e+02,  1.35155366e+02,    -1.77184748e+02,  2.54902166e+02,  1.73596200e+02, -2.20134695e+02,    -2.15716291e+02,  3.29439438e+02, -5.10901003e+02, -1.04964677e+02,    -1.76501990e+02,  2.01657348e+02, -4.23649032e+01,  4.83586563e+01,    -1.83442298e+02,  4.83975919e+02, -4.07660238e+02,  8.37075664e+01,     5.13807988e+02, -2.93413064e+02,  1.64843580e+01, -2.95903310e+01,    -5.85099172e+02, -3.94335929e+02, -6.72893528e+01,  2.25723611e+02,     2.72948702e+02,  4.16334499e+01, -6.96456633e+01,  1.88433850e+02,    -3.83715720e+02,  3.47474992e-02, -4.29545092e+02, -2.31836239e+02,     4.01187743e+02, -2.50470596e+02,  5.48195532e+02, -1.81962042e+02,     2.99881095e+02,  2.18214528e+02, -5.29511520e+02, -2.42778153e+02,     7.08598959e+01, -3.39115061e+02, -2.99582430e+02, -7.37106471e+02,    -4.75197472e+02, -4.45581285e+02, -3.67181141e+02,  2.00516933e+01,     1.13648372e+02,  1.00953394e+01,  1.78859378e+02, -4.86165723e+02,     1.24811177e+02,  1.78792784e+02, -5.66279465e+02, -5.46793632e+02,    -3.49313396e+02, -2.01327588e+02,  1.66007839e+02,  6.62138737e+00,    -3.78777937e+02,  3.02284204e+02, -1.70025385e+02,  4.25434599e+02,    -7.59532320e+02,  5.13368682e+02, -3.20371614e+01, -3.14590198e+02,    -2.23352840e+02,  2.63744629e+01,  3.63202646e+02, -6.42154524e+02,    -1.19852872e+02, -1.74543169e+02,  4.16444205e+02,  7.13592664e+02,    -8.27445614e+02,  7.95200575e+02,  3.86782456e+02, -6.35432650e+02,    -3.00028365e+02,  6.49884649e+02,  5.12808406e+02, -1.55213607e+02,    -3.09651590e+01,  9.22276087e+01,  6.05037024e+02, -4.51405250e+02,     1.39243414e+02, -6.48463636e+01,  2.58743810e+02, -6.30201378e+02,    -6.38432454e+01, -2.86050926e+02,  4.02992824e+02,  3.62696353e+02,    -7.30365924e+02, -4.22269228e+02, -1.93098187e+02, -3.31887060e+02,    -1.24781961e+02, -1.96324799e+02,  3.65336336e+02,  3.54761944e+02,    -5.05967879e+01, -3.93062716e+02, -7.11148123e+02,  3.70492143e+02,    -4.31395481e+02, -2.69029084e+02,  4.13250255e+01, -2.94282966e+02,    -3.54753727e+02, -2.22021059e+02, -3.63061900e+02, -2.28387222e+02,    -4.35260237e+02,  4.97008819e+02,  5.51021539e+02, -2.91567983e+01,    -2.03401333e+02, -1.32449577e+01,  3.63731505e+02, -7.52551134e+02,    -1.80201663e+02,  4.24471564e+02,  5.73392297e+02, -1.55360578e+02,     9.85744684e+01,  4.68756120e+02,  1.33034092e+02, -5.39933731e+01,    -3.77299279e+02,  1.91825704e+02, -3.06376695e+02, -1.37069003e+02,    -1.64767747e+02, -1.59101266e+02,  1.69282889e+02,  6.65536170e+02,     5.25133572e+00,  3.35256148e+01, -7.75567953e+02, -1.50877377e+02,    -3.23314192e+02,  3.95298645e+01, -3.59385123e+02,  6.72833913e+02,     6.95738200e+02,  1.26486974e+02, -1.29818144e+02,  1.22913077e+02,     2.16420349e+02, -4.08051719e+02, -6.55306967e+01,  1.21889129e+02,     1.17892056e+02,  4.84725912e+02,  3.84923961e+02, -1.79614795e+02,     2.41410853e+02, -8.27472465e+02, -3.75331521e+01,  7.28884268e+02,     8.34047448e+01, -7.71499233e+00,  2.85220875e+02, -2.45833766e+02,     7.91868641e+02, -1.07476221e+02,  7.25620696e+02,  3.16883998e+02,    -3.29453041e+02,  2.62084791e+02, -2.61846547e+02, -5.88427707e+02,    -3.43833188e+01, -4.84027578e+02, -4.57075366e+02, -4.40868728e+01,     2.77138821e+02, -4.97130811e+01, -2.86803101e+02,  6.48347080e+01,    -6.21645691e+02, -7.87285366e+01, -7.08171832e+02,  4.46827862e+02,    -1.24030622e+01, -4.40263338e+02, -1.63094478e+02,  1.47049106e+02,    -2.76507184e+02, -4.03738291e+02,  7.73146157e+02, -1.92824305e+02,    -3.78916157e+02,  2.16715687e+02, -1.03735684e+02,  4.39952890e+02,    -1.66156858e+01,  7.13400927e+01,  8.74101889e+02, -1.52223675e+02,    -3.00759605e+02, -3.25010279e+02, -4.55021091e+02, -2.82923799e+02,     2.44958729e+02,  1.82089212e+02,  1.83679882e+02,  6.41439623e+02,     2.01735744e+01,  1.44720677e+02, -5.68520070e+02,  2.15645604e+01,    -1.99163832e+02, -2.28604398e+02,  1.19392035e+01,  3.02788842e+02,     3.29103492e+02,  6.22576909e+00,  7.96558008e+01,  2.52873315e+02,     3.19934335e+02, -2.05309833e+02, -1.12104433e+02,  1.44382796e+01,    -2.01524097e+02, -6.74134498e+01, -2.36686921e+02,  6.50572242e+02,     5.56734055e+02, -1.08610830e+02,  1.05661289e+02, -2.09213699e+01,    -2.07306331e+02,  2.89396657e+02, -7.47461032e+01,  3.35477276e+02,    -4.61352157e+02,  1.61166413e+02, -9.39898870e+01, -4.67145905e+02,    -2.14831868e+02,  2.33637579e+02, -7.39496744e+02,  3.63168091e+02,     4.23692193e+02, -6.24486416e+01, -4.30761901e+01, -2.67271035e+01,     2.11060053e+02, -2.81654126e+02,  3.12772144e+02,  2.45728354e+02,    -8.95790217e+02, -2.83861670e+02,  1.94748780e+02, -8.05407903e+01,     3.32739968e+02, -5.31298448e+02, -3.86882723e+00, -3.55731665e+02,    -1.06622378e+03,  6.45827373e+02, -5.13395360e+02, -4.97070728e+02,     7.57103313e+01,  1.10520244e+03,  4.16931631e-01, -1.88748234e+02,    -1.80476607e+01, -6.16429162e+01, -7.62105280e+02, -5.33170712e+02,     6.71747785e+02, -4.48368344e+01, -3.39281828e+02,  4.32256033e+02,    -2.96900760e+02,  3.41339291e+02,  4.66819186e+02, -5.29436235e+02,    -2.23483013e+02, -2.96793001e+02, -1.29495927e+02, -1.67731732e+02,    -6.04865305e+01,  1.17952078e+02, -2.90109903e+02,  2.55839944e+02,     5.13575913e+02, -1.36913490e+02, -1.53518311e+02,  1.19144742e+02,     4.93053686e+02,  4.20773488e+02,  3.31916425e+01, -1.64677115e+01,    -4.85052855e+01, -4.39250696e+02,  3.26753508e+02, -2.07988865e+02,     1.72420902e+02, -1.33640329e+02,  2.48982043e+02,  1.51273258e+02,    -6.80761763e+02, -2.38204336e+02, -6.79641821e+02, -2.81665585e+02,     6.52921663e+01, -1.48633001e+02,  2.57945599e+02, -2.48206625e+02,     1.58614557e+01,  9.00861218e+01,  6.40796803e+02,  3.22880848e+02,    -2.35611792e+02,  1.75331131e+01,  9.74359481e+01,  3.42687447e+02,    -4.71429792e+00,  4.36917893e+02,  2.10060250e+02,  7.67697659e+02,     2.14766130e+01,  5.87855040e+02, -2.24482563e+02, -3.31905328e+02,     7.00398527e+01,  6.68977758e+01,  2.61375927e+02, -5.81617906e+01,    -1.36572518e+02,  2.22812852e+02, -3.95578052e+02, -4.47572187e+02,     6.61804404e+02, -4.95870588e+01, -3.68301915e+02, -4.36105315e+00,    -1.21429417e+02,  3.03846229e+02,  2.84716690e+02, -1.67401502e+02,     9.21486109e+00, -2.32855790e+02, -2.81918573e+02, -2.46173648e+02,    -8.24791061e+02, -2.76024065e+01, -5.55518412e+02, -4.74714797e+02,    -3.38183201e+02,  1.51575067e+02, -3.23668573e+02,  1.89835880e+02,    -4.87662022e+02,  9.91045924e+00, -3.51050046e+02,  6.39210234e+01,     1.01899015e+02,  2.51786051e+02, -1.69491062e+02, -1.28310497e+02,     2.25219782e+02,  5.18379008e+02,  2.81093425e+02,  6.58264507e+01,    -5.88103728e+02, -1.19492524e+02, -2.64399621e+02, -5.22929958e+02,     3.55624186e+02, -2.97137867e+02, -3.81288850e+01, -1.98825273e+02,    -8.73401241e+02,  4.31203867e+02, -1.44876517e+02,  3.54071346e+02,    -5.98766895e+02,  5.64999389e+02,  3.77287751e+01, -2.67953717e+02,     3.99189615e+01, -1.99595846e+02, -5.86836686e+02,  1.22501709e+02,     2.44272406e+02,  2.72308918e+01, -3.12152307e+02, -1.13006121e+02,     1.41709043e+02,  2.53060974e+02,  5.52733846e+02,  2.17723321e+02,    -2.02983521e+02,  7.63288403e+02,  2.46943784e+02,  3.37967076e+02,    -1.44650677e+02,  2.30396375e+02,  1.51136283e+02, -5.30899524e+02,    -1.61637323e+02, -3.39966308e+02, -2.71163486e+02, -9.01703493e+01,    -1.50320029e+02, -3.22518306e+02, -9.78825215e+02, -2.62220269e+02,     1.32631326e+02,  8.84987024e+01,  8.14735109e+01,  4.25223983e+02,     1.59836965e+02,  2.75306672e+02, -3.66056721e+02,  3.96835891e+02,    -4.24248964e+02, -6.57268018e+02,  1.67111508e+02, -3.48166691e+02,    -3.61572006e+02, -1.35778275e+03, -1.02065673e+02,  6.89107368e+02,     4.00691324e+02, -8.68445632e+01, -1.03537883e+02,  2.56528835e+02,     5.87052464e+02, -3.47235475e+02, -8.35142307e+01, -2.74687553e+02,    -3.07445182e+02, -2.93655301e+02,  1.37084951e+02,  6.15117667e+02,    -5.67742674e+02, -4.57355712e+02,  2.11570735e+01, -7.51865081e+01,    -1.23179094e+02, -8.00169997e+02,  4.88073539e+02,  2.15073022e+02,     7.77418862e+01,  4.16810018e+02, -2.61105234e+02,  2.55836462e+02,     2.33268669e+02,  4.66239561e+01, -4.12905972e+01,  1.04882294e+02,    -1.40614764e+02,  4.05093675e+02, -3.74886236e+02,  3.62712492e+02,     8.13466574e+01,  9.76109118e+01,  2.00816891e+02, -7.41137313e+02,     5.55682139e+01, -5.52267769e+02, -4.35560184e+02, -4.22686539e+02,    -3.88393052e+02,  1.03072480e+01,  1.12722845e+02,  4.15126251e+02,     8.24505041e+01,  1.19210135e+02, -6.11143581e+02, -2.16149189e+02,     2.83586559e+02,  1.05582979e+01,  1.52706239e+01, -7.13011139e+01,     3.14985882e+02, -7.85316140e+02,  9.06077287e+01,  2.01881621e+02,     3.91088421e+02,  3.35656873e+02, -4.88822583e+02,  6.73583274e+01,     3.73034128e+01,  4.04217210e+01,  1.72732350e+01, -1.67296866e+02,    -2.73461736e+02,  1.36123099e+02,  5.36909974e+02, -7.45274103e+01,     8.40070381e+01,  1.52550637e+02, -2.15057454e+02, -2.12550729e+02,    -9.97107476e+02, -3.31630825e+02, -4.40049657e+02, -6.44207076e+01,    -5.47707256e+02,  6.45328448e+02, -2.53880399e+02, -4.54242668e+02,    -1.34508863e+03,  5.64343722e+02,  1.18806258e+02, -1.17393480e+01,    -5.27865261e+02,  9.08133097e+01, -1.48730802e+02, -2.79754326e+02,     1.00148554e+02,  2.75206131e+02,  6.81813112e+01, -1.50289758e+02,    -2.67519834e+01,  8.02010273e+00,  1.62106181e+02, -5.25387264e+02,     6.02072194e+02, -3.59790248e+02, -2.32540341e+02, -3.64144407e+02,    -8.37567422e+02,  8.10427128e+01, -4.11090939e+02, -1.88427175e+02,     2.91779054e+02, -2.08828984e+02,  2.30082750e+00, -8.64429367e+01,    -2.19439765e+02,  1.46148987e+01,  4.57254612e+02, -4.46511115e+02,     7.94734008e+02, -1.70490737e+02,  2.90795661e+02, -6.92526130e+01,     1.28825504e+02, -9.98792862e+01,  4.01469439e+02,  5.38282526e+02,     1.71324083e+02,  4.71232980e+02, -3.32540859e+02, -2.78699579e+01,    -1.96162214e+02,  5.83995449e+02,  4.94561732e+02,  3.78510147e+02,    -1.29704219e+02, -2.59837457e+02,  2.30409911e+02, -2.21535948e+02,    -1.18186904e+02, -6.21575165e+01, -2.25831356e+02,  4.39798963e+02,    -5.02102583e+01,  3.38797354e+02,  1.21841205e+02,  1.45124485e+02,    -2.92942935e+02,  2.76323563e+02, -1.54261516e+02, -1.11705536e+02,    -2.57580576e+01, -4.35667965e+02,  6.57689677e+02, -2.42481647e+02,    -3.37841761e+01,  1.72616665e+02,  1.46809801e+02,  6.07841185e+02,    -1.44490770e+02,  6.58464844e+02,  5.99393548e+02, -8.34787217e+02,     7.41752030e+01, -1.74369077e+02,  1.24404686e+02,  7.32742333e+01,     1.52402177e+02,  5.18350626e+02,  7.96771394e+02, -6.72591637e+02,     6.56980039e+02, -7.94249992e+02, -6.62048411e+02, -1.06917837e+02,    -8.43190857e+00,  6.06548545e+02,  3.29200063e+02, -1.54658832e+02,    -7.94715357e+02,  6.04505803e+02, -3.86718933e+02, -6.57876050e+00,    -4.22916640e+01,  1.06690242e+03, -2.42780750e+02, -9.03726757e+02,     2.66103583e+02, -1.39039665e+03,  9.59896232e+01, -3.06975127e+02,    -1.55416525e+02, -2.33760119e+02, -5.02892966e+02,  3.50259252e+02,    -3.10216628e+02, -8.10127267e+01, -6.71607712e+02, -5.75966051e+01,    -4.12611968e+02, -6.38103293e+02, -1.04902368e+03,  8.60391714e+01,    -2.77458567e+02, -5.27709888e+00, -1.15682549e+02, -6.80055126e+02,    -5.43228466e+02, -4.53962932e+02, -4.57641873e+02,  4.70456437e+02,     7.95536097e+01, -4.10252839e+02, -1.56022543e+02, -1.93006855e+02,     3.19380128e+02, -2.86242419e+02, -1.03516061e+02, -1.93187153e+02,    -3.08484661e+02, -3.22098945e+02,  3.29079748e+02, -1.48571974e+02,    -7.81210112e+02,  6.60523552e+02,  4.02007401e+02,  5.11007794e+01,    -6.21377575e+02, -6.48746291e+02,  9.39006508e+01,  1.12102931e+01,    -2.58234540e+02, -4.17077647e+02,  3.03253761e+02, -6.79322473e+01,     2.35548342e+02,  4.22503317e+02,  2.89726130e+02,  3.01093242e+02,     2.18562948e+02, -1.75511926e+02, -1.07555209e+02, -1.87891260e+02,    -2.99208888e+02, -3.93166847e+02, -5.54560434e+02, -3.34642598e+02,    -6.87684799e+01, -6.80812738e+02, -7.64153920e+01,  2.79986655e+02,    -6.17290553e+02,  2.14044194e+02,  1.87089673e+02, -6.03416269e+02,    -4.86631108e+02, -1.35607442e+02,  1.79906722e+02, -3.38998821e+02,     6.01015089e+02,  5.39648296e+02, -6.41866652e+02,  4.30549489e+02,     3.03185345e+02,  6.50501203e+01,  2.14204119e+02, -3.65535493e+02,    -1.23107772e+02,  4.81702518e+01,  1.52345020e+02,  3.86857750e+02,    -4.35019954e+02, -3.93446485e+01,  1.50443311e+02, -1.19742465e+01,    -2.29122532e+02,  1.68161320e+02, -2.27525341e+02, -1.72571518e+02,     3.03384073e+01, -5.12915016e+02,  2.97734032e+01, -1.97121873e+02,    -1.09186179e+02,  8.72097511e+00, -4.85196198e+02,  4.84091962e+02,    -2.29232885e+02, -1.10922926e+03, -7.23646145e+02,  3.34038212e+02,    -3.05879654e+02, -1.48281289e+02, -2.49441205e+02, -1.42503080e+02,    -8.57135315e+02, -9.25642240e+01, -5.46997929e+02, -2.86304313e+02,     2.19431502e+02,  6.36660610e+02, -2.54529443e+00, -2.49491499e+01,     4.99543176e+02, -4.34504879e+02,  3.04174374e+02,  7.78237453e+01,    -3.58092165e+02, -1.56652445e+02,  2.10461782e+02,  1.59437569e+01,     8.47171887e+01,  9.73805699e+01, -2.02046827e+02, -2.37231590e+02,    -4.49626618e+02,  4.29589696e+02, -5.43701503e+02, -3.98930715e+02,     8.24577128e+01, -7.64412312e+02,  1.65351569e+02,  5.35906806e+02,    -4.25495055e+01,  6.15092544e+01, -2.13113574e+02, -1.74296575e+02,     8.85145174e+01,  3.20910856e+02, -3.44934957e+02,  2.62026785e+02,    -9.33671673e+01, -3.06910795e+01,  2.29038637e+02,  1.62005492e+02,    -7.75179449e+01, -2.32765712e+00,  2.07357236e+02,  2.38494629e+02,    -6.12299925e+02,  5.24957872e+01,  4.60790417e+02, -8.28358210e+02,     2.77467153e+02, -1.01805396e+03, -8.04069663e+01, -1.26456915e+02,    -6.90135574e+01, -7.72856506e+01, -2.21802609e+02, -3.29596326e+01,     1.39907692e+02, -2.06795093e+02,  1.20323015e+02,  7.41320558e+02,    -5.46965242e+02, -2.27821013e+02,  3.12033137e+02,  2.09886767e+02,     3.53924944e+02,  1.41038100e+02,  2.39695006e+02, -1.58239017e+02,    -4.17952177e+02, -3.63112386e+02, -1.80647881e+02,  8.31479059e+00,    -3.57683543e+02, -1.29636898e+02,  5.64555427e+01,  1.98498561e+02,    -8.48663286e+01,  4.79990717e+02, -4.36189976e+02, -4.29683058e+01,    -2.39556298e+01,  2.39388666e+02, -3.46931769e+02, -2.18541507e+02,     2.31625472e+02,  4.24371675e+02,  5.97189679e+02,  2.98704280e+02,     3.53243846e+02, -2.53014831e+02,  5.31747339e+02,  5.76485732e+02,    -5.25408385e+01,  3.33470094e+02,  3.24259389e+02, -2.16112336e+02,     1.62719023e+01,  5.23027112e+02, -2.35945404e+02, -1.04151765e+02,    -5.16871718e+02,  2.28219017e+02, -6.52766250e+01,  1.51894697e+02,     8.07478278e+01, -3.55826942e+02,  3.91044137e+02,  3.46999844e+02,    -2.03205109e+02,  1.57278867e+02, -4.89209364e+02, -4.39807143e+02,     2.00720457e+02, -5.88879001e+02, -2.30654051e+02,  8.19027784e+01,     6.89624367e+02, -2.06709589e+02, -8.87591085e+01, -1.27214547e+02,     9.76675881e+02,  1.22922214e+02, -3.70056755e+02,  5.83724019e+02,     5.36902378e+02,  2.57860360e+02,  6.23204581e+02,  6.90947185e+02,    -8.83408141e+01, -2.54964476e+02, -2.75794737e+02,  2.29017553e+02,     3.21269460e+02, -4.27112850e+01, -1.77298323e+02, -5.24341074e+02,    -2.55616485e+02, -3.76565368e+02,  2.51891849e+02,  1.28175246e+02,     5.33917537e+02,  4.94494993e+01, -2.12049397e+02, -6.64955454e+01,     3.41174840e+02,  1.10067080e+02,  4.35502775e+02,  4.88075026e+02,    -1.16606702e+02, -7.76257219e+01, -8.25042768e+02,  4.53651730e+02,    -4.39171563e+01,  4.28019391e+02, -1.56908746e+02, -4.98917427e+02,     1.68171713e+02,  5.90674168e+02, -2.09956070e+02,  5.80701004e+02,    -6.14591554e+02, -1.91349353e+02, -6.64807939e+02,  1.86680593e+02,     9.58907645e+01,  9.54037725e+00, -5.08285797e+02,  7.44699774e+02,     4.47839609e+02,  6.76626006e+01, -3.91698437e+02,  1.85595166e+02,    -2.30067089e+02, -7.51353889e+01, -1.86055193e+02,  1.76617053e+02,    -8.64311996e+01, -1.73282609e+02,  1.63795566e+02,  2.23254886e+02,    -7.24793805e+02,  1.63976850e+02,  5.68226230e+02,  3.55340799e+02,    -1.12137510e+02,  2.85114826e+01, -3.05092868e+02,  5.00970331e+02,     1.47623539e+02, -5.62062079e+01, -5.77298055e+01,  9.24388677e+02,     3.67930979e+00,  2.62917786e+02,  6.13708189e+02,  8.28008114e+02,     5.41337768e+02,  3.58137690e+02, -5.39338167e+02, -3.67844088e+02,     2.93771985e+02,  1.53016577e+01,  2.73363564e+02,  1.55339127e+02,     4.98281960e+02, -6.57145306e+02, -4.14883417e+02, -5.51395528e+01,    -7.33223876e+02,  1.65703998e+02,  3.35744635e+02,  1.15185693e+02,    -1.91961923e+02,  1.99560222e+02,  1.20271389e+03,  2.21529029e+02,     1.29619095e+02, -4.14359111e+02, -5.59104155e+02, -1.32180668e+02,     2.64116426e+02, -4.53717100e+01,  1.79658994e+02,  2.97307108e+02,    -5.06776151e+02,  2.11832947e+02,  4.39256310e+02,  4.95926227e+02,    -4.71441861e+01,  1.03581655e+01, -7.82553122e+01, -4.27100130e+02,    -5.63826442e+02,  7.06214817e+02, -5.76507934e+01, -5.01706003e+02,     1.88143646e+01, -1.95535894e+02,  7.73154290e+02, -2.02010553e+02,    -2.91535204e+02,  2.64725148e+02, -1.24700967e+02,  3.68421448e+02,    -4.60192132e+01,  8.50505504e+02,  4.25679486e+02, -8.14103373e+00,    -3.06378956e+02,  2.11584335e+02, -4.69888570e+02, -9.70392558e+01,     5.15656336e+02, -2.37386514e+02, -3.98641631e+02, -1.87284028e+02,     4.38385768e+02,  1.23267496e+02, -7.02507690e+02,  2.60659191e+02,     1.27181601e+02,  5.95930834e+01, -4.31745441e+02,  1.60110387e+01,     2.97358950e+02,  4.32216344e+02,  5.42545252e+02,  2.22816930e+02,     3.53937428e+01, -4.30290312e+02, -4.03539478e+02, -6.28230359e+02,    -7.99340635e+01,  2.68126156e+02, -2.07559693e+01,  4.52167398e+02,    -2.69113207e+02,  1.53460224e+02, -1.03622088e+02, -2.52636060e+02,     5.02091328e+02,  6.42811323e+01,  5.20638098e+02,  2.72976032e+01,     2.09929294e+02, -1.66774820e+02,  5.30032992e+02, -1.03984733e+02,    -3.06962258e+00, -6.61557126e+02, -9.07815311e+01,  6.16047049e+02,     5.63472024e+02,  2.23141569e+02, -1.27259440e+02,  3.18544483e+01,    -1.50652741e+02, -5.10324217e+01,  7.61851530e+02,  1.46200089e+01,    -2.02916882e+02, -9.34291107e+02, -4.56594387e+02, -3.18942257e+02,    -5.68076289e+02, -4.76968325e+02, -6.01766817e+02, -3.93565591e+02,    -3.19574378e+02, -4.06397410e+02,  4.03075137e+02, -2.13260977e+02,    -8.18403630e+02,  3.39777502e+02, -2.46398925e+02, -6.95351445e+02,     8.21993013e+02, -2.03949848e+02,  1.66260374e+02,  3.45459850e+02,     1.03331052e+01,  2.19646240e+02,  7.35927694e+00, -1.28973881e+01,    -1.16397200e+02, -6.16043228e+02,  9.03384137e+01, -1.10268805e+03,     5.54994303e+02, -3.70414991e+02, -1.16679140e+02, -1.49752217e+02,     9.18145550e+01, -1.58328972e+02,  2.42779749e+02, -4.55855741e+02,     3.22085970e+02,  3.33889622e+02,  1.29579290e+02,  8.38264606e+01,     1.69458509e+02,  6.38299188e+01,  2.56284916e+02, -8.19141747e+01,    -5.33183469e+02,  8.40428140e+01, -1.98342872e+02, -3.95976360e+01,     4.24126028e+02, -6.88105433e+02,  1.01340928e+01,  1.23167842e+01,     7.24264736e+01,  2.81847752e+02, -1.16697152e+02,  7.10841770e+02,     4.08285271e+02, -1.48212863e+02, -8.89711358e+01,  1.69788777e+01,     6.60567898e+02, -4.70605321e+02, -8.82834997e+02,  2.45566252e+02,    -1.03498232e+02, -1.08381703e+02,  1.43851255e+02,  6.64792774e+02,     4.04288070e+02, -1.49854230e+02, -4.28155400e+02, -5.14881591e+01,     2.49559673e+02, -1.12640092e+02, -6.31040690e+02, -2.54409303e+01,    -7.89580321e+02, -4.13275174e+02,  6.77721218e+02, -4.36209733e+02,    -5.67306006e+02, -4.42772773e+02, -3.00918697e+02,  2.85275916e+02,     7.01692171e+02, -4.44005635e+01,  2.32865191e+02, -1.53539533e+02,    -5.91717510e+02,  3.98342941e+02, -3.89037386e+02,  2.39970657e+02,     3.07768977e+02, -6.59927913e+01,  3.50756646e+02,  3.71374253e+02,     9.16259776e+02, -1.26379184e+02, -3.92945194e+02, -5.42133496e+02,    -1.28996841e+02, -2.24762056e+02,  8.61408475e+02, -3.76737497e+02,     8.56843121e+01,  6.16296817e+01, -2.21208108e+02, -6.92510722e+02,    -5.51837249e+01,  8.31782221e+02,  9.46265514e+01,  5.98216199e+01,    -4.56479353e+02, -5.13709594e+02, -8.39731030e+01,  4.10194564e+02,    -1.92138770e+02,  9.04706325e+02, -3.74528808e+02,  1.45706103e+02,    -1.73891169e+02, -5.80448618e+02,  2.67180501e+01, -4.34133784e+02,    -6.33218131e+02,  7.17267646e+01,  1.90477185e+01,  4.39733189e+02,     1.80354262e+02, -2.88137769e+02,  1.92637811e+02, -7.04177769e+02,    -4.48404343e+02,  7.71532631e+02,  1.09339785e+02, -1.17135187e+02,    -2.73965431e+02, -3.99535651e+01, -6.64953278e+01,  7.27120282e+02,     3.49340908e+02, -1.23753272e+02, -5.69348863e+01, -3.42324167e+02,    -1.72780962e+02, -5.71139452e+02,  4.10244251e+02,  6.44371742e+01,     1.15694617e+02,  1.30071249e+02, -4.83358903e+01, -1.56471061e+02,    -3.33606521e+00, -9.05659228e+02, -1.61798019e+02, -6.94349709e+01,    -7.72374617e+01,  4.64982078e+02,  5.38230637e+02,  1.36606385e+02,    -8.14728497e+02,  5.43728981e+02, -1.70558910e+02, -3.28611813e+02,    -7.44071077e+02, -2.77739528e+02,  5.03648306e+02,  2.35642176e+02,     6.36462741e+01,  2.62586960e+02, -4.95123556e+02, -3.79125486e+02,     4.72544107e+02,  3.25485488e+02,  4.38722544e+02, -6.57089125e-01,     6.03879478e+01,  4.70702391e+02,  8.43097063e+02, -2.08277562e+02,     3.23897281e+02, -1.46420994e+02, -3.59373028e+02, -2.92844630e+02,    -2.61997902e+02, -1.27269199e+02, -4.34239096e+02, -1.98686327e+02,    -1.18662481e+03,  2.89626026e+02,  1.66758828e+02, -3.12675737e+01,    -3.54242931e+02, -1.92054780e+02, -4.58318964e+02,  1.00473026e+02,     7.01685015e+02, -1.74215895e+02, -1.41131859e+02,  1.86176432e+02,    -4.13711919e+02,  7.39736206e+02,  1.42058584e+02,  1.53930944e+02,     4.40623669e+02,  1.29761079e+01,  4.77875201e+02,  1.40932751e+02,    -7.25865961e+01,  7.99642617e+01, -2.31897237e+01,  5.90476059e+02,     7.85379654e+01,  1.28554646e+02, -7.75250804e+01,  1.13833042e+02,    -7.88811164e+02, -3.19151216e+02, -3.92622111e+02,  4.37386076e+02,    -2.49516428e+02, -5.47135403e+02,  5.03129270e+02, -1.03114810e+02,     3.72369502e+02, -7.80669172e+02,  2.11667005e+02,  6.44096594e+01,     4.97610435e+01, -7.43328131e+01, -5.59184277e+01,  4.21328441e+02,    -9.82124019e-01, -4.22449474e+02, -1.37461694e+02,  2.14860711e+02,    -9.96351741e+02, -7.91683685e+02,  1.13952430e+01,  9.63555221e+01,    -3.72636756e+02, -3.71460702e+01,  9.23138677e+02,  2.81091093e+02,    -4.77685389e+02,  7.99339453e+01, -7.61704868e+01,  9.01457280e+01,    -2.93450231e+02,  1.58875126e+02,  2.41425849e+02, -5.72713809e+01,     9.59903533e+02, -8.90606289e+01, -2.75125032e+02,  1.66380305e+02,     3.52033705e+02, -3.03738047e+02, -2.55245366e+01,  8.19424929e+02,    -1.98881464e+01,  5.01732926e+02,  1.23940294e+02, -8.12740158e+01,    -2.22658301e+02,  4.85105447e+02, -4.70853483e+02, -1.81452224e+01,    -1.29526740e+02, -3.61679589e+02,  1.43184715e+02,  2.04690803e+02,     7.49827312e+01, -1.49110771e+01, -3.30813801e+02,  1.56184413e+02,    -1.47546108e+01, -2.12730242e+02, -1.84761776e+02,  1.68061952e+02,    -4.42631251e+01, -3.13506994e+02, -9.11894288e+02,  7.71951094e+01,     1.99164569e+02, -4.01078317e+02, -1.91967183e+02,  7.05280658e+02,     6.35656260e+01,  3.02863160e+02,  5.68802687e+01,  3.16554461e+02,     4.44523270e+01, -3.36677283e+02, -3.43585903e+01,  7.08001484e+01,     2.37989697e+02,  6.85670224e+02,  4.19609831e+02,  1.97364991e+01,     1.47029881e+02,  5.16209704e+02,  2.24396852e+02, -6.19002598e+02,    -2.29705426e+02,  1.15704739e+02,  7.30102305e+01,  2.24696949e+02,    -4.48885547e+02,  1.07024860e+02,  3.45393979e+02,  4.20616428e+02,    -3.82458778e+02, -4.25763947e+01, -1.97930155e+01, -1.17499151e+02,    -2.81243245e+02, -1.67950724e+02, -2.93629927e+01,  6.96628552e+01,     3.53673083e+02, -2.65608418e+02,  6.84022200e+02,  3.05687441e+02,     2.17888995e+02,  2.85536805e+02,  2.58529921e+02,  2.80943998e+02,     4.61888940e+02, -3.79659014e+02,  5.40919517e+02, -9.52481932e+02,     2.65451795e+02, -9.28228005e+02,  7.18977995e+02,  6.24368349e+02,    -9.83283782e+01, -4.20717095e+02, -3.60798717e+02, -4.92197800e+02,    -5.29875491e+02,  4.92908002e+02,  3.66636027e+02,  2.07179575e+02,     2.69705852e+02,  3.48237764e+02, -3.29022057e+02, -1.70701430e+02,     4.90361440e+02, -1.07204696e+02,  4.51704532e+02,  6.25132848e+02,    -3.64850210e+01, -6.16699328e+02,  1.38215606e+01, -1.02476602e+01,    -8.41681071e+01,  6.90476628e+00, -5.73472591e+02, -1.55319504e+02,     5.27735281e+01,  7.77430572e+01,  4.13842123e+02, -3.41183713e+02,     5.22397652e+02, -3.45381599e+02,  1.91149393e+02,  3.33982361e+02]
bee_TS =[-5.03897168e+02,-3.94229390e+01,-1.16414059e+02,3.88991209e+02,-1.84414148e+02,-1.60241260e+02,-3.45861505e+02,-7.67531116e+02,-3.64962716e+02,-4.06599014e+02,-3.32916365e+02,4.13705056e+01,1.25468450e+01,2.39097955e+01,2.71877052e+01,4.04541411e+02,-1.78256094e+02,-1.54823971e+02,1.49597620e+02,-9.55377526e+02,5.01662525e+02,-2.26310972e+02,-4.46131339e+01,-1.03203393e+02,-4.54809892e+01,-4.92823724e+01,7.43006157e+02,-1.83626849e+02,-7.15435919e+01,-4.51183028e+02,6.60437297e+02,-1.14598934e+02,-3.34192049e+02,2.04679389e+02,-3.64924608e+01,1.69304540e+02,-2.54559983e+01,6.03692860e+01,2.36427074e+02,-8.73343723e+02,4.65886259e+02,1.10566326e+02,-5.22993262e+01,-2.89485381e+02,9.65449080e+01,-1.57069935e+02,3.77214393e+02,3.17063228e+02,-2.33500961e+02,-2.51154244e+02,-2.55046862e+02,-2.92017944e+02,1.00532439e+02,-4.27367592e+02,1.18820784e+02,5.15947879e+02,5.89463163e+02,2.99034933e+02,1.39011785e+02,2.37446544e+02,7.70541669e+02,1.78421984e+02,-4.73583453e+02,-1.05367684e+02,-2.03668228e+02,5.23587955e+02,-6.43419394e+02,-5.36015932e+02,-2.34502046e+02,-8.85894376e+01,-3.74495098e+02,2.30391645e+02,8.24321359e+01,1.13350193e+02,-3.30911757e+02,-2.99468243e+02,-4.84452775e+02,3.19105056e+02,-2.81252975e+02,2.27342114e+02,-5.68683507e+01,-2.50902239e+02,-4.98134173e+02,-1.47286492e+02,-9.73097871e+01,-1.36657125e+02,3.38521890e+02,6.10006162e+02,-3.64212974e+02,-6.87593054e+02,-1.70109414e+02,9.51178765e+02,-4.90019713e+02,2.82796622e+02,-9.13454334e+01,-5.33042609e+02,2.08386999e+02,3.25703282e+02,-1.48812892e+02,2.99296088e+02,-2.28314597e+02,-4.43880683e+02,7.67040867e+02,3.97242112e+02,2.64376803e+02,1.24918583e+02,2.10501348e+02,6.99407163e+02,-2.14485804e+02,4.93975938e+01,-1.18468818e+03,1.57854657e+02,-5.83550568e+02,1.24550248e+02,1.85516906e+02,-2.93910694e+02,-4.58126628e+02,5.15114997e+01,-2.51793270e+02,3.06461458e+02,-4.34415659e+02,-2.34144435e+01,-3.04853679e+02,-3.61167261e+01,-2.57232916e+01,1.46522925e+02,9.90308104e+00,-5.20173907e+01,5.21143003e+02,7.83097039e+02,4.09443312e+02,6.65922351e+02,-1.03907532e+02,1.14274228e+02,4.71301189e+02,-7.37511164e+01,-6.56285488e+02,-3.23691910e+02,-4.30314892e+02,-2.46757574e+02,2.38878062e+02,-1.01076105e+03,-1.62733549e+02,3.69509476e+02,-3.13432458e+02,-3.11417012e+02,4.65319662e+02,3.78106830e+02,-2.95311734e+02,1.69199526e+02,-2.10986953e+02,2.99040870e+02,3.45020425e+01,1.30370354e+02,-7.44188233e+02,-4.16562649e+02,-6.76629850e+01,1.79875456e+00,-3.33735970e+02,9.13743183e+02,-1.87827534e+02,-2.86623448e+02,3.21878927e+02,-4.10062380e+02,-2.80690308e+02,2.63070953e+02,9.40158162e+01,1.12340731e+02,1.04450737e+02,-9.55331651e+01,1.64486469e+02,4.99162110e+02,-2.52546758e+02,1.49253955e+02,7.79573394e+02,2.85583243e+02,-7.40924089e+01,-1.64454354e+02,1.32001920e+03,-1.51616649e+02,3.03879342e+02,1.88406265e+02,2.92909713e+02,7.62200903e+02,4.25653768e+02,-2.57077630e+01,1.94180100e+02,4.05015881e+02,3.33168399e+02,-4.78699688e+02,8.01397627e+02,-7.15351795e+02,-1.49144272e+02,4.91698943e+02,7.44103791e+01,5.72223958e+01,2.67797841e+02,2.07272882e+02,3.07047097e+02,-5.46008406e+02,4.19663556e+01,-2.33395360e+02,-9.15859884e+01,-2.85735752e+01,-7.68084479e+01,-4.78839956e+01,7.02818794e+02,-7.25440755e+01,-2.37850459e+02,-1.98752488e+01,1.00081869e+02,-5.05175148e+02,-3.86239423e+02,-3.11473702e+02,-5.39584165e+02,-1.40874357e+02,-3.55601797e+02,1.66797985e+02,-8.60288224e+00,-9.21445694e+01,-7.33733080e+01,5.53034866e+01,-1.69336644e+02,5.73590097e+02,-7.05687253e+02,-1.37701003e+02,-1.34253764e+02,1.44344821e+02,1.58547240e+02,-3.96857544e+02,-1.53798345e+02,3.59608846e+02,-1.90811734e+02,1.35131383e+02,3.16437316e+02,-3.48158967e+01,9.68962718e+02,-1.72651167e+02,-2.75928889e+02,5.46332262e+01,-1.95189980e+02,4.56431193e+02,-3.11013343e+02,7.28044184e+01,5.33982597e+02,-1.13460350e+02,1.02987379e+03,1.10086134e+03,-5.63705409e+02,4.97131890e+02,1.44747886e+02,-4.59626921e+02,1.49935178e+02,3.12647371e+02,3.28750069e+02,2.13712247e+01,1.00931431e+02,6.11972912e+02,-1.96971752e+02,1.38252166e+02,6.52344422e+02,-3.20891405e+02,-1.31217111e+02,4.47734583e+02,2.31001284e+02,6.52549436e+02,2.22954192e+02,5.96208319e+01,2.24543948e+02,3.33963121e+02,-4.16753293e+02,3.03782843e+01,1.59659140e+02,1.05423680e+02,1.88234419e+02,-5.03501678e+02,2.92062382e+02,-3.80631122e+02,-2.70273957e+02,1.50294953e+02,-1.19774862e+02,4.69424519e+02,-2.04409967e+02,2.48262215e+02,2.77337372e+02,6.81435494e+02,4.75403405e+02,4.08488383e+02,-7.40598670e+01,-5.86806792e+01,-2.71349895e+02,6.57624201e+02,6.74520973e+02,3.21243381e+02,-1.98399422e+02,4.30429583e+02,-7.48494569e+01,1.80996237e+02,5.35348051e+02,5.25764765e+00,-6.73501838e+01,-2.09767812e+02,-4.57741260e+02,8.29649946e+02,3.88349343e+02,-4.80948617e+02,-1.33583716e+02,2.38886937e+02,-9.11990942e+01,5.34891605e+02,1.04463827e+02,6.81394458e+02,2.65428859e+02,-2.40951794e+02,2.09690355e+02,-3.66143960e+01,-2.70556827e+02,1.42462870e+02,1.58456206e+02,7.77445030e+02,6.83708152e+02,4.51084017e+02,5.95086647e+02,6.19810600e+01,-2.33845720e+02,1.32358913e+02,-2.85016272e+02,-4.35814323e+02,-4.96169763e+02,-2.34415786e+02,-9.22840247e+02,-2.66907031e+02,-7.32620479e+02,1.83649707e+02,-3.94686674e+02,3.52217543e+02,-8.20024814e+02,-2.75119327e+02,4.19719599e+02,1.91739385e+02,-7.38058783e+02,5.28948995e+02,-2.08353042e+02,4.47421882e+02,-2.20551440e+02,-6.76187850e+02,1.05668551e+02,-5.46207731e+02,-1.13356844e+02,1.63649572e+00,3.63948180e+02,1.06998603e+03,-3.88068023e+02,-2.99134197e+02,-3.03169719e+00,-1.19906620e+02,-6.93338702e+02,-4.76442231e+02,4.23309689e+02,-2.15587178e+02,1.44666759e+02,-4.16622031e+02,-1.27780480e+02,-3.42810252e+02,4.56147738e+02,1.29660693e+02,-1.91853064e+02,-1.15984304e+02,8.75495576e+01,-7.26815625e+01,3.72550571e+02,-2.14488229e+02,4.56378897e+01,2.93729074e+02,1.48613818e+02,-1.51565621e+02,1.32234805e+03,4.65241404e+02,3.07983133e+01,8.79129926e+01,-5.28108540e+02,2.64172499e+02,-6.41001331e+02,-2.20777561e+02,-4.71219755e+02,-1.62480965e+02,4.74365381e+02,-4.82663978e+02,1.57756931e+02,-2.39259914e+01,2.68699221e+01,-3.16994249e+02,-3.80411193e+02,-3.73577163e+00,-3.63006345e+02,-1.89606516e+02,-3.50272884e+02,-8.79595304e+01,-3.05791944e+02,-4.38923302e+02,1.93217592e+02,-1.47065579e+02,1.80490095e+02,8.67394409e+01,-6.28317012e+02,-4.66899477e+02,-3.41028876e+02,3.04764268e+02,-9.32997795e+00,-5.40661114e+02,4.96371641e+02,-3.40624740e+02,4.68416734e+02,-2.57684985e+02,-4.16227161e+02,2.25910775e+02,-5.80245248e+02,-3.30891286e+02,5.43538991e+02,1.54980440e+02,-3.46769187e+02,4.49891568e+02,-1.46888118e+02,-3.22864345e+02,-2.62429056e+02,-4.15246972e+02,2.02332317e+02,-7.73651968e+02,-7.10349554e+02,-8.17731873e+01,-2.56207145e+02,-4.71600968e+02,6.16094931e+02,1.12810587e+03,-2.80190318e+02,-2.66801905e+01,-5.39381649e+02,5.62673291e+02,1.59690170e+02,-1.68713794e+02,-3.27957087e+02,1.43504052e+02,-5.19307960e+02,-1.71127793e+02,-7.58156475e+02,2.99767754e+02,1.11416393e+02,3.12117461e+00,-5.90859673e+01,-2.94798829e+02,-7.63180121e+01,1.09256530e+03,-1.62186939e+02,-3.95787229e+02,-5.78705065e+02,1.11829607e+02,-3.07157260e+02,7.65772947e+01,2.50908171e+02,5.65617713e+01,2.42387812e+02,1.04492339e+02,5.08311490e+02,2.61246390e+02,-2.89658077e+02,3.63646187e+02,2.96326982e+02,9.56644330e+01,3.80719294e+02,-2.11003109e+02,6.21084706e+02,1.58969322e+02,-2.58587381e+02,-5.02126647e+01,-1.62954223e+02,2.03006665e+02,-2.24835742e+02,-2.73087483e+01,-9.40483327e+01,7.07365931e+02,4.58754143e+02,-5.76187769e+02,-3.67472332e+01,-4.59971700e+02,-1.48267513e+02,-1.94024355e+02,6.48976476e+01,-1.24703194e+01,-2.22519514e+02,1.08333393e+02,-6.06901296e+01,-9.00032692e+01,7.40396400e+02,1.53893737e+02,-6.91970797e+02,-3.76693511e+02,7.88749697e+02,2.33980898e+02,-7.26329811e+01,9.10286148e+02,-1.57859083e+02,-9.52629136e+01,-5.11274554e+01,1.16604093e+02,2.43962297e+02,3.41921592e+01,2.29766723e+02,-1.33371637e+02,-2.67828092e+02,-3.68876766e+02,-4.10784689e+02,3.81997143e+02,1.08378980e+02,3.23681715e+02,1.18881875e+02,7.56404587e+02,1.50471894e+02,-6.97460907e+02,-2.92589147e+02,8.33192287e+01,-2.37295082e+02,5.30842092e+02,-1.10020769e+02,1.56817565e+02,4.27116522e+02,-6.29240434e+02,1.26918493e+03,1.65169260e+02,2.02244885e+02,3.00175872e+02,6.94508011e+01,-6.02466809e+00,3.07459679e+02,-3.03944197e+02,6.99421648e+02,6.03447248e+02,-3.53948197e+02,1.29208820e+02,5.94486440e+02,-1.84765393e+02,1.36076881e+02,3.62950958e+02,3.64065479e+02,-6.69716941e+02,-1.16919516e+02,-2.98589495e+02,-2.88030217e+01,-3.65851476e+01,-1.98173743e+01,-1.38604727e+02,-2.52380854e+02,7.22677790e+01,8.63859781e+01,4.56842583e+02,-3.60701834e+02,3.31580383e+02,3.83525474e+02,-1.41728941e+02,7.54294426e+02,-5.82577592e+02,-8.98798514e+02,-5.64300920e+01,-7.19940036e+01,-1.70331835e-01,6.72205594e+02,-6.14767630e+01,3.47083374e+02,4.11939750e+02,3.23430811e+02,-8.87481632e+01,5.38192724e+02,-1.35862464e+02,-2.78341950e+02,-3.93776107e+02,4.71865627e+01,3.28528050e+02,-4.23977706e+01,3.25746248e+02,-2.41937209e+01,5.43411774e+02,1.70116866e+02,7.49404632e+01,-4.50980143e+01,2.88529402e+02,3.21973843e+02,1.68867111e+02,-6.90912911e+00,-4.57474149e+02,2.56482477e+02,1.68859801e+02,3.14640619e+02,2.64722454e+02,3.00528558e+02,-5.04881962e+01,2.33166868e+02,-2.09569912e+02,-1.02104876e+01,-4.73448448e+02,-2.65440642e+02,3.34684556e+02,-7.71670160e+02,2.49603379e+02,1.44481210e+02,7.06149769e+02,-2.19181472e+02,2.60776539e+02,-9.82372241e+01,-4.11913773e+02,-6.11500556e+02,-7.07884645e+01,-7.50358394e+02,1.35044167e+02,-1.76955633e+02,2.55168022e+02,1.73886476e+02,-2.19769075e+02,-2.15465441e+02,3.29738207e+02,-5.10263511e+02,-1.04634364e+02,-1.76234882e+02,2.01290579e+02,-4.22216391e+01,4.82798987e+01,-1.82939354e+02,4.83593470e+02,-4.07708691e+02,8.30102192e+01,5.12825098e+02,-2.93157961e+02,1.64322759e+01,-2.98246466e+01,-5.84344280e+02,-3.93819231e+02,-6.71038678e+01,2.25600500e+02,2.73083542e+02,4.15506251e+01,-6.97672131e+01,1.87658623e+02,-3.83307077e+02,3.83047097e-01,-4.29309890e+02,-2.32214816e+02,4.01282093e+02,-2.50332303e+02,5.47976122e+02,-1.81744347e+02,2.99698336e+02,2.17833602e+02,-5.29470047e+02,-2.42470020e+02,7.13235112e+01,-3.39006917e+02,-2.99609229e+02,-7.37221018e+02,-4.74640821e+02,-4.45168748e+02,-3.66960617e+02,1.96314552e+01,1.14157410e+02,1.05851283e+01,1.78948090e+02,-4.85789823e+02,1.24358616e+02,1.78784427e+02,-5.66096618e+02,-5.46575394e+02,-3.49127444e+02,-2.00958901e+02,1.65697124e+02,6.47626614e+00,-3.78444000e+02,3.01764294e+02,-1.70294429e+02,4.25508857e+02,-7.59202937e+02,5.13538583e+02,-3.25517986e+01,-3.14216369e+02,-2.23258872e+02,2.64766400e+01,3.63174962e+02,-6.41331219e+02,-1.19665009e+02,-1.74222218e+02,4.15783994e+02,7.13282958e+02,-8.27047657e+02,7.94970296e+02,3.86590651e+02,-6.35212447e+02,-2.99473839e+02,6.49507343e+02,5.12837451e+02,-1.54684457e+02,-3.13254980e+01,9.19298915e+01,6.04730020e+02,-4.51283182e+02,1.38682918e+02,-6.47882744e+01,2.58549777e+02,-6.29544241e+02,-6.33671316e+01,-2.85549807e+02,4.02702636e+02,3.62706969e+02,-7.30200354e+02,-4.21849293e+02,-1.93029978e+02,-3.31745357e+02,-1.24406554e+02,-1.95989472e+02,3.65192174e+02,3.54604276e+02,-5.01016012e+01,-3.92501563e+02,-7.10992989e+02,3.70778077e+02,-4.31217961e+02,-2.69126071e+02,4.15101304e+01,-2.94098827e+02,-3.54411478e+02,-2.21735806e+02,-3.62627346e+02,-2.28428793e+02,-4.34753546e+02,4.96384433e+02,5.50192967e+02,-2.96030941e+01,-2.03243143e+02,-1.29347484e+01,3.63405691e+02,-7.51575496e+02,-1.79549244e+02,4.24717569e+02,5.73133750e+02,-1.55222370e+02,9.80071209e+01,4.67689843e+02,1.33000777e+02,-5.41409007e+01,-3.76868843e+02,1.91476097e+02,-3.05962699e+02,-1.36113981e+02,-1.64701660e+02,-1.58836221e+02,1.69675492e+02,6.65393790e+02,4.81096956e+00,3.38527978e+01,-7.74550648e+02,-1.50277203e+02,-3.23051773e+02,3.89969810e+01,-3.59805603e+02,6.72773456e+02,6.95414200e+02,1.26490473e+02,-1.29771800e+02,1.23250292e+02,2.16022412e+02,-4.07635554e+02,-6.56150374e+01,1.21549402e+02,1.18102867e+02,4.84051644e+02,3.84212252e+02,-1.79204623e+02,2.41250501e+02,-8.26641569e+02,-3.70454109e+01,7.28768307e+02,8.38637564e+01,-7.45527975e+00,2.84147807e+02,-2.45974385e+02,7.91444964e+02,-1.07429521e+02,7.24958590e+02,3.16882438e+02,-3.29273814e+02,2.62057101e+02,-2.62152960e+02,-5.88264305e+02,-3.48498689e+01,-4.83684468e+02,-4.56682894e+02,-4.42878014e+01,2.76787396e+02,-5.00490805e+01,-2.86787233e+02,6.48387717e+01,-6.21117710e+02,-7.83229894e+01,-7.08243938e+02,4.46457530e+02,-1.24084428e+01,-4.39423570e+02,-1.62753637e+02,1.47628532e+02,-2.76434847e+02,-4.03311117e+02,7.72425583e+02,-1.92887027e+02,-3.78579106e+02,2.16701993e+02,-1.03876221e+02,4.40103396e+02,-1.60658457e+01,7.18509797e+01,8.74250028e+02,-1.51736973e+02,-3.00577465e+02,-3.24414657e+02,-4.54842030e+02,-2.83087550e+02,2.44533860e+02,1.82232888e+02,1.83755175e+02,6.41352777e+02,2.03756254e+01,1.44852196e+02,-5.67779382e+02,2.14152551e+01,-1.98758973e+02,-2.28572581e+02,1.20023588e+01,3.02088704e+02,3.28871584e+02,6.15768322e+00,8.00422303e+01,2.52605411e+02,3.19907005e+02,-2.05624510e+02,-1.11980155e+02,1.43929843e+01,-2.01439857e+02,-6.71451492e+01,-2.36652637e+02,6.50515036e+02,5.56544355e+02,-1.09204250e+02,1.05483773e+02,-2.11903942e+01,-2.07046021e+02,2.89009324e+02,-7.51158848e+01,3.35175054e+02,-4.61158658e+02,1.61431468e+02,-9.39681487e+01,-4.67476074e+02,-2.15378249e+02,2.33817015e+02,-7.39541229e+02,3.62946266e+02,4.23264485e+02,-6.26201001e+01,-4.36433594e+01,-2.70648985e+01,2.10891547e+02,-2.81980467e+02,3.12452618e+02,2.45553791e+02,-8.95285730e+02,-2.84294515e+02,1.94891717e+02,-8.02789213e+01,3.32506825e+02,-5.30584123e+02,-4.71356433e+00,-3.56080694e+02,-1.06572306e+03,6.45892033e+02,-5.12676645e+02,-4.97331127e+02,7.57176048e+01,1.10405788e+03,8.13291160e-01,-1.88721212e+02,-1.79188303e+01,-6.12255882e+01,-7.61578284e+02,-5.32451561e+02,6.71744040e+02,-4.53196268e+01,-3.39368168e+02,4.32486280e+02,-2.96844585e+02,3.40454515e+02,4.66747274e+02,-5.28783119e+02,-2.23119673e+02,-2.96652890e+02,-1.29344167e+02,-1.67187329e+02,-6.04454372e+01,1.18471533e+02,-2.89881841e+02,2.55493944e+02,5.13388568e+02,-1.36545795e+02,-1.53662233e+02,1.18980463e+02,4.92719018e+02,4.20817033e+02,3.31810125e+01,-1.65917926e+01,-4.83341186e+01,-4.38675782e+02,3.26326217e+02,-2.07484435e+02,1.71800748e+02,-1.33889027e+02,2.49016280e+02,1.51132540e+02,-6.79934634e+02,-2.38281090e+02,-6.79201575e+02,-2.81529736e+02,6.47587423e+01,-1.48590289e+02,2.58292236e+02,-2.48348337e+02,1.61786076e+01,8.98700639e+01,6.40425234e+02,3.22641119e+02,-2.35054842e+02,1.72392292e+01,9.72850662e+01,3.42484511e+02,-4.71846991e+00,4.36993775e+02,2.09764991e+02,7.67205761e+02,2.17287566e+01,5.87379730e+02,-2.24655396e+02,-3.31848528e+02,6.98024147e+01,6.62400679e+01,2.60862729e+02,-5.83428294e+01,-1.36299977e+02,2.22663682e+02,-3.95305815e+02,-4.47592938e+02,6.61495613e+02,-4.99965912e+01,-3.67680653e+02,-4.85672267e+00,-1.21224274e+02,3.03764230e+02,2.84871388e+02,-1.67848008e+02,9.26352355e+00,-2.32815543e+02,-2.81758775e+02,-2.45776083e+02,-8.24353543e+02,-2.77093358e+01,-5.55586917e+02,-4.74597574e+02,-3.38442772e+02,1.51497178e+02,-3.23785458e+02,1.89278630e+02,-4.87805365e+02,9.55646869e+00,-3.50845802e+02,6.41294653e+01,1.01536394e+02,2.51682806e+02,-1.69598081e+02,-1.28297418e+02,2.25412352e+02,5.17934474e+02,2.80743544e+02,6.61216758e+01,-5.88229488e+02,-1.19391035e+02,-2.64655227e+02,-5.22750703e+02,3.55647269e+02,-2.97227405e+02,-3.81691799e+01,-1.98841409e+02,-8.72595859e+02,4.31058252e+02,-1.44353984e+02,3.53974481e+02,-5.98845755e+02,5.64717878e+02,3.75479073e+01,-2.67647779e+02,4.03863834e+01,-1.99809268e+02,-5.86770961e+02,1.22463082e+02,2.44265942e+02,2.71474024e+01,-3.11723708e+02,-1.13033792e+02,1.41384701e+02,2.53185824e+02,5.52221101e+02,2.17649530e+02,-2.02684079e+02,7.62995126e+02,2.46736107e+02,3.37963561e+02,-1.45052148e+02,2.30363060e+02,1.50796453e+02,-5.30780663e+02,-1.62021994e+02,-3.39783399e+02,-2.71294278e+02,-9.01746017e+01,-1.49736852e+02,-3.22264426e+02,-9.77834999e+02,-2.61798311e+02,1.32426616e+02,8.76428572e+01,8.17019420e+01,4.24889360e+02,1.59045254e+02,2.75415326e+02,-3.65303871e+02,3.96671206e+02,-4.23247665e+02,-6.56614660e+02,1.66574343e+02,-3.47933698e+02,-3.60932535e+02,-1.35725792e+03,-1.02019891e+02,6.88855711e+02,4.00307711e+02,-8.69843670e+01,-1.03098912e+02,2.57113197e+02,5.86111311e+02,-3.47369432e+02,-8.36791142e+01,-2.74588634e+02,-3.07629973e+02,-2.93134434e+02,1.36647206e+02,6.15317613e+02,-5.66911693e+02,-4.57124280e+02,2.11964933e+01,-7.51195147e+01,-1.23023024e+02,-7.99781625e+02,4.88121715e+02,2.15058808e+02,7.74553738e+01,4.17038845e+02,-2.61213765e+02,2.55911605e+02,2.33188961e+02,4.61991498e+01,-4.12536674e+01,1.04699137e+02,-1.40089066e+02,4.05220078e+02,-3.74533637e+02,3.62577857e+02,8.09123928e+01,9.76273383e+01,2.01151213e+02,-7.40544428e+02,5.56412804e+01,-5.52023186e+02,-4.35063895e+02,-4.22406582e+02,-3.88541480e+02,1.05723430e+01,1.12988176e+02,4.15190969e+02,8.25380379e+01,1.18996515e+02,-6.11014624e+02,-2.16084317e+02,2.83587829e+02,1.07396214e+01,1.51518020e+01,-7.11827519e+01,3.14860027e+02,-7.84889780e+02,9.07176932e+01,2.01881350e+02,3.90470629e+02,3.34990525e+02,-4.88609855e+02,6.75403239e+01,3.72311357e+01,3.98269357e+01,1.74312593e+01,-1.67183038e+02,-2.73452596e+02,1.36308028e+02,5.36779683e+02,-7.46003186e+01,8.39454625e+01,1.52231915e+02,-2.14774793e+02,-2.12654505e+02,-9.96695276e+02,-3.31013216e+02,-4.39293577e+02,-6.44539995e+01,-5.47497554e+02,6.45321613e+02,-2.54102991e+02,-4.54212420e+02,-1.34475023e+03,5.64127670e+02,1.18448955e+02,-1.12178672e+01,-5.27874647e+02,9.01885613e+01,-1.48831825e+02,-2.79811137e+02,1.00048692e+02,2.75348809e+02,6.78766576e+01,-1.49993455e+02,-2.67087192e+01,7.97599751e+00,1.62492086e+02,-5.25021211e+02,6.01738269e+02,-3.59776601e+02,-2.32618405e+02,-3.63757732e+02,-8.37249588e+02,8.09414868e+01,-4.11623741e+02,-1.88422584e+02,2.91743476e+02,-2.08546324e+02,2.02537055e+00,-8.62736038e+01,-2.19056333e+02,1.46791321e+01,4.56625106e+02,-4.46179477e+02,7.94124104e+02,-1.70666062e+02,2.91113449e+02,-6.93188513e+01,1.28276407e+02,-1.00084013e+02,4.01402185e+02,5.37725260e+02,1.71109379e+02,4.69773213e+02,-3.32310170e+02,-2.81749284e+01,-1.95946296e+02,5.83851605e+02,4.94259881e+02,3.78310661e+02,-1.29110792e+02,-2.59270344e+02,2.30183054e+02,-2.21880363e+02,-1.18052743e+02,-6.21669807e+01,-2.25565809e+02,4.39672238e+02,-5.04338986e+01,3.38477560e+02,1.22175725e+02,1.45485565e+02,-2.92867720e+02,2.75874776e+02,-1.54505472e+02,-1.11244301e+02,-2.57425472e+01,-4.35518215e+02,6.57797865e+02,-2.42334890e+02,-3.38785704e+01,1.72247992e+02,1.47143698e+02,6.08028558e+02,-1.44002238e+02,6.58022606e+02,5.98406995e+02,-8.33744090e+02,7.41276024e+01,-1.74511658e+02,1.24283544e+02,7.29848157e+01,1.52171540e+02,5.18314321e+02,7.96301486e+02,-6.71947926e+02,6.56859965e+02,-7.93911352e+02,-6.61804953e+02,-1.06565591e+02,-8.48597207e+00,6.05707917e+02,3.29432320e+02,-1.54753237e+02,-7.93780380e+02,6.03967901e+02,-3.86069192e+02,-6.94785122e+00,-4.27708861e+01,1.06610785e+03,-2.42455616e+02,-9.03443458e+02,2.65740524e+02,-1.38934895e+03,9.60299743e+01,-3.06775949e+02,-1.55374487e+02,-2.34012960e+02,-5.02778542e+02,3.50180069e+02,-3.10178354e+02,-8.07136565e+01,-6.71265299e+02,-5.73620194e+01,-4.12368173e+02,-6.38273964e+02,-1.04785713e+03,8.61765372e+01,-2.77434784e+02,-5.02029735e+00,-1.15702148e+02,-6.79866603e+02,-5.42782214e+02,-4.53873633e+02,-4.57639490e+02,4.69913959e+02,7.93333656e+01,-4.10243372e+02,-1.56794957e+02,-1.93112127e+02,3.19433453e+02,-2.85856609e+02,-1.03574504e+02,-1.93674285e+02,-3.08428109e+02,-3.22030380e+02,3.28927153e+02,-1.48578441e+02,-7.80733194e+02,6.60557037e+02,4.02051650e+02,5.11717419e+01,-6.21992164e+02,-6.48065719e+02,9.31712829e+01,1.13677613e+01,-2.57702160e+02,-4.16381349e+02,3.03074644e+02,-6.76785007e+01,2.35056771e+02,4.22488116e+02,2.89392700e+02,3.00546099e+02,2.18297570e+02,-1.75321977e+02,-1.07731165e+02,-1.87763558e+02,-2.99359640e+02,-3.92681054e+02,-5.54291385e+02,-3.34554070e+02,-6.92066962e+01,-6.80924058e+02,-7.65093770e+01,2.79884100e+02,-6.16683134e+02,2.14691807e+02,1.87136023e+02,-6.03212354e+02,-4.86505016e+02,-1.35405241e+02,1.79730725e+02,-3.39269302e+02,6.01017223e+02,5.39364976e+02,-6.42106783e+02,4.30569726e+02,3.03173754e+02,6.53020840e+01,2.14308713e+02,-3.65259075e+02,-1.22789414e+02,4.79159420e+01,1.52275998e+02,3.86541568e+02,-4.34736257e+02,-3.90854212e+01,1.50640458e+02,-1.14470650e+01,-2.28696731e+02,1.68455233e+02,-2.27568229e+02,-1.72211485e+02,3.05233902e+01,-5.13005411e+02,2.98906839e+01,-1.97070850e+02,-1.08914171e+02,8.82098920e+00,-4.84853331e+02,4.83584515e+02,-2.28899164e+02,-1.10823942e+03,-7.23654133e+02,3.33633172e+02,-3.05754658e+02,-1.47980007e+02,-2.48987116e+02,-1.42688021e+02,-8.56157252e+02,-9.24522932e+01,-5.46542844e+02,-2.86002406e+02,2.18930012e+02,6.36369347e+02,-2.32671236e+00,-2.48649084e+01,4.99085701e+02,-4.34437918e+02,3.04176035e+02,7.78714659e+01,-3.58132590e+02,-1.56828097e+02,2.09752165e+02,1.57359539e+01,8.50327312e+01,9.75354440e+01,-2.01846956e+02,-2.37770793e+02,-4.49569972e+02,4.28740040e+02,-5.43262140e+02,-3.99044339e+02,8.27842563e+01,-7.63421795e+02,1.65420946e+02,5.35246858e+02,-4.25339199e+01,6.18850438e+01,-2.13294409e+02,-1.74464288e+02,8.83504126e+01,3.20640534e+02,-3.44644427e+02,2.61832775e+02,-9.37606710e+01,-3.08497335e+01,2.28632609e+02,1.61505963e+02,-7.75738853e+01,-2.64140232e+00,2.06543513e+02,2.38808394e+02,-6.12226616e+02,5.29935878e+01,4.60566949e+02,-8.27844220e+02,2.77162131e+02,-1.01747140e+03,-8.00936606e+01,-1.26538627e+02,-6.93417238e+01,-7.75377449e+01,-2.21503340e+02,-3.32359661e+01,1.39821905e+02,-2.06677697e+02,1.19875062e+02,7.41058361e+02,-5.46704149e+02,-2.27655913e+02,3.12293966e+02,2.09938578e+02,3.53636953e+02,1.41026927e+02,2.39111163e+02,-1.57995356e+02,-4.17717781e+02,-3.62993947e+02,-1.80509773e+02,7.97893945e+00,-3.57700435e+02,-1.29447407e+02,5.66340142e+01,1.98227571e+02,-8.49198302e+01,4.80084304e+02,-4.36226756e+02,-4.33316789e+01,-2.41608989e+01,2.39024661e+02,-3.47212133e+02,-2.18565380e+02,2.30952005e+02,4.24254096e+02,5.97088036e+02,2.98406344e+02,3.52986881e+02,-2.52812946e+02,5.32017138e+02,5.75413009e+02,-5.25319991e+01,3.33463469e+02,3.24264093e+02,-2.15778705e+02,1.66113113e+01,5.23066718e+02,-2.35581982e+02,-1.04077459e+02,-5.16595663e+02,2.28113996e+02,-6.57460156e+01,1.51813944e+02,8.03695472e+01,-3.55375821e+02,3.90939662e+02,3.46845519e+02,-2.03662136e+02,1.56915091e+02,-4.89418492e+02,-4.40176161e+02,2.00626631e+02,-5.88426709e+02,-2.31136154e+02,8.13176961e+01,6.89485682e+02,-2.06789052e+02,-8.88792703e+01,-1.26984731e+02,9.76273530e+02,1.22613566e+02,-3.69838313e+02,5.83624791e+02,5.36458404e+02,2.57495045e+02,6.23024203e+02,6.90793209e+02,-8.81676415e+01,-2.54808371e+02,-2.75192733e+02,2.29032625e+02,3.21559783e+02,-4.27108317e+01,-1.77194144e+02,-5.23954675e+02,-2.55117140e+02,-3.76887228e+02,2.52006029e+02,1.28423761e+02,5.33223367e+02,4.96866892e+01,-2.12387847e+02,-6.68164291e+01,3.41002895e+02,1.10399725e+02,4.35631398e+02,4.87963398e+02,-1.16531987e+02,-7.73257303e+01,-8.24429070e+02,4.53275495e+02,-4.40082591e+01,4.28487623e+02,-1.57116007e+02,-4.98614085e+02,1.68142039e+02,5.90366914e+02,-2.09648510e+02,5.80337449e+02,-6.14246286e+02,-1.91529665e+02,-6.65352017e+02,1.86594310e+02,9.60448458e+01,9.49437416e+00,-5.08476394e+02,7.44937258e+02,4.47638021e+02,6.81243182e+01,-3.91650665e+02,1.85279619e+02,-2.29830994e+02,-7.54794521e+01,-1.86151282e+02,1.76340373e+02,-8.66407618e+01,-1.73014755e+02,1.63701473e+02,2.22992991e+02,-7.24300476e+02,1.64442729e+02,5.68184391e+02,3.55356730e+02,-1.12008248e+02,2.83161412e+01,-3.04649158e+02,5.00345705e+02,1.47459650e+02,-5.59899653e+01,-5.79805151e+01,9.23653789e+02,3.94077181e+00,2.61854085e+02,6.13577051e+02,8.27302498e+02,5.40685056e+02,3.58025662e+02,-5.38955051e+02,-3.67841507e+02,2.93597189e+02,1.52449947e+01,2.73215018e+02,1.55224311e+02,4.98231089e+02,-6.56706201e+02,-4.14867155e+02,-5.54545164e+01,-7.32747774e+02,1.65588453e+02,3.35490355e+02,1.15188514e+02,-1.91996451e+02,1.99450687e+02,1.20208004e+03,2.21349156e+02,1.29456876e+02,-4.14253249e+02,-5.58445621e+02,-1.31991316e+02,2.63624438e+02,-4.51421471e+01,1.79295994e+02,2.97285388e+02,-5.06679818e+02,2.11385879e+02,4.39073963e+02,4.95551274e+02,-4.75209189e+01,1.05503766e+01,-7.81746216e+01,-4.26487164e+02,-5.64263834e+02,7.05415484e+02,-5.78071017e+01,-5.00942868e+02,1.92595500e+01,-1.95464562e+02,7.72547784e+02,-2.01773911e+02,-2.91839614e+02,2.64917723e+02,-1.24536331e+02,3.68038376e+02,-4.54412483e+01,8.49875445e+02,4.25884341e+02,-7.80492590e+00,-3.06215286e+02,2.11325372e+02,-4.69444376e+02,-9.70107238e+01,5.15374575e+02,-2.37238653e+02,-3.98281546e+02,-1.87623783e+02,4.38371883e+02,1.23062114e+02,-7.02187601e+02,2.60402027e+02,1.26225051e+02,5.95306601e+01,-4.31575292e+02,1.58771848e+01,2.97077147e+02,4.31596430e+02,5.42324480e+02,2.22694394e+02,3.55307606e+01,-4.30284296e+02,-4.03272227e+02,-6.27603317e+02,-7.98800614e+01,2.67839254e+02,-2.04855620e+01,4.52148880e+02,-2.69016179e+02,1.53857939e+02,-1.03761618e+02,-2.52082293e+02,5.01520460e+02,6.41383112e+01,5.20279290e+02,2.69506377e+01,2.09747276e+02,-1.66722339e+02,5.29453400e+02,-1.03785916e+02,-3.23266592e+00,-6.61357783e+02,-9.06589704e+01,6.15497683e+02,5.63063671e+02,2.23076823e+02,-1.27471662e+02,3.19801742e+01,-1.50833391e+02,-5.14722705e+01,7.61592177e+02,1.51619456e+01,-2.02782547e+02,-9.33849753e+02,-4.56151974e+02,-3.18584238e+02,-5.67510611e+02,-4.76690096e+02,-6.01200243e+02,-3.93117961e+02,-3.19256909e+02,-4.06334020e+02,4.02741531e+02,-2.13122986e+02,-8.17646535e+02,3.39320397e+02,-2.46128497e+02,-6.94980523e+02,8.21693234e+02,-2.04129039e+02,1.66163936e+02,3.45174075e+02,1.06040490e+01,2.19807219e+02,7.49531024e+00,-1.24493736e+01,-1.16155602e+02,-6.15356093e+02,9.03446963e+01,-1.10168264e+03,5.54928453e+02,-3.70265347e+02,-1.17464126e+02,-1.50169589e+02,9.16618798e+01,-1.58394649e+02,2.42761536e+02,-4.56103712e+02,3.21420166e+02,3.33366287e+02,1.29553304e+02,8.36047727e+01,1.69336348e+02,6.37865869e+01,2.56088370e+02,-8.10875446e+01,-5.33340525e+02,8.37678887e+01,-1.98032482e+02,-3.91379448e+01,4.24096532e+02,-6.87525742e+02,9.57590262e+00,1.21663747e+01,7.26282396e+01,2.81523119e+02,-1.16535924e+02,7.11142529e+02,4.07750044e+02,-1.48009282e+02,-8.90198386e+01,1.70733408e+01,6.60380246e+02,-4.70605084e+02,-8.82295553e+02,2.45449867e+02,-1.03266540e+02,-1.08270209e+02,1.43787816e+02,6.64194784e+02,4.03605046e+02,-1.49481372e+02,-4.28341095e+02,-5.18622530e+01,2.49434000e+02,-1.12603602e+02,-6.30861820e+02,-2.56094669e+01,-7.89418411e+02,-4.13547411e+02,6.77445890e+02,-4.35789326e+02,-5.66786197e+02,-4.42191169e+02,-3.00897468e+02,2.84834288e+02,7.01246362e+02,-4.42683843e+01,2.32897455e+02,-1.53462967e+02,-5.91590054e+02,3.98153790e+02,-3.88733261e+02,2.39964238e+02,3.07149840e+02,-6.59553443e+01,3.50258594e+02,3.71064084e+02,9.16202047e+02,-1.26021880e+02,-3.93392487e+02,-5.41945948e+02,-1.29286934e+02,-2.24739277e+02,8.60442682e+02,-3.76336711e+02,8.59650084e+01,6.16418723e+01,-2.20789450e+02,-6.91972833e+02,-5.50706136e+01,8.31339225e+02,9.52082635e+01,6.00085709e+01,-4.56658827e+02,-5.13414238e+02,-8.44753427e+01,4.10216742e+02,-1.92048497e+02,9.04218675e+02,-3.74255943e+02,1.45565685e+02,-1.73640337e+02,-5.80208537e+02,2.69869413e+01,-4.34408610e+02,-6.33020799e+02,7.16012738e+01,1.93337335e+01,4.39489932e+02,1.80297411e+02,-2.87947410e+02,1.92516411e+02,-7.03933159e+02,-4.48104291e+02,7.71205688e+02,1.09089283e+02,-1.17316207e+02,-2.73536357e+02,-3.95126751e+01,-6.67271275e+01,7.26261612e+02,3.48968125e+02,-1.23636451e+02,-5.71520290e+01,-3.42117730e+02,-1.72184883e+02,-5.70685957e+02,4.09630046e+02,6.40341872e+01,1.15506992e+02,1.30172571e+02,-4.84125116e+01,-1.56541371e+02,-3.05372906e+00,-9.05425028e+02,-1.61327085e+02,-6.93860721e+01,-7.71305259e+01,4.64821248e+02,5.38115458e+02,1.36929716e+02,-8.14450404e+02,5.43879843e+02,-1.70825623e+02,-3.28409145e+02,-7.43713607e+02,-2.77418016e+02,5.03411398e+02,2.35135116e+02,6.31739336e+01,2.62617765e+02,-4.94967885e+02,-3.79141151e+02,4.72206416e+02,3.25611852e+02,4.38560032e+02,-4.85933002e-01,6.01963374e+01,4.70627871e+02,8.42319073e+02,-2.08244910e+02,3.23437366e+02,-1.46548470e+02,-3.58992011e+02,-2.92479781e+02,-2.61960867e+02,-1.27121679e+02,-4.34021475e+02,-1.98353681e+02,-1.18580089e+03,2.89344373e+02,1.67247927e+02,-3.12532841e+01,-3.53614697e+02,-1.91348634e+02,-4.58539100e+02,9.98461360e+01,7.01095328e+02,-1.74564677e+02,-1.40986007e+02,1.86178746e+02,-4.13503370e+02,7.39245028e+02,1.41647504e+02,1.53854938e+02,4.40356021e+02,1.28851607e+01,4.78048128e+02,1.40974393e+02,-7.21106564e+01,8.00954936e+01,-2.25840197e+01,5.90630030e+02,7.79772362e+01,1.28405242e+02,-7.74622816e+01,1.13400248e+02,-7.88495304e+02,-3.18329746e+02,-3.92964487e+02,4.36976824e+02,-2.49901518e+02,-5.46664333e+02,5.02507778e+02,-1.03054502e+02,3.72021374e+02,-7.79947918e+02,2.10689679e+02,6.43768569e+01,4.99882456e+01,-7.49425961e+01,-5.59560198e+01,4.20789427e+02,-9.40282481e-01,-4.22246997e+02,-1.37573351e+02,2.14682888e+02,-9.95495407e+02,-7.90870836e+02,1.17686140e+01,9.66156986e+01,-3.72361065e+02,-3.63848036e+01,9.22899468e+02,2.80672799e+02,-4.77399960e+02,7.99538282e+01,-7.63686374e+01,8.97949943e+01,-2.93183426e+02,1.59116897e+02,2.41119932e+02,-5.74995291e+01,9.59417135e+02,-8.89015754e+01,-2.74770057e+02,1.66354051e+02,3.52231137e+02,-3.03053508e+02,-2.53653861e+01,8.18980031e+02,-1.98811247e+01,5.01507956e+02,1.23531791e+02,-8.13695116e+01,-2.22422927e+02,4.84574288e+02,-4.70621084e+02,-1.79139827e+01,-1.29732130e+02,-3.60982537e+02,1.42673121e+02,2.04406222e+02,7.44568558e+01,-1.45980946e+01,-3.30861560e+02,1.56486856e+02,-1.49397077e+01,-2.12760949e+02,-1.84448277e+02,1.67892522e+02,-4.34403039e+01,-3.13297294e+02,-9.10847236e+02,7.73640116e+01,1.98663496e+02,-4.00517863e+02,-1.92125379e+02,7.04594269e+02,6.36720448e+01,3.03153352e+02,5.68406183e+01,3.16472711e+02,4.41889656e+01,-3.36624742e+02,-3.46823545e+01,7.05241703e+01,2.38205196e+02,6.84765772e+02,4.19619849e+02,1.93656638e+01,1.46387498e+02,5.15929807e+02,2.24210357e+02,-6.18787224e+02,-2.29364120e+02,1.15236303e+02,7.29917431e+01,2.24804178e+02,-4.48655726e+02,1.06430132e+02,3.44856257e+02,4.20604270e+02,-3.82330273e+02,-4.23040046e+01,-1.98920857e+01,-1.17773906e+02,-2.81286636e+02,-1.67559439e+02,-2.96101320e+01,6.94771947e+01,3.53481017e+02,-2.65659162e+02,6.83773157e+02,3.05071174e+02,2.17311156e+02,2.85275162e+02,2.58312503e+02,2.80984357e+02,4.61874867e+02,-3.79349852e+02,5.40356301e+02,-9.52038060e+02,2.65547691e+02,-9.27726236e+02,7.18787136e+02,6.23819368e+02,-9.82398723e+01,-4.20343243e+02,-3.60686043e+02,-4.91820183e+02,-5.29987302e+02,4.91953924e+02,3.66587165e+02,2.07082610e+02,2.69685081e+02,3.48443950e+02,-3.28978818e+02,-1.70583227e+02,4.89780063e+02,-1.06885679e+02,4.51534132e+02,6.25109074e+02,-3.66578455e+01,-6.16437254e+02,1.35655524e+01,-1.03269049e+01,-8.42077948e+01,6.96717395e+00,-5.73012988e+02,-1.55093590e+02,5.27957307e+01,7.76483834e+01,4.13858241e+02,-3.41638875e+02,5.21755516e+02,-3.45403195e+02,1.91268985e+02,3.33872568e+02]
