name = 'OC-O-rev'
composition = {'H':0, 'C':1, 'N':0, 'O':2, 'Pt':1}
facet = ['Ni110'] 
IS_SPE =[-87.47685767, 'eV']
IS_ZPE =[0.247, 'eV']
IS_frequencies=[12, 75.2, 138.6, 251.7, 326.7, 329.3, 467.9, 534.3, 1857.4, 'cm-1']
TST_SPE=[-86.19864749, 'eV']
TST_ZPE=[0.235, 'eV']
TST_frequencies=[64.6, 142.3, 212.6, 271.9, 337.3, 373.8, 548.2, 1833.8, 'cm-1']
no_reactants=2
bee_IS = [-5.10994865e+02,-3.98963212e+01,-1.17913121e+02,3.94366681e+02,-1.87151037e+02,-1.62253650e+02,-3.51302962e+02,-7.78627612e+02,-3.69843880e+02,-4.11595735e+02,-3.37260236e+02,4.25793588e+01,1.26115594e+01,2.40038549e+01,2.76034834e+01,4.09753258e+02,-1.80577360e+02,-1.56109261e+02,1.51130930e+02,-9.68615083e+02,5.08620183e+02,-2.28686064e+02,-4.53224811e+01,-1.04628919e+02,-4.53819121e+01,-4.96788404e+01,7.53241395e+02,-1.85997359e+02,-7.25808906e+01,-4.57103182e+02,6.68541445e+02,-1.15656396e+02,-3.38484547e+02,2.07248705e+02,-3.70315387e+01,1.71906381e+02,-2.53715130e+01,6.10055761e+01,2.39839806e+02,-8.84960852e+02,4.72313316e+02,1.12012461e+02,-5.35417763e+01,-2.93330370e+02,9.76491936e+01,-1.59832762e+02,3.82392925e+02,3.21340028e+02,-2.36071842e+02,-2.54585790e+02,-2.57902408e+02,-2.96188884e+02,1.02371816e+02,-4.33176693e+02,1.20782508e+02,5.23340348e+02,5.97952704e+02,3.03402390e+02,1.41095171e+02,2.41074501e+02,7.81136915e+02,1.80508909e+02,-4.80029000e+02,-1.06613783e+02,-2.06720660e+02,5.30374454e+02,-6.52417849e+02,-5.42955976e+02,-2.38125584e+02,-9.10435593e+01,-3.79071609e+02,2.33647540e+02,8.35855619e+01,1.15129628e+02,-3.35510657e+02,-3.03614215e+02,-4.91086286e+02,3.22777612e+02,-2.85204252e+02,2.30724701e+02,-5.77752680e+01,-2.54083724e+02,-5.04735623e+02,-1.48787108e+02,-9.86014331e+01,-1.38581181e+02,3.43259779e+02,6.18941173e+02,-3.69706433e+02,-6.97025376e+02,-1.72387800e+02,9.64080626e+02,-4.96616624e+02,2.86172309e+02,-9.26398128e+01,-5.40391217e+02,2.11684505e+02,3.29750592e+02,-1.50344873e+02,3.02769436e+02,-2.31105590e+02,-4.50752176e+02,7.77797292e+02,4.02177490e+02,2.67779791e+02,1.26402028e+02,2.13309355e+02,7.08961217e+02,-2.17671040e+02,5.00136599e+01,-1.20056888e+03,1.59955178e+02,-5.91041746e+02,1.26406293e+02,1.88217884e+02,-2.98179811e+02,-4.64125889e+02,5.18720652e+01,-2.55275483e+02,3.10781372e+02,-4.39975333e+02,-2.39511389e+01,-3.09148406e+02,-3.66965646e+01,-2.56517380e+01,1.48807341e+02,9.69726303e+00,-5.30220580e+01,5.28836114e+02,7.93997572e+02,4.14786374e+02,6.74277360e+02,-1.05914118e+02,1.15255741e+02,4.78063477e+02,-7.40982333e+01,-6.65859323e+02,-3.28713986e+02,-4.36326375e+02,-2.50352299e+02,2.41842909e+02,-1.02464466e+03,-1.64333142e+02,3.74740072e+02,-3.17941548e+02,-3.14842598e+02,4.71875830e+02,3.83590421e+02,-2.99182270e+02,1.72227347e+02,-2.13887678e+02,3.03354992e+02,3.52581150e+01,1.31988816e+02,-7.54421417e+02,-4.22664535e+02,-6.90978023e+01,1.50562572e+00,-3.38786008e+02,9.26072349e+02,-1.89943024e+02,-2.90366156e+02,3.26001966e+02,-4.15255238e+02,-2.84564529e+02,2.66912600e+02,9.49932364e+01,1.14345471e+02,1.05957308e+02,-9.65736446e+01,1.66357123e+02,5.05950931e+02,-2.55791727e+02,1.51412388e+02,7.90207621e+02,2.89089855e+02,-7.50200953e+01,-1.66636624e+02,1.33814553e+03,-1.53725732e+02,3.08348669e+02,1.91309740e+02,2.96457906e+02,7.72568953e+02,4.30803577e+02,-2.60800390e+01,1.96765623e+02,4.10227349e+02,3.37716318e+02,-4.85697958e+02,8.12549747e+02,-7.25568659e+02,-1.50621158e+02,4.98170208e+02,7.60114049e+01,5.74337977e+01,2.71111291e+02,2.09508962e+02,3.11074109e+02,-5.53019354e+02,4.22536742e+01,-2.36288368e+02,-9.23964484e+01,-2.89192292e+01,-7.78794610e+01,-4.87626557e+01,7.12683254e+02,-7.35621136e+01,-2.41298362e+02,-2.02241688e+01,1.01383373e+02,-5.12103627e+02,-3.92182398e+02,-3.15548594e+02,-5.46574338e+02,-1.42511540e+02,-3.59984786e+02,1.69234755e+02,-8.32955074e+00,-9.36361524e+01,-7.42313668e+01,5.58759027e+01,-1.71176795e+02,5.81398996e+02,-7.15592946e+02,-1.39491581e+02,-1.36096710e+02,1.46608629e+02,1.60695067e+02,-4.02260001e+02,-1.54832502e+02,3.64731473e+02,-1.93419621e+02,1.36819754e+02,3.20982722e+02,-3.48367378e+01,9.81927953e+02,-1.74030608e+02,-2.79466577e+02,5.52581001e+01,-1.98007359e+02,4.62761707e+02,-3.15856942e+02,7.37035075e+01,5.40478184e+02,-1.15342660e+02,1.04368103e+03,1.11595289e+03,-5.71599734e+02,5.03526268e+02,1.46846450e+02,-4.66102124e+02,1.51711897e+02,3.17135209e+02,3.33765931e+02,2.19841045e+01,1.02256258e+02,6.20975141e+02,-1.99454839e+02,1.39959960e+02,6.61309553e+02,-3.25543406e+02,-1.33792224e+02,4.54044307e+02,2.34378987e+02,6.60835286e+02,2.26732276e+02,6.07956477e+01,2.27405858e+02,3.38845202e+02,-4.22954346e+02,3.10130567e+01,1.62444289e+02,1.06720539e+02,1.90985507e+02,-5.10694499e+02,2.95515892e+02,-3.85603502e+02,-2.73697243e+02,1.52311787e+02,-1.21166455e+02,4.75443612e+02,-2.06344179e+02,2.51286200e+02,2.80296995e+02,6.90235637e+02,4.81945439e+02,4.14781956e+02,-7.46103075e+01,-5.94650738e+01,-2.75233684e+02,6.66750818e+02,6.83841194e+02,3.25619998e+02,-2.01477247e+02,4.35996348e+02,-7.52594958e+01,1.83328565e+02,5.43197770e+02,4.86442537e+00,-6.85749724e+01,-2.11966148e+02,-4.64570420e+02,8.40652395e+02,3.94107705e+02,-4.87570512e+02,-1.35600602e+02,2.42217222e+02,-9.25873614e+01,5.42508290e+02,1.05539776e+02,6.90394126e+02,2.69000381e+02,-2.43626683e+02,2.11683000e+02,-3.70528065e+01,-2.73871219e+02,1.44079010e+02,1.59949555e+02,7.87819287e+02,6.92913865e+02,4.57416999e+02,6.02706913e+02,6.28124909e+01,-2.36832764e+02,1.33856790e+02,-2.88845160e+02,-4.42307329e+02,-5.02957083e+02,-2.37727951e+02,-9.35620064e+02,-2.70704016e+02,-7.43186206e+02,1.86043149e+02,-4.00282731e+02,3.57448293e+02,-8.31675976e+02,-2.78278805e+02,4.24638276e+02,1.94161389e+02,-7.48130009e+02,5.35507856e+02,-2.11410746e+02,4.53939020e+02,-2.23782531e+02,-6.85734677e+02,1.07508948e+02,-5.54090969e+02,-1.14739525e+02,1.33624719e+00,3.69060437e+02,1.08450535e+03,-3.93152202e+02,-3.02850172e+02,-3.20089599e+00,-1.21828907e+02,-7.02458201e+02,-4.83014464e+02,4.28805282e+02,-2.18317661e+02,1.46630741e+02,-4.22457427e+02,-1.29509715e+02,-3.47340227e+02,4.61886300e+02,1.31118538e+02,-1.94494993e+02,-1.18049141e+02,8.91186012e+01,-7.41658301e+01,3.77755299e+02,-2.17472603e+02,4.68101134e+01,2.97853239e+02,1.50378824e+02,-1.54238796e+02,1.34019091e+03,4.72154402e+02,3.14351464e+01,8.83103217e+01,-5.35638054e+02,2.67502780e+02,-6.49714681e+02,-2.23775422e+02,-4.78021472e+02,-1.64514387e+02,4.80442711e+02,-4.89376452e+02,1.60450079e+02,-2.42785318e+01,2.70171964e+01,-3.21073727e+02,-3.84963471e+02,-4.06311911e+00,-3.67481707e+02,-1.92090300e+02,-3.55222045e+02,-8.87550446e+01,-3.09953606e+02,-4.44939142e+02,1.96328277e+02,-1.48850921e+02,1.82861739e+02,8.79825226e+01,-6.36865281e+02,-4.72947097e+02,-3.45997034e+02,3.09091394e+02,-9.56365718e+00,-5.48213962e+02,5.03073403e+02,-3.45425884e+02,4.74929828e+02,-2.61374740e+02,-4.22138878e+02,2.28729484e+02,-5.88377197e+02,-3.35571987e+02,5.50841437e+02,1.57301237e+02,-3.51940404e+02,4.56791470e+02,-1.49014741e+02,-3.27621368e+02,-2.66411510e+02,-4.21047697e+02,2.04960892e+02,-7.83832774e+02,-7.20058624e+02,-8.25536898e+01,-2.59109450e+02,-4.78324384e+02,6.24636630e+02,1.14344751e+03,-2.83574272e+02,-2.67275140e+01,-5.47108516e+02,5.69794007e+02,1.62285604e+02,-1.71601631e+02,-3.32033369e+02,1.45218969e+02,-5.26306093e+02,-1.73302982e+02,-7.68564068e+02,3.04086882e+02,1.12776571e+02,2.78860939e+00,-5.99844921e+01,-2.99706496e+02,-7.74168081e+01,1.10833018e+03,-1.63649668e+02,-4.01571253e+02,-5.86440602e+02,1.13501193e+02,-3.11581750e+02,7.78295465e+01,2.54761929e+02,5.71126677e+01,2.46186702e+02,1.06441668e+02,5.14926438e+02,2.64173929e+02,-2.93630798e+02,3.68997931e+02,3.00220697e+02,9.69349843e+01,3.85846781e+02,-2.14134716e+02,6.29603108e+02,1.61266469e+02,-2.62421628e+02,-5.12668165e+01,-1.64949650e+02,2.05106077e+02,-2.27614609e+02,-2.82167482e+01,-9.58852860e+01,7.16426549e+02,4.65471001e+02,-5.83827543e+02,-3.76601467e+01,-4.66005701e+02,-1.49840626e+02,-1.96789077e+02,6.62685980e+01,-1.26707473e+01,-2.25944593e+02,1.09833223e+02,-6.18570681e+01,-9.13187072e+01,7.50152374e+02,1.55865523e+02,-7.01135032e+02,-3.81527308e+02,7.99307537e+02,2.37175538e+02,-7.34458591e+01,9.23053756e+02,-1.59795568e+02,-9.60517643e+01,-5.21983041e+01,1.18606732e+02,2.47497777e+02,3.46237481e+01,2.32870600e+02,-1.34544239e+02,-2.72086995e+02,-3.73874517e+02,-4.16857833e+02,3.87105525e+02,1.09880808e+02,3.28314030e+02,1.20795144e+02,7.66728525e+02,1.52589720e+02,-7.06467327e+02,-2.96485289e+02,8.42654365e+01,-2.40567111e+02,5.38245478e+02,-1.12103585e+02,1.58938417e+02,4.33122799e+02,-6.38193109e+02,1.28658176e+03,1.67324307e+02,2.04565054e+02,3.04434242e+02,7.06197064e+01,-5.99649710e+00,3.11642450e+02,-3.08465457e+02,7.09299760e+02,6.11904611e+02,-3.58820868e+02,1.31582296e+02,6.02937459e+02,-1.87187048e+02,1.37920810e+02,3.67575451e+02,3.68897081e+02,-6.79016811e+02,-1.18263026e+02,-3.02514404e+02,-2.99596969e+01,-3.73182743e+01,-1.94947524e+01,-1.40276277e+02,-2.56262029e+02,7.36292198e+01,8.73455795e+01,4.63133269e+02,-3.66062202e+02,3.36448720e+02,3.89368381e+02,-1.43670225e+02,7.64350329e+02,-5.90333307e+02,-9.11056366e+02,-5.69954491e+01,-7.31842575e+01,-3.41223789e-01,6.81228367e+02,-6.20750855e+01,3.51564879e+02,4.18687037e+02,3.27569677e+02,-8.95661477e+01,5.45310423e+02,-1.37500004e+02,-2.82731470e+02,-3.99178863e+02,4.79016849e+01,3.33297057e+02,-4.30074482e+01,3.30119555e+02,-2.41553612e+01,5.50185999e+02,1.72329616e+02,7.55214882e+01,-4.52733989e+01,2.92346311e+02,3.26005378e+02,1.70882356e+02,-6.97759423e+00,-4.63817142e+02,2.59872842e+02,1.71253707e+02,3.19065307e+02,2.68414301e+02,3.04210679e+02,-5.09179772e+01,2.36852252e+02,-2.12105902e+02,-1.08011246e+01,-4.79938324e+02,-2.68819550e+02,3.39654855e+02,-7.82263578e+02,2.52797079e+02,1.46613535e+02,7.16012574e+02,-2.21433111e+02,2.64522183e+02,-9.90444034e+01,-4.17230323e+02,-6.19438476e+02,-7.20362602e+01,-7.61062474e+02,1.36360907e+02,-1.79562630e+02,2.58514397e+02,1.76156276e+02,-2.23244720e+02,-2.19018666e+02,3.34216139e+02,-5.17352682e+02,-1.06308474e+02,-1.78388434e+02,2.04593617e+02,-4.21813594e+01,4.86328667e+01,-1.85302963e+02,4.89951590e+02,-4.13802467e+02,8.44638268e+01,5.20442875e+02,-2.97447011e+02,1.68540074e+01,-2.96316750e+01,-5.92469797e+02,-3.98860511e+02,-6.77182977e+01,2.28947184e+02,2.76625472e+02,4.23232417e+01,-7.07238368e+01,1.90288004e+02,-3.88402416e+02,-2.92766300e-01,-4.35503462e+02,-2.34908681e+02,4.06730464e+02,-2.53789637e+02,5.55836145e+02,-1.84526845e+02,3.03720825e+02,2.21009705e+02,-5.36446536e+02,-2.45722051e+02,7.18445567e+01,-3.43551534e+02,-3.04086174e+02,-7.46762841e+02,-4.81370956e+02,-4.51183102e+02,-3.72295153e+02,2.00965722e+01,1.16010013e+02,1.10183697e+01,1.81631256e+02,-4.92561787e+02,1.26303099e+02,1.81818576e+02,-5.74023855e+02,-5.53556815e+02,-3.53757779e+02,-2.04529850e+02,1.67748869e+02,6.38074544e+00,-3.83712082e+02,3.05622171e+02,-1.72671903e+02,4.31249234e+02,-7.69400683e+02,5.20358287e+02,-3.30610637e+01,-3.19310330e+02,-2.26356121e+02,2.64761677e+01,3.68478507e+02,-6.50141835e+02,-1.21249268e+02,-1.76524787e+02,4.21298139e+02,7.22740717e+02,-8.38487783e+02,8.05600353e+02,3.91470972e+02,-6.43915372e+02,-3.03677785e+02,6.58713301e+02,5.19343265e+02,-1.57495945e+02,-3.18298241e+01,9.40422233e+01,6.13436806e+02,-4.57924624e+02,1.40679431e+02,-6.56352185e+01,2.61967184e+02,-6.38163139e+02,-6.41191195e+01,-2.89351261e+02,4.08461229e+02,3.67379209e+02,-7.40096275e+02,-4.27522736e+02,-1.95547904e+02,-3.36584052e+02,-1.26071274e+02,-1.98670569e+02,3.70421808e+02,3.59677313e+02,-5.08924104e+01,-3.97874669e+02,-7.20642384e+02,3.76006281e+02,-4.36764098e+02,-2.73170147e+02,4.21103708e+01,-2.98202047e+02,-3.59165652e+02,-2.25315737e+02,-3.68489745e+02,-2.31230134e+02,-4.40982131e+02,5.03260191e+02,5.57866372e+02,-3.00921568e+01,-2.05950234e+02,-1.31067439e+01,3.68760033e+02,-7.62179871e+02,-1.82581879e+02,4.30117638e+02,5.81150564e+02,-1.57012957e+02,9.98426006e+01,4.74581548e+02,1.34935447e+02,-5.40757747e+01,-3.81916691e+02,1.93834915e+02,-3.10156792e+02,-1.38213477e+02,-1.66958797e+02,-1.60884436e+02,1.71795896e+02,6.74475164e+02,4.72186601e+00,3.38773366e+01,-7.85712977e+02,-1.52950371e+02,-3.27313423e+02,3.95659907e+01,-3.64508358e+02,6.82530771e+02,7.05169587e+02,1.28349257e+02,-1.32164404e+02,1.24826613e+02,2.18729281e+02,-4.13277624e+02,-6.63370224e+01,1.23931311e+02,1.19493293e+02,4.90589235e+02,3.89431872e+02,-1.82069524e+02,2.44306347e+02,-8.38386158e+02,-3.77269264e+01,7.38903772e+02,8.51893163e+01,-7.83283679e+00,2.88328828e+02,-2.48656812e+02,8.01962858e+02,-1.09500669e+02,7.34469152e+02,3.21226465e+02,-3.34202034e+02,2.65760409e+02,-2.65200200e+02,-5.96325358e+02,-3.53318074e+01,-4.90166539e+02,-4.62886473e+02,-4.44724237e+01,2.81139819e+02,-5.09826673e+01,-2.90371483e+02,6.58224795e+01,-6.29193700e+02,-7.93357773e+01,-7.17734122e+02,4.52716177e+02,-1.27394602e+01,-4.45633725e+02,-1.65148467e+02,1.49121047e+02,-2.80477272e+02,-4.08738219e+02,7.83275047e+02,-1.95730854e+02,-3.83516959e+02,2.19915443e+02,-1.05824748e+02,4.46028500e+02,-1.68449171e+01,7.20567747e+01,8.86154496e+02,-1.53540750e+02,-3.05034602e+02,-3.29984421e+02,-4.60877627e+02,-2.86939063e+02,2.48120627e+02,1.85245922e+02,1.86568573e+02,6.49762091e+02,2.05160424e+01,1.47191674e+02,-5.75440984e+02,2.17372179e+01,-2.01256117e+02,-2.31594904e+02,1.15989878e+01,3.06465689e+02,3.33318600e+02,6.11222184e+00,8.09557317e+01,2.56060134e+02,3.24030589e+02,-2.07891801e+02,-1.13334000e+02,1.45603737e+01,-2.04263733e+02,-6.79927123e+01,-2.40733234e+02,6.59263272e+02,5.63694734e+02,-1.10449811e+02,1.07422399e+02,-2.14879200e+01,-2.10549637e+02,2.93405211e+02,-7.58792375e+01,3.39667846e+02,-4.67064224e+02,1.63141873e+02,-9.49287437e+01,-4.73283546e+02,-2.17531763e+02,2.36500324e+02,-7.50166447e+02,3.67708523e+02,4.28925778e+02,-6.35790369e+01,-4.37880159e+01,-2.70325984e+01,2.13940520e+02,-2.85326846e+02,3.16554221e+02,2.49324755e+02,-9.06699160e+02,-2.87884102e+02,1.97472644e+02,-8.17672632e+01,3.37737472e+02,-5.38286935e+02,-4.57869119e+00,-3.60361164e+02,-1.08062841e+03,6.54708104e+02,-5.20115942e+02,-5.04293020e+02,7.66186387e+01,1.11967334e+03,9.01821798e-01,-1.92110683e+02,-1.82764790e+01,-6.21531211e+01,-7.71908770e+02,-5.39835450e+02,6.81293876e+02,-4.60700715e+01,-3.43498386e+02,4.37988328e+02,-3.00810301e+02,3.45242084e+02,4.72501621e+02,-5.35711815e+02,-2.26620647e+02,-3.00592307e+02,-1.31306378e+02,-1.69860689e+02,-6.19452231e+01,1.19796513e+02,-2.93941371e+02,2.58930848e+02,5.20068320e+02,-1.37874685e+02,-1.55687804e+02,1.20660349e+02,4.99101919e+02,4.26837129e+02,3.40760182e+01,-1.73036227e+01,-4.94834113e+01,-4.45028662e+02,3.31072647e+02,-2.10716266e+02,1.74618329e+02,-1.35173426e+02,2.52108130e+02,1.53204816e+02,-6.89899810e+02,-2.41192850e+02,-6.88387882e+02,-2.85886467e+02,6.59153412e+01,-1.50585792e+02,2.61700861e+02,-2.51472546e+02,1.62292784e+01,9.11562846e+01,6.48839236e+02,3.27123289e+02,-2.38984263e+02,1.73987352e+01,9.89232547e+01,3.46808915e+02,-4.66056803e+00,4.43131291e+02,2.13035205e+02,7.77794405e+02,2.18647493e+01,5.95130080e+02,-2.27542651e+02,-3.36279444e+02,7.04927270e+01,6.79655517e+01,2.64193671e+02,-5.98692703e+01,-1.37918033e+02,2.25438585e+02,-4.00881389e+02,-4.53841532e+02,6.70625256e+02,-5.03667720e+01,-3.72694885e+02,-4.95613360e+00,-1.22956606e+02,3.08506889e+02,2.88518349e+02,-1.69645578e+02,9.08118713e+00,-2.35920214e+02,-2.85863327e+02,-2.49187926e+02,-8.35647524e+02,-2.77373153e+01,-5.63068922e+02,-4.81087816e+02,-3.42613066e+02,1.53722718e+02,-3.27964800e+02,1.92292617e+02,-4.94697537e+02,9.96173614e+00,-3.55800152e+02,6.47225962e+01,1.02783897e+02,2.55485654e+02,-1.71730318e+02,-1.30427139e+02,2.28642949e+02,5.25097203e+02,2.84667771e+02,6.68278365e+01,-5.96286578e+02,-1.21231571e+02,-2.67772593e+02,-5.29842935e+02,3.60385740e+02,-3.01075073e+02,-3.86802084e+01,-2.01921354e+02,-8.84556304e+02,4.37359621e+02,-1.46763559e+02,3.58579673e+02,-6.07056864e+02,5.72397224e+02,3.82425827e+01,-2.71128025e+02,4.09436720e+01,-2.02019541e+02,-5.94245854e+02,1.24392156e+02,2.48234124e+02,2.73377187e+01,-3.16138111e+02,-1.14727798e+02,1.43776474e+02,2.56838961e+02,5.59798623e+02,2.20358295e+02,-2.05546479e+02,7.73973095e+02,2.49537597e+02,3.42763936e+02,-1.46518650e+02,2.33774695e+02,1.53372418e+02,-5.37854346e+02,-1.64138256e+02,-3.44419688e+02,-2.75386720e+02,-9.14074914e+01,-1.51624162e+02,-3.27212593e+02,-9.91319135e+02,-2.65304188e+02,1.34148931e+02,8.91809339e+01,8.29816217e+01,4.30173988e+02,1.61274964e+02,2.78956277e+02,-3.70867930e+02,4.01849867e+02,-4.28971745e+02,-6.65050519e+02,1.69438048e+02,-3.52758694e+02,-3.65945956e+02,-1.37560745e+03,-1.03075708e+02,6.98305316e+02,4.05487949e+02,-8.80292465e+01,-1.04919255e+02,2.60905932e+02,5.94268306e+02,-3.51850822e+02,-8.48728205e+01,-2.78529198e+02,-3.11326272e+02,-2.96979091e+02,1.38504516e+02,6.23276748e+02,-5.75078432e+02,-4.63569789e+02,2.14177486e+01,-7.66141728e+01,-1.24963666e+02,-8.10309307e+02,4.94894824e+02,2.17649294e+02,7.86137927e+01,4.22578021e+02,-2.64753638e+02,2.59482915e+02,2.36515322e+02,4.70958094e+01,-4.21554090e+01,1.05874928e+02,-1.42223381e+02,4.10788648e+02,-3.79400632e+02,3.67551343e+02,8.24684071e+01,9.93120552e+01,2.03167380e+02,-7.50486076e+02,5.65097245e+01,-5.59784187e+02,-4.41032709e+02,-4.28237011e+02,-3.94136062e+02,1.04093747e+01,1.14642188e+02,4.20747503e+02,8.33933250e+01,1.20827301e+02,-6.19040617e+02,-2.19199914e+02,2.87393227e+02,1.04947892e+01,1.51442702e+01,-7.23541412e+01,3.18978983e+02,-7.95610254e+02,9.20337846e+01,2.04429992e+02,3.95650446e+02,3.39795357e+02,-4.95235734e+02,6.88800756e+01,3.79345014e+01,4.11530719e+01,1.78394919e+01,-1.69414879e+02,-2.77770813e+02,1.38263160e+02,5.43516220e+02,-7.49163142e+01,8.53995811e+01,1.54056964e+02,-2.18188361e+02,-2.15775941e+02,-1.01066057e+03,-3.35916279e+02,-4.46158153e+02,-6.52185940e+01,-5.55237682e+02,6.53858362e+02,-2.57523829e+02,-4.60331923e+02,-1.36261316e+03,5.71978387e+02,1.20268498e+02,-1.11334882e+01,-5.34839293e+02,9.14555982e+01,-1.50741901e+02,-2.83445140e+02,1.01188901e+02,2.78881792e+02,6.89181193e+01,-1.52547384e+02,-2.66078564e+01,8.21609454e+00,1.63761226e+02,-5.32756733e+02,6.10173229e+02,-3.64561856e+02,-2.35754693e+02,-3.69613476e+02,-8.49403715e+02,8.18908975e+01,-4.17178391e+02,-1.90661984e+02,2.95405590e+02,-2.11718120e+02,1.53770088e+00,-8.78148795e+01,-2.21834181e+02,1.48734775e+01,4.63172809e+02,-4.52347650e+02,8.06076261e+02,-1.73027858e+02,2.94665654e+02,-7.08565149e+01,1.30116020e+02,-1.01221708e+02,4.06500702e+02,5.45384591e+02,1.73324244e+02,4.76409601e+02,-3.36294120e+02,-2.86179258e+01,-1.98885677e+02,5.91294887e+02,5.00740760e+02,3.83155627e+02,-1.31360134e+02,-2.62800737e+02,2.33048340e+02,-2.24670702e+02,-1.19594311e+02,-6.28885395e+01,-2.29430637e+02,4.45414122e+02,-5.12345275e+01,3.42864925e+02,1.24115458e+02,1.47119828e+02,-2.96698749e+02,2.79276904e+02,-1.56007326e+02,-1.12710761e+02,-2.59876654e+01,-4.41154531e+02,6.66322156e+02,-2.45574236e+02,-3.38739142e+01,1.75149224e+02,1.49125548e+02,6.16410685e+02,-1.46707749e+02,6.66935281e+02,6.06812802e+02,-8.45183259e+02,7.49145091e+01,-1.76427682e+02,1.25728177e+02,7.37171979e+01,1.54542799e+02,5.25492393e+02,8.07511565e+02,-6.80955623e+02,6.65500231e+02,-8.05343909e+02,-6.71285011e+02,-1.08462922e+02,-8.25906697e+00,6.14897232e+02,3.33172323e+02,-1.56179799e+02,-8.04563734e+02,6.12222691e+02,-3.91489767e+02,-6.28145825e+00,-4.29225784e+01,1.08141604e+03,-2.45485265e+02,-9.15587684e+02,2.69575124e+02,-1.40853261e+03,9.74326706e+01,-3.11194754e+02,-1.57354643e+02,-2.36816975e+02,-5.09421092e+02,3.54460481e+02,-3.14270255e+02,-8.24370146e+01,-6.80325424e+02,-5.80919363e+01,-4.18657467e+02,-6.46562279e+02,-1.06157228e+03,8.71475440e+01,-2.81424086e+02,-4.55871544e+00,-1.17109404e+02,-6.89270223e+02,-5.50490358e+02,-4.60223946e+02,-4.63932272e+02,4.76333516e+02,8.03299930e+01,-4.15763010e+02,-1.58720326e+02,-1.95863160e+02,3.23855013e+02,-2.89755955e+02,-1.04365335e+02,-1.96414798e+02,-3.12777554e+02,-3.26614544e+02,3.33491664e+02,-1.50096094e+02,-7.91342144e+02,6.69437814e+02,4.07144441e+02,5.15471230e+01,-6.30351365e+02,-6.57150705e+02,9.46298329e+01,1.13251844e+01,-2.61932812e+02,-4.22245571e+02,3.06844429e+02,-6.85839244e+01,2.38425068e+02,4.27852203e+02,2.93566488e+02,3.04201481e+02,2.21137512e+02,-1.77886763e+02,-1.09199505e+02,-1.90016848e+02,-3.03373885e+02,-3.98289150e+02,-5.61698997e+02,-3.38754535e+02,-7.00695589e+01,-6.89508355e+02,-7.80540269e+01,2.83830835e+02,-6.26234576e+02,2.17717819e+02,1.90097417e+02,-6.11342215e+02,-4.92969143e+02,-1.37806502e+02,1.81690050e+02,-3.43496780e+02,6.09305674e+02,5.46918675e+02,-6.50583982e+02,4.35554865e+02,3.07189676e+02,6.62068677e+01,2.16461240e+02,-3.70268748e+02,-1.24669649e+02,4.89552074e+01,1.54570777e+02,3.91641515e+02,-4.41073688e+02,-4.01306557e+01,1.52272240e+02,-1.14872629e+01,-2.32732088e+02,1.70410893e+02,-2.30462489e+02,-1.74659974e+02,3.04268770e+01,-5.19831217e+02,2.98790441e+01,-1.98760443e+02,-1.10765611e+02,1.00468165e+01,-4.91215106e+02,4.90578174e+02,-2.31836041e+02,-1.12413561e+03,-7.33375459e+02,3.38099973e+02,-3.10389802e+02,-1.50609148e+02,-2.52407771e+02,-1.44549508e+02,-8.68583553e+02,-9.30881885e+01,-5.53957683e+02,-2.89954115e+02,2.21898297e+02,6.45441801e+02,-2.10278742e+00,-2.47621673e+01,5.06233611e+02,-4.40560395e+02,3.07663453e+02,7.86863918e+01,-3.63658094e+02,-1.59594781e+02,2.12780774e+02,1.60354656e+01,8.63131516e+01,9.88620401e+01,-2.04711662e+02,-2.40801110e+02,-4.55115883e+02,4.35007206e+02,-5.51155246e+02,-4.04431567e+02,8.42093863e+01,-7.74080599e+02,1.67808883e+02,5.42688850e+02,-4.34826467e+01,6.31887486e+01,-2.16484737e+02,-1.76782144e+02,8.97112454e+01,3.25076063e+02,-3.49196016e+02,2.64816594e+02,-9.47456494e+01,-3.04357733e+01,2.31460033e+02,1.63485504e+02,-7.87627718e+01,-2.42772193e+00,2.09200794e+02,2.41638386e+02,-6.20302301e+02,5.26559270e+01,4.66755077e+02,-8.38605013e+02,2.80984685e+02,-1.03116967e+03,-8.15168291e+01,-1.28179337e+02,-6.94973529e+01,-7.86482691e+01,-2.24769194e+02,-3.41312714e+01,1.41451465e+02,-2.09528852e+02,1.21537072e+02,7.51281955e+02,-5.53634754e+02,-2.30846733e+02,3.16554789e+02,2.12434784e+02,3.58588552e+02,1.43173075e+02,2.42000586e+02,-1.59819986e+02,-4.23446824e+02,-3.68136406e+02,-1.83916340e+02,8.82346207e+00,-3.62388624e+02,-1.31063370e+02,5.73062431e+01,2.01213492e+02,-8.58390289e+01,4.86639494e+02,-4.43011018e+02,-4.33333714e+01,-2.46168936e+01,2.42686835e+02,-3.51754694e+02,-2.21580632e+02,2.33535196e+02,4.29621986e+02,6.05565333e+02,3.02335360e+02,3.58108258e+02,-2.55992658e+02,5.38880098e+02,5.83669756e+02,-5.28923332e+01,3.37232004e+02,3.28593783e+02,-2.18537230e+02,1.74255933e+01,5.30117133e+02,-2.38511574e+02,-1.05177837e+02,-5.23900727e+02,2.30905773e+02,-6.68017865e+01,1.54197235e+02,8.12367018e+01,-3.60257857e+02,3.96194895e+02,3.51531058e+02,-2.06451797e+02,1.59260330e+02,-4.95951708e+02,-4.45893880e+02,2.03575551e+02,-5.96570634e+02,-2.34405122e+02,8.23842135e+01,6.99094894e+02,-2.09392339e+02,-9.00246343e+01,-1.29246013e+02,9.89278947e+02,1.24852485e+02,-3.74708714e+02,5.91591345e+02,5.43911427e+02,2.61527463e+02,6.31940953e+02,7.00519522e+02,-8.90624709e+01,-2.58217531e+02,-2.78917752e+02,2.32083948e+02,3.25495001e+02,-4.34443664e+01,-1.79983876e+02,-5.30983115e+02,-2.58256901e+02,-3.81728682e+02,2.55459727e+02,1.30074918e+02,5.40749384e+02,5.04617276e+01,-2.14770688e+02,-6.74535053e+01,3.45702004e+02,1.11471605e+02,4.41942230e+02,4.94385897e+02,-1.17914117e+02,-7.86620276e+01,-8.36276877e+02,4.59227531e+02,-4.40576360e+01,4.34269337e+02,-1.59478151e+02,-5.06134046e+02,1.70506112e+02,5.98821679e+02,-2.12955876e+02,5.88162128e+02,-6.22755822e+02,-1.94076090e+02,-6.74161769e+02,1.88878831e+02,9.67936585e+01,1.02378066e+01,-5.15318737e+02,7.54873278e+02,4.53838644e+02,6.86166275e+01,-3.97393706e+02,1.87989273e+02,-2.32493335e+02,-7.66092220e+01,-1.88765768e+02,1.78546228e+02,-8.80678682e+01,-1.75459177e+02,1.66254391e+02,2.25999055e+02,-7.34571788e+02,1.66264208e+02,5.75685365e+02,3.59939237e+02,-1.13471984e+02,2.86143872e+01,-3.09111857e+02,5.07425253e+02,1.49126186e+02,-5.66735232e+01,-5.84047312e+01,9.36482570e+02,3.18233974e+00,2.65715062e+02,6.21936079e+02,8.38916209e+02,5.48110487e+02,3.62791234e+02,-5.46464777e+02,-3.73007520e+02,2.97624129e+02,1.57170260e+01,2.76793711e+02,1.57005345e+02,5.05344813e+02,-6.65947597e+02,-4.20320219e+02,-5.64919346e+01,-7.42685003e+02,1.67698753e+02,3.40657527e+02,1.15887397e+02,-1.94354843e+02,2.02163039e+02,1.21795805e+03,2.24996566e+02,1.31467946e+02,-4.19715834e+02,-5.65674431e+02,-1.33763038e+02,2.67496124e+02,-4.60248783e+01,1.82170943e+02,3.01061142e+02,-5.13648382e+02,2.14802927e+02,4.43831298e+02,5.02349677e+02,-4.81500211e+01,1.08209485e+01,-7.92006335e+01,-4.32207370e+02,-5.71961442e+02,7.14874771e+02,-5.87161893e+01,-5.07816413e+02,1.95405416e+01,-1.98682343e+02,7.82995368e+02,-2.04394382e+02,-2.95665743e+02,2.68693705e+02,-1.26446044e+02,3.73508833e+02,-4.59409927e+01,8.61220490e+02,4.31461474e+02,-7.37570480e+00,-3.10540950e+02,2.14760550e+02,-4.75890905e+02,-9.77388649e+01,5.22671041e+02,-2.40328615e+02,-4.03515203e+02,-1.89852086e+02,4.44102818e+02,1.24660452e+02,-7.11869467e+02,2.64488577e+02,1.28091676e+02,6.07012427e+01,-4.37172183e+02,1.66796449e+01,3.01118144e+02,4.37589512e+02,5.49678491e+02,2.26316516e+02,3.60905847e+01,-4.36344513e+02,-4.08475052e+02,-6.35818654e+02,-8.12396648e+01,2.71754370e+02,-2.09910108e+01,4.57888706e+02,-2.72762231e+02,1.55326561e+02,-1.05781176e+02,-2.55697689e+02,5.08726967e+02,6.49486408e+01,5.27558943e+02,2.80357582e+01,2.12322598e+02,-1.68562628e+02,5.36757102e+02,-1.05679767e+02,-3.18146617e+00,-6.70260972e+02,-9.17946269e+01,6.23928301e+02,5.70837357e+02,2.25874283e+02,-1.29052713e+02,3.22816178e+01,-1.53066943e+02,-5.27845536e+01,7.71980677e+02,1.51994443e+01,-2.05912452e+02,-9.46374038e+02,-4.61794216e+02,-3.23147851e+02,-5.75203884e+02,-4.83511521e+02,-6.09653495e+02,-3.98516269e+02,-3.22926616e+02,-4.11767719e+02,4.08195703e+02,-2.15508746e+02,-8.28482321e+02,3.44463005e+02,-2.49906369e+02,-7.04242388e+02,8.33127512e+02,-2.06719977e+02,1.68168560e+02,3.50011510e+02,1.14939277e+01,2.22450735e+02,7.73622054e+00,-1.27471711e+01,-1.17818254e+02,-6.24261300e+02,9.16937980e+01,-1.11633987e+03,5.62805695e+02,-3.74992868e+02,-1.18730654e+02,-1.51893281e+02,9.37875122e+01,-1.60232153e+02,2.46070270e+02,-4.62229602e+02,3.26128607e+02,3.38582592e+02,1.30786152e+02,8.48627456e+01,1.71923877e+02,6.48346850e+01,2.59681707e+02,-8.26029187e+01,-5.41073545e+02,8.51030360e+01,-2.01555781e+02,-4.00024751e+01,4.30214271e+02,-6.97144645e+02,1.01519380e+01,1.25828561e+01,7.34663750e+01,2.85315144e+02,-1.18025630e+02,7.20228322e+02,4.12965418e+02,-1.50026709e+02,-9.00186387e+01,1.75747985e+01,6.69365182e+02,-4.76369158e+02,-8.94365953e+02,2.48905643e+02,-1.04527434e+02,-1.10150329e+02,1.45829904e+02,6.73418253e+02,4.09087149e+02,-1.51644068e+02,-4.34110926e+02,-5.26870114e+01,2.52720485e+02,-1.14519625e+02,-6.39459393e+02,-2.62165474e+01,-8.00289929e+02,-4.19010038e+02,6.87078424e+02,-4.41920190e+02,-5.75143502e+02,-4.48671970e+02,-3.05186469e+02,2.89159309e+02,7.11235361e+02,-4.51389120e+01,2.35845435e+02,-1.55837849e+02,-5.99385609e+02,4.03929526e+02,-3.94393760e+02,2.43029173e+02,3.11259217e+02,-6.75548227e+01,3.55145937e+02,3.75890314e+02,9.29212992e+02,-1.27703725e+02,-3.98925617e+02,-5.49391556e+02,-1.30934213e+02,-2.28933814e+02,8.72011304e+02,-3.81692477e+02,8.69430856e+01,6.21178674e+01,-2.23504963e+02,-7.02028810e+02,-5.59469572e+01,8.42979222e+02,9.68287354e+01,6.07494817e+01,-4.62883300e+02,-5.19912890e+02,-8.56931812e+01,4.15262984e+02,-1.95089148e+02,9.16140327e+02,-3.79756243e+02,1.47827314e+02,-1.75542380e+02,-5.87511997e+02,2.73750281e+01,-4.40215359e+02,-6.41565836e+02,7.28897265e+01,1.92422521e+01,4.45362923e+02,1.83227593e+02,-2.91887637e+02,1.95239949e+02,-7.13924618e+02,-4.53769875e+02,7.81883916e+02,1.10075977e+02,-1.18044877e+02,-2.77121991e+02,-4.01282937e+01,-6.76438542e+01,7.37176276e+02,3.53928777e+02,-1.24938103e+02,-5.73171899e+01,-3.46839481e+02,-1.74521910e+02,-5.78221095e+02,4.15836925e+02,6.51432672e+01,1.16717010e+02,1.32045873e+02,-4.94880695e+01,-1.58889448e+02,-2.76720344e+00,-9.17908190e+02,-1.63202159e+02,-7.04446351e+01,-7.80056738e+01,4.70565298e+02,5.45402193e+02,1.38572980e+02,-8.25325365e+02,5.50867151e+02,-1.73265446e+02,-3.32811897e+02,-7.53932037e+02,-2.81167628e+02,5.10495201e+02,2.39175060e+02,6.52360479e+01,2.66484833e+02,-5.01445408e+02,-3.84519862e+02,4.79187396e+02,3.30154257e+02,4.44090689e+02,-1.57212817e-01,6.14171867e+01,4.76804307e+02,8.54173739e+02,-2.10598648e+02,3.28203980e+02,-1.49264650e+02,-3.64353584e+02,-2.96588291e+02,-2.65725608e+02,-1.28783770e+02,-4.39663231e+02,-2.00888363e+02,-1.20153102e+03,2.93255868e+02,1.69744438e+02,-3.16793875e+01,-3.58439862e+02,-1.94178266e+02,-4.64489138e+02,1.01380579e+02,7.10681012e+02,-1.76570688e+02,-1.43106327e+02,1.88387865e+02,-4.19340956e+02,7.49500696e+02,1.43789977e+02,1.55098989e+02,4.46365060e+02,1.25825486e+01,4.84364652e+02,1.43031177e+02,-7.29324271e+01,8.12100425e+01,-2.39629982e+01,5.98167556e+02,7.94140989e+01,1.30722316e+02,-7.87015597e+01,1.15199083e+02,-7.99314819e+02,-3.23127263e+02,-3.98124520e+02,4.43013493e+02,-2.53339798e+02,-5.53735192e+02,5.09673356e+02,-1.04687722e+02,3.76993783e+02,-7.90878885e+02,2.13684639e+02,6.50061539e+01,5.03040556e+01,-7.56994877e+01,-5.67228701e+01,4.27028785e+02,-5.45939112e-01,-4.28146575e+02,-1.39734196e+02,2.17282095e+02,-1.00937443e+03,-8.01590056e+02,1.15951828e+01,9.80171225e+01,-3.78003771e+02,-3.71828317e+01,9.34932196e+02,2.84502671e+02,-4.83735147e+02,8.09273161e+01,-7.73738273e+01,9.14974625e+01,-2.97279646e+02,1.61377571e+02,2.44157174e+02,-5.81625817e+01,9.72404802e+02,-8.98198224e+01,-2.78729875e+02,1.69550446e+02,3.57023717e+02,-3.07517552e+02,-2.56450341e+01,8.30394596e+02,-2.02647647e+01,5.07888463e+02,1.25668685e+02,-8.21007617e+01,-2.24736489e+02,4.90757882e+02,-4.77435573e+02,-1.83991969e+01,-1.31753894e+02,-3.66185863e+02,1.44543836e+02,2.07427335e+02,7.51465356e+01,-1.49947938e+01,-3.35310089e+02,1.58106614e+02,-1.51006610e+01,-2.15259404e+02,-1.87045115e+02,1.70135961e+02,-4.44468102e+01,-3.17771438e+02,-9.24019184e+02,7.80043852e+01,2.01114887e+02,-4.06284470e+02,-1.94602724e+02,7.14436215e+02,6.48411066e+01,3.07508737e+02,5.79003796e+01,3.20949289e+02,4.48406359e+01,-3.41103898e+02,-3.54706189e+01,7.13617235e+01,2.41517504e+02,6.94227580e+02,4.25214415e+02,2.00339710e+01,1.48403252e+02,5.22976009e+02,2.27440203e+02,-6.26973027e+02,-2.32908405e+02,1.17075181e+02,7.39964405e+01,2.27466627e+02,-4.54818603e+02,1.07628333e+02,3.49993013e+02,4.26115657e+02,-3.87211881e+02,-4.24138650e+01,-2.00849832e+01,-1.19786723e+02,-2.84380642e+02,-1.69452681e+02,-3.04018005e+01,7.08625082e+01,3.58418615e+02,-2.69209562e+02,6.93133842e+02,3.09422004e+02,2.20741342e+02,2.89592964e+02,2.61564010e+02,2.84794132e+02,4.68120133e+02,-3.84929622e+02,5.47904139e+02,-9.65302881e+02,2.69069203e+02,-9.40121245e+02,7.28200928e+02,6.33024036e+02,-9.92826025e+01,-4.26111239e+02,-3.65555760e+02,-4.98464652e+02,-5.37121630e+02,4.99019638e+02,3.71372246e+02,2.09914442e+02,2.72945067e+02,3.53116343e+02,-3.33524299e+02,-1.72461879e+02,4.96355765e+02,-1.08514658e+02,4.57386122e+02,6.33607697e+02,-3.69150333e+01,-6.24980039e+02,1.42178244e+01,-1.02357978e+01,-8.53563878e+01,7.13802623e+00,-5.80744317e+02,-1.56634086e+02,5.40627735e+01,7.91729377e+01,4.19369145e+02,-3.45940408e+02,5.28620631e+02,-3.49804432e+02,1.94084474e+02,3.38701772e+02]
bee_TS =[-5.11100091e+02,-3.99483250e+01,-1.17952782e+02,3.94408595e+02,-1.87213925e+02,-1.62250963e+02,-3.51353625e+02,-7.78797243e+02,-3.69937507e+02,-4.11441562e+02,-3.37351962e+02,4.27734102e+01,1.27028488e+01,2.38714519e+01,2.75610017e+01,4.09878672e+02,-1.80449039e+02,-1.55996006e+02,1.51045995e+02,-9.68795547e+02,5.08669270e+02,-2.28605646e+02,-4.53188955e+01,-1.04590395e+02,-4.53240257e+01,-4.96053846e+01,7.53322718e+02,-1.86119519e+02,-7.25941404e+01,-4.57139107e+02,6.68414701e+02,-1.15556309e+02,-3.38368596e+02,2.07306397e+02,-3.70066232e+01,1.71992893e+02,-2.53189941e+01,6.10571631e+01,2.39958041e+02,-8.84959274e+02,4.72333307e+02,1.12159125e+02,-5.36531412e+01,-2.93418262e+02,9.76534955e+01,-1.59997888e+02,3.82339349e+02,3.21382402e+02,-2.35963652e+02,-2.54625830e+02,-2.57859462e+02,-2.96271485e+02,1.02432404e+02,-4.33205065e+02,1.20807893e+02,5.23545280e+02,5.98118151e+02,3.03481004e+02,1.41081527e+02,2.41213458e+02,7.81196881e+02,1.80308424e+02,-4.80075191e+02,-1.06571494e+02,-2.06718145e+02,5.30383863e+02,-6.52411465e+02,-5.42942799e+02,-2.38177080e+02,-9.13387486e+01,-3.79107704e+02,2.33640191e+02,8.34520540e+01,1.15199582e+02,-3.35517305e+02,-3.03663758e+02,-4.91210219e+02,3.22619058e+02,-2.85190928e+02,2.30768295e+02,-5.78072593e+01,-2.54024872e+02,-5.04715361e+02,-1.48793122e+02,-9.85855030e+01,-1.38556760e+02,3.43282051e+02,6.19176226e+02,-3.69886532e+02,-6.97154812e+02,-1.72442415e+02,9.64155435e+02,-4.96633522e+02,2.86123393e+02,-9.27759112e+01,-5.40449838e+02,2.11771935e+02,3.29746804e+02,-1.50360746e+02,3.02693932e+02,-2.31060087e+02,-4.50975625e+02,7.77984870e+02,4.02051772e+02,2.67719671e+02,1.26457608e+02,2.13486308e+02,7.09156381e+02,-2.17711781e+02,5.00935494e+01,-1.20058256e+03,1.59839320e+02,-5.91028943e+02,1.26454083e+02,1.88246154e+02,-2.98354927e+02,-4.64079158e+02,5.17800417e+01,-2.55301863e+02,3.10824436e+02,-4.40047446e+02,-2.39009118e+01,-3.09178287e+02,-3.67438372e+01,-2.54858005e+01,1.48986275e+02,9.64217780e+00,-5.30666127e+01,5.29028081e+02,7.94119862e+02,4.14781340e+02,6.74198118e+02,-1.05939424e+02,1.15306374e+02,4.78159652e+02,-7.39561997e+01,-6.65982667e+02,-3.28880040e+02,-4.36436489e+02,-2.50413978e+02,2.41899631e+02,-1.02479067e+03,-1.64306000e+02,3.74906770e+02,-3.18014099e+02,-3.14623574e+02,4.72105780e+02,3.83563888e+02,-2.99179726e+02,1.72358786e+02,-2.13893147e+02,3.03349248e+02,3.51873038e+01,1.32058470e+02,-7.54587410e+02,-4.22751959e+02,-6.91419700e+01,1.60449383e+00,-3.38955590e+02,9.26191137e+02,-1.89909390e+02,-2.90406343e+02,3.25883033e+02,-4.15273671e+02,-2.84672296e+02,2.67126640e+02,9.50285761e+01,1.14586616e+02,1.06046133e+02,-9.65002951e+01,1.66429996e+02,5.06010216e+02,-2.55725735e+02,1.51548034e+02,7.90340341e+02,2.89030078e+02,-7.50267971e+01,-1.66715686e+02,1.33841713e+03,-1.53683556e+02,3.08412810e+02,1.91399615e+02,2.96385322e+02,7.72545715e+02,4.30856737e+02,-2.61262903e+01,1.96782539e+02,4.10201740e+02,3.37737677e+02,-4.85739410e+02,8.12630633e+02,-7.25616488e+02,-1.50486284e+02,4.98172692e+02,7.61719570e+01,5.74167830e+01,2.71122335e+02,2.09557217e+02,3.11199988e+02,-5.53040422e+02,4.21922552e+01,-2.36367088e+02,-9.23532644e+01,-2.89879940e+01,-7.78339703e+01,-4.87183810e+01,7.12767483e+02,-7.36593363e+01,-2.41241527e+02,-2.03094342e+01,1.01409626e+02,-5.12127455e+02,-3.92375791e+02,-3.15625475e+02,-5.46548568e+02,-1.42507882e+02,-3.59971908e+02,1.69227766e+02,-8.19908331e+00,-9.36221591e+01,-7.42289943e+01,5.58292031e+01,-1.70978256e+02,5.81574016e+02,-7.15692698e+02,-1.39519882e+02,-1.36107076e+02,1.46628567e+02,1.60864343e+02,-4.02364555e+02,-1.54671288e+02,3.64823726e+02,-1.93412066e+02,1.36891259e+02,3.20992954e+02,-3.48245211e+01,9.82001700e+02,-1.73874733e+02,-2.79413752e+02,5.52779448e+01,-1.97995901e+02,4.62945720e+02,-3.15866859e+02,7.36843317e+01,5.40488534e+02,-1.15387017e+02,1.04378981e+03,1.11605777e+03,-5.71612742e+02,5.03534684e+02,1.46963568e+02,-4.66238890e+02,1.51567543e+02,3.17246701e+02,3.33930508e+02,2.20120118e+01,1.02254171e+02,6.21173530e+02,-1.99438363e+02,1.40040353e+02,6.61458207e+02,-3.25672006e+02,-1.33979828e+02,4.54080136e+02,2.34487571e+02,6.60846219e+02,2.26923251e+02,6.07951111e+01,2.27504405e+02,3.38880487e+02,-4.23197223e+02,3.10989881e+01,1.62545655e+02,1.06817743e+02,1.90964806e+02,-5.10705385e+02,2.95391033e+02,-3.85634023e+02,-2.73700401e+02,1.52333566e+02,-1.21194228e+02,4.75439295e+02,-2.06105502e+02,2.51276661e+02,2.80311662e+02,6.90265334e+02,4.82025650e+02,4.14879541e+02,-7.44319536e+01,-5.94764635e+01,-2.75241677e+02,6.66892033e+02,6.83954006e+02,3.25740786e+02,-2.01488864e+02,4.36035734e+02,-7.51963083e+01,1.83203657e+02,5.43383695e+02,4.84848617e+00,-6.86460659e+01,-2.11779604e+02,-4.64729904e+02,8.40620074e+02,3.94182470e+02,-4.87629210e+02,-1.35557765e+02,2.42297542e+02,-9.25752798e+01,5.42675167e+02,1.05475636e+02,6.90520780e+02,2.69156052e+02,-2.43463891e+02,2.11580623e+02,-3.70497037e+01,-2.73798817e+02,1.43888267e+02,1.59743000e+02,7.88030262e+02,6.93059353e+02,4.57449800e+02,6.02626303e+02,6.28150024e+01,-2.36730090e+02,1.33825105e+02,-2.88953867e+02,-4.42561317e+02,-5.03035223e+02,-2.37723247e+02,-9.35771196e+02,-2.70676005e+02,-7.43385406e+02,1.86126806e+02,-4.00387728e+02,3.57549532e+02,-8.31962599e+02,-2.78228350e+02,4.24529234e+02,1.94149717e+02,-7.48261063e+02,5.35563032e+02,-2.11518333e+02,4.54076692e+02,-2.23731004e+02,-6.85855370e+02,1.07582780e+02,-5.54333118e+02,-1.14742438e+02,1.23329378e+00,3.69112721e+02,1.08469801e+03,-3.93099698e+02,-3.02837962e+02,-3.12589968e+00,-1.21887021e+02,-7.02547020e+02,-4.83050914e+02,4.28759778e+02,-2.18245569e+02,1.46759328e+02,-4.22564028e+02,-1.29610088e+02,-3.47349629e+02,4.61958002e+02,1.30950412e+02,-1.94525387e+02,-1.18185736e+02,8.92067313e+01,-7.42342768e+01,3.77978744e+02,-2.17468099e+02,4.68983661e+01,2.97871477e+02,1.50366544e+02,-1.54364028e+02,1.34027802e+03,4.72372118e+02,3.15037622e+01,8.83471043e+01,-5.35802688e+02,2.67603488e+02,-6.49874535e+02,-2.23803517e+02,-4.78029876e+02,-1.64535517e+02,4.80454495e+02,-4.89382805e+02,1.60595368e+02,-2.42973118e+01,2.70015146e+01,-3.21177404e+02,-3.84987071e+02,-4.17016599e+00,-3.67346276e+02,-1.92070206e+02,-3.55495639e+02,-8.87679750e+01,-3.10043376e+02,-4.45015399e+02,1.96306083e+02,-1.48946792e+02,1.82838317e+02,8.79126852e+01,-6.36922352e+02,-4.72935277e+02,-3.46042089e+02,3.09140402e+02,-9.55146850e+00,-5.48295211e+02,5.03152056e+02,-3.45470507e+02,4.75117712e+02,-2.61456546e+02,-4.22226505e+02,2.28693861e+02,-5.88455603e+02,-3.35598386e+02,5.50822608e+02,1.57329444e+02,-3.52120988e+02,4.56935445e+02,-1.49077571e+02,-3.27652000e+02,-2.66475756e+02,-4.21098385e+02,2.04981914e+02,-7.83823289e+02,-7.20182894e+02,-8.25117161e+01,-2.59093955e+02,-4.78411076e+02,6.24773862e+02,1.14354859e+03,-2.83519516e+02,-2.67337396e+01,-5.47165058e+02,5.69770995e+02,1.62389265e+02,-1.71810469e+02,-3.31963198e+02,1.45190353e+02,-5.26374710e+02,-1.73412182e+02,-7.68664614e+02,3.04339566e+02,1.12696200e+02,2.69462684e+00,-6.00097412e+01,-2.99935408e+02,-7.73413078e+01,1.10849628e+03,-1.63559814e+02,-4.01684371e+02,-5.86531828e+02,1.13544627e+02,-3.11623973e+02,7.79987346e+01,2.54878200e+02,5.71120296e+01,2.46178358e+02,1.06517079e+02,5.14923459e+02,2.64034493e+02,-2.93698526e+02,3.69091584e+02,3.00280728e+02,9.69950772e+01,3.85870489e+02,-2.14265834e+02,6.29831706e+02,1.61363871e+02,-2.62528273e+02,-5.12814986e+01,-1.64976895e+02,2.05014326e+02,-2.27567952e+02,-2.83098339e+01,-9.59563964e+01,7.16431370e+02,4.65495912e+02,-5.83794941e+02,-3.77915754e+01,-4.66001792e+02,-1.49735693e+02,-1.96829984e+02,6.63746967e+01,-1.25951459e+01,-2.26047690e+02,1.09854331e+02,-6.20280529e+01,-9.13516311e+01,7.50247416e+02,1.55824815e+02,-7.01091739e+02,-3.81420252e+02,7.99377348e+02,2.37244820e+02,-7.34658872e+01,9.23160837e+02,-1.59793416e+02,-9.59752135e+01,-5.21993607e+01,1.18683752e+02,2.47564534e+02,3.46264453e+01,2.33008108e+02,-1.34419699e+02,-2.72293966e+02,-3.73921728e+02,-4.16955984e+02,3.86986377e+02,1.09862841e+02,3.28452599e+02,1.20793862e+02,7.66793293e+02,1.52733336e+02,-7.06594108e+02,-2.96488313e+02,8.42365235e+01,-2.40675046e+02,5.38405449e+02,-1.12309278e+02,1.58996192e+02,4.33272171e+02,-6.38342482e+02,1.28677602e+03,1.67269360e+02,2.04566478e+02,3.04474261e+02,7.07028653e+01,-5.89981600e+00,3.11738745e+02,-3.08550960e+02,7.09399143e+02,6.11972025e+02,-3.58983830e+02,1.31626484e+02,6.03131381e+02,-1.87207933e+02,1.37927986e+02,3.67535875e+02,3.68880916e+02,-6.79187195e+02,-1.18181767e+02,-3.02590244e+02,-3.00720696e+01,-3.74087624e+01,-1.94503359e+01,-1.40154839e+02,-2.56408531e+02,7.36531133e+01,8.72988687e+01,4.63203438e+02,-3.66202313e+02,3.36547358e+02,3.89448396e+02,-1.43736050e+02,7.64442755e+02,-5.90412910e+02,-9.11129536e+02,-5.70374837e+01,-7.31171051e+01,-4.22036537e-01,6.81291621e+02,-6.21544882e+01,3.51560364e+02,4.18925295e+02,3.27496361e+02,-8.96579527e+01,5.45285619e+02,-1.37428355e+02,-2.82867918e+02,-3.99190068e+02,4.80521919e+01,3.33373739e+02,-4.29564995e+01,3.30127298e+02,-2.40227348e+01,5.50156673e+02,1.72339748e+02,7.54903066e+01,-4.51920160e+01,2.92367761e+02,3.25970326e+02,1.70888481e+02,-6.93587813e+00,-4.63929801e+02,2.59906008e+02,1.71298573e+02,3.19104794e+02,2.68427825e+02,3.04200613e+02,-5.09485955e+01,2.37014352e+02,-2.12045427e+02,-1.08581288e+01,-4.79913431e+02,-2.68783713e+02,3.39713751e+02,-7.82330699e+02,2.52752165e+02,1.46653618e+02,7.16073157e+02,-2.21298486e+02,2.64659452e+02,-9.88764460e+01,-4.17227998e+02,-6.19384847e+02,-7.20778436e+01,-7.61153274e+02,1.36290699e+02,-1.79647241e+02,2.58520100e+02,1.76150697e+02,-2.23377258e+02,-2.19122749e+02,3.34209908e+02,-5.17512261e+02,-1.06307503e+02,-1.78408879e+02,2.04813281e+02,-4.19774572e+01,4.85185389e+01,-1.85324279e+02,4.89983263e+02,-4.13930958e+02,8.43755424e+01,5.20545916e+02,-2.97653906e+02,1.69451443e+01,-2.94618230e+01,-5.92463932e+02,-3.98767022e+02,-6.77056655e+01,2.28989129e+02,2.76560651e+02,4.22634024e+01,-7.08394018e+01,1.90223766e+02,-3.88415228e+02,-4.29899451e-01,-4.35631939e+02,-2.34819180e+02,4.06816285e+02,-2.53855289e+02,5.55971703e+02,-1.84595075e+02,3.03767134e+02,2.20999770e+02,-5.36500778e+02,-2.45680316e+02,7.17926341e+01,-3.43592525e+02,-3.04137669e+02,-7.46852416e+02,-4.81382340e+02,-4.51209248e+02,-3.72398405e+02,2.00629677e+01,1.15958440e+02,1.10509674e+01,1.81635815e+02,-4.92626465e+02,1.26462167e+02,1.81924454e+02,-5.74101206e+02,-5.53628244e+02,-3.53846132e+02,-2.04655718e+02,1.67688016e+02,6.31991914e+00,-3.83856816e+02,3.05586613e+02,-1.72812661e+02,4.31257973e+02,-7.69483427e+02,5.20432024e+02,-3.30664166e+01,-3.19377245e+02,-2.26397926e+02,2.65013640e+01,3.68647899e+02,-6.50245477e+02,-1.21232853e+02,-1.76576828e+02,4.21276021e+02,7.22821348e+02,-8.38582025e+02,8.05658602e+02,3.91498741e+02,-6.43917820e+02,-3.03637798e+02,6.58853242e+02,5.19359651e+02,-1.57589547e+02,-3.18517633e+01,9.42134250e+01,6.13589127e+02,-4.58111569e+02,1.40648567e+02,-6.56965339e+01,2.61976296e+02,-6.38248979e+02,-6.40323611e+01,-2.89337130e+02,4.08546913e+02,3.67552169e+02,-7.40211225e+02,-4.27527274e+02,-1.95556893e+02,-3.36708275e+02,-1.26042538e+02,-1.98701920e+02,3.70401149e+02,3.59786990e+02,-5.08391014e+01,-3.97982060e+02,-7.20715220e+02,3.76096625e+02,-4.36747354e+02,-2.73375518e+02,4.21128906e+01,-2.98219306e+02,-3.59163347e+02,-2.25402546e+02,-3.68691650e+02,-2.31283253e+02,-4.41143382e+02,5.03326560e+02,5.57997131e+02,-3.01917894e+01,-2.05993335e+02,-1.31477916e+01,3.68951842e+02,-7.62290020e+02,-1.82648946e+02,4.29963250e+02,5.81302290e+02,-1.56965964e+02,9.99609331e+01,4.74706751e+02,1.35004365e+02,-5.39369302e+01,-3.82055418e+02,1.93868302e+02,-3.10169209e+02,-1.38163148e+02,-1.66981942e+02,-1.60863021e+02,1.71796865e+02,6.74528971e+02,4.75246312e+00,3.38062336e+01,-7.85857813e+02,-1.53064686e+02,-3.27296995e+02,3.95204716e+01,-3.64630914e+02,6.82724990e+02,7.05207501e+02,1.28342946e+02,-1.32277552e+02,1.24810627e+02,2.18601679e+02,-4.13402619e+02,-6.63228782e+01,1.24175775e+02,1.19516379e+02,4.90709589e+02,3.89444265e+02,-1.82210951e+02,2.44320715e+02,-8.38543385e+02,-3.76910167e+01,7.39004401e+02,8.51888961e+01,-7.89576855e+00,2.88464360e+02,-2.48617064e+02,8.01995792e+02,-1.09618503e+02,7.34477010e+02,3.21320759e+02,-3.34289430e+02,2.65826213e+02,-2.65249669e+02,-5.96472641e+02,-3.53961333e+01,-4.90126535e+02,-4.62957865e+02,-4.44323907e+01,2.81214187e+02,-5.10047386e+01,-2.90311781e+02,6.59025664e+01,-6.29257862e+02,-7.93779891e+01,-7.17754364e+02,4.52654613e+02,-1.27643906e+01,-4.45740758e+02,-1.65086829e+02,1.49111452e+02,-2.80559417e+02,-4.08797312e+02,7.83517246e+02,-1.95719858e+02,-3.83466560e+02,2.19858860e+02,-1.05887293e+02,4.46188797e+02,-1.70657948e+01,7.20468344e+01,8.86366198e+02,-1.53479769e+02,-3.05193818e+02,-3.30286077e+02,-4.60837661e+02,-2.86977341e+02,2.48177156e+02,1.85385109e+02,1.86558962e+02,6.49828067e+02,2.05283547e+01,1.47305238e+02,-5.75465454e+02,2.17753170e+01,-2.01090747e+02,-2.31512105e+02,1.14085104e+01,3.06513096e+02,3.33313895e+02,6.11462239e+00,8.10122691e+01,2.55971091e+02,3.23936728e+02,-2.07958351e+02,-1.13414891e+02,1.45898580e+01,-2.04251025e+02,-6.79525393e+01,-2.40977123e+02,6.59447612e+02,5.63720999e+02,-1.10366234e+02,1.07543432e+02,-2.14826573e+01,-2.10758041e+02,2.93540825e+02,-7.59338550e+01,3.39823117e+02,-4.67155286e+02,1.63127021e+02,-9.48689996e+01,-4.73289951e+02,-2.17526405e+02,2.36513703e+02,-7.50354888e+02,3.67876737e+02,4.28955085e+02,-6.36935566e+01,-4.37644597e+01,-2.70066390e+01,2.13987563e+02,-2.85200504e+02,3.16625679e+02,2.49420867e+02,-9.06646674e+02,-2.87847541e+02,1.97529624e+02,-8.17912205e+01,3.37919229e+02,-5.38436281e+02,-4.57250798e+00,-3.60312570e+02,-1.08086411e+03,6.54810138e+02,-5.20209083e+02,-5.04422587e+02,7.66431995e+01,1.11999874e+03,8.70163643e-01,-1.92304041e+02,-1.82861337e+01,-6.22544613e+01,-7.71892643e+02,-5.40052237e+02,6.81512068e+02,-4.60137190e+01,-3.43436222e+02,4.37970045e+02,-3.00880661e+02,3.45293580e+02,4.72481120e+02,-5.35771724e+02,-2.26736259e+02,-3.00750039e+02,-1.31376152e+02,-1.69833449e+02,-6.20605222e+01,1.19817996e+02,-2.93986478e+02,2.58907611e+02,5.20083454e+02,-1.37755311e+02,-1.55775655e+02,1.20674731e+02,4.99062878e+02,4.27032209e+02,3.41588337e+01,-1.73654993e+01,-4.95721402e+01,-4.45049841e+02,3.31068492e+02,-2.10725122e+02,1.74621023e+02,-1.35057038e+02,2.52157477e+02,1.53175555e+02,-6.90060764e+02,-2.41169325e+02,-6.88388327e+02,-2.85986733e+02,6.59372674e+01,-1.50632606e+02,2.61797088e+02,-2.51523979e+02,1.62437314e+01,9.11657859e+01,6.48847192e+02,3.27251790e+02,-2.39222023e+02,1.74404193e+01,9.89948207e+01,3.46739406e+02,-4.62718468e+00,4.43221220e+02,2.12952175e+02,7.77879347e+02,2.17737192e+01,5.95115038e+02,-2.27654849e+02,-3.36302286e+02,7.04436113e+01,6.81945600e+01,2.64138576e+02,-5.99357406e+01,-1.37859921e+02,2.25361039e+02,-4.00871531e+02,-4.53947873e+02,6.70790391e+02,-5.03218878e+01,-3.72695114e+02,-4.93998050e+00,-1.22997392e+02,3.08719789e+02,2.88424998e+02,-1.69623240e+02,9.05429478e+00,-2.35958760e+02,-2.85990770e+02,-2.49219350e+02,-8.35840698e+02,-2.77003620e+01,-5.63127600e+02,-4.81129577e+02,-3.42611413e+02,1.53696161e+02,-3.27871948e+02,1.92315965e+02,-4.94850091e+02,1.00393924e+01,-3.55861354e+02,6.47492025e+01,1.02765978e+02,2.55526153e+02,-1.71650624e+02,-1.30480551e+02,2.28815684e+02,5.25069368e+02,2.84704876e+02,6.67406640e+01,-5.96308580e+02,-1.21253194e+02,-2.67851112e+02,-5.29807838e+02,3.60382748e+02,-3.01116739e+02,-3.86682825e+01,-2.01977147e+02,-8.84605198e+02,4.37440144e+02,-1.46768758e+02,3.58648987e+02,-6.07147873e+02,5.72512400e+02,3.82969006e+01,-2.71163933e+02,4.10292758e+01,-2.01941780e+02,-5.94200491e+02,1.24349777e+02,2.48438529e+02,2.73001747e+01,-3.16179530e+02,-1.14782321e+02,1.43796214e+02,2.56870130e+02,5.59855398e+02,2.20335949e+02,-2.05573630e+02,7.74185203e+02,2.49475429e+02,3.42759236e+02,-1.46538078e+02,2.33921975e+02,1.53422737e+02,-5.37858197e+02,-1.64184406e+02,-3.44527450e+02,-2.75504181e+02,-9.14673272e+01,-1.51658768e+02,-3.27348798e+02,-9.91373722e+02,-2.65330087e+02,1.34098195e+02,8.92687567e+01,8.29947965e+01,4.30160603e+02,1.61269492e+02,2.79017426e+02,-3.70933768e+02,4.01932545e+02,-4.29044504e+02,-6.65032914e+02,1.69639853e+02,-3.52821733e+02,-3.65914737e+02,-1.37568945e+03,-1.03052303e+02,6.98358064e+02,4.05547090e+02,-8.79360352e+01,-1.05101602e+02,2.61111941e+02,5.94415119e+02,-3.51887513e+02,-8.49739136e+01,-2.78666539e+02,-3.11302669e+02,-2.96895574e+02,1.38589497e+02,6.23335498e+02,-5.75193112e+02,-4.63693107e+02,2.13804390e+01,-7.66774033e+01,-1.24887022e+02,-8.10334548e+02,4.95015012e+02,2.17587725e+02,7.87341243e+01,4.22556175e+02,-2.64776565e+02,2.59459233e+02,2.36559098e+02,4.71546148e+01,-4.22263943e+01,1.05805084e+02,-1.42270953e+02,4.10923703e+02,-3.79344498e+02,3.67598918e+02,8.25044444e+01,9.94414467e+01,2.03104830e+02,-7.50645378e+02,5.65930944e+01,-5.59951436e+02,-4.41095986e+02,-4.28368461e+02,-3.94271496e+02,1.02823074e+01,1.14699564e+02,4.20831570e+02,8.33424061e+01,1.20884938e+02,-6.19088399e+02,-2.19219114e+02,2.87454964e+02,1.04757995e+01,1.51861333e+01,-7.23783382e+01,3.18969048e+02,-7.95667930e+02,9.20095780e+01,2.04279088e+02,3.95623187e+02,3.39872651e+02,-4.95311344e+02,6.89513403e+01,3.79481696e+01,4.12878071e+01,1.79235238e+01,-1.69352863e+02,-2.77869837e+02,1.38370996e+02,5.43409525e+02,-7.47831674e+01,8.54425560e+01,1.54078543e+02,-2.18210347e+02,-2.15845750e+02,-1.01093044e+03,-3.35937676e+02,-4.46361208e+02,-6.50982303e+01,-5.55410758e+02,6.53895967e+02,-2.57542248e+02,-4.60441014e+02,-1.36262628e+03,5.72059281e+02,1.20273653e+02,-1.11219578e+01,-5.34917921e+02,9.14811344e+01,-1.50883998e+02,-2.83561193e+02,1.01269100e+02,2.78934722e+02,6.88840314e+01,-1.52675003e+02,-2.65687394e+01,8.25224237e+00,1.63743769e+02,-5.32826247e+02,6.10354225e+02,-3.64622252e+02,-2.35811099e+02,-3.69773287e+02,-8.49673141e+02,8.19237287e+01,-4.17252562e+02,-1.90648478e+02,2.95376063e+02,-2.11867275e+02,1.48134558e+00,-8.79691248e+01,-2.21747820e+02,1.49271534e+01,4.63262932e+02,-4.52313399e+02,8.06340483e+02,-1.73057843e+02,2.94656489e+02,-7.09821642e+01,1.30170794e+02,-1.01185616e+02,4.06425430e+02,5.45449921e+02,1.73297682e+02,4.76347561e+02,-3.36302591e+02,-2.87121763e+01,-1.98881845e+02,5.91351985e+02,5.00697186e+02,3.83187574e+02,-1.31412505e+02,-2.62798316e+02,2.32971733e+02,-2.24712312e+02,-1.19484699e+02,-6.28913240e+01,-2.29488890e+02,4.45397310e+02,-5.12019665e+01,3.42869612e+02,1.24256608e+02,1.47169878e+02,-2.96700092e+02,2.79113945e+02,-1.55986360e+02,-1.12744766e+02,-2.59720115e+01,-4.41111619e+02,6.66313783e+02,-2.45607845e+02,-3.38118325e+01,1.75325250e+02,1.49236053e+02,6.16559037e+02,-1.46764688e+02,6.66986354e+02,6.06884790e+02,-8.45174820e+02,7.49329324e+01,-1.76403754e+02,1.25670505e+02,7.35840879e+01,1.54629274e+02,5.25518760e+02,8.07735919e+02,-6.80943800e+02,6.65450445e+02,-8.05646420e+02,-6.71456680e+02,-1.08534081e+02,-8.19518743e+00,6.15049797e+02,3.33040259e+02,-1.55990577e+02,-8.04711778e+02,6.12384021e+02,-3.91558994e+02,-6.05549376e+00,-4.29461241e+01,1.08165192e+03,-2.45487277e+02,-9.15708451e+02,2.69626547e+02,-1.40884024e+03,9.74474897e+01,-3.11220602e+02,-1.57383348e+02,-2.36888626e+02,-5.09452042e+02,3.54422854e+02,-3.14284063e+02,-8.26694351e+01,-6.80360960e+02,-5.81526986e+01,-4.18904588e+02,-6.46556719e+02,-1.06159603e+03,8.70903504e+01,-2.81484645e+02,-4.43003254e+00,-1.17125776e+02,-6.89326259e+02,-5.50704925e+02,-4.60304884e+02,-4.64010263e+02,4.76337166e+02,8.02565393e+01,-4.15810319e+02,-1.58750380e+02,-1.95881423e+02,3.23951404e+02,-2.89737172e+02,-1.04273936e+02,-1.96414818e+02,-3.12771332e+02,-3.26719133e+02,3.33515149e+02,-1.50122194e+02,-7.91507812e+02,6.69518866e+02,4.07140825e+02,5.14838366e+01,-6.30501269e+02,-6.57235619e+02,9.46142492e+01,1.11830366e+01,-2.62002604e+02,-4.22266944e+02,3.06742993e+02,-6.85881631e+01,2.38418983e+02,4.27849770e+02,2.93620778e+02,3.04151292e+02,2.21188115e+02,-1.77876063e+02,-1.09210665e+02,-1.90081823e+02,-3.03358634e+02,-3.98311150e+02,-5.61805354e+02,-3.38753986e+02,-7.00970847e+01,-6.89452528e+02,-7.81959739e+01,2.83918770e+02,-6.26517605e+02,2.17773607e+02,1.90054883e+02,-6.11415073e+02,-4.93000066e+02,-1.37888205e+02,1.81705319e+02,-3.43427867e+02,6.09324949e+02,5.46904790e+02,-6.50589943e+02,4.35414754e+02,3.07230316e+02,6.61952126e+01,2.16387470e+02,-3.70298185e+02,-1.24649691e+02,4.91004755e+01,1.54667347e+02,3.91645480e+02,-4.41121076e+02,-4.02125945e+01,1.52221718e+02,-1.14885013e+01,-2.32884696e+02,1.70390121e+02,-2.30452501e+02,-1.74685539e+02,3.03214674e+01,-5.19844202e+02,2.98539758e+01,-1.98575552e+02,-1.10832660e+02,1.02499855e+01,-4.91265633e+02,4.90723584e+02,-2.31838296e+02,-1.12437932e+03,-7.33425704e+02,3.38131533e+02,-3.10574173e+02,-1.50742989e+02,-2.52497641e+02,-1.44627178e+02,-8.68758490e+02,-9.30203277e+01,-5.53961823e+02,-2.90095691e+02,2.21920288e+02,6.45607328e+02,-2.06164402e+00,-2.46329499e+01,5.06381145e+02,-4.40653010e+02,3.07611316e+02,7.86302943e+01,-3.63844499e+02,-1.59706284e+02,2.12818127e+02,1.60319863e+01,8.63453879e+01,9.88512335e+01,-2.04802463e+02,-2.40974152e+02,-4.55155687e+02,4.35091708e+02,-5.51263277e+02,-4.04497814e+02,8.43591721e+01,-7.74170539e+02,1.67882883e+02,5.42821611e+02,-4.34740311e+01,6.32280738e+01,-2.16533505e+02,-1.76817477e+02,8.97412716e+01,3.25190597e+02,-3.49257353e+02,2.64829967e+02,-9.46622818e+01,-3.03265545e+01,2.31410418e+02,1.63350614e+02,-7.87816256e+01,-2.41718948e+00,2.09303522e+02,2.41667697e+02,-6.20416182e+02,5.25531849e+01,4.66842678e+02,-8.38643644e+02,2.80993388e+02,-1.03135273e+03,-8.15497473e+01,-1.28185994e+02,-6.92811938e+01,-7.87633079e+01,-2.24770897e+02,-3.43754569e+01,1.41383820e+02,-2.09637118e+02,1.21426061e+02,7.51327312e+02,-5.53669425e+02,-2.30844621e+02,3.16604739e+02,2.12483350e+02,3.58622108e+02,1.43338845e+02,2.41863819e+02,-1.59717905e+02,-4.23440085e+02,-3.68257318e+02,-1.84092970e+02,8.95209134e+00,-3.62477189e+02,-1.31112509e+02,5.73290256e+01,2.01283906e+02,-8.58812530e+01,4.86757659e+02,-4.43254333e+02,-4.32970541e+01,-2.45759579e+01,2.42751214e+02,-3.51744685e+02,-2.21604528e+02,2.33464545e+02,4.29506053e+02,6.05804136e+02,3.02314857e+02,3.58129075e+02,-2.55998675e+02,5.38920633e+02,5.83840036e+02,-5.27946107e+01,3.37192024e+02,3.28619208e+02,-2.18522416e+02,1.75336976e+01,5.30098986e+02,-2.38453180e+02,-1.05152294e+02,-5.23943345e+02,2.30942408e+02,-6.68952541e+01,1.54313699e+02,8.12156274e+01,-3.60290247e+02,3.96156644e+02,3.51644644e+02,-2.06543357e+02,1.59356727e+02,-4.96042140e+02,-4.45868039e+02,2.03705665e+02,-5.96680895e+02,-2.34508878e+02,8.25044104e+01,6.99151167e+02,-2.09427038e+02,-8.99857613e+01,-1.29364526e+02,9.89273181e+02,1.24907111e+02,-3.74761459e+02,5.91739059e+02,5.43977691e+02,2.61651981e+02,6.32009403e+02,7.00766137e+02,-8.90456802e+01,-2.58162285e+02,-2.78877342e+02,2.32187980e+02,3.25466629e+02,-4.34833292e+01,-1.80156369e+02,-5.31074175e+02,-2.58258985e+02,-3.81796258e+02,2.55526394e+02,1.30121743e+02,5.40939364e+02,5.04285669e+01,-2.14710607e+02,-6.74202865e+01,3.45773075e+02,1.11444496e+02,4.41953645e+02,4.94360461e+02,-1.17920474e+02,-7.88082040e+01,-8.36536088e+02,4.59246546e+02,-4.39072344e+01,4.34302991e+02,-1.59430383e+02,-5.06357632e+02,1.70600202e+02,5.99036387e+02,-2.13102078e+02,5.88205538e+02,-6.22902012e+02,-1.94056043e+02,-6.74179186e+02,1.88856768e+02,9.66506447e+01,1.03515586e+01,-5.15386176e+02,7.54876748e+02,4.53907335e+02,6.86054915e+01,-3.97527037e+02,1.88033110e+02,-2.32455271e+02,-7.66974978e+01,-1.88833760e+02,1.78490567e+02,-8.81279448e+01,-1.75550231e+02,1.66331692e+02,2.26064348e+02,-7.34565975e+02,1.66238595e+02,5.75732181e+02,3.59940288e+02,-1.13417504e+02,2.86543622e+01,-3.09163925e+02,5.07526425e+02,1.49194682e+02,-5.66217351e+01,-5.84001839e+01,9.36503544e+02,3.03466610e+00,2.65671836e+02,6.22043097e+02,8.39119630e+02,5.48197425e+02,3.62807448e+02,-5.46619896e+02,-3.73140761e+02,2.97633172e+02,1.57320331e+01,2.76722603e+02,1.57119821e+02,5.05423084e+02,-6.66102277e+02,-4.20264402e+02,-5.66702620e+01,-7.42697110e+02,1.67751781e+02,3.40806841e+02,1.15815085e+02,-1.94392957e+02,2.02257762e+02,1.21802751e+03,2.25101916e+02,1.31509821e+02,-4.19735504e+02,-5.65611149e+02,-1.33698354e+02,2.67658945e+02,-4.60500536e+01,1.82249363e+02,3.01043637e+02,-5.13612194e+02,2.14891872e+02,4.43773855e+02,5.02373643e+02,-4.80775413e+01,1.09323827e+01,-7.92194350e+01,-4.32217008e+02,-5.72016358e+02,7.14892570e+02,-5.87496106e+01,-5.07917303e+02,1.95504455e+01,-1.98795005e+02,7.83130514e+02,-2.04441373e+02,-2.95717770e+02,2.68707923e+02,-1.26557188e+02,3.73578964e+02,-4.58879355e+01,8.61325978e+02,4.31617110e+02,-7.27952843e+00,-3.10615655e+02,2.14930444e+02,-4.75954416e+02,-9.77161195e+01,5.22682109e+02,-2.40344397e+02,-4.03490720e+02,-1.89869009e+02,4.44081659e+02,1.24723895e+02,-7.11977137e+02,2.64539879e+02,1.28065389e+02,6.07077201e+01,-4.37127331e+02,1.66965130e+01,3.01211763e+02,4.37670574e+02,5.49860446e+02,2.26347495e+02,3.60735493e+01,-4.36429821e+02,-4.08503657e+02,-6.35835977e+02,-8.12834115e+01,2.71764144e+02,-2.09713046e+01,4.57835183e+02,-2.72873751e+02,1.55232400e+02,-1.05882664e+02,-2.55784904e+02,5.08922843e+02,6.50005004e+01,5.27729422e+02,2.82198171e+01,2.12223481e+02,-1.68555512e+02,5.36850925e+02,-1.05871956e+02,-3.18135992e+00,-6.70333699e+02,-9.17585149e+01,6.24066815e+02,5.70822050e+02,2.25941590e+02,-1.29136790e+02,3.22584067e+01,-1.53145807e+02,-5.29669438e+01,7.72183978e+02,1.52038934e+01,-2.06074136e+02,-9.46469747e+02,-4.61689454e+02,-3.23214920e+02,-5.75323867e+02,-4.83530567e+02,-6.09622465e+02,-3.98560147e+02,-3.22857049e+02,-4.11863870e+02,4.08179390e+02,-2.15406536e+02,-8.28417805e+02,3.44586079e+02,-2.49898606e+02,-7.04330530e+02,8.33148951e+02,-2.06742058e+02,1.68209810e+02,3.50128143e+02,1.15386324e+01,2.22445633e+02,7.90934313e+00,-1.27389006e+01,-1.17874643e+02,-6.24420176e+02,9.18260535e+01,-1.11636505e+03,5.62926420e+02,-3.75001540e+02,-1.18781572e+02,-1.51899755e+02,9.38821792e+01,-1.60164428e+02,2.46104834e+02,-4.62237430e+02,3.26144316e+02,3.38720743e+02,1.30663209e+02,8.48747486e+01,1.71989590e+02,6.48783425e+01,2.59617739e+02,-8.26667221e+01,-5.41275672e+02,8.51847468e+01,-2.01552138e+02,-4.01010197e+01,4.30390067e+02,-6.97213784e+02,1.01421639e+01,1.26575543e+01,7.34602317e+01,2.85319135e+02,-1.17905566e+02,7.20205733e+02,4.12904709e+02,-1.50075164e+02,-8.99218193e+01,1.76425364e+01,6.69432206e+02,-4.76426573e+02,-8.94471668e+02,2.48986143e+02,-1.04671161e+02,-1.10190304e+02,1.45916199e+02,6.73599393e+02,4.09100317e+02,-1.51636042e+02,-4.34123620e+02,-5.26745185e+01,2.52784071e+02,-1.14545740e+02,-6.39551059e+02,-2.62544067e+01,-8.00396631e+02,-4.19097021e+02,6.87205901e+02,-4.42043769e+02,-5.75312867e+02,-4.48704721e+02,-3.05164005e+02,2.89317162e+02,7.11527548e+02,-4.51630161e+01,2.35759366e+02,-1.55954755e+02,-5.99465723e+02,4.03883268e+02,-3.94541644e+02,2.43035813e+02,3.11401011e+02,-6.77396890e+01,3.55185677e+02,3.75921566e+02,9.29440636e+02,-1.27715882e+02,-3.99002726e+02,-5.49415164e+02,-1.31054758e+02,-2.29133282e+02,8.71946449e+02,-3.81613200e+02,8.69759636e+01,6.20934992e+01,-2.23433694e+02,-7.02306203e+02,-5.59217694e+01,8.43115688e+02,9.69691034e+01,6.07963917e+01,-4.63079102e+02,-5.19974879e+02,-8.57774454e+01,4.15188561e+02,-1.95207154e+02,9.16261855e+02,-3.79902140e+02,1.47963785e+02,-1.75358425e+02,-5.87558749e+02,2.73957967e+01,-4.40182547e+02,-6.41694230e+02,7.30316689e+01,1.91620142e+01,4.45468708e+02,1.83326209e+02,-2.91884736e+02,1.95270637e+02,-7.14180380e+02,-4.53772586e+02,7.81939504e+02,1.10121433e+02,-1.17930761e+02,-2.77167259e+02,-4.01690708e+01,-6.76763924e+01,7.37416305e+02,3.54033356e+02,-1.24900066e+02,-5.71903622e+01,-3.46890749e+02,-1.74580746e+02,-5.78191979e+02,4.15915032e+02,6.51580100e+01,1.16552357e+02,1.32183894e+02,-4.94799607e+01,-1.58899921e+02,-2.67204906e+00,-9.18019824e+02,-1.63177853e+02,-7.04753158e+01,-7.79390494e+01,4.70442947e+02,5.45503929e+02,1.38567418e+02,-8.25475407e+02,5.50858422e+02,-1.73252523e+02,-3.32821157e+02,-7.54058339e+02,-2.81223551e+02,5.10722118e+02,2.39270375e+02,6.53534733e+01,2.66561798e+02,-5.01440329e+02,-3.84655965e+02,4.79171251e+02,3.30198128e+02,4.44053917e+02,-1.17767767e-01,6.14053873e+01,4.76867705e+02,8.54319776e+02,-2.10542581e+02,3.28289779e+02,-1.49500191e+02,-3.64495025e+02,-2.96670822e+02,-2.65871304e+02,-1.28741138e+02,-4.39730173e+02,-2.00796304e+02,-1.20165841e+03,2.93198756e+02,1.69780905e+02,-3.17068627e+01,-3.58502103e+02,-1.94258813e+02,-4.64433265e+02,1.01386470e+02,7.10737172e+02,-1.76528528e+02,-1.43145063e+02,1.88383879e+02,-4.19438136e+02,7.49562290e+02,1.43769406e+02,1.55006970e+02,4.46388817e+02,1.25120828e+01,4.84361136e+02,1.43058175e+02,-7.28540227e+01,8.11183151e+01,-2.40439863e+01,5.98101757e+02,7.95183157e+01,1.30856135e+02,-7.87824438e+01,1.15273458e+02,-7.99455487e+02,-3.23190266e+02,-3.98176492e+02,4.43005593e+02,-2.53371061e+02,-5.53779071e+02,5.09824488e+02,-1.04725984e+02,3.76964754e+02,-7.91080882e+02,2.13628500e+02,6.50286391e+01,5.03234111e+01,-7.56459522e+01,-5.67745678e+01,4.27168546e+02,-4.73688608e-01,-4.28260351e+02,-1.39766232e+02,2.17374605e+02,-1.00945967e+03,-8.01540410e+02,1.15150984e+01,9.81704462e+01,-3.78062506e+02,-3.72048535e+01,9.34970472e+02,2.84496411e+02,-4.83707441e+02,8.09621591e+01,-7.74533295e+01,9.15583657e+01,-2.97343059e+02,1.61476783e+02,2.44135397e+02,-5.81177734e+01,9.72457893e+02,-8.96880626e+01,-2.78869647e+02,1.69743527e+02,3.57136878e+02,-3.07590977e+02,-2.56994658e+01,8.30569690e+02,-2.03160432e+01,5.08035883e+02,1.25747834e+02,-8.20512554e+01,-2.24722911e+02,4.90796382e+02,-4.77646317e+02,-1.83572044e+01,-1.31919887e+02,-3.66196866e+02,1.44584422e+02,2.07524326e+02,7.51402579e+01,-1.49533613e+01,-3.35391278e+02,1.58093560e+02,-1.51388643e+01,-2.15288880e+02,-1.87010685e+02,1.70200086e+02,-4.44316257e+01,-3.17841121e+02,-9.24266225e+02,7.80249365e+01,2.01136092e+02,-4.06413568e+02,-1.94566995e+02,7.14545011e+02,6.49802186e+01,3.07596477e+02,5.79050935e+01,3.21098463e+02,4.49252453e+01,-3.41119232e+02,-3.56070183e+01,7.13551646e+01,2.41632695e+02,6.94293578e+02,4.25285345e+02,2.01998438e+01,1.48472817e+02,5.23113561e+02,2.27457403e+02,-6.26927838e+02,-2.33034357e+02,1.17014826e+02,7.39504755e+01,2.27431839e+02,-4.54876460e+02,1.07555643e+02,3.50133684e+02,4.26127505e+02,-3.87305347e+02,-4.21930390e+01,-2.01090445e+01,-1.19886031e+02,-2.84313260e+02,-1.69439537e+02,-3.05259136e+01,7.09687941e+01,3.58492664e+02,-2.69257720e+02,6.93174750e+02,3.09538388e+02,2.20814400e+02,2.89614715e+02,2.61522196e+02,2.84916266e+02,4.68173599e+02,-3.85049950e+02,5.47896347e+02,-9.65445094e+02,2.69126391e+02,-9.40146646e+02,7.28317341e+02,6.33178459e+02,-9.92535933e+01,-4.26260116e+02,-3.65580433e+02,-4.98551180e+02,-5.37194044e+02,4.99153592e+02,3.71297384e+02,2.09994077e+02,2.72828747e+02,3.53289748e+02,-3.33619078e+02,-1.72455502e+02,4.96271996e+02,-1.08480801e+02,4.57349778e+02,6.33599910e+02,-3.69223415e+01,-6.25060825e+02,1.42382169e+01,-1.02896929e+01,-8.53740079e+01,7.21900306e+00,-5.80747364e+02,-1.56501181e+02,5.41426204e+01,7.92758919e+01,4.19394526e+02,-3.45966104e+02,5.28595566e+02,-3.49816766e+02,1.94181974e+02,3.38714119e+02]
