name = 'OC-O'
composition = {'H':0, 'C':1, 'N':0, 'O':2, 'Pt':1}
facet = ['Ni110'] 
IS_SPE =[-86.9641, 'eV']
IS_ZPE =[0.298, 'eV']
IS_frequencies=[74.0, 99.5, 111.9, 176.0, 280.5, 502.6, 652.0, 1150.2, 1760.1, 'cm-1']
TST_SPE=[-86.19864749, 'eV']
TST_ZPE=[0.235, 'eV']
TST_frequencies=[64.6, 142.3, 212.6, 271.9, 337.3, 373.8, 548.2, 1833.8, 'cm-1']
no_reactants=2
bee_IS = [-5.10841720e+02, -3.99508899e+01, -1.18079748e+02,  3.94593533e+02,    -1.87297190e+02, -1.62483580e+02, -3.51051332e+02, -7.78607615e+02,    -3.70260392e+02, -4.12172391e+02, -3.37390419e+02,  4.23417326e+01,     1.24802933e+01,  2.43216029e+01,  2.75890426e+01,  4.09938740e+02,    -1.80815207e+02, -1.56611127e+02,  1.50959712e+02, -9.68879123e+02,     5.08736924e+02, -2.28964041e+02, -4.53290635e+01, -1.04882861e+02,    -4.56520717e+01, -4.98308324e+01,  7.53509704e+02, -1.85861849e+02,    -7.26200031e+01, -4.57013031e+02,  6.69223044e+02, -1.16091138e+02,    -3.38554369e+02,  2.07623323e+02, -3.71473186e+01,  1.71582390e+02,    -2.56192663e+01,  6.13953263e+01,  2.39506000e+02, -8.85415122e+02,     4.72493867e+02,  1.11968172e+02, -5.32624848e+01, -2.93582170e+02,     9.77013994e+01, -1.59804113e+02,  3.82267694e+02,  3.21575596e+02,    -2.36498801e+02, -2.54541111e+02, -2.57979585e+02, -2.96070992e+02,     1.01948329e+02, -4.33331304e+02,  1.20733386e+02,  5.23361947e+02,     5.97778857e+02,  3.03671098e+02,  1.41160350e+02,  2.40893484e+02,     7.81239278e+02,  1.80761292e+02, -4.80332659e+02, -1.06818661e+02,    -2.06651380e+02,  5.30591149e+02, -6.52854249e+02, -5.43253632e+02,    -2.37964493e+02, -9.05085864e+01, -3.79400165e+02,  2.33629904e+02,     8.35419736e+01,  1.14935780e+02, -3.35603277e+02, -3.03672465e+02,    -4.90989024e+02,  3.23205930e+02, -2.85243376e+02,  2.30544228e+02,    -5.76328920e+01, -2.54307949e+02, -5.05169598e+02, -1.48936677e+02,    -9.85157329e+01, -1.38742961e+02,  3.43330043e+02,  6.18769229e+02,    -3.69593133e+02, -6.97363144e+02, -1.72464927e+02,  9.64648137e+02,    -4.96828810e+02,  2.86373464e+02, -9.25378897e+01, -5.40576445e+02,     2.11678611e+02,  3.30156725e+02, -1.50468873e+02,  3.03059865e+02,    -2.31314230e+02, -4.50432319e+02,  7.77689073e+02,  4.02278283e+02,     2.68302983e+02,  1.26472262e+02,  2.13202138e+02,  7.09205231e+02,    -2.17686894e+02,  5.01221502e+01, -1.20097988e+03,  1.60115928e+02,    -5.91366026e+02,  1.26527570e+02,  1.88144700e+02, -2.98081952e+02,    -4.64456402e+02,  5.20280340e+01, -2.55175768e+02,  3.10546845e+02,    -4.40275539e+02, -2.35580167e+01, -3.09098696e+02, -3.66542367e+01,    -2.61361450e+01,  1.48531424e+02,  9.77987212e+00, -5.30554805e+01,     5.28702847e+02,  7.94159410e+02,  4.14850775e+02,  6.75059193e+02,    -1.05870879e+02,  1.15608955e+02,  4.78298910e+02, -7.47026758e+01,    -6.66023045e+02, -3.28605711e+02, -4.36494355e+02, -2.50517356e+02,     2.41973662e+02, -1.02477339e+03, -1.64711966e+02,  3.74646965e+02,    -3.17888505e+02, -3.15320378e+02,  4.71560227e+02,  3.83577437e+02,    -2.99460143e+02,  1.71566123e+02, -2.14026424e+02,  3.03371199e+02,     3.51203066e+01,  1.32183678e+02, -7.54866914e+02, -4.22762847e+02,    -6.91113102e+01,  1.58525298e+00, -3.38710265e+02,  9.26140868e+02,    -1.90327663e+02, -2.90691662e+02,  3.26197588e+02, -4.15535432e+02,    -2.84384862e+02,  2.66831620e+02,  9.49507950e+01,  1.14213076e+02,     1.05750598e+02, -9.65493846e+01,  1.66793332e+02,  5.06096500e+02,    -2.56112368e+02,  1.51319634e+02,  7.90589717e+02,  2.89294679e+02,    -7.51365580e+01, -1.66634941e+02,  1.33845321e+03, -1.53461238e+02,     3.08237672e+02,  1.91154390e+02,  2.96903876e+02,  7.72705987e+02,     4.31119008e+02, -2.60411440e+01,  1.96728048e+02,  4.10220689e+02,     3.37960184e+02, -4.85669632e+02,  8.12575133e+02, -7.25760903e+02,    -1.51060915e+02,  4.98477091e+02,  7.55634040e+01,  5.73427009e+01,     2.71556921e+02,  2.09929644e+02,  3.11397824e+02, -5.53226865e+02,     4.23199907e+01, -2.36469161e+02, -9.26718830e+01, -2.88224044e+01,    -7.77294910e+01, -4.86831303e+01,  7.12877907e+02, -7.36669886e+01,    -2.41417579e+02, -2.03556222e+01,  1.01242268e+02, -5.12090789e+02,    -3.91879829e+02, -3.15644551e+02, -5.46792525e+02, -1.42564008e+02,    -3.60129895e+02,  1.69355401e+02, -8.56595660e+00, -9.35617055e+01,    -7.43264745e+01,  5.60260118e+01, -1.71577495e+02,  5.81604332e+02,    -7.15572585e+02, -1.39585951e+02, -1.36208746e+02,  1.46625745e+02,     1.60573000e+02, -4.02296151e+02, -1.55151076e+02,  3.64807866e+02,    -1.93638178e+02,  1.36910404e+02,  3.21191396e+02, -3.49409984e+01,     9.82272426e+02, -1.74533602e+02, -2.79666173e+02,  5.54776681e+01,    -1.97904658e+02,  4.62619200e+02, -3.15369588e+02,  7.34370081e+01,     5.41168727e+02, -1.15462574e+02,  1.04414014e+03,  1.11638018e+03,    -5.71761824e+02,  5.03726430e+02,  1.46545192e+02, -4.66133867e+02,     1.51756877e+02,  3.16874847e+02,  3.33521892e+02,  2.19404679e+01,     1.01919014e+02,  6.20940889e+02, -1.99468155e+02,  1.40248587e+02,     6.61785947e+02, -3.25634427e+02, -1.33465042e+02,  4.53918536e+02,     2.34308967e+02,  6.61039693e+02,  2.26455369e+02,  6.04795406e+01,     2.27407552e+02,  3.38746802e+02, -4.22750756e+02,  3.07680526e+01,     1.62083788e+02,  1.06822168e+02,  1.90864142e+02, -5.10654789e+02,     2.95710867e+02, -3.85829761e+02, -2.73770634e+02,  1.52134431e+02,    -1.21474186e+02,  4.75396622e+02, -2.06977634e+02,  2.51395196e+02,     2.80449121e+02,  6.90636766e+02,  4.82236466e+02,  4.14738085e+02,    -7.50300183e+01, -5.93619365e+01, -2.75378671e+02,  6.66731111e+02,     6.83901359e+02,  3.25677439e+02, -2.01273427e+02,  4.36164439e+02,    -7.57385635e+01,  1.83647243e+02,  5.43035607e+02,  5.06592965e+00,    -6.85895661e+01, -2.12303166e+02, -4.64315839e+02,  8.41007127e+02,     3.93839421e+02, -4.87515747e+02, -1.35475922e+02,  2.42375576e+02,    -9.27082169e+01,  5.42460988e+02,  1.05561807e+02,  6.90521239e+02,     2.68995853e+02, -2.43978195e+02,  2.12073641e+02, -3.68876671e+01,    -2.74162572e+02,  1.44126420e+02,  1.60151056e+02,  7.88016503e+02,     6.93243004e+02,  4.57325651e+02,  6.03034767e+02,  6.27964822e+01,    -2.37006993e+02,  1.33914290e+02, -2.88960446e+02, -4.42260613e+02,    -5.03314764e+02, -2.37472182e+02, -9.35810629e+02, -2.70461818e+02,    -7.43226251e+02,  1.86089307e+02, -4.00403875e+02,  3.57110461e+02,    -8.31618770e+02, -2.78631184e+02,  4.25262549e+02,  1.94256712e+02,    -7.48209196e+02,  5.36057661e+02, -2.11412100e+02,  4.53872091e+02,    -2.23841211e+02, -6.85919997e+02,  1.07223837e+02, -5.54033372e+02,    -1.15214058e+02,  1.56027388e+00,  3.69208049e+02,  1.08468920e+03,    -3.93381286e+02, -3.02881215e+02, -2.91589715e+00, -1.22110233e+02,    -7.02727890e+02, -4.83195594e+02,  4.29168051e+02, -2.18611368e+02,     1.46420689e+02, -4.22412059e+02, -1.29412460e+02, -3.47272519e+02,     4.62169186e+02,  1.31351833e+02, -1.94566124e+02, -1.17774065e+02,     8.89822626e+01, -7.40363952e+01,  3.77925278e+02, -2.17474080e+02,     4.64938841e+01,  2.97987930e+02,  1.50609175e+02, -1.53987581e+02,     1.34053592e+03,  4.72010949e+02,  3.13099317e+01,  8.84344810e+01,    -5.35866285e+02,  2.67449626e+02, -6.49819658e+02, -2.23621740e+02,    -4.78088175e+02, -1.64532768e+02,  4.80636460e+02, -4.89529308e+02,     1.60103096e+02, -2.42612900e+01,  2.70500956e+01, -3.21330560e+02,    -3.85213150e+02, -3.74809313e+00, -3.68067518e+02, -1.92269330e+02,    -3.55328061e+02, -8.89984107e+01, -3.10046289e+02, -4.45156580e+02,     1.96401029e+02, -1.49174170e+02,  1.82658403e+02,  8.81124638e+01,    -6.36979365e+02, -4.73241408e+02, -3.45660993e+02,  3.09378104e+02,    -9.31110043e+00, -5.48410490e+02,  5.03247042e+02, -3.45579338e+02,     4.74911644e+02, -2.61379810e+02, -4.22216974e+02,  2.28892273e+02,    -5.88428278e+02, -3.36043417e+02,  5.51070070e+02,  1.57284015e+02,    -3.51796109e+02,  4.56788150e+02, -1.49061341e+02, -3.27667810e+02,    -2.66477269e+02, -4.21016026e+02,  2.04737465e+02, -7.84135022e+02,    -7.20524706e+02, -8.26222600e+01, -2.59270334e+02, -4.78223415e+02,     6.24659107e+02,  1.14358923e+03, -2.84191360e+02, -2.67041808e+01,    -5.47382553e+02,  5.69956327e+02,  1.62197655e+02, -1.71379495e+02,    -3.32269320e+02,  1.45381915e+02, -5.26573933e+02, -1.73707957e+02,    -7.68834364e+02,  3.04138819e+02,  1.12927564e+02,  3.02832171e+00,    -5.97114459e+01, -2.99439481e+02, -7.73305578e+01,  1.10832563e+03,    -1.63750611e+02, -4.01625395e+02, -5.86465140e+02,  1.13503141e+02,    -3.11458713e+02,  7.77780130e+01,  2.54739214e+02,  5.71381499e+01,     2.45930341e+02,  1.06170214e+02,  5.15146616e+02,  2.64600830e+02,    -2.93703809e+02,  3.68653856e+02,  3.00312926e+02,  9.69433743e+01,     3.86265305e+02, -2.13909165e+02,  6.29699799e+02,  1.60874331e+02,    -2.62338539e+02, -5.12732786e+01, -1.65240158e+02,  2.05480213e+02,    -2.27848587e+02, -2.77374376e+01, -9.58029687e+01,  7.16699945e+02,     4.65370792e+02, -5.84191763e+02, -3.73255581e+01, -4.66184053e+02,    -1.50009940e+02, -1.96772380e+02,  6.62191742e+01, -1.25709549e+01,    -2.25877938e+02,  1.09525106e+02, -6.17776531e+01, -9.14621248e+01,     7.50386118e+02,  1.56089849e+02, -7.01295214e+02, -3.81984607e+02,     7.99355986e+02,  2.37268486e+02, -7.34176443e+01,  9.23372244e+02,    -1.59988931e+02, -9.63284515e+01, -5.19130659e+01,  1.18490063e+02,     2.47382068e+02,  3.45581349e+01,  2.32871271e+02, -1.34846341e+02,    -2.71839173e+02, -3.74128442e+02, -4.16964131e+02,  3.87387142e+02,     1.09798638e+02,  3.28452067e+02,  1.20803515e+02,  7.66828815e+02,     1.52479558e+02, -7.06871294e+02, -2.96567605e+02,  8.44752572e+01,    -2.40561999e+02,  5.38279097e+02, -1.12143792e+02,  1.58968653e+02,     4.33025693e+02, -6.38252841e+02,  1.28676772e+03,  1.67304131e+02,     2.04640444e+02,  3.04470223e+02,  7.07874627e+01, -5.90766541e+00,     3.11713800e+02, -3.08419303e+02,  7.09401682e+02,  6.11912491e+02,    -3.59061940e+02,  1.31453112e+02,  6.02983447e+02, -1.87236229e+02,     1.37797349e+02,  3.68059561e+02,  3.69129606e+02, -6.79433019e+02,    -1.18558010e+02, -3.02870769e+02, -2.99599006e+01, -3.71615823e+01,    -1.97626008e+01, -1.40643171e+02, -2.56208671e+02,  7.32510492e+01,     8.76655624e+01,  4.63317048e+02, -3.65998644e+02,  3.36135937e+02,     3.89208238e+02, -1.43961806e+02,  7.65014957e+02, -5.90488375e+02,    -9.11450974e+02, -5.68905842e+01, -7.32205871e+01, -2.52047029e-01,     6.81389024e+02, -6.23277888e+01,  3.51663691e+02,  4.18233080e+02,     3.27710067e+02, -8.96372134e+01,  5.45614663e+02, -1.37598558e+02,    -2.82549933e+02, -3.99650510e+02,  4.75935412e+01,  3.33538641e+02,    -4.31865071e+01,  3.30316689e+02, -2.43092820e+01,  5.50583478e+02,     1.72593190e+02,  7.56673121e+01, -4.55383689e+01,  2.92573328e+02,     3.26063184e+02,  1.71141329e+02, -6.84681954e+00, -4.63760090e+02,     2.60013543e+02,  1.71288052e+02,  3.19225536e+02,  2.68543731e+02,     3.04175018e+02, -5.06234407e+01,  2.36684029e+02, -2.12040366e+02,    -1.08175696e+01, -4.80109250e+02, -2.68784515e+02,  3.39533572e+02,    -7.82527671e+02,  2.53055574e+02,  1.46699070e+02,  7.16200479e+02,    -2.22024918e+02,  2.64525476e+02, -9.92135528e+01, -4.17426347e+02,    -6.19742183e+02, -7.17992656e+01, -7.61160267e+02,  1.36752375e+02,    -1.79749002e+02,  2.58457557e+02,  1.76037949e+02, -2.23180887e+02,    -2.18819443e+02,  3.34191153e+02, -5.17413129e+02, -1.06386890e+02,    -1.78660338e+02,  2.04373326e+02, -4.26194234e+01,  4.88678113e+01,    -1.85573183e+02,  4.90291688e+02, -4.13410414e+02,  8.46771584e+01,     5.20541476e+02, -2.97394088e+02,  1.68288604e+01, -2.99431051e+01,    -5.92801353e+02, -3.99387742e+02, -6.79948325e+01,  2.28847793e+02,     2.76563144e+02,  4.22118685e+01, -7.06114988e+01,  1.90562819e+02,    -3.88669897e+02, -6.17160967e-02, -4.35391803e+02, -2.34955115e+02,     4.06829064e+02, -2.53873104e+02,  5.55757169e+02, -1.84408142e+02,     3.04012312e+02,  2.21071621e+02, -5.36576197e+02, -2.45973499e+02,     7.18601553e+01, -3.43538462e+02, -3.03945811e+02, -7.46941488e+02,    -4.81501395e+02, -4.51510306e+02, -3.72122088e+02,  2.01105580e+01,     1.15631026e+02,  1.06832269e+01,  1.81293507e+02, -4.92704710e+02,     1.26415036e+02,  1.81473536e+02, -5.74002826e+02, -5.53972825e+02,    -3.53796860e+02, -2.04149883e+02,  1.68064213e+02,  6.54276263e+00,    -3.83793573e+02,  3.06051268e+02, -1.72441372e+02,  4.31341553e+02,    -7.69575728e+02,  5.20405719e+02, -3.26898357e+01, -3.19114458e+02,    -2.26398543e+02,  2.65653161e+01,  3.68276797e+02, -6.50467535e+02,    -1.21296476e+02, -1.76709888e+02,  4.21650390e+02,  7.22954555e+02,    -8.38549421e+02,  8.05876581e+02,  3.91763913e+02, -6.43996256e+02,    -3.03870065e+02,  6.58592775e+02,  5.19589693e+02, -1.57383185e+02,    -3.16685627e+01,  9.36889766e+01,  6.13312926e+02, -4.57761597e+02,     1.40958050e+02, -6.56113002e+01,  2.62223452e+02, -6.38468194e+02,    -6.44044498e+01, -2.89633659e+02,  4.08331169e+02,  3.67492839e+02,    -7.40313836e+02, -4.27840681e+02, -1.95667677e+02, -3.36307966e+02,    -1.26303484e+02, -1.98823769e+02,  3.70299013e+02,  3.59617154e+02,    -5.11674022e+01, -3.97998557e+02, -7.20717910e+02,  3.75724396e+02,    -4.37098802e+02, -2.72843243e+02,  4.20594705e+01, -2.98277362e+02,    -3.59387310e+02, -2.25149191e+02, -3.68182164e+02, -2.31409619e+02,    -4.40997595e+02,  5.03548122e+02,  5.58208353e+02, -2.98473781e+01,    -2.06119226e+02, -1.32508717e+01,  3.68683306e+02, -7.62503167e+02,    -1.82643829e+02,  4.30219135e+02,  5.81166616e+02, -1.57209227e+02,     9.98791773e+01,  4.74768452e+02,  1.34877210e+02, -5.44846704e+01,    -3.82145500e+02,  1.94181370e+02, -3.10348648e+02, -1.38646324e+02,    -1.66833790e+02, -1.61006361e+02,  1.71663794e+02,  6.74579704e+02,     4.88485715e+00,  3.39481017e+01, -7.85956302e+02, -1.52987680e+02,    -3.27513339e+02,  3.98151329e+01, -3.64345845e+02,  6.82206755e+02,     7.05253949e+02,  1.28359238e+02, -1.31819256e+02,  1.24638776e+02,     2.19205282e+02, -4.13366079e+02, -6.64127694e+01,  1.23702974e+02,     1.19564438e+02,  4.90944612e+02,  3.89788326e+02, -1.82044190e+02,     2.44594765e+02, -8.38552388e+02, -3.78819034e+01,  7.38829318e+02,     8.49543380e+01, -7.77625836e+00,  2.88743450e+02, -2.48874986e+02,     8.02444448e+02, -1.09161285e+02,  7.35082874e+02,  3.21159330e+02,    -3.34114028e+02,  2.65703794e+02, -2.65336704e+02, -5.96352445e+02,    -3.51375999e+01, -4.90337624e+02, -4.63235667e+02, -4.45828320e+01,     2.80919299e+02, -5.06590257e+01, -2.90666935e+02,  6.58331092e+01,    -6.29624530e+02, -7.94937966e+01, -7.17796262e+02,  4.52936712e+02,    -1.27223818e+01, -4.45933180e+02, -1.65400729e+02,  1.49220887e+02,    -2.80304598e+02, -4.08921634e+02,  7.83421662e+02, -1.95619289e+02,    -3.83756418e+02,  2.19816743e+02, -1.05368293e+02,  4.46033046e+02,    -1.68251056e+01,  7.22529715e+01,  8.86076973e+02, -1.53945386e+02,    -3.04920278e+02, -3.29684158e+02, -4.61114435e+02, -2.86870980e+02,     2.48219946e+02,  1.84806542e+02,  1.86471401e+02,  6.49954914e+02,     2.04985272e+01,  1.46912965e+02, -5.75798084e+02,  2.18322387e+01,    -2.01611107e+02, -2.31696180e+02,  1.18529473e+01,  3.06693072e+02,     3.33389631e+02,  6.16123129e+00,  8.07294582e+01,  2.56191737e+02,     3.24246591e+02, -2.08034794e+02, -1.13473350e+02,  1.46401027e+01,    -2.04241698e+02, -6.82745331e+01, -2.40215589e+02,  6.59362954e+02,     5.63897117e+02, -1.10286060e+02,  1.07191042e+02, -2.13310747e+01,    -2.10231513e+02,  2.93287255e+02, -7.57758507e+01,  3.39715959e+02,    -4.67402503e+02,  1.63379838e+02, -9.51035438e+01, -4.73429282e+02,    -2.17746365e+02,  2.36731041e+02, -7.50015708e+02,  3.67895129e+02,     4.29167263e+02, -6.34624283e+01, -4.38693983e+01, -2.71208717e+01,     2.13952147e+02, -2.85369392e+02,  3.16812346e+02,  2.49159721e+02,    -9.07339065e+02, -2.87834332e+02,  1.97501751e+02, -8.16645086e+01,     3.37492663e+02, -5.38320994e+02, -4.24017635e+00, -3.60484082e+02,    -1.08070896e+03,  6.54661407e+02, -5.20290694e+02, -5.04104394e+02,     7.67344276e+01,  1.11998495e+03,  6.39515833e-01, -1.91708378e+02,    -1.81581812e+01, -6.22631901e+01, -7.72146143e+02, -5.40137599e+02,     6.81170691e+02, -4.57529931e+01, -3.43774810e+02,  4.38166998e+02,    -3.00827824e+02,  3.45686246e+02,  4.72886326e+02, -5.36208839e+02,    -2.26541008e+02, -3.00752156e+02, -1.31127065e+02, -1.69926532e+02,    -6.16068048e+01,  1.19806176e+02, -2.94002706e+02,  2.59178848e+02,     5.20379316e+02, -1.38406944e+02, -1.55680184e+02,  1.20679115e+02,     4.99431192e+02,  4.26717432e+02,  3.37274012e+01, -1.70426635e+01,    -4.92799017e+01, -4.45108332e+02,  3.31157831e+02, -2.10773517e+02,     1.74612412e+02, -1.35360014e+02,  2.52258524e+02,  1.53224474e+02,    -6.89918002e+02, -2.41351464e+02, -6.88599658e+02, -2.85649543e+02,     6.59355215e+01, -1.50642115e+02,  2.61659848e+02, -2.51556913e+02,     1.61540907e+01,  9.11286909e+01,  6.49299075e+02,  3.27315376e+02,    -2.38812054e+02,  1.75805085e+01,  9.89186892e+01,  3.47049238e+02,    -4.68773723e+00,  4.42999178e+02,  2.12976081e+02,  7.77800480e+02,     2.19758648e+01,  5.95540454e+02, -2.27571752e+02, -3.36409701e+02,     7.08045346e+01,  6.77877941e+01,  2.64545986e+02, -5.93538508e+01,    -1.38168906e+02,  2.25527845e+02, -4.00929942e+02, -4.53824294e+02,     6.70607942e+02, -5.02597905e+01, -3.73039818e+02, -4.72843377e+00,    -1.22975828e+02,  3.08094178e+02,  2.88661539e+02, -1.69682936e+02,     9.21667932e+00, -2.35988435e+02, -2.85754155e+02, -2.49365696e+02,    -8.35912533e+02, -2.79443890e+01, -5.63223945e+02, -4.81111010e+02,    -3.42872418e+02,  1.53555086e+02, -3.28046508e+02,  1.92206822e+02,    -4.94558914e+02,  9.99091775e+00, -3.55757188e+02,  6.47504193e+01,     1.03020969e+02,  2.55375420e+02, -1.71724289e+02, -1.30334363e+02,     2.28497681e+02,  5.25287925e+02,  2.84775590e+02,  6.66377528e+01,    -5.96223199e+02, -1.21011572e+02, -2.67909796e+02, -5.29911695e+02,     3.60442417e+02, -3.01084138e+02, -3.86791259e+01, -2.01675562e+02,    -8.84922316e+02,  4.37287340e+02, -1.46752329e+02,  3.58697163e+02,    -6.07087990e+02,  5.72596806e+02,  3.82962613e+01, -2.71398733e+02,     4.05768045e+01, -2.02215093e+02, -5.94722934e+02,  1.24279777e+02,     2.47840610e+02,  2.74823988e+01, -3.16164242e+02, -1.14613268e+02,     1.43705263e+02,  2.56604476e+02,  5.60005182e+02,  2.20541616e+02,    -2.05593978e+02,  7.73645386e+02,  2.50025931e+02,  3.42714359e+02,    -1.46603724e+02,  2.33719248e+02,  1.53177157e+02, -5.38087546e+02,    -1.64012594e+02, -3.44543248e+02, -2.75081406e+02, -9.14314149e+01,    -1.51905456e+02, -3.27014011e+02, -9.91813565e+02, -2.65497044e+02,     1.34352430e+02,  8.93437670e+01,  8.26814234e+01,  4.30519783e+02,     1.61641683e+02,  2.79022012e+02, -3.70955534e+02,  4.02045690e+02,    -4.29492530e+02, -6.65591930e+02,  1.69248989e+02, -3.52770853e+02,    -3.66267496e+02, -1.37602622e+03, -1.03349644e+02,  6.98337165e+02,     4.05925122e+02, -8.80314907e+01, -1.04761741e+02,  2.60519874e+02,     5.94612903e+02, -3.52012396e+02, -8.49031416e+01, -2.78534268e+02,    -3.11507533e+02, -2.97389059e+02,  1.38803246e+02,  6.23468501e+02,    -5.75312336e+02, -4.63615723e+02,  2.14379267e+01, -7.62862301e+01,    -1.25077145e+02, -8.10603793e+02,  4.94745094e+02,  2.17782418e+02,     7.86106304e+01,  4.22558346e+02, -2.64686045e+02,  2.59445404e+02,     2.36509043e+02,  4.72768781e+01, -4.20706245e+01,  1.06213968e+02,    -1.42360338e+02,  4.10528666e+02, -3.79727599e+02,  3.67578027e+02,     8.23787172e+01,  9.91323947e+01,  2.03434169e+02, -7.50882116e+02,     5.63797112e+01, -5.59832132e+02, -4.41249741e+02, -4.28318301e+02,    -3.93799263e+02,  1.04456376e+01,  1.14503037e+02,  4.20695112e+02,     8.35362210e+01,  1.20768331e+02, -6.19285705e+02, -2.19154253e+02,     2.87473685e+02,  1.07317562e+01,  1.52840159e+01, -7.23789964e+01,     3.19137858e+02, -7.95801216e+02,  9.19001273e+01,  2.04476680e+02,     3.95984121e+02,  3.39971188e+02, -4.95365746e+02,  6.86727711e+01,     3.78317756e+01,  4.10627241e+01,  1.75727841e+01, -1.69624397e+02,    -2.77499896e+02,  1.38100802e+02,  5.43823477e+02, -7.53799554e+01,     8.53434319e+01,  1.54243677e+02, -2.18103841e+02, -2.15610290e+02,    -1.01073108e+03, -3.36114594e+02, -4.46035567e+02, -6.52846713e+01,    -5.55242663e+02,  6.54072278e+02, -2.57447779e+02, -4.60373610e+02,    -1.36314506e+03,  5.72065793e+02,  1.20315324e+02, -1.16430035e+01,    -5.35006863e+02,  9.17229222e+01, -1.50706934e+02, -2.83577751e+02,     1.01228113e+02,  2.78969274e+02,  6.89813774e+01, -1.52355059e+02,    -2.68703205e+01,  8.22028635e+00,  1.64128121e+02, -5.32690516e+02,     6.10217408e+02, -3.64610344e+02, -2.35651989e+02, -3.69188746e+02,    -8.49166136e+02,  8.19530604e+01, -4.16965857e+02, -1.90991691e+02,     2.95595655e+02, -2.11684656e+02,  1.86510499e+00, -8.77469647e+01,    -2.22253682e+02,  1.48905158e+01,  4.63258339e+02, -4.52494505e+02,     8.05709202e+02, -1.72973182e+02,  2.94860228e+02, -7.03761307e+01,     1.30352166e+02, -1.01180738e+02,  4.06834801e+02,  5.45443456e+02,     1.73496905e+02,  4.77094978e+02, -3.36706233e+02, -2.83694271e+01,    -1.98834631e+02,  5.91683095e+02,  5.00989013e+02,  3.83345491e+02,    -1.31432755e+02, -2.63049606e+02,  2.33292780e+02, -2.24664154e+02,    -1.19693118e+02, -6.30085662e+01, -2.29132211e+02,  4.45651913e+02,    -5.10512534e+01,  3.43066587e+02,  1.23722270e+02,  1.47216816e+02,    -2.96858075e+02,  2.79728630e+02, -1.56174286e+02, -1.12875651e+02,    -2.61112637e+01, -4.41486735e+02,  6.66619142e+02, -2.45731993e+02,    -3.40198146e+01,  1.75063225e+02,  1.49062349e+02,  6.16325332e+02,    -1.46678003e+02,  6.67189854e+02,  6.07211594e+02, -8.45765848e+02,     7.51147211e+01, -1.76670494e+02,  1.25767946e+02,  7.40044092e+01,     1.54453242e+02,  5.25486172e+02,  8.07529087e+02, -6.81389952e+02,     6.65795397e+02, -8.05170854e+02, -6.71104203e+02, -1.08335160e+02,    -8.32239226e+00,  6.14873860e+02,  3.33505173e+02, -1.56577323e+02,    -8.05062235e+02,  6.12470325e+02, -3.91854243e+02, -6.52973942e+00,    -4.29523993e+01,  1.08145858e+03, -2.45902345e+02, -9.15884549e+02,     2.69661237e+02, -1.40895247e+03,  9.74073278e+01, -3.11117469e+02,    -1.57456789e+02, -2.36982795e+02, -5.09605358e+02,  3.54787594e+02,    -3.14312518e+02, -8.21835975e+01, -6.80485840e+02, -5.82587969e+01,    -4.18354714e+02, -6.46732502e+02, -1.06251210e+03,  8.72256570e+01,    -2.81236820e+02, -5.08213456e+00, -1.17184515e+02, -6.89311657e+02,    -5.50448485e+02, -4.60267135e+02, -4.63824398e+02,  4.76581852e+02,     8.05019511e+01, -4.15762587e+02, -1.58481552e+02, -1.95786971e+02,     3.23831207e+02, -2.89924840e+02, -1.04706984e+02, -1.96068141e+02,    -3.12816235e+02, -3.26463375e+02,  3.33551148e+02, -1.50390655e+02,    -7.91579163e+02,  6.69505200e+02,  4.07372431e+02,  5.16457666e+01,    -6.30131220e+02, -6.57298224e+02,  9.50277697e+01,  1.14735780e+01,    -2.61912602e+02, -4.22400548e+02,  3.07193650e+02, -6.87434415e+01,     2.38637502e+02,  4.28039246e+02,  2.93620761e+02,  3.04634935e+02,     2.21329039e+02, -1.77955950e+02, -1.09083638e+02, -1.90223333e+02,    -3.03265337e+02, -3.98413877e+02, -5.61937864e+02, -3.39049772e+02,    -6.98873119e+01, -6.89864890e+02, -7.77096591e+01,  2.83729572e+02,    -6.25808050e+02,  2.17415209e+02,  1.89760687e+02, -6.11308893e+02,    -4.93193417e+02, -1.37548511e+02,  1.82056395e+02, -3.43603477e+02,     6.09282743e+02,  5.46938824e+02, -6.50603149e+02,  4.36041057e+02,     3.07268581e+02,  6.61178650e+01,  2.16880269e+02, -3.70404852e+02,    -1.24711375e+02,  4.87987795e+01,  1.54442688e+02,  3.91883491e+02,    -4.41057241e+02, -4.00969471e+01,  1.52527616e+02, -1.18672412e+01,    -2.32403139e+02,  1.70529799e+02, -2.30567861e+02, -1.74725136e+02,     3.06280317e+01, -5.19852647e+02,  3.00170457e+01, -1.99380799e+02,    -1.10708962e+02,  9.36180510e+00, -4.91538186e+02,  4.90510803e+02,    -2.32108413e+02, -1.12411641e+03, -7.33556503e+02,  3.38344644e+02,    -3.10074785e+02, -1.50494869e+02, -2.52648097e+02, -1.44577600e+02,    -8.68721741e+02, -9.34505615e+01, -5.54067827e+02, -2.90030927e+02,     2.22116457e+02,  6.45319668e+02, -2.43959312e+00, -2.49679383e+01,     5.06265720e+02, -4.40439619e+02,  3.08048243e+02,  7.87316970e+01,    -3.63215451e+02, -1.59178868e+02,  2.13074280e+02,  1.60287349e+01,     8.61649966e+01,  9.88227082e+01, -2.04777004e+02, -2.40508379e+02,    -4.55442390e+02,  4.35142501e+02, -5.51069562e+02, -4.04484124e+02,     8.40249396e+01, -7.74421703e+02,  1.67655916e+02,  5.42790417e+02,    -4.33743875e+01,  6.27083698e+01, -2.16143721e+02, -1.76634888e+02,     8.96500515e+01,  3.25271500e+02, -3.49370930e+02,  2.65239344e+02,    -9.47583844e+01, -3.09674782e+01,  2.31851221e+02,  1.63849822e+02,    -7.85842520e+01, -2.40945982e+00,  2.09678037e+02,  2.41728893e+02,    -6.20529813e+02,  5.29472008e+01,  4.67005480e+02, -8.39174322e+02,     2.81126991e+02, -1.03154823e+03, -8.14558424e+01, -1.28216899e+02,    -6.97314078e+01, -7.84874360e+01, -2.24791549e+02, -3.37203272e+01,     1.41675293e+02, -2.09604782e+02,  1.21711743e+02,  7.51307007e+02,    -5.54129937e+02, -2.30832711e+02,  3.16334467e+02,  2.12563326e+02,     3.58581478e+02,  1.42979804e+02,  2.42489291e+02, -1.60072997e+02,    -4.23537172e+02, -3.68097302e+02, -1.83412992e+02,  8.52609340e+00,    -3.62422570e+02, -1.31210537e+02,  5.73111827e+01,  2.01146008e+02,    -8.59547722e+01,  4.86587160e+02, -4.42572184e+02, -4.35513153e+01,    -2.45197791e+01,  2.42651929e+02, -3.51876269e+02, -2.21544661e+02,     2.34204836e+02,  4.29995857e+02,  6.05409846e+02,  3.02644549e+02,     3.58047587e+02, -2.56246279e+02,  5.39004422e+02,  5.83914135e+02,    -5.30595607e+01,  3.37727097e+02,  3.28710250e+02, -2.18646838e+02,     1.68907558e+01,  5.30165871e+02, -2.38835173e+02, -1.05402087e+02,    -5.23949713e+02,  2.31151642e+02, -6.64739041e+01,  1.54179308e+02,     8.15608462e+01, -3.60455523e+02,  3.96342394e+02,  3.51604340e+02,    -2.06240292e+02,  1.59154655e+02, -4.95843850e+02, -4.45982176e+02,     2.03541855e+02, -5.96687047e+02, -2.34138584e+02,  8.27880703e+01,     6.99174187e+02, -2.09332705e+02, -8.99969771e+01, -1.29037573e+02,     9.89710864e+02,  1.24794399e+02, -3.74923227e+02,  5.91563723e+02,     5.44019948e+02,  2.61437330e+02,  6.31712254e+02,  7.00385146e+02,    -8.94107457e+01, -2.58281406e+02, -2.79177697e+02,  2.32089266e+02,     3.25547061e+02, -4.33445380e+01, -1.79917357e+02, -5.31291382e+02,    -2.58685334e+02, -3.81775543e+02,  2.55333554e+02,  1.29991131e+02,     5.40926750e+02,  5.03135129e+01, -2.14853622e+02, -6.74389825e+01,     3.45833828e+02,  1.11515043e+02,  4.41636643e+02,  4.94598131e+02,    -1.18088257e+02, -7.85626358e+01, -8.36232189e+02,  4.59520911e+02,    -4.43920990e+01,  4.34128916e+02, -1.59265145e+02, -5.05936380e+02,     1.70335261e+02,  5.98688882e+02, -2.12809236e+02,  5.88381773e+02,    -6.22811298e+02, -1.94012010e+02, -6.74029757e+02,  1.89061681e+02,     9.70994517e+01,  9.86200245e+00, -5.15186338e+02,  7.54688311e+02,     4.53862372e+02,  6.85617833e+01, -3.97015782e+02,  1.88006800e+02,    -2.32947369e+02, -7.63997374e+01, -1.88559206e+02,  1.78861731e+02,    -8.76684703e+01, -1.75483498e+02,  1.66074663e+02,  2.26128527e+02,    -7.34686234e+02,  1.66246251e+02,  5.75825978e+02,  3.60122768e+02,    -1.13701191e+02,  2.88088189e+01, -3.09159367e+02,  5.07588804e+02,     1.49395411e+02, -5.68153617e+01, -5.84420384e+01,  9.36678714e+02,     3.50850707e+00,  2.66124266e+02,  6.22004571e+02,  8.39200922e+02,     5.48226126e+02,  3.62918208e+02, -5.46421756e+02, -3.72937193e+02,     2.97801713e+02,  1.54860896e+01,  2.76895005e+02,  1.57247911e+02,     5.05221907e+02, -6.66075392e+02, -4.20485679e+02, -5.62273718e+01,    -7.42946291e+02,  1.67801310e+02,  3.40408650e+02,  1.16436701e+02,    -1.94510185e+02,  2.02198126e+02,  1.21855757e+03,  2.24728151e+02,     1.31487835e+02, -4.19903837e+02, -5.66234358e+02, -1.33865134e+02,     2.67484162e+02, -4.60344696e+01,  1.82171596e+02,  3.01217325e+02,    -5.13815017e+02,  2.14743407e+02,  4.44543798e+02,  5.02501328e+02,    -4.79003409e+01,  1.06206175e+01, -7.91957083e+01, -4.32534429e+02,    -5.71833006e+02,  7.15311942e+02, -5.86024876e+01, -5.08253312e+02,     1.92691432e+01, -1.98464159e+02,  7.83342274e+02, -2.04441960e+02,    -2.95646735e+02,  2.68524699e+02, -1.26456496e+02,  3.73445266e+02,    -4.62530401e+01,  8.61615477e+02,  4.31475975e+02, -7.81297726e+00,    -3.10586365e+02,  2.14570633e+02, -4.76131021e+02, -9.80945774e+01,     5.22641762e+02, -2.40481300e+02, -4.03744612e+02, -1.89806755e+02,     4.44278659e+02,  1.24848525e+02, -7.12018274e+02,  2.64301817e+02,     1.28550494e+02,  6.05162422e+01, -4.37335903e+02,  1.63628859e+01,     3.01306488e+02,  4.37918063e+02,  5.49849310e+02,  2.26173520e+02,     3.60505466e+01, -4.36138485e+02, -4.08674701e+02, -6.36362552e+02,    -8.11464026e+01,  2.71785644e+02, -2.09182897e+01,  4.58233682e+02,    -2.72828095e+02,  1.55508202e+02, -1.05386080e+02, -2.55745944e+02,     5.08715998e+02,  6.50175540e+01,  5.27649577e+02,  2.78471010e+01,     2.12567207e+02, -1.68719992e+02,  5.36954951e+02, -1.05454197e+02,    -3.17037882e+00, -6.70502182e+02, -9.18186912e+01,  6.24194691e+02,     5.71034041e+02,  2.25980595e+02, -1.28959375e+02,  3.21605798e+01,    -1.52873225e+02, -5.21310753e+01,  7.72031839e+02,  1.50029653e+01,    -2.05824645e+02, -9.46862164e+02, -4.62368944e+02, -3.23166499e+02,    -5.75558765e+02, -4.83577072e+02, -6.09724301e+02, -3.98743165e+02,    -3.23451428e+02, -4.11720488e+02,  4.08232819e+02, -2.15926055e+02,    -8.29130868e+02,  3.44548900e+02, -2.49825599e+02, -7.04513960e+02,     8.33166239e+02, -2.06714361e+02,  1.68396359e+02,  3.50136649e+02,     1.08102472e+01,  2.22469530e+02,  7.54643915e+00, -1.28406681e+01,    -1.17942770e+02, -6.24285929e+02,  9.17063839e+01, -1.11709476e+03,     5.62534607e+02, -3.75244126e+02, -1.18526282e+02, -1.51801053e+02,     9.34557286e+01, -1.60507505e+02,  2.46170888e+02, -4.62247079e+02,     3.26341422e+02,  3.38333120e+02,  1.31215563e+02,  8.48697876e+01,     1.71765172e+02,  6.47169473e+01,  2.59720858e+02, -8.27180245e+01,    -5.40710718e+02,  8.51615382e+01, -2.01308993e+02, -3.99056604e+01,     4.30000029e+02, -6.97358340e+02,  1.01486938e+01,  1.24246874e+01,     7.34424351e+01,  2.85494113e+02, -1.18205259e+02,  7.20456313e+02,     4.13293512e+02, -1.50126824e+02, -9.01877950e+01,  1.73702099e+01,     6.69481651e+02, -4.76754522e+02, -8.94550108e+02,  2.48937374e+02,    -1.04778321e+02, -1.09908755e+02,  1.45831584e+02,  6.73689085e+02,     4.09402794e+02, -1.51783818e+02, -4.34019320e+02, -5.24260433e+01,     2.52936703e+02, -1.14257456e+02, -6.39527210e+02, -2.60579715e+01,    -8.00256915e+02, -4.18836991e+02,  6.87067722e+02, -4.41998910e+02,    -5.75103163e+02, -4.48735930e+02, -3.05131582e+02,  2.89049316e+02,     7.11247128e+02, -4.50465317e+01,  2.35964689e+02, -1.55627298e+02,    -5.99553196e+02,  4.03959146e+02, -3.94347243e+02,  2.43313662e+02,     3.11664766e+02, -6.72579362e+01,  3.55369614e+02,  3.76210597e+02,     9.28951634e+02, -1.27901627e+02, -3.98557198e+02, -5.49491199e+02,    -1.30880385e+02, -2.28402405e+02,  8.72666408e+02, -3.81786610e+02,     8.68130069e+01,  6.23212828e+01, -2.23858035e+02, -7.01946494e+02,    -5.59092775e+01,  8.43095309e+02,  9.63727415e+01,  6.07902132e+01,    -4.62787128e+02, -5.20197039e+02, -8.53416472e+01,  4.15625149e+02,    -1.94980367e+02,  9.16712559e+02, -3.79547265e+02,  1.47741682e+02,    -1.75965790e+02, -5.87940938e+02,  2.73007833e+01, -4.40143120e+02,    -6.41670112e+02,  7.27299402e+01,  1.92582331e+01,  4.45523500e+02,     1.82963827e+02, -2.91999160e+02,  1.95327691e+02, -7.13779046e+02,    -4.54128492e+02,  7.82009931e+02,  1.10534000e+02, -1.18497689e+02,    -2.77397468e+02, -4.01597618e+01, -6.74747454e+01,  7.36978476e+02,     3.54047786e+02, -1.25249814e+02, -5.76054486e+01, -3.46892204e+02,    -1.74773540e+02, -5.78535904e+02,  4.15844750e+02,  6.51417269e+01,     1.16890653e+02,  1.31946653e+02, -4.92087279e+01, -1.58705989e+02,    -3.18004321e+00, -9.17834594e+02, -1.63733009e+02, -7.03299319e+01,    -7.80752447e+01,  4.71076439e+02,  5.45473373e+02,  1.38467321e+02,    -8.25613354e+02,  5.51143439e+02, -1.73126134e+02, -3.32934542e+02,    -7.54089779e+02, -2.81486945e+02,  5.10419577e+02,  2.38956301e+02,     6.49326131e+01,  2.66296611e+02, -5.01521019e+02, -3.84336717e+02,     4.79095868e+02,  3.30062455e+02,  4.44483739e+02, -4.85971060e-01,     6.13643391e+01,  4.76900977e+02,  8.54343751e+02, -2.11009154e+02,     3.28220206e+02, -1.48590739e+02, -3.64257101e+02, -2.96724604e+02,    -2.65574877e+02, -1.28734179e+02, -4.39947369e+02, -2.01144566e+02,    -1.20211935e+03,  2.93369373e+02,  1.69515333e+02, -3.15550856e+01,    -3.58740291e+02, -1.94459080e+02, -4.64498644e+02,  1.01642593e+02,     7.10887039e+02, -1.76487206e+02, -1.43139999e+02,  1.88598864e+02,    -4.19325258e+02,  7.49690794e+02,  1.43920656e+02,  1.55494457e+02,     4.46560373e+02,  1.28568411e+01,  4.84421464e+02,  1.42876290e+02,    -7.33432703e+01,  8.11936278e+01, -2.36845022e+01,  5.98568505e+02,     7.94887447e+01,  1.30462340e+02, -7.86867076e+01,  1.15136887e+02,    -7.99449371e+02, -3.23321338e+02, -3.98001947e+02,  4.43219994e+02,    -2.53235641e+02, -5.54103548e+02,  5.09827499e+02, -1.04652360e+02,     3.77273853e+02, -7.91111056e+02,  2.14219565e+02,  6.51911996e+01,     5.03803685e+01, -7.54740038e+01, -5.67572893e+01,  4.26895799e+02,    -7.54122357e-01, -4.28107616e+02, -1.39609654e+02,  2.17651196e+02,    -1.00959943e+03, -8.02047207e+02,  1.16505330e+01,  9.79611002e+01,    -3.77796188e+02, -3.73599189e+01,  9.35425749e+02,  2.84803997e+02,    -4.83974276e+02,  8.09354667e+01, -7.73137359e+01,  9.14560459e+01,    -2.97395129e+02,  1.61199837e+02,  2.44374515e+02, -5.80298061e+01,     9.72596025e+02, -8.99807234e+01, -2.78870646e+02,  1.69062801e+02,     3.56962766e+02, -3.07727088e+02, -2.58038995e+01,  8.30535111e+02,    -2.00983799e+01,  5.08185455e+02,  1.25708327e+02, -8.23657280e+01,    -2.25222221e+02,  4.91262695e+02, -4.77343205e+02, -1.83896525e+01,    -1.31598407e+02, -3.66409335e+02,  1.44803984e+02,  2.07365316e+02,     7.56023957e+01, -1.51046118e+01, -3.35349285e+02,  1.58323753e+02,    -1.50992713e+01, -2.15558028e+02, -1.87179646e+02,  1.70356112e+02,    -4.46213435e+01, -3.17731476e+02, -9.24042776e+02,  7.80940687e+01,     2.01641717e+02, -4.06262000e+02, -1.94556948e+02,  7.14632047e+02,     6.46060281e+01,  3.07360579e+02,  5.76835938e+01,  3.20830126e+02,     4.50274890e+01, -3.41212057e+02, -3.50634372e+01,  7.16364507e+01,     2.41337561e+02,  6.94637929e+02,  4.25256019e+02,  1.99688521e+01,     1.48584146e+02,  5.23212787e+02,  2.27370759e+02, -6.27322949e+02,    -2.32746314e+02,  1.17249176e+02,  7.39639902e+01,  2.27704549e+02,    -4.54899001e+02,  1.07875520e+02,  3.49930602e+02,  4.26242331e+02,    -3.87518100e+02, -4.28091228e+01, -2.01449335e+01, -1.19532690e+02,    -2.84800272e+02, -1.69890591e+02, -3.00469147e+01,  7.06429026e+01,     3.58450184e+02, -2.69244835e+02,  6.93267290e+02,  3.09653739e+02,     2.20731354e+02,  2.89471464e+02,  2.61854911e+02,  2.84821676e+02,     4.68205256e+02, -3.84915007e+02,  5.48031093e+02, -9.65317073e+02,     2.69105878e+02, -9.40440164e+02,  7.28449416e+02,  6.32914027e+02,    -9.94583537e+01, -4.26308368e+02, -3.65627369e+02, -4.98801783e+02,    -5.37226090e+02,  4.99193474e+02,  3.71526465e+02,  2.10002631e+02,     2.73236378e+02,  3.53028533e+02, -3.33537744e+02, -1.72642758e+02,     4.96719016e+02, -1.08540713e+02,  4.57611552e+02,  6.33555532e+02,    -3.69540615e+01, -6.25078658e+02,  1.40252077e+01, -1.01780999e+01,    -8.53578614e+01,  7.10832991e+00, -5.80955461e+02, -1.57068176e+02,     5.38580898e+01,  7.89225779e+01,  4.19399404e+02, -3.45870821e+02,     5.29166876e+02, -3.50041558e+02,  1.93913954e+02,  3.38555845e+02]
bee_TS =[-5.11100091e+02,-3.99483250e+01,-1.17952782e+02,3.94408595e+02,-1.87213925e+02,-1.62250963e+02,-3.51353625e+02,-7.78797243e+02,-3.69937507e+02,-4.11441562e+02,-3.37351962e+02,4.27734102e+01,1.27028488e+01,2.38714519e+01,2.75610017e+01,4.09878672e+02,-1.80449039e+02,-1.55996006e+02,1.51045995e+02,-9.68795547e+02,5.08669270e+02,-2.28605646e+02,-4.53188955e+01,-1.04590395e+02,-4.53240257e+01,-4.96053846e+01,7.53322718e+02,-1.86119519e+02,-7.25941404e+01,-4.57139107e+02,6.68414701e+02,-1.15556309e+02,-3.38368596e+02,2.07306397e+02,-3.70066232e+01,1.71992893e+02,-2.53189941e+01,6.10571631e+01,2.39958041e+02,-8.84959274e+02,4.72333307e+02,1.12159125e+02,-5.36531412e+01,-2.93418262e+02,9.76534955e+01,-1.59997888e+02,3.82339349e+02,3.21382402e+02,-2.35963652e+02,-2.54625830e+02,-2.57859462e+02,-2.96271485e+02,1.02432404e+02,-4.33205065e+02,1.20807893e+02,5.23545280e+02,5.98118151e+02,3.03481004e+02,1.41081527e+02,2.41213458e+02,7.81196881e+02,1.80308424e+02,-4.80075191e+02,-1.06571494e+02,-2.06718145e+02,5.30383863e+02,-6.52411465e+02,-5.42942799e+02,-2.38177080e+02,-9.13387486e+01,-3.79107704e+02,2.33640191e+02,8.34520540e+01,1.15199582e+02,-3.35517305e+02,-3.03663758e+02,-4.91210219e+02,3.22619058e+02,-2.85190928e+02,2.30768295e+02,-5.78072593e+01,-2.54024872e+02,-5.04715361e+02,-1.48793122e+02,-9.85855030e+01,-1.38556760e+02,3.43282051e+02,6.19176226e+02,-3.69886532e+02,-6.97154812e+02,-1.72442415e+02,9.64155435e+02,-4.96633522e+02,2.86123393e+02,-9.27759112e+01,-5.40449838e+02,2.11771935e+02,3.29746804e+02,-1.50360746e+02,3.02693932e+02,-2.31060087e+02,-4.50975625e+02,7.77984870e+02,4.02051772e+02,2.67719671e+02,1.26457608e+02,2.13486308e+02,7.09156381e+02,-2.17711781e+02,5.00935494e+01,-1.20058256e+03,1.59839320e+02,-5.91028943e+02,1.26454083e+02,1.88246154e+02,-2.98354927e+02,-4.64079158e+02,5.17800417e+01,-2.55301863e+02,3.10824436e+02,-4.40047446e+02,-2.39009118e+01,-3.09178287e+02,-3.67438372e+01,-2.54858005e+01,1.48986275e+02,9.64217780e+00,-5.30666127e+01,5.29028081e+02,7.94119862e+02,4.14781340e+02,6.74198118e+02,-1.05939424e+02,1.15306374e+02,4.78159652e+02,-7.39561997e+01,-6.65982667e+02,-3.28880040e+02,-4.36436489e+02,-2.50413978e+02,2.41899631e+02,-1.02479067e+03,-1.64306000e+02,3.74906770e+02,-3.18014099e+02,-3.14623574e+02,4.72105780e+02,3.83563888e+02,-2.99179726e+02,1.72358786e+02,-2.13893147e+02,3.03349248e+02,3.51873038e+01,1.32058470e+02,-7.54587410e+02,-4.22751959e+02,-6.91419700e+01,1.60449383e+00,-3.38955590e+02,9.26191137e+02,-1.89909390e+02,-2.90406343e+02,3.25883033e+02,-4.15273671e+02,-2.84672296e+02,2.67126640e+02,9.50285761e+01,1.14586616e+02,1.06046133e+02,-9.65002951e+01,1.66429996e+02,5.06010216e+02,-2.55725735e+02,1.51548034e+02,7.90340341e+02,2.89030078e+02,-7.50267971e+01,-1.66715686e+02,1.33841713e+03,-1.53683556e+02,3.08412810e+02,1.91399615e+02,2.96385322e+02,7.72545715e+02,4.30856737e+02,-2.61262903e+01,1.96782539e+02,4.10201740e+02,3.37737677e+02,-4.85739410e+02,8.12630633e+02,-7.25616488e+02,-1.50486284e+02,4.98172692e+02,7.61719570e+01,5.74167830e+01,2.71122335e+02,2.09557217e+02,3.11199988e+02,-5.53040422e+02,4.21922552e+01,-2.36367088e+02,-9.23532644e+01,-2.89879940e+01,-7.78339703e+01,-4.87183810e+01,7.12767483e+02,-7.36593363e+01,-2.41241527e+02,-2.03094342e+01,1.01409626e+02,-5.12127455e+02,-3.92375791e+02,-3.15625475e+02,-5.46548568e+02,-1.42507882e+02,-3.59971908e+02,1.69227766e+02,-8.19908331e+00,-9.36221591e+01,-7.42289943e+01,5.58292031e+01,-1.70978256e+02,5.81574016e+02,-7.15692698e+02,-1.39519882e+02,-1.36107076e+02,1.46628567e+02,1.60864343e+02,-4.02364555e+02,-1.54671288e+02,3.64823726e+02,-1.93412066e+02,1.36891259e+02,3.20992954e+02,-3.48245211e+01,9.82001700e+02,-1.73874733e+02,-2.79413752e+02,5.52779448e+01,-1.97995901e+02,4.62945720e+02,-3.15866859e+02,7.36843317e+01,5.40488534e+02,-1.15387017e+02,1.04378981e+03,1.11605777e+03,-5.71612742e+02,5.03534684e+02,1.46963568e+02,-4.66238890e+02,1.51567543e+02,3.17246701e+02,3.33930508e+02,2.20120118e+01,1.02254171e+02,6.21173530e+02,-1.99438363e+02,1.40040353e+02,6.61458207e+02,-3.25672006e+02,-1.33979828e+02,4.54080136e+02,2.34487571e+02,6.60846219e+02,2.26923251e+02,6.07951111e+01,2.27504405e+02,3.38880487e+02,-4.23197223e+02,3.10989881e+01,1.62545655e+02,1.06817743e+02,1.90964806e+02,-5.10705385e+02,2.95391033e+02,-3.85634023e+02,-2.73700401e+02,1.52333566e+02,-1.21194228e+02,4.75439295e+02,-2.06105502e+02,2.51276661e+02,2.80311662e+02,6.90265334e+02,4.82025650e+02,4.14879541e+02,-7.44319536e+01,-5.94764635e+01,-2.75241677e+02,6.66892033e+02,6.83954006e+02,3.25740786e+02,-2.01488864e+02,4.36035734e+02,-7.51963083e+01,1.83203657e+02,5.43383695e+02,4.84848617e+00,-6.86460659e+01,-2.11779604e+02,-4.64729904e+02,8.40620074e+02,3.94182470e+02,-4.87629210e+02,-1.35557765e+02,2.42297542e+02,-9.25752798e+01,5.42675167e+02,1.05475636e+02,6.90520780e+02,2.69156052e+02,-2.43463891e+02,2.11580623e+02,-3.70497037e+01,-2.73798817e+02,1.43888267e+02,1.59743000e+02,7.88030262e+02,6.93059353e+02,4.57449800e+02,6.02626303e+02,6.28150024e+01,-2.36730090e+02,1.33825105e+02,-2.88953867e+02,-4.42561317e+02,-5.03035223e+02,-2.37723247e+02,-9.35771196e+02,-2.70676005e+02,-7.43385406e+02,1.86126806e+02,-4.00387728e+02,3.57549532e+02,-8.31962599e+02,-2.78228350e+02,4.24529234e+02,1.94149717e+02,-7.48261063e+02,5.35563032e+02,-2.11518333e+02,4.54076692e+02,-2.23731004e+02,-6.85855370e+02,1.07582780e+02,-5.54333118e+02,-1.14742438e+02,1.23329378e+00,3.69112721e+02,1.08469801e+03,-3.93099698e+02,-3.02837962e+02,-3.12589968e+00,-1.21887021e+02,-7.02547020e+02,-4.83050914e+02,4.28759778e+02,-2.18245569e+02,1.46759328e+02,-4.22564028e+02,-1.29610088e+02,-3.47349629e+02,4.61958002e+02,1.30950412e+02,-1.94525387e+02,-1.18185736e+02,8.92067313e+01,-7.42342768e+01,3.77978744e+02,-2.17468099e+02,4.68983661e+01,2.97871477e+02,1.50366544e+02,-1.54364028e+02,1.34027802e+03,4.72372118e+02,3.15037622e+01,8.83471043e+01,-5.35802688e+02,2.67603488e+02,-6.49874535e+02,-2.23803517e+02,-4.78029876e+02,-1.64535517e+02,4.80454495e+02,-4.89382805e+02,1.60595368e+02,-2.42973118e+01,2.70015146e+01,-3.21177404e+02,-3.84987071e+02,-4.17016599e+00,-3.67346276e+02,-1.92070206e+02,-3.55495639e+02,-8.87679750e+01,-3.10043376e+02,-4.45015399e+02,1.96306083e+02,-1.48946792e+02,1.82838317e+02,8.79126852e+01,-6.36922352e+02,-4.72935277e+02,-3.46042089e+02,3.09140402e+02,-9.55146850e+00,-5.48295211e+02,5.03152056e+02,-3.45470507e+02,4.75117712e+02,-2.61456546e+02,-4.22226505e+02,2.28693861e+02,-5.88455603e+02,-3.35598386e+02,5.50822608e+02,1.57329444e+02,-3.52120988e+02,4.56935445e+02,-1.49077571e+02,-3.27652000e+02,-2.66475756e+02,-4.21098385e+02,2.04981914e+02,-7.83823289e+02,-7.20182894e+02,-8.25117161e+01,-2.59093955e+02,-4.78411076e+02,6.24773862e+02,1.14354859e+03,-2.83519516e+02,-2.67337396e+01,-5.47165058e+02,5.69770995e+02,1.62389265e+02,-1.71810469e+02,-3.31963198e+02,1.45190353e+02,-5.26374710e+02,-1.73412182e+02,-7.68664614e+02,3.04339566e+02,1.12696200e+02,2.69462684e+00,-6.00097412e+01,-2.99935408e+02,-7.73413078e+01,1.10849628e+03,-1.63559814e+02,-4.01684371e+02,-5.86531828e+02,1.13544627e+02,-3.11623973e+02,7.79987346e+01,2.54878200e+02,5.71120296e+01,2.46178358e+02,1.06517079e+02,5.14923459e+02,2.64034493e+02,-2.93698526e+02,3.69091584e+02,3.00280728e+02,9.69950772e+01,3.85870489e+02,-2.14265834e+02,6.29831706e+02,1.61363871e+02,-2.62528273e+02,-5.12814986e+01,-1.64976895e+02,2.05014326e+02,-2.27567952e+02,-2.83098339e+01,-9.59563964e+01,7.16431370e+02,4.65495912e+02,-5.83794941e+02,-3.77915754e+01,-4.66001792e+02,-1.49735693e+02,-1.96829984e+02,6.63746967e+01,-1.25951459e+01,-2.26047690e+02,1.09854331e+02,-6.20280529e+01,-9.13516311e+01,7.50247416e+02,1.55824815e+02,-7.01091739e+02,-3.81420252e+02,7.99377348e+02,2.37244820e+02,-7.34658872e+01,9.23160837e+02,-1.59793416e+02,-9.59752135e+01,-5.21993607e+01,1.18683752e+02,2.47564534e+02,3.46264453e+01,2.33008108e+02,-1.34419699e+02,-2.72293966e+02,-3.73921728e+02,-4.16955984e+02,3.86986377e+02,1.09862841e+02,3.28452599e+02,1.20793862e+02,7.66793293e+02,1.52733336e+02,-7.06594108e+02,-2.96488313e+02,8.42365235e+01,-2.40675046e+02,5.38405449e+02,-1.12309278e+02,1.58996192e+02,4.33272171e+02,-6.38342482e+02,1.28677602e+03,1.67269360e+02,2.04566478e+02,3.04474261e+02,7.07028653e+01,-5.89981600e+00,3.11738745e+02,-3.08550960e+02,7.09399143e+02,6.11972025e+02,-3.58983830e+02,1.31626484e+02,6.03131381e+02,-1.87207933e+02,1.37927986e+02,3.67535875e+02,3.68880916e+02,-6.79187195e+02,-1.18181767e+02,-3.02590244e+02,-3.00720696e+01,-3.74087624e+01,-1.94503359e+01,-1.40154839e+02,-2.56408531e+02,7.36531133e+01,8.72988687e+01,4.63203438e+02,-3.66202313e+02,3.36547358e+02,3.89448396e+02,-1.43736050e+02,7.64442755e+02,-5.90412910e+02,-9.11129536e+02,-5.70374837e+01,-7.31171051e+01,-4.22036537e-01,6.81291621e+02,-6.21544882e+01,3.51560364e+02,4.18925295e+02,3.27496361e+02,-8.96579527e+01,5.45285619e+02,-1.37428355e+02,-2.82867918e+02,-3.99190068e+02,4.80521919e+01,3.33373739e+02,-4.29564995e+01,3.30127298e+02,-2.40227348e+01,5.50156673e+02,1.72339748e+02,7.54903066e+01,-4.51920160e+01,2.92367761e+02,3.25970326e+02,1.70888481e+02,-6.93587813e+00,-4.63929801e+02,2.59906008e+02,1.71298573e+02,3.19104794e+02,2.68427825e+02,3.04200613e+02,-5.09485955e+01,2.37014352e+02,-2.12045427e+02,-1.08581288e+01,-4.79913431e+02,-2.68783713e+02,3.39713751e+02,-7.82330699e+02,2.52752165e+02,1.46653618e+02,7.16073157e+02,-2.21298486e+02,2.64659452e+02,-9.88764460e+01,-4.17227998e+02,-6.19384847e+02,-7.20778436e+01,-7.61153274e+02,1.36290699e+02,-1.79647241e+02,2.58520100e+02,1.76150697e+02,-2.23377258e+02,-2.19122749e+02,3.34209908e+02,-5.17512261e+02,-1.06307503e+02,-1.78408879e+02,2.04813281e+02,-4.19774572e+01,4.85185389e+01,-1.85324279e+02,4.89983263e+02,-4.13930958e+02,8.43755424e+01,5.20545916e+02,-2.97653906e+02,1.69451443e+01,-2.94618230e+01,-5.92463932e+02,-3.98767022e+02,-6.77056655e+01,2.28989129e+02,2.76560651e+02,4.22634024e+01,-7.08394018e+01,1.90223766e+02,-3.88415228e+02,-4.29899451e-01,-4.35631939e+02,-2.34819180e+02,4.06816285e+02,-2.53855289e+02,5.55971703e+02,-1.84595075e+02,3.03767134e+02,2.20999770e+02,-5.36500778e+02,-2.45680316e+02,7.17926341e+01,-3.43592525e+02,-3.04137669e+02,-7.46852416e+02,-4.81382340e+02,-4.51209248e+02,-3.72398405e+02,2.00629677e+01,1.15958440e+02,1.10509674e+01,1.81635815e+02,-4.92626465e+02,1.26462167e+02,1.81924454e+02,-5.74101206e+02,-5.53628244e+02,-3.53846132e+02,-2.04655718e+02,1.67688016e+02,6.31991914e+00,-3.83856816e+02,3.05586613e+02,-1.72812661e+02,4.31257973e+02,-7.69483427e+02,5.20432024e+02,-3.30664166e+01,-3.19377245e+02,-2.26397926e+02,2.65013640e+01,3.68647899e+02,-6.50245477e+02,-1.21232853e+02,-1.76576828e+02,4.21276021e+02,7.22821348e+02,-8.38582025e+02,8.05658602e+02,3.91498741e+02,-6.43917820e+02,-3.03637798e+02,6.58853242e+02,5.19359651e+02,-1.57589547e+02,-3.18517633e+01,9.42134250e+01,6.13589127e+02,-4.58111569e+02,1.40648567e+02,-6.56965339e+01,2.61976296e+02,-6.38248979e+02,-6.40323611e+01,-2.89337130e+02,4.08546913e+02,3.67552169e+02,-7.40211225e+02,-4.27527274e+02,-1.95556893e+02,-3.36708275e+02,-1.26042538e+02,-1.98701920e+02,3.70401149e+02,3.59786990e+02,-5.08391014e+01,-3.97982060e+02,-7.20715220e+02,3.76096625e+02,-4.36747354e+02,-2.73375518e+02,4.21128906e+01,-2.98219306e+02,-3.59163347e+02,-2.25402546e+02,-3.68691650e+02,-2.31283253e+02,-4.41143382e+02,5.03326560e+02,5.57997131e+02,-3.01917894e+01,-2.05993335e+02,-1.31477916e+01,3.68951842e+02,-7.62290020e+02,-1.82648946e+02,4.29963250e+02,5.81302290e+02,-1.56965964e+02,9.99609331e+01,4.74706751e+02,1.35004365e+02,-5.39369302e+01,-3.82055418e+02,1.93868302e+02,-3.10169209e+02,-1.38163148e+02,-1.66981942e+02,-1.60863021e+02,1.71796865e+02,6.74528971e+02,4.75246312e+00,3.38062336e+01,-7.85857813e+02,-1.53064686e+02,-3.27296995e+02,3.95204716e+01,-3.64630914e+02,6.82724990e+02,7.05207501e+02,1.28342946e+02,-1.32277552e+02,1.24810627e+02,2.18601679e+02,-4.13402619e+02,-6.63228782e+01,1.24175775e+02,1.19516379e+02,4.90709589e+02,3.89444265e+02,-1.82210951e+02,2.44320715e+02,-8.38543385e+02,-3.76910167e+01,7.39004401e+02,8.51888961e+01,-7.89576855e+00,2.88464360e+02,-2.48617064e+02,8.01995792e+02,-1.09618503e+02,7.34477010e+02,3.21320759e+02,-3.34289430e+02,2.65826213e+02,-2.65249669e+02,-5.96472641e+02,-3.53961333e+01,-4.90126535e+02,-4.62957865e+02,-4.44323907e+01,2.81214187e+02,-5.10047386e+01,-2.90311781e+02,6.59025664e+01,-6.29257862e+02,-7.93779891e+01,-7.17754364e+02,4.52654613e+02,-1.27643906e+01,-4.45740758e+02,-1.65086829e+02,1.49111452e+02,-2.80559417e+02,-4.08797312e+02,7.83517246e+02,-1.95719858e+02,-3.83466560e+02,2.19858860e+02,-1.05887293e+02,4.46188797e+02,-1.70657948e+01,7.20468344e+01,8.86366198e+02,-1.53479769e+02,-3.05193818e+02,-3.30286077e+02,-4.60837661e+02,-2.86977341e+02,2.48177156e+02,1.85385109e+02,1.86558962e+02,6.49828067e+02,2.05283547e+01,1.47305238e+02,-5.75465454e+02,2.17753170e+01,-2.01090747e+02,-2.31512105e+02,1.14085104e+01,3.06513096e+02,3.33313895e+02,6.11462239e+00,8.10122691e+01,2.55971091e+02,3.23936728e+02,-2.07958351e+02,-1.13414891e+02,1.45898580e+01,-2.04251025e+02,-6.79525393e+01,-2.40977123e+02,6.59447612e+02,5.63720999e+02,-1.10366234e+02,1.07543432e+02,-2.14826573e+01,-2.10758041e+02,2.93540825e+02,-7.59338550e+01,3.39823117e+02,-4.67155286e+02,1.63127021e+02,-9.48689996e+01,-4.73289951e+02,-2.17526405e+02,2.36513703e+02,-7.50354888e+02,3.67876737e+02,4.28955085e+02,-6.36935566e+01,-4.37644597e+01,-2.70066390e+01,2.13987563e+02,-2.85200504e+02,3.16625679e+02,2.49420867e+02,-9.06646674e+02,-2.87847541e+02,1.97529624e+02,-8.17912205e+01,3.37919229e+02,-5.38436281e+02,-4.57250798e+00,-3.60312570e+02,-1.08086411e+03,6.54810138e+02,-5.20209083e+02,-5.04422587e+02,7.66431995e+01,1.11999874e+03,8.70163643e-01,-1.92304041e+02,-1.82861337e+01,-6.22544613e+01,-7.71892643e+02,-5.40052237e+02,6.81512068e+02,-4.60137190e+01,-3.43436222e+02,4.37970045e+02,-3.00880661e+02,3.45293580e+02,4.72481120e+02,-5.35771724e+02,-2.26736259e+02,-3.00750039e+02,-1.31376152e+02,-1.69833449e+02,-6.20605222e+01,1.19817996e+02,-2.93986478e+02,2.58907611e+02,5.20083454e+02,-1.37755311e+02,-1.55775655e+02,1.20674731e+02,4.99062878e+02,4.27032209e+02,3.41588337e+01,-1.73654993e+01,-4.95721402e+01,-4.45049841e+02,3.31068492e+02,-2.10725122e+02,1.74621023e+02,-1.35057038e+02,2.52157477e+02,1.53175555e+02,-6.90060764e+02,-2.41169325e+02,-6.88388327e+02,-2.85986733e+02,6.59372674e+01,-1.50632606e+02,2.61797088e+02,-2.51523979e+02,1.62437314e+01,9.11657859e+01,6.48847192e+02,3.27251790e+02,-2.39222023e+02,1.74404193e+01,9.89948207e+01,3.46739406e+02,-4.62718468e+00,4.43221220e+02,2.12952175e+02,7.77879347e+02,2.17737192e+01,5.95115038e+02,-2.27654849e+02,-3.36302286e+02,7.04436113e+01,6.81945600e+01,2.64138576e+02,-5.99357406e+01,-1.37859921e+02,2.25361039e+02,-4.00871531e+02,-4.53947873e+02,6.70790391e+02,-5.03218878e+01,-3.72695114e+02,-4.93998050e+00,-1.22997392e+02,3.08719789e+02,2.88424998e+02,-1.69623240e+02,9.05429478e+00,-2.35958760e+02,-2.85990770e+02,-2.49219350e+02,-8.35840698e+02,-2.77003620e+01,-5.63127600e+02,-4.81129577e+02,-3.42611413e+02,1.53696161e+02,-3.27871948e+02,1.92315965e+02,-4.94850091e+02,1.00393924e+01,-3.55861354e+02,6.47492025e+01,1.02765978e+02,2.55526153e+02,-1.71650624e+02,-1.30480551e+02,2.28815684e+02,5.25069368e+02,2.84704876e+02,6.67406640e+01,-5.96308580e+02,-1.21253194e+02,-2.67851112e+02,-5.29807838e+02,3.60382748e+02,-3.01116739e+02,-3.86682825e+01,-2.01977147e+02,-8.84605198e+02,4.37440144e+02,-1.46768758e+02,3.58648987e+02,-6.07147873e+02,5.72512400e+02,3.82969006e+01,-2.71163933e+02,4.10292758e+01,-2.01941780e+02,-5.94200491e+02,1.24349777e+02,2.48438529e+02,2.73001747e+01,-3.16179530e+02,-1.14782321e+02,1.43796214e+02,2.56870130e+02,5.59855398e+02,2.20335949e+02,-2.05573630e+02,7.74185203e+02,2.49475429e+02,3.42759236e+02,-1.46538078e+02,2.33921975e+02,1.53422737e+02,-5.37858197e+02,-1.64184406e+02,-3.44527450e+02,-2.75504181e+02,-9.14673272e+01,-1.51658768e+02,-3.27348798e+02,-9.91373722e+02,-2.65330087e+02,1.34098195e+02,8.92687567e+01,8.29947965e+01,4.30160603e+02,1.61269492e+02,2.79017426e+02,-3.70933768e+02,4.01932545e+02,-4.29044504e+02,-6.65032914e+02,1.69639853e+02,-3.52821733e+02,-3.65914737e+02,-1.37568945e+03,-1.03052303e+02,6.98358064e+02,4.05547090e+02,-8.79360352e+01,-1.05101602e+02,2.61111941e+02,5.94415119e+02,-3.51887513e+02,-8.49739136e+01,-2.78666539e+02,-3.11302669e+02,-2.96895574e+02,1.38589497e+02,6.23335498e+02,-5.75193112e+02,-4.63693107e+02,2.13804390e+01,-7.66774033e+01,-1.24887022e+02,-8.10334548e+02,4.95015012e+02,2.17587725e+02,7.87341243e+01,4.22556175e+02,-2.64776565e+02,2.59459233e+02,2.36559098e+02,4.71546148e+01,-4.22263943e+01,1.05805084e+02,-1.42270953e+02,4.10923703e+02,-3.79344498e+02,3.67598918e+02,8.25044444e+01,9.94414467e+01,2.03104830e+02,-7.50645378e+02,5.65930944e+01,-5.59951436e+02,-4.41095986e+02,-4.28368461e+02,-3.94271496e+02,1.02823074e+01,1.14699564e+02,4.20831570e+02,8.33424061e+01,1.20884938e+02,-6.19088399e+02,-2.19219114e+02,2.87454964e+02,1.04757995e+01,1.51861333e+01,-7.23783382e+01,3.18969048e+02,-7.95667930e+02,9.20095780e+01,2.04279088e+02,3.95623187e+02,3.39872651e+02,-4.95311344e+02,6.89513403e+01,3.79481696e+01,4.12878071e+01,1.79235238e+01,-1.69352863e+02,-2.77869837e+02,1.38370996e+02,5.43409525e+02,-7.47831674e+01,8.54425560e+01,1.54078543e+02,-2.18210347e+02,-2.15845750e+02,-1.01093044e+03,-3.35937676e+02,-4.46361208e+02,-6.50982303e+01,-5.55410758e+02,6.53895967e+02,-2.57542248e+02,-4.60441014e+02,-1.36262628e+03,5.72059281e+02,1.20273653e+02,-1.11219578e+01,-5.34917921e+02,9.14811344e+01,-1.50883998e+02,-2.83561193e+02,1.01269100e+02,2.78934722e+02,6.88840314e+01,-1.52675003e+02,-2.65687394e+01,8.25224237e+00,1.63743769e+02,-5.32826247e+02,6.10354225e+02,-3.64622252e+02,-2.35811099e+02,-3.69773287e+02,-8.49673141e+02,8.19237287e+01,-4.17252562e+02,-1.90648478e+02,2.95376063e+02,-2.11867275e+02,1.48134558e+00,-8.79691248e+01,-2.21747820e+02,1.49271534e+01,4.63262932e+02,-4.52313399e+02,8.06340483e+02,-1.73057843e+02,2.94656489e+02,-7.09821642e+01,1.30170794e+02,-1.01185616e+02,4.06425430e+02,5.45449921e+02,1.73297682e+02,4.76347561e+02,-3.36302591e+02,-2.87121763e+01,-1.98881845e+02,5.91351985e+02,5.00697186e+02,3.83187574e+02,-1.31412505e+02,-2.62798316e+02,2.32971733e+02,-2.24712312e+02,-1.19484699e+02,-6.28913240e+01,-2.29488890e+02,4.45397310e+02,-5.12019665e+01,3.42869612e+02,1.24256608e+02,1.47169878e+02,-2.96700092e+02,2.79113945e+02,-1.55986360e+02,-1.12744766e+02,-2.59720115e+01,-4.41111619e+02,6.66313783e+02,-2.45607845e+02,-3.38118325e+01,1.75325250e+02,1.49236053e+02,6.16559037e+02,-1.46764688e+02,6.66986354e+02,6.06884790e+02,-8.45174820e+02,7.49329324e+01,-1.76403754e+02,1.25670505e+02,7.35840879e+01,1.54629274e+02,5.25518760e+02,8.07735919e+02,-6.80943800e+02,6.65450445e+02,-8.05646420e+02,-6.71456680e+02,-1.08534081e+02,-8.19518743e+00,6.15049797e+02,3.33040259e+02,-1.55990577e+02,-8.04711778e+02,6.12384021e+02,-3.91558994e+02,-6.05549376e+00,-4.29461241e+01,1.08165192e+03,-2.45487277e+02,-9.15708451e+02,2.69626547e+02,-1.40884024e+03,9.74474897e+01,-3.11220602e+02,-1.57383348e+02,-2.36888626e+02,-5.09452042e+02,3.54422854e+02,-3.14284063e+02,-8.26694351e+01,-6.80360960e+02,-5.81526986e+01,-4.18904588e+02,-6.46556719e+02,-1.06159603e+03,8.70903504e+01,-2.81484645e+02,-4.43003254e+00,-1.17125776e+02,-6.89326259e+02,-5.50704925e+02,-4.60304884e+02,-4.64010263e+02,4.76337166e+02,8.02565393e+01,-4.15810319e+02,-1.58750380e+02,-1.95881423e+02,3.23951404e+02,-2.89737172e+02,-1.04273936e+02,-1.96414818e+02,-3.12771332e+02,-3.26719133e+02,3.33515149e+02,-1.50122194e+02,-7.91507812e+02,6.69518866e+02,4.07140825e+02,5.14838366e+01,-6.30501269e+02,-6.57235619e+02,9.46142492e+01,1.11830366e+01,-2.62002604e+02,-4.22266944e+02,3.06742993e+02,-6.85881631e+01,2.38418983e+02,4.27849770e+02,2.93620778e+02,3.04151292e+02,2.21188115e+02,-1.77876063e+02,-1.09210665e+02,-1.90081823e+02,-3.03358634e+02,-3.98311150e+02,-5.61805354e+02,-3.38753986e+02,-7.00970847e+01,-6.89452528e+02,-7.81959739e+01,2.83918770e+02,-6.26517605e+02,2.17773607e+02,1.90054883e+02,-6.11415073e+02,-4.93000066e+02,-1.37888205e+02,1.81705319e+02,-3.43427867e+02,6.09324949e+02,5.46904790e+02,-6.50589943e+02,4.35414754e+02,3.07230316e+02,6.61952126e+01,2.16387470e+02,-3.70298185e+02,-1.24649691e+02,4.91004755e+01,1.54667347e+02,3.91645480e+02,-4.41121076e+02,-4.02125945e+01,1.52221718e+02,-1.14885013e+01,-2.32884696e+02,1.70390121e+02,-2.30452501e+02,-1.74685539e+02,3.03214674e+01,-5.19844202e+02,2.98539758e+01,-1.98575552e+02,-1.10832660e+02,1.02499855e+01,-4.91265633e+02,4.90723584e+02,-2.31838296e+02,-1.12437932e+03,-7.33425704e+02,3.38131533e+02,-3.10574173e+02,-1.50742989e+02,-2.52497641e+02,-1.44627178e+02,-8.68758490e+02,-9.30203277e+01,-5.53961823e+02,-2.90095691e+02,2.21920288e+02,6.45607328e+02,-2.06164402e+00,-2.46329499e+01,5.06381145e+02,-4.40653010e+02,3.07611316e+02,7.86302943e+01,-3.63844499e+02,-1.59706284e+02,2.12818127e+02,1.60319863e+01,8.63453879e+01,9.88512335e+01,-2.04802463e+02,-2.40974152e+02,-4.55155687e+02,4.35091708e+02,-5.51263277e+02,-4.04497814e+02,8.43591721e+01,-7.74170539e+02,1.67882883e+02,5.42821611e+02,-4.34740311e+01,6.32280738e+01,-2.16533505e+02,-1.76817477e+02,8.97412716e+01,3.25190597e+02,-3.49257353e+02,2.64829967e+02,-9.46622818e+01,-3.03265545e+01,2.31410418e+02,1.63350614e+02,-7.87816256e+01,-2.41718948e+00,2.09303522e+02,2.41667697e+02,-6.20416182e+02,5.25531849e+01,4.66842678e+02,-8.38643644e+02,2.80993388e+02,-1.03135273e+03,-8.15497473e+01,-1.28185994e+02,-6.92811938e+01,-7.87633079e+01,-2.24770897e+02,-3.43754569e+01,1.41383820e+02,-2.09637118e+02,1.21426061e+02,7.51327312e+02,-5.53669425e+02,-2.30844621e+02,3.16604739e+02,2.12483350e+02,3.58622108e+02,1.43338845e+02,2.41863819e+02,-1.59717905e+02,-4.23440085e+02,-3.68257318e+02,-1.84092970e+02,8.95209134e+00,-3.62477189e+02,-1.31112509e+02,5.73290256e+01,2.01283906e+02,-8.58812530e+01,4.86757659e+02,-4.43254333e+02,-4.32970541e+01,-2.45759579e+01,2.42751214e+02,-3.51744685e+02,-2.21604528e+02,2.33464545e+02,4.29506053e+02,6.05804136e+02,3.02314857e+02,3.58129075e+02,-2.55998675e+02,5.38920633e+02,5.83840036e+02,-5.27946107e+01,3.37192024e+02,3.28619208e+02,-2.18522416e+02,1.75336976e+01,5.30098986e+02,-2.38453180e+02,-1.05152294e+02,-5.23943345e+02,2.30942408e+02,-6.68952541e+01,1.54313699e+02,8.12156274e+01,-3.60290247e+02,3.96156644e+02,3.51644644e+02,-2.06543357e+02,1.59356727e+02,-4.96042140e+02,-4.45868039e+02,2.03705665e+02,-5.96680895e+02,-2.34508878e+02,8.25044104e+01,6.99151167e+02,-2.09427038e+02,-8.99857613e+01,-1.29364526e+02,9.89273181e+02,1.24907111e+02,-3.74761459e+02,5.91739059e+02,5.43977691e+02,2.61651981e+02,6.32009403e+02,7.00766137e+02,-8.90456802e+01,-2.58162285e+02,-2.78877342e+02,2.32187980e+02,3.25466629e+02,-4.34833292e+01,-1.80156369e+02,-5.31074175e+02,-2.58258985e+02,-3.81796258e+02,2.55526394e+02,1.30121743e+02,5.40939364e+02,5.04285669e+01,-2.14710607e+02,-6.74202865e+01,3.45773075e+02,1.11444496e+02,4.41953645e+02,4.94360461e+02,-1.17920474e+02,-7.88082040e+01,-8.36536088e+02,4.59246546e+02,-4.39072344e+01,4.34302991e+02,-1.59430383e+02,-5.06357632e+02,1.70600202e+02,5.99036387e+02,-2.13102078e+02,5.88205538e+02,-6.22902012e+02,-1.94056043e+02,-6.74179186e+02,1.88856768e+02,9.66506447e+01,1.03515586e+01,-5.15386176e+02,7.54876748e+02,4.53907335e+02,6.86054915e+01,-3.97527037e+02,1.88033110e+02,-2.32455271e+02,-7.66974978e+01,-1.88833760e+02,1.78490567e+02,-8.81279448e+01,-1.75550231e+02,1.66331692e+02,2.26064348e+02,-7.34565975e+02,1.66238595e+02,5.75732181e+02,3.59940288e+02,-1.13417504e+02,2.86543622e+01,-3.09163925e+02,5.07526425e+02,1.49194682e+02,-5.66217351e+01,-5.84001839e+01,9.36503544e+02,3.03466610e+00,2.65671836e+02,6.22043097e+02,8.39119630e+02,5.48197425e+02,3.62807448e+02,-5.46619896e+02,-3.73140761e+02,2.97633172e+02,1.57320331e+01,2.76722603e+02,1.57119821e+02,5.05423084e+02,-6.66102277e+02,-4.20264402e+02,-5.66702620e+01,-7.42697110e+02,1.67751781e+02,3.40806841e+02,1.15815085e+02,-1.94392957e+02,2.02257762e+02,1.21802751e+03,2.25101916e+02,1.31509821e+02,-4.19735504e+02,-5.65611149e+02,-1.33698354e+02,2.67658945e+02,-4.60500536e+01,1.82249363e+02,3.01043637e+02,-5.13612194e+02,2.14891872e+02,4.43773855e+02,5.02373643e+02,-4.80775413e+01,1.09323827e+01,-7.92194350e+01,-4.32217008e+02,-5.72016358e+02,7.14892570e+02,-5.87496106e+01,-5.07917303e+02,1.95504455e+01,-1.98795005e+02,7.83130514e+02,-2.04441373e+02,-2.95717770e+02,2.68707923e+02,-1.26557188e+02,3.73578964e+02,-4.58879355e+01,8.61325978e+02,4.31617110e+02,-7.27952843e+00,-3.10615655e+02,2.14930444e+02,-4.75954416e+02,-9.77161195e+01,5.22682109e+02,-2.40344397e+02,-4.03490720e+02,-1.89869009e+02,4.44081659e+02,1.24723895e+02,-7.11977137e+02,2.64539879e+02,1.28065389e+02,6.07077201e+01,-4.37127331e+02,1.66965130e+01,3.01211763e+02,4.37670574e+02,5.49860446e+02,2.26347495e+02,3.60735493e+01,-4.36429821e+02,-4.08503657e+02,-6.35835977e+02,-8.12834115e+01,2.71764144e+02,-2.09713046e+01,4.57835183e+02,-2.72873751e+02,1.55232400e+02,-1.05882664e+02,-2.55784904e+02,5.08922843e+02,6.50005004e+01,5.27729422e+02,2.82198171e+01,2.12223481e+02,-1.68555512e+02,5.36850925e+02,-1.05871956e+02,-3.18135992e+00,-6.70333699e+02,-9.17585149e+01,6.24066815e+02,5.70822050e+02,2.25941590e+02,-1.29136790e+02,3.22584067e+01,-1.53145807e+02,-5.29669438e+01,7.72183978e+02,1.52038934e+01,-2.06074136e+02,-9.46469747e+02,-4.61689454e+02,-3.23214920e+02,-5.75323867e+02,-4.83530567e+02,-6.09622465e+02,-3.98560147e+02,-3.22857049e+02,-4.11863870e+02,4.08179390e+02,-2.15406536e+02,-8.28417805e+02,3.44586079e+02,-2.49898606e+02,-7.04330530e+02,8.33148951e+02,-2.06742058e+02,1.68209810e+02,3.50128143e+02,1.15386324e+01,2.22445633e+02,7.90934313e+00,-1.27389006e+01,-1.17874643e+02,-6.24420176e+02,9.18260535e+01,-1.11636505e+03,5.62926420e+02,-3.75001540e+02,-1.18781572e+02,-1.51899755e+02,9.38821792e+01,-1.60164428e+02,2.46104834e+02,-4.62237430e+02,3.26144316e+02,3.38720743e+02,1.30663209e+02,8.48747486e+01,1.71989590e+02,6.48783425e+01,2.59617739e+02,-8.26667221e+01,-5.41275672e+02,8.51847468e+01,-2.01552138e+02,-4.01010197e+01,4.30390067e+02,-6.97213784e+02,1.01421639e+01,1.26575543e+01,7.34602317e+01,2.85319135e+02,-1.17905566e+02,7.20205733e+02,4.12904709e+02,-1.50075164e+02,-8.99218193e+01,1.76425364e+01,6.69432206e+02,-4.76426573e+02,-8.94471668e+02,2.48986143e+02,-1.04671161e+02,-1.10190304e+02,1.45916199e+02,6.73599393e+02,4.09100317e+02,-1.51636042e+02,-4.34123620e+02,-5.26745185e+01,2.52784071e+02,-1.14545740e+02,-6.39551059e+02,-2.62544067e+01,-8.00396631e+02,-4.19097021e+02,6.87205901e+02,-4.42043769e+02,-5.75312867e+02,-4.48704721e+02,-3.05164005e+02,2.89317162e+02,7.11527548e+02,-4.51630161e+01,2.35759366e+02,-1.55954755e+02,-5.99465723e+02,4.03883268e+02,-3.94541644e+02,2.43035813e+02,3.11401011e+02,-6.77396890e+01,3.55185677e+02,3.75921566e+02,9.29440636e+02,-1.27715882e+02,-3.99002726e+02,-5.49415164e+02,-1.31054758e+02,-2.29133282e+02,8.71946449e+02,-3.81613200e+02,8.69759636e+01,6.20934992e+01,-2.23433694e+02,-7.02306203e+02,-5.59217694e+01,8.43115688e+02,9.69691034e+01,6.07963917e+01,-4.63079102e+02,-5.19974879e+02,-8.57774454e+01,4.15188561e+02,-1.95207154e+02,9.16261855e+02,-3.79902140e+02,1.47963785e+02,-1.75358425e+02,-5.87558749e+02,2.73957967e+01,-4.40182547e+02,-6.41694230e+02,7.30316689e+01,1.91620142e+01,4.45468708e+02,1.83326209e+02,-2.91884736e+02,1.95270637e+02,-7.14180380e+02,-4.53772586e+02,7.81939504e+02,1.10121433e+02,-1.17930761e+02,-2.77167259e+02,-4.01690708e+01,-6.76763924e+01,7.37416305e+02,3.54033356e+02,-1.24900066e+02,-5.71903622e+01,-3.46890749e+02,-1.74580746e+02,-5.78191979e+02,4.15915032e+02,6.51580100e+01,1.16552357e+02,1.32183894e+02,-4.94799607e+01,-1.58899921e+02,-2.67204906e+00,-9.18019824e+02,-1.63177853e+02,-7.04753158e+01,-7.79390494e+01,4.70442947e+02,5.45503929e+02,1.38567418e+02,-8.25475407e+02,5.50858422e+02,-1.73252523e+02,-3.32821157e+02,-7.54058339e+02,-2.81223551e+02,5.10722118e+02,2.39270375e+02,6.53534733e+01,2.66561798e+02,-5.01440329e+02,-3.84655965e+02,4.79171251e+02,3.30198128e+02,4.44053917e+02,-1.17767767e-01,6.14053873e+01,4.76867705e+02,8.54319776e+02,-2.10542581e+02,3.28289779e+02,-1.49500191e+02,-3.64495025e+02,-2.96670822e+02,-2.65871304e+02,-1.28741138e+02,-4.39730173e+02,-2.00796304e+02,-1.20165841e+03,2.93198756e+02,1.69780905e+02,-3.17068627e+01,-3.58502103e+02,-1.94258813e+02,-4.64433265e+02,1.01386470e+02,7.10737172e+02,-1.76528528e+02,-1.43145063e+02,1.88383879e+02,-4.19438136e+02,7.49562290e+02,1.43769406e+02,1.55006970e+02,4.46388817e+02,1.25120828e+01,4.84361136e+02,1.43058175e+02,-7.28540227e+01,8.11183151e+01,-2.40439863e+01,5.98101757e+02,7.95183157e+01,1.30856135e+02,-7.87824438e+01,1.15273458e+02,-7.99455487e+02,-3.23190266e+02,-3.98176492e+02,4.43005593e+02,-2.53371061e+02,-5.53779071e+02,5.09824488e+02,-1.04725984e+02,3.76964754e+02,-7.91080882e+02,2.13628500e+02,6.50286391e+01,5.03234111e+01,-7.56459522e+01,-5.67745678e+01,4.27168546e+02,-4.73688608e-01,-4.28260351e+02,-1.39766232e+02,2.17374605e+02,-1.00945967e+03,-8.01540410e+02,1.15150984e+01,9.81704462e+01,-3.78062506e+02,-3.72048535e+01,9.34970472e+02,2.84496411e+02,-4.83707441e+02,8.09621591e+01,-7.74533295e+01,9.15583657e+01,-2.97343059e+02,1.61476783e+02,2.44135397e+02,-5.81177734e+01,9.72457893e+02,-8.96880626e+01,-2.78869647e+02,1.69743527e+02,3.57136878e+02,-3.07590977e+02,-2.56994658e+01,8.30569690e+02,-2.03160432e+01,5.08035883e+02,1.25747834e+02,-8.20512554e+01,-2.24722911e+02,4.90796382e+02,-4.77646317e+02,-1.83572044e+01,-1.31919887e+02,-3.66196866e+02,1.44584422e+02,2.07524326e+02,7.51402579e+01,-1.49533613e+01,-3.35391278e+02,1.58093560e+02,-1.51388643e+01,-2.15288880e+02,-1.87010685e+02,1.70200086e+02,-4.44316257e+01,-3.17841121e+02,-9.24266225e+02,7.80249365e+01,2.01136092e+02,-4.06413568e+02,-1.94566995e+02,7.14545011e+02,6.49802186e+01,3.07596477e+02,5.79050935e+01,3.21098463e+02,4.49252453e+01,-3.41119232e+02,-3.56070183e+01,7.13551646e+01,2.41632695e+02,6.94293578e+02,4.25285345e+02,2.01998438e+01,1.48472817e+02,5.23113561e+02,2.27457403e+02,-6.26927838e+02,-2.33034357e+02,1.17014826e+02,7.39504755e+01,2.27431839e+02,-4.54876460e+02,1.07555643e+02,3.50133684e+02,4.26127505e+02,-3.87305347e+02,-4.21930390e+01,-2.01090445e+01,-1.19886031e+02,-2.84313260e+02,-1.69439537e+02,-3.05259136e+01,7.09687941e+01,3.58492664e+02,-2.69257720e+02,6.93174750e+02,3.09538388e+02,2.20814400e+02,2.89614715e+02,2.61522196e+02,2.84916266e+02,4.68173599e+02,-3.85049950e+02,5.47896347e+02,-9.65445094e+02,2.69126391e+02,-9.40146646e+02,7.28317341e+02,6.33178459e+02,-9.92535933e+01,-4.26260116e+02,-3.65580433e+02,-4.98551180e+02,-5.37194044e+02,4.99153592e+02,3.71297384e+02,2.09994077e+02,2.72828747e+02,3.53289748e+02,-3.33619078e+02,-1.72455502e+02,4.96271996e+02,-1.08480801e+02,4.57349778e+02,6.33599910e+02,-3.69223415e+01,-6.25060825e+02,1.42382169e+01,-1.02896929e+01,-8.53740079e+01,7.21900306e+00,-5.80747364e+02,-1.56501181e+02,5.41426204e+01,7.92758919e+01,4.19394526e+02,-3.45966104e+02,5.28595566e+02,-3.49816766e+02,1.94181974e+02,3.38714119e+02]
