dh_co_111	dh_o_111	dh_co_100	dh_o_100	dh_co_110	dh_o_110	dh_co_211	dh_o_211
1.21	8.71	-9.41	-3.4	-0.66	3.71	9.18	4.96
-8.79	-1.29	0.59	6.6	9.34	-6.29	-0.82	-5.04
-3.79	3.71	5.59	-8.4	4.34	8.71	-5.82	9.96
6.21	-6.29	-4.41	1.6	-5.66	-1.29	4.18	-0.04
7.46	7.46	9.34	5.35	-9.41	-0.04	5.43	8.71
-2.54	-2.54	-0.66	-4.65	0.59	9.96	-4.57	-1.29
-7.54	2.46	-5.66	0.35	5.59	-5.04	-9.57	3.71
2.46	-7.54	4.34	-9.65	-4.41	4.96	0.43	-6.29
4.96	4.96	-3.16	7.85	8.09	2.46	7.93	-3.79
-5.04	-5.04	6.84	-2.15	-1.91	-7.54	-2.07	6.21
-0.04	9.96	1.84	2.85	-6.91	7.46	-7.07	-8.79
9.96	-0.04	-8.16	-7.15	3.09	-2.54	2.93	1.21
9.94	4.98	2.75	6.97	-7.91	1.23	-4.36	1.5
-0.06	-5.02	-7.25	-3.03	2.09	-8.77	5.64	-8.5
-5.06	9.98	-2.25	1.97	7.09	6.23	0.64	6.5
4.94	-0.02	7.75	-8.03	-2.91	-3.77	-9.36	-3.5
2.44	7.48	-9.75	9.47	9.59	-1.27	-1.86	-6.0
-7.56	-2.52	0.25	-0.53	-0.41	8.73	8.14	4.0
-2.56	2.48	5.25	4.47	-5.41	-6.27	3.14	-1.0
7.44	-7.52	-4.75	-5.53	4.59	3.73	-6.86	9.0
6.19	8.73	9.0	-1.78	0.84	4.98	-3.11	-2.25
-3.81	-1.27	-1.0	8.22	-9.16	-5.02	6.89	7.75
-8.81	3.73	-6.0	-6.78	-4.16	9.98	1.89	-7.25
1.19	-6.27	4.0	3.22	5.84	-0.02	-8.11	2.75
3.69	1.23	-3.5	-4.28	-1.66	-2.52	-0.61	5.25
-6.31	-8.77	6.5	5.72	8.34	7.48	9.39	-4.75
-1.31	6.23	1.5	-9.28	3.34	-7.52	4.39	0.25
8.69	-3.77	-8.5	0.72	-6.66	2.48	-5.61	-9.75
8.07	5.61	-0.37	3.85	-3.54	6.86	5.02	-4.12
-1.93	-4.39	9.63	-6.15	6.46	-3.14	-4.98	5.88
-6.93	0.61	4.63	8.85	1.46	1.86	-9.98	-9.12
3.07	-9.39	-5.37	-1.15	-8.54	-8.14	0.02	0.88
0.57	3.11	7.13	1.35	3.96	-5.64	7.52	8.38
-9.43	-6.89	-2.87	-8.65	-6.04	4.36	-2.48	-1.62
-4.43	8.11	-7.87	6.35	-1.04	-0.64	-7.48	3.38
5.57	-1.89	2.13	-3.65	8.96	9.36	2.52	-6.62
6.82	1.86	-6.62	-9.9	5.21	8.11	6.27	4.63
-3.18	-8.14	3.38	0.1	-4.79	-1.89	-3.73	-5.37
-8.18	6.86	8.38	-4.9	-9.79	3.11	-8.73	9.63
1.82	-3.14	-1.62	5.1	0.21	-6.89	1.27	-0.37
4.32	9.36	0.88	-7.4	-7.29	-9.39	8.77	-7.87
-5.68	-0.64	-9.12	2.6	2.71	0.61	-1.23	2.13
-0.68	4.36	-4.12	-2.4	7.71	-4.39	-6.23	-2.87
9.32	-5.64	5.88	7.6	-2.29	5.61	3.77	7.13
9.0	9.67	-5.06	-3.96	3.65	-6.58	-9.04	-5.06
-1.0	-0.33	4.94	6.04	-6.35	3.42	0.96	4.94
-6.0	4.67	9.94	-8.96	-1.35	-1.58	5.96	-0.06
4.0	-5.33	-0.06	1.04	8.65	8.42	-4.04	9.94
1.5	2.17	2.44	-1.46	-3.85	5.92	-6.54	2.44
-8.5	-7.83	-7.56	8.54	6.15	-4.08	3.46	-7.56
-3.5	7.17	-2.56	-6.46	1.15	0.92	8.46	7.44
6.5	-2.83	7.44	3.54	-8.85	-9.08	-1.54	-2.56
5.25	3.42	-1.31	9.79	-5.1	-7.83	-7.79	6.19
-4.75	-6.58	8.69	-0.21	4.9	2.17	2.21	-3.81
-9.75	8.42	3.69	4.79	9.9	-2.83	7.21	1.19
0.25	-1.58	-6.31	-5.21	-0.1	7.17	-2.79	-8.81
2.75	5.92	6.19	7.29	7.4	9.67	-5.29	-1.31
-7.25	-4.08	-3.81	-2.71	-2.6	-0.33	4.71	8.69
-2.25	0.92	-8.81	2.29	-7.6	4.67	9.71	-6.31
7.75	-9.08	1.19	-7.71	2.4	-5.33	-0.29	3.69
8.38	0.29	8.07	-7.09	8.03	-0.96	0.33	8.07
-1.62	-9.71	-1.93	2.91	-1.97	9.04	-9.67	-1.93
-6.62	5.29	-6.93	-2.09	-6.97	-5.96	-4.67	3.07
3.38	-4.71	3.07	7.91	3.03	4.04	5.33	-6.93
0.88	7.79	-4.43	-9.59	-9.47	1.54	2.83	-4.43
-9.12	-2.21	5.57	0.41	0.53	-8.46	-7.17	5.57
-4.12	2.79	0.57	-4.59	5.53	6.54	-2.17	-9.43
5.88	-7.21	-9.43	5.41	-4.47	-3.46	7.83	0.57
7.13	6.54	4.32	1.66	-0.72	-4.71	1.58	-8.18
-2.87	-3.46	-5.68	-8.34	9.28	5.29	-8.42	1.82
-7.87	1.54	-0.68	6.66	4.28	-9.71	-3.42	-3.18
2.13	-8.46	9.32	-3.34	-5.72	0.29	6.58	6.82
4.63	4.04	-8.18	4.16	1.78	2.79	4.08	4.32
-5.37	-5.96	1.82	-5.84	-8.22	-7.21	-5.92	-5.68
-0.37	9.04	6.82	9.16	-3.22	7.79	-0.92	9.32
9.63	-0.96	-3.18	-0.84	6.78	-2.21	9.08	-0.68
9.47	7.01	6.35	-8.18	-6.5	-3.61	-6.39	-7.4
-0.53	-2.99	-3.65	1.82	3.5	6.39	3.61	2.6
-5.53	2.01	-8.65	-3.18	8.5	-8.61	8.61	-2.4
4.47	-7.99	1.35	6.82	-1.5	1.39	-1.39	7.6
1.97	4.51	-1.15	-5.68	6.0	3.89	-8.89	0.1
-8.03	-5.49	8.85	4.32	-4.0	-6.11	1.11	-9.9
-3.03	9.51	3.85	-0.68	-9.0	8.89	6.11	5.1
6.97	-0.49	-6.15	9.32	1.0	-1.11	-3.89	-4.9
5.72	0.76	0.1	3.07	4.75	-2.36	-5.14	6.35
-4.28	-9.24	-9.9	-6.93	-5.25	7.64	4.86	-3.65
-9.28	5.76	-4.9	8.07	-0.25	-7.36	9.86	1.35
0.72	-4.24	5.1	-1.93	9.75	2.64	-0.14	-8.65
3.22	8.26	-7.4	0.57	-2.75	0.14	-7.64	-1.15
-6.78	-1.74	2.6	-9.43	7.25	-9.86	2.36	8.85
-1.78	3.26	7.6	5.57	2.25	5.14	7.36	-6.15
8.22	-6.74	-2.4	-4.43	-7.75	-4.86	-2.64	3.85
7.6	2.64	-9.28	-0.06	-2.13	-9.24	2.99	9.47
-2.4	-7.36	0.72	9.94	7.87	0.76	-7.01	-0.53
-7.4	7.64	5.72	-5.06	2.87	-4.24	-2.01	4.47
2.6	-2.36	-4.28	4.94	-7.13	5.76	7.99	-5.53
0.1	5.14	3.22	-2.56	0.37	8.26	0.49	-3.03
-9.9	-4.86	-6.78	7.44	-9.63	-1.74	-9.51	6.97
-4.9	0.14	-1.78	-7.56	-4.63	3.26	-4.51	-8.03
5.1	-9.86	8.22	2.44	5.37	-6.74	5.49	1.97
6.35	8.89	-3.03	6.19	9.12	-5.49	4.24	-9.28
-3.65	-1.11	6.97	-3.81	-0.88	4.51	-5.76	0.72
-8.65	3.89	1.97	1.19	-5.88	-0.49	-0.76	-4.28
1.35	-6.11	-8.03	-8.81	4.12	9.51	9.24	5.72
3.85	1.39	9.47	8.69	-8.38	7.01	1.74	3.22
-6.15	-8.61	-0.53	-1.31	1.62	-2.99	-8.26	-6.78
-1.15	6.39	-5.53	3.69	6.62	2.01	-3.26	8.22
8.85	-3.61	4.47	-6.31	-3.38	-7.99	6.74	-1.78
9.16	2.32	-3.96	0.25	1.93	9.2	-1.7	1.04
-0.84	-7.68	6.04	-9.75	-8.07	-0.8	8.3	-8.96
-5.84	7.32	1.04	5.25	-3.07	4.2	3.3	6.04
4.16	-2.68	-8.96	-4.75	6.93	-5.8	-6.7	-3.96
1.66	9.82	8.54	2.75	-0.57	-8.3	-4.2	-6.46
-8.34	-0.18	-1.46	-7.25	9.43	1.7	5.8	3.54
-3.34	4.82	-6.46	7.75	4.43	-3.3	0.8	-1.46
6.66	-5.18	3.54	-2.25	-5.57	6.7	-9.2	8.54
5.41	6.07	-7.71	-6.0	-9.32	5.45	-0.45	-0.21
-4.59	-3.93	2.29	4.0	0.68	-4.55	9.55	9.79
-9.59	1.07	7.29	-1.0	5.68	0.45	4.55	-5.21
0.41	-8.93	-2.71	9.0	-4.32	-9.55	-5.45	4.79
2.91	3.57	4.79	-8.5	8.18	-7.05	-2.95	7.29
-7.09	-6.43	-5.21	1.5	-1.82	2.95	7.05	-2.71
-2.09	8.57	-0.21	-3.5	-6.82	-2.05	2.05	2.29
7.91	-1.43	9.79	6.5	3.18	7.95	-7.95	-7.71
8.54	7.95	1.66	8.38	6.31	3.57	7.68	-3.34
-1.46	-2.05	-8.34	-1.62	-3.69	-6.43	-2.32	6.66
-6.46	2.95	-3.34	3.38	-8.69	8.57	-7.32	-8.34
3.54	-7.05	6.66	-6.62	1.31	-1.43	2.68	1.66
1.04	0.45	-5.84	5.88	-6.19	-3.93	5.18	9.16
-8.96	-9.55	4.16	-4.12	3.81	6.07	-4.82	-0.84
-3.96	5.45	9.16	0.88	8.81	-8.93	-9.82	4.16
6.04	-4.55	-0.84	-9.12	-1.19	1.07	0.18	-5.84
7.29	4.2	5.41	-2.87	-4.94	2.32	8.93	2.91
-2.71	-5.8	-4.59	7.13	5.06	-7.68	-1.07	-7.09
-7.71	9.2	-9.59	-7.87	0.06	7.32	-6.07	7.91
2.29	-0.8	0.41	2.13	-9.94	-2.68	3.93	-2.09
4.79	6.7	-2.09	-0.37	2.56	-0.18	6.43	-9.59
-5.21	-3.3	7.91	9.63	-7.44	9.82	-3.57	0.41
-0.21	1.7	2.91	-5.37	-2.44	-5.18	-8.57	-4.59
9.79	-8.3	-7.09	4.63	7.56	4.82	1.43	5.41
9.71	8.34	-1.7	-6.86	-1.43	7.87	-5.06	8.61
-0.29	-1.66	8.3	3.14	8.57	-2.13	4.94	-1.39
-5.29	3.34	3.3	-1.86	3.57	2.87	9.94	3.61
4.71	-6.66	-6.7	8.14	-6.43	-7.13	-0.06	-6.39
2.21	0.84	5.8	-9.36	1.07	-9.63	-7.56	-3.89
-7.79	-9.16	-4.2	0.64	-8.93	0.37	2.44	6.11
-2.79	5.84	-9.2	-4.36	-3.93	-4.63	7.44	-8.89
7.21	-4.16	0.8	5.64	6.07	5.37	-2.56	1.11
5.96	4.59	-5.45	1.89	9.82	6.62	-6.31	-7.64
-4.04	-5.41	4.55	-8.11	-0.18	-3.38	3.69	2.36
-9.04	9.59	9.55	6.89	-5.18	1.62	8.69	-2.64
0.96	-0.41	-0.45	-3.11	4.82	-8.38	-1.31	7.36
3.46	7.09	2.05	4.39	-7.68	-5.88	-8.81	4.86
-6.54	-2.91	-7.95	-5.61	2.32	4.12	1.19	-5.14
-1.54	2.09	-2.95	9.39	7.32	-0.88	6.19	9.86
8.46	-7.91	7.05	-0.61	-2.68	9.12	-3.81	-0.14
7.83	1.46	3.93	-4.98	-7.05	4.75	4.32	-5.76
-2.17	-8.54	-6.07	5.02	2.95	-5.25	-5.68	4.24
-7.17	6.46	-1.07	-9.98	7.95	9.75	-0.68	-0.76
2.83	-3.54	8.93	0.02	-2.05	-0.25	9.32	9.24
0.33	8.96	-8.57	-2.48	5.45	-2.75	1.82	1.74
-9.67	-1.04	1.43	7.52	-4.55	7.25	-8.18	-8.26
-4.67	3.96	6.43	-7.48	-9.55	-7.75	-3.18	6.74
5.33	-6.04	-3.57	2.52	0.45	2.25	6.82	-3.26
6.58	5.21	7.68	8.77	4.2	1.0	3.07	5.49
-3.42	-4.79	-2.32	-1.23	-5.8	-9.0	-6.93	-4.51
-8.42	0.21	-7.32	3.77	-0.8	6.0	-1.93	0.49
1.58	-9.79	2.68	-6.23	9.2	-4.0	8.07	-9.51
4.08	2.71	-4.82	6.27	-3.3	-1.5	0.57	-2.01
-5.92	-7.29	5.18	-3.73	6.7	8.5	-9.43	7.99
-0.92	7.71	0.18	1.27	1.7	-6.5	-4.43	-7.01
9.08	-2.29	-9.82	-8.73	-8.3	3.5	5.57	2.99
8.77	3.65	9.24	4.71	7.01	-4.94	-0.37	-4.82
-1.23	-6.35	-0.76	-5.29	-2.99	5.06	9.63	5.18
-6.23	8.65	-5.76	9.71	-7.99	-9.94	4.63	-9.82
3.77	-1.35	4.24	-0.29	2.01	0.06	-5.37	0.18
1.27	6.15	-3.26	2.21	-5.49	2.56	-2.87	7.68
-8.73	-3.85	6.74	-7.79	4.51	-7.44	7.13	-2.32
-3.73	1.15	1.74	7.21	9.51	7.56	2.13	2.68
6.27	-8.85	-8.26	-2.79	-0.49	-2.44	-7.87	-7.32
5.02	9.9	2.99	-9.04	-4.24	-1.19	-1.62	3.93
-4.98	-0.1	-7.01	0.96	5.76	8.81	8.38	-6.07
-9.98	4.9	-2.01	-4.04	0.76	-6.19	3.38	8.93
0.02	-5.1	7.99	5.96	-9.24	3.81	-6.62	-1.07
2.52	2.4	-9.51	-6.54	3.26	1.31	-4.12	-8.57
-7.48	-7.6	0.49	3.46	-6.74	-8.69	5.88	1.43
-2.48	7.4	5.49	-1.54	-1.74	6.31	0.88	-3.57
7.52	-2.6	-4.51	8.46	8.26	-3.69	-9.12	6.43
8.14	6.78	-6.39	6.58	1.39	-8.07	9.0	2.05
-1.86	-3.22	3.61	-3.42	-8.61	1.93	-1.0	-7.95
-6.86	1.78	8.61	1.58	-3.61	-3.07	-6.0	7.05
3.14	-8.22	-1.39	-8.42	6.39	6.93	4.0	-2.95
0.64	4.28	1.11	9.08	-1.11	9.43	6.5	-5.45
-9.36	-5.72	-8.89	-0.92	8.89	-0.57	-3.5	4.55
-4.36	9.28	-3.89	4.08	3.89	4.43	-8.5	-0.45
5.64	-0.72	6.11	-5.92	-6.11	-5.57	1.5	9.55
6.89	0.53	-0.14	-2.17	-9.86	-6.82	7.75	-1.7
-3.11	-9.47	9.86	7.83	0.14	3.18	-2.25	8.3
-8.11	5.53	4.86	-7.17	5.14	-1.82	-7.25	-6.7
1.89	-4.47	-5.14	2.83	-4.86	8.18	2.75	3.3
4.39	8.03	7.36	-4.67	7.64	5.68	5.25	5.8
-5.61	-1.97	-2.64	5.33	-2.36	-4.32	-4.75	-4.2
-0.61	3.03	-7.64	-9.67	-7.36	0.68	-9.75	0.8
9.39	-6.97	2.36	0.33	2.64	-9.32	0.25	-9.2
9.55	1.0	-8.11	7.99	-2.83	-5.41	-3.03	-2.79
-0.45	-9.0	1.89	-2.01	7.17	4.59	6.97	7.21
-5.45	6.0	6.89	2.99	2.17	-0.41	1.97	-7.79
4.55	-4.0	-3.11	-7.01	-7.83	9.59	-8.03	2.21
2.05	8.5	4.39	5.49	4.67	7.09	-0.53	9.71
-7.95	-1.5	-5.61	-4.51	-5.33	-2.91	9.47	-0.29
-2.95	3.5	-0.61	0.49	-0.33	2.09	4.47	4.71
7.05	-6.5	9.39	-9.51	9.67	-7.91	-5.53	-5.29
5.8	7.25	-4.36	-3.26	5.92	-9.16	-4.28	3.46
-4.2	-2.75	5.64	6.74	-4.08	0.84	5.72	-6.54
-9.2	2.25	0.64	-8.26	-9.08	-4.16	0.72	8.46
0.8	-7.75	-9.36	1.74	0.92	5.84	-9.28	-1.54
3.3	4.75	8.14	-0.76	-6.58	8.34	-1.78	-9.04
-6.7	-5.25	-1.86	9.24	3.42	-1.66	8.22	0.96
-1.7	9.75	-6.86	-5.76	8.42	3.34	3.22	-4.04
8.3	-0.25	3.14	4.24	-1.58	-6.66	-6.78	5.96
7.68	9.12	5.02	1.11	-8.46	-2.29	6.35	0.33
-2.32	-0.88	-4.98	-8.89	1.54	7.71	-3.65	-9.67
-7.32	4.12	-9.98	6.11	6.54	-7.29	-8.65	5.33
2.68	-5.88	0.02	-3.89	-3.46	2.71	1.35	-4.67
0.18	1.62	-2.48	3.61	9.04	0.21	8.85	-7.17
-9.82	-8.38	7.52	-6.39	-0.96	-9.79	-1.15	2.83
-4.82	6.62	2.52	8.61	-5.96	5.21	-6.15	-2.17
5.18	-3.38	-7.48	-1.39	4.04	-4.79	3.85	7.83
6.43	2.87	1.27	-5.14	0.29	-3.54	5.1	-0.92
-3.57	-7.13	-8.73	4.86	-9.71	6.46	-4.9	9.08
-8.57	7.87	-3.73	-0.14	-4.71	-8.54	-9.9	-5.92
1.43	-2.13	6.27	9.86	5.29	1.46	0.1	4.08
3.93	5.37	-6.23	-7.64	-2.21	3.96	7.6	6.58
-6.07	-4.63	3.77	2.36	7.79	-6.04	-2.4	-3.42
-1.07	0.37	8.77	-2.64	2.79	8.96	-7.4	1.58
8.93	-9.63	-1.23	7.36	-7.21	-1.04	2.6	-8.42
9.24	5.68	0.33	-1.07	8.73	2.4	-7.71	8.77
-0.76	-4.32	-9.67	8.93	-1.27	-7.6	2.29	-1.23
-5.76	0.68	-4.67	-6.07	-6.27	7.4	7.29	3.77
4.24	-9.32	5.33	3.93	3.73	-2.6	-2.71	-6.23
1.74	3.18	-7.17	-3.57	-8.77	-0.1	-5.21	-3.73
-8.26	-6.82	2.83	6.43	1.23	9.9	4.79	6.27
-3.26	8.18	7.83	-8.57	6.23	-5.1	9.79	-8.73
6.74	-1.82	-2.17	1.43	-3.77	4.9	-0.21	1.27
5.49	1.93	6.58	5.18	-0.02	3.65	-8.96	-9.98
-4.51	-8.07	-3.42	-4.82	9.98	-6.35	1.04	0.02
-9.51	6.93	-8.42	0.18	4.98	8.65	6.04	-4.98
0.49	-3.07	1.58	-9.82	-5.02	-1.35	-3.96	5.02
2.99	9.43	-0.92	7.68	2.48	-3.85	-6.46	2.52
-7.01	-0.57	9.08	-2.32	-7.52	6.15	3.54	-7.48
-2.01	4.43	4.08	2.68	-2.52	-8.85	8.54	7.52
7.99	-5.57	-5.92	-7.32	7.48	1.15	-1.46	-2.48
8.61	3.81	-2.79	-7.95	3.11	5.53	1.66	-6.86
-1.39	-6.19	7.21	2.05	-6.89	-4.47	-8.34	3.14
-6.39	8.81	2.21	-2.95	-1.89	0.53	-3.34	-1.86
3.61	-1.19	-7.79	7.05	8.11	-9.47	6.66	8.14
1.11	6.31	9.71	-5.45	-4.39	-6.97	4.16	0.64
-8.89	-3.69	-0.29	4.55	5.61	3.03	-5.84	-9.36
-3.89	1.31	-5.29	-0.45	0.61	-1.97	-0.84	5.64
6.11	-8.69	4.71	9.55	-9.39	8.03	9.16	-4.36
7.36	7.56	-9.04	3.3	-5.64	9.28	0.41	6.89
-2.64	-2.44	0.96	-6.7	4.36	-0.72	-9.59	-3.11
-7.64	2.56	5.96	8.3	9.36	4.28	-4.59	1.89
2.36	-7.44	-4.04	-1.7	-0.64	-5.72	5.41	-8.11
4.86	0.06	3.46	0.8	6.86	-8.22	2.91	-0.61
-5.14	-9.94	-6.54	-9.2	-3.14	1.78	-7.09	9.39
-0.14	5.06	-1.54	5.8	-8.14	-3.22	-2.09	-5.61
9.86	-4.94	8.46	-4.2	1.86	6.78	7.91	4.39
9.9	5.02	-9.63	1.39	6.19	-0.76	4.98	5.68
-0.1	-4.98	0.37	-8.61	-3.81	9.24	-5.02	-4.32
-5.1	0.02	5.37	6.39	-8.81	-5.76	-0.02	0.68
4.9	-9.98	-4.63	-3.61	1.19	4.24	9.98	-9.32
2.4	2.52	2.87	3.89	-6.31	1.74	2.48	-1.82
-7.6	-7.48	-7.13	-6.11	3.69	-8.26	-7.52	8.18
-2.6	7.52	-2.13	8.89	8.69	6.74	-2.52	-6.82
7.4	-2.48	7.87	-1.11	-1.31	-3.26	7.48	3.18
6.15	1.27	-3.38	-7.36	-2.56	-4.51	3.73	-5.57
-3.85	-8.73	6.62	2.64	7.44	5.49	-6.27	4.43
-8.85	6.27	1.62	-2.36	2.44	-9.51	-1.27	-0.57
1.15	-3.73	-8.38	7.64	-7.56	0.49	8.73	9.43
3.65	8.77	9.12	-9.86	4.94	2.99	1.23	1.93
-6.35	-1.23	-0.88	0.14	-5.06	-7.01	-8.77	-8.07
-1.35	3.77	-5.88	-4.86	-0.06	7.99	-3.77	6.93
8.65	-6.23	4.12	5.14	9.94	-2.01	6.23	-3.07
8.03	4.39	7.25	9.51	0.57	-6.39	-5.64	-8.69
-1.97	-5.61	-2.75	-0.49	-9.43	3.61	4.36	1.31
-6.97	9.39	-7.75	4.51	-4.43	-1.39	9.36	-3.69
3.03	-0.61	2.25	-5.49	5.57	8.61	-0.64	6.31
0.53	6.89	-0.25	7.01	-1.93	6.11	-8.14	3.81
-9.47	-3.11	9.75	-2.99	8.07	-3.89	1.86	-6.19
-4.47	1.89	4.75	2.01	3.07	1.11	6.86	8.81
5.53	-8.11	-5.25	-7.99	-6.93	-8.89	-3.14	-1.19
6.78	8.14	1.0	-4.24	-8.18	-7.64	-6.89	7.56
-3.22	-1.86	-9.0	5.76	1.82	2.36	3.11	-2.44
-8.22	3.14	-4.0	-9.24	6.82	-2.64	8.11	2.56
1.78	-6.86	6.0	0.76	-3.18	7.36	-1.89	-7.44
4.28	0.64	-6.5	-1.74	9.32	9.86	-9.39	-4.94
-5.72	-9.36	3.5	8.26	-0.68	-0.14	0.61	5.06
-0.72	5.64	8.5	-6.74	-5.68	4.86	5.61	-9.94
9.28	-4.36	-1.5	3.26	4.32	-5.14	-4.39	0.06
8.96	0.33	1.93	-9.55	-0.37	6.43	9.67	-2.13
-1.04	-9.67	-8.07	0.45	9.63	-3.57	-0.33	7.87
-6.04	5.33	-3.07	-4.55	4.63	1.43	-5.33	-7.13
3.96	-4.67	6.93	5.45	-5.37	-8.57	4.67	2.87
1.46	7.83	-5.57	-7.05	2.13	-6.07	7.17	5.37
-8.54	-2.17	4.43	2.95	-7.87	3.93	-2.83	-4.63
-3.54	2.83	9.43	-2.05	-2.87	-1.07	-7.83	0.37
6.46	-7.17	-0.57	7.95	7.13	8.93	2.17	-9.63
5.21	6.58	5.68	4.2	8.38	7.68	8.42	1.62
-4.79	-3.42	-4.32	-5.8	-1.62	-2.32	-1.58	-8.38
-9.79	1.58	-9.32	9.2	-6.62	2.68	-6.58	6.62
0.21	-8.42	0.68	-0.8	3.38	-7.32	3.42	-3.38
2.71	4.08	-1.82	1.7	-9.12	-9.82	5.92	-5.88
-7.29	-5.92	8.18	-8.3	0.88	0.18	-4.08	4.12
-2.29	9.08	3.18	6.7	5.88	-4.82	-9.08	-0.88
7.71	-0.92	-6.82	-3.3	-4.12	5.18	0.92	9.12
8.34	9.71	-4.94	-1.43	-6.0	0.8	-0.96	4.75
-1.66	-0.29	5.06	8.57	4.0	-9.2	9.04	-5.25
-6.66	4.71	0.06	-6.43	9.0	5.8	4.04	9.75
3.34	-5.29	-9.94	3.57	-1.0	-4.2	-5.96	-0.25
0.84	2.21	7.56	-3.93	6.5	-1.7	-3.46	-7.75
-9.16	-7.79	-2.44	6.07	-3.5	8.3	6.54	2.25
-4.16	7.21	-7.44	-8.93	-8.5	-6.7	1.54	-2.75
5.84	-2.79	2.56	1.07	1.5	3.3	-8.46	7.25
7.09	3.46	-8.69	7.32	2.75	4.55	-2.21	-4.0
-2.91	-6.54	1.31	-2.68	-7.25	-5.45	7.79	6.0
-7.91	8.46	6.31	2.32	-2.25	9.55	2.79	-9.0
2.09	-1.54	-3.69	-7.68	7.75	-0.45	-7.21	1.0
4.59	5.96	3.81	9.82	-4.75	-2.95	-4.71	8.5
-5.41	-4.04	-6.19	-0.18	5.25	7.05	5.29	-1.5
-0.41	0.96	-1.19	4.82	0.25	-7.95	0.29	3.5
9.59	-9.04	8.81	-5.18	-9.75	2.05	-9.71	-6.5
9.43	2.99	-0.72	-2.52	9.47	3.14	7.01	-0.41
-0.57	-7.01	9.28	7.48	-0.53	-6.86	-2.99	9.59
-5.57	7.99	4.28	-7.52	-5.53	8.14	-7.99	-5.41
4.43	-2.01	-5.72	2.48	4.47	-1.86	2.01	4.59
1.93	5.49	6.78	-0.02	-8.03	-4.36	9.51	7.09
-8.07	-4.51	-3.22	9.98	1.97	5.64	-0.49	-2.91
-3.07	0.49	-8.22	-5.02	6.97	-9.36	-5.49	2.09
6.93	-9.51	1.78	4.98	-3.03	0.64	4.51	-7.91
5.68	9.24	-6.97	8.73	-1.78	1.89	5.76	0.84
-4.32	-0.76	3.03	-1.27	8.22	-8.11	-4.24	-9.16
-9.32	4.24	8.03	3.73	3.22	6.89	-9.24	5.84
0.68	-5.76	-1.97	-6.27	-6.78	-3.11	0.76	-4.16
3.18	1.74	0.53	6.23	0.72	-0.61	8.26	-6.66
-6.82	-8.26	-9.47	-3.77	-9.28	9.39	-1.74	3.34
-1.82	6.74	-4.47	1.23	-4.28	-5.61	-6.74	-1.66
8.18	-3.26	5.53	-8.77	5.72	4.39	3.26	8.34
7.56	7.36	3.65	-5.64	3.85	8.77	-3.61	2.71
-2.44	-2.64	-6.35	4.36	-6.15	-1.23	6.39	-7.29
-7.44	2.36	-1.35	-0.64	-1.15	3.77	1.39	7.71
2.56	-7.64	8.65	9.36	8.85	-6.23	-8.61	-2.29
0.06	4.86	-8.85	-8.14	-3.65	-8.73	-1.11	-9.79
-9.94	-5.14	1.15	1.86	6.35	1.27	8.89	0.21
-4.94	9.86	6.15	-3.14	1.35	-3.73	3.89	-4.79
5.06	-0.14	-3.85	6.86	-8.65	6.27	-6.11	5.21
6.31	1.11	9.9	0.61	-7.4	5.02	-4.86	-3.54
-3.69	-8.89	-0.1	-9.39	2.6	-4.98	5.14	6.46
-8.69	6.11	-5.1	5.61	7.6	0.02	0.14	-8.54
1.31	-3.89	4.9	-4.39	-2.4	-9.98	-9.86	1.46
3.81	8.61	-2.6	3.11	5.1	-7.48	-2.36	8.96
-6.19	-1.39	7.4	-6.89	-4.9	2.52	7.64	-1.04
-1.19	3.61	2.4	8.11	-9.9	-2.48	2.64	3.96
8.81	-6.39	-7.6	-1.89	0.1	7.52	-7.36	-6.04
9.12	7.68	8.34	5.92	-3.96	-9.04	2.32	6.78
-0.88	-2.32	-1.66	-4.08	6.04	0.96	-7.68	-3.22
-5.88	2.68	-6.66	0.92	1.04	-4.04	-2.68	1.78
4.12	-7.32	3.34	-9.08	-8.96	5.96	7.32	-8.22
1.62	0.18	-4.16	8.42	3.54	8.46	4.82	-0.72
-8.38	-9.82	5.84	-1.58	-6.46	-1.54	-5.18	9.28
-3.38	5.18	0.84	3.42	-1.46	3.46	-0.18	-5.72
6.62	-4.82	-9.16	-6.58	8.54	-6.54	9.82	4.28
5.37	3.93	4.59	-0.33	7.29	-5.29	1.07	-6.97
-4.63	-6.07	-5.41	9.67	-2.71	4.71	-8.93	3.03
-9.63	8.93	-0.41	-5.33	-7.71	-0.29	-3.93	-1.97
0.37	-1.07	9.59	4.67	2.29	9.71	6.07	8.03
2.87	6.43	-7.91	-2.83	-5.21	7.21	3.57	0.53
-7.13	-3.57	2.09	7.17	4.79	-2.79	-6.43	-9.47
-2.13	1.43	7.09	-7.83	9.79	2.21	-1.43	5.53
7.87	-8.57	-2.91	2.17	-0.21	-7.79	8.57	-4.47
8.5	2.05	-6.04	2.79	-9.59	-3.42	-8.3	-8.85
-1.5	-7.95	3.96	-7.21	0.41	6.58	1.7	1.15
-6.5	7.05	8.96	7.79	5.41	-8.42	6.7	-3.85
3.5	-2.95	-1.04	-2.21	-4.59	1.58	-3.3	6.15
1.0	9.55	1.46	0.29	7.91	4.08	-5.8	3.65
-9.0	-0.45	-8.54	-9.71	-2.09	-5.92	4.2	-6.35
-4.0	4.55	-3.54	5.29	-7.09	9.08	9.2	8.65
6.0	-5.45	6.46	-4.71	2.91	-0.92	-0.8	-1.35
7.25	5.8	-2.29	-8.46	1.66	-2.17	-9.55	9.9
-2.75	-4.2	7.71	1.54	-8.34	7.83	0.45	-0.1
-7.75	0.8	2.71	-3.46	-3.34	-7.17	5.45	4.9
2.25	-9.2	-7.29	6.54	6.66	2.83	-4.55	-5.1
4.75	3.3	5.21	-5.96	-0.84	0.33	-7.05	-2.6
-5.25	-6.7	-4.79	4.04	9.16	-9.67	2.95	7.4
-0.25	8.3	-9.79	-0.96	4.16	5.33	7.95	-7.6
9.75	-1.7	0.21	9.04	-5.84	-4.67	-2.05	2.4
9.82	1.66	6.07	-2.44	4.39	-7.71	5.68	4.2
-0.18	-8.34	-3.93	7.56	-5.61	2.29	-4.32	-5.8
-5.18	6.66	-8.93	-7.44	-0.61	-2.71	-9.32	9.2
4.82	-3.34	1.07	2.56	9.39	7.29	0.68	-0.8
2.32	9.16	-1.43	-4.94	-3.11	9.79	8.18	-8.3
-7.68	-0.84	8.57	5.06	6.89	-0.21	-1.82	1.7
-2.68	4.16	3.57	-9.94	1.89	4.79	-6.82	-3.3
7.32	-5.84	-6.43	0.06	-8.11	-5.21	3.18	6.7
6.07	5.41	2.32	6.31	-6.86	-6.46	6.93	-4.55
-3.93	-4.59	-7.68	-3.69	3.14	3.54	-3.07	5.45
-8.93	0.41	-2.68	1.31	8.14	-1.46	-8.07	-9.55
1.07	-9.59	7.32	-8.69	-1.86	8.54	1.93	0.45
3.57	2.91	-5.18	8.81	5.64	6.04	9.43	7.95
-6.43	-7.09	4.82	-1.19	-4.36	-3.96	-0.57	-2.05
-1.43	7.91	9.82	3.81	-9.36	1.04	-5.57	2.95
8.57	-2.09	-0.18	-6.19	0.64	-8.96	4.43	-7.05
7.95	8.54	-8.3	-9.32	8.77	-4.59	-4.94	-1.43
-2.05	-1.46	1.7	0.68	-1.23	5.41	5.06	8.57
-7.05	3.54	6.7	-4.32	-6.23	-9.59	0.06	-6.43
2.95	-6.46	-3.3	5.68	3.77	0.41	-9.94	3.57
0.45	1.04	4.2	-6.82	-8.73	2.91	-2.44	6.07
-9.55	-8.96	-5.8	3.18	1.27	-7.09	7.56	-3.93
-4.55	6.04	-0.8	-1.82	6.27	7.91	2.56	1.07
5.45	-3.96	9.2	8.18	-3.73	-2.09	-7.44	-8.93
6.7	4.79	-4.55	4.43	-2.48	-0.84	-3.69	2.32
-3.3	-5.21	5.45	-5.57	7.52	9.16	6.31	-7.68
-8.3	9.79	0.45	9.43	2.52	-5.84	1.31	7.32
1.7	-0.21	-9.55	-0.57	-7.48	4.16	-8.69	-2.68
4.2	7.29	7.95	1.93	0.02	1.66	-1.19	-5.18
-5.8	-2.71	-2.05	-8.07	-9.98	-8.34	8.81	4.82
-0.8	2.29	-7.05	6.93	-4.98	6.66	3.81	-0.18
9.2	-7.71	2.95	-3.07	5.02	-3.34	-6.19	9.82
8.89	6.35	-3.61	9.12	-9.04	4.47	1.0	-7.99
-1.11	-3.65	6.39	-0.88	0.96	-5.53	-9.0	2.01
-6.11	1.35	1.39	4.12	5.96	9.47	-4.0	-2.99
3.89	-8.65	-8.61	-5.88	-4.04	-0.53	6.0	7.01
1.39	3.85	8.89	6.62	8.46	-3.03	3.5	4.51
-8.61	-6.15	-1.11	-3.38	-1.54	6.97	-6.5	-5.49
-3.61	8.85	-6.11	1.62	-6.54	-8.03	-1.5	9.51
6.39	-1.15	3.89	-8.38	3.46	1.97	8.5	-0.49
5.14	0.1	-9.86	-4.63	2.21	0.72	2.25	8.26
-4.86	-9.9	0.14	5.37	-7.79	-9.28	-7.75	-1.74
-9.86	5.1	5.14	-9.63	-2.79	5.72	-2.75	3.26
0.14	-4.9	-4.86	0.37	7.21	-4.28	7.25	-6.74
2.64	7.6	2.64	-2.13	-0.29	-1.78	4.75	-4.24
-7.36	-2.4	-7.36	7.87	9.71	8.22	-5.25	5.76
-2.36	2.6	-2.36	-7.13	4.71	-6.78	-0.25	-9.24
7.64	-7.4	7.64	2.87	-5.29	3.22	9.75	0.76
8.26	3.22	0.76	2.25	-4.67	7.6	-9.63	5.14
-1.74	-6.78	-9.24	-7.75	5.33	-2.4	0.37	-4.86
-6.74	8.22	-4.24	7.25	0.33	2.6	5.37	0.14
3.26	-1.78	5.76	-2.75	-9.67	-7.4	-4.63	-9.86
0.76	5.72	-6.74	4.75	2.83	-9.9	-7.13	-2.36
-9.24	-4.28	3.26	-5.25	-7.17	0.1	2.87	7.64
-4.24	0.72	8.26	9.75	-2.17	-4.9	7.87	-7.36
5.76	-9.28	-1.74	-0.25	7.83	5.1	-2.13	2.64
7.01	9.47	7.01	-6.5	6.58	6.35	-8.38	-6.11
-2.99	-0.53	-2.99	3.5	-3.42	-3.65	1.62	3.89
-7.99	4.47	-7.99	-1.5	-8.42	1.35	6.62	-1.11
2.01	-5.53	2.01	8.5	1.58	-8.65	-3.38	8.89
4.51	1.97	-0.49	-9.0	-5.92	-6.15	-5.88	1.39
-5.49	-8.03	9.51	1.0	4.08	3.85	4.12	-8.61
-0.49	6.97	4.51	-4.0	9.08	-1.15	9.12	6.39
9.51	-3.03	-5.49	6.0	-0.92	8.85	-0.88	-3.61
9.67	9.0	4.98	3.65	1.11	5.25	3.65	-9.39
-0.33	-1.0	-5.02	-6.35	-8.89	-4.75	-6.35	0.61
-5.33	4.0	-0.02	8.65	-3.89	0.25	-1.35	-4.39
4.67	-6.0	9.98	-1.35	6.11	-9.75	8.65	5.61
2.17	1.5	-7.52	1.15	-1.39	-7.25	1.15	3.11
-7.83	-8.5	2.48	-8.85	8.61	2.75	-8.85	-6.89
-2.83	6.5	7.48	6.15	3.61	-2.25	-3.85	8.11
7.17	-3.5	-2.52	-3.85	-6.39	7.75	6.15	-1.89
5.92	2.75	8.73	-7.6	-7.64	9.0	4.9	9.36
-4.08	-7.25	-1.27	2.4	2.36	-1.0	-5.1	-0.64
-9.08	7.75	-6.27	-2.6	7.36	4.0	-0.1	4.36
0.92	-2.25	3.73	7.4	-2.64	-6.0	9.9	-5.64
3.42	5.25	-3.77	-5.1	9.86	-8.5	2.4	-3.14
-6.58	-4.75	6.23	4.9	-0.14	1.5	-7.6	6.86
-1.58	0.25	1.23	-0.1	-5.14	-3.5	-2.6	-8.14
8.42	-9.75	-8.77	9.9	4.86	6.5	7.4	1.86
7.79	0.88	-1.89	5.53	5.49	2.13	-6.97	7.48
-2.21	-9.12	8.11	-4.47	-4.51	-7.87	3.03	-2.52
-7.21	5.88	3.11	0.53	-9.51	7.13	8.03	2.48
2.79	-4.12	-6.89	-9.47	0.49	-2.87	-1.97	-7.52
0.29	8.38	5.61	8.03	-7.01	-0.37	-9.47	-0.02
-9.71	-1.62	-4.39	-1.97	2.99	9.63	0.53	9.98
-4.71	3.38	-9.39	3.03	7.99	-5.37	5.53	-5.02
5.29	-6.62	0.61	-6.97	-2.01	4.63	-4.47	4.98
6.54	7.13	-5.64	-0.72	-3.26	3.38	-5.72	-6.27
-3.46	-2.87	4.36	9.28	6.74	-6.62	4.28	3.73
-8.46	2.13	9.36	-5.72	1.74	8.38	9.28	-1.27
1.54	-7.87	-0.64	4.28	-8.26	-1.62	-0.72	8.73
4.04	4.63	1.86	-3.22	4.24	-4.12	-8.22	1.23
-5.96	-5.37	-8.14	6.78	-5.76	5.88	1.78	-8.77
-0.96	9.63	-3.14	-8.22	-0.76	-9.12	6.78	6.23
9.04	-0.37	6.86	1.78	9.24	0.88	-3.22	-3.77
9.36	4.32	-7.21	-5.41	-5.45	-1.93	8.34	3.42
-0.64	-5.68	2.79	4.59	4.55	8.07	-1.66	-6.58
-5.64	9.32	7.79	-0.41	9.55	-6.93	-6.66	8.42
4.36	-0.68	-2.21	9.59	-0.45	3.07	3.34	-1.58
1.86	6.82	0.29	-7.91	7.05	0.57	5.84	-9.08
-8.14	-3.18	-9.71	2.09	-2.95	-9.43	-4.16	0.92
-3.14	1.82	-4.71	-2.91	-7.95	5.57	-9.16	-4.08
6.86	-8.18	5.29	7.09	2.05	-4.43	0.84	5.92
5.61	8.07	-0.96	0.84	3.3	-3.18	9.59	-2.83
-4.39	-1.93	9.04	-9.16	-6.7	6.82	-0.41	7.17
-9.39	3.07	4.04	5.84	-1.7	-8.18	-5.41	-7.83
0.61	-6.93	-5.96	-4.16	8.3	1.82	4.59	2.17
3.11	0.57	6.54	3.34	-4.2	4.32	7.09	9.67
-6.89	-9.43	-3.46	-6.66	5.8	-5.68	-2.91	-0.33
-1.89	5.57	-8.46	8.34	0.8	9.32	-7.91	4.67
8.11	-4.43	1.54	-1.66	-9.2	-0.68	2.09	-5.33
8.73	6.19	9.67	-3.54	-1.07	-5.06	-2.29	-0.96
-1.27	-3.81	-0.33	6.46	8.93	4.94	7.71	9.04
-6.27	1.19	-5.33	-8.54	3.93	-0.06	2.71	-5.96
3.73	-8.81	4.67	1.46	-6.07	9.94	-7.29	4.04
1.23	3.69	-2.83	-1.04	1.43	7.44	-4.79	6.54
-8.77	-6.31	7.17	8.96	-8.57	-2.56	5.21	-3.46
-3.77	8.69	2.17	-6.04	-3.57	2.44	0.21	1.54
6.23	-1.31	-7.83	3.96	6.43	-7.56	-9.79	-8.46
7.48	2.44	3.42	7.71	7.68	-8.81	-1.04	0.29
-2.52	-7.56	-6.58	-2.29	-2.32	1.19	8.96	-9.71
-7.52	7.44	-1.58	2.71	-7.32	-3.81	3.96	5.29
2.48	-2.56	8.42	-7.29	2.68	6.19	-6.04	-4.71
4.98	9.94	-9.08	5.21	-9.82	8.69	-3.54	-7.21
-5.02	-0.06	0.92	-4.79	0.18	-1.31	6.46	2.79
-0.02	4.94	5.92	0.21	5.18	3.69	1.46	-2.21
9.98	-5.06	-4.08	-9.79	-4.82	-6.31	-8.54	7.79
9.97	2.47	-6.46	-3.1	-2.24	-4.44	-6.85	-6.59
-0.03	-7.53	3.54	6.9	7.76	5.56	3.15	3.41
-5.03	7.47	8.54	-8.1	2.76	-9.44	8.15	-1.59
4.97	-2.53	-1.46	1.9	-7.24	0.56	-1.85	8.41
2.47	9.97	1.04	-0.6	0.26	3.06	-9.35	0.91
-7.53	-0.03	-8.96	9.4	-9.74	-6.94	0.65	-9.09
-2.53	4.97	-3.96	-5.6	-4.74	8.06	5.65	5.91
7.47	-5.03	6.04	4.4	5.26	-1.94	-4.35	-4.09
6.22	6.22	-0.21	8.15	9.01	-0.69	-5.6	7.16
-3.78	-3.78	9.79	-1.85	-0.99	9.31	4.4	-2.84
-8.78	1.22	4.79	3.15	-5.99	-5.69	9.4	2.16
1.22	-8.78	-5.21	-6.85	4.01	4.31	-0.6	-7.84
3.72	3.72	7.29	5.65	-8.49	1.81	-8.1	-0.34
-6.28	-6.28	-2.71	-4.35	1.51	-8.19	1.9	9.66
-1.28	8.72	-7.71	0.65	6.51	6.81	6.9	-5.34
8.72	-1.28	2.29	-9.35	-3.49	-3.19	-3.1	4.66
8.1	8.1	9.17	-6.22	-6.61	-7.57	2.53	9.03
-1.9	-1.9	-0.83	3.78	3.39	2.43	-7.47	-0.97
-6.9	3.1	-5.83	-1.22	8.39	-2.57	-2.47	4.03
3.1	-6.9	4.17	8.78	-1.61	7.43	7.53	-5.97
0.6	0.6	-3.33	-8.72	5.89	9.93	0.03	-3.47
-9.4	-9.4	6.67	1.28	-4.11	-0.07	-9.97	6.53
-4.4	5.6	1.67	-3.72	-9.11	4.93	-4.97	-8.47
5.6	-4.4	-8.33	6.28	0.89	-5.07	5.03	1.53
6.85	4.35	2.92	0.03	4.64	-6.32	3.78	-9.72
-3.15	-5.65	-7.08	-9.97	-5.36	3.68	-6.22	0.28
-8.15	9.35	-2.08	5.03	-0.36	-1.32	-1.22	-4.72
1.85	-0.65	7.92	-4.97	9.64	8.68	8.78	5.28
4.35	6.85	-9.58	2.53	-2.86	6.18	1.28	2.78
-5.65	-3.15	0.42	-7.47	7.14	-3.82	-8.72	-7.22
-0.65	1.85	5.42	7.53	2.14	1.18	-3.72	7.78
9.35	-8.15	-4.58	-2.47	-7.86	-8.82	6.28	-2.22
9.03	7.16	3.86	5.97	6.83	7.74	-1.53	0.6
-0.97	-2.84	-6.14	-4.03	-3.17	-2.26	8.47	-9.4
-5.97	2.16	-1.14	0.97	-8.17	2.74	3.47	5.6
4.03	-7.84	8.86	-9.03	1.83	-7.26	-6.53	-4.4
1.53	4.66	-8.64	8.47	-5.67	-9.76	-4.03	-6.9
-8.47	-5.34	1.36	-1.53	4.33	0.24	5.97	3.1
-3.47	9.66	6.36	3.47	9.33	-4.76	0.97	-1.9
6.53	-0.34	-3.64	-6.53	-0.67	5.24	-9.03	8.1
5.28	0.91	7.61	-0.28	-4.42	6.49	-0.28	-0.65
-4.72	-9.09	-2.39	9.72	5.58	-3.51	9.72	9.35
-9.72	5.91	-7.39	-5.28	0.58	1.49	4.72	-5.65
0.28	-4.09	2.61	4.72	-9.42	-8.51	-5.28	4.35
2.78	8.41	-4.89	-2.78	3.08	-6.01	-2.78	6.85
-7.22	-1.59	5.11	7.22	-6.92	3.99	7.22	-3.15
-2.22	3.41	0.11	-7.78	-1.92	-1.01	2.22	1.85
7.78	-6.59	-9.89	2.22	8.08	8.99	-7.78	-8.15
8.41	2.78	-1.77	2.84	2.45	4.62	7.84	-2.53
-1.59	-7.22	8.23	-7.16	-7.55	-5.38	-2.16	7.47
-6.59	7.78	3.23	7.84	-2.55	9.62	-7.16	-7.53
3.41	-2.22	-6.77	-2.16	7.45	-0.38	2.84	2.47
0.91	5.28	5.73	0.34	-0.05	-2.88	5.34	9.97
-9.09	-4.72	-4.27	-9.66	9.95	7.12	-4.66	-0.03
-4.09	0.28	-9.27	5.34	4.95	-7.88	-9.66	4.97
5.91	-9.72	0.73	-4.66	-5.05	2.12	0.34	-5.03
7.16	9.03	-5.52	-8.41	-8.8	0.87	9.09	3.72
-2.84	-0.97	4.48	1.59	1.2	-9.13	-0.91	-6.28
-7.84	4.03	9.48	-3.41	6.2	5.87	-5.91	8.72
2.16	-5.97	-0.52	6.59	-3.8	-4.13	4.09	-1.28
4.66	1.53	1.98	-5.91	8.7	-1.63	6.59	-8.78
-5.34	-8.47	-8.02	4.09	-1.3	8.37	-3.41	1.22
-0.34	6.53	-3.02	-0.91	-6.3	-6.63	-8.41	-3.78
9.66	-3.47	6.98	9.09	3.7	3.37	1.59	6.22
9.5	9.5	-2.55	1.75	-3.33	1.96	-3.88	2.0
-0.5	-0.5	7.45	-8.25	6.67	-8.04	6.12	-8.0
-5.5	4.5	2.45	6.75	1.67	6.96	1.12	7.0
4.5	-5.5	-7.55	-3.25	-8.33	-3.04	-8.88	-3.0
2.0	2.0	9.95	4.25	4.17	-0.54	-1.38	-5.5
-8.0	-8.0	-0.05	-5.75	-5.83	9.46	8.62	4.5
-3.0	7.0	-5.05	9.25	-0.83	-5.54	3.62	-0.5
7.0	-3.0	4.95	-0.75	9.17	4.46	-6.38	9.5
5.75	3.25	-8.8	-7.0	5.42	3.21	-2.63	-1.75
-4.25	-6.75	1.2	3.0	-4.58	-6.79	7.37	8.25
-9.25	8.25	6.2	-2.0	-9.58	8.21	2.37	-6.75
0.75	-1.75	-3.8	8.0	0.42	-1.79	-7.63	3.25
3.25	5.75	3.7	-9.5	-7.08	-4.29	-0.13	5.75
-6.75	-4.25	-6.3	0.5	2.92	5.71	9.87	-4.25
-1.75	0.75	-1.3	-4.5	7.92	-9.29	4.87	0.75
8.25	-9.25	8.7	5.5	-2.08	0.71	-5.13	-9.25
7.63	0.13	0.58	9.87	-7.71	5.09	5.5	-4.87
-2.37	-9.87	-9.42	-0.13	2.29	-4.91	-4.5	5.13
-7.37	5.13	-4.42	4.87	7.29	0.09	-9.5	-9.87
2.63	-4.87	5.58	-5.13	-2.71	-9.91	0.5	0.13
0.13	7.63	-6.92	7.37	9.79	-7.41	8.0	7.63
-9.87	-2.37	3.08	-2.63	-0.21	2.59	-2.0	-2.37
-4.87	2.63	8.08	2.37	-5.21	-2.41	-7.0	2.63
5.13	-7.37	-1.92	-7.63	4.79	7.59	3.0	-7.37
6.38	6.38	6.83	-3.88	1.04	8.84	6.75	3.88
-3.62	-3.62	-3.17	6.12	-8.96	-1.16	-3.25	-6.12
-8.62	1.38	-8.17	-8.88	-3.96	3.84	-8.25	8.88
1.38	-8.62	1.83	1.12	6.04	-6.16	1.75	-1.12
3.88	3.88	-0.67	-1.38	-1.46	-8.66	9.25	-8.62
-6.12	-6.12	9.33	8.62	8.54	1.34	-0.75	1.38
-1.12	8.88	4.33	-6.38	3.54	-3.66	-5.75	-3.62
8.88	-1.12	-5.67	3.62	-6.46	6.34	4.25	6.38
9.19	4.81	5.26	-9.81	7.61	-5.22	-9.19	-5.81
-0.81	-5.19	-4.74	0.19	-2.39	4.78	0.81	4.19
-5.81	9.81	-9.74	-4.81	-7.39	-0.22	5.81	-0.81
4.19	-0.19	0.26	5.19	2.61	9.78	-4.19	9.19
1.69	7.31	-2.24	-7.31	-9.89	7.28	-6.69	1.69
-8.31	-2.69	7.76	2.69	0.11	-2.72	3.31	-8.31
-3.31	2.31	2.76	-2.31	5.11	2.28	8.31	6.69
6.69	-7.69	-7.24	7.69	-4.89	-7.72	-1.69	-3.31
5.44	8.56	1.51	3.94	-1.14	-8.97	-7.94	5.44
-4.56	-1.44	-8.49	-6.06	8.86	1.03	2.06	-4.56
-9.56	3.56	-3.49	8.94	3.86	-3.97	7.06	0.44
0.44	-6.44	6.51	-1.06	-6.14	6.03	-2.94	-9.56
2.94	1.06	-5.99	1.44	1.36	8.53	-5.44	-2.06
-7.06	-8.94	4.01	-8.56	-8.64	-1.47	4.56	7.94
-2.06	6.06	9.01	6.44	-3.64	3.53	9.56	-7.06
7.94	-3.94	-0.99	-3.56	6.36	-6.47	-0.44	2.94
8.56	5.44	-7.86	-1.69	3.23	-2.1	0.19	8.56
-1.44	-4.56	2.14	8.31	-6.77	7.9	-9.81	-1.44
-6.44	0.44	7.14	-6.69	-1.77	-7.1	-4.81	3.56
3.56	-9.56	-2.86	3.31	8.23	2.9	5.19	-6.44
1.06	2.94	4.64	-4.19	-4.27	0.4	2.69	-3.94
-8.94	-7.06	-5.36	5.81	5.73	-9.6	-7.31	6.06
-3.94	7.94	-0.36	-9.19	0.73	5.4	-2.31	-8.94
6.06	-2.06	9.64	0.81	-9.27	-4.6	7.69	1.06
7.31	1.69	-4.11	7.06	-5.52	-3.35	1.44	-7.69
-2.69	-8.31	5.89	-2.94	4.48	6.65	-8.56	2.31
-7.69	6.69	0.89	2.06	9.48	-8.35	-3.56	-2.69
2.31	-3.31	-9.11	-7.94	-0.52	1.65	6.44	7.31
4.81	9.19	8.39	9.56	6.98	4.15	3.94	4.81
-5.19	-0.81	-1.61	-0.44	-3.02	-5.85	-6.06	-5.19
-0.19	4.19	-6.61	4.56	-8.02	9.15	-1.06	9.81
9.81	-5.81	3.39	-5.44	1.98	-0.85	8.94	-0.19
9.74	5.83	7.84	3.23	-8.41	-6.55	-2.55	-3.23
-0.26	-4.17	-2.16	-6.77	1.59	3.45	7.45	6.77
-5.26	0.83	-7.16	8.23	6.59	-1.55	2.45	-8.23
4.74	-9.17	2.84	-1.77	-3.41	8.45	-7.55	1.77
2.24	3.33	-4.66	0.73	9.09	5.95	-0.05	9.27
-7.76	-6.67	5.34	-9.27	-0.91	-4.05	9.95	-0.73
-2.76	8.33	0.34	5.73	-5.91	0.95	4.95	4.27
7.24	-1.67	-9.66	-4.27	4.09	-9.05	-5.05	-5.73
5.99	2.08	4.09	-8.02	0.34	-7.8	-3.8	3.02
-4.01	-7.92	-5.91	1.98	-9.66	2.2	6.2	-6.98
-9.01	7.08	-0.91	-3.02	-4.66	-2.8	1.2	8.02
0.99	-2.92	9.09	6.98	5.34	7.2	-8.8	-1.98
3.49	9.58	-8.41	-5.52	-2.16	9.7	-1.3	-9.48
-6.51	-0.42	1.59	4.48	7.84	-0.3	8.7	0.52
-1.51	4.58	6.59	-0.52	2.84	4.7	3.7	-4.48
8.49	-5.42	-3.41	9.48	-7.16	-5.3	-6.3	5.52
7.86	3.96	-5.28	5.11	-2.78	-0.93	6.83	1.14
-2.14	-6.04	4.72	-4.89	7.22	9.07	-3.17	-8.86
-7.14	8.96	9.72	0.11	2.22	-5.93	-8.17	6.14
2.86	-1.04	-0.28	-9.89	-7.78	4.07	1.83	-3.86
0.36	6.46	2.22	7.61	4.72	1.57	9.33	-6.36
-9.64	-3.54	-7.78	-2.39	-5.28	-8.43	-0.67	3.64
-4.64	1.46	-2.78	2.61	-0.28	6.57	-5.67	-1.36
5.36	-8.54	7.22	-7.39	9.72	-3.43	4.33	8.64
6.61	7.71	-1.53	-1.14	5.97	-4.68	5.58	-0.11
-3.39	-2.29	8.47	8.86	-4.03	5.32	-4.42	9.89
-8.39	2.71	3.47	-6.14	-9.03	-9.68	-9.42	-5.11
1.61	-7.29	-6.53	3.86	0.97	0.32	0.58	4.89
4.11	0.21	5.97	-3.64	-6.53	2.82	8.08	7.39
-5.89	-9.79	-4.03	6.36	3.47	-7.18	-1.92	-2.61
-0.89	5.21	-9.03	-8.64	8.47	7.82	-6.92	2.39
9.11	-4.79	0.97	1.36	-1.53	-2.18	3.08	-7.61
8.8	1.14	-0.6	-5.21	2.53	0.63	-7.86	9.58
-1.2	-8.86	9.4	4.79	-7.47	-9.37	2.14	-0.42
-6.2	6.14	4.4	-0.21	-2.47	5.63	7.14	4.58
3.8	-3.86	-5.6	9.79	7.53	-4.37	-2.86	-5.42
1.3	8.64	6.9	-7.71	-4.97	-1.87	-5.36	-2.92
-8.7	-1.36	-3.1	2.29	5.03	8.13	4.64	7.08
-3.7	3.64	-8.1	-2.71	0.03	-6.87	9.64	-7.92
6.3	-6.36	1.9	7.29	-9.97	3.13	-0.36	2.08
5.05	7.39	-6.85	1.04	-6.22	4.38	-9.11	-9.17
-4.95	-2.61	3.15	-8.96	3.78	-5.62	0.89	0.83
-9.95	2.39	8.15	6.04	8.78	9.38	5.89	-4.17
0.05	-7.61	-1.85	-3.96	-1.22	-0.62	-4.11	5.83
2.55	4.89	0.65	3.54	6.28	-3.12	-6.61	3.33
-7.45	-5.11	-9.35	-6.46	-3.72	6.88	3.39	-6.67
-2.45	9.89	-4.35	8.54	-8.72	-8.12	8.39	8.33
7.55	-0.11	5.65	-1.46	1.28	1.88	-1.61	-1.67
8.17	9.27	2.53	-3.33	8.15	6.26	1.51	-7.29
-1.83	-0.73	-7.47	6.67	-1.85	-3.74	-8.49	2.71
-6.83	4.27	-2.47	-8.33	-6.85	1.26	-3.49	-2.29
3.17	-5.73	7.53	1.67	3.15	-8.74	6.51	7.71
0.67	1.77	-9.97	-0.83	-9.35	-6.24	4.01	0.21
-9.33	-8.23	0.03	9.17	0.65	3.76	-5.99	-9.79
-4.33	6.77	5.03	-5.83	5.65	-1.24	-0.99	5.21
5.67	-3.23	-4.97	4.17	-4.35	8.76	9.01	-4.79
6.92	3.02	8.78	7.92	-0.6	7.51	0.26	6.46
-3.08	-6.98	-1.22	-2.08	9.4	-2.49	-9.74	-3.54
-8.08	8.02	-6.22	2.92	4.4	2.51	-4.74	1.46
1.92	-1.98	3.78	-7.08	-5.6	-7.49	5.26	-8.54
4.42	5.52	-3.72	5.42	1.9	-9.99	2.76	-1.04
-5.58	-4.48	6.28	-4.58	-8.1	0.01	-7.24	8.96
-0.58	0.52	1.28	0.42	-3.1	-4.99	-2.24	-6.04
9.42	-9.48	-8.72	-9.58	6.9	5.01	7.76	3.96
9.58	3.49	1.75	-1.92	-7.31	8.92	-5.52	7.86
-0.42	-6.51	-8.25	8.08	2.69	-1.08	4.48	-2.14
-5.42	8.49	-3.25	-6.92	7.69	3.92	9.48	2.86
4.58	-1.51	6.75	3.08	-2.31	-6.08	-0.52	-7.14
2.08	5.99	-5.75	-4.42	5.19	-8.58	-8.02	-4.64
-7.92	-4.01	4.25	5.58	-4.81	1.42	1.98	5.36
-2.92	0.99	9.25	-9.42	-9.81	-3.58	6.98	-9.64
7.08	-9.01	-0.75	0.58	0.19	6.42	-3.02	0.36
5.83	9.74	5.5	6.83	3.94	5.17	-6.77	-8.39
-4.17	-0.26	-4.5	-3.17	-6.06	-4.83	3.23	1.61
-9.17	4.74	-9.5	1.83	-1.06	0.17	8.23	-3.39
0.83	-5.26	0.5	-8.17	8.94	-9.83	-1.77	6.61
3.33	2.24	-2.0	9.33	-3.56	-7.33	-9.27	4.11
-6.67	-7.76	8.0	-0.67	6.44	2.67	0.73	-5.89
-1.67	7.24	3.0	4.33	1.44	-2.33	5.73	9.11
8.33	-2.76	-7.0	-5.67	-8.56	7.67	-4.27	-0.89
7.71	6.61	-3.88	-8.8	-1.69	3.29	3.86	-5.26
-2.29	-3.39	6.12	1.2	8.31	-6.71	-6.14	4.74
-7.29	1.61	1.12	-3.8	3.31	8.29	-1.14	-0.26
2.71	-8.39	-8.88	6.2	-6.69	-1.71	8.86	9.74
0.21	4.11	8.62	-6.3	0.81	-4.21	1.36	2.24
-9.79	-5.89	-1.38	3.7	-9.19	5.79	-8.64	-7.76
-4.79	9.11	-6.38	-1.3	-4.19	-9.21	-3.64	7.24
5.21	-0.89	3.62	8.7	5.81	0.79	6.36	-2.76
6.46	0.36	-7.63	4.95	9.56	2.04	2.61	5.99
-3.54	-9.64	2.37	-5.05	-0.44	-7.96	-7.39	-4.01
-8.54	5.36	7.37	9.95	-5.44	7.04	-2.39	0.99
1.46	-4.64	-2.63	-0.05	4.56	-2.96	7.61	-9.01
3.96	7.86	4.87	2.45	-7.94	-0.46	0.11	-1.51
-6.04	-2.14	-5.13	-7.55	2.06	9.54	-9.89	8.49
-1.04	2.86	-0.13	7.45	7.06	-5.46	-4.89	-6.51
8.96	-7.14	9.87	-2.55	-2.94	4.54	5.11	3.49
9.27	8.17	-9.19	9.01	1.75	-3.27	-0.21	-4.33
-0.73	-1.83	0.81	-0.99	-8.25	6.73	9.79	5.67
-5.73	3.17	5.81	4.01	-3.25	-8.27	4.79	-9.33
4.27	-6.83	-4.19	-5.99	6.75	1.73	-5.21	0.67
1.77	0.67	3.31	6.51	-0.75	4.23	-2.71	8.17
-8.23	-9.33	-6.69	-3.49	9.25	-5.77	7.29	-1.83
-3.23	5.67	-1.69	1.51	4.25	9.23	2.29	3.17
6.77	-4.33	8.31	-8.49	-5.75	-0.77	-7.71	-6.83
5.52	4.42	-2.94	-4.74	-9.5	-2.02	-1.46	4.42
-4.48	-5.58	7.06	5.26	0.5	7.98	8.54	-5.58
-9.48	9.42	2.06	-9.74	5.5	-7.02	3.54	9.42
0.52	-0.58	-7.94	0.26	-4.5	2.98	-6.46	-0.58
3.02	6.92	9.56	-2.24	8.0	0.48	-3.96	-8.08
-6.98	-3.08	-0.44	7.76	-2.0	-9.52	6.04	1.92
-1.98	1.92	-5.44	-7.24	-7.0	5.48	1.04	-3.08
8.02	-8.08	4.56	2.76	3.0	-4.52	-8.96	6.92
8.64	1.3	6.44	2.14	7.37	-8.9	9.17	1.3
-1.36	-8.7	-3.56	-7.86	-2.63	1.1	-0.83	-8.7
-6.36	6.3	-8.56	7.14	-7.63	-3.9	-5.83	6.3
3.64	-3.7	1.44	-2.86	2.37	6.1	4.17	-3.7
1.14	8.8	-1.06	4.64	-5.13	8.6	6.67	-6.2
-8.86	-1.2	8.94	-5.36	4.87	-1.4	-3.33	3.8
-3.86	3.8	3.94	9.64	9.87	3.6	-8.33	-1.2
6.14	-6.2	-6.06	-0.36	-0.13	-6.4	1.67	8.8
7.39	5.05	0.19	-6.61	-3.88	-5.15	7.92	-2.45
-2.61	-4.95	-9.81	3.39	6.12	4.85	-2.08	7.55
-7.61	0.05	-4.81	-1.61	1.12	-0.15	-7.08	-7.45
2.39	-9.95	5.19	8.39	-8.88	9.85	2.92	2.55
4.89	2.55	-7.31	-9.11	3.62	7.35	5.42	5.05
-5.11	-7.45	2.69	0.89	-6.38	-2.65	-4.58	-4.95
-0.11	7.55	7.69	-4.11	-1.38	2.35	-9.58	0.05
9.89	-2.45	-2.31	5.89	8.62	-7.65	0.42	-9.95
9.85	7.51	0.85	-8.68	4.29	4.89	7.49	-1.24
-0.15	-2.49	-9.15	1.32	-5.71	-5.11	-2.51	8.76
-5.15	2.51	-4.15	-3.68	-0.71	9.89	-7.51	-6.24
4.85	-7.49	5.85	6.32	9.29	-0.11	2.49	3.76
2.35	0.01	-6.65	-6.18	-3.21	-2.61	9.99	6.26
-7.65	-9.99	3.35	3.82	6.79	7.39	-0.01	-3.74
-2.65	5.01	8.35	-1.18	1.79	-7.61	-5.01	1.26
7.35	-4.99	-1.65	8.82	-8.21	2.39	4.99	-8.74
6.1	3.76	7.1	2.57	-6.96	1.14	6.24	0.01
-3.9	-6.24	-2.9	-7.43	3.04	-8.86	-3.76	-9.99
-8.9	8.76	-7.9	7.57	8.04	6.14	-8.76	5.01
1.1	-1.24	2.1	-2.43	-1.96	-3.86	1.24	-4.99
3.6	6.26	-0.4	0.07	5.54	-1.36	8.74	-7.49
-6.4	-3.74	9.6	-9.93	-4.46	8.64	-1.26	2.51
-1.4	1.26	4.6	5.07	-9.46	-6.36	-6.26	-2.49
8.6	-8.74	-5.4	-4.93	0.54	3.64	3.74	7.51
7.98	1.88	-3.53	-0.56	9.91	8.02	-3.13	3.13
-2.02	-8.12	6.47	9.44	-0.09	-1.98	6.87	-6.87
-7.02	6.88	1.47	-5.56	-5.09	3.02	1.87	8.13
2.98	-3.12	-8.53	4.44	4.91	-6.98	-8.13	-1.87
0.48	9.38	8.97	-3.06	-7.59	-9.48	-0.63	-9.37
-9.52	-0.62	-1.03	6.94	2.41	0.52	9.37	0.63
-4.52	4.38	-6.03	-8.06	7.41	-4.48	4.37	-4.37
5.48	-5.62	3.97	1.94	-2.59	5.52	-5.63	5.63
6.73	5.63	-9.78	5.69	-1.34	6.77	-4.38	-3.12
-3.27	-4.37	0.22	-4.31	8.66	-3.23	5.62	6.88
-8.27	0.63	5.22	0.69	3.66	1.77	0.62	-8.12
1.73	-9.37	-4.78	-9.31	-6.34	-8.23	-9.38	1.88
4.23	3.13	2.72	8.19	1.16	-5.73	-1.88	9.38
-5.77	-6.87	-7.28	-1.81	-8.84	4.27	8.12	-0.62
-0.77	8.13	-2.28	3.19	-3.84	-0.73	3.12	4.38
9.23	-1.87	7.72	-6.81	6.16	9.27	-6.88	-5.62
8.92	2.82	-8.21	0.38	-9.78	-7.92	2.18	7.2
-1.08	-7.18	1.79	-9.62	0.22	2.08	-7.82	-2.8
-6.08	7.82	6.79	5.38	5.22	-2.92	-2.82	2.2
3.92	-2.18	-3.21	-4.62	-4.78	7.08	7.18	-7.8
1.42	5.32	4.29	2.88	7.72	9.58	4.68	-0.3
-8.58	-4.68	-5.71	-7.12	-2.28	-0.42	-5.32	9.7
-3.58	0.32	-0.71	7.88	-7.28	4.58	-0.32	-5.3
6.42	-9.68	9.29	-2.12	2.72	-5.42	9.68	4.7
5.17	9.07	-4.46	-5.87	1.47	-6.67	0.93	-6.55
-4.83	-0.93	5.54	4.13	-8.53	3.33	-9.07	3.45
-9.83	4.07	0.54	-0.87	-3.53	-1.67	-4.07	-1.55
0.17	-5.93	-9.46	9.13	6.47	8.33	5.93	8.45
2.67	1.57	8.04	-8.37	-1.03	5.83	3.43	0.95
-7.33	-8.43	-1.96	1.63	8.97	-4.17	-6.57	-9.05
-2.33	6.57	-6.96	-3.37	3.97	0.83	-1.57	5.95
7.67	-3.43	3.04	6.63	-6.03	-9.17	8.43	-4.05
8.29	7.2	6.16	8.51	-4.15	-4.79	-8.45	-9.68
-1.71	-2.8	-3.84	-1.49	5.85	5.21	1.55	0.32
-6.71	2.2	-8.84	3.51	0.85	-9.79	6.55	-4.68
3.29	-7.8	1.16	-6.49	-9.15	0.21	-3.45	5.32
0.79	4.7	-1.34	6.01	3.35	2.71	-5.95	2.82
-9.21	-5.3	8.66	-3.99	-6.65	-7.29	4.05	-7.18
-4.21	9.7	3.66	1.01	-1.65	7.71	9.05	7.82
5.79	-0.3	-6.34	-8.99	8.35	-2.29	-0.95	-2.18
7.04	0.95	2.41	-2.74	7.1	-1.04	-9.7	9.07
-2.96	-9.05	-7.59	7.26	-2.9	8.96	0.3	-0.93
-7.96	5.95	-2.59	-7.74	-7.9	-6.04	5.3	4.07
2.04	-4.05	7.41	2.26	2.1	3.96	-4.7	-5.93
4.54	8.45	-5.09	-0.24	-5.4	1.46	-7.2	-3.43
-5.46	-1.55	4.91	9.76	4.6	-8.54	2.8	6.57
-0.46	3.45	9.91	-5.24	9.6	6.46	7.8	-8.43
9.54	-6.55	-0.09	4.76	-0.4	-3.54	-2.2	1.57
9.38	0.48	9.44	7.41	0.07	-2.45	4.52	5.17
-0.62	-9.52	-0.56	-2.59	-9.93	7.55	-5.48	-4.83
-5.62	5.48	-5.56	2.41	-4.93	-7.45	-0.48	0.17
4.38	-4.52	4.44	-7.59	5.07	2.55	9.52	-9.83
1.88	7.98	-3.06	9.91	-2.43	0.05	2.02	-2.33
-8.12	-2.02	6.94	-0.09	7.57	-9.95	-7.98	7.67
-3.12	2.98	1.94	4.91	2.57	5.05	-2.98	-7.33
6.88	-7.02	-8.06	-5.09	-7.43	-4.95	7.02	2.67
5.63	6.73	3.19	-1.34	-8.68	-3.7	3.27	-6.08
-4.37	-3.27	-6.81	8.66	1.32	6.3	-6.73	3.92
-9.37	1.73	-1.81	-6.34	6.32	-8.7	-1.73	-1.08
0.63	-8.27	8.19	3.66	-3.68	1.3	8.27	8.92
3.13	4.23	-9.31	-3.84	8.82	3.8	0.77	1.42
-6.87	-5.77	0.69	6.16	-1.18	-6.2	-9.23	-8.58
-1.87	9.23	5.69	-8.84	-6.18	8.8	-4.23	6.42
8.13	-0.77	-4.31	1.16	3.82	-1.2	5.77	-3.58
7.51	9.85	-7.43	4.29	5.69	-5.58	-6.1	-7.96
-2.49	-0.15	2.57	-5.71	-4.31	4.42	3.9	2.04
-7.49	4.85	7.57	9.29	-9.31	-0.58	8.9	-2.96
2.51	-5.15	-2.43	-0.71	0.69	9.42	-1.1	7.04
0.01	2.35	0.07	1.79	-6.81	6.92	-8.6	4.54
-9.99	-7.65	-9.93	-8.21	3.19	-3.08	1.4	-5.46
-4.99	7.35	-4.93	6.79	8.19	1.92	6.4	9.54
5.01	-2.65	5.07	-3.21	-1.81	-8.08	-3.6	-0.46
6.26	3.6	-1.18	-9.46	-3.06	-9.33	-7.35	8.29
-3.74	-6.4	8.82	0.54	6.94	0.67	2.65	-1.71
-8.74	8.6	3.82	-4.46	1.94	-4.33	7.65	3.29
1.26	-1.4	-6.18	5.54	-8.06	5.67	-2.35	-6.71
3.76	6.1	6.32	-6.96	4.44	8.17	-9.85	-4.21
-6.24	-3.9	-3.68	3.04	-5.56	-1.83	0.15	5.79
-1.24	1.1	-8.68	-1.96	-0.56	3.17	5.15	-9.21
8.76	-8.9	1.32	8.04	9.44	-6.83	-4.85	0.79
9.07	5.17	-2.12	-4.15	-5.87	5.36	9.83	-1.4
-0.93	-4.83	7.88	5.85	4.13	-4.64	-0.17	8.6
-5.93	0.17	2.88	-9.15	9.13	0.36	-5.17	-6.4
4.07	-9.83	-7.12	0.85	-0.87	-9.64	4.83	3.6
1.57	2.67	5.38	-1.65	6.63	-7.14	7.33	6.1
-8.43	-7.33	-4.62	8.35	-3.37	2.86	-2.67	-3.9
-3.43	7.67	-9.62	-6.65	-8.37	-2.14	-7.67	1.1
6.57	-2.33	0.38	3.35	1.63	7.86	2.33	-8.9
5.32	1.42	-5.87	9.6	2.88	9.11	8.58	2.35
-4.68	-8.58	4.13	-0.4	-7.12	-0.89	-1.42	-7.65
-9.68	6.42	9.13	4.6	-2.12	4.11	-6.42	7.35
0.32	-3.58	-0.87	-5.4	7.88	-5.89	3.58	-2.65
2.82	8.92	1.63	7.1	-4.62	-8.39	6.08	-5.15
-7.18	-1.08	-8.37	-2.9	5.38	1.61	-3.92	4.85
-2.18	3.92	-3.37	2.1	0.38	-3.39	-8.92	-0.15
7.82	-6.08	6.63	-7.9	-9.62	6.61	1.08	9.85
8.45	4.54	4.76	-7.28	-0.24	2.24	-0.79	4.23
-1.55	-5.46	-5.24	2.72	9.76	-7.76	9.21	-5.77
-6.55	9.54	-0.24	-2.28	4.76	7.24	4.21	9.23
3.45	-0.46	9.76	7.72	-5.24	-2.76	-5.79	-0.77
0.95	7.04	-7.74	-9.78	2.26	-0.26	-3.29	-8.27
-9.05	-2.96	2.26	0.22	-7.74	9.74	6.71	1.73
-4.05	2.04	7.26	-4.78	-2.74	-5.26	1.71	-3.27
5.95	-7.96	-2.74	5.22	7.26	4.74	-8.29	6.73
7.2	8.29	8.51	1.47	8.51	3.49	-2.04	-4.52
-2.8	-1.71	-1.49	-8.53	-1.49	-6.51	7.96	5.48
-7.8	3.29	-6.49	6.47	-6.49	8.49	2.96	-9.52
2.2	-6.71	3.51	-3.53	3.51	-1.51	-7.04	0.48
4.7	0.79	-3.99	3.97	-8.99	-4.01	-4.54	7.98
-5.3	-9.21	6.01	-6.03	1.01	5.99	5.46	-2.02
-0.3	5.79	1.01	8.97	6.01	-9.01	0.46	2.98
9.7	-4.21	-8.99	-1.03	-3.99	0.99	-9.54	-7.02
9.78	4.15	-4.7	7.65	5.15	6.69	3.19	-8.97
-0.22	-5.85	5.3	-2.35	-4.85	-3.31	-6.81	1.03
-5.22	9.15	0.3	2.65	-9.85	1.69	-1.81	-3.97
4.78	-0.85	-9.7	-7.35	0.15	-8.31	8.19	6.03
2.28	6.65	7.8	5.15	-7.35	-5.81	0.69	3.53
-7.72	-3.35	-2.2	-4.85	2.65	4.19	-9.31	-6.47
-2.72	1.65	-7.2	0.15	7.65	-0.81	-4.31	8.53
7.28	-8.35	2.8	-9.85	-2.35	9.19	5.69	-1.47
6.03	7.9	-8.45	-3.6	-3.6	7.94	4.44	9.78
-3.97	-2.1	1.55	6.4	6.4	-2.06	-5.56	-0.22
-8.97	2.9	6.55	-8.6	1.4	2.94	-0.56	4.78
1.03	-7.1	-3.45	1.4	-8.6	-7.06	9.44	-5.22
3.53	0.4	4.05	-1.1	3.9	-9.56	1.94	-2.72
-6.47	-9.6	-5.95	8.9	-6.1	0.44	-8.06	7.28
-1.47	5.4	-0.95	-6.1	-1.1	-4.56	-3.06	-7.72
8.53	-4.6	9.05	3.9	8.9	5.44	6.94	2.28
7.9	6.03	2.18	0.77	0.77	1.06	-7.43	6.65
-2.1	-3.97	-7.82	-9.23	-9.23	-8.94	2.57	-3.35
-7.1	1.03	-2.82	5.77	-4.23	6.06	7.57	1.65
2.9	-8.97	7.18	-4.23	5.77	-3.94	-2.43	-8.35
0.4	3.53	-5.32	3.27	-1.73	-1.44	-9.93	-0.85
-9.6	-6.47	4.68	-6.73	8.27	8.56	0.07	9.15
-4.6	8.53	9.68	8.27	3.27	-6.44	5.07	-5.85
5.4	-1.47	-0.32	-1.73	-6.73	3.56	-4.93	4.15
6.65	2.28	5.93	-5.48	-7.98	4.81	-6.18	-7.1
-3.35	-7.72	-4.07	4.52	2.02	-5.19	3.82	2.9
-8.35	7.28	-9.07	-0.48	7.02	9.81	8.82	-2.1
1.65	-2.72	0.93	9.52	-2.98	-0.19	-1.18	7.9
4.15	9.78	-1.57	-7.98	9.52	-2.69	-8.68	0.4
-5.85	-0.22	8.43	2.02	-0.48	7.31	1.32	-9.6
-0.85	4.78	3.43	-2.98	-5.48	-7.69	6.32	5.4
9.15	-5.22	-6.57	7.02	4.52	2.31	-3.68	-4.6
8.84	8.84	7.49	-0.79	-0.79	-1.12	8.51	2.59
-1.16	-1.16	-2.51	9.21	9.21	8.88	-1.49	-7.41
-6.16	3.84	-7.51	-5.79	4.21	-6.12	-6.49	7.59
3.84	-6.16	2.49	4.21	-5.79	3.88	3.51	-2.41
1.34	1.34	-0.01	-3.29	1.71	1.38	6.01	-9.91
-8.66	-8.66	9.99	6.71	-8.29	-8.62	-3.99	0.09
-3.66	6.34	4.99	-8.29	-3.29	6.38	-8.99	-4.91
6.34	-3.66	-5.01	1.71	6.71	-3.62	1.01	5.09
5.09	2.59	1.24	5.46	7.96	-4.87	9.76	-3.66
-4.91	-7.41	-8.76	-4.54	-2.04	5.13	-0.24	6.34
-9.91	7.59	-3.76	0.46	-7.04	-9.87	-5.24	-8.66
0.09	-2.41	6.24	-9.54	2.96	0.13	4.76	1.34
2.59	5.09	-6.26	7.96	-9.54	2.63	7.26	8.84
-7.41	-4.91	3.74	-2.04	0.46	-7.37	-2.74	-1.16
-2.41	0.09	8.74	2.96	5.46	7.63	-7.74	3.84
7.59	-9.91	-1.26	-7.04	-4.54	-2.37	2.26	-6.16
8.21	0.71	-9.38	-7.67	-5.17	-6.75	-2.12	-0.54
-1.79	-9.29	0.62	2.33	4.83	3.25	7.88	9.46
-6.79	5.71	5.62	-2.67	9.83	-1.75	2.88	-5.54
3.21	-4.29	-4.38	7.33	-0.17	8.25	-7.12	4.46
0.71	8.21	3.12	-5.17	7.33	5.75	-4.62	6.96
-9.29	-1.79	-6.88	4.83	-2.67	-4.25	5.38	-3.04
-4.29	3.21	-1.88	-0.17	-7.67	0.75	0.38	1.96
5.71	-6.79	8.12	9.83	2.33	-9.25	-9.62	-8.04
6.96	6.96	-3.13	3.58	3.58	-8.0	-0.87	0.71
-3.04	-3.04	6.87	-6.42	-6.42	2.0	9.13	-9.29
-8.04	1.96	1.87	8.58	-1.42	-3.0	4.13	5.71
1.96	-8.04	-8.13	-1.42	8.58	7.0	-5.87	-4.29
4.46	4.46	9.37	1.08	-3.92	9.5	-3.37	-6.79
-5.54	-5.54	-0.63	-8.92	6.08	-0.5	6.63	3.21
-0.54	9.46	-5.63	6.08	1.08	4.5	1.63	-1.79
9.46	-0.54	4.37	-3.92	-8.92	-5.5	-8.37	8.21
9.62	6.49	-6.1	-6.26	9.37	-9.09	6.16	4.93
-0.38	-3.51	3.9	3.74	-0.63	0.91	-3.84	-5.07
-5.38	1.49	8.9	-1.26	-5.63	-4.09	-8.84	9.93
4.62	-8.51	-1.1	8.74	4.37	5.91	1.16	-0.07
2.12	3.99	1.4	-8.76	-8.13	8.41	8.66	-7.57
-7.88	-6.01	-8.6	1.24	1.87	-1.59	-1.34	2.43
-2.88	8.99	-3.6	-3.76	6.87	3.41	-6.34	-2.57
7.12	-1.01	6.4	6.24	-3.13	-6.59	3.66	7.43
5.87	0.24	-2.35	2.49	-1.88	-5.34	7.41	-3.82
-4.13	-9.76	7.65	-7.51	8.12	4.66	-2.59	6.18
-9.13	5.24	2.65	7.49	3.12	-0.34	-7.59	-8.82
0.87	-4.76	-7.35	-2.51	-6.88	9.66	2.41	1.18
3.37	7.74	5.15	4.99	0.62	7.16	9.91	8.68
-6.63	-2.26	-4.85	-5.01	-9.38	-2.84	-0.09	-1.32
-1.63	2.74	-9.85	9.99	-4.38	2.16	-5.09	3.68
8.37	-7.26	0.15	-0.01	5.62	-7.84	4.91	-6.32
7.74	3.37	8.27	-4.38	4.99	-3.47	-4.46	-1.94
-2.26	-6.63	-1.73	5.62	-5.01	6.53	5.54	8.06
-7.26	8.37	-6.73	-9.38	-0.01	-8.47	0.54	-6.94
2.74	-1.63	3.27	0.62	9.99	1.53	-9.46	3.06
0.24	5.87	-4.23	-1.88	-2.51	4.03	-1.96	5.56
-9.76	-4.13	5.77	8.12	7.49	-5.97	8.04	-4.44
-4.76	0.87	0.77	-6.88	2.49	9.03	3.04	0.56
5.24	-9.13	-9.23	3.12	-7.51	-0.97	-6.96	-9.44
6.49	9.62	4.52	9.37	-6.26	-2.22	-3.21	1.81
-3.51	-0.38	-5.48	-0.63	3.74	7.78	6.79	-8.19
-8.51	4.62	-0.48	4.37	8.74	-7.22	1.79	6.81
1.49	-5.38	9.52	-5.63	-1.26	2.78	-8.21	-3.19
3.99	2.12	-7.98	6.87	6.24	0.28	-0.71	-5.69
-6.01	-7.88	2.02	-3.13	-3.76	-9.72	9.29	4.31
-1.01	7.12	7.02	1.87	-8.76	5.28	4.29	-0.69
8.99	-2.88	-2.98	-8.13	1.24	-4.72	-5.71	9.31
9.31	1.81	3.58	4.68	-4.7	3.72	0.85	-8.51
-0.69	-8.19	-6.42	-5.32	5.3	-6.28	-9.15	1.49
-5.69	6.81	-1.42	9.68	0.3	8.72	-4.15	-3.51
4.31	-3.19	8.58	-0.32	-9.7	-1.28	5.85	6.49
1.81	9.31	-8.92	2.18	2.8	-3.78	3.35	3.99
-8.19	-0.69	1.08	-7.82	-7.2	6.22	-6.65	-6.01
-3.19	4.31	6.08	7.18	-2.2	-8.78	-1.65	8.99
6.81	-5.69	-3.92	-2.82	7.8	1.22	8.35	-1.01
5.56	5.56	9.83	-9.07	6.55	2.47	2.1	7.74
-4.44	-4.44	-0.17	0.93	-3.45	-7.53	-7.9	-2.26
-9.44	0.56	-5.17	-4.07	-8.45	7.47	-2.9	2.74
0.56	-9.44	4.83	5.93	1.55	-2.53	7.1	-7.26
3.06	3.06	-2.67	-6.57	-5.95	-0.03	4.6	-4.76
-6.94	-6.94	7.33	3.43	4.05	9.97	-5.4	5.24
-1.94	8.06	2.33	-1.57	9.05	-5.03	-0.4	-9.76
8.06	-1.94	-7.67	8.43	-0.95	4.97	9.6	0.24
8.68	8.68	-0.79	6.55	-9.07	9.35	-9.78	5.87
-1.32	-1.32	9.21	-3.45	0.93	-0.65	0.22	-4.13
-6.32	3.68	4.21	1.55	5.93	4.35	5.22	0.87
3.68	-6.32	-5.79	-8.45	-4.07	-5.65	-4.78	-9.13
1.18	1.18	6.71	9.05	8.43	-8.15	-7.28	-1.63
-8.82	-8.82	-3.29	-0.95	-1.57	1.85	2.72	8.37
-3.82	6.18	-8.29	4.05	-6.57	-3.15	7.72	-6.63
6.18	-3.82	1.71	-5.95	3.43	6.85	-2.28	3.37
7.43	4.93	-7.04	-2.2	2.18	5.6	-8.53	-5.38
-2.57	-5.07	2.96	7.8	-7.82	-4.4	1.47	4.62
-7.57	9.93	7.96	-7.2	-2.82	0.6	6.47	-0.38
2.43	-0.07	-2.04	2.8	7.18	-9.4	-3.53	9.62
4.93	7.43	0.46	-4.7	-0.32	-6.9	-6.03	2.12
-5.07	-2.57	-9.54	5.3	9.68	3.1	3.97	-7.88
-0.07	2.43	-4.54	-9.7	4.68	-1.9	8.97	7.12
9.93	-7.57	5.46	0.3	-5.32	8.1	-1.03	-2.88
9.95	7.49	-1.12	-0.11	0.48	-5.67	2.47	-4.42
-0.05	-2.51	8.88	9.89	-9.52	4.33	-7.53	5.58
-5.05	2.49	3.88	-5.11	-4.52	-0.67	-2.53	-9.42
4.95	-7.51	-6.12	4.89	5.48	9.33	7.47	0.58
2.45	4.99	6.38	-2.61	-2.02	6.83	4.97	8.08
-7.55	-5.01	-3.62	7.39	7.98	-3.17	-5.03	-1.92
-2.55	9.99	-8.62	-7.61	2.98	1.83	-0.03	3.08
7.45	-0.01	1.38	2.39	-7.02	-8.17	9.97	-6.92
6.2	1.24	-7.37	6.14	-8.27	-9.42	1.22	4.33
-3.8	-8.76	2.63	-3.86	1.73	0.58	-8.78	-5.67
-8.8	6.24	7.63	1.14	6.73	-4.42	-3.78	9.33
1.2	-3.76	-2.37	-8.86	-3.27	5.58	6.22	-0.67
3.7	8.74	0.13	8.64	9.23	8.08	3.72	-8.17
-6.3	-1.26	-9.87	-1.36	-0.77	-1.92	-6.28	1.83
-1.3	3.74	-4.87	3.64	-5.77	3.08	-1.28	-3.17
8.7	-6.26	5.13	-6.36	4.23	-6.92	8.72	6.83
8.08	3.12	3.25	-8.23	6.1	-1.3	-8.15	2.45
-1.92	-6.88	-6.75	1.77	-3.9	8.7	1.85	-7.55
-6.92	8.12	-1.75	-3.23	-8.9	-6.3	6.85	7.45
3.08	-1.88	8.25	6.77	1.1	3.7	-3.15	-2.55
0.58	5.62	-9.25	-5.73	-6.4	1.2	-5.65	-5.05
-9.42	-4.38	0.75	4.27	3.6	-8.8	4.35	4.95
-4.42	0.62	5.75	-0.73	8.6	6.2	9.35	-0.05
5.58	-9.38	-4.25	9.27	-1.4	-3.8	-0.65	9.95
6.83	9.37	9.5	3.02	-2.65	-2.55	-9.4	-1.3
-3.17	-0.63	-0.5	-6.98	7.35	7.45	0.6	8.7
-8.17	4.37	-5.5	8.02	2.35	-7.55	5.6	-6.3
1.83	-5.63	4.5	-1.98	-7.65	2.45	-4.4	3.7
4.33	1.87	-3.0	0.52	4.85	4.95	-6.9	6.2
-5.67	-8.13	7.0	-9.48	-5.15	-5.05	3.1	-3.8
-0.67	6.87	2.0	5.52	-0.15	9.95	8.1	1.2
9.33	-3.13	-8.0	-4.48	9.85	-0.05	-1.9	-8.8
9.01	2.18	8.56	8.33	-6.08	1.51	7.16	8.39
-0.99	-7.82	-1.44	-1.67	3.92	-8.49	-2.84	-1.61
-5.99	7.18	-6.44	3.33	8.92	6.51	-7.84	3.39
4.01	-2.82	3.56	-6.67	-1.08	-3.49	2.16	-6.61
1.51	9.68	-3.94	5.83	6.42	-0.99	9.66	-4.11
-8.49	-0.32	6.06	-4.17	-3.58	9.01	-0.34	5.89
-3.49	4.68	1.06	0.83	-8.58	-5.99	-5.34	-9.11
6.51	-5.32	-8.94	-9.17	1.42	4.01	4.66	0.89
5.26	5.93	4.81	-2.92	2.67	2.76	5.91	-7.86
-4.74	-4.07	-5.19	7.08	-7.33	-7.24	-4.09	2.14
-9.74	0.93	-0.19	-7.92	-2.33	7.76	-9.09	-2.86
0.26	-9.07	9.81	2.08	7.67	-2.24	0.91	7.14
2.76	3.43	-7.69	-0.42	-4.83	-4.74	8.41	4.64
-7.24	-6.57	2.31	9.58	5.17	5.26	-1.59	-5.36
-2.24	8.43	7.31	-5.42	0.17	-9.74	-6.59	9.64
7.76	-1.57	-2.69	4.58	-9.83	0.26	3.41	-0.36
8.39	7.8	-5.81	0.21	-0.46	5.89	-3.47	-5.99
-1.61	-2.2	4.19	-9.79	9.54	-4.11	6.53	4.01
-6.61	2.8	9.19	5.21	4.54	0.89	1.53	-0.99
3.39	-7.2	-0.81	-4.79	-5.46	-9.11	-8.47	9.01
0.89	0.3	1.69	2.71	2.04	-6.61	-0.97	1.51
-9.11	-9.7	-8.31	-7.29	-7.96	3.39	9.03	-8.49
-4.11	5.3	-3.31	7.71	-2.96	-1.61	4.03	6.51
5.89	-4.7	6.69	-2.29	7.04	8.39	-5.97	-3.49
7.14	4.05	-2.06	-6.04	8.29	9.64	-4.72	5.26
-2.86	-5.95	7.94	3.96	-1.71	-0.36	5.28	-4.74
-7.86	9.05	2.94	-1.04	-6.71	4.64	0.28	0.26
2.14	-0.95	-7.06	8.96	3.29	-5.36	-9.72	-9.74
4.64	6.55	5.44	-8.54	-9.21	-7.86	-2.22	-2.24
-5.36	-3.45	-4.56	1.46	0.79	2.14	7.78	7.76
-0.36	1.55	-9.56	-3.54	5.79	-2.86	2.78	-7.24
9.64	-8.45	0.44	6.46	-4.21	7.14	-7.22	2.76
9.48	4.52	-9.72	3.8	3.76	8.23	9.5	9.17
-0.52	-5.48	0.28	-6.2	-6.24	-1.77	-0.5	-0.83
-5.52	9.52	5.28	8.8	-1.24	3.23	-5.5	4.17
4.48	-0.48	-4.72	-1.2	8.76	-6.77	4.5	-5.83
1.98	7.02	2.78	1.3	-3.74	-9.27	7.0	-3.33
-8.02	-2.98	-7.22	-8.7	6.26	0.73	-3.0	6.67
-3.02	2.02	-2.22	6.3	1.26	-4.27	-8.0	-8.33
6.98	-7.98	7.78	-3.7	-8.74	5.73	2.0	1.67
5.73	8.27	-3.47	-9.95	-7.49	6.98	8.25	-9.58
-4.27	-1.73	6.53	0.05	2.51	-3.02	-1.75	0.42
-9.27	3.27	1.53	-4.95	7.51	1.98	-6.75	-4.58
0.73	-6.73	-8.47	5.05	-2.49	-8.02	3.25	5.42
3.23	0.77	9.03	-7.45	5.01	-5.52	5.75	2.92
-6.77	-9.23	-0.97	2.55	-4.99	4.48	-4.25	-7.08
-1.77	5.77	-5.97	-2.45	-9.99	-0.52	-9.25	7.92
8.23	-4.23	4.03	7.55	0.01	9.48	0.75	-2.08
7.61	5.15	7.16	6.92	9.38	3.86	-1.12	-6.46
-2.39	-4.85	-2.84	-3.08	-0.62	-6.14	8.88	3.54
-7.39	0.15	-7.84	1.92	-5.62	8.86	3.88	-1.46
2.61	-9.85	2.16	-8.08	4.38	-1.14	-6.12	8.54
0.11	2.65	-0.34	9.42	-8.12	-3.64	-3.62	1.04
-9.89	-7.35	9.66	-0.58	1.88	6.36	6.38	-8.96
-4.89	7.65	4.66	4.42	6.88	-8.64	1.38	6.04
5.11	-2.35	-5.34	-5.58	-3.12	1.36	-8.62	-3.96
6.36	1.4	0.91	-1.83	-1.87	0.11	-2.37	7.29
-3.64	-8.6	-9.09	8.17	8.13	-9.89	7.63	-2.71
-8.64	6.4	-4.09	-6.83	3.13	5.11	2.63	2.29
1.36	-3.6	5.91	3.17	-6.87	-4.89	-7.37	-7.71
3.86	8.9	-6.59	-4.33	0.63	-2.39	-4.87	-0.21
-6.14	-1.1	3.41	5.67	-9.37	7.61	5.13	9.79
-1.14	3.9	8.41	-9.33	-4.37	-7.39	0.13	-5.21
8.86	-6.1	-1.59	0.67	5.63	2.61	-9.87	4.79
9.17	9.83	2.47	-7.14	-9.68	-3.96	4.81	-3.02
-0.83	-0.17	-7.53	2.86	0.32	6.04	-5.19	6.98
-5.83	4.83	-2.53	-2.14	5.32	-8.96	-0.19	-8.02
4.17	-5.17	7.47	7.86	-4.68	1.04	9.81	1.98
1.67	2.33	-5.03	-9.64	7.82	3.54	2.31	9.48
-8.33	-7.67	4.97	0.36	-2.18	-6.46	-7.69	-0.52
-3.33	7.33	9.97	-4.64	-7.18	8.54	-2.69	4.48
6.67	-2.67	-0.03	5.36	2.82	-1.46	7.31	-5.52
5.42	3.58	6.22	1.61	1.57	-0.21	3.56	3.23
-4.58	-6.42	-3.78	-8.39	-8.43	9.79	-6.44	-6.77
-9.58	8.58	-8.78	6.61	-3.43	-5.21	-1.44	8.23
0.42	-1.42	1.22	-3.39	6.57	4.79	8.56	-1.77
2.92	6.08	-1.28	4.11	-0.93	2.29	1.06	-9.27
-7.08	-3.92	8.72	-5.89	9.07	-7.71	-8.94	0.73
-2.08	1.08	3.72	9.11	4.07	7.29	-3.94	-4.27
7.92	-8.92	-6.28	-0.89	-5.93	-2.71	6.06	5.73
8.54	0.46	-4.4	-4.01	-4.05	-8.33	-5.81	0.11
-1.46	-9.54	5.6	5.99	5.95	1.67	4.19	-9.89
-6.46	5.46	0.6	-9.01	0.95	-3.33	9.19	5.11
3.54	-4.54	-9.4	0.99	-9.05	6.67	-0.81	-4.89
1.04	7.96	8.1	-1.51	3.45	9.17	-8.31	-7.39
-8.96	-2.04	-1.9	8.49	-6.55	-0.83	1.69	2.61
-3.96	2.96	-6.9	-6.51	-1.55	4.17	6.69	-2.39
6.04	-7.04	3.1	3.49	8.45	-5.83	-3.31	7.61
7.29	6.71	-8.15	9.74	7.2	-7.08	-7.06	-1.14
-2.71	-3.29	1.85	-0.26	-2.8	2.92	2.94	8.86
-7.71	1.71	6.85	4.74	-7.8	-2.08	7.94	-6.14
2.29	-8.29	-3.15	-5.26	2.2	7.92	-2.06	3.86
4.79	4.21	4.35	7.24	-5.3	5.42	-9.56	6.36
-5.21	-5.79	-5.65	-2.76	4.7	-4.58	0.44	-3.64
-0.21	9.21	-0.65	2.24	9.7	0.42	5.44	1.36
9.79	-0.79	9.35	-7.76	-0.3	-9.58	-4.56	-8.64
9.72	0.85	4.42	1.22	8.84	-2.78	8.17	-5.44
-0.28	-9.15	-5.58	-8.78	-1.16	7.22	-1.83	4.56
-5.28	5.85	-0.58	6.22	-6.16	-7.78	-6.83	-0.44
4.72	-4.15	9.42	-3.78	3.84	2.22	3.17	9.56
2.22	8.35	-8.08	3.72	-8.66	4.72	5.67	2.06
-7.78	-1.65	1.92	-6.28	1.34	-5.28	-4.33	-7.94
-2.78	3.35	6.92	8.72	6.34	9.72	-9.33	7.06
7.22	-6.65	-3.08	-1.28	-3.66	-0.28	0.67	-2.94
5.97	7.1	8.17	-5.03	-2.41	-1.53	9.42	5.81
-4.03	-2.9	-1.83	4.97	7.59	8.47	-0.58	-4.19
-9.03	2.1	-6.83	-0.03	2.59	-6.53	-5.58	0.81
0.97	-7.9	3.17	9.97	-7.41	3.47	4.42	-9.19
3.47	4.6	-4.33	-7.53	0.09	0.97	6.92	-1.69
-6.53	-5.4	5.67	2.47	-9.91	-9.03	-3.08	8.31
-1.53	9.6	0.67	-2.53	-4.91	5.97	-8.08	-6.69
8.47	-0.4	-9.33	7.47	5.09	-4.03	1.92	3.31
7.84	8.97	-2.45	8.1	4.46	-9.66	-2.45	7.69
-2.16	-1.03	7.55	-1.9	-5.54	0.34	7.55	-2.31
-7.16	3.97	2.55	3.1	-0.54	-4.66	2.55	2.69
2.84	-6.03	-7.45	-6.9	9.46	5.34	-7.45	-7.31
0.34	1.47	5.05	5.6	-3.04	7.84	-4.95	-4.81
-9.66	-8.53	-4.95	-4.4	6.96	-2.16	5.05	5.19
-4.66	6.47	-9.95	0.6	1.96	2.84	0.05	-9.81
5.34	-3.53	0.05	-9.4	-8.04	-7.16	-9.95	0.19
6.59	2.72	-6.2	-3.15	-6.79	-5.91	-1.2	-8.56
-3.41	-7.28	3.8	6.85	3.21	4.09	8.8	1.44
-8.41	7.72	8.8	-8.15	8.21	-0.91	3.8	-3.56
1.59	-2.28	-1.2	1.85	-1.79	9.09	-6.2	6.44
4.09	5.22	1.3	-0.65	5.71	6.59	-3.7	3.94
-5.91	-4.78	-8.7	9.35	-4.29	-3.41	6.3	-6.06
-0.91	0.22	-3.7	-5.65	-9.29	1.59	1.3	8.94
9.09	-9.78	6.3	4.35	0.71	-8.41	-8.7	-1.06
8.78	6.16	-7.14	-7.84	-4.6	9.4	3.49	1.75
-1.22	-3.84	2.86	2.16	5.4	-0.6	-6.51	-8.25
-6.22	1.16	7.86	-2.84	0.4	4.4	-1.51	6.75
3.78	-8.84	-2.14	7.16	-9.6	-5.6	8.49	-3.25
1.28	3.66	0.36	-5.34	2.9	-8.1	0.99	-5.75
-8.72	-6.34	-9.64	4.66	-7.1	1.9	-9.01	4.25
-3.72	8.66	-4.64	-0.34	-2.1	-3.1	-4.01	-0.75
6.28	-1.34	5.36	9.66	7.9	6.9	5.99	9.25
5.03	2.41	-0.89	3.41	6.65	5.65	4.74	-2.0
-4.97	-7.59	9.11	-6.59	-3.35	-4.35	-5.26	8.0
-9.97	7.41	4.11	8.41	-8.35	0.65	-0.26	-7.0
0.03	-2.59	-5.89	-1.59	1.65	-9.35	9.74	3.0
2.53	9.91	6.61	0.91	-5.85	-6.85	2.24	5.5
-7.47	-0.09	-3.39	-9.09	4.15	3.15	-7.76	-4.5
-2.47	4.91	-8.39	5.91	9.15	-1.85	-2.76	0.5
7.53	-5.09	1.61	-4.09	-0.85	8.15	7.24	-9.5
8.15	4.29	9.74	-0.97	-8.97	2.53	-7.14	-3.88
-1.85	-5.71	-0.26	9.03	1.03	-7.47	2.86	6.12
-6.85	9.29	-5.26	-5.97	6.03	7.53	7.86	-8.88
3.15	-0.71	4.74	4.03	-3.97	-2.47	-2.14	1.12
0.65	6.79	-2.76	-3.47	8.53	-4.97	-9.64	8.62
-9.35	-3.21	7.24	6.53	-1.47	5.03	0.36	-1.38
-4.35	1.79	2.24	-8.47	-6.47	-9.97	5.36	3.62
5.65	-8.21	-7.76	1.53	3.53	0.03	-4.64	-6.38
6.9	8.04	3.49	5.28	2.28	1.28	-5.89	4.87
-3.1	-1.96	-6.51	-4.72	-7.72	-8.72	4.11	-5.13
-8.1	3.04	-1.51	0.28	-2.72	6.28	9.11	9.87
1.9	-6.96	8.49	-9.72	7.28	-3.72	-0.89	-0.13
4.4	0.54	-9.01	7.78	-0.22	-1.22	-8.39	-7.63
-5.6	-9.46	0.99	-2.22	9.78	8.78	1.61	2.37
-0.6	5.54	5.99	2.78	4.78	-6.22	6.61	-2.63
9.4	-4.46	-4.01	-7.22	-5.22	3.78	-3.39	7.37
9.56	8.51	5.83	-4.87	5.56	0.19	1.14	0.65
-0.44	-1.49	-4.17	5.13	-4.44	-9.81	-8.86	-9.35
-5.44	3.51	-9.17	-9.87	-9.44	5.19	-3.86	5.65
4.56	-6.49	0.83	0.13	0.56	-4.81	6.14	-4.35
2.06	1.01	-1.67	-2.37	-6.94	-2.31	3.64	-6.85
-7.94	-8.99	8.33	7.63	3.06	7.69	-6.36	3.15
-2.94	6.01	3.33	-7.37	8.06	-7.31	-1.36	-1.85
7.06	-3.99	-6.67	2.63	-1.94	2.69	8.64	8.15
5.81	4.76	2.08	8.88	-3.19	3.94	2.39	-0.6
-4.19	-5.24	-7.92	-1.12	6.81	-6.06	-7.61	9.4
-9.19	9.76	-2.92	3.88	1.81	8.94	-2.61	-5.6
0.81	-0.24	7.08	-6.12	-8.19	-1.06	7.39	4.4
3.31	7.26	-5.42	6.38	4.31	-3.56	4.89	6.9
-6.69	-2.74	4.58	-3.62	-5.69	6.44	-5.11	-3.1
-1.69	2.26	9.58	1.38	-0.69	-8.56	-0.11	1.9
8.31	-7.74	-0.42	-8.62	9.31	1.44	9.89	-8.1
7.69	1.63	-8.54	-6.75	1.18	7.06	-9.48	-3.72
-2.31	-8.37	1.46	3.25	-8.82	-2.94	0.52	6.28
-7.31	6.63	6.46	-1.75	-3.82	2.06	5.52	-8.72
2.69	-3.37	-3.54	8.25	6.18	-7.94	-4.48	1.28
0.19	9.13	3.96	-9.25	-1.32	-5.44	-6.98	8.78
-9.81	-0.87	-6.04	0.75	8.68	4.56	3.02	-1.22
-4.81	4.13	-1.04	-4.25	3.68	-0.44	8.02	3.78
5.19	-5.87	8.96	5.75	-6.32	9.56	-1.98	-6.22
6.44	5.38	-4.79	2.0	-7.57	8.31	-8.23	2.53
-3.56	-4.62	5.21	-8.0	2.43	-1.69	1.77	-7.47
-8.56	0.38	0.21	7.0	7.43	3.31	6.77	7.53
1.44	-9.62	-9.79	-3.0	-2.57	-6.69	-3.23	-2.47
3.94	2.88	7.71	4.5	9.93	-9.19	-5.73	-9.97
-6.06	-7.12	-2.29	-5.5	-0.07	0.81	4.27	0.03
-1.06	7.88	-7.29	9.5	-5.07	-4.19	9.27	-4.97
8.94	-2.12	2.71	-0.5	4.93	5.81	-0.73	5.03
9.25	3.19	-3.23	6.69	-1.01	-7.0	5.83	-7.16
-0.75	-6.81	6.77	-3.31	8.99	3.0	-4.17	2.84
-5.75	8.19	1.77	1.69	3.99	-2.0	-9.17	-2.16
4.25	-1.81	-8.23	-8.31	-6.01	8.0	0.83	7.84
1.75	5.69	9.27	9.19	1.49	5.5	8.33	0.34
-8.25	-4.31	-0.73	-0.81	-8.51	-4.5	-1.67	-9.66
-3.25	0.69	-5.73	4.19	-3.51	0.5	-6.67	5.34
6.75	-9.31	4.27	-5.81	6.49	-9.5	3.33	-4.66
5.5	9.44	-9.48	-2.06	7.74	-8.25	7.08	6.59
-4.5	-0.56	0.52	7.94	-2.26	1.75	-2.92	-3.41
-9.5	4.44	5.52	-7.06	-7.26	-3.25	-7.92	1.59
0.5	-5.56	-4.48	2.94	2.74	6.75	2.08	-8.41
3.0	1.94	3.02	-4.56	-9.76	9.25	9.58	-0.91
-7.0	-8.06	-6.98	5.44	0.24	-0.75	-0.42	9.09
-2.0	6.94	-1.98	-9.56	5.24	4.25	-5.42	-5.91
8.0	-3.06	8.02	0.44	-4.76	-5.75	4.58	4.09
8.62	6.32	1.14	4.81	-5.38	-0.13	-4.79	9.72
-1.38	-3.68	-8.86	-5.19	4.62	9.87	5.21	-0.28
-6.38	1.32	-3.86	9.81	9.62	-5.13	0.21	4.72
3.62	-8.68	6.14	-0.19	-0.38	4.87	-9.79	-5.28
1.12	3.82	-6.36	2.31	7.12	2.37	-2.29	-2.78
-8.88	-6.18	3.64	-7.69	-2.88	-7.63	7.71	7.22
-3.88	8.82	8.64	7.31	-7.88	7.37	2.71	-7.78
6.12	-1.18	-1.36	-2.69	2.12	-2.63	-7.29	2.22
7.37	0.07	7.39	-8.94	3.37	-3.88	-3.54	-9.03
-2.63	-9.93	-2.61	1.06	-6.63	6.12	6.46	0.97
-7.63	5.07	-7.61	-3.94	-1.63	-8.88	1.46	-4.03
2.37	-4.93	2.39	6.06	8.37	1.12	-8.54	5.97
4.87	7.57	-0.11	-6.44	-4.13	3.62	-1.04	3.47
-5.13	-2.43	9.89	3.56	5.87	-6.38	8.96	-6.53
-0.13	2.57	4.89	-1.44	0.87	8.62	3.96	8.47
9.87	-7.43	-5.11	8.56	-9.13	-1.38	-6.04	-1.53
9.91	2.53	6.73	-5.77	-3.47	6.16	-1.87	-7.74
-0.09	-7.47	-3.27	4.23	6.53	-3.84	8.13	2.26
-5.09	7.53	-8.27	-0.77	1.53	1.16	3.13	-2.74
4.91	-2.47	1.73	9.23	-8.47	-8.84	-6.87	7.26
2.41	5.03	-0.77	-8.27	4.03	-6.34	-4.37	4.76
-7.59	-4.97	9.23	1.73	-5.97	3.66	5.63	-5.24
-2.59	0.03	4.23	-3.27	-0.97	-1.34	0.63	9.76
7.41	-9.97	-5.77	6.73	9.03	8.66	-9.37	-0.24
6.16	8.78	0.48	0.48	5.28	9.91	-0.62	8.51
-3.84	-1.22	-9.52	-9.52	-4.72	-0.09	9.38	-1.49
-8.84	3.78	-4.52	5.48	-9.72	4.91	4.38	3.51
1.16	-6.22	5.48	-4.52	0.28	-5.09	-5.62	-6.49
3.66	1.28	-7.02	2.98	-7.22	-7.59	-3.12	-3.99
-6.34	-8.72	2.98	-7.02	2.78	2.41	6.88	6.01
-1.34	6.28	7.98	7.98	7.78	-2.59	1.88	-8.99
8.66	-3.72	-2.02	-2.02	-2.22	7.41	-8.12	1.01
8.04	6.9	-8.9	-2.65	-7.84	1.79	7.51	5.38
-1.96	-3.1	1.1	7.35	2.16	-8.21	-2.49	-4.62
-6.96	1.9	6.1	-7.65	7.16	6.79	-7.49	0.38
3.04	-8.1	-3.9	2.35	-2.84	-3.21	2.51	-9.62
0.54	4.4	3.6	-0.15	9.66	-0.71	5.01	-2.12
-9.46	-5.6	-6.4	9.85	-0.34	9.29	-4.99	7.88
-4.46	9.4	-1.4	-5.15	-5.34	-5.71	-9.99	-7.12
5.54	-0.6	8.6	4.85	4.66	4.29	0.01	2.88
6.79	0.65	-2.65	8.6	0.91	3.04	8.76	-5.87
-3.21	-9.35	7.35	-1.4	-9.09	-6.96	-1.24	4.13
-8.21	5.65	2.35	3.6	-4.09	8.04	-6.24	-0.87
1.79	-4.35	-7.65	-6.4	5.91	-1.96	3.76	9.13
4.29	8.15	9.85	6.1	-1.59	-4.46	6.26	1.63
-5.71	-1.85	-0.15	-3.9	8.41	5.54	-3.74	-8.37
-0.71	3.15	-5.15	1.1	3.41	-9.46	-8.74	6.63
9.29	-6.85	4.85	-8.9	-6.59	0.54	1.26	-3.37
8.97	7.84	-4.21	2.67	8.1	-1.65	-6.55	3.82
-1.03	-2.16	5.79	-7.33	-1.9	8.35	3.45	-6.18
-6.03	2.84	0.79	7.67	-6.9	-6.65	8.45	8.82
3.97	-7.16	-9.21	-2.33	3.1	3.35	-1.55	-1.18
1.47	0.34	8.29	0.17	-9.4	0.85	-9.05	-8.68
-8.53	-9.66	-1.71	-9.83	0.6	-9.15	0.95	1.32
-3.53	5.34	-6.71	5.17	5.6	5.85	5.95	-3.68
6.47	-4.66	3.29	-4.83	-4.4	-4.15	-4.05	6.32
5.22	4.09	-7.96	-8.58	-0.65	-2.9	-5.3	-4.93
-4.78	-5.91	2.04	1.42	9.35	7.1	4.7	5.07
-9.78	9.09	7.04	-3.58	4.35	-7.9	9.7	-9.93
0.22	-0.91	-2.96	6.42	-5.65	2.1	-0.3	0.07
2.72	6.59	4.54	-6.08	1.85	4.6	-7.8	7.57
-7.28	-3.41	-5.46	3.92	-8.15	-5.4	2.2	-2.43
-2.28	1.59	-0.46	-1.08	-3.15	9.6	7.2	2.57
7.72	-8.41	9.54	8.92	6.85	-0.4	-2.8	-7.43
8.35	2.22	1.42	5.79	3.72	-6.03	2.82	-1.81
-1.65	-7.78	-8.58	-4.21	-6.28	3.97	-7.18	8.19
-6.65	7.22	-3.58	0.79	-1.28	-1.03	-2.18	-6.81
3.35	-2.78	6.42	-9.21	8.72	8.97	7.82	3.19
0.85	9.72	-6.08	8.29	-3.78	6.47	0.32	5.69
-9.15	-0.28	3.92	-1.71	6.22	-3.53	-9.68	-4.31
-4.15	4.72	8.92	3.29	1.22	1.47	-4.68	0.69
5.85	-5.28	-1.08	-6.71	-8.78	-8.53	5.32	-9.31
7.1	5.97	5.17	-0.46	-5.03	-9.78	4.07	1.94
-2.9	-4.03	-4.83	9.54	4.97	0.22	-5.93	-8.06
-7.9	0.97	-9.83	-5.46	9.97	-4.78	-0.93	6.94
2.1	-9.03	0.17	4.54	-0.03	5.22	9.07	-3.06
4.6	3.47	-2.33	-2.96	7.47	7.72	1.57	-5.56
-5.4	-6.53	7.67	7.04	-2.53	-2.28	-8.43	4.44
-0.4	8.47	2.67	-7.96	-7.53	2.72	-3.43	-0.56
9.6	-1.53	-7.33	2.04	2.47	-7.28	6.57	9.44
9.44	5.5	2.82	9.38	-2.06	-8.68	-8.9	3.66
-0.56	-4.5	-7.18	-0.62	7.94	1.32	1.1	-6.34
-5.56	0.5	-2.18	4.38	2.94	-3.68	6.1	8.66
4.44	-9.5	7.82	-5.62	-7.06	6.32	-3.9	-1.34
1.94	3.0	-9.68	6.88	0.44	8.82	-6.4	-8.84
-8.06	-7.0	0.32	-3.12	-9.56	-1.18	3.6	1.16
-3.06	8.0	5.32	1.88	-4.56	3.82	8.6	-3.84
6.94	-2.0	-4.68	-8.12	5.44	-6.18	-1.4	6.16
5.69	1.75	9.07	-4.37	9.19	-7.43	-7.65	-2.59
-4.31	-8.25	-0.93	5.63	-0.81	2.57	2.35	7.41
-9.31	6.75	-5.93	-9.37	-5.81	-2.43	7.35	-7.59
0.69	-3.25	4.07	0.63	4.19	7.57	-2.65	2.41
3.19	9.25	-3.43	-1.87	-8.31	5.07	-5.15	9.91
-6.81	-0.75	6.57	8.13	1.69	-4.93	4.85	-0.09
-1.81	4.25	1.57	-6.87	6.69	0.07	9.85	4.91
8.19	-5.75	-8.43	3.13	-3.31	-9.93	-0.15	-5.09
7.57	4.87	-0.3	1.26	-6.44	-4.31	0.48	-0.71
-2.43	-5.13	9.7	-8.74	3.56	5.69	-9.52	9.29
-7.43	9.87	4.7	6.26	8.56	-9.31	-4.52	-5.71
2.57	-0.13	-5.3	-3.74	-1.44	0.69	5.48	4.29
0.07	7.37	7.2	3.76	6.06	3.19	2.98	6.79
-9.93	-2.63	-2.8	-6.24	-3.94	-6.81	-7.02	-3.21
-4.93	2.37	-7.8	8.76	-8.94	8.19	-2.02	1.79
5.07	-7.63	2.2	-1.24	1.06	-1.81	7.98	-8.21
6.32	8.62	-6.55	-7.49	4.81	-0.56	1.73	0.54
-3.68	-1.38	3.45	2.51	-5.19	9.44	-8.27	-9.46
-8.68	3.62	8.45	-2.49	-0.19	-5.56	-3.27	5.54
1.32	-6.38	-1.55	7.51	9.81	4.44	6.73	-4.46
3.82	1.12	0.95	-9.99	-2.69	1.94	4.23	-6.96
-6.18	-8.88	-9.05	0.01	7.31	-8.06	-5.77	3.04
-1.18	6.12	-4.05	-4.99	2.31	6.94	-0.77	-1.96
8.82	-3.88	5.95	5.01	-7.69	-3.06	9.23	8.04
9.13	0.19	-5.62	-1.55	6.38	4.13	-4.21	-9.78
-0.87	-9.81	4.38	8.45	-3.62	-5.87	5.79	0.22
-5.87	5.19	9.38	-6.55	-8.62	9.13	0.79	-4.78
4.13	-4.81	-0.62	3.45	1.38	-0.87	-9.21	5.22
1.63	7.69	1.88	-4.05	-6.12	-3.37	-1.71	2.72
-8.37	-2.31	-8.12	5.95	3.88	6.63	8.29	-7.28
-3.37	2.69	-3.12	-9.05	8.88	-8.37	3.29	7.72
6.63	-7.31	6.88	0.95	-1.12	1.63	-6.71	-2.28
5.38	6.44	-1.87	7.2	-4.87	0.38	-2.96	8.97
-4.62	-3.56	8.13	-2.8	5.13	-9.62	7.04	-1.03
-9.62	1.44	3.13	2.2	0.13	5.38	2.04	3.97
0.38	-8.56	-6.87	-7.8	-9.87	-4.62	-7.96	-6.03
2.88	3.94	5.63	9.7	2.63	-2.12	-0.46	-3.53
-7.12	-6.06	-4.37	-0.3	-7.37	7.88	9.54	6.47
-2.12	8.94	-9.37	4.7	-2.37	-7.12	4.54	-8.53
7.88	-1.06	0.63	-5.3	7.63	2.88	-5.46	1.47
8.51	9.56	7.51	-9.68	2.0	8.51	5.17	7.1
-1.49	-0.44	-2.49	0.32	-8.0	-1.49	-4.83	-2.9
-6.49	4.56	-7.49	-4.68	-3.0	3.51	-9.83	2.1
3.51	-5.44	2.51	5.32	7.0	-6.49	0.17	-7.9
1.01	2.06	-4.99	-7.18	-0.5	-8.99	7.67	-0.4
-8.99	-7.94	5.01	2.82	9.5	1.01	-2.33	9.6
-3.99	7.06	0.01	-2.18	4.5	-3.99	-7.33	-5.4
6.01	-2.94	-9.99	7.82	-5.5	6.01	2.67	4.6
7.26	3.31	3.76	4.07	-9.25	7.26	6.42	-6.65
-2.74	-6.69	-6.24	-5.93	0.75	-2.74	-3.58	3.35
-7.74	8.31	-1.24	9.07	5.75	2.26	-8.58	-1.65
2.26	-1.69	8.76	-0.93	-4.25	-7.74	1.42	8.35
4.76	5.81	-8.74	1.57	8.25	-5.24	8.92	0.85
-5.24	-4.19	1.26	-8.43	-1.75	4.76	-1.08	-9.15
-0.24	0.81	6.26	6.57	-6.75	-0.24	-6.08	5.85
9.76	-9.19	-3.74	-3.43	3.25	9.76	3.92	-4.15
9.83	9.17	-7.57	5.56	-7.14	2.96	-7.57	-2.35
-0.17	-0.83	2.43	-4.44	2.86	-7.04	2.43	7.65
-5.17	4.17	7.43	0.56	7.86	7.96	7.43	-7.35
4.83	-5.83	-2.57	-9.44	-2.14	-2.04	-2.57	2.65
2.33	1.67	4.93	8.06	5.36	-4.54	-5.07	5.15
-7.67	-8.33	-5.07	-1.94	-4.64	5.46	4.93	-4.85
-2.67	6.67	-0.07	3.06	-9.64	-9.54	9.93	0.15
7.33	-3.33	9.93	-6.94	0.36	0.46	-0.07	-9.85
6.08	2.92	-3.82	-0.69	4.11	1.71	-8.82	1.4
-3.92	-7.08	6.18	9.31	-5.89	-8.29	1.18	-8.6
-8.92	7.92	1.18	-5.69	-0.89	6.71	6.18	6.4
1.08	-2.08	-8.82	4.31	9.11	-3.29	-3.82	-3.6
3.58	5.42	8.68	-3.19	-3.39	-0.79	-6.32	-6.1
-6.42	-4.58	-1.32	6.81	6.61	9.21	3.68	3.9
-1.42	0.42	-6.32	-8.19	1.61	-5.79	8.68	-1.1
8.58	-9.58	3.68	1.81	-8.39	4.21	-1.32	8.9
7.96	1.04	5.56	3.68	-1.51	9.83	1.81	4.52
-2.04	-8.96	-4.44	-6.32	8.49	-0.17	-8.19	-5.48
-7.04	6.04	-9.44	8.68	3.49	4.83	-3.19	9.52
2.96	-3.96	0.56	-1.32	-6.51	-5.17	6.81	-0.48
0.46	8.54	-1.94	1.18	0.99	-7.67	4.31	-7.98
-9.54	-1.46	8.06	-8.82	-9.01	2.33	-5.69	2.02
-4.54	3.54	3.06	6.18	-4.01	-2.67	-0.69	-2.98
5.46	-6.46	-6.94	-3.82	5.99	7.33	9.31	7.02
6.71	7.29	1.81	-7.57	9.74	6.08	0.56	-4.23
-3.29	-2.71	-8.19	2.43	-0.26	-3.92	-9.44	5.77
-8.29	2.29	-3.19	-2.57	-5.26	1.08	-4.44	-9.23
1.71	-7.71	6.81	7.43	4.74	-8.92	5.56	0.77
4.21	4.79	-5.69	-5.07	-7.76	-6.42	3.06	8.27
-5.79	-5.21	4.31	4.93	2.24	3.58	-6.94	-1.73
-0.79	9.79	9.31	-0.07	7.24	-1.42	-1.94	3.27
9.21	-0.21	-0.69	9.93	-2.76	8.58	8.06	-6.73
8.9	3.86	0.24	-3.51	1.3	-9.85	-2.88	6.08
-1.1	-6.14	-9.76	6.49	-8.7	0.15	7.12	-3.92
-6.1	8.86	-4.76	-8.51	-3.7	-4.85	2.12	1.08
3.9	-1.14	5.24	1.49	6.3	5.15	-7.88	-8.92
1.4	6.36	-7.26	-1.01	-1.2	7.65	-0.38	-1.42
-8.6	-3.64	2.74	8.99	8.8	-2.35	9.62	8.58
-3.6	1.36	7.74	-6.01	3.8	2.65	4.62	-6.42
6.4	-8.64	-2.26	3.99	-6.2	-7.35	-5.38	3.58
5.15	7.61	6.49	7.74	-9.95	-6.1	-4.13	-5.17
-4.85	-2.39	-3.51	-2.26	0.05	3.9	5.87	4.83
-9.85	2.61	-8.51	2.74	5.05	-1.1	0.87	-0.17
0.15	-7.39	1.49	-7.26	-4.95	8.9	-9.13	9.83
2.65	0.11	-1.01	5.24	7.55	6.4	-1.63	2.33
-7.35	-9.89	8.99	-4.76	-2.45	-3.6	8.37	-7.67
-2.35	5.11	3.99	0.24	-7.45	1.4	3.37	7.33
7.65	-4.89	-6.01	-9.76	2.55	-8.6	-6.63	-2.67
8.27	5.73	-2.88	-5.38	6.92	-2.98	6.49	-8.29
-1.73	-4.27	7.12	4.62	-3.08	7.02	-3.51	1.71
-6.73	0.73	2.12	-0.38	-8.08	-7.98	-8.51	-3.29
3.27	-9.27	-7.88	9.62	1.92	2.02	1.49	6.71
0.77	3.23	9.62	-7.88	-5.58	4.52	8.99	4.21
-9.23	-6.77	-0.38	2.12	4.42	-5.48	-1.01	-5.79
-4.23	8.23	-5.38	-2.88	9.42	9.52	-6.01	9.21
5.77	-1.77	4.62	7.12	-0.58	-0.48	3.99	-0.79
7.02	1.98	-9.13	0.87	-4.33	-1.73	5.24	7.96
-2.98	-8.02	0.87	-9.13	5.67	8.27	-4.76	-2.04
-7.98	6.98	5.87	5.87	0.67	-6.73	-9.76	2.96
2.02	-3.02	-4.13	-4.13	-9.33	3.27	0.24	-7.04
4.52	9.48	3.37	3.37	3.17	0.77	7.74	-4.54
-5.48	-0.52	-6.63	-6.63	-6.83	-9.23	-2.26	5.46
-0.48	4.48	-1.63	8.37	-1.83	5.77	-7.26	-9.54
9.52	-5.52	8.37	-1.63	8.17	-4.23	2.74	0.46
9.68	1.51	-1.47	-9.29	-8.54	-0.32	-0.54	6.55
-0.32	-8.49	8.53	0.71	1.46	9.68	9.46	-3.45
-5.32	6.51	3.53	-4.29	6.46	-5.32	4.46	1.55
4.68	-3.49	-6.47	5.71	-3.54	4.68	-5.54	-8.45
2.18	9.01	6.03	-6.79	8.96	2.18	-3.04	-0.95
-7.82	-0.99	-3.97	3.21	-1.04	-7.82	6.96	9.05
-2.82	4.01	-8.97	-1.79	-6.04	7.18	1.96	-5.95
7.18	-5.99	1.03	8.21	3.96	-2.82	-8.04	4.05
5.93	5.26	-5.22	4.46	0.21	-4.07	-1.79	-7.2
-4.07	-4.74	4.78	-5.54	-9.79	5.93	8.21	2.8
-9.07	0.26	9.78	9.46	-4.79	-9.07	3.21	-2.2
0.93	-9.74	-0.22	-0.54	5.21	0.93	-6.79	7.8
3.43	2.76	2.28	1.96	-2.29	3.43	-4.29	0.3
-6.57	-7.24	-7.72	-8.04	7.71	-6.57	5.71	-9.7
-1.57	7.76	-2.72	6.96	2.71	8.43	0.71	5.3
8.43	-2.24	7.28	-3.04	-7.29	-1.57	-9.29	-4.7
7.8	8.39	4.15	-2.41	-2.92	-7.2	8.84	-9.07
-2.2	-1.61	-5.85	7.59	7.08	2.8	-1.16	0.93
-7.2	3.39	-0.85	-7.41	2.08	-2.2	-6.16	-4.07
2.8	-6.61	9.15	2.59	-7.92	7.8	3.84	5.93
0.3	0.89	-8.35	-4.91	4.58	5.3	6.34	3.43
-9.7	-9.11	1.65	5.09	-5.42	-4.7	-3.66	-6.57
-4.7	5.89	6.65	-9.91	-0.42	0.3	-8.66	8.43
5.3	-4.11	-3.35	0.09	9.58	-9.7	1.34	-1.57
6.55	4.64	7.9	6.34	5.83	-8.45	7.59	9.68
-3.45	-5.36	-2.1	-3.66	-4.17	1.55	-2.41	-0.32
-8.45	9.64	-7.1	1.34	-9.17	-3.45	-7.41	4.68
1.55	-0.36	2.9	-8.66	0.83	6.55	2.59	-5.32
4.05	7.14	-4.6	8.84	-6.67	9.05	5.09	-2.82
-5.95	-2.86	5.4	-1.16	3.33	-0.95	-4.91	7.18
-0.95	2.14	0.4	3.84	8.33	4.05	-9.91	-7.82
9.05	-7.86	-9.6	-6.16	-1.67	-5.95	0.09	2.18
9.37	6.83	8.84	2.28	3.02	7.49	-5.22	-0.01
-0.63	-3.17	-1.16	-7.72	-6.98	-2.51	4.78	9.99
-5.63	1.83	-6.16	7.28	-1.98	2.49	9.78	-5.01
4.37	-8.17	3.84	-2.72	8.02	-7.51	-0.22	4.99
1.87	4.33	-3.66	4.78	-4.48	-5.01	-7.72	7.49
-8.13	-5.67	6.34	-5.22	5.52	4.99	2.28	-2.51
-3.13	9.33	1.34	9.78	0.52	-0.01	7.28	2.49
6.87	-0.67	-8.66	-0.22	-9.48	9.99	-2.72	-7.51
5.62	0.58	2.59	-6.47	-5.73	8.74	-6.47	1.24
-4.38	-9.42	-7.41	3.53	4.27	-1.26	3.53	-8.76
-9.38	5.58	-2.41	-1.47	9.27	3.74	8.53	6.24
0.62	-4.42	7.59	8.53	-0.73	-6.26	-1.47	-3.76
3.12	8.08	-9.91	-8.97	6.77	-8.76	-8.97	-6.26
-6.88	-1.92	0.09	1.03	-3.23	1.24	1.03	3.74
-1.88	3.08	5.09	-3.97	-8.23	-3.76	6.03	-1.26
8.12	-6.92	-4.91	6.03	1.77	6.24	-3.97	8.74
8.74	3.7	-6.79	9.15	8.64	0.62	4.15	3.12
-1.26	-6.3	3.21	-0.85	-1.36	-9.38	-5.85	-6.88
-6.26	8.7	8.21	4.15	-6.36	5.62	-0.85	8.12
3.74	-1.3	-1.79	-5.85	3.64	-4.38	9.15	-1.88
1.24	6.2	0.71	6.65	-8.86	-1.88	1.65	-9.38
-8.76	-3.8	-9.29	-3.35	1.14	8.12	-8.35	0.62
-3.76	1.2	-4.29	1.65	6.14	-6.88	-3.35	-4.38
6.24	-8.8	5.71	-8.35	-3.86	3.12	6.65	5.62
7.49	9.95	-0.54	-4.6	-0.11	4.37	2.9	-3.13
-2.51	-0.05	9.46	5.4	9.89	-5.63	-7.1	6.87
-7.51	4.95	4.46	-9.6	4.89	9.37	-2.1	-8.13
2.49	-5.05	-5.54	0.4	-5.11	-0.63	7.9	1.87
4.99	2.45	6.96	-2.1	2.39	-3.13	0.4	9.37
-5.01	-7.55	-3.04	7.9	-7.61	6.87	-9.6	-0.63
-0.01	7.45	-8.04	-7.1	-2.61	-8.13	-4.6	4.37
9.99	-2.55	1.96	2.9	7.39	1.87	5.4	-5.63
9.99	3.73	-1.98	1.93	3.47	-1.58	-3.11	-8.44
-0.01	-6.27	8.02	-8.07	-6.53	8.42	6.89	1.56
-5.01	8.73	3.02	6.93	-1.53	-6.58	1.89	-3.44
4.99	-1.27	-6.98	-3.07	8.47	3.42	-8.11	6.56
2.49	6.23	5.52	4.43	-4.03	0.92	-0.61	4.06
-7.51	-3.77	-4.48	-5.57	5.97	-9.08	9.39	-5.94
-2.51	1.23	-9.48	9.43	0.97	5.92	4.39	9.06
7.49	-8.77	0.52	-0.57	-9.03	-4.08	-5.61	-0.94
6.24	9.98	-5.73	-6.82	-5.28	-2.83	-4.36	7.81
-3.76	-0.02	4.27	3.18	4.72	7.17	5.64	-2.19
-8.76	4.98	9.27	-1.82	9.72	-7.83	0.64	2.81
1.24	-5.02	-0.73	8.18	-0.28	2.17	-9.36	-7.19
3.74	2.48	1.77	-9.32	7.22	4.67	-1.86	-4.69
-6.26	-7.52	-8.23	0.68	-2.78	-5.33	8.14	5.31
-1.26	7.48	-3.23	-4.32	-7.78	9.67	3.14	-9.69
8.74	-2.52	6.77	5.68	2.22	-0.33	-6.86	0.31
8.11	6.85	4.9	8.8	7.85	-5.95	6.26	5.93
-1.89	-3.15	-5.1	-1.2	-2.15	4.05	-3.74	-4.07
-6.89	1.85	-0.1	3.8	-7.15	-0.95	-8.74	0.93
3.11	-8.15	9.9	-6.2	2.85	9.05	1.26	-9.07
0.61	4.35	-7.6	6.3	-9.65	6.55	8.76	-1.57
-9.39	-5.65	2.4	-3.7	0.35	-3.45	-1.24	8.43
-4.39	9.35	7.4	1.3	5.35	1.55	-6.24	-6.57
5.61	-0.65	-2.6	-8.7	-4.65	-8.45	3.76	3.43
6.86	0.6	8.65	-4.95	-0.9	-9.7	5.01	-5.32
-3.14	-9.4	-1.35	5.05	9.1	0.3	-4.99	4.68
-8.14	5.6	-6.35	-9.95	4.1	-4.7	-9.99	-0.32
1.86	-4.4	3.65	0.05	-5.9	5.3	0.01	9.68
4.36	8.1	-3.85	-2.45	1.6	7.8	7.51	2.18
-5.64	-1.9	6.15	7.55	-8.4	-2.2	-2.49	-7.82
-0.64	3.1	1.15	-7.45	-3.4	2.8	-7.49	7.18
9.36	-6.9	-8.85	2.55	6.6	-7.2	2.51	-2.82
9.05	8.41	9.58	-9.01	-8.09	6.24	-7.8	5.0
-0.95	-1.59	-0.42	0.99	1.91	-3.76	2.2	-5.0
-5.95	3.41	-5.42	-4.01	6.91	1.24	7.2	10.0
4.05	-6.59	4.58	5.99	-3.09	-8.76	-2.8	-0.0
1.55	0.91	-2.92	-6.51	9.41	-6.26	-5.3	-7.5
-8.45	-9.09	7.08	3.49	-0.59	3.74	4.7	2.5
-3.45	5.91	2.08	-1.51	-5.59	-1.26	9.7	-2.5
6.55	-4.09	-7.92	8.49	4.41	8.74	-0.3	7.5
5.3	4.66	3.33	4.74	0.66	9.99	-9.05	-3.75
-4.7	-5.34	-6.67	-5.26	-9.34	-0.01	0.95	6.25
-9.7	9.66	-1.67	9.74	-4.34	4.99	5.95	-8.75
0.3	-0.34	8.33	-0.26	5.66	-5.01	-4.05	1.25
2.8	7.16	-9.17	2.24	-1.84	-7.51	-6.55	8.75
-7.2	-2.84	0.83	-7.76	8.16	2.49	3.45	-1.25
-2.2	2.16	5.83	7.24	3.16	-2.51	8.45	3.75
7.8	-7.84	-4.17	-2.76	-6.84	7.49	-1.55	-6.25
8.42	1.54	-7.29	-2.13	-3.72	1.86	1.58	-1.88
-1.58	-8.46	2.71	7.87	6.28	-8.14	-8.42	8.12
-6.58	6.54	7.71	-7.13	1.28	6.86	-3.42	-6.88
3.42	-3.46	-2.29	2.87	-8.72	-3.14	6.58	3.12
0.92	9.04	0.21	-4.63	3.78	-0.64	4.08	5.62
-9.08	-0.96	-9.79	5.37	-6.22	9.36	-5.92	-4.38
-4.08	4.04	-4.79	-9.63	-1.22	-5.64	-0.92	0.62
5.92	-5.96	5.21	0.37	8.78	4.36	9.08	-9.38
7.17	5.29	-1.04	6.62	5.03	3.11	0.33	1.87
-2.83	-4.71	8.96	-3.38	-4.97	-6.89	-9.67	-8.13
-7.83	0.29	3.96	1.62	-9.97	8.11	-4.67	6.87
2.17	-9.71	-6.04	-8.38	0.03	-1.89	5.33	-3.13
4.67	2.79	6.46	9.12	-7.47	-4.39	2.83	-5.63
-5.33	-7.21	-3.54	-0.88	2.53	5.61	-7.17	4.37
-0.33	7.79	-8.54	4.12	7.53	-9.39	-2.17	-0.63
9.67	-2.21	1.46	-5.88	-2.47	0.61	7.83	9.37
9.52	5.76	-8.38	-3.23	2.07	4.2	-5.14	2.65
-0.48	-4.24	1.62	6.77	-7.93	-5.8	4.86	-7.35
-5.48	0.76	6.62	-8.23	-2.93	9.2	9.86	7.65
4.52	-9.24	-3.38	1.77	7.07	-0.8	-0.14	-2.35
2.02	3.26	4.12	-0.73	-0.43	-3.3	-7.64	-9.85
-7.98	-6.74	-5.88	9.27	9.57	6.7	2.36	0.15
-2.98	8.26	-0.88	-5.73	4.57	-8.3	7.36	-4.85
7.02	-1.74	9.12	4.27	-5.43	1.7	-2.64	5.15
5.77	2.01	-4.63	8.02	-9.18	0.45	-6.39	-3.6
-4.23	-7.99	5.37	-1.98	0.82	-9.55	3.61	6.4
-9.23	7.01	0.37	3.02	5.82	5.45	8.61	-8.6
0.77	-2.99	-9.63	-6.98	-4.18	-4.55	-1.39	1.4
3.27	9.51	7.87	5.52	8.32	-2.05	-8.89	8.9
-6.73	-0.49	-2.13	-4.48	-1.68	7.95	1.11	-1.1
-1.73	4.51	-7.13	0.52	-6.68	-7.05	6.11	3.9
8.27	-5.49	2.87	-9.48	3.32	2.95	-3.89	-6.1
7.64	3.88	5.99	-5.1	6.44	8.58	4.23	-0.47
-2.36	-6.12	-4.01	4.9	-3.56	-1.42	-5.77	9.53
-7.36	8.88	-9.01	-0.1	-8.56	3.58	-0.77	-5.47
2.64	-1.12	0.99	9.9	1.44	-6.42	9.23	4.53
0.14	6.38	-1.51	-7.6	-6.06	-8.92	1.73	7.03
-9.86	-3.62	8.49	2.4	3.94	1.08	-8.27	-2.97
-4.86	1.38	3.49	-2.6	8.94	-3.92	-3.27	2.03
5.14	-8.62	-6.51	7.4	-1.06	6.08	6.73	-7.97
6.39	7.63	2.24	1.15	-4.81	7.33	2.98	0.78
-3.61	-2.37	-7.76	-8.85	5.19	-2.67	-7.02	-9.22
-8.61	2.63	-2.76	6.15	0.19	2.33	-2.02	5.78
1.39	-7.37	7.24	-3.85	-9.81	-7.67	7.98	-4.22
3.89	0.13	-5.26	3.65	2.69	-5.17	0.48	-6.72
-6.11	-9.87	4.74	-6.35	-7.31	4.83	-9.52	3.28
-1.11	5.13	9.74	8.65	-2.31	-0.17	-4.52	-1.72
8.89	-4.87	-0.26	-1.35	7.69	9.83	5.48	8.28
9.2	1.07	0.68	5.21	-6.37	-8.61	-0.45	-8.91
-0.8	-8.93	-9.32	-4.79	3.63	1.39	9.55	1.09
-5.8	6.07	-4.32	0.21	8.63	-3.61	4.55	-3.91
4.2	-3.93	5.68	-9.79	-1.37	6.39	-5.45	6.09
1.7	8.57	-6.82	7.71	6.13	8.89	-2.95	3.59
-8.3	-1.43	3.18	-2.29	-3.87	-1.11	7.05	-6.41
-3.3	3.57	8.18	2.71	-8.87	3.89	2.05	8.59
6.7	-6.43	-1.82	-7.29	1.13	-6.11	-7.95	-1.41
5.45	7.32	6.93	-1.04	4.88	-7.36	-1.7	9.84
-4.55	-2.68	-3.07	8.96	-5.12	2.64	8.3	-0.16
-9.55	2.32	-8.07	-6.04	-0.12	-2.36	3.3	4.84
0.45	-7.68	1.93	3.96	9.88	7.64	-6.7	-5.16
2.95	4.82	-0.57	-3.54	-2.62	5.14	-4.2	-2.66
-7.05	-5.18	9.43	6.46	7.38	-4.86	5.8	7.34
-2.05	9.82	4.43	-8.54	2.38	0.14	0.8	-7.66
7.95	-0.18	-5.57	1.46	-7.62	-9.86	-9.2	2.34
8.58	9.19	-3.7	3.33	-2.0	-4.23	8.92	6.71
-1.42	-0.81	6.3	-6.67	8.0	5.77	-1.08	-3.29
-6.42	4.19	1.3	8.33	3.0	-9.23	-6.08	1.71
3.58	-5.81	-8.7	-1.67	-7.0	0.77	3.92	-8.29
1.08	1.69	8.8	0.83	0.5	3.27	6.42	-0.79
-8.92	-8.31	-1.2	-9.17	-9.5	-6.73	-3.58	9.21
-3.92	6.69	-6.2	5.83	-4.5	8.27	-8.58	-5.79
6.08	-3.31	3.8	-4.17	5.5	-1.73	1.42	4.21
7.33	2.94	-9.95	-7.92	9.25	-0.48	7.67	-7.04
-2.67	-7.06	0.05	2.08	-0.75	9.52	-2.33	2.96
-7.67	7.94	5.05	-2.92	-5.75	-5.48	-7.33	-2.04
2.33	-2.06	-4.95	7.08	4.25	4.52	2.67	7.96
4.83	5.44	2.55	-5.42	-8.25	2.02	5.17	0.46
-5.17	-4.56	-7.45	4.58	1.75	-7.98	-4.83	-9.54
-0.17	0.44	-2.45	-0.42	6.75	7.02	-9.83	5.46
9.83	-9.56	7.55	9.58	-3.25	-2.98	0.17	-4.54
9.75	9.58	3.73	-1.74	7.14	-9.94	-6.31	-1.33
-0.25	-0.42	-6.27	8.26	-2.86	0.06	3.69	8.67
-5.25	4.58	-1.27	-6.74	-7.86	-4.94	8.69	-6.33
4.75	-5.42	8.73	3.26	2.14	5.06	-1.31	3.67
2.25	2.08	-8.77	-4.24	-5.36	7.56	-8.81	6.17
-7.75	-7.92	1.23	5.76	4.64	-2.44	1.19	-3.83
-2.75	7.08	6.23	-9.24	9.64	2.56	6.19	1.17
7.25	-2.92	-3.77	0.76	-0.36	-7.44	-3.81	-8.83
6.0	3.33	9.98	7.01	-4.11	-6.19	-5.06	2.42
-4.0	-6.67	-0.02	-2.99	5.89	3.81	4.94	-7.58
-9.0	8.33	-5.02	2.01	0.89	-1.19	9.94	7.42
1.0	-1.67	4.98	-7.99	-9.11	8.81	-0.06	-2.58
3.5	5.83	-2.52	9.51	3.39	6.31	-7.56	-5.08
-6.5	-4.17	7.48	-0.49	-6.61	-3.69	2.44	4.92
-1.5	0.83	2.48	4.51	-1.61	1.31	7.44	-0.08
8.5	-9.17	-7.52	-5.49	8.39	-8.69	-2.56	9.92
7.88	0.21	-0.65	-9.87	1.52	-3.06	3.06	4.29
-2.12	-9.79	9.35	0.13	-8.48	6.94	-6.94	-5.71
-7.12	5.21	4.35	-4.87	-3.48	-8.06	-1.94	9.29
2.88	-4.79	-5.65	5.13	6.52	1.94	8.06	-0.71
0.38	7.71	6.85	-7.37	-0.98	4.44	0.56	-8.21
-9.62	-2.29	-3.15	2.63	9.02	-5.56	-9.44	1.79
-4.62	2.71	-8.15	-2.37	4.02	9.44	-4.44	-3.21
5.38	-7.29	1.85	7.63	-5.98	-0.56	5.56	6.79
6.63	6.46	-6.9	3.88	-9.73	-1.81	4.31	-4.46
-3.37	-3.54	3.1	-6.12	0.27	8.19	-5.69	5.54
-8.37	1.46	8.1	8.88	5.27	-6.81	-0.69	-9.46
1.63	-8.54	-1.9	-1.12	-4.73	3.19	9.31	0.54
4.13	3.96	0.6	1.38	7.77	0.69	1.81	8.04
-5.87	-6.04	-9.4	-8.62	-2.23	-9.31	-8.19	-1.96
-0.87	8.96	-4.4	6.38	-7.23	5.69	-3.19	3.04
9.13	-1.04	5.6	-3.62	2.77	-4.31	6.81	-6.96
8.81	4.9	-5.96	9.82	-1.29	2.88	-1.63	5.23
-1.19	-5.1	4.04	-0.18	8.71	-7.12	8.37	-4.77
-6.19	9.9	9.04	4.82	3.71	7.88	3.37	0.23
3.81	-0.1	-0.96	-5.18	-6.29	-2.12	-6.63	-9.77
1.31	7.4	1.54	7.32	1.21	-4.62	-4.13	-2.27
-8.69	-2.6	-8.46	-2.68	-8.79	5.38	5.87	7.73
-3.69	2.4	-3.46	2.32	-3.79	-9.62	0.87	-7.27
6.31	-7.6	6.54	-7.68	6.21	0.38	-9.13	2.73
5.06	8.65	-2.21	-3.93	9.96	1.63	-0.38	-6.02
-4.94	-1.35	7.79	6.07	-0.04	-8.37	9.62	3.98
-9.94	3.65	2.79	-8.93	-5.04	6.63	4.62	-1.02
0.06	-6.35	-7.21	1.07	4.96	-3.37	-5.38	8.98
2.56	1.15	5.29	-1.43	-7.54	-0.87	-2.88	1.48
-7.44	-8.85	-4.71	8.57	2.46	9.13	7.12	-8.52
-2.44	6.15	-9.71	-6.43	7.46	-5.87	2.12	6.48
7.56	-3.85	0.29	3.57	-2.54	4.13	-7.88	-3.52
8.19	5.52	8.41	1.69	-6.92	9.75	7.75	-7.9
-1.81	-4.48	-1.59	-8.31	3.08	-0.25	-2.25	2.1
-6.81	0.52	-6.59	6.69	8.08	4.75	-7.25	-2.9
3.19	-9.48	3.41	-3.31	-1.92	-5.25	2.75	7.1
0.69	3.02	-4.09	4.19	5.58	-7.75	5.25	4.6
-9.31	-6.98	5.91	-5.81	-4.42	2.25	-4.75	-5.4
-4.31	8.02	0.91	9.19	-9.42	-2.75	-9.75	9.6
5.69	-1.98	-9.09	-0.81	0.58	7.25	0.25	-0.4
6.94	1.77	4.66	-7.06	4.33	6.0	9.0	8.35
-3.06	-8.23	-5.34	2.94	-5.67	-4.0	-1.0	-1.65
-8.06	6.77	-0.34	-2.06	-0.67	1.0	-6.0	3.35
1.94	-3.23	9.66	7.94	9.33	-9.0	4.0	-6.65
4.44	9.27	-7.84	-9.56	-3.17	-6.5	6.5	-4.15
-5.56	-0.73	2.16	0.44	6.83	3.5	-3.5	5.85
-0.56	4.27	7.16	-4.56	1.83	-1.5	-8.5	-9.15
9.44	-5.73	-2.84	5.44	-8.17	8.5	1.5	0.85
9.59	2.24	7.32	3.1	8.55	7.41	-4.28	7.26
-0.41	-7.76	-2.68	-6.9	-1.45	-2.59	5.72	-2.74
-5.41	7.24	-7.68	8.1	-6.45	2.41	0.72	2.26
4.59	-2.76	2.32	-1.9	3.55	-7.59	-9.28	-7.74
2.09	9.74	-0.18	0.6	-8.95	-5.09	-1.78	-0.24
-7.91	-0.26	9.82	-9.4	1.05	4.91	8.22	9.76
-2.91	4.74	4.82	5.6	6.05	-0.09	3.22	-5.24
7.09	-5.26	-5.18	-4.4	-3.95	9.91	-6.78	4.76
5.84	5.99	1.07	-8.15	-0.2	8.66	-3.03	-6.49
-4.16	-4.01	-8.93	1.85	9.8	-1.34	6.97	3.51
-9.16	0.99	-3.93	-3.15	4.8	3.66	1.97	-1.49
0.84	-9.01	6.07	6.85	-5.2	-6.34	-8.03	8.51
3.34	3.49	-6.43	-5.65	2.3	-8.84	-0.53	1.01
-6.66	-6.51	3.57	4.35	-7.7	1.16	9.47	-8.99
-1.66	8.49	8.57	-0.65	-2.7	-3.84	4.47	6.01
8.34	-1.51	-1.43	9.35	7.3	6.16	-5.53	-3.99
7.72	7.87	-9.56	6.23	2.92	0.53	5.09	-9.61
-2.28	-2.13	0.44	-3.77	-7.08	-9.47	-4.91	0.39
-7.28	2.87	5.44	1.23	-2.08	5.53	-9.91	-4.61
2.72	-7.13	-4.56	-8.77	7.92	-4.47	0.09	5.39
0.22	0.37	2.94	8.73	-4.58	-1.97	7.59	2.89
-9.78	-9.63	-7.06	-1.27	5.42	8.03	-2.41	-7.11
-4.78	5.37	-2.06	3.73	0.42	-6.97	-7.41	7.89
5.22	-4.63	7.94	-6.27	-9.58	3.03	2.59	-2.11
6.47	4.12	-3.31	-0.02	-5.83	4.28	6.34	9.14
-3.53	-5.88	6.69	9.98	4.17	-5.72	-3.66	-0.86
-8.53	9.12	1.69	-5.02	9.17	9.28	-8.66	4.14
1.47	-0.88	-8.31	4.98	-0.83	-0.72	1.34	-5.86
3.97	6.62	9.19	-2.52	6.67	-3.22	8.84	-3.36
-6.03	-3.38	-0.81	7.48	-3.33	6.78	-1.16	6.64
-1.03	1.62	-5.81	-7.52	-8.33	-8.22	-6.16	-8.36
8.97	-8.38	4.19	2.48	1.67	1.78	3.84	1.64
9.28	6.93	-4.87	-5.96	-3.01	-0.41	-8.97	-1.18
-0.72	-3.07	5.13	4.04	6.99	9.59	1.03	8.82
-5.72	1.93	0.13	-0.96	1.99	-5.41	6.03	-6.18
4.28	-8.07	-9.87	9.04	-8.01	4.59	-3.97	3.82
1.78	4.43	7.63	-8.46	4.49	2.09	-6.47	6.32
-8.22	-5.57	-2.37	1.54	-5.51	-7.91	3.53	-3.68
-3.22	9.43	-7.37	-3.46	-0.51	7.09	8.53	1.32
6.78	-0.57	2.63	6.54	9.49	-2.91	-1.47	-8.68
5.53	0.68	-8.62	0.29	5.74	-4.16	-7.72	0.07
-4.47	-9.32	1.38	-9.71	-4.26	5.84	2.28	-9.93
-9.47	5.68	6.38	5.29	-9.26	-9.16	7.28	5.07
0.53	-4.32	-3.62	-4.71	0.74	0.84	-2.72	-4.93
3.03	8.18	3.88	2.79	-6.76	3.34	-5.22	-7.43
-6.97	-1.82	-6.12	-7.21	3.24	-6.66	4.78	2.57
-1.97	3.18	-1.12	7.79	8.24	8.34	9.78	-2.43
8.03	-6.82	8.88	-2.21	-1.76	-1.66	-0.22	7.57
8.66	2.55	2.01	-2.84	-8.64	-7.28	0.41	3.2
-1.34	-7.45	-7.99	7.16	1.36	2.72	-9.59	-6.8
-6.34	7.55	-2.99	-7.84	6.36	-2.28	-4.59	8.2
3.66	-2.45	7.01	2.16	-3.64	7.72	5.41	-1.8
1.16	5.05	-5.49	-0.34	8.86	5.22	2.91	-9.3
-8.84	-4.95	4.51	9.66	-1.14	-4.78	-7.09	0.7
-3.84	0.05	9.51	-5.34	-6.14	0.22	-2.09	-4.3
6.16	-9.95	-0.49	4.66	3.86	-9.78	7.91	5.7
7.41	8.8	5.76	8.41	0.11	-8.53	1.66	-3.05
-2.59	-1.2	-4.24	-1.59	-9.89	1.47	-8.34	6.95
-7.59	3.8	-9.24	3.41	-4.89	-3.53	-3.34	-8.05
2.41	-6.2	0.76	-6.59	5.11	6.47	6.66	1.95
4.91	1.3	-1.74	5.91	-2.39	8.97	4.16	9.45
-5.09	-8.7	8.26	-4.09	7.61	-1.03	-5.84	-0.55
-0.09	6.3	3.26	0.91	2.61	3.97	-0.84	4.45
9.91	-3.7	-6.74	-9.09	-7.39	-6.03	9.16	-5.55
9.87	6.26	5.09	6.26	-0.47	1.43	3.73	-4.34
-0.13	-3.74	-4.91	-3.74	9.53	-8.57	-6.27	5.66
-5.13	1.26	-9.91	1.26	4.53	6.43	-1.27	-9.34
4.87	-8.74	0.09	-8.74	-5.47	-3.57	8.73	0.66
2.37	3.76	-2.41	8.76	2.03	-1.07	1.23	8.16
-7.63	-6.24	7.59	-1.24	-7.97	8.93	-8.77	-1.84
-2.63	8.76	2.59	3.76	-2.97	-6.07	-3.77	3.16
7.37	-1.24	-7.41	-6.24	7.03	3.93	6.23	-6.84
6.12	0.01	1.34	-2.49	8.28	2.68	4.98	4.41
-3.88	-9.99	-8.66	7.51	-1.72	-7.32	-5.02	-5.59
-8.88	5.01	-3.66	-7.49	-6.72	7.68	-0.02	9.41
1.12	-4.99	6.34	2.51	3.28	-2.32	9.98	-0.59
3.62	7.51	-6.16	-4.99	-9.22	-4.82	2.48	-8.09
-6.38	-2.49	3.84	5.01	0.78	5.18	-7.52	1.91
-1.38	2.51	8.84	-9.99	5.78	-9.82	-2.52	-3.09
8.62	-7.49	-1.16	0.01	-4.22	0.18	7.48	6.91
7.99	3.14	-8.03	4.39	-6.1	5.81	-6.9	1.28
-2.01	-6.86	1.97	-5.61	3.9	-4.19	3.1	-8.72
-7.01	8.14	6.97	9.39	8.9	0.81	8.1	6.28
2.99	-1.86	-3.03	-0.61	-1.1	-9.19	-1.9	-3.72
0.49	5.64	4.47	1.89	6.4	-6.69	-9.4	-6.22
-9.51	-4.36	-5.53	-8.11	-3.6	3.31	0.6	3.78
-4.51	0.64	-0.53	6.89	-8.6	-1.69	5.6	-1.22
5.49	-9.36	9.47	-3.11	1.4	8.31	-4.4	8.78
6.74	9.39	-4.28	-9.36	2.65	9.56	-5.65	-2.47
-3.26	-0.61	5.72	0.64	-7.35	-0.44	4.35	7.53
-8.26	4.39	0.72	-4.36	-2.35	4.56	9.35	-7.47
1.74	-5.61	-9.28	5.64	7.65	-5.44	-0.65	2.53
4.24	1.89	8.22	-6.86	-4.85	-7.94	-8.15	5.03
-5.76	-8.11	-1.78	3.14	5.15	2.06	1.85	-4.97
-0.76	6.89	-6.78	-1.86	0.15	-2.94	6.85	0.03
9.24	-3.11	3.22	8.14	-9.85	7.06	-3.15	-9.97
8.93	1.58	-2.72	-4.67	6.09	-5.76	8.41	7.85
-1.07	-8.42	7.28	5.33	-3.91	4.24	-1.59	-2.15
-6.07	6.58	2.28	-9.67	-8.91	-0.76	-6.59	2.85
3.93	-3.42	-7.72	0.33	1.09	9.24	3.41	-7.15
1.43	9.08	9.78	-2.17	-6.41	6.74	5.91	-4.65
-8.57	-0.92	-0.22	7.83	3.59	-3.26	-4.09	5.35
-3.57	4.08	-5.22	-7.17	8.59	1.74	-9.09	-9.65
6.43	-5.92	4.78	2.83	-1.41	-8.26	0.91	0.35
5.18	5.33	-8.97	9.08	-2.66	-9.51	9.66	-8.4
-4.82	-4.67	1.03	-0.92	7.34	0.49	-0.34	1.6
-9.82	0.33	6.03	4.08	2.34	-4.51	-5.34	-3.4
0.18	-9.67	-3.97	-5.92	-7.66	5.49	4.66	6.6
2.68	2.83	3.53	6.58	4.84	7.99	7.16	4.1
-7.32	-7.17	-6.47	-3.42	-5.16	-2.01	-2.84	-5.9
-2.32	7.83	-1.47	1.58	-0.16	2.99	-7.84	9.1
7.68	-2.17	8.53	-8.42	9.84	-7.01	2.16	-0.9
8.31	8.45	0.41	-6.55	0.46	-1.38	-2.21	-5.28
-1.69	-1.55	-9.59	3.45	-9.54	8.62	7.79	4.72
-6.69	3.45	-4.59	-1.55	-4.54	-6.38	2.79	-0.28
3.31	-6.55	5.41	8.45	5.46	3.62	-7.21	9.72
0.81	0.95	-7.09	-9.05	-2.04	1.12	-4.71	2.22
-9.19	-9.05	2.91	0.95	7.96	-8.88	5.29	-7.78
-4.19	5.95	7.91	-4.05	2.96	6.12	0.29	7.22
5.81	-4.05	-2.09	5.95	-7.04	-3.88	-9.71	-2.78
7.06	4.7	6.66	2.2	-8.29	-2.63	-0.96	5.97
-2.94	-5.3	-3.34	-7.8	1.71	7.37	9.04	-4.03
-7.94	9.7	-8.34	7.2	6.71	-7.63	4.04	0.97
2.06	-0.3	1.66	-2.8	-3.29	2.37	-5.96	-9.03
4.56	7.2	-0.84	4.7	9.21	4.87	-3.46	-1.53
-5.44	-2.8	9.16	-5.3	-0.79	-5.13	6.54	8.47
-0.44	2.2	4.16	9.7	-5.79	9.87	1.54	-6.53
9.56	-7.8	-5.84	-0.3	4.21	-0.13	-8.46	3.47
9.4	4.23	4.0	-7.64	-3.75	-4.04	5.76	9.57
-0.6	-5.77	-6.0	2.36	6.25	5.96	-4.24	-0.43
-5.6	9.23	-1.0	-2.64	1.25	-9.04	-9.24	4.57
4.4	-0.77	9.0	7.36	-8.75	0.96	0.76	-5.43
1.9	6.73	-8.5	-5.14	3.75	3.46	8.26	-2.93
-8.1	-3.27	1.5	4.86	-6.25	-6.54	-1.74	7.07
-3.1	1.73	6.5	-0.14	-1.25	8.46	-6.74	-7.93
6.9	-8.27	-3.5	9.86	8.75	-1.54	3.26	2.07
5.65	7.98	7.75	3.61	7.5	-0.29	7.01	-9.18
-4.35	-2.02	-2.25	-6.39	-2.5	9.71	-2.99	0.82
-9.35	2.98	-7.25	8.61	-7.5	-5.29	-7.99	-4.18
0.65	-7.02	2.75	-1.39	2.5	4.71	2.01	5.82
3.15	0.48	-4.75	1.11	-5.0	2.21	9.51	3.32
-6.85	-9.52	5.25	-8.89	5.0	-7.79	-0.49	-6.68
-1.85	5.48	0.25	6.11	10.0	7.21	-5.49	8.32
8.15	-4.52	-9.75	-3.89	-0.0	-2.79	4.51	-1.68
7.52	6.11	-1.63	-0.77	-9.38	-8.41	-4.87	-7.31
-2.48	-3.89	8.37	9.23	0.62	1.59	5.13	2.69
-7.48	1.11	3.37	-5.77	5.62	-3.41	0.13	-2.31
2.52	-8.89	-6.63	4.23	-4.38	6.59	-9.87	7.69
0.02	3.61	5.87	-3.27	8.12	9.09	-2.37	0.19
-9.98	-6.39	-4.13	6.73	-1.88	-0.91	7.63	-9.81
-4.98	8.61	-9.13	-8.27	-6.88	4.09	2.63	5.19
5.02	-1.39	0.87	1.73	3.12	-5.91	-7.37	-4.81
6.27	2.36	-5.38	5.48	1.87	-7.16	-3.62	6.44
-3.73	-7.64	4.62	-4.52	-8.13	2.84	6.38	-3.56
-8.73	7.36	9.62	0.48	-3.13	-2.16	1.38	1.44
1.27	-2.64	-0.38	-9.52	6.87	7.84	-8.62	-8.56
3.77	9.86	2.12	7.98	-0.63	5.34	-1.12	-1.06
-6.23	-0.14	-7.88	-2.02	9.37	-4.66	8.88	8.94
-1.23	4.86	-2.88	2.98	4.37	0.34	3.88	-6.06
8.77	-5.14	7.12	-7.02	-5.63	-9.66	-6.12	3.94
9.09	8.92	-6.31	0.8	9.68	8.15	1.07	-3.25
-0.91	-1.08	3.69	-9.2	-0.32	-1.85	-8.93	6.75
-5.91	3.92	8.69	5.8	-5.32	3.15	-3.93	-8.25
4.09	-6.08	-1.31	-4.2	4.68	-6.85	6.07	1.75
1.59	1.42	1.19	3.3	-7.82	-9.35	3.57	9.25
-8.41	-8.58	-8.81	-6.7	2.18	0.65	-6.43	-0.75
-3.41	6.42	-3.81	8.3	7.18	-4.35	-1.43	4.25
6.59	-3.58	6.19	-1.7	-2.82	5.65	8.57	-5.75
5.34	2.67	-0.06	-5.45	-1.57	6.9	2.32	3.0
-4.66	-7.33	9.94	4.55	8.43	-3.1	-7.68	-7.0
-9.66	7.67	4.94	-0.45	3.43	1.9	-2.68	8.0
0.34	-2.33	-5.06	9.55	-6.57	-8.1	7.32	-2.0
2.84	5.17	7.44	-7.95	0.93	-5.6	4.82	-9.5
-7.16	-4.83	-2.56	2.05	-9.07	4.4	-5.18	0.5
-2.16	0.17	-7.56	-2.95	-4.07	-0.6	-0.18	-4.5
7.84	-9.83	2.44	7.05	5.93	9.4	9.82	5.5
8.46	0.8	9.31	7.67	4.06	3.77	-9.56	1.13
-1.54	-9.2	-0.69	-2.33	-5.94	-6.23	0.44	-8.87
-6.54	5.8	-5.69	2.67	-0.94	8.77	5.44	6.13
3.46	-4.2	4.31	-7.33	9.06	-1.23	-4.56	-3.87
0.96	8.3	-3.19	5.17	-3.44	-3.73	-7.06	-6.37
-9.04	-1.7	6.81	-4.83	6.56	6.27	2.94	3.63
-4.04	3.3	1.81	0.17	1.56	-8.73	7.94	-1.37
5.96	-6.7	-8.19	-9.83	-8.44	1.27	-2.06	8.63
7.21	7.05	3.06	-3.58	-7.19	0.02	-8.31	-0.12
-2.79	-2.95	-6.94	6.42	2.81	-9.98	1.69	9.88
-7.79	2.05	-1.94	-8.58	7.81	5.02	6.69	-5.12
2.21	-7.95	8.06	1.42	-2.19	-4.98	-3.31	4.88
4.71	4.55	-9.44	-1.08	5.31	-2.48	-5.81	7.38
-5.29	-5.45	0.56	8.92	-4.69	7.52	4.19	-2.62
-0.29	9.55	5.56	-6.08	-9.69	-7.48	9.19	2.38
9.71	-0.45	-4.44	3.92	0.31	2.52	-0.81	-7.62
9.79	0.41	-9.36	-7.41	-8.83	9.48	6.93	-5.83
-0.21	-9.59	0.64	2.59	1.17	-0.52	-3.07	4.17
-5.21	5.41	5.64	-2.41	6.17	4.48	-8.07	-0.83
4.79	-4.59	-4.36	7.59	-3.83	-5.52	1.93	9.17
2.29	7.91	3.14	-9.91	8.67	-8.02	9.43	1.67
-7.71	-2.09	-6.86	0.09	-1.33	1.98	-0.57	-8.33
-2.71	2.91	-1.86	-4.91	-6.33	-3.02	-5.57	6.67
7.29	-7.09	8.14	5.09	3.67	6.98	4.43	-3.33
6.04	6.66	-3.11	1.34	2.42	5.73	5.68	5.42
-3.96	-3.34	6.89	-8.66	-7.58	-4.27	-4.32	-4.58
-8.96	1.66	1.89	6.34	-2.58	0.73	-9.32	0.42
1.04	-8.34	-8.11	-3.66	7.42	-9.27	0.68	-9.58
3.54	4.16	9.39	3.84	-0.08	-6.77	8.18	-2.08
-6.46	-5.84	-0.61	-6.16	9.92	3.23	-1.82	7.92
-1.46	9.16	-5.61	8.84	4.92	-1.77	-6.82	-7.08
8.54	-0.84	4.39	-1.16	-5.08	8.23	3.18	2.92
7.92	9.78	6.26	-4.28	-4.46	2.6	-3.7	8.55
-2.08	-0.22	-3.74	5.72	5.54	-7.4	6.3	-1.45
-7.08	4.78	-8.74	-9.28	0.54	7.6	1.3	3.55
2.92	-5.22	1.26	0.72	-9.46	-2.4	-8.7	-6.45
0.42	2.28	-1.24	-1.78	3.04	-4.9	-1.2	-3.95
-9.58	-7.72	8.76	8.22	-6.96	5.1	8.8	6.05
-4.58	7.28	3.76	-6.78	-1.96	-9.9	3.8	-8.95
5.42	-2.72	-6.24	3.22	8.04	0.1	-6.2	1.05
6.67	3.53	0.01	9.47	6.79	1.35	-4.95	-7.7
-3.33	-6.47	-9.99	-0.53	-3.21	-8.65	5.05	2.3
-8.33	8.53	-4.99	4.47	-8.21	6.35	0.05	-2.7
1.67	-1.47	5.01	-5.53	1.79	-3.65	-9.95	7.3
4.17	6.03	-7.49	6.97	-5.71	-1.15	-2.45	4.8
-5.83	-3.97	2.51	-3.03	4.29	8.85	7.55	-5.2
-0.83	1.03	7.51	1.97	9.29	-6.15	2.55	9.8
9.17	-8.97	-2.49	-8.03	-0.71	3.85	-7.45	-0.2
8.85	5.09	1.58	4.16	4.6	-2.71	2.24	1.99
-1.15	-4.91	-8.42	-5.84	-5.4	7.29	-7.76	-8.01
-6.15	0.09	-3.42	9.16	-0.4	-7.71	-2.76	6.99
3.85	-9.91	6.58	-0.84	9.6	2.29	7.24	-3.01
1.35	2.59	-5.92	1.66	-2.9	4.79	4.74	-5.51
-8.65	-7.41	4.08	-8.34	7.1	-5.21	-5.26	4.49
-3.65	7.59	9.08	6.66	2.1	9.79	-0.26	-0.51
6.35	-2.41	-0.92	-3.34	-7.9	-0.21	9.74	9.49
5.1	1.34	5.33	-9.59	-6.65	-1.46	0.99	-1.76
-4.9	-8.66	-4.67	0.41	3.35	8.54	-9.01	8.24
-9.9	6.34	-9.67	-4.59	8.35	-6.46	-4.01	-6.76
0.1	-3.66	0.33	5.41	-1.65	3.54	5.99	3.24
2.6	8.84	-2.17	-7.09	5.85	1.04	3.49	5.74
-7.4	-1.16	7.83	2.91	-4.15	-8.96	-6.51	-4.26
-2.4	3.84	2.83	-2.09	-9.15	6.04	-1.51	0.74
7.6	-6.16	-7.17	7.91	0.85	-3.96	8.49	-9.26
8.23	4.47	-4.05	7.28	8.98	-9.58	-8.38	-4.89
-1.77	-5.53	5.95	-2.72	-1.02	0.42	1.62	5.11
-6.77	9.47	0.95	2.28	-6.02	-4.58	6.62	-9.89
3.23	-0.53	-9.05	-7.72	3.98	5.42	-3.38	0.11
0.73	6.97	8.45	9.78	-8.52	7.92	-5.88	7.61
-9.27	-3.03	-1.55	-0.22	1.48	-2.08	4.12	-2.39
-4.27	1.97	-6.55	4.78	6.48	2.92	9.12	2.61
5.73	-8.03	3.45	-5.22	-3.52	-7.08	-0.88	-7.39
6.98	8.22	-7.8	-1.47	-2.27	-5.83	-9.63	3.86
-3.02	-1.78	2.2	8.53	7.73	4.17	0.37	-6.14
-8.02	3.22	7.2	-6.47	2.73	-0.83	5.37	8.86
1.98	-6.78	-2.8	3.53	-7.27	9.17	-4.63	-1.14
4.48	0.72	4.7	-3.97	0.23	6.67	-7.13	-8.64
-5.52	-9.28	-5.3	6.03	-9.77	-3.33	2.87	1.36
-0.52	5.72	-0.3	-8.97	-4.77	1.67	7.87	-3.64
9.48	-4.28	9.7	1.03	5.23	-8.33	-2.13	6.36
9.63	7.75	-0.45	8.69	-5.55	-6.93	4.9	0.58
-0.37	-2.25	9.55	-1.31	4.45	3.07	-5.1	-9.42
-5.37	2.75	4.55	3.69	9.45	-1.93	-0.1	5.58
4.63	-7.25	-5.45	-6.31	-0.55	8.07	9.9	-4.42
