name = 'C-O'
composition = {'H':0, 'C':1, 'N':0, 'O':1, 'Pt':1}
facet = ['Ni100'] 
IS_SPE =[-89.466, 'eV']
IS_ZPE =[0.165, 'eV']
IS_frequencies=[133.6, 142.4, 239.0, 244.3, 278.4, 1630.3, 'cm-1']
TST_SPE=[-87.50883039, 'eV']
TST_ZPE=[0.14, 'eV']
TST_frequencies=[255.7, 363.0, 452.6, 576.2, 613.8, 'cm-1']
no_reactants=2
bee_IS = [-5.02325489e+02, -3.98975342e+01, -1.16137627e+02,  3.89220419e+02,    -1.84001387e+02, -1.60909703e+02, -3.43571861e+02, -7.65138296e+02,    -3.66122376e+02, -4.09822630e+02, -3.34036059e+02,  4.01397412e+01,     1.19298078e+01,  2.60620299e+01,  2.69046950e+01,  4.04513610e+02,    -1.78723165e+02, -1.57347995e+02,  1.49576573e+02, -9.54990800e+02,     5.02626913e+02, -2.29063948e+02, -4.41538513e+01, -1.03666588e+02,    -4.82434073e+01, -4.97446240e+01,  7.42381042e+02, -1.82902555e+02,    -7.10893593e+01, -4.51074109e+02,  6.63640083e+02, -1.17077256e+02,    -3.34466255e+02,  2.05801862e+02, -3.66916422e+01,  1.67552104e+02,    -2.68782788e+01,  6.13795573e+01,  2.34289157e+02, -8.73998743e+02,     4.65293372e+02,  1.10204989e+02, -5.01055130e+01, -2.89874645e+02,     9.64623339e+01, -1.55861927e+02,  3.76494810e+02,  3.17534569e+02,    -2.36036006e+02, -2.51027614e+02, -2.55822302e+02, -2.90899286e+02,     9.78498262e+01, -4.26746252e+02,  1.17779136e+02,  5.14931186e+02,     5.87786293e+02,  2.99034675e+02,  1.38524149e+02,  2.35582704e+02,     7.70292735e+02,  1.80581715e+02, -4.73363914e+02, -1.06142523e+02,    -2.02277456e+02,  5.23801025e+02, -6.43540708e+02, -5.37556907e+02,    -2.32742727e+02, -8.47982197e+01, -3.75769056e+02,  2.30190851e+02,     8.24949881e+01,  1.12783501e+02, -3.31178474e+02, -2.99133192e+02,    -4.83874342e+02,  3.21346229e+02, -2.80967548e+02,  2.26109082e+02,    -5.65563499e+01, -2.51619275e+02, -5.00176583e+02, -1.48598696e+02,    -9.68241660e+01, -1.36908007e+02,  3.38345018e+02,  6.07974759e+02,    -3.62854657e+02, -6.87241542e+02, -1.70518069e+02,  9.51533480e+02,    -4.90262017e+02,  2.83986075e+02, -9.06894607e+01, -5.33530304e+02,     2.06986073e+02,  3.27461333e+02, -1.49904311e+02,  3.01831463e+02,    -2.29626071e+02, -4.40741846e+02,  7.64210149e+02,  3.98503945e+02,     2.66354257e+02,  1.25503513e+02,  2.10569762e+02,  6.98949680e+02,    -2.13683096e+02,  4.96728701e+01, -1.18546932e+03,  1.58142307e+02,    -5.84660971e+02,  1.24545969e+02,  1.85297152e+02, -2.92887789e+02,    -4.59203055e+02,  5.34774580e+01, -2.51960660e+02,  3.04679921e+02,    -4.35645684e+02, -2.28314595e+01, -3.04428838e+02, -3.59816425e+01,    -2.79047463e+01,  1.44511960e+02,  1.08310625e+01, -5.15589434e+01,     5.19006308e+02,  7.82800013e+02,  4.09592826e+02,  6.69150607e+02,    -1.03016409e+02,  1.15639624e+02,  4.71070690e+02, -7.74186865e+01,    -6.55481254e+02, -3.21289372e+02, -4.30246092e+02, -2.46380911e+02,     2.39613369e+02, -1.01021070e+03, -1.64825756e+02,  3.68479800e+02,    -3.12571288e+02, -3.14901068e+02,  4.64254310e+02,  3.77427923e+02,    -2.96561175e+02,  1.66087229e+02, -2.10588400e+02,  2.98346655e+02,     3.39360064e+01,  1.31172079e+02, -7.44551110e+02, -4.16431014e+02,    -6.63710623e+01,  2.44849593e+00, -3.31826587e+02,  9.13700332e+02,    -1.90343201e+02, -2.87831561e+02,  3.21961024e+02, -4.10982768e+02,    -2.79356752e+02,  2.62462098e+02,  9.41886969e+01,  1.11671156e+02,     1.03587659e+02, -9.62471610e+01,  1.66420690e+02,  4.99132452e+02,    -2.53198134e+02,  1.48093553e+02,  7.79598752e+02,  2.86642421e+02,    -7.47709128e+01, -1.64144853e+02,  1.31899676e+03, -1.50380877e+02,     3.03033383e+02,  1.85943776e+02,  2.94976608e+02,  7.61811484e+02,     4.26991955e+02, -2.49419566e+01,  1.93801917e+02,  4.04670970e+02,     3.32939809e+02, -4.76640210e+02,  8.01617402e+02, -7.14116679e+02,    -1.51321485e+02,  4.92513819e+02,  7.19887819e+01,  5.86066640e+01,     2.68322436e+02,  2.09402481e+02,  3.07038305e+02, -5.47088929e+02,     4.31072344e+01, -2.34247701e+02, -9.32745437e+01, -2.89581121e+01,    -7.62428715e+01, -4.77012203e+01,  7.01758567e+02, -7.29230224e+01,    -2.37605499e+02, -1.95065047e+01,  9.97635421e+01, -5.04428753e+02,    -3.83461253e+02, -3.12224147e+02, -5.40271701e+02, -1.40803530e+02,    -3.56277872e+02,  1.66515695e+02, -9.82846538e+00, -9.11610947e+01,    -7.33217743e+01,  5.58248187e+01, -1.71693606e+02,  5.73819208e+02,    -7.03956265e+02, -1.38373872e+02, -1.34829812e+02,  1.44612408e+02,     1.57645386e+02, -3.96207135e+02, -1.56366309e+02,  3.58420435e+02,    -1.91308344e+02,  1.35477651e+02,  3.17064116e+02, -3.61169071e+01,     9.68815855e+02, -1.76001401e+02, -2.75698758e+02,  5.56881102e+01,    -1.94216212e+02,  4.55774042e+02, -3.08682763e+02,  7.24400965e+01,     5.36701018e+02, -1.12680111e+02,  1.03061961e+03,  1.10047918e+03,    -5.62797517e+02,  4.97697644e+02,  1.43186917e+02, -4.58550917e+02,     1.50560662e+02,  3.10760297e+02,  3.25970679e+02,  2.06732715e+01,     1.00382013e+02,  6.10267405e+02, -1.97495364e+02,  1.39843829e+02,     6.53671483e+02, -3.20657354e+02, -1.28224766e+02,  4.46286080e+02,     2.29754487e+02,  6.53312173e+02,  2.20650285e+02,  5.78970145e+01,     2.24749339e+02,  3.33217329e+02, -4.15092294e+02,  2.90814250e+01,     1.57468577e+02,  1.05403808e+02,  1.87978078e+02, -5.02763132e+02,     2.93756627e+02, -3.81398317e+02, -2.70369020e+02,  1.50036456e+02,    -1.21016087e+02,  4.69163292e+02, -2.07701481e+02,  2.48459397e+02,     2.79061348e+02,  6.82462761e+02,  4.75804492e+02,  4.06907085e+02,    -7.58240943e+01, -5.81577411e+01, -2.71336238e+02,  6.56581159e+02,     6.73766349e+02,  3.20230153e+02, -1.97293826e+02,  4.31014235e+02,    -7.68052723e+01,  1.82059840e+02,  5.33328660e+02,  6.43230087e+00,    -6.63573614e+01, -2.12101288e+02, -4.55466469e+02,  8.30449667e+02,     3.86641355e+02, -4.78962634e+02, -1.32550795e+02,  2.39275460e+02,    -9.07985259e+01,  5.33975012e+02,  1.04167112e+02,  6.81837760e+02,     2.65132427e+02, -2.43235591e+02,  2.12058179e+02, -3.60890606e+01,    -2.72610721e+02,  1.43656707e+02,  1.60529584e+02,  7.77389070e+02,     6.84409740e+02,  4.50226018e+02,  5.96889327e+02,  6.20736807e+01,    -2.34773467e+02,  1.33618680e+02, -2.84582798e+02, -4.33512601e+02,    -4.95910075e+02, -2.33350539e+02, -9.22613346e+02, -2.65940000e+02,    -7.31287850e+02,  1.83487170e+02, -3.94291627e+02,  3.50008722e+02,    -8.18660748e+02, -2.76520573e+02,  4.22682212e+02,  1.92368561e+02,    -7.37085635e+02,  5.31585021e+02, -2.06639135e+02,  4.46261121e+02,    -2.20236933e+02, -6.75430376e+02,  1.04314093e+02, -5.44778826e+02,    -1.15355846e+02,  2.37691952e+00,  3.63804754e+02,  1.06986224e+03,    -3.89038967e+02, -2.99005014e+02, -2.21377809e+00, -1.20337774e+02,    -6.93612253e+02, -4.75968764e+02,  4.23479079e+02, -2.17278131e+02,     1.43543547e+02, -4.16504712e+02, -1.27592508e+02, -3.42778729e+02,     4.57707684e+02,  1.31366075e+02, -1.91553383e+02, -1.14565319e+02,     8.65981125e+01, -7.22316648e+01,  3.72134910e+02, -2.14411188e+02,     4.38137186e+01,  2.93440886e+02,  1.50168631e+02, -1.49580532e+02,     1.32278641e+03,  4.63254423e+02,  2.91292903e+01,  8.96206885e+01,    -5.27352647e+02,  2.63866612e+02, -6.40150390e+02, -2.19011192e+02,    -4.70391149e+02, -1.62886473e+02,  4.73989247e+02, -4.82303382e+02,     1.55141975e+02, -2.35203344e+01,  2.76528183e+01, -3.17954807e+02,    -3.81558017e+02, -2.43206317e+00, -3.65657805e+02, -1.89339624e+02,    -3.49597176e+02, -8.88736714e+01, -3.06509879e+02, -4.38907574e+02,     1.92791254e+02, -1.47603653e+02,  1.80503179e+02,  8.69193603e+01,    -6.27490200e+02, -4.67909399e+02, -3.38722598e+02,  3.04752184e+02,    -8.64355412e+00, -5.40482751e+02,  4.96463339e+02, -3.39769655e+02,     4.67122674e+02, -2.57014452e+02, -4.15932317e+02,  2.26778201e+02,    -5.79031325e+02, -3.31800452e+02,  5.44868270e+02,  1.54350335e+02,    -3.45608233e+02,  4.48410638e+02, -1.46238937e+02, -3.22503497e+02,    -2.61877037e+02, -4.14445618e+02,  2.02126407e+02, -7.74919826e+02,    -7.11423530e+02, -8.21838605e+01, -2.57039293e+02, -4.70042915e+02,     6.15139103e+02,  1.12723531e+03, -2.82374685e+02, -2.71807493e+01,    -5.39400030e+02,  5.63689123e+02,  1.58174759e+02, -1.67166598e+02,    -3.29019725e+02,  1.44273693e+02, -5.19552830e+02, -1.72229952e+02,    -7.58116360e+02,  2.98630994e+02,  1.12078880e+02,  4.93538019e+00,    -5.84152830e+01, -2.91626725e+02, -7.59762936e+01,  1.08978738e+03,    -1.63998695e+02, -3.94516431e+02, -5.78557710e+02,  1.11294285e+02,    -3.06679710e+02,  7.56397911e+01,  2.49363291e+02,  5.71060189e+01,     2.40506266e+02,  1.02718866e+02,  5.09000414e+02,  2.63127556e+02,    -2.89011844e+02,  3.60837354e+02,  2.96365373e+02,  9.50833658e+01,     3.82046160e+02, -2.09412485e+02,  6.20902044e+02,  1.57600658e+02,    -2.57252515e+02, -4.97898021e+01, -1.63301307e+02,  2.05427387e+02,    -2.25151855e+02, -2.52832868e+01, -9.25156175e+01,  7.08587006e+02,     4.57590062e+02, -5.76753560e+02, -3.54589748e+01, -4.61067895e+02,    -1.50258202e+02, -1.94003490e+02,  6.34431115e+01, -1.23516039e+01,    -2.21380417e+02,  1.07751972e+02, -5.95392248e+01, -9.02003588e+01,     7.40651623e+02,  1.54679821e+02, -6.91875076e+02, -3.78637392e+02,     7.88083884e+02,  2.34285734e+02, -7.28647892e+01,  9.08505011e+02,    -1.58250641e+02, -9.66720687e+01, -5.01331933e+01,  1.15461471e+02,     2.42878240e+02,  3.47568334e+01,  2.28912724e+02, -1.35228348e+02,    -2.65346061e+02, -3.69641830e+02, -4.09703379e+02,  3.83693649e+02,     1.08174713e+02,  3.22954518e+02,  1.18335875e+02,  7.56248871e+02,     1.49895292e+02, -6.98766779e+02, -2.93235956e+02,  8.46967449e+01,    -2.37092694e+02,  5.30300218e+02, -1.07386484e+02,  1.57066711e+02,     4.25583755e+02, -6.27139371e+02,  1.26894536e+03,  1.65370486e+02,     2.02940981e+02,  2.99320287e+02,  6.91408186e+01, -6.14620322e+00,     3.08198072e+02, -3.03492888e+02,  6.98214586e+02,  6.02115412e+02,    -3.53689285e+02,  1.27942175e+02,  5.93089482e+02, -1.84920873e+02,     1.35826192e+02,  3.65129335e+02,  3.64355763e+02, -6.69580442e+02,    -1.18681635e+02, -2.99764608e+02, -2.68694013e+01, -3.55368905e+01,    -2.24685624e+01, -1.39440290e+02, -2.51088308e+02,  7.03721626e+01,     8.72394279e+01,  4.56570396e+02, -3.59357853e+02,  3.29720719e+02,     3.82064791e+02, -1.42691102e+02,  7.56594803e+02, -5.82804533e+02,    -8.99142581e+02, -5.63918945e+01, -7.20157356e+01,  1.41840661e-01,     6.72350883e+02, -6.22890550e+01,  3.46610992e+02,  4.08288273e+02,     3.23869861e+02, -9.00293526e+01,  5.39512137e+02, -1.35984594e+02,    -2.75994443e+02, -3.95474073e+02,  4.56807344e+01,  3.28648645e+02,    -4.32047555e+01,  3.26962786e+02, -2.58010942e+01,  5.45430453e+02,     1.70308461e+02,  7.55332788e+01, -4.69069515e+01,  2.89216141e+02,     3.21821383e+02,  1.69824819e+02, -6.65628001e+00, -4.57270342e+02,     2.56413814e+02,  1.68574391e+02,  3.14905037e+02,  2.64758614e+02,     3.01064286e+02, -5.02479646e+01,  2.30957677e+02, -2.09350946e+02,    -9.40887777e+00, -4.74149738e+02, -2.65248732e+02,  3.33692776e+02,    -7.71645234e+02,  2.50647464e+02,  1.45099143e+02,  7.05203952e+02,    -2.22335211e+02,  2.59617468e+02, -9.93227690e+01, -4.11931151e+02,    -6.13294541e+02, -6.92112941e+01, -7.49144927e+02,  1.37091681e+02,    -1.76115269e+02,  2.54875193e+02,  1.73678794e+02, -2.18071472e+02,    -2.13376528e+02,  3.28726577e+02, -5.10545085e+02, -1.04098289e+02,    -1.77068098e+02,  1.99863483e+02, -4.52487326e+01,  4.92597561e+01,    -1.84047415e+02,  4.84331519e+02, -4.05057765e+02,  8.29055104e+01,     5.11828180e+02, -2.91732247e+02,  1.55480030e+01, -3.17384123e+01,    -5.84479710e+02, -3.95728394e+02, -6.82974222e+01,  2.24692926e+02,     2.73506113e+02,  4.14528462e+01, -6.90336755e+01,  1.88757025e+02,    -3.84391451e+02,  1.92327120e+00, -4.28550837e+02, -2.33271220e+02,     3.99923821e+02, -2.50158622e+02,  5.45960868e+02, -1.81072590e+02,     2.99525242e+02,  2.17719851e+02, -5.29650947e+02, -2.43104865e+02,     7.22687351e+01, -3.38948174e+02, -2.97889192e+02, -7.37596012e+02,    -4.74353509e+02, -4.44936379e+02, -3.66070431e+02,  1.97403301e+01,     1.11950734e+02,  8.29903551e+00,  1.77935582e+02, -4.85287951e+02,     1.23507493e+02,  1.76700283e+02, -5.65496964e+02, -5.47871165e+02,    -3.49690601e+02, -1.98432819e+02,  1.66464271e+02,  7.56082412e+00,    -3.78430499e+02,  3.03347970e+02, -1.69583294e+02,  4.25293275e+02,    -7.59491672e+02,  5.12750349e+02, -3.11955216e+01, -3.11888840e+02,    -2.22863443e+02,  2.73531113e+01,  3.61298765e+02, -6.41822205e+02,    -1.20309158e+02, -1.74597457e+02,  4.17538000e+02,  7.14310464e+02,    -8.26148879e+02,  7.95246930e+02,  3.88169075e+02, -6.35091359e+02,    -3.00175287e+02,  6.48662492e+02,  5.14211505e+02, -1.52960618e+02,    -3.04781431e+01,  8.94285495e+01,  6.02804271e+02, -4.48828819e+02,     1.39176651e+02, -6.46104257e+01,  2.59269368e+02, -6.29728360e+02,    -6.47659230e+01, -2.86690174e+02,  4.02387081e+02,  3.63265605e+02,    -7.29198457e+02, -4.21875483e+02, -1.93570397e+02, -3.30709248e+02,    -1.24859390e+02, -1.96804864e+02,  3.64856256e+02,  3.53808866e+02,    -5.05919589e+01, -3.92979181e+02, -7.10835302e+02,  3.69715753e+02,    -4.32198798e+02, -2.67173327e+02,  4.09150665e+01, -2.93387481e+02,    -3.54904417e+02, -2.19975583e+02, -3.59377504e+02, -2.28710941e+02,    -4.34058887e+02,  4.96321093e+02,  5.50489031e+02, -2.83233859e+01,    -2.03555503e+02, -1.37192847e+01,  3.62055879e+02, -7.51365255e+02,    -1.78050587e+02,  4.25798488e+02,  5.71702379e+02, -1.57207288e+02,     9.70556713e+01,  4.67322294e+02,  1.32784804e+02, -5.66786678e+01,    -3.77099066e+02,  1.92802349e+02, -3.06190119e+02, -1.37075616e+02,    -1.64978817e+02, -1.59833444e+02,  1.69283613e+02,  6.65341756e+02,     6.76881800e+00,  3.48270043e+01, -7.73274990e+02, -1.48678190e+02,    -3.23432250e+02,  4.02050838e+01, -3.59315031e+02,  6.69826280e+02,     6.94225484e+02,  1.25765184e+02, -1.27535581e+02,  1.23183865e+02,     2.17200883e+02, -4.07866722e+02, -6.56784431e+01,  1.19105286e+02,     1.18187439e+02,  4.84494748e+02,  3.85098071e+02, -1.78116819e+02,     2.42219920e+02, -8.25178029e+02, -3.73088212e+01,  7.27667792e+02,     8.21355851e+01, -6.55033577e+00,  2.84536050e+02, -2.47547854e+02,     7.92136184e+02, -1.05292879e+02,  7.26619959e+02,  3.16829175e+02,    -3.27737352e+02,  2.61366898e+02, -2.63241883e+02, -5.87623034e+02,    -3.39241297e+01, -4.84287431e+02, -4.56584346e+02, -4.53631657e+01,     2.75119920e+02, -4.86982125e+01, -2.87863243e+02,  6.43638189e+01,    -6.22889382e+02, -7.93315899e+01, -7.08239231e+02,  4.46036708e+02,    -1.16842289e+01, -4.39253935e+02, -1.62624310e+02,  1.47676145e+02,    -2.75243193e+02, -4.03875521e+02,  7.71225074e+02, -1.91713224e+02,    -3.80374429e+02,  2.15598403e+02, -1.01674959e+02,  4.38787467e+02,    -1.44990971e+01,  7.37418332e+01,  8.72611990e+02, -1.53780073e+02,    -2.99428445e+02, -3.20288856e+02, -4.55612548e+02, -2.82573072e+02,     2.43735737e+02,  1.79850981e+02,  1.82117525e+02,  6.42066803e+02,     2.00230929e+01,  1.43200999e+02, -5.69331303e+02,  2.11080831e+01,    -2.00478016e+02, -2.29029652e+02,  1.48993470e+01,  3.01924848e+02,     3.29124471e+02,  6.78223315e+00,  8.00794708e+01,  2.53295926e+02,     3.20901343e+02, -2.06213587e+02, -1.12821765e+02,  1.45969512e+01,    -2.01274222e+02, -6.77574916e+01, -2.33057441e+02,  6.49925602e+02,     5.58146277e+02, -1.08955568e+02,  1.03925813e+02, -2.05247083e+01,    -2.04719630e+02,  2.87509151e+02, -7.55471196e+01,  3.35274290e+02,    -4.62292111e+02,  1.62106787e+02, -9.52300627e+01, -4.68535361e+02,    -2.16844550e+02,  2.34844480e+02, -7.36374136e+02,  3.63113478e+02,     4.23761309e+02, -6.16501885e+01, -4.35715446e+01, -2.75645723e+01,     2.09942745e+02, -2.83154333e+02,  3.13265304e+02,  2.44099487e+02,    -8.98856015e+02, -2.83888614e+02,  1.94629923e+02, -7.93580659e+01,     3.29661225e+02, -5.29755363e+02, -3.88289456e+00, -3.57022232e+02,    -1.06376158e+03,  6.45453217e+02, -5.11644313e+02, -4.95441111e+02,     7.60945886e+01,  1.10235662e+03,  3.98675793e-02, -1.85690781e+02,    -1.81172743e+01, -6.15972701e+01, -7.62273674e+02, -5.32536720e+02,     6.69587956e+02, -4.41812244e+01, -3.40417266e+02,  4.33029778e+02,    -2.97106754e+02,  3.40764293e+02,  4.68427748e+02, -5.30264498e+02,    -2.21615746e+02, -2.96357978e+02, -1.29111220e+02, -1.67012045e+02,    -5.79992045e+01,  1.17760413e+02, -2.89311055e+02,  2.55663795e+02,     5.14038734e+02, -1.38810181e+02, -1.52975422e+02,  1.19034027e+02,     4.93615482e+02,  4.18745688e+02,  3.16825568e+01, -1.45344032e+01,    -4.67119495e+01, -4.37989504e+02,  3.25558828e+02, -2.06936543e+02,     1.70793959e+02, -1.35427921e+02,  2.49979798e+02,  1.51072952e+02,    -6.78480089e+02, -2.39264589e+02, -6.79624555e+02, -2.79405793e+02,     6.48987650e+01, -1.48044227e+02,  2.57212700e+02, -2.48461705e+02,     1.60264074e+01,  9.02848547e+01,  6.41255109e+02,  3.22172481e+02,    -2.33034928e+02,  1.77616981e+01,  9.58943221e+01,  3.43638360e+02,    -5.34651469e+00,  4.35668930e+02,  2.09228060e+02,  7.67456555e+02,     2.18216626e+01,  5.88730493e+02, -2.24422519e+02, -3.31649800e+02,     7.12516714e+01,  6.40723692e+01,  2.62524699e+02, -5.51163012e+01,    -1.37394757e+02,  2.23814221e+02, -3.94726859e+02, -4.45974122e+02,     6.60975978e+02, -5.05816791e+01, -3.68728577e+02, -3.97738751e+00,    -1.21764979e+02,  3.01514455e+02,  2.84747539e+02, -1.68350065e+02,     9.63552386e+00, -2.32940156e+02, -2.80771924e+02, -2.45994871e+02,    -8.23681105e+02, -2.90869882e+01, -5.55220716e+02, -4.74306288e+02,    -3.39244246e+02,  1.51127050e+02, -3.24318953e+02,  1.88633341e+02,    -4.86075338e+02,  9.33651890e+00, -3.50348567e+02,  6.42442576e+01,     1.02079793e+02,  2.50075993e+02, -1.69971388e+02, -1.26758378e+02,     2.23959752e+02,  5.18113692e+02,  2.80489574e+02,  6.68664886e+01,    -5.87349319e+02, -1.19344938e+02, -2.65643308e+02, -5.22871226e+02,     3.56216510e+02, -2.97622306e+02, -3.77278346e+01, -1.97497118e+02,    -8.72913836e+02,  4.29411309e+02, -1.43974033e+02,  3.54747490e+02,    -5.97717616e+02,  5.64506220e+02,  3.68415419e+01, -2.68377076e+02,     3.98645508e+01, -2.01353056e+02, -5.88023640e+02,  1.21762576e+02,     2.41556541e+02,  2.80650870e+01, -3.11634408e+02, -1.12118228e+02,     1.40138669e+02,  2.51862048e+02,  5.52484877e+02,  2.18834405e+02,    -2.02655184e+02,  7.60576820e+02,  2.48420708e+02,  3.36521812e+02,    -1.45585563e+02,  2.28853618e+02,  1.49496072e+02, -5.30885991e+02,    -1.61547414e+02, -3.39171479e+02, -2.69350742e+02, -8.95251837e+01,    -1.51624032e+02, -3.20182449e+02, -9.78094676e+02, -2.62348982e+02,     1.33015665e+02,  8.76077639e+01,  8.04021228e+01,  4.26941187e+02,     1.60178311e+02,  2.75404594e+02, -3.64265558e+02,  3.97580730e+02,    -4.24485557e+02, -6.59310754e+02,  1.65427141e+02, -3.47476810e+02,    -3.61364683e+02, -1.35699310e+03, -1.02748512e+02,  6.88353301e+02,     4.01256253e+02, -8.76845845e+01, -1.02667487e+02,  2.53867276e+02,     5.86500431e+02, -3.47377155e+02, -8.22617500e+01, -2.73319854e+02,    -3.09001970e+02, -2.93831573e+02,  1.37116967e+02,  6.16197811e+02,    -5.66378331e+02, -4.55960455e+02,  2.11131542e+01, -7.41234628e+01,    -1.22063698e+02, -8.01307313e+02,  4.87021438e+02,  2.16596127e+02,     7.72993380e+01,  4.16704304e+02, -2.60835408e+02,  2.55207048e+02,     2.32320033e+02,  4.59524103e+01, -4.01494136e+01,  1.05616296e+02,    -1.39788592e+02,  4.04492897e+02, -3.75650414e+02,  3.61889463e+02,     8.04643538e+01,  9.62483146e+01,  2.02915572e+02, -7.41060831e+02,     5.52151547e+01, -5.50845201e+02, -4.35351965e+02, -4.22361347e+02,    -3.87152081e+02,  1.15167414e+01,  1.11748387e+02,  4.15090929e+02,     8.31121602e+01,  1.18593621e+02, -6.11876372e+02, -2.15534504e+02,     2.83160097e+02,  1.15400700e+01,  1.61615546e+01, -7.01583966e+01,     3.15506690e+02, -7.84939162e+02,  9.04068660e+01,  2.03392729e+02,     3.91774028e+02,  3.34955528e+02, -4.88673555e+02,  6.52713711e+01,     3.67441724e+01,  3.81571291e+01,  1.65779836e+01, -1.67213439e+02,    -2.70678769e+02,  1.35442210e+02,  5.38718706e+02, -7.68223658e+01,     8.22853796e+01,  1.53295873e+02, -2.13180693e+02, -2.11120640e+02,    -9.94155629e+02, -3.30343985e+02, -4.36727463e+02, -6.51319188e+01,    -5.45890874e+02,  6.45554890e+02, -2.53491701e+02, -4.53950517e+02,    -1.34554959e+03,  5.63080266e+02,  1.18173774e+02, -1.31221838e+01,    -5.27695851e+02,  9.08982693e+01, -1.49003695e+02, -2.79862041e+02,     1.00936170e+02,  2.75265486e+02,  6.82608591e+01, -1.48414105e+02,    -2.84391936e+01,  7.14244775e+00,  1.64907756e+02, -5.23165025e+02,     6.00783798e+02, -3.59923565e+02, -2.32575744e+02, -3.61063103e+02,    -8.33955338e+02,  8.16061006e+01, -4.09873105e+02, -1.89192013e+02,     2.92843312e+02, -2.07097322e+02,  4.99374771e+00, -8.47005758e+01,    -2.20498861e+02,  1.41958192e+01,  4.56506739e+02, -4.46431707e+02,     7.90379436e+02, -1.69526546e+02,  2.91460895e+02, -6.68841348e+01,     1.28806826e+02, -1.00902198e+02,  4.02179871e+02,  5.37445011e+02,     1.71318311e+02,  4.71398064e+02, -3.34248730e+02, -2.74920409e+01,    -1.95731178e+02,  5.85157719e+02,  4.95374145e+02,  3.79658414e+02,    -1.28244058e+02, -2.59866827e+02,  2.31234116e+02, -2.21558309e+02,    -1.18460983e+02, -6.23617774e+01, -2.23238470e+02,  4.40155116e+02,    -4.95994977e+01,  3.39364111e+02,  1.20735198e+02,  1.45778158e+02,    -2.93227777e+02,  2.78144393e+02, -1.56009539e+02, -1.12538976e+02,    -2.58752960e+01, -4.36415700e+02,  6.58439613e+02, -2.42319345e+02,    -3.52232451e+01,  1.70573836e+02,  1.46296107e+02,  6.06535404e+02,    -1.41758708e+02,  6.58567406e+02,  5.98342874e+02, -8.34302588e+02,     7.47388039e+01, -1.75420738e+02,  1.25289602e+02,  7.46119705e+01,     1.50839743e+02,  5.17615953e+02,  7.94327752e+02, -6.72965052e+02,     6.57549615e+02, -7.91367754e+02, -6.59544847e+02, -1.05561890e+02,    -9.76049062e+00,  6.02921562e+02,  3.31636838e+02, -1.56990890e+02,    -7.94955447e+02,  6.03815254e+02, -3.86134785e+02, -9.21637655e+00,    -4.30442902e+01,  1.06344771e+03, -2.43224057e+02, -9.03417432e+02,     2.65168151e+02, -1.38794445e+03,  9.53691580e+01, -3.06071153e+02,    -1.55432844e+02, -2.34009255e+02, -5.02850601e+02,  3.51733669e+02,    -3.10312341e+02, -7.88240045e+01, -6.71740937e+02, -5.76284707e+01,    -4.10176899e+02, -6.38543663e+02, -1.05104173e+03,  8.68643050e+01,    -2.76488885e+02, -7.45048674e+00, -1.15823353e+02, -6.79118152e+02,    -5.41941844e+02, -4.52908158e+02, -4.56815383e+02,  4.70373082e+02,     8.00713588e+01, -4.09967070e+02, -1.56205513e+02, -1.92165381e+02,     3.18471609e+02, -2.86314119e+02, -1.05536365e+02, -1.92306552e+02,    -3.07587799e+02, -3.21101792e+02,  3.28398644e+02, -1.50022431e+02,    -7.80561059e+02,  6.60601722e+02,  4.02764479e+02,  5.26375896e+01,    -6.20623865e+02, -6.47956735e+02,  9.35184487e+01,  1.18052681e+01,    -2.55622424e+02, -4.17127879e+02,  3.04458181e+02, -6.79436682e+01,     2.34589000e+02,  4.23525472e+02,  2.89070259e+02,  3.02643086e+02,     2.18832035e+02, -1.74539404e+02, -1.07171733e+02, -1.88665401e+02,    -2.99058472e+02, -3.92441660e+02, -5.54711613e+02, -3.35322952e+02,    -6.86031828e+01, -6.82884238e+02, -7.42049976e+01,  2.79196395e+02,    -6.12922177e+02,  2.12485835e+02,  1.85986643e+02, -6.03697323e+02,    -4.86667584e+02, -1.33999034e+02,  1.81548520e+02, -3.39848771e+02,     6.00022135e+02,  5.38442909e+02, -6.42402988e+02,  4.33525497e+02,     3.03543871e+02,  6.48948684e+01,  2.16405441e+02, -3.65251724e+02,    -1.22447173e+02,  4.66430295e+01,  1.51505248e+02,  3.87500826e+02,    -4.33640060e+02, -3.69296104e+01,  1.51391197e+02, -1.30069675e+01,    -2.26259353e+02,  1.68685463e+02, -2.28134704e+02, -1.72675664e+02,     3.22603711e+01, -5.13006504e+02,  3.10119584e+01, -2.00864077e+02,    -1.07804818e+02,  4.76497045e+00, -4.85778812e+02,  4.82538714e+02,    -2.29942135e+02, -1.10583296e+03, -7.23142267e+02,  3.34202805e+02,    -3.04004550e+02, -1.46010700e+02, -2.49310097e+02, -1.41965894e+02,    -8.54226024e+02, -9.51198900e+01, -5.47468842e+02, -2.85415116e+02,     2.20220862e+02,  6.35112499e+02, -3.29026240e+00, -2.69478964e+01,     4.98065283e+02, -4.32754687e+02,  3.06204446e+02,  7.90296116e+01,    -3.55653181e+02, -1.53745447e+02,  2.09999531e+02,  1.59229458e+01,     8.37792422e+01,  9.74960427e+01, -2.01298627e+02, -2.37404126e+02,    -4.50901157e+02,  4.27965988e+02, -5.42109514e+02, -3.98202891e+02,     8.10571770e+01, -7.63629505e+02,  1.64485197e+02,  5.35503306e+02,    -4.08749115e+01,  5.95121012e+01, -2.12112841e+02, -1.74314196e+02,     8.77642710e+01,  3.19956144e+02, -3.45299088e+02,  2.63764297e+02,    -9.39015478e+01, -3.36345589e+01,  2.30202646e+02,  1.63712132e+02,    -7.68333985e+01, -3.17040629e+00,  2.08069288e+02,  2.39125732e+02,    -6.12432048e+02,  5.61404681e+01,  4.60277674e+02, -8.29702843e+02,     2.77186077e+02, -1.01798856e+03, -7.92148842e+01, -1.26643895e+02,    -7.21241727e+01, -7.64365747e+01, -2.20948748e+02, -3.08596504e+01,     1.40740320e+02, -2.05998084e+02,  1.20582271e+02,  7.40535952e+02,    -5.48039972e+02, -2.27728634e+02,  3.11698453e+02,  2.11254139e+02,     3.53269678e+02,  1.39681381e+02,  2.41780202e+02, -1.59475702e+02,    -4.17499067e+02, -3.62272973e+02, -1.77155546e+02,  6.18658058e+00,    -3.58081266e+02, -1.30049653e+02,  5.65416408e+01,  1.97510895e+02,    -8.52860222e+01,  4.79113451e+02, -4.32368295e+02, -4.45565898e+01,    -2.32061938e+01,  2.37968178e+02, -3.46713630e+02, -2.18142830e+02,     2.33955453e+02,  4.25796678e+02,  5.95029333e+02,  2.99382796e+02,     3.52073470e+02, -2.53532956e+02,  5.32512812e+02,  5.75041431e+02,    -5.43984292e+01,  3.35514266e+02,  3.23987882e+02, -2.16944496e+02,     1.40482812e+01,  5.22725492e+02, -2.37110079e+02, -1.05667834e+02,    -5.15845402e+02,  2.29157346e+02, -6.42801953e+01,  1.50130890e+02,     8.17723435e+01, -3.55438077e+02,  3.91178950e+02,  3.46896422e+02,    -2.02239979e+02,  1.57088204e+02, -4.89118466e+02, -4.39797678e+02,     1.99299669e+02, -5.87966605e+02, -2.29584905e+02,  8.20312894e+01,     6.88159119e+02, -2.07197372e+02, -8.89405403e+01, -1.25215792e+02,     9.76965319e+02,  1.21060167e+02, -3.69900846e+02,  5.82821759e+02,     5.36516293e+02,  2.56215454e+02,  6.21741778e+02,  6.88757369e+02,    -8.93889924e+01, -2.55281713e+02, -2.76806371e+02,  2.28737187e+02,     3.22165015e+02, -4.19768793e+01, -1.75634114e+02, -5.24251361e+02,    -2.56726176e+02, -3.76550052e+02,  2.51301385e+02,  1.28143448e+02,     5.32796390e+02,  4.84741341e+01, -2.13435936e+02, -6.68351328e+01,     3.40465966e+02,  1.11232604e+02,  4.33751874e+02,  4.88704051e+02,    -1.17601493e+02, -7.69411969e+01, -8.22028417e+02,  4.54149366e+02,    -4.57731679e+01,  4.27092708e+02, -1.55787817e+02, -4.95852807e+02,     1.68250631e+02,  5.88686248e+02, -2.08631838e+02,  5.80893056e+02,    -6.14006698e+02, -1.90978543e+02, -6.64255755e+02,  1.87679338e+02,     9.75589668e+01,  7.28673595e+00, -5.08382673e+02,  7.45081744e+02,     4.47347608e+02,  6.91418524e+01, -3.89742449e+02,  1.85439602e+02,    -2.31574943e+02, -7.42513908e+01, -1.85416663e+02,  1.77217683e+02,    -8.56967288e+01, -1.73292658e+02,  1.62665371e+02,  2.23070301e+02,    -7.22850936e+02,  1.65026301e+02,  5.68391576e+02,  3.55602693e+02,    -1.11916413e+02,  2.89991424e+01, -3.04085248e+02,  5.00035937e+02,     1.48718625e+02, -5.72049568e+01, -5.87444666e+01,  9.23493650e+02,     6.48752143e+00,  2.62831386e+02,  6.12778806e+02,  8.26144198e+02,     5.41607229e+02,  3.58706145e+02, -5.38432103e+02, -3.66933861e+02,     2.92921464e+02,  1.42630393e+01,  2.73811254e+02,  1.56386790e+02,     4.96770512e+02, -6.55517150e+02, -4.14909116e+02, -5.38161490e+01,    -7.32671768e+02,  1.65720368e+02,  3.33238225e+02,  1.18225532e+02,    -1.92479885e+02,  1.99902122e+02,  1.20378013e+03,  2.19286632e+02,     1.28434423e+02, -4.14514815e+02, -5.60264160e+02, -1.32648924e+02,     2.63370057e+02, -4.43786260e+01,  1.77678068e+02,  2.97737388e+02,    -5.06120524e+02,  2.09859792e+02,  4.43595807e+02,  4.95665197e+02,    -4.72432514e+01,  9.61959685e+00, -7.86933501e+01, -4.27536686e+02,    -5.62750779e+02,  7.06454962e+02, -5.67745557e+01, -5.01095287e+02,     1.83952956e+01, -1.93506792e+02,  7.73141344e+02, -2.02556526e+02,    -2.91314699e+02,  2.63959902e+02, -1.23378761e+02,  3.66729315e+02,    -4.74897543e+01,  8.51086273e+02,  4.25312034e+02, -1.06059268e+01,    -3.05151148e+02,  2.09494218e+02, -4.69202529e+02, -9.87002100e+01,     5.14674566e+02, -2.37461778e+02, -3.99378150e+02, -1.87844300e+02,     4.39060894e+02,  1.23474172e+02, -7.01926859e+02,  2.58918822e+02,     1.27228868e+02,  5.83840392e+01, -4.32843582e+02,  1.44356796e+01,     2.96880512e+02,  4.32000054e+02,  5.41609095e+02,  2.20431853e+02,     3.46485821e+01, -4.29520104e+02, -4.04757869e+02, -6.29436268e+02,    -7.81451785e+01,  2.67328850e+02, -2.09081541e+01,  4.53223771e+02,    -2.68193342e+02,  1.54976167e+02, -1.01309430e+02, -2.52302832e+02,     5.00814246e+02,  6.46622987e+01,  5.19215256e+02,  2.50985942e+01,     2.10910019e+02, -1.68599652e+02,  5.29739973e+02, -1.02144654e+02,    -3.18480858e+00, -6.61312220e+02, -9.15466593e+01,  6.15887333e+02,     5.63250298e+02,  2.23471312e+02, -1.27421714e+02,  3.24567879e+01,    -1.49686026e+02, -4.84300716e+01,  7.61190353e+02,  1.48151750e+01,    -2.00686130e+02, -9.33839772e+02, -4.58766062e+02, -3.18352310e+02,    -5.67792715e+02, -4.75273337e+02, -6.01422547e+02, -3.92992086e+02,    -3.22168324e+02, -4.06487125e+02,  4.03703893e+02, -2.15210820e+02,    -8.19944885e+02,  3.37854778e+02, -2.44733643e+02, -6.95451987e+02,     8.21065046e+02, -2.03797711e+02,  1.67172772e+02,  3.45089314e+02,     7.79220334e+00,  2.20710203e+02,  7.05620674e+00, -1.29246856e+01,    -1.15993418e+02, -6.13830261e+02,  8.96793146e+01, -1.10383889e+03,     5.53410077e+02, -3.71046731e+02, -1.16843087e+02, -1.50544797e+02,     8.84058133e+01, -1.59205990e+02,  2.42561039e+02, -4.55259237e+02,     3.21280639e+02,  3.31657395e+02,  1.31130004e+02,  8.36172611e+01,     1.68478127e+02,  6.30060463e+01,  2.56342026e+02, -8.11837786e+01,    -5.30399787e+02,  8.32363272e+01, -1.95512610e+02, -3.87518367e+01,     4.22238678e+02, -6.87119727e+02,  8.90568873e+00,  1.17560189e+01,     7.29235040e+01,  2.81819792e+02, -1.17050981e+02,  7.12000868e+02,     4.10195963e+02, -1.48553234e+02, -8.97480800e+01,  1.61973105e+01,     6.60235734e+02, -4.72263345e+02, -8.82753825e+02,  2.45111488e+02,    -1.03447311e+02, -1.07115927e+02,  1.42977973e+02,  6.63676008e+02,     4.04605562e+02, -1.49511447e+02, -4.27661910e+02, -5.08631515e+01,     2.49362124e+02, -1.11563942e+02, -6.30798891e+02, -2.40701651e+01,    -7.88284122e+02, -4.13409645e+02,  6.75245575e+02, -4.35177059e+02,    -5.64485844e+02, -4.41438717e+02, -3.00013518e+02,  2.84108829e+02,     6.99569554e+02, -4.35029117e+01,  2.33526869e+02, -1.52670474e+02,    -5.91862148e+02,  3.96932500e+02, -3.87253683e+02,  2.40337378e+02,     3.07986258e+02, -6.33504608e+01,  3.50270186e+02,  3.72022567e+02,     9.12924200e+02, -1.26780506e+02, -3.91340526e+02, -5.41419616e+02,    -1.28425941e+02, -2.20352154e+02,  8.62026022e+02, -3.76140407e+02,     8.62568759e+01,  6.28915443e+01, -2.22518941e+02, -6.89485429e+02,    -5.50770456e+01,  8.30128139e+02,  9.26821420e+01,  5.97726839e+01,    -4.55261942e+02, -5.15242211e+02, -8.30776723e+01,  4.11311709e+02,    -1.90133933e+02,  9.05118361e+02, -3.73078503e+02,  1.44452617e+02,    -1.75980160e+02, -5.82231992e+02,  2.60037473e+01, -4.33969043e+02,    -6.33074965e+02,  7.03821015e+01,  1.98889036e+01,  4.39727825e+02,     1.78492964e+02, -2.87735119e+02,  1.92021691e+02, -7.01781398e+02,    -4.49833374e+02,  7.70545532e+02,  1.10808026e+02, -1.19966539e+02,    -2.74683000e+02, -4.00527168e+01, -6.64239702e+01,  7.23581497e+02,     3.48278283e+02, -1.25073705e+02, -5.91094898e+01, -3.42463869e+02,    -1.73433031e+02, -5.72225538e+02,  4.07851541e+02,  6.41218413e+01,     1.17701925e+02,  1.29254571e+02, -4.68882688e+01, -1.55700229e+02,    -4.76142599e+00, -9.04480305e+02, -1.62595124e+02, -6.90054977e+01,    -7.81417890e+01,  4.66562778e+02,  5.37486877e+02,  1.37308259e+02,    -8.14607196e+02,  5.44226844e+02, -1.69687542e+02, -3.28614711e+02,    -7.42841249e+02, -2.77686954e+02,  5.02155569e+02,  2.32879982e+02,     5.96991514e+01,  2.61160802e+02, -4.96088636e+02, -3.77892895e+02,     4.70442198e+02,  3.24716576e+02,  4.39718733e+02, -2.07525273e+00,     5.87602943e+01,  4.71380011e+02,  8.41464159e+02, -2.09750654e+02,     3.22166115e+02, -1.43602373e+02, -3.57572452e+02, -2.91710105e+02,    -2.60755146e+02, -1.27920877e+02, -4.34813516e+02, -1.99579909e+02,    -1.18723100e+03,  2.90111451e+02,  1.65375889e+02, -3.14552617e+01,    -3.53813774e+02, -1.91473796e+02, -4.58531735e+02,  1.00378638e+02,     7.01452437e+02, -1.75910758e+02, -1.39998914e+02,  1.86599340e+02,    -4.12680806e+02,  7.38955930e+02,  1.41605814e+02,  1.57537459e+02,     4.39930789e+02,  1.51133358e+01,  4.77794250e+02,  1.40071513e+02,    -7.35355783e+01,  7.97718117e+01, -1.97573931e+01,  5.91494212e+02,     7.75782593e+01,  1.26398960e+02, -7.66845323e+01,  1.13604921e+02,    -7.88002098e+02, -3.17499535e+02, -3.92617524e+02,  4.37038416e+02,    -2.48546664e+02, -5.48530690e+02,  5.01347299e+02, -1.02496858e+02,     3.72529681e+02, -7.79013837e+02,  2.11549852e+02,  6.51487543e+01,     5.03613159e+01, -7.49112209e+01, -5.54270161e+01,  4.20224856e+02,    -2.10280827e+00, -4.21478859e+02, -1.36173018e+02,  2.15506800e+02,    -9.95220510e+02, -7.91840700e+02,  1.23689385e+01,  9.50968086e+01,    -3.70573350e+02, -3.68500019e+01,  9.24290748e+02,  2.80939356e+02,    -4.78305847e+02,  8.01600064e+01, -7.60801591e+01,  8.86519418e+01,    -2.92572747e+02,  1.58022071e+02,  2.42228876e+02, -5.74045917e+01,     9.59731357e+02, -9.09060681e+01, -2.74142531e+02,  1.62794836e+02,     3.51819111e+02, -3.02757362e+02, -2.54950818e+01,  8.17758318e+02,    -2.02053117e+01,  5.02660448e+02,  1.22293673e+02, -8.21239276e+01,    -2.25004737e+02,  4.86180646e+02, -4.68917722e+02, -1.79524740e+01,    -1.28018742e+02, -3.61074017e+02,  1.43668989e+02,  2.03596955e+02,     7.63419600e+01, -1.42016532e+01, -3.30094257e+02,  1.57385558e+02,    -1.48057893e+01, -2.13617390e+02, -1.84689493e+02,  1.68181874e+02,    -4.32761873e+01, -3.12523959e+02, -9.09174227e+02,  7.80711533e+01,     1.99778964e+02, -3.99915835e+02, -1.92218622e+02,  7.04026725e+02,     6.21136973e+01,  3.00559057e+02,  5.58722805e+01,  3.15232715e+02,     4.40892747e+01, -3.36350206e+02, -3.27242493e+01,  7.11510167e+01,     2.37184777e+02,  6.85337937e+02,  4.19952150e+02,  1.84413571e+01,     1.47088875e+02,  5.15312466e+02,  2.23812652e+02, -6.19574984e+02,    -2.28833498e+02,  1.15287821e+02,  7.30438783e+01,  2.25256176e+02,    -4.48702145e+02,  1.08823233e+02,  3.43705416e+02,  4.21139355e+02,    -3.82713997e+02, -4.47495381e+01, -1.95367078e+01, -1.15592771e+02,    -2.83525726e+02, -1.69196517e+02, -2.76195769e+01,  6.84700770e+01,     3.53066490e+02, -2.65377319e+02,  6.83368163e+02,  3.04598042e+02,     2.16121967e+02,  2.84190310e+02,  2.59478187e+02,  2.80239517e+02,     4.61472496e+02, -3.77942341e+02,  5.40615692e+02, -9.50894326e+02,     2.65355281e+02, -9.28769789e+02,  7.19736663e+02,  6.21354954e+02,    -9.93516424e+01, -4.20359179e+02, -3.60956606e+02, -4.92127889e+02,    -5.29109268e+02,  4.91933158e+02,  3.66922669e+02,  2.06795835e+02,     2.71245557e+02,  3.47356705e+02, -3.28497165e+02, -1.72414545e+02,     4.90684252e+02, -1.06686148e+02,  4.52486319e+02,  6.24618049e+02,    -3.68566065e+01, -6.15588521e+02,  1.23037462e+01, -1.12653429e+01,    -8.39102744e+01,  6.54836756e+00, -5.73862679e+02, -1.57817922e+02,     5.05694298e+01,  7.59566446e+01,  4.13665957e+02, -3.41387227e+02,     5.23547854e+02, -3.45600120e+02,  1.89655408e+02,  3.32983396e+02]
bee_TS =[-5.02405963e+02,-3.98666492e+01,-1.16264935e+02,3.88892206e+02,-1.83760019e+02,-1.60868053e+02,-3.43396051e+02,-7.65043500e+02,-3.65954374e+02,-4.09273709e+02,-3.33807222e+02,3.99436116e+01,1.22569252e+01,2.58937568e+01,2.69395221e+01,4.04384587e+02,-1.78667725e+02,-1.57421430e+02,1.49857360e+02,-9.54550168e+02,5.02214017e+02,-2.28759085e+02,-4.41346212e+01,-1.03341504e+02,-4.82650354e+01,-4.98977046e+01,7.42134554e+02,-1.82560446e+02,-7.12686769e+01,-4.51142740e+02,6.63410667e+02,-1.17077796e+02,-3.34487524e+02,2.05721728e+02,-3.64765219e+01,1.67678384e+02,-2.67149455e+01,6.12143524e+01,2.34435930e+02,-8.73803302e+02,4.64998726e+02,1.10207156e+02,-4.99229304e+01,-2.89915382e+02,9.64242173e+01,-1.55392199e+02,3.76494455e+02,3.17311447e+02,-2.35767387e+02,-2.51073913e+02,-2.55877742e+02,-2.90795310e+02,9.79488445e+01,-4.26826567e+02,1.17645934e+02,5.14801883e+02,5.87555358e+02,2.98630349e+02,1.38552475e+02,2.35517720e+02,7.69715514e+02,1.80552940e+02,-4.73157558e+02,-1.06102975e+02,-2.02330361e+02,5.23938671e+02,-6.43322459e+02,-5.37223838e+02,-2.32521255e+02,-8.45789795e+01,-3.75950242e+02,2.30013707e+02,8.24431817e+01,1.12745313e+02,-3.30802706e+02,-2.99079505e+02,-4.83671670e+02,3.21205928e+02,-2.80658827e+02,2.25889483e+02,-5.63717627e+01,-2.51640760e+02,-4.99895974e+02,-1.48664230e+02,-9.70922013e+01,-1.36902860e+02,3.38045113e+02,6.07634005e+02,-3.62686996e+02,-6.87119081e+02,-1.70482420e+02,9.51164289e+02,-4.89805288e+02,2.83891163e+02,-9.08197570e+01,-5.33432383e+02,2.07053323e+02,3.27158956e+02,-1.49838062e+02,3.01597160e+02,-2.29660253e+02,-4.40699571e+02,7.64129057e+02,3.98463972e+02,2.65919121e+02,1.25572142e+02,2.10289441e+02,6.98882691e+02,-2.13487643e+02,4.95298525e+01,-1.18524216e+03,1.58094743e+02,-5.84550208e+02,1.24307377e+02,1.85135203e+02,-2.92882646e+02,-4.58926029e+02,5.35005891e+01,-2.51860443e+02,3.04821207e+02,-4.35324266e+02,-2.28176726e+01,-3.04426155e+02,-3.60960133e+01,-2.74971444e+01,1.44552804e+02,1.07353059e+01,-5.15411804e+01,5.18768787e+02,7.82407454e+02,4.09478118e+02,6.68701043e+02,-1.02896766e+02,1.15721329e+02,4.70666916e+02,-7.70191341e+01,-6.54836886e+02,-3.21168699e+02,-4.29869331e+02,-2.46209377e+02,2.39495921e+02,-1.00997910e+03,-1.64385590e+02,3.68533968e+02,-3.12657713e+02,-3.14417461e+02,4.64117762e+02,3.77263621e+02,-2.95980699e+02,1.66066022e+02,-2.10433093e+02,2.98305861e+02,3.42087102e+01,1.31296374e+02,-7.43966244e+02,-4.16194948e+02,-6.62486866e+01,2.82112837e+00,-3.31760539e+02,9.13411215e+02,-1.89944936e+02,-2.87498541e+02,3.22142989e+02,-4.10912890e+02,-2.79562013e+02,2.62519299e+02,9.43164564e+01,1.11537468e+02,1.03610393e+02,-9.63003461e+01,1.66092864e+02,4.99043388e+02,-2.53181483e+02,1.48292477e+02,7.79119530e+02,2.86389340e+02,-7.45595762e+01,-1.64127204e+02,1.31847193e+03,-1.50499066e+02,3.02926116e+02,1.86073153e+02,2.94841060e+02,7.61801091e+02,4.27022564e+02,-2.52640745e+01,1.93832908e+02,4.04768117e+02,3.32865006e+02,-4.76429092e+02,8.01179842e+02,-7.13578366e+02,-1.51200638e+02,4.92407807e+02,7.20351935e+01,5.87864035e+01,2.68322117e+02,2.09098036e+02,3.06859345e+02,-5.46980936e+02,4.30241053e+01,-2.34055756e+02,-9.32461010e+01,-2.88786881e+01,-7.61858003e+01,-4.75855210e+01,7.01456509e+02,-7.28416595e+01,-2.37538228e+02,-1.95260770e+01,9.99823770e+01,-5.04435660e+02,-3.83306542e+02,-3.12160277e+02,-5.40049586e+02,-1.41049651e+02,-3.56287875e+02,1.66319645e+02,-9.75746888e+00,-9.11207127e+01,-7.33411928e+01,5.57672163e+01,-1.71616404e+02,5.73413437e+02,-7.03621821e+02,-1.38163580e+02,-1.34837582e+02,1.44442956e+02,1.57689260e+02,-3.96367908e+02,-1.56355778e+02,3.58389850e+02,-1.91256724e+02,1.35372345e+02,3.16777726e+02,-3.59814886e+01,9.68722814e+02,-1.75976573e+02,-2.75754026e+02,5.55376447e+01,-1.94212851e+02,4.55870650e+02,-3.08710638e+02,7.26389579e+01,5.36361080e+02,-1.12534399e+02,1.03003199e+03,1.09985804e+03,-5.62537436e+02,4.97435270e+02,1.43386206e+02,-4.58337933e+02,1.50750451e+02,3.10609524e+02,3.26055395e+02,2.07567870e+01,1.00495906e+02,6.09797268e+02,-1.97496885e+02,1.39477850e+02,6.53079323e+02,-3.20532834e+02,-1.28274689e+02,4.46147140e+02,2.29912186e+02,6.53434757e+02,2.20552197e+02,5.79531939e+01,2.24861206e+02,3.33076064e+02,-4.14691288e+02,2.91801785e+01,1.57175454e+02,1.05395309e+02,1.87853704e+02,-5.02347742e+02,2.93769231e+02,-3.81308043e+02,-2.70228034e+02,1.49840018e+02,-1.20926985e+02,4.69196881e+02,-2.07450111e+02,2.48338064e+02,2.79193722e+02,6.82274883e+02,4.75429271e+02,4.06601117e+02,-7.58301529e+01,-5.81972821e+01,-2.70953017e+02,6.56342077e+02,6.73757344e+02,3.20197346e+02,-1.97184185e+02,4.30914160e+02,-7.67658736e+01,1.81849852e+02,5.33246885e+02,6.48231193e+00,-6.64949970e+01,-2.12105165e+02,-4.55189469e+02,8.29926203e+02,3.86404047e+02,-4.79082597e+02,-1.32561752e+02,2.39090659e+02,-9.06739002e+01,5.33877641e+02,1.04508205e+02,6.81825553e+02,2.64707967e+02,-2.43193592e+02,2.12053519e+02,-3.62798147e+01,-2.72484882e+02,1.43537099e+02,1.60596318e+02,7.76893648e+02,6.84005633e+02,4.50163879e+02,5.96758443e+02,6.18450766e+01,-2.34467113e+02,1.33565987e+02,-2.84714974e+02,-4.33308799e+02,-4.95733528e+02,-2.33387849e+02,-9.22218480e+02,-2.65875524e+02,-7.30832617e+02,1.83319726e+02,-3.94056907e+02,3.50098896e+02,-8.18238075e+02,-2.76354555e+02,4.22547983e+02,1.92330173e+02,-7.36799405e+02,5.31304438e+02,-2.06736086e+02,4.46138852e+02,-2.20386822e+02,-6.75037273e+02,1.04577536e+02,-5.44691996e+02,-1.15140081e+02,2.41273540e+00,3.63705075e+02,1.06954408e+03,-3.88871216e+02,-2.99288066e+02,-2.35295843e+00,-1.19910445e+02,-6.93449860e+02,-4.75925092e+02,4.23447224e+02,-2.17119222e+02,1.43743451e+02,-4.16484153e+02,-1.27570922e+02,-3.42906283e+02,4.57530250e+02,1.31490104e+02,-1.91526614e+02,-1.14542684e+02,8.64132380e+01,-7.20675206e+01,3.72055313e+02,-2.14385388e+02,4.36301502e+01,2.92996856e+02,1.50108911e+02,-1.49472135e+02,1.32238590e+03,4.62968690e+02,2.93913589e+01,8.99191678e+01,-5.26866699e+02,2.63944540e+02,-6.40012962e+02,-2.19324853e+02,-4.70126494e+02,-1.62831378e+02,4.73910802e+02,-4.81924652e+02,1.55196755e+02,-2.34536209e+01,2.77568759e+01,-3.17895926e+02,-3.81481210e+02,-2.49728848e+00,-3.65316257e+02,-1.89517211e+02,-3.49580615e+02,-8.87750873e+01,-3.06281005e+02,-4.38674788e+02,1.92565354e+02,-1.47704405e+02,1.80355269e+02,8.67146287e+01,-6.27231094e+02,-4.67648015e+02,-3.38767452e+02,3.04584122e+02,-8.73013010e+00,-5.40313740e+02,4.96016863e+02,-3.39735585e+02,4.67053787e+02,-2.56776168e+02,-4.15639378e+02,2.27036961e+02,-5.79044816e+02,-3.31217290e+02,5.44453619e+02,1.54306553e+02,-3.45145837e+02,4.47871901e+02,-1.46055158e+02,-3.21941974e+02,-2.61680497e+02,-4.14431837e+02,2.01989348e+02,-7.74382725e+02,-7.10888913e+02,-8.19899166e+01,-2.56984269e+02,-4.69963703e+02,6.15168281e+02,1.12696326e+03,-2.81992337e+02,-2.72195542e+01,-5.38943723e+02,5.63541760e+02,1.58142377e+02,-1.66817030e+02,-3.28911636e+02,1.44183098e+02,-5.19393181e+02,-1.71687278e+02,-7.57909230e+02,2.98464229e+02,1.12123401e+02,4.62844339e+00,-5.84080872e+01,-2.91485614e+02,-7.58689117e+01,1.08928308e+03,-1.63989077e+02,-3.94037574e+02,-5.78375420e+02,1.11071976e+02,-3.06455728e+02,7.54580518e+01,2.49286743e+02,5.70191010e+01,2.40540808e+02,1.02757099e+02,5.08897976e+02,2.62985620e+02,-2.88875233e+02,3.60793846e+02,2.96412396e+02,9.52087866e+01,3.81492582e+02,-2.09451626e+02,6.20838764e+02,1.57810613e+02,-2.57227064e+02,-4.96051390e+01,-1.63040796e+02,2.05183029e+02,-2.25208876e+02,-2.53927523e+01,-9.23579326e+01,7.08382360e+02,4.57322252e+02,-5.76672878e+02,-3.54894846e+01,-4.60889469e+02,-1.50158228e+02,-1.93855591e+02,6.33848952e+01,-1.25146138e+01,-2.21183139e+02,1.07661231e+02,-5.95734376e+01,-9.00951180e+01,7.40542736e+02,1.54625226e+02,-6.91454607e+02,-3.78186353e+02,7.87852764e+02,2.34006672e+02,-7.29380085e+01,9.08077741e+02,-1.58451764e+02,-9.65590353e+01,-5.01539491e+01,1.15294815e+02,2.42740548e+02,3.47907277e+01,2.29076786e+02,-1.35238791e+02,-2.65342541e+02,-3.69108759e+02,-4.09457755e+02,3.83306812e+02,1.08274781e+02,3.22765350e+02,1.18223837e+02,7.55821535e+02,1.50022516e+02,-6.98396810e+02,-2.92953736e+02,8.46738329e+01,-2.37140500e+02,5.30155936e+02,-1.07388699e+02,1.57017045e+02,4.25683791e+02,-6.27121137e+02,1.26848197e+03,1.65241160e+02,2.03123514e+02,2.99207137e+02,6.89823035e+01,-6.36255311e+00,3.08044576e+02,-3.03095315e+02,6.97810566e+02,6.01812693e+02,-3.53327377e+02,1.27790188e+02,5.92956957e+02,-1.85037627e+02,1.35903149e+02,3.64736371e+02,3.64270048e+02,-6.69083198e+02,-1.18344675e+02,-2.99563049e+02,-2.67968463e+01,-3.54995105e+01,-2.24974236e+01,-1.39389998e+02,-2.50766579e+02,7.03607844e+01,8.71516384e+01,4.56320826e+02,-3.59130968e+02,3.29620193e+02,3.81849825e+02,-1.42705291e+02,7.55879147e+02,-5.82655764e+02,-8.98608168e+02,-5.64196687e+01,-7.16023630e+01,2.66672771e-01,6.71902814e+02,-6.22490212e+01,3.46514192e+02,4.08238207e+02,3.23837447e+02,-8.97722592e+01,5.39338702e+02,-1.35833055e+02,-2.76007523e+02,-3.94937991e+02,4.59127584e+01,3.28459836e+02,-4.31754786e+01,3.26866304e+02,-2.57219332e+01,5.45157417e+02,1.70286556e+02,7.55273854e+01,-4.67598621e+01,2.88932116e+02,3.21986687e+02,1.69821413e+02,-6.80483775e+00,-4.57157232e+02,2.56214692e+02,1.68506643e+02,3.14822837e+02,2.64597498e+02,3.01192276e+02,-5.05983787e+01,2.30875185e+02,-2.09566048e+02,-9.36449949e+00,-4.73877764e+02,-2.65563465e+02,3.33711384e+02,-7.71265157e+02,2.50384954e+02,1.44877937e+02,7.04889364e+02,-2.22159202e+02,2.59500692e+02,-9.93972210e+01,-4.11796354e+02,-6.13231001e+02,-6.91573891e+01,-7.48706948e+02,1.36975375e+02,-1.76188924e+02,2.54952934e+02,1.73636606e+02,-2.17855469e+02,-2.13230813e+02,3.28814153e+02,-5.09987037e+02,-1.03883792e+02,-1.76812700e+02,1.99704351e+02,-4.51334682e+01,4.91283235e+01,-1.83712176e+02,4.84013496e+02,-4.04792004e+02,8.25855073e+01,5.11304543e+02,-2.91622669e+02,1.56069893e+01,-3.17574933e+01,-5.84096809e+02,-3.95539672e+02,-6.81678613e+01,2.24587806e+02,2.73380641e+02,4.13565414e+01,-6.91031345e+01,1.88283806e+02,-3.84111695e+02,1.97393288e+00,-4.28511177e+02,-2.33278806e+02,3.99924759e+02,-2.50141244e+02,5.45739710e+02,-1.80770738e+02,2.99534579e+02,2.17433383e+02,-5.29415158e+02,-2.43018960e+02,7.24080899e+01,-3.38641200e+02,-2.97961368e+02,-7.37332549e+02,-4.74076133e+02,-4.44591403e+02,-3.66058316e+02,1.95326342e+01,1.12144643e+02,8.44089984e+00,1.77814886e+02,-4.85050804e+02,1.23240445e+02,1.76641830e+02,-5.65404566e+02,-5.47695621e+02,-3.49404130e+02,-1.98294996e+02,1.66217047e+02,7.47841992e+00,-3.78538259e+02,3.03152795e+02,-1.69692247e+02,4.25288976e+02,-7.59204237e+02,5.12526324e+02,-3.12590493e+01,-3.11772457e+02,-2.22913812e+02,2.74037706e+01,3.61402619e+02,-6.41282712e+02,-1.20281173e+02,-1.74290569e+02,4.17165359e+02,7.13943760e+02,-8.25702511e+02,7.94998735e+02,3.88125077e+02,-6.34887000e+02,-3.00034442e+02,6.48372797e+02,5.13999882e+02,-1.52643241e+02,-3.07143011e+01,8.94957702e+01,6.02507352e+02,-4.48815427e+02,1.38982553e+02,-6.45107283e+01,2.59330933e+02,-6.29316549e+02,-6.45508756e+01,-2.86431676e+02,4.02289116e+02,3.63346699e+02,-7.28928183e+02,-4.21594804e+02,-1.93576778e+02,-3.30480618e+02,-1.24651196e+02,-1.96810429e+02,3.64678034e+02,3.53908686e+02,-5.04499637e+01,-3.92527830e+02,-7.10523433e+02,3.69882520e+02,-4.31974799e+02,-2.67267708e+02,4.10543853e+01,-2.93120064e+02,-3.54732241e+02,-2.19819731e+02,-3.59106645e+02,-2.28753706e+02,-4.33819644e+02,4.95981316e+02,5.50157833e+02,-2.85754559e+01,-2.03558412e+02,-1.35913090e+01,3.61885910e+02,-7.50903620e+02,-1.77835298e+02,4.25796395e+02,5.71300994e+02,-1.57070811e+02,9.69976030e+01,4.66643011e+02,1.32791507e+02,-5.67631942e+01,-3.76706729e+02,1.92544433e+02,-3.05903533e+02,-1.36700940e+02,-1.64904775e+02,-1.59676264e+02,1.69271927e+02,6.65102979e+02,6.56993318e+00,3.48501198e+01,-7.72709887e+02,-1.48418846e+02,-3.23252834e+02,4.01059738e+01,-3.59290516e+02,6.69666540e+02,6.94113198e+02,1.25807268e+02,-1.27505408e+02,1.23265601e+02,2.16975204e+02,-4.07618508e+02,-6.55581413e+01,1.18976507e+02,1.18372147e+02,4.84037719e+02,3.84757838e+02,-1.78129548e+02,2.42227641e+02,-8.24519825e+02,-3.71228359e+01,7.27591038e+02,8.24948217e+01,-6.38457130e+00,2.83953403e+02,-2.47274218e+02,7.91907852e+02,-1.05358685e+02,7.26106963e+02,3.16735998e+02,-3.27698395e+02,2.61354858e+02,-2.63261243e+02,-5.87334932e+02,-3.43136791e+01,-4.83911585e+02,-4.56339933e+02,-4.53274056e+01,2.74810196e+02,-4.88548239e+01,-2.87827836e+02,6.44177544e+01,-6.22483589e+02,-7.91584041e+01,-7.08162008e+02,4.46050763e+02,-1.18110046e+01,-4.38702652e+02,-1.62634691e+02,1.47836634e+02,-2.75107705e+02,-4.03634547e+02,7.70564594e+02,-1.91702719e+02,-3.80290263e+02,2.15506966e+02,-1.01658298e+02,4.38658828e+02,-1.42487142e+01,7.39625727e+01,8.72404469e+02,-1.53581332e+02,-2.99438115e+02,-3.20111824e+02,-4.55513111e+02,-2.82671163e+02,2.43592399e+02,1.79903125e+02,1.82242680e+02,6.42030071e+02,2.00788740e+01,1.43303786e+02,-5.68860761e+02,2.10112247e+01,-2.00243284e+02,-2.28908335e+02,1.49822538e+01,3.01516996e+02,3.28891934e+02,6.81083341e+00,8.01556187e+01,2.53152513e+02,3.20977171e+02,-2.06230404e+02,-1.12755644e+02,1.46592261e+01,-2.01271161e+02,-6.77052443e+01,-2.32958224e+02,6.49611932e+02,5.57736655e+02,-1.09007149e+02,1.03841979e+02,-2.05889615e+01,-2.04423536e+02,2.87333613e+02,-7.57419331e+01,3.34993116e+02,-4.62097879e+02,1.62161563e+02,-9.51079512e+01,-4.68661571e+02,-2.17014176e+02,2.34800920e+02,-7.36430437e+02,3.62856592e+02,4.23541572e+02,-6.17263211e+01,-4.37455195e+01,-2.76671562e+01,2.09872738e+02,-2.83031303e+02,3.12968264e+02,2.44114593e+02,-8.98419989e+02,-2.83931106e+02,1.94658590e+02,-7.93956828e+01,3.29521029e+02,-5.29317144e+02,-4.15654202e+00,-3.56968250e+02,-1.06325764e+03,6.45497504e+02,-5.11423879e+02,-4.95563444e+02,7.60122596e+01,1.10172976e+03,3.63544123e-01,-1.85741218e+02,-1.79842915e+01,-6.14953513e+01,-7.62025521e+02,-5.32196856e+02,6.69701317e+02,-4.42545155e+01,-3.40379300e+02,4.33183395e+02,-2.96950824e+02,3.40245009e+02,4.68095494e+02,-5.29879466e+02,-2.21417508e+02,-2.96281437e+02,-1.28873245e+02,-1.66802447e+02,-5.80800069e+01,1.18031153e+02,-2.89092792e+02,2.55440809e+02,5.13857596e+02,-1.38665497e+02,-1.52911927e+02,1.18794009e+02,4.93180497e+02,4.18843771e+02,3.14774140e+01,-1.46053053e+01,-4.65603211e+01,-4.37667783e+02,3.25286952e+02,-2.06848410e+02,1.70426801e+02,-1.35384077e+02,2.50100762e+02,1.50857238e+02,-6.78101595e+02,-2.39196634e+02,-6.79128839e+02,-2.79348340e+02,6.47461878e+01,-1.47987734e+02,2.57321420e+02,-2.48437463e+02,1.60837464e+01,9.01582991e+01,6.41072911e+02,3.22245616e+02,-2.32828187e+02,1.77701653e+01,9.58098900e+01,3.43296967e+02,-5.36420108e+00,4.35586814e+02,2.09329940e+02,7.67076379e+02,2.19596997e+01,5.88359504e+02,-2.24516774e+02,-3.31609186e+02,7.11057302e+01,6.39280298e+01,2.62188082e+02,-5.50361217e+01,-1.37136631e+02,2.23373221e+02,-3.94292598e+02,-4.45892480e+02,6.60715877e+02,-5.08315372e+01,-3.68481825e+02,-4.20880652e+00,-1.21711269e+02,3.01308537e+02,2.84716844e+02,-1.68412227e+02,9.40539560e+00,-2.32905555e+02,-2.80687900e+02,-2.45869866e+02,-8.23402388e+02,-2.92628583e+01,-5.55428128e+02,-4.74173840e+02,-3.39485463e+02,1.50934228e+02,-3.24350447e+02,1.88235366e+02,-4.86110499e+02,9.18217093e+00,-3.50271928e+02,6.41988702e+01,1.01615642e+02,2.49821562e+02,-1.69763570e+02,-1.26935458e+02,2.24076721e+02,5.17788861e+02,2.80226884e+02,6.68819444e+01,-5.87236691e+02,-1.19143604e+02,-2.65657803e+02,-5.22691363e+02,3.56252586e+02,-2.97466102e+02,-3.77972079e+01,-1.97358336e+02,-8.72456896e+02,4.29418332e+02,-1.43673842e+02,3.54638213e+02,-5.97779589e+02,5.64135496e+02,3.68532065e+01,-2.68217039e+02,4.00703516e+01,-2.01436890e+02,-5.87915757e+02,1.21827153e+02,2.41398453e+02,2.79813127e+01,-3.11323631e+02,-1.12009214e+02,1.39968251e+02,2.51903188e+02,5.52167646e+02,2.18769104e+02,-2.02427387e+02,7.60158706e+02,2.48248722e+02,3.36255825e+02,-1.45564225e+02,2.29057681e+02,1.49343069e+02,-5.30632686e+02,-1.61777822e+02,-3.38967607e+02,-2.69306887e+02,-8.94076643e+01,-1.51359199e+02,-3.19921791e+02,-9.77516615e+02,-2.62047715e+02,1.32958209e+02,8.71084286e+01,8.03127080e+01,4.26643241e+02,1.59857349e+02,2.75457086e+02,-3.63966827e+02,3.97379025e+02,-4.23925909e+02,-6.58767835e+02,1.65208972e+02,-3.47106467e+02,-3.61005081e+02,-1.35643896e+03,-1.02536975e+02,6.88067299e+02,4.01136898e+02,-8.77243701e+01,-1.02499515e+02,2.54031451e+02,5.85918203e+02,-3.47295546e+02,-8.24011082e+01,-2.73324535e+02,-3.08926226e+02,-2.93433412e+02,1.37044693e+02,6.16336541e+02,-5.65954480e+02,-4.55715219e+02,2.09395335e+01,-7.42702359e+01,-1.22044773e+02,-8.01016060e+02,4.86676025e+02,2.16535478e+02,7.71298025e+01,4.16818636e+02,-2.60785149e+02,2.55225192e+02,2.32354441e+02,4.59308949e+01,-4.02544142e+01,1.05552191e+02,-1.39449474e+02,4.04453885e+02,-3.75435658e+02,3.61671091e+02,8.03385299e+01,9.62544120e+01,2.02843133e+02,-7.40506640e+02,5.52466208e+01,-5.50687515e+02,-4.35060454e+02,-4.22255178e+02,-3.87193284e+02,1.15874295e+01,1.11831954e+02,4.15041076e+02,8.30935550e+01,1.18526267e+02,-6.11739504e+02,-2.15574370e+02,2.83073487e+02,1.17888146e+01,1.61094508e+01,-7.00688172e+01,3.15457634e+02,-7.84649741e+02,9.04706220e+01,2.03457420e+02,3.91259400e+02,3.34692225e+02,-4.88565879e+02,6.54311495e+01,3.66042366e+01,3.81315420e+01,1.65262363e+01,-1.66997793e+02,-2.70732083e+02,1.35515638e+02,5.38390202e+02,-7.67452887e+01,8.22616435e+01,1.52874306e+02,-2.13108149e+02,-2.11155882e+02,-9.93862916e+02,-3.30165703e+02,-4.36275371e+02,-6.50633725e+01,-5.45655457e+02,6.45433907e+02,-2.53490026e+02,-4.53943016e+02,-1.34514518e+03,5.63015892e+02,1.17988460e+02,-1.31370929e+01,-5.27642271e+02,9.04092602e+01,-1.48921287e+02,-2.79924212e+02,1.00771392e+02,2.75159616e+02,6.81070477e+01,-1.48205356e+02,-2.84102765e+01,7.04082928e+00,1.65091690e+02,-5.22992094e+02,6.00538814e+02,-3.59868415e+02,-2.32487100e+02,-3.60738743e+02,-8.33661128e+02,8.15161753e+01,-4.10008092e+02,-1.89263409e+02,2.92713125e+02,-2.06954502e+02,4.81852717e+00,-8.47560173e+01,-2.20444308e+02,1.41277107e+01,4.56075073e+02,-4.46326573e+02,7.90066576e+02,-1.69388583e+02,2.91582820e+02,-6.67968919e+01,1.28606088e+02,-1.01016183e+02,4.02074630e+02,5.37312081e+02,1.71070507e+02,4.70791506e+02,-3.34031862e+02,-2.76023624e+01,-1.95756352e+02,5.84743160e+02,4.94872331e+02,3.79377565e+02,-1.27975896e+02,-2.59531655e+02,2.30907456e+02,-2.21593616e+02,-1.18345012e+02,-6.23737990e+01,-2.23231420e+02,4.40014860e+02,-4.96123706e+01,3.39059266e+02,1.20859030e+02,1.45964261e+02,-2.93170888e+02,2.77839112e+02,-1.55893778e+02,-1.12201277e+02,-2.58411585e+01,-4.36308308e+02,6.58491071e+02,-2.42305905e+02,-3.50583324e+01,1.70486825e+02,1.46542991e+02,6.06629808e+02,-1.41671065e+02,6.58268155e+02,5.97713409e+02,-8.33603585e+02,7.48717969e+01,-1.75454395e+02,1.24852421e+02,7.43151308e+01,1.50593404e+02,5.17544501e+02,7.93768982e+02,-6.72521319e+02,6.57383434e+02,-7.91197680e+02,-6.59291738e+02,-1.05328234e+02,-9.60144816e+00,6.02488637e+02,3.31619015e+02,-1.57063800e+02,-7.94561512e+02,6.03489741e+02,-3.85900954e+02,-9.15718450e+00,-4.30614642e+01,1.06321801e+03,-2.43010640e+02,-9.03090752e+02,2.64937999e+02,-1.38724057e+03,9.54696983e+01,-3.05982956e+02,-1.55329306e+02,-2.34138741e+02,-5.02593010e+02,3.51553209e+02,-3.10060915e+02,-7.89138876e+01,-6.71375597e+02,-5.75852234e+01,-4.10244890e+02,-6.38470706e+02,-1.05040684e+03,8.69336403e+01,-2.76331595e+02,-7.40476220e+00,-1.15628426e+02,-6.78946180e+02,-5.41739910e+02,-4.52879240e+02,-4.56598684e+02,4.69991249e+02,8.01395158e+01,-4.09808130e+02,-1.56575095e+02,-1.92130553e+02,3.18362335e+02,-2.86156801e+02,-1.05570491e+02,-1.92390102e+02,-3.07630200e+02,-3.21024569e+02,3.28454418e+02,-1.49949245e+02,-7.80114446e+02,6.60668413e+02,4.02825830e+02,5.27507443e+01,-6.20822301e+02,-6.47638903e+02,9.32017875e+01,1.18389804e+01,-2.55401562e+02,-4.16847132e+02,3.04335412e+02,-6.79143380e+01,2.34254399e+02,4.23369322e+02,2.89039194e+02,3.02098739e+02,2.18703445e+02,-1.74412713e+02,-1.07113733e+02,-1.88341912e+02,-2.98998079e+02,-3.92462858e+02,-5.54596442e+02,-3.35218878e+02,-6.88986472e+01,-6.82866523e+02,-7.41378156e+01,2.78870107e+02,-6.12510968e+02,2.12742050e+02,1.85732348e+02,-6.03337605e+02,-4.86581850e+02,-1.34064442e+02,1.81454618e+02,-3.39790777e+02,5.99881251e+02,5.38163476e+02,-6.42293961e+02,4.33388813e+02,3.03519997e+02,6.50150513e+01,2.16301717e+02,-3.64990638e+02,-1.22230623e+02,4.64647388e+01,1.51525144e+02,3.87332307e+02,-4.33582328e+02,-3.68349699e+01,1.51522932e+02,-1.31489270e+01,-2.26143891e+02,1.68567792e+02,-2.28178488e+02,-1.72371249e+02,3.22883627e+01,-5.12936689e+02,3.08809139e+01,-2.00715786e+02,-1.07713170e+02,5.04024876e+00,-4.85534141e+02,4.82127405e+02,-2.29647776e+02,-1.10512855e+03,-7.22999430e+02,3.33971490e+02,-3.03859600e+02,-1.46048178e+02,-2.49197324e+02,-1.42006660e+02,-8.53689298e+02,-9.50138721e+01,-5.47147760e+02,-2.85095680e+02,2.20137930e+02,6.34767040e+02,-3.11223939e+00,-2.66540953e+01,4.97809711e+02,-4.32371197e+02,3.06116787e+02,7.90761378e+01,-3.55733521e+02,-1.53711515e+02,2.09668237e+02,1.58119978e+01,8.39138211e+01,9.77340252e+01,-2.01190697e+02,-2.37520630e+02,-4.50729778e+02,4.27455469e+02,-5.41908067e+02,-3.98189768e+02,8.14680376e+01,-7.63085548e+02,1.64368787e+02,5.34862383e+02,-4.07960743e+01,5.97606657e+01,-2.12062096e+02,-1.74354200e+02,8.76476481e+01,3.19804930e+02,-3.45107351e+02,2.63544158e+02,-9.40381333e+01,-3.38603946e+01,2.29934592e+02,1.63340214e+02,-7.65927480e+01,-3.38753852e+00,2.07678641e+02,2.39138545e+02,-6.12268147e+02,5.61835975e+01,4.60261034e+02,-8.29318499e+02,2.77018558e+02,-1.01765215e+03,-7.90018693e+01,-1.26708822e+02,-7.20686913e+01,-7.65209177e+01,-2.20818381e+02,-3.10836820e+01,1.40846623e+02,-2.05742556e+02,1.20230817e+02,7.40207487e+02,-5.47771889e+02,-2.27646921e+02,3.11698130e+02,2.11152832e+02,3.52784221e+02,1.39510046e+02,2.41520689e+02,-1.59141386e+02,-4.17214626e+02,-3.62116463e+02,-1.77133259e+02,6.01379872e+00,-3.58031121e+02,-1.29917967e+02,5.66448520e+01,1.97379215e+02,-8.52663240e+01,4.78978990e+02,-4.32419545e+02,-4.46430738e+01,-2.34042272e+01,2.37891633e+02,-3.47056563e+02,-2.18258698e+02,2.33636082e+02,4.25724505e+02,5.94865977e+02,2.99295751e+02,3.51959186e+02,-2.53321141e+02,5.32513639e+02,5.74451219e+02,-5.44841396e+01,3.35502137e+02,3.24004329e+02,-2.16641833e+02,1.42372001e+01,5.22740319e+02,-2.36849512e+02,-1.05729820e+02,-5.15757606e+02,2.29183477e+02,-6.44571307e+01,1.50079645e+02,8.15377744e+01,-3.55160445e+02,3.90993695e+02,3.46860705e+02,-2.02489597e+02,1.56929858e+02,-4.89017025e+02,-4.39785378e+02,1.99321556e+02,-5.87686761e+02,-2.29882054e+02,8.19594969e+01,6.88001706e+02,-2.07061578e+02,-8.88271997e+01,-1.25060571e+02,9.76499926e+02,1.21186775e+02,-3.69606771e+02,5.82581846e+02,5.36224551e+02,2.56101091e+02,6.21688418e+02,6.88506928e+02,-8.93212380e+01,-2.55276744e+02,-2.76471912e+02,2.28579305e+02,3.22148997e+02,-4.19677494e+01,-1.75698746e+02,-5.23975363e+02,-2.56477874e+02,-3.76644596e+02,2.51379248e+02,1.28168690e+02,5.32248462e+02,4.85234563e+01,-2.13538268e+02,-6.69012506e+01,3.40413840e+02,1.11371993e+02,4.33745400e+02,4.88578007e+02,-1.17585376e+02,-7.67898488e+01,-8.21624774e+02,4.53851830e+02,-4.58211303e+01,4.27230873e+02,-1.55757887e+02,-4.95814839e+02,1.68292314e+02,5.88419649e+02,-2.08606757e+02,5.80722237e+02,-6.13828078e+02,-1.91037362e+02,-6.64367652e+02,1.87717582e+02,9.75890892e+01,7.31811420e+00,-5.08356100e+02,7.44872803e+02,4.47076266e+02,6.93310329e+01,-3.89502099e+02,1.85377776e+02,-2.31378939e+02,-7.44122101e+01,-1.85405625e+02,1.76973445e+02,-8.56733317e+01,-1.73130968e+02,1.62709102e+02,2.22840808e+02,-7.22495142e+02,1.65203592e+02,5.68190842e+02,3.55548121e+02,-1.11936621e+02,2.89748902e+01,-3.03937725e+02,4.99680658e+02,1.48658477e+02,-5.71426609e+01,-5.87085725e+01,9.23025315e+02,6.47724988e+00,2.62535219e+02,6.12466900e+02,8.25923568e+02,5.41179870e+02,3.58708793e+02,-5.38024037e+02,-3.66916211e+02,2.92775133e+02,1.38817499e+01,2.73515306e+02,1.56426804e+02,4.96762122e+02,-6.55307767e+02,-4.14758538e+02,-5.40615009e+01,-7.32137805e+02,1.65502778e+02,3.33083364e+02,1.18344266e+02,-1.92453043e+02,1.99962885e+02,1.20328337e+03,2.19114272e+02,1.28401386e+02,-4.14467304e+02,-5.59844979e+02,-1.32473830e+02,2.63004776e+02,-4.42655539e+01,1.77310978e+02,2.97507674e+02,-5.06363364e+02,2.09665542e+02,4.43369558e+02,4.95586965e+02,-4.74610277e+01,9.61679802e+00,-7.85590325e+01,-4.27051667e+02,-5.62936951e+02,7.05899284e+02,-5.69529404e+01,-5.00782208e+02,1.85680186e+01,-1.93583368e+02,7.72699012e+02,-2.02304435e+02,-2.91426648e+02,2.63941773e+02,-1.23300932e+02,3.66570290e+02,-4.73997639e+01,8.50761835e+02,4.25297321e+02,-1.03645543e+01,-3.05048022e+02,2.09505702e+02,-4.68945944e+02,-9.85444337e+01,5.14507289e+02,-2.37280372e+02,-3.99080992e+02,-1.87829558e+02,4.39044583e+02,1.23437949e+02,-7.01800817e+02,2.58835233e+02,1.26818477e+02,5.83286416e+01,-4.32520089e+02,1.45212287e+01,2.96745059e+02,4.31769255e+02,5.41282371e+02,2.20433947e+02,3.48778587e+01,-4.29383052e+02,-4.04433787e+02,-6.29095556e+02,-7.79346283e+01,2.67150108e+02,-2.07637922e+01,4.53075369e+02,-2.68104713e+02,1.55076545e+02,-1.01375254e+02,-2.51941350e+02,5.00482851e+02,6.45569444e+01,5.18917890e+02,2.52006647e+01,2.10753221e+02,-1.68461384e+02,5.29459545e+02,-1.01951239e+02,-3.40132790e+00,-6.61134863e+02,-9.14614773e+01,6.15591636e+02,5.63140299e+02,2.23253269e+02,-1.27524836e+02,3.22906160e+01,-1.49748324e+02,-4.86612223e+01,7.60887126e+02,1.49718580e+01,-2.00653800e+02,-9.33549237e+02,-4.58487128e+02,-3.18141850e+02,-5.67605863e+02,-4.75023389e+02,-6.01181984e+02,-3.92650165e+02,-3.21866139e+02,-4.06330369e+02,4.03384746e+02,-2.15138208e+02,-8.19795683e+02,3.37780173e+02,-2.44513359e+02,-6.95133776e+02,8.20920645e+02,-2.03677351e+02,1.67171474e+02,3.45091726e+02,7.82929767e+00,2.20563093e+02,7.22664758e+00,-1.26821067e+01,-1.15685101e+02,-6.13352272e+02,8.97444569e+01,-1.10310276e+03,5.53086077e+02,-3.70767395e+02,-1.17182592e+02,-1.50699293e+02,8.84675253e+01,-1.59186465e+02,2.42738829e+02,-4.55341497e+02,3.21030539e+02,3.31273146e+02,1.31141153e+02,8.32971451e+01,1.68468568e+02,6.30123633e+01,2.56401887e+02,-8.08156315e+01,-5.30270842e+02,8.30998514e+01,-1.95481292e+02,-3.84987474e+01,4.22077813e+02,-6.86813359e+02,8.51146798e+00,1.17611831e+01,7.29664667e+01,2.81642672e+02,-1.16818805e+02,7.11919995e+02,4.09836860e+02,-1.48604143e+02,-8.98806998e+01,1.63407199e+01,6.60136756e+02,-4.72164800e+02,-8.82452532e+02,2.44920345e+02,-1.03258509e+02,-1.06931488e+02,1.42954878e+02,6.63434048e+02,4.04206465e+02,-1.49329348e+02,-4.27588483e+02,-5.10581535e+01,2.49289510e+02,-1.11590333e+02,-6.30671294e+02,-2.41529526e+01,-7.87978011e+02,-4.13469839e+02,6.74995466e+02,-4.34818131e+02,-5.64285890e+02,-4.41150996e+02,-2.99966242e+02,2.83745631e+02,6.99390029e+02,-4.33534868e+01,2.33443004e+02,-1.52618943e+02,-5.91604462e+02,3.96791166e+02,-3.87085264e+02,2.40402172e+02,3.07825222e+02,-6.36160935e+01,3.50154370e+02,3.71838424e+02,9.12614783e+02,-1.26679491e+02,-3.91386249e+02,-5.41280895e+02,-1.28536776e+02,-2.20526301e+02,8.61440865e+02,-3.75776451e+02,8.63751642e+01,6.29028670e+01,-2.22227210e+02,-6.89141364e+02,-5.49900413e+01,8.29823378e+02,9.29837065e+01,5.99100622e+01,-4.55131086e+02,-5.14949476e+02,-8.32280551e+01,4.11126071e+02,-1.90109267e+02,9.04694691e+02,-3.72667365e+02,1.44427856e+02,-1.75929360e+02,-5.81880401e+02,2.61308827e+01,-4.34026313e+02,-6.32939294e+02,7.02729469e+01,1.99470020e+01,4.39422686e+02,1.78584451e+02,-2.87472129e+02,1.92013410e+02,-7.01441782e+02,-4.49626832e+02,7.70329505e+02,1.10763754e+02,-1.19831150e+02,-2.74488392e+02,-3.96966319e+01,-6.64831970e+01,7.23004690e+02,3.47973779e+02,-1.25012827e+02,-5.91737367e+01,-3.42443157e+02,-1.73298753e+02,-5.71964306e+02,4.07503916e+02,6.38327869e+01,1.17463434e+02,1.29275054e+02,-4.69129969e+01,-1.55688937e+02,-4.73153733e+00,-9.04104944e+02,-1.62232265e+02,-6.87994397e+01,-7.80240553e+01,4.66506282e+02,5.37165361e+02,1.37369333e+02,-8.14288823e+02,5.44200893e+02,-1.69886327e+02,-3.28439091e+02,-7.42595142e+02,-2.77637675e+02,5.01826848e+02,2.32572786e+02,5.97633821e+01,2.61166218e+02,-4.95733019e+02,-3.77895375e+02,4.70223764e+02,3.24850655e+02,4.39526519e+02,-2.16000585e+00,5.86661436e+01,4.71206331e+02,8.41121644e+02,-2.09730983e+02,3.21797869e+02,-1.43475526e+02,-3.57434783e+02,-2.91359828e+02,-2.60543328e+02,-1.27782665e+02,-4.34786534e+02,-1.99401084e+02,-1.18644217e+03,2.89755491e+02,1.65799132e+02,-3.13785400e+01,-3.53429429e+02,-1.91323003e+02,-4.58372239e+02,1.00051484e+02,7.01024871e+02,-1.75919648e+02,-1.39948537e+02,1.86498061e+02,-4.12365517e+02,7.38746302e+02,1.41507795e+02,1.57336256e+02,4.39839432e+02,1.51123178e+01,4.77792791e+02,1.39996338e+02,-7.33633535e+01,7.99321235e+01,-1.95004724e+01,5.91492149e+02,7.73344104e+01,1.26353021e+02,-7.65939073e+01,1.13323909e+02,-7.87811856e+02,-3.17148269e+02,-3.92605365e+02,4.36966981e+02,-2.48677437e+02,-5.48201419e+02,5.01039001e+02,-1.02620207e+02,3.72324017e+02,-7.78706180e+02,2.11126950e+02,6.52245140e+01,5.03445991e+01,-7.50725947e+01,-5.54909085e+01,4.19965734e+02,-1.85825541e+00,-4.21336388e+02,-1.36221651e+02,2.15523974e+02,-9.94700522e+02,-7.91353064e+02,1.24895857e+01,9.52809708e+01,-3.70319734e+02,-3.65648231e+01,9.23978188e+02,2.80945178e+02,-4.78012213e+02,8.01608116e+01,-7.62937574e+01,8.84637716e+01,-2.92292439e+02,1.58032096e+02,2.41948376e+02,-5.75309236e+01,9.59235545e+02,-9.06891777e+01,-2.74035051e+02,1.63074305e+02,3.51975529e+02,-3.02455617e+02,-2.54641381e+01,8.17372382e+02,-2.03512793e+01,5.02322516e+02,1.22232458e+02,-8.21759563e+01,-2.24683441e+02,4.85832795e+02,-4.68962401e+02,-1.79265554e+01,-1.28259316e+02,-3.60757702e+02,1.43313333e+02,2.03252876e+02,7.60141204e+01,-1.40783073e+01,-3.30089448e+02,1.57630602e+02,-1.49132291e+01,-2.13602683e+02,-1.84599165e+02,1.68298822e+02,-4.28451905e+01,-3.12388467e+02,-9.08633485e+02,7.79374169e+01,1.99476249e+02,-3.99443792e+02,-1.92103227e+02,7.03545821e+02,6.21701443e+01,3.00652557e+02,5.58838925e+01,3.15106908e+02,4.38895912e+01,-3.36246874e+02,-3.27189766e+01,7.10500103e+01,2.37216599e+02,6.85019935e+02,4.19933706e+02,1.83700679e+01,1.46479264e+02,5.15054130e+02,2.23716457e+02,-6.19415235e+02,-2.28811188e+02,1.15134908e+02,7.29939330e+01,2.25247145e+02,-4.48631741e+02,1.08516796e+02,3.43312533e+02,4.21129751e+02,-3.82592385e+02,-4.45096031e+01,-1.96078680e+01,-1.15928789e+02,-2.83521008e+02,-1.68953612e+02,-2.76808409e+01,6.85000575e+01,3.52954756e+02,-2.65508428e+02,6.83121706e+02,3.04442025e+02,2.15737541e+02,2.83954816e+02,2.59379570e+02,2.80005673e+02,4.61410443e+02,-3.77858603e+02,5.40241193e+02,-9.50455983e+02,2.65368499e+02,-9.28262494e+02,7.19491322e+02,6.21142646e+02,-9.92351216e+01,-4.20225961e+02,-3.60728534e+02,-4.92050415e+02,-5.29045354e+02,4.91370653e+02,3.66734914e+02,2.06804494e+02,2.71221125e+02,3.47340462e+02,-3.28464700e+02,-1.72186391e+02,4.90128611e+02,-1.06374448e+02,4.52041013e+02,6.24411867e+02,-3.67122162e+01,-6.15356144e+02,1.19898567e+01,-1.11470432e+01,-8.39300173e+01,6.79228983e+00,-5.73470266e+02,-1.57690616e+02,5.06965722e+01,7.58602875e+01,4.13521594e+02,-3.41429655e+02,5.23276820e+02,-3.45480985e+02,1.89609462e+02,3.32901120e+02]
