name = 'C_diff'
composition = {'H':0, 'C':1, 'N':0, 'O':0, 'Pt':1}
facet = ['Ni100'] 
IS_SPE =[-83.812542, 'eV']
IS_ZPE =[0.098, 'eV']
IS_frequencies=[299.6, 641.9, 642.0, 'cm-1']
TST_SPE=[-81.76347229, 'eV']
TST_ZPE=[0.077, 'eV']
TST_frequencies=[616.7, 627.7, 'cm-1']
no_reactants=2
bee_IS = [-4.95215101e+02, -3.95368030e+01, -1.14664548e+02,  3.84099229e+02,    -1.81464113e+02, -1.58980905e+02, -3.38383056e+02, -7.54423296e+02,    -3.61657442e+02, -4.04945668e+02, -3.29778356e+02,  3.93824831e+01,     1.16972601e+01,  2.62767361e+01,  2.64991565e+01,  3.99031869e+02,    -1.76441167e+02, -1.55859987e+02,  1.47303509e+02, -9.42069931e+02,     4.96037037e+02, -2.26425320e+02, -4.35542764e+01, -1.02340096e+02,    -4.82276673e+01, -4.91428893e+01,  7.32253399e+02, -1.80032291e+02,    -7.02004084e+01, -4.44840990e+02,  6.55381275e+02, -1.16190339e+02,    -3.29936778e+02,  2.03424268e+02, -3.62068058e+01,  1.64835770e+02,    -2.67449966e+01,  6.09285507e+01,  2.30524332e+02, -8.62442571e+02,     4.58852524e+02,  1.08689306e+02, -4.87980711e+01, -2.86279377e+02,     9.50444679e+01, -1.53591676e+02,  3.71146858e+02,  3.13340583e+02,    -2.33363745e+02, -2.47577365e+02, -2.52431017e+02, -2.86630583e+02,     9.57692471e+01, -4.20948564e+02,  1.15940382e+02,  5.07835460e+02,     5.79450858e+02,  2.95072556e+02,  1.36620601e+02,  2.31991927e+02,     7.59630598e+02,  1.78604992e+02, -4.67020235e+02, -1.04877387e+02,    -1.99257238e+02,  5.16862179e+02, -6.35090214e+02, -5.30556315e+02,    -2.29095134e+02, -8.28151220e+01, -3.71145126e+02,  2.26944892e+02,     8.11995423e+01,  1.11109607e+02, -3.26623110e+02, -2.95113249e+02,    -4.77146761e+02,  3.17521223e+02, -2.77021577e+02,  2.22599212e+02,    -5.55434222e+01, -2.48424306e+02, -4.94033680e+02, -1.46876526e+02,    -9.54283269e+01, -1.35243795e+02,  3.33689884e+02,  5.99274634e+02,    -3.57676246e+02, -6.78125399e+02, -1.68324269e+02,  9.38927410e+02,    -4.83603730e+02,  2.80339583e+02, -8.94128648e+01, -5.26568264e+02,     2.03970227e+02,  3.23370859e+02, -1.48092183e+02,  2.98173126e+02,    -2.26831084e+02, -4.34168818e+02,  7.53210683e+02,  3.93311976e+02,     2.63277969e+02,  1.23983690e+02,  2.07650896e+02,  6.89577850e+02,    -2.10524824e+02,  4.91149536e+01, -1.16959852e+03,  1.56055624e+02,    -5.76966635e+02,  1.22903378e+02,  1.82728551e+02, -2.88777737e+02,    -4.53231511e+02,  5.32176942e+01, -2.48524547e+02,  3.00141495e+02,    -4.30031581e+02, -2.21870642e+01, -3.00164023e+02, -3.56142497e+01,    -2.79484819e+01,  1.42105565e+02,  1.08014318e+01, -5.08522628e+01,     5.11542114e+02,  7.72206909e+02,  4.03969210e+02,  6.60901559e+02,    -1.01526061e+02,  1.14588715e+02,  4.64821787e+02, -7.72303117e+01,    -6.46513940e+02, -3.16531932e+02, -4.24424086e+02, -2.43046991e+02,     2.36477636e+02, -9.96425987e+02, -1.62925243e+02,  3.63390948e+02,    -3.08173365e+02, -3.11202374e+02,  4.57613733e+02,  3.72014090e+02,    -2.92719335e+02,  1.62887894e+02, -2.07690904e+02,  2.94224649e+02,     3.34193658e+01,  1.29764976e+02, -7.34646910e+02, -4.10853071e+02,    -6.53193845e+01,  2.80503351e+00, -3.27030609e+02,  9.01156237e+02,    -1.88354107e+02, -2.84269017e+02,  3.17682160e+02, -4.05671751e+02,    -2.75323123e+02,  2.58875123e+02,  9.29025613e+01,  1.10166404e+02,     1.01912195e+02, -9.50659292e+01,  1.64659413e+02,  4.92362378e+02,    -2.50048494e+02,  1.45853671e+02,  7.69101232e+02,  2.82872239e+02,    -7.39030492e+01, -1.61892955e+02,  1.30100072e+03, -1.47917639e+02,     2.98726065e+02,  1.82869491e+02,  2.91505260e+02,  7.51466521e+02,     4.21608436e+02, -2.46004691e+01,  1.91081046e+02,  3.99087602e+02,     3.28603933e+02, -4.69738471e+02,  7.90727158e+02, -7.04173547e+02,    -1.49810735e+02,  4.86031137e+02,  7.04252064e+01,  5.80197654e+01,     2.64977058e+02,  2.07016185e+02,  3.03052214e+02, -5.39887948e+02,     4.26196743e+01, -2.31272531e+02, -9.24508108e+01, -2.86000461e+01,    -7.49573368e+01, -4.69857907e+01,  6.92081816e+02, -7.20882527e+01,    -2.34439848e+02, -1.92943233e+01,  9.83659967e+01, -4.97433714e+02,    -3.77557173e+02, -3.08177929e+02, -5.33080218e+02, -1.38940416e+02,    -3.51595501e+02,  1.64245506e+02, -9.90751959e+00, -8.96901630e+01,    -7.23565699e+01,  5.51518544e+01, -1.69835851e+02,  5.66083340e+02,    -6.93933827e+02, -1.36653036e+02, -1.33214286e+02,  1.42734943e+02,     1.55319833e+02, -3.90763626e+02, -1.54697148e+02,  3.53429702e+02,    -1.88965294e+02,  1.33791023e+02,  3.12980612e+02, -3.58420988e+01,     9.55844413e+02, -1.74374417e+02, -2.71900447e+02,  5.53247875e+01,    -1.91300162e+02,  4.49642987e+02, -3.03747751e+02,  7.11672961e+01,     5.30237665e+02, -1.11062695e+02,  1.01691609e+03,  1.08558584e+03,    -5.54916085e+02,  4.90974653e+02,  1.40862402e+02, -4.52119070e+02,     1.48632060e+02,  3.05982999e+02,  3.21014905e+02,  2.03220534e+01,     9.86372105e+01,  6.01634335e+02, -1.94894007e+02,  1.38317151e+02,     6.45261118e+02, -3.16402613e+02, -1.25913945e+02,  4.39771825e+02,     2.26515801e+02,  6.44620359e+02,  2.17114895e+02,  5.66302005e+01,     2.21814464e+02,  3.28519986e+02, -4.09050515e+02,  2.84002798e+01,     1.54588900e+02,  1.04157901e+02,  1.85281597e+02, -4.95611914e+02,     2.90107316e+02, -3.76469132e+02, -2.66663574e+02,  1.47751186e+02,    -1.19710174e+02,  4.62608445e+02, -2.05592106e+02,  2.45033725e+02,     2.75551915e+02,  6.73497953e+02,  4.69526442e+02,  4.01102567e+02,    -7.52418967e+01, -5.71614460e+01, -2.67596618e+02,  6.47366008e+02,     6.64566551e+02,  3.15798484e+02, -1.94266346e+02,  4.25281405e+02,    -7.62760119e+01,  1.79823655e+02,  5.25678838e+02,  6.66257318e+00,    -6.53806494e+01, -2.09673693e+02, -4.48711894e+02,  8.19299426e+02,     3.80915729e+02, -4.72070543e+02, -1.30464234e+02,  2.36174895e+02,    -8.94755880e+01,  5.26679248e+02,  1.02716047e+02,  6.72701189e+02,     2.61295367e+02, -2.40442748e+02,  2.09751496e+02, -3.54389951e+01,    -2.69435722e+02,  1.41715085e+02,  1.58697157e+02,  7.66747301e+02,     6.75346093e+02,  4.43889683e+02,  5.89143771e+02,  6.11325414e+01,    -2.31686501e+02,  1.32046303e+02, -2.80759908e+02, -4.27237415e+02,    -4.89300534e+02, -2.29769726e+02, -9.10097252e+02, -2.61957748e+02,    -7.21221067e+02,  1.80982247e+02, -3.88927501e+02,  3.44660410e+02,    -8.07341510e+02, -2.73049101e+02,  4.17714508e+02,  1.89911647e+02,    -7.26827274e+02,  5.25045223e+02, -2.03599100e+02,  4.39975993e+02,    -2.17283803e+02, -6.66287237e+02,  1.02605182e+02, -5.37248260e+02,    -1.14423509e+02,  2.53175432e+00,  3.58951133e+02,  1.05542124e+03,    -3.83995098e+02, -2.94989995e+02, -1.77518021e+00, -1.18910327e+02,    -6.84351511e+02, -4.69489822e+02,  4.17815493e+02, -2.14817829e+02,     1.41402237e+02, -4.10901529e+02, -1.25772551e+02, -3.38103725e+02,     4.51900867e+02,  1.30060589e+02, -1.88924164e+02, -1.12667979e+02,     8.51275650e+01, -7.11697407e+01,  3.67285608e+02, -2.11427325e+02,     4.26799800e+01,  2.89363757e+02,  1.48556214e+02, -1.47102632e+02,     1.30501062e+03,  4.56520844e+02,  2.84867156e+01,  8.88038728e+01,    -5.20080001e+02,  2.60144608e+02, -6.31353189e+02, -2.15663057e+02,    -4.63804464e+02, -1.60749146e+02,  4.67413464e+02, -4.75577509e+02,     1.52443511e+02, -2.31307386e+01,  2.74573167e+01, -3.14019038e+02,    -3.76605616e+02, -1.97644486e+00, -3.61305115e+02, -1.86934632e+02,    -3.44994179e+02, -8.78988987e+01, -3.02597531e+02, -4.33086373e+02,     1.90148888e+02, -1.45955048e+02,  1.77772050e+02,  8.57749270e+01,    -6.18760808e+02, -4.61774800e+02, -3.33476189e+02,  3.00793588e+02,    -8.28578621e+00, -5.33239030e+02,  4.89668732e+02, -3.35122196e+02,     4.60616471e+02, -2.53373726e+02, -4.10208616e+02,  2.24061034e+02,    -5.71032584e+02, -3.27627641e+02,  5.37671045e+02,  1.52199179e+02,    -3.40550860e+02,  4.41933223e+02, -1.44129647e+02, -3.17988336e+02,    -2.58290116e+02, -4.08688082e+02,  1.99093637e+02, -7.64560986e+02,    -7.02151595e+02, -8.10524534e+01, -2.53639898e+02, -4.63243480e+02,     6.06671661e+02,  1.11167402e+03, -2.79182188e+02, -2.68442160e+01,    -5.32174802e+02,  5.56164985e+02,  1.55756038e+02, -1.64493656e+02,    -3.24754930e+02,  1.42501031e+02, -5.12651738e+02, -1.70234536e+02,    -7.47970982e+02,  2.94506448e+02,  1.10702097e+02,  5.16751628e+00,    -5.73395726e+01, -2.87018191e+02, -7.46847044e+01,  1.07444121e+03,    -1.62043004e+02, -3.88854229e+02, -5.70569731e+02,  1.09621676e+02,    -3.02366402e+02,  7.44153143e+01,  2.45730179e+02,  5.63715480e+01,     2.36803771e+02,  1.00966626e+02,  5.02265205e+02,  2.59966946e+02,    -2.84945827e+02,  3.55234240e+02,  2.92412559e+02,  9.36968761e+01,     3.77140032e+02, -2.06218762e+02,  6.12586904e+02,  1.55031395e+02,    -2.53481641e+02, -4.90639534e+01, -1.61197853e+02,  2.03146424e+02,    -2.22248304e+02, -2.44278196e+01, -9.09639856e+01,  6.99246399e+02,     4.51001616e+02, -5.69111296e+02, -3.46784629e+01, -4.54995610e+02,    -1.48548822e+02, -1.91347104e+02,  6.23331922e+01, -1.21478936e+01,    -2.18096966e+02,  1.05896873e+02, -5.85644625e+01, -8.90709115e+01,     7.30694642e+02,  1.52885557e+02, -6.82318750e+02, -3.73902069e+02,     7.77141828e+02,  2.31227127e+02, -7.19074204e+01,  8.95910011e+02,    -1.56326808e+02, -9.55999540e+01, -4.91453970e+01,  1.13615318e+02,     2.39276541e+02,  3.43610247e+01,  2.25718027e+02, -1.33765649e+02,    -2.61240748e+02, -3.64801401e+02, -4.04006173e+02,  3.78798273e+02,     1.06618463e+02,  3.18506935e+02,  1.16618084e+02,  7.45834020e+02,     1.47779028e+02, -6.89629535e+02, -2.89255665e+02,  8.39987603e+01,    -2.33849093e+02,  5.23051072e+02, -1.05608669e+02,  1.55038548e+02,     4.19560595e+02, -6.18331557e+02,  1.25172283e+03,  1.63029299e+02,     2.00323120e+02,  2.95075194e+02,  6.83065531e+01, -6.08804788e+00,     3.04204239e+02, -2.99242783e+02,  6.88470082e+02,  5.93586837e+02,    -3.48915122e+02,  1.25938877e+02,  5.84878603e+02, -1.82542230e+02,     1.33851462e+02,  3.60703812e+02,  3.59535880e+02, -6.60636477e+02,    -1.17453202e+02, -2.96207001e+02, -2.62920391e+01, -3.46872426e+01,    -2.27914462e+01, -1.37799347e+02, -2.47423260e+02,  6.88306887e+01,     8.63466716e+01,  4.50333322e+02, -3.54185212e+02,  3.24775918e+02,     3.76471476e+02, -1.41258195e+02,  7.47089568e+02, -5.75004083e+02,    -8.87081051e+02, -5.55618428e+01, -7.09288111e+01,  2.03342508e-01,     6.63212952e+02, -6.17618761e+01,  3.41696372e+02,  4.01980600e+02,     3.19517395e+02, -8.89719669e+01,  5.32499208e+02, -1.34015989e+02,    -2.71813720e+02, -3.90583011e+02,  4.46989087e+01,  3.24335554e+02,    -4.29149677e+01,  3.22888853e+02, -2.58174890e+01,  5.38504710e+02,     1.68221688e+02,  7.45856951e+01, -4.65636134e+01,  2.85452294e+02,     3.17447156e+02,  1.67858919e+02, -6.43180854e+00, -4.51029557e+02,     2.52929426e+02,  1.66287787e+02,  3.10817424e+02,  2.61275241e+02,     2.97021421e+02, -4.94129353e+01,  2.27382656e+02, -2.06380383e+02,    -9.21255279e+00, -4.67878038e+02, -2.61688080e+02,  3.28978586e+02,    -7.61224389e+02,  2.47450288e+02,  1.43320718e+02,  6.95480543e+02,    -2.20077224e+02,  2.55851519e+02, -9.81157802e+01, -4.06308740e+02,    -6.05450635e+02, -6.77955522e+01, -7.38723920e+02,  1.35703274e+02,    -1.73796053e+02,  2.51350818e+02,  1.71148534e+02, -2.14792346e+02,    -2.10038377e+02,  3.23975489e+02, -5.03609610e+02, -1.02586293e+02,    -1.74874125e+02,  1.96832338e+02, -4.52662597e+01,  4.87787418e+01,    -1.81821368e+02,  4.77969293e+02, -3.98720194e+02,  8.18630861e+01,     5.04756978e+02, -2.87591530e+02,  1.52561552e+01, -3.16701222e+01,    -5.76690811e+02, -3.90921468e+02, -6.76967346e+01,  2.21381179e+02,     2.69714137e+02,  4.07912569e+01, -6.79632653e+01,  1.86384014e+02,    -3.79366086e+02,  2.23277807e+00, -4.22635802e+02, -2.30231445e+02,     3.94319377e+02, -2.46786154e+02,  5.38121533e+02, -1.78293237e+02,     2.95589489e+02,  2.14669663e+02, -5.22472489e+02, -2.40035889e+02,     7.13888391e+01, -3.34220109e+02, -2.93438958e+02, -7.27561938e+02,    -4.67898895e+02, -4.38925604e+02, -3.60993766e+02,  1.95139015e+01,     1.09774606e+02,  7.56332447e+00,  1.75099260e+02, -4.78615876e+02,     1.21778071e+02,  1.73788677e+02, -5.57666024e+02, -5.40882234e+02,    -3.45022311e+02, -1.95178879e+02,  1.64417934e+02,  7.73887743e+00,    -3.73545611e+02,  2.99759730e+02, -1.67079533e+02,  4.19439733e+02,    -7.49328508e+02,  5.05510365e+02, -3.02838505e+01, -3.07138114e+02,    -2.19816240e+02,  2.72942261e+01,  3.56072263e+02, -6.33299158e+02,    -1.18880541e+02, -1.72317318e+02,  4.12346733e+02,  7.04824610e+02,    -8.14686077e+02,  7.84537101e+02,  3.83367071e+02, -6.26388746e+02,    -2.96429952e+02,  6.39606930e+02,  5.07412538e+02, -1.50479988e+02,    -2.98377805e+01,  8.77549290e+01,  5.94082322e+02, -4.42286121e+02,     1.37511608e+02, -6.36933772e+01,  2.56089165e+02, -6.21351431e+02,    -6.42583379e+01, -2.83138564e+02,  3.96881123e+02,  3.58649715e+02,    -7.19136412e+02, -4.16272824e+02, -1.91125375e+02, -3.25844216e+02,    -1.23297616e+02, -1.94440080e+02,  3.59657768e+02,  3.48950535e+02,    -5.01267678e+01, -3.87710405e+02, -7.01065160e+02,  3.64398135e+02,    -4.26539568e+02, -2.63184099e+02,  4.02572245e+01, -2.89192053e+02,    -3.50275133e+02, -2.16584414e+02, -3.53777382e+02, -2.25837426e+02,    -4.28108172e+02,  4.89677491e+02,  5.43276663e+02, -2.76029266e+01,    -2.01005962e+02, -1.37917803e+01,  3.56920946e+02, -7.41254618e+02,    -1.75423883e+02,  4.20112416e+02,  5.63589962e+02, -1.55460378e+02,     9.57426718e+01,  4.60897756e+02,  1.30963861e+02, -5.65589877e+01,    -3.72096696e+02,  1.90571991e+02, -3.02117749e+02, -1.35544144e+02,    -1.62728147e+02, -1.57915969e+02,  1.66769969e+02,  6.56175130e+02,     7.14504090e+00,  3.44677167e+01, -7.62582752e+02, -1.46386585e+02,    -3.19184556e+02,  4.00207287e+01, -3.54146581e+02,  6.59978221e+02,     6.84628484e+02,  1.23897044e+02, -1.25266031e+02,  1.21390963e+02,     2.14573184e+02, -4.02429490e+02, -6.47452054e+01,  1.17033127e+02,     1.16728579e+02,  4.78157737e+02,  3.80204517e+02, -1.75679921e+02,     2.39283164e+02, -8.13657406e+02, -3.68938843e+01,  7.17571061e+02,     8.06903948e+01, -6.29485135e+00,  2.80876295e+02, -2.44416726e+02,     7.81720552e+02, -1.03423956e+02,  7.17180226e+02,  3.12424221e+02,    -3.22990740e+02,  2.57672190e+02, -2.59837013e+02, -5.79481814e+02,    -3.33490206e+01, -4.77750304e+02, -4.50471108e+02, -4.49159684e+01,     2.70912645e+02, -4.76394299e+01, -2.84176004e+02,  6.34617189e+01,    -6.14886481e+02, -7.85663310e+01, -6.98569151e+02,  4.40053979e+02,    -1.13941145e+01, -4.33327799e+02, -1.60557455e+02,  1.45690397e+02,    -2.71181978e+02, -3.98601108e+02,  7.60489989e+02, -1.88794455e+02,    -3.75651208e+02,  2.12365253e+02, -9.96847036e+01,  4.32528714e+02,    -1.41191705e+01,  7.31371116e+01,  8.60319168e+02, -1.52237756e+02,    -2.95191481e+02, -3.15175866e+02, -4.49593411e+02, -2.78648072e+02,     2.40371176e+02,  1.76840527e+02,  1.79309485e+02,  6.33621981e+02,     1.96697640e+01,  1.40900473e+02, -5.61947935e+02,  2.08262498e+01,    -1.98149054e+02, -2.25975659e+02,  1.53156637e+01,  2.97840680e+02,     3.24683438e+02,  6.94513778e+00,  7.88803489e+01,  2.50003514e+02,     3.16845072e+02, -2.03552090e+02, -1.11509223e+02,  1.45059934e+01,    -1.98506790e+02, -6.70736010e+01, -2.28989202e+02,  6.40882604e+02,     5.50790672e+02, -1.07220924e+02,  1.02197539e+02, -2.00461981e+01,    -2.01279063e+02,  2.83347233e+02, -7.45844597e+01,  3.30820340e+02,    -4.56331145e+02,  1.60098019e+02, -9.41772467e+01, -4.62423716e+02,    -2.14192210e+02,  2.31903433e+02, -7.25707085e+02,  3.58286795e+02,     4.18266132e+02, -6.05949484e+01, -4.29348697e+01, -2.73039809e+01,     2.06942585e+02, -2.79351589e+02,  3.09224529e+02,  2.40535425e+02,    -8.87473656e+02, -2.79859870e+02,  1.91919987e+02, -7.81616360e+01,     3.24580791e+02, -5.22417074e+02, -3.46193044e+00, -3.52286872e+02,    -1.04884792e+03,  6.36605273e+02, -5.04684900e+02, -4.88309712e+02,     7.51255651e+01,  1.08724716e+03, -1.29205054e-01, -1.82468282e+02,    -1.78446259e+01, -6.09664012e+01, -7.52178929e+02, -5.25534843e+02,     6.60156776e+02, -4.31058702e+01, -3.36095243e+02,  4.27377407e+02,    -2.93043842e+02,  3.36302541e+02,  4.62379047e+02, -5.23515022e+02,    -2.18290176e+02, -2.92411913e+02, -1.27144940e+02, -1.64706280e+02,    -5.66648553e+01,  1.16034445e+02, -2.85267162e+02,  2.52310033e+02,     5.07325239e+02, -1.37578378e+02, -1.50720367e+02,  1.17306638e+02,     4.87068830e+02,  4.12737978e+02,  3.07217117e+01, -1.37994283e+01,    -4.56363747e+01, -4.31899002e+02,  3.20996884e+02, -2.04140894e+02,     1.68304039e+02, -1.33819889e+02,  2.46932941e+02,  1.48917626e+02,    -6.68995422e+02, -2.36167633e+02, -6.70373770e+02, -2.75128737e+02,     6.41550780e+01, -1.45960147e+02,  2.53486876e+02, -2.45150001e+02,     1.57103056e+01,  8.91560864e+01,  6.32879009e+02,  3.17976093e+02,    -2.29507692e+02,  1.78331980e+01,  9.43090406e+01,  3.39154915e+02,    -5.43123754e+00,  4.29377014e+02,  2.06385354e+02,  7.56999237e+02,     2.15004191e+01,  5.81080406e+02, -2.21390453e+02, -3.27163515e+02,     7.05845751e+01,  6.29280843e+01,  2.59339914e+02, -5.34571232e+01,    -1.35750948e+02,  2.20790919e+02, -3.89043378e+02, -4.39568218e+02,     6.51876115e+02, -5.00553085e+01, -3.64083096e+02, -3.60633913e+00,    -1.20191394e+02,  2.96783599e+02,  2.80797892e+02, -1.66128028e+02,     9.53548478e+00, -2.29817222e+02, -2.76773160e+02, -2.42830415e+02,    -8.12429560e+02, -2.90249328e+01, -5.47824462e+02, -4.67756013e+02,    -3.34942991e+02,  1.48803762e+02, -3.20010403e+02,  1.85846062e+02,    -4.79076251e+02,  9.18905606e+00, -3.45516939e+02,  6.33883684e+01,     1.00704910e+02,  2.46208154e+02, -1.67549110e+02, -1.24826279e+02,     2.20651398e+02,  5.11126214e+02,  2.76653217e+02,  6.58700373e+01,    -5.79047993e+02, -1.17528085e+02, -2.62241522e+02, -5.15766693e+02,     3.51487479e+02, -2.93541049e+02, -3.71842176e+01, -1.94376466e+02,    -8.61250759e+02,  4.23254241e+02, -1.41871235e+02,  3.50126419e+02,    -5.89423012e+02,  5.56740629e+02,  3.63231594e+01, -2.65023033e+02,     3.90961667e+01, -1.98936807e+02, -5.80409280e+02,  1.19951320e+02,     2.37558833e+02,  2.78764895e+01, -3.07399340e+02, -1.10342769e+02,     1.37957701e+02,  2.48117118e+02,  5.45105895e+02,  2.16136503e+02,    -1.99863203e+02,  7.49574310e+02,  2.45509858e+02,  3.31446429e+02,    -1.43653134e+02,  2.25619371e+02,  1.47176220e+02, -5.23660841e+02,    -1.59238082e+02, -3.34479139e+02, -2.65151682e+02, -8.81881390e+01,    -1.50070278e+02, -3.15299335e+02, -9.64996359e+02, -2.58961484e+02,     1.31368116e+02,  8.64813753e+01,  7.88706826e+01,  4.21630477e+02,     1.58373712e+02,  2.71757560e+02, -3.59172694e+02,  3.92347958e+02,    -4.19137449e+02, -6.50947642e+02,  1.62968294e+02, -3.42538267e+02,    -3.56591048e+02, -1.33853516e+03, -1.01490841e+02,  6.78856484e+02,     3.96299329e+02, -8.65963075e+01, -1.01194372e+02,  2.49648456e+02,     5.78698667e+02, -3.42689218e+02, -8.09237811e+01, -2.69436078e+02,    -3.04988189e+02, -2.90044445e+02,  1.35539793e+02,  6.08080776e+02,    -5.58654058e+02, -4.49497074e+02,  2.06611445e+01, -7.29080367e+01,    -1.20199012e+02, -7.90819909e+02,  4.79915437e+02,  2.14009895e+02,     7.62799817e+01,  4.10978671e+02, -2.57151041e+02,  2.51536803e+02,     2.29086106e+02,  4.54413158e+01, -3.93789582e+01,  1.04483554e+02,    -1.37850976e+02,  3.98766392e+02, -3.70833687e+02,  3.56786318e+02,     7.93146360e+01,  9.45898475e+01,  2.00402391e+02, -7.31154535e+02,     5.43477365e+01, -5.43196981e+02, -4.29581176e+02, -4.16690349e+02,    -3.81495891e+02,  1.14611621e+01,  1.09900359e+02,  4.09417425e+02,     8.20976990e+01,  1.16964544e+02, -6.03773433e+02, -2.12475126e+02,     2.79285122e+02,  1.17814887e+01,  1.62315431e+01, -6.90132926e+01,     3.11402930e+02, -7.74365878e+02,  8.90243453e+01,  2.00928802e+02,     3.86713613e+02,  3.30530864e+02, -4.82126567e+02,  6.39358027e+01,     3.60062350e+01,  3.74734564e+01,  1.60508459e+01, -1.64858795e+02,    -2.66405657e+02,  1.33401290e+02,  5.31744977e+02, -7.62783817e+01,     8.08478493e+01,  1.51397506e+02, -2.09998655e+02, -2.07902763e+02,    -9.80257733e+02, -3.25870125e+02, -4.30261917e+02, -6.42660253e+01,    -5.38113942e+02,  6.36824115e+02, -2.49824202e+02, -4.47850543e+02,    -1.32750428e+03,  5.55358652e+02,  1.16545330e+02, -1.36470138e+01,    -5.20621157e+02,  8.98403539e+01, -1.46969598e+02, -2.76203353e+02,     9.97218896e+01,  2.71446311e+02,  6.74152055e+01, -1.46037648e+02,    -2.84896948e+01,  6.86833054e+00,  1.63293407e+02, -5.15675711e+02,     5.92462528e+02, -3.55077212e+02, -2.29326983e+02, -3.55401760e+02,    -8.21893114e+02,  8.06559074e+01, -4.03885235e+02, -1.86913149e+02,     2.89070781e+02, -2.04070212e+02,  5.59668353e+00, -8.33862987e+01,    -2.17962062e+02,  1.38213681e+01,  4.50253800e+02, -4.40504398e+02,     7.78823643e+02, -1.66850947e+02,  2.87633495e+02, -6.52402777e+01,     1.27282776e+02, -9.96483408e+01,  3.96952701e+02,  5.30222572e+02,     1.69047668e+02,  4.65582504e+02, -3.30220907e+02, -2.68810038e+01,    -1.93043581e+02,  5.77384663e+02,  4.88700238e+02,  3.74738480e+02,    -1.26381082e+02, -2.56570523e+02,  2.28242609e+02, -2.18438882e+02,    -1.16933437e+02, -6.16047911e+01, -2.19706848e+02,  4.34318607e+02,    -4.86269149e+01,  3.34939107e+02,  1.18644655e+02,  1.43891940e+02,    -2.89324673e+02,  2.74815400e+02, -1.54075995e+02, -1.11265606e+02,    -2.55871035e+01, -4.30737039e+02,  6.49740778e+02, -2.39127296e+02,    -3.49589309e+01,  1.67975040e+02,  1.44216536e+02,  5.98049658e+02,    -1.39429485e+02,  6.49750824e+02,  5.90273992e+02, -8.23145202e+02,     7.40224078e+01, -1.73307569e+02,  1.23585408e+02,  7.39011130e+01,     1.48456785e+02,  5.10374817e+02,  7.83032616e+02, -6.64114152e+02,     6.48783770e+02, -7.80110681e+02, -6.50107879e+02, -1.03851061e+02,    -9.77385978e+00,  5.94175837e+02,  3.27589838e+02, -1.55409133e+02,    -7.84672926e+02,  5.95755459e+02, -3.81129360e+02, -9.35737413e+00,    -4.24044983e+01,  1.04872325e+03, -2.40215027e+02, -8.91158941e+02,     2.61456227e+02, -1.36900644e+03,  9.40093982e+01, -3.01784515e+02,    -1.53373955e+02, -2.30934043e+02, -4.95971698e+02,  3.47250964e+02,    -3.06027333e+02, -7.75314986e+01, -6.62684026e+02, -5.70268435e+01,    -4.04267512e+02, -6.29932375e+02, -1.03778285e+03,  8.58703839e+01,    -2.72442233e+02, -8.03739621e+00, -1.14215280e+02, -6.69738104e+02,    -5.34537150e+02, -4.46601810e+02, -4.50329931e+02,  4.64150320e+02,     7.92995747e+01, -4.04272681e+02, -1.53842073e+02, -1.89262661e+02,     3.13864876e+02, -2.82572886e+02, -1.04640040e+02, -1.89215020e+02,    -3.03271529e+02, -3.16528515e+02,  3.23974467e+02, -1.48343354e+02,    -7.69946640e+02,  6.51672486e+02,  3.97594056e+02,  5.22674417e+01,    -6.11806150e+02, -6.39223469e+02,  9.24514321e+01,  1.16795248e+01,    -2.51772113e+02, -4.11685743e+02,  3.00675506e+02, -6.72463707e+01,     2.31367984e+02,  4.17980740e+02,  2.85186962e+02,  2.98971796e+02,     2.16104543e+02, -1.72000240e+02, -1.05485111e+02, -1.86212513e+02,    -2.94832522e+02, -3.87280079e+02, -5.47421523e+02, -3.31018853e+02,    -6.75456352e+01, -6.74088380e+02, -7.25282845e+01,  2.75139208e+02,    -6.03705769e+02,  2.09037946e+02,  1.82891988e+02, -5.95417969e+02,    -4.80159141e+02, -1.31914494e+02,  1.79606156e+02, -3.35230257e+02,     5.91587886e+02,  5.30889634e+02, -6.33577633e+02,  4.28249317e+02,     2.99465779e+02,  6.39074122e+01,  2.13894381e+02, -3.60263358e+02,    -1.20695773e+02,  4.57686608e+01,  1.49324155e+02,  3.82521201e+02,    -4.27550347e+02, -3.60483483e+01,  1.49589212e+02, -1.35603154e+01,    -2.22635122e+02,  1.66297342e+02, -2.25186418e+02, -1.70369678e+02,     3.21520078e+01, -5.05993254e+02,  3.07074813e+01, -1.98982152e+02,    -1.06129064e+02,  3.86243344e+00, -4.79445474e+02,  4.75742701e+02,    -2.27050773e+02, -1.09028131e+03, -7.13191056e+02,  3.29902912e+02,    -2.99432655e+02, -1.43717178e+02, -2.46207791e+02, -1.39911199e+02,    -8.42290677e+02, -9.44440502e+01, -5.40218764e+02, -2.81480577e+02,     2.17625211e+02,  6.26088353e+02, -3.47422985e+00, -2.68519862e+01,     4.91119885e+02, -4.26346057e+02,  3.02547126e+02,  7.82018784e+01,    -3.50227595e+02, -1.50830357e+02,  2.07354400e+02,  1.57214115e+01,     8.23089770e+01,  9.61866592e+01, -1.98507569e+02, -2.33964622e+02,    -4.45137811e+02,  4.22099168e+02, -5.34497502e+02, -3.92663319e+02,     7.96896897e+01, -7.53414694e+02,  1.61955805e+02,  5.28173265e+02,    -3.98638386e+01,  5.81010577e+01, -2.08753146e+02, -1.71867364e+02,     8.64619728e+01,  3.15621183e+02, -3.40824345e+02,  2.60687064e+02,    -9.25728345e+01, -3.39795877e+01,  2.27521098e+02,  1.61882484e+02,    -7.54114292e+01, -3.27576484e+00,  2.05771721e+02,  2.35960742e+02,    -6.04193196e+02,  5.59483684e+01,  4.54165659e+02, -8.18952623e+02,     2.73466455e+02, -1.00450215e+03, -7.79297682e+01, -1.24974308e+02,    -7.15962514e+01, -7.51799375e+01, -2.17836741e+02, -2.99771161e+01,     1.39160271e+02, -2.03039822e+02,  1.19069134e+02,  7.30261405e+02,    -5.40984659e+02, -2.24666322e+02,  3.07199473e+02,  2.08574654e+02,     3.48195168e+02,  1.37428710e+02,  2.39172287e+02, -1.57522101e+02,    -4.11679968e+02, -3.57123550e+02, -1.73922586e+02,  5.62317003e+00,    -3.53284226e+02, -1.28487593e+02,  5.57512686e+01,  1.94681056e+02,    -8.42668646e+01,  4.72323803e+02, -4.25642295e+02, -4.42070057e+01,    -2.26975447e+01,  2.34601048e+02, -3.42104078e+02, -2.15170347e+02,     2.31622936e+02,  4.20373001e+02,  5.86515097e+02,  2.95620719e+02,     3.47107202e+02, -2.50288333e+02,  5.25342410e+02,  5.67315352e+02,    -5.40866608e+01,  3.31552475e+02,  3.19593034e+02, -2.14207706e+02,     1.31555035e+01,  5.15560994e+02, -2.34267342e+02, -1.04672471e+02,    -5.08733021e+02,  2.26409225e+02, -6.29708554e+01,  1.47775722e+02,     8.10344431e+01, -3.50721474e+02,  3.85832407e+02,  3.42298032e+02,    -1.99186698e+02,  1.55026103e+02, -4.82301325e+02, -4.33615059e+02,     1.96450688e+02, -5.79982140e+02, -2.26075414e+02,  8.14167557e+01,     6.78516150e+02, -2.04413505e+02, -8.76120645e+01, -1.23087802e+02,     9.63850191e+02,  1.19253927e+02, -3.64904969e+02,  5.74735264e+02,     5.29260453e+02,  2.52469591e+02,  6.13010260e+02,  6.78929466e+02,    -8.85289277e+01, -2.51988327e+02, -2.73420807e+02,  2.25501580e+02,     3.17836821e+02, -4.12609375e+01, -1.73014546e+02, -5.17325164e+02,    -2.53754319e+02, -3.71371576e+02,  2.47776061e+02,  1.26263274e+02,     5.25469912e+02,  4.74968917e+01, -2.10770683e+02, -6.58624880e+01,     3.35839630e+02,  1.09958340e+02,  4.27353462e+02,  4.82225661e+02,    -1.16251561e+02, -7.58383580e+01, -8.10473433e+02,  4.48231774e+02,    -4.55995419e+01,  4.21004475e+02, -1.53214137e+02, -4.88615336e+02,     1.66013908e+02,  5.80298155e+02, -2.05667799e+02,  5.73176078e+02,    -6.05675727e+02, -1.88284153e+02, -6.54950264e+02,  1.85463491e+02,     9.66381854e+01,  6.68892067e+00, -5.01339951e+02,  7.34722931e+02,     4.41067045e+02,  6.83693062e+01, -3.83894004e+02,  1.83070821e+02,    -2.28881657e+02, -7.29339103e+01, -1.82673616e+02,  1.75004464e+02,    -8.41360673e+01, -1.71001609e+02,  1.60287952e+02,  2.20106884e+02,    -7.12709316e+02,  1.62881698e+02,  5.60693252e+02,  3.50863840e+02,    -1.10514084e+02,  2.88611282e+01, -2.99945185e+02,  4.93267159e+02,     1.47120384e+02, -5.67233717e+01, -5.80056396e+01,  9.10894451e+02,     6.89264976e+00,  2.59714808e+02,  6.04223462e+02,  8.14952753e+02,     5.34430479e+02,  3.54046621e+02, -5.30968766e+02, -3.61744641e+02,     2.88805905e+02,  1.35959668e+01,  2.70086642e+02,  1.54719387e+02,     4.89745210e+02, -6.46474016e+02, -4.09237662e+02, -5.27434444e+01,    -7.22592641e+02,  1.63473791e+02,  3.28243026e+02,  1.17519206e+02,    -1.90020327e+02,  1.97406500e+02,  1.18792240e+03,  2.15711139e+02,     1.26509276e+02, -4.09008325e+02, -5.53174872e+02, -1.30959460e+02,     2.59742275e+02, -4.36137717e+01,  1.74833940e+02,  2.93712858e+02,    -4.99373504e+02,  2.06727203e+02,  4.38677315e+02,  4.89087569e+02,    -4.64736646e+01,  9.15953300e+00, -7.76476517e+01, -4.21909331e+02,    -5.54765218e+02,  6.97142831e+02, -5.58587015e+01, -4.94622414e+02,     1.78714974e+01, -1.90464026e+02,  7.62860480e+02, -1.99935356e+02,    -2.87261196e+02,  2.60046587e+02, -1.21558435e+02,  3.61489006e+02,    -4.74043481e+01,  8.40005915e+02,  4.19450167e+02, -1.11049385e+01,    -3.00820679e+02,  2.06381675e+02, -4.62896990e+02, -9.77715130e+01,     5.07510091e+02, -2.34346862e+02, -3.94158959e+02, -1.85232817e+02,     4.33267535e+02,  1.21952166e+02, -6.92419469e+02,  2.55068463e+02,     1.25909204e+02,  5.72810623e+01, -4.27097634e+02,  1.38858380e+01,     2.92894957e+02,  4.26339205e+02,  5.34112303e+02,  2.16931826e+02,     3.40794668e+01, -4.23395619e+02, -3.99537567e+02, -6.21411785e+02,    -7.66408909e+01,  2.63543541e+02, -2.06289041e+01,  4.47260652e+02,    -2.64457030e+02,  1.53089834e+02, -9.92889968e+01, -2.48938653e+02,     4.93899670e+02,  6.38801976e+01,  5.12013075e+02,  2.45548177e+01,     2.08350216e+02, -1.66649965e+02,  5.22690352e+02, -1.00348759e+02,    -3.24270602e+00, -6.52370748e+02, -9.05050568e+01,  6.07669302e+02,     5.55745679e+02,  2.20507896e+02, -1.25688862e+02,  3.19253473e+01,    -1.47358177e+02, -4.69815864e+01,  7.50791941e+02,  1.43682765e+01,    -1.97613899e+02, -9.21335106e+02, -4.53179135e+02, -3.13974937e+02,    -5.60407866e+02, -4.68487586e+02, -5.93310568e+02, -3.87674271e+02,    -3.18469098e+02, -4.00950074e+02,  3.98350548e+02, -2.12830532e+02,    -8.09588607e+02,  3.33111768e+02, -2.41047941e+02, -6.86156466e+02,     8.09766220e+02, -2.00874532e+02,  1.65235703e+02,  3.40559085e+02,     6.83197996e+00,  2.17774791e+02,  6.90307159e+00, -1.28647937e+01,    -1.14297609e+02, -6.05211421e+02,  8.83838818e+01, -1.08933068e+03,     5.45347211e+02, -3.66168791e+02, -1.15098799e+02, -1.48516083e+02,     8.65442351e+01, -1.57221888e+02,  2.39395018e+02, -4.48885359e+02,     3.16981780e+02,  3.26718027e+02,  1.29803469e+02,  8.23331750e+01,     1.66050137e+02,  6.20404686e+01,  2.53031286e+02, -8.01899887e+01,    -5.22429038e+02,  8.20229522e+01, -1.92259122e+02, -3.81564774e+01,     4.16060438e+02, -6.77785630e+02,  8.56547953e+00,  1.15438078e+01,     7.19329734e+01,  2.78152486e+02, -1.15465390e+02,  7.02405408e+02,     4.05125583e+02, -1.46773862e+02, -8.87478753e+01,  1.57832041e+01,     6.51271797e+02, -4.66299995e+02, -8.70947059e+02,  2.41613815e+02,    -1.02237979e+02, -1.05282390e+02,  1.40934040e+02,  6.54771982e+02,     3.99390025e+02, -1.47506822e+02, -4.21638830e+02, -4.98837501e+01,     2.46084476e+02, -1.09784861e+02, -6.22254179e+02, -2.33966637e+01,    -7.77244696e+02, -4.07734089e+02,  6.65646615e+02, -4.29092253e+02,    -5.56468534e+02, -4.35294300e+02, -2.95708425e+02,  2.79976685e+02,     6.89838250e+02, -4.26741128e+01,  2.30452507e+02, -1.50392013e+02,    -5.83904402e+02,  3.91233493e+02, -3.81751258e+02,  2.37288276e+02,     3.04286140e+02, -6.20923961e+01,  3.45695909e+02,  3.67250687e+02,     8.99638993e+02, -1.25340536e+02, -3.85487193e+02, -5.33960523e+02,    -1.26517101e+02, -2.16429149e+02,  8.50787635e+02, -3.70881413e+02,     8.51165475e+01,  6.23688803e+01, -2.19908950e+02, -6.79697033e+02,    -5.42796047e+01,  8.18615939e+02,  9.07885314e+01,  5.89190393e+01,    -4.48719486e+02, -5.08703284e+02, -8.14880705e+01,  4.05970494e+02,    -1.87158282e+02,  8.93138986e+02, -3.67577245e+02,  1.42269419e+02,    -1.74196409e+02, -5.74787783e+02,  2.54397657e+01, -4.27934311e+02,    -6.24573853e+02,  6.91454822e+01,  1.97138472e+01,  4.33764361e+02,     1.75742116e+02, -2.83715015e+02,  1.89394197e+02, -6.91737940e+02,    -4.44185232e+02,  7.59965037e+02,  1.09899467e+02, -1.18810847e+02,    -2.71321532e+02, -3.95784847e+01, -6.53265952e+01,  7.13103786e+02,     3.43412900e+02, -1.23744011e+02, -5.87374274e+01, -3.37954994e+02,    -1.71559308e+02, -5.64838860e+02,  4.01947946e+02,  6.31929396e+01,     1.16475943e+02,  1.27306542e+02, -4.57784093e+01, -1.53307029e+02,    -5.22843905e+00, -8.91853645e+02, -1.60788375e+02, -6.78638916e+01,    -7.72825334e+01,  4.60766017e+02,  5.29993266e+02,  1.35413720e+02,    -8.03627640e+02,  5.36957642e+02, -1.67172704e+02, -3.24229832e+02,    -7.32697112e+02, -2.74185332e+02,  4.95017756e+02,  2.29164028e+02,     5.82663917e+01,  2.57293689e+02, -4.89400140e+02, -3.72521123e+02,     4.63610720e+02,  3.20182524e+02,  4.34052618e+02, -2.56478962e+00,     5.76814231e+01,  4.65116872e+02,  8.30041478e+02, -2.07354994e+02,     3.17503104e+02, -1.40789093e+02, -3.52487290e+02, -2.87599968e+02,    -2.56854766e+02, -1.26305763e+02, -4.29296133e+02, -1.97152327e+02,    -1.17148571e+03,  2.86187004e+02,  1.62787394e+02, -3.10169885e+01,    -3.49174920e+02, -1.89152091e+02, -4.52175285e+02,  9.91883308e+01,     6.92029087e+02, -1.73594099e+02, -1.37956776e+02,  1.84259677e+02,    -4.06782512e+02,  7.28982275e+02,  1.39763730e+02,  1.56136640e+02,     4.33998337e+02,  1.54408086e+01,  4.71232405e+02,  1.37895121e+02,    -7.29903700e+01,  7.86320796e+01, -1.88603314e+01,  5.83661206e+02,     7.65385366e+01,  1.24256338e+02, -7.54649111e+01,  1.12031802e+02,    -7.77256090e+02, -3.13143772e+02, -3.87073560e+02,  4.31270069e+02,    -2.44800594e+02, -5.41573021e+02,  4.94462852e+02, -1.01031974e+02,     3.67681624e+02, -7.68468259e+02,  2.09050568e+02,  6.45691891e+01,     4.97645228e+01, -7.36984461e+01, -5.46982912e+01,  4.14343376e+02,    -2.24580542e+00, -4.15650929e+02, -1.33969874e+02,  2.13007836e+02,    -9.81735691e+02, -7.81416181e+02,  1.22506027e+01,  9.35752573e+01,    -3.65027727e+02, -3.65750185e+01,  9.12081570e+02,  2.77460226e+02,    -4.71949157e+02,  7.91564939e+01, -7.50692960e+01,  8.71627467e+01,    -2.88458149e+02,  1.55558815e+02,  2.39215238e+02, -5.65951040e+01,     9.46699911e+02, -8.99913588e+01, -2.70386575e+02,  1.59942538e+02,     3.47009430e+02, -2.98684321e+02, -2.53071884e+01,  8.06395164e+02,    -2.00300432e+01,  4.96136126e+02,  1.20497272e+02, -8.12309985e+01,    -2.22556636e+02,  4.80081053e+02, -4.62360820e+02, -1.76908414e+01,    -1.26022056e+02, -3.56258496e+02,  1.41999438e+02,  2.00589023e+02,     7.58393336e+01, -1.39869027e+01, -3.25554491e+02,  1.55618082e+02,    -1.45626290e+01, -2.10936900e+02, -1.82293450e+02,  1.66143480e+02,    -4.27459313e+01, -3.08116303e+02, -8.96609199e+02,  7.71109428e+01,     1.97426978e+02, -3.94227062e+02, -1.89453042e+02,  6.94387709e+02,     6.09287913e+01,  2.95941469e+02,  5.49108814e+01,  3.10670903e+02,     4.34772646e+01, -3.31756876e+02, -3.16797189e+01,  7.04484881e+01,     2.33693641e+02,  6.76394519e+02,  4.14323976e+02,  1.80979969e+01,     1.45183168e+02,  5.08235612e+02,  2.20690962e+02, -6.11385699e+02,    -2.25686749e+02,  1.13796267e+02,  7.19832932e+01,  2.22378607e+02,    -4.42704711e+02,  1.07902033e+02,  3.38786033e+02,  4.15586244e+02,    -3.77722507e+02, -4.46383655e+01, -1.92883669e+01, -1.13608136e+02,    -2.80289435e+02, -1.67407047e+02, -2.66921248e+01,  6.73678838e+01,     3.48218042e+02, -2.61843225e+02,  6.74002285e+02,  3.00661853e+02,     2.12928076e+02,  2.79990497e+02,  2.56299145e+02,  2.76171190e+02,     4.55126361e+02, -3.72584337e+02,  5.33300443e+02, -9.37700348e+02,     2.61699022e+02, -9.16315517e+02,  7.10205106e+02,  6.12493956e+02,    -9.82594819e+01, -4.14777447e+02, -3.55992061e+02, -4.85760877e+02,    -5.21745672e+02,  4.85302164e+02,  3.61933338e+02,  2.04020907e+02,     2.67951072e+02,  3.42429291e+02, -3.23932584e+02, -1.70397278e+02,     4.84150925e+02, -1.05119198e+02,  4.46379086e+02,  6.15938582e+02,    -3.62995002e+01, -6.07033693e+02,  1.16940577e+01, -1.12098196e+01,    -8.27227040e+01,  6.48046382e+00, -5.66173801e+02, -1.56311608e+02,     4.94371592e+01,  7.45062461e+01,  4.07990225e+02, -3.36641470e+02,     5.16990289e+02, -3.40999000e+02,  1.86698866e+02,  3.28184772e+02]
bee_TS =[-4.95333311e+02, -3.94591158e+01, -1.14482388e+02,  3.83894759e+02,       -1.81477729e+02, -1.58775555e+02, -3.38637208e+02, -7.54335173e+02,       -3.61341337e+02, -4.04491277e+02, -3.29679798e+02,  3.97208700e+01,        1.17496624e+01,  2.58810096e+01,  2.64678893e+01,  3.99043435e+02,       -1.76159686e+02, -1.55347311e+02,  1.47385917e+02, -9.42022378e+02,        4.95929426e+02, -2.26260810e+02, -4.34257090e+01, -1.02297645e+02,       -4.78853342e+01, -4.89829850e+01,  7.32136102e+02, -1.80587700e+02,       -7.00251843e+01, -4.44894483e+02,  6.54745597e+02, -1.15685524e+02,       -3.29751040e+02,  2.03119929e+02, -3.62056192e+01,  1.65038040e+02,       -2.66602557e+01,  6.07145062e+01,  2.30881175e+02, -8.61987481e+02,        4.58876897e+02,  1.08833820e+02, -4.93079750e+01, -2.86005361e+02,        9.51309954e+01, -1.53803486e+02,  3.71104533e+02,  3.13257447e+02,       -2.33070214e+02, -2.47554432e+02, -2.52353045e+02, -2.86900608e+02,        9.62870042e+01, -4.20687139e+02,  1.16060581e+02,  5.07954251e+02,        5.79658462e+02,  2.95009840e+02,  1.36517090e+02,  2.32281731e+02,        7.59842819e+02,  1.78140475e+02, -4.66789908e+02, -1.04747207e+02,       -1.99248063e+02,  5.16527614e+02, -6.34646893e+02, -5.30402935e+02,       -2.29415956e+02, -8.35487691e+01, -3.70726702e+02,  2.27059273e+02,        8.12167336e+01,  1.11232205e+02, -3.26721770e+02, -2.94999145e+02,       -4.77331161e+02,  3.17031463e+02, -2.77104650e+02,  2.22963833e+02,       -5.58715615e+01, -2.48126915e+02, -4.93501183e+02, -1.46665017e+02,       -9.52669132e+01, -1.34929901e+02,  3.33791744e+02,  5.99609399e+02,       -3.57875611e+02, -6.77758986e+02, -1.68275954e+02,  9.38462058e+02,       -4.83668130e+02,  2.80199294e+02, -8.94704678e+01, -5.26309530e+02,        2.03988975e+02,  3.23247565e+02, -1.48021205e+02,  2.98020782e+02,       -2.26522130e+02, -4.34469295e+02,  7.53445714e+02,  3.93116915e+02,        2.62953425e+02,  1.23880897e+02,  2.07966958e+02,  6.89420791e+02,       -2.10721738e+02,  4.91580939e+01, -1.16924015e+03,  1.55850540e+02,       -5.76712670e+02,  1.22916823e+02,  1.82817320e+02, -2.88864009e+02,       -4.53015683e+02,  5.28483182e+01, -2.48564271e+02,  3.00229205e+02,       -4.29981261e+02, -2.24439424e+01, -3.00187685e+02, -3.55152039e+01,       -2.76585830e+01,  1.42486422e+02,  1.07698881e+01, -5.08004353e+01,        5.11804327e+02,  7.72133304e+02,  4.03985842e+02,  6.60344063e+02,       -1.01526496e+02,  1.14160366e+02,  4.64705700e+02, -7.67453549e+01,       -6.46538478e+02, -3.16680712e+02, -4.24488505e+02, -2.42946427e+02,        2.36545102e+02, -9.96344356e+02, -1.62861167e+02,  3.63377260e+02,       -3.08158248e+02, -3.10832151e+02,  4.58059594e+02,  3.72079101e+02,       -2.92793824e+02,  1.63604247e+02, -2.07667717e+02,  2.94090130e+02,        3.32770426e+01,  1.29518438e+02, -7.34553762e+02, -4.10772853e+02,       -6.53666652e+01,  2.53413455e+00, -3.27160938e+02,  9.01225586e+02,       -1.88130301e+02, -2.84155147e+02,  3.17306496e+02, -4.05457079e+02,       -2.75450930e+02,  2.58965678e+02,  9.29396065e+01,  1.10419712e+02,        1.02172271e+02, -9.49879223e+01,  1.64501568e+02,  4.92325993e+02,       -2.49673878e+02,  1.45958912e+02,  7.69045357e+02,  2.82832838e+02,       -7.39136657e+01, -1.61889721e+02,  1.30103164e+03, -1.48132663e+02,        2.98827497e+02,  1.83073172e+02,  2.91075288e+02,  7.51187164e+02,        4.21310881e+02, -2.44515496e+01,  1.91090423e+02,  3.98959272e+02,        3.28256531e+02, -4.69886836e+02,  7.90793802e+02, -7.04222365e+02,       -1.49344739e+02,  4.85777199e+02,  7.08862757e+01,  5.80077888e+01,        2.64632853e+02,  2.06908120e+02,  3.02902879e+02, -5.39701206e+02,        4.25920185e+01, -2.31254108e+02, -9.21086979e+01, -2.87060746e+01,       -7.50992846e+01, -4.70324827e+01,  6.92106608e+02, -7.21117791e+01,       -2.34208298e+02, -1.92397915e+01,  9.83606833e+01, -4.97328407e+02,       -3.78015727e+02, -3.08151462e+02, -5.32874811e+02, -1.38732775e+02,       -3.51487211e+02,  1.64221476e+02, -9.71458899e+00, -8.98474328e+01,       -7.22869449e+01,  5.50959647e+01, -1.69420168e+02,  5.66180732e+02,       -6.94217286e+02, -1.36636642e+02, -1.33032745e+02,  1.42738964e+02,        1.55550026e+02, -3.90640216e+02, -1.54412764e+02,  3.53399122e+02,       -1.88711702e+02,  1.33753389e+02,  3.12807388e+02, -3.57996570e+01,        9.55424469e+02, -1.73840493e+02, -2.71709222e+02,  5.51108312e+01,       -1.91369477e+02,  4.49624485e+02, -3.04161212e+02,  7.13764644e+01,        5.29739496e+02, -1.11064117e+02,  1.01664746e+03,  1.08544484e+03,       -5.54882201e+02,  4.90965463e+02,  1.41125339e+02, -4.52247504e+02,        1.48421131e+02,  3.06411389e+02,  3.21260513e+02,  2.02611451e+01,        9.89853327e+01,  6.01915196e+02, -1.94853283e+02,  1.38263805e+02,        6.45029867e+02, -3.16345648e+02, -1.26208521e+02,  4.39985049e+02,        2.26461184e+02,  6.44350963e+02,  2.17464580e+02,  5.69284263e+01,        2.21784706e+02,  3.28566231e+02, -4.09510001e+02,  2.86395048e+01,        1.55177240e+02,  1.03999091e+02,  1.85424062e+02, -4.95851755e+02,        2.89780119e+02, -3.76210913e+02, -2.66742804e+02,  1.48074047e+02,       -1.19518886e+02,  4.62645980e+02, -2.05005622e+02,  2.45082018e+02,        2.75441671e+02,  6.73191685e+02,  4.69413860e+02,  4.01221074e+02,       -7.47684401e+01, -5.72491862e+01, -2.67710827e+02,  6.47534235e+02,        6.64422113e+02,  3.15792986e+02, -1.94455945e+02,  4.25180735e+02,       -7.59474735e+01,  1.79580802e+02,  5.25877702e+02,  6.43206320e+00,       -6.53070614e+01, -2.09231291e+02, -4.49082128e+02,  8.19101910e+02,        3.81309370e+02, -4.72071491e+02, -1.30474770e+02,  2.36101498e+02,       -8.94678404e+01,  5.26606993e+02,  1.02539865e+02,  6.72545195e+02,        2.61747696e+02, -2.39966330e+02,  2.09280983e+02, -3.55367689e+01,       -2.69070171e+02,  1.41669554e+02,  1.58342191e+02,  7.66974339e+02,        6.75236959e+02,  4.43983208e+02,  5.88779682e+02,  6.13223498e+01,       -2.31603482e+02,  1.31920884e+02, -2.80659636e+02, -4.27423126e+02,       -4.89037896e+02, -2.30081111e+02, -9.10070963e+02, -2.62185845e+02,       -7.21317235e+02,  1.81094228e+02, -3.88968788e+02,  3.44995164e+02,       -8.07574241e+02, -2.72776983e+02,  4.17131266e+02,  1.89752531e+02,       -7.26924295e+02,  5.24598958e+02, -2.03599650e+02,  4.40112613e+02,       -2.17004243e+02, -6.66186195e+02,  1.02727913e+02, -5.37317950e+02,       -1.14011038e+02,  2.25774530e+00,  3.58813494e+02,  1.05533430e+03,       -3.83763402e+02, -2.94781357e+02, -2.01901433e+00, -1.18861600e+02,       -6.84181138e+02, -4.69363369e+02,  4.17521862e+02, -2.14500001e+02,        1.41486938e+02, -4.10872376e+02, -1.25929487e+02, -3.38078630e+02,        4.51685871e+02,  1.29485731e+02, -1.88843296e+02, -1.12972821e+02,        8.53809411e+01, -7.13335412e+01,  3.67178934e+02, -2.11460133e+02,        4.31538870e+01,  2.89478601e+02,  1.48255622e+02, -1.47400380e+02,        1.30471790e+03,  4.56882452e+02,  2.84377510e+01,  8.86418233e+01,       -5.20220580e+02,  2.60281893e+02, -6.31340095e+02, -2.15689043e+02,       -4.63734176e+02, -1.60757420e+02,  4.67352529e+02, -4.75651592e+02,        1.52840111e+02, -2.31603475e+01,  2.73392256e+01, -3.13834159e+02,       -3.76474327e+02, -2.34923299e+00, -3.60813585e+02, -1.86564172e+02,       -3.44929729e+02, -8.78340238e+01, -3.02535071e+02, -4.32966024e+02,        1.90120068e+02, -1.45668385e+02,  1.78109875e+02,  8.57119799e+01,       -6.18878909e+02, -4.61606982e+02, -3.33820950e+02,  3.00572129e+02,       -8.38336290e+00, -5.33108973e+02,  4.89807246e+02, -3.34910109e+02,        4.60660647e+02, -2.53533408e+02, -4.10256174e+02,  2.23640920e+02,       -5.70884637e+02, -3.27412383e+02,  5.37630882e+02,  1.52139031e+02,       -3.40970327e+02,  4.42217044e+02, -1.44284894e+02, -3.18165995e+02,       -2.58299122e+02, -4.08668856e+02,  1.99470336e+02, -7.64521374e+02,       -7.01905116e+02, -8.11603253e+01, -2.53596812e+02, -4.63500421e+02,        6.06614219e+02,  1.11166354e+03, -2.78772043e+02, -2.68787228e+01,       -5.32068900e+02,  5.56029652e+02,  1.55909139e+02, -1.65041323e+02,       -3.24550706e+02,  1.42370892e+02, -5.12402997e+02, -1.70204498e+02,       -7.47773860e+02,  2.94643807e+02,  1.10508166e+02,  5.09817096e+00,       -5.75951250e+01, -2.87478315e+02, -7.48345443e+01,  1.07459630e+03,       -1.61944184e+02, -3.89096372e+02, -5.70715799e+02,  1.09749842e+02,       -3.02514406e+02,  7.46785116e+01,  2.45788153e+02,  5.64647925e+01,        2.36925840e+02,  1.01162463e+02,  5.02055225e+02,  2.59590728e+02,       -2.84975411e+02,  3.55585568e+02,  2.92326355e+02,  9.37383017e+01,        3.77089947e+02, -2.06419217e+02,  6.12555114e+02,  1.55358234e+02,       -2.53590299e+02, -4.91062957e+01, -1.61112474e+02,  2.02884890e+02,       -2.21937167e+02, -2.47729753e+01, -9.11897999e+01,  6.98955245e+02,        4.51192796e+02, -5.68827874e+02, -3.50029206e+01, -4.54912312e+02,       -1.48348265e+02, -1.91465933e+02,  6.24239661e+01, -1.20544477e+01,       -2.18333935e+02,  1.06332252e+02, -5.86663833e+01, -8.90419863e+01,        7.30528812e+02,  1.52544069e+02, -6.82363245e+02, -3.73574546e+02,        7.77281288e+02,  2.31273888e+02, -7.19462851e+01,  8.95845076e+02,       -1.56014139e+02, -9.54353421e+01, -4.93047052e+01,  1.13838724e+02,        2.39473106e+02,  3.44077718e+01,  2.25748338e+02, -1.33446643e+02,       -2.61502291e+02, -3.64745172e+02, -4.04026562e+02,  3.78520258e+02,        1.06622584e+02,  3.18534776e+02,  1.16614762e+02,  7.45933773e+02,        1.47831319e+02, -6.89447345e+02, -2.89328414e+02,  8.37087818e+01,       -2.33899938e+02,  5.23089729e+02, -1.05702759e+02,  1.54976944e+02,        4.19640843e+02, -6.18226573e+02,  1.25174256e+03,  1.63155523e+02,        2.00197088e+02,  2.95118374e+02,  6.83256544e+01, -5.95269455e+00,        3.04183981e+02, -2.99452139e+02,  6.88517170e+02,  5.93733790e+02,       -3.48971145e+02,  1.26108412e+02,  5.84868819e+02, -1.82365673e+02,        1.33873405e+02,  3.60385421e+02,  3.59312918e+02, -6.60518254e+02,       -1.17273852e+02, -2.95868482e+02, -2.62891877e+01, -3.50719053e+01,       -2.24810684e+01, -1.37437275e+02, -2.47714085e+02,  6.92535417e+01,        8.60437163e+01,  4.50319946e+02, -3.54348004e+02,  3.25103739e+02,        3.76684468e+02, -1.40869955e+02,  7.46650845e+02, -5.74896614e+02,       -8.86871867e+02, -5.56798835e+01, -7.10835888e+01,  4.10374581e-02,        6.63275977e+02, -6.15982738e+01,  3.41834029e+02,  4.02428069e+02,        3.19361430e+02, -8.91533364e+01,  5.32183376e+02, -1.34059682e+02,       -2.72015854e+02, -3.90316447e+02,  4.50574626e+01,  3.24161777e+02,       -4.25848366e+01,  3.22595741e+02, -2.55010522e+01,  5.38231644e+02,        1.67951601e+02,  7.45325820e+01, -4.64709564e+01,  2.85395262e+02,        3.17250383e+02,  1.67593509e+02, -6.47775172e+00, -4.51118743e+02,        2.52881543e+02,  1.66228338e+02,  3.10673903e+02,  2.61087779e+02,        2.96963352e+02, -4.95756154e+01,  2.27635124e+02, -2.06337309e+02,       -9.19504098e+00, -4.67749844e+02, -2.61414857e+02,  3.28987593e+02,       -7.61135078e+02,  2.47319163e+02,  1.43266056e+02,  6.95388937e+02,       -2.19570730e+02,  2.56041891e+02, -9.78746178e+01, -4.06222059e+02,       -6.05030573e+02, -6.81008398e+01, -7.38776006e+02,  1.35380018e+02,       -1.73575767e+02,  2.51305221e+02,  1.71284819e+02, -2.15039214e+02,       -2.10343929e+02,  3.24047311e+02, -5.03883802e+02, -1.02581648e+02,       -1.74776279e+02,  1.97206498e+02, -4.48255761e+01,  4.85398297e+01,       -1.81716802e+02,  4.77768220e+02, -3.99337120e+02,  8.16990755e+01,        5.04819483e+02, -2.87754272e+02,  1.52756457e+01, -3.13606617e+01,       -5.76431484e+02, -3.90353712e+02, -6.75042504e+01,  2.21493289e+02,        2.69769021e+02,  4.09280546e+01, -6.80462855e+01,  1.86253663e+02,       -3.79272401e+02,  1.99392263e+00, -4.22694510e+02, -2.30180430e+02,        3.94269495e+02, -2.46670906e+02,  5.38336126e+02, -1.78652537e+02,        2.95335828e+02,  2.14735624e+02, -5.22544011e+02, -2.39749013e+02,        7.12994919e+01, -3.34363424e+02, -2.93574157e+02, -7.27517938e+02,       -4.67803430e+02, -4.38838202e+02, -3.61038762e+02,  1.95070386e+01,        1.10050044e+02,  7.90960952e+00,  1.75435785e+02, -4.78545137e+02,        1.21886891e+02,  1.74186338e+02, -5.57718549e+02, -5.40599871e+02,       -3.45129750e+02, -1.95497270e+02,  1.64224916e+02,  7.54269325e+00,       -3.73287373e+02,  2.99294421e+02, -1.67343711e+02,  4.19359730e+02,       -7.49193461e+02,  5.05699985e+02, -3.06718236e+01, -3.07361727e+02,       -2.19695933e+02,  2.71473458e+01,  3.56200419e+02, -6.33257551e+02,       -1.18687414e+02, -1.72377898e+02,  4.12032544e+02,  7.04776058e+02,       -8.14819780e+02,  7.84424105e+02,  3.83059665e+02, -6.26335993e+02,       -2.96107377e+02,  6.39849503e+02,  5.07350238e+02, -1.50818625e+02,       -2.99638769e+01,  8.80168750e+01,  5.94437732e+02, -4.42508249e+02,        1.37239436e+02, -6.37847395e+01,  2.55762707e+02, -6.21197565e+02,       -6.39633373e+01, -2.82917666e+02,  3.96919562e+02,  3.58492830e+02,       -7.19086741e+02, -4.16076696e+02, -1.90967045e+02, -3.26223507e+02,       -1.23124274e+02, -1.94233323e+02,  3.59854930e+02,  3.48886584e+02,       -4.98526785e+01, -3.87809539e+02, -7.01118376e+02,  3.64564821e+02,       -4.26371391e+02, -2.63478147e+02,  4.02318228e+01, -2.89291218e+02,       -3.50010161e+02, -2.16833876e+02, -3.54275976e+02, -2.25634214e+02,       -4.28223929e+02,  4.89525246e+02,  5.43054214e+02, -2.77788168e+01,       -2.00789088e+02, -1.37132729e+01,  3.57202190e+02, -7.41100404e+02,       -1.75412002e+02,  4.19931845e+02,  5.63848666e+02, -1.55380844e+02,        9.56699167e+01,  4.61062755e+02,  1.31046299e+02, -5.60252522e+01,       -3.72204015e+02,  1.90421927e+02, -3.02068365e+02, -1.35254925e+02,       -1.62769593e+02, -1.57804165e+02,  1.66936994e+02,  6.56252705e+02,        7.02841163e+00,  3.44232343e+01, -7.62631050e+02, -1.46595099e+02,       -3.19011615e+02,  3.96991604e+01, -3.54466168e+02,  6.60449591e+02,        6.84433161e+02,  1.23822696e+02, -1.25619845e+02,  1.21495960e+02,        2.14163979e+02, -4.02429221e+02, -6.47469549e+01,  1.17420031e+02,        1.16589626e+02,  4.78065036e+02,  3.79898559e+02, -1.75641028e+02,        2.39044948e+02, -8.13912153e+02, -3.67683083e+01,  7.17575655e+02,        8.06599214e+01, -6.42800307e+00,  2.80836567e+02, -2.44425080e+02,        7.81332611e+02, -1.03694285e+02,  7.16808901e+02,  3.12604792e+02,       -3.23064247e+02,  2.57743335e+02, -2.59792996e+02, -5.79766827e+02,       -3.33711490e+01, -4.77744948e+02, -4.50277989e+02, -4.48980049e+01,        2.71294998e+02, -4.78814267e+01, -2.83927642e+02,  6.35238390e+01,       -6.14597875e+02, -7.84464869e+01, -6.98421538e+02,  4.39658939e+02,       -1.13728697e+01, -4.33300761e+02, -1.60284447e+02,  1.45651174e+02,       -2.71402156e+02, -3.98457183e+02,  7.60829537e+02, -1.88895696e+02,       -3.75346834e+02,  2.12403011e+02, -1.00124588e+02,  4.32703985e+02,       -1.43674043e+01,  7.29666973e+01,  8.60629010e+02, -1.51865362e+02,       -2.95275665e+02, -3.15621409e+02, -4.49360601e+02, -2.78608548e+02,        2.40286772e+02,  1.77261771e+02,  1.79283864e+02,  6.33316012e+02,        1.96639362e+01,  1.41151037e+02, -5.61841016e+02,  2.08309860e+01,       -1.97812766e+02, -2.25867737e+02,  1.48739112e+01,  2.97834037e+02,        3.24675699e+02,  6.78004528e+00,  7.90609844e+01,  2.49836546e+02,        3.16484325e+02, -2.03472935e+02, -1.11487323e+02,  1.44181509e+01,       -1.98417822e+02, -6.68223306e+01, -2.29683922e+02,  6.41117025e+02,        5.50768185e+02, -1.07377952e+02,  1.02463398e+02, -2.01754842e+01,       -2.01893960e+02,  2.83511713e+02, -7.45824999e+01,  3.30916993e+02,       -4.56184721e+02,  1.59881348e+02, -9.40472380e+01, -4.62175422e+02,       -2.13932395e+02,  2.31770923e+02, -7.25901472e+02,  3.58375076e+02,        4.17993543e+02, -6.07979739e+01, -4.28939017e+01, -2.71590384e+01,        2.06962441e+02, -2.79291902e+02,  3.09203842e+02,  2.40657362e+02,       -8.86963546e+02, -2.79912838e+02,  1.91947997e+02, -7.80867250e+01,        3.24917667e+02, -5.22600219e+02, -3.67907378e+00, -3.52223830e+02,       -1.04914789e+03,  6.36579887e+02, -5.04528485e+02, -4.88385826e+02,        7.51557058e+01,  1.08728270e+03, -1.89781004e-01, -1.82936629e+02,       -1.80019953e+01, -6.08649892e+01, -7.51861173e+02, -5.25508306e+02,        6.60232457e+02, -4.34451140e+01, -3.35786799e+02,  4.27095293e+02,       -2.93209016e+02,  3.36213644e+02,  4.62237808e+02, -5.23202772e+02,       -2.18539807e+02, -2.92429776e+02, -1.27469929e+02, -1.64623587e+02,       -5.69049510e+01,  1.15901705e+02, -2.85296672e+02,  2.52130767e+02,        5.07095497e+02, -1.37007225e+02, -1.50874986e+02,  1.17417399e+02,        4.86922616e+02,  4.12855695e+02,  3.12432482e+01, -1.40918059e+01,       -4.59849442e+01, -4.31900247e+02,  3.20969714e+02, -2.03978184e+02,        1.68318087e+02, -1.33649775e+02,  2.46645956e+02,  1.49050264e+02,       -6.69145738e+02, -2.36082973e+02, -6.70374437e+02, -2.75366021e+02,        6.40960434e+01, -1.45924610e+02,  2.53550334e+02, -2.45120598e+02,        1.58202617e+01,  8.92223570e+01,  6.32459729e+02,  3.17688055e+02,       -2.29793542e+02,  1.75683202e+01,  9.43893060e+01,  3.39051143e+02,       -5.28749251e+00,  4.29608047e+02,  2.06113441e+02,  7.57097090e+02,        2.13610951e+01,  5.80805524e+02, -2.21350321e+02, -3.27011492e+02,        7.03792225e+01,  6.31414762e+01,  2.59125838e+02, -5.40779392e+01,       -1.35596001e+02,  2.20933774e+02, -3.89341409e+02, -4.39656461e+02,        6.52005151e+02, -4.99058835e+01, -3.63765947e+02, -3.81777997e+00,       -1.20155249e+02,  2.97403814e+02,  2.80638461e+02, -1.66060945e+02,        9.54978792e+00, -2.29791910e+02, -2.76938522e+02, -2.42696928e+02,       -8.12369041e+02, -2.87453338e+01, -5.47535934e+02, -4.67710065e+02,       -3.34550563e+02,  1.49018299e+02, -3.19797137e+02,  1.86070377e+02,       -4.79263447e+02,  9.28195226e+00, -3.45558799e+02,  6.34095416e+01,        1.00817253e+02,  2.46540706e+02, -1.67675097e+02, -1.24807405e+02,        2.20799293e+02,  5.11002670e+02,  2.76653887e+02,  6.59624626e+01,       -5.79208031e+02, -1.17857548e+02, -2.62214363e+02, -5.15681779e+02,        3.51296743e+02, -2.93681384e+02, -3.70429763e+01, -1.94806674e+02,       -8.60990876e+02,  4.23309734e+02, -1.42003679e+02,  3.50033113e+02,       -5.89377350e+02,  5.56860303e+02,  3.62160421e+01, -2.64825091e+02,        3.93595384e+01, -1.98654917e+02, -5.80006182e+02,  1.19940381e+02,        2.38146371e+02,  2.78007967e+01, -3.07470808e+02, -1.10590313e+02,        1.38051327e+02,  2.48212913e+02,  5.45003690e+02,  2.15947481e+02,       -1.99918605e+02,  7.50081553e+02,  2.45095520e+02,  3.31689238e+02,       -1.43679824e+02,  2.25598329e+02,  1.47310919e+02, -5.23598784e+02,       -1.59286222e+02, -3.34531354e+02, -2.65518282e+02, -8.82755373e+01,       -1.49845367e+02, -3.15652589e+02, -9.64685676e+02, -2.58861369e+02,        1.31128010e+02,  8.65562533e+01,  7.92381902e+01,  4.21397792e+02,        1.58115188e+02,  2.71655229e+02, -3.59174010e+02,  3.92323051e+02,       -4.18930611e+02, -6.50602619e+02,  1.63298729e+02, -3.42809396e+02,       -3.56367887e+02, -1.33836056e+03, -1.01470968e+02,  6.78869208e+02,        3.95820535e+02, -8.64964294e+01, -1.01476779e+02,  2.50107578e+02,        5.78660034e+02, -3.42678157e+02, -8.09573272e+01, -2.69472362e+02,       -3.04897345e+02, -2.89785675e+02,  1.35280004e+02,  6.07852822e+02,       -5.58615896e+02, -4.49751161e+02,  2.07976945e+01, -7.30226438e+01,       -1.20098555e+02, -7.90494482e+02,  4.80417433e+02,  2.13838318e+02,        7.63338861e+01,  4.10843776e+02, -2.57278973e+02,  2.51565218e+02,        2.29045313e+02,  4.53264759e+01, -3.94702110e+01,  1.04120105e+02,       -1.37904932e+02,  3.98986750e+02, -3.70536265e+02,  3.56836890e+02,        7.93946366e+01,  9.48431597e+01,  2.00289243e+02, -7.31181264e+02,        5.44498327e+01, -5.43294415e+02, -4.29454861e+02, -4.16671322e+02,       -3.81816214e+02,  1.13632046e+01,  1.10106932e+02,  4.09462867e+02,        8.20009411e+01,  1.16965534e+02, -6.03595306e+02, -2.12454151e+02,        2.79318646e+02,  1.13956476e+01,  1.61190332e+01, -6.90954060e+01,        3.11178310e+02, -7.74222990e+02,  8.91014262e+01,  2.00630872e+02,        3.86643393e+02,  3.30390516e+02, -4.82014329e+02,  6.41031209e+01,        3.62179129e+01,  3.74949963e+01,  1.64173601e+01, -1.64837134e+02,       -2.66590846e+02,  1.33646177e+02,  5.31496959e+02, -7.59105306e+01,        8.09758603e+01,  1.51466396e+02, -2.10023038e+02, -2.08011531e+02,       -9.80382257e+02, -3.25701710e+02, -4.30602580e+02, -6.42464010e+01,       -5.38366069e+02,  6.36699327e+02, -2.49927842e+02, -4.47713585e+02,       -1.32705017e+03,  5.55261587e+02,  1.16514022e+02, -1.30652468e+01,       -5.20515112e+02,  8.98721907e+01, -1.47170029e+02, -2.76094737e+02,        9.97988562e+01,  2.71550809e+02,  6.74176549e+01, -1.46405169e+02,       -2.82458713e+01,  7.02614251e+00,  1.62876671e+02, -5.15806726e+02,        5.92549340e+02, -3.55079636e+02, -2.29563657e+02, -3.56042859e+02,       -8.22333144e+02,  8.07101408e+01, -4.04042043e+02, -1.86573117e+02,        2.88958744e+02, -2.04203346e+02,  5.35565297e+00, -8.34406837e+01,       -2.17457476e+02,  1.39831291e+01,  4.50411158e+02, -4.40291579e+02,        7.79361485e+02, -1.67094245e+02,  2.87437872e+02, -6.58506666e+01,        1.27058635e+02, -9.95562791e+01,  3.96604664e+02,  5.30048591e+02,        1.69004871e+02,  4.64996727e+02, -3.29955682e+02, -2.71500570e+01,       -1.92988708e+02,  5.77403316e+02,  4.88750098e+02,  3.74694301e+02,       -1.26502702e+02, -2.56395988e+02,  2.28130027e+02, -2.18463357e+02,       -1.16748688e+02, -6.14909509e+01, -2.19908139e+02,  4.34133232e+02,       -4.87934641e+01,  3.34839233e+02,  1.19049307e+02,  1.43838217e+02,       -2.89176486e+02,  2.74423767e+02, -1.54113692e+02, -1.11275489e+02,       -2.55566233e+01, -4.30399428e+02,  6.49278906e+02, -2.38964237e+02,       -3.49281087e+01,  1.68138056e+02,  1.44195984e+02,  5.98087361e+02,       -1.39506963e+02,  6.49598080e+02,  5.90178042e+02, -8.22863616e+02,        7.36458263e+01, -1.73016334e+02,  1.23802834e+02,  7.36819274e+01,        1.48719485e+02,  5.10436440e+02,  7.83427364e+02, -6.63850676e+02,        6.48499112e+02, -7.80458986e+02, -6.50339349e+02, -1.04120847e+02,       -9.75224242e+00,  5.94371461e+02,  3.27235078e+02, -1.54794228e+02,       -7.84354729e+02,  5.95707093e+02, -3.80835610e+02, -9.12215000e+00,       -4.25265401e+01,  1.04865574e+03, -2.39965035e+02, -8.91106467e+02,        2.61536065e+02, -1.36895119e+03,  9.39476226e+01, -3.01808369e+02,       -1.53323766e+02, -2.30816155e+02, -4.95945330e+02,  3.47033750e+02,       -3.06170670e+02, -7.76772670e+01, -6.62704651e+02, -5.68608980e+01,       -4.04509006e+02, -6.29713718e+02, -1.03700248e+03,  8.56965706e+01,       -2.72685315e+02, -7.46845139e+00, -1.14281830e+02, -6.69727695e+02,       -5.34614319e+02, -4.46564588e+02, -4.50540889e+02,  4.63995006e+02,        7.89259964e+01, -4.04386052e+02, -1.53962967e+02, -1.89379462e+02,        3.14052344e+02, -2.82408649e+02, -1.04199449e+02, -1.89550498e+02,       -3.03148914e+02, -3.16693231e+02,  3.23725613e+02, -1.48128779e+02,       -7.69972717e+02,  6.51549100e+02,  3.97217472e+02,  5.19722016e+01,       -6.12009959e+02, -6.39141610e+02,  9.22263488e+01,  1.15507621e+01,       -2.51930526e+02, -4.11549353e+02,  3.00309124e+02, -6.70076588e+01,        2.31283850e+02,  4.17849421e+02,  2.84983578e+02,  2.98842380e+02,        2.15947003e+02, -1.72016883e+02, -1.05687925e+02, -1.86301198e+02,       -2.94923073e+02, -3.86898317e+02, -5.47262626e+02, -3.30778115e+02,       -6.75562190e+01, -6.73656283e+02, -7.30763296e+01,  2.75452859e+02,       -6.04340505e+02,  2.09245707e+02,  1.83360749e+02, -5.95590796e+02,       -4.80009812e+02, -1.31973327e+02,  1.79308306e+02, -3.35141637e+02,        5.91660666e+02,  5.30932943e+02, -6.33642776e+02,  4.27790947e+02,        2.99376989e+02,  6.39178014e+01,  2.13582544e+02, -3.60274199e+02,       -1.20684167e+02,  4.60890778e+01,  1.49407835e+02,  3.82279326e+02,       -4.27549116e+02, -3.61224525e+01,  1.49246016e+02, -1.29776932e+01,       -2.22960938e+02,  1.66452864e+02, -2.25037641e+02, -1.70466069e+02,        3.19259224e+01, -5.05967519e+02,  3.07663006e+01, -1.98460744e+02,       -1.06256259e+02,  4.36876006e+00, -4.79225256e+02,  4.76011380e+02,       -2.26958940e+02, -1.09067354e+03, -7.13154659e+02,  3.29725070e+02,       -2.99841934e+02, -1.43835914e+02, -2.45998824e+02, -1.39955068e+02,       -8.42398391e+02, -9.40921042e+01, -5.40112028e+02, -2.81583106e+02,        2.17323101e+02,  6.26473804e+02, -3.30167060e+00, -2.67976823e+01,        4.91232649e+02, -4.26732998e+02,  3.02200015e+02,  7.80653047e+01,       -3.50599331e+02, -1.51358912e+02,  2.07226306e+02,  1.56623456e+01,        8.24167292e+01,  9.60336112e+01, -1.98542493e+02, -2.34271520e+02,       -4.44824104e+02,  4.22101579e+02, -5.34590366e+02, -3.92623220e+02,        7.97848524e+01, -7.53325591e+02,  1.62233741e+02,  5.28467188e+02,       -4.00589567e+01,  5.83613577e+01, -2.09111710e+02, -1.71977356e+02,        8.65556780e+01,  3.15597182e+02, -3.40710205e+02,  2.60386354e+02,       -9.24486349e+01, -3.33157597e+01,  2.27231421e+02,  1.61711146e+02,       -7.58153023e+01, -3.12629417e+00,  2.05551153e+02,  2.35886315e+02,       -6.04134321e+02,  5.56777434e+01,  4.53879444e+02, -8.18561877e+02,        2.73294734e+02, -1.00423689e+03, -7.80912958e+01, -1.24919940e+02,       -7.13172150e+01, -7.53624573e+01, -2.17809431e+02, -3.04022830e+01,        1.38782527e+02, -2.03245992e+02,  1.18978423e+02,  7.30324891e+02,       -5.40677810e+02, -2.24672614e+02,  3.07425807e+02,  2.08580109e+02,        3.48538427e+02,  1.37855575e+02,  2.38671724e+02, -1.57413322e+02,       -4.11753397e+02, -3.57341698e+02, -1.74435857e+02,  6.08203821e+00,       -3.53263208e+02, -1.28410569e+02,  5.57843164e+01,  1.94797251e+02,       -8.42577526e+01,  4.72578436e+02, -4.26117834e+02, -4.40335318e+01,       -2.26331572e+01,  2.34559018e+02, -3.41731864e+02, -2.15039527e+02,        2.31003857e+02,  4.19931018e+02,  5.86860243e+02,  2.95331448e+02,        3.47090229e+02, -2.50176503e+02,  5.25261921e+02,  5.67313987e+02,       -5.37733431e+01,  3.31055957e+02,  3.19495646e+02, -2.14191781e+02,        1.36291022e+01,  5.15359433e+02, -2.34024632e+02, -1.04375475e+02,       -5.08655612e+02,  2.26119554e+02, -6.33064092e+01,  1.47934561e+02,        8.08433057e+01, -3.50595059e+02,  3.85810449e+02,  3.42225415e+02,       -1.99291620e+02,  1.55122252e+02, -4.82532567e+02, -4.33659434e+02,        1.96507657e+02, -5.79929710e+02, -2.26248811e+02,  8.10411520e+01,        6.78528010e+02, -2.04563785e+02, -8.77550419e+01, -1.23411561e+02,        9.63598537e+02,  1.19138688e+02, -3.64874527e+02,  5.74896487e+02,        5.29232991e+02,  2.52654467e+02,  6.13078753e+02,  6.79315498e+02,       -8.82800476e+01, -2.51750657e+02, -2.73247971e+02,  2.25691374e+02,        3.17759753e+02, -4.13706687e+01, -1.73137819e+02, -5.17205264e+02,       -2.53417911e+02, -3.71328324e+02,  2.47759651e+02,  1.26390393e+02,        5.25687034e+02,  4.75318223e+01, -2.10586985e+02, -6.58866154e+01,        3.35754684e+02,  1.09830526e+02,  4.27538096e+02,  4.82038752e+02,       -1.16154232e+02, -7.60465076e+01, -8.10703320e+02,  4.48013828e+02,       -4.51649231e+01,  4.21046915e+02, -1.53437895e+02, -4.88858789e+02,        1.66107940e+02,  5.80644671e+02, -2.05835857e+02,  5.72960838e+02,       -6.05680562e+02, -1.88228447e+02, -6.54959074e+02,  1.85215609e+02,        9.62812860e+01,  7.05592036e+00, -5.01491911e+02,  7.34921443e+02,        4.41282031e+02,  6.83545227e+01, -3.84358544e+02,  1.82976862e+02,       -2.28576420e+02, -7.31361021e+01, -1.82806687e+02,  1.74825944e+02,       -8.45124072e+01, -1.71065136e+02,  1.60343376e+02,  2.20138062e+02,       -7.12686025e+02,  1.62798944e+02,  5.60680743e+02,  3.50651861e+02,       -1.10184648e+02,  2.87386459e+01, -2.99846348e+02,  4.93270783e+02,        1.46965977e+02, -5.65265356e+01, -5.80610440e+01,  9.10788585e+02,        6.59279060e+00,  2.59274769e+02,  6.04394101e+02,  8.14749895e+02,        5.34430359e+02,  3.53880796e+02, -5.31219849e+02, -3.61871207e+02,        2.88739782e+02,  1.41665126e+01,  2.70124166e+02,  1.54442276e+02,        4.89792317e+02, -6.46430867e+02, -4.09166971e+02, -5.30415525e+01,       -7.22570649e+02,  1.63494523e+02,  3.28569032e+02,  1.16857268e+02,       -1.89908192e+02,  1.97320824e+02,  1.18745702e+03,  2.16187047e+02,        1.26535203e+02, -4.08804099e+02, -5.52667082e+02, -1.30883542e+02,        2.59997246e+02, -4.37189405e+01,  1.75103206e+02,  2.93651900e+02,       -4.98888358e+02,  2.06890270e+02,  4.38028424e+02,  4.88856919e+02,       -4.64564654e+01,  9.48783644e+00, -7.77897140e+01, -4.21855272e+02,       -5.54814372e+02,  6.96936240e+02, -5.58488787e+01, -4.94285318e+02,        1.80407411e+01, -1.90623499e+02,  7.62763919e+02, -1.99917568e+02,       -2.87221849e+02,  2.60237767e+02, -1.21665544e+02,  3.61580062e+02,       -4.69709443e+01,  8.39639467e+02,  4.19527629e+02, -1.08375479e+01,       -3.00838737e+02,  2.06538007e+02, -4.62727588e+02, -9.75352186e+01,        5.07469229e+02, -2.34282347e+02, -3.94015289e+02, -1.85352373e+02,        4.32991655e+02,  1.21826221e+02, -6.92357264e+02,  2.55270128e+02,        1.25592248e+02,  5.74926261e+01, -4.27070420e+02,  1.39764311e+01,        2.92760647e+02,  4.26136602e+02,  5.34224171e+02,  2.17052609e+02,        3.39553043e+01, -4.23633689e+02, -3.99516810e+02, -6.21012020e+02,       -7.69425235e+01,  2.63560286e+02, -2.07586725e+01,  4.46966774e+02,       -2.64499665e+02,  1.52825949e+02, -9.96527878e+01, -2.49036693e+02,        4.94091523e+02,  6.39043061e+01,  5.12113230e+02,  2.47006359e+01,        2.08097261e+02, -1.66496072e+02,  5.22556994e+02, -1.00781320e+02,       -3.07946076e+00, -6.52235304e+02, -9.04311827e+01,  6.07564385e+02,        5.55479970e+02,  2.20534682e+02, -1.25764695e+02,  3.21219280e+01,       -1.47533496e+02, -4.75523127e+01,  7.50931724e+02,  1.45362815e+01,       -1.97762082e+02, -9.21045854e+02, -4.52684698e+02, -3.14043128e+02,       -5.60107098e+02, -4.68601605e+02, -5.93151481e+02, -3.87620908e+02,       -3.18013354e+02, -4.01084510e+02,  3.98378575e+02, -2.12398436e+02,       -8.08834576e+02,  3.33098821e+02, -2.41200456e+02, -6.86006789e+02,        8.09651528e+02, -2.00997954e+02,  1.64994396e+02,  3.40421661e+02,        7.48403595e+00,  2.17811497e+02,  7.11612340e+00, -1.28472689e+01,       -1.14487008e+02, -6.05458887e+02,  8.84700226e+01, -1.08895378e+03,        5.45834476e+02, -3.66084327e+02, -1.15192141e+02, -1.48458075e+02,        8.67969647e+01, -1.57022390e+02,  2.39158564e+02, -4.48838406e+02,        3.16818068e+02,  3.27156929e+02,  1.29336621e+02,  8.25794291e+01,        1.66161723e+02,  6.21048165e+01,  2.52727062e+02, -8.02402795e+01,       -5.22963273e+02,  8.20685398e+01, -1.92380090e+02, -3.83801337e+01,        4.16438055e+02, -6.77684473e+02,  8.74971815e+00,  1.15932067e+01,        7.19542118e+01,  2.77990154e+02, -1.15401157e+02,  7.02240545e+02,        4.04956161e+02, -1.46602661e+02, -8.84498228e+01,  1.58893624e+01,        6.51153139e+02, -4.66020291e+02, -8.70813466e+02,  2.41807955e+02,       -1.02200465e+02, -1.05687688e+02,  1.40908730e+02,  6.54616923e+02,        3.99227695e+02, -1.47420878e+02, -4.21739325e+02, -4.99789341e+01,        2.45955610e+02, -1.09924680e+02, -6.22156810e+02, -2.35399594e+01,       -7.77418758e+02, -4.07804427e+02,  6.65734470e+02, -4.29248373e+02,       -5.56568564e+02, -4.35286712e+02, -2.95747672e+02,  2.80365330e+02,        6.89984618e+02, -4.28119093e+01,  2.30305010e+02, -1.50650696e+02,       -5.83872404e+02,  3.91202422e+02, -3.81870789e+02,  2.37020851e+02,        3.03950674e+02, -6.22203599e+01,  3.45459230e+02,  3.67064288e+02,        9.00141007e+02, -1.25117761e+02, -3.85790332e+02, -5.33849944e+02,       -1.26571314e+02, -2.16886266e+02,  8.50301104e+02, -3.70928354e+02,        8.51947208e+01,  6.21504085e+01, -2.19609905e+02, -6.79997094e+02,       -5.43297423e+01,  8.18688388e+02,  9.11930681e+01,  5.89205611e+01,       -4.49023400e+02, -5.08488396e+02, -8.18021040e+01,  4.05687758e+02,       -1.87388975e+02,  8.92861974e+02, -3.68089714e+02,  1.42458345e+02,       -1.73605897e+02, -5.74519926e+02,  2.54840719e+01, -4.27849867e+02,       -6.24494187e+02,  6.94341888e+01,  1.96342601e+01,  4.33879030e+02,        1.75884226e+02, -2.83726233e+02,  1.89327094e+02, -6.92179312e+02,       -4.43797363e+02,  7.59855653e+02,  1.09517132e+02, -1.18563175e+02,       -2.71172947e+02, -3.97351571e+01, -6.54753035e+01,  7.13612578e+02,        3.43524402e+02, -1.23500672e+02, -5.84520613e+01, -3.37872642e+02,       -1.71260815e+02, -5.64513650e+02,  4.02087560e+02,  6.33154956e+01,        1.16288092e+02,  1.27469241e+02, -4.59838486e+01, -1.53488824e+02,       -4.80393615e+00, -8.92066862e+02, -1.60522317e+02, -6.81153874e+01,       -7.71665016e+01,  4.60142404e+02,  5.30160611e+02,  1.35469760e+02,       -8.03583963e+02,  5.36690063e+02, -1.67174583e+02, -3.24143625e+02,       -7.32659940e+02, -2.73949482e+02,  4.95339037e+02,  2.29541443e+02,        5.84687249e+01,  2.57497961e+02, -4.89529052e+02, -3.72675946e+02,        4.63702259e+02,  3.20139309e+02,  4.33752754e+02, -2.20084125e+00,        5.77713835e+01,  4.65098815e+02,  8.29876454e+02, -2.06969686e+02,        3.17673067e+02, -1.41593438e+02, -3.52667157e+02, -2.87716373e+02,       -2.57249558e+02, -1.26258140e+02, -4.28910120e+02, -1.96899767e+02,       -1.17134673e+03,  2.86286687e+02,  1.62753535e+02, -3.11582030e+01,       -3.49048463e+02, -1.88867099e+02, -4.52223046e+02,  9.91474737e+01,        6.91960586e+02, -1.73751284e+02, -1.37933672e+02,  1.84103536e+02,       -4.07053815e+02,  7.28788379e+02,  1.39590682e+02,  1.55837782e+02,        4.33756257e+02,  1.51239850e+01,  4.71134111e+02,  1.38085517e+02,       -7.25933154e+01,  7.84056510e+01, -1.92630580e+01,  5.83292897e+02,        7.65898563e+01,  1.24523018e+02, -7.56906092e+01,  1.12293272e+02,       -7.77176056e+02, -3.13100969e+02, -3.87271456e+02,  4.30924337e+02,       -2.44926918e+02, -5.41310589e+02,  4.94395422e+02, -1.00986107e+02,        3.67371032e+02, -7.68401223e+02,  2.08629957e+02,  6.43239534e+01,        4.96850921e+01, -7.38347397e+01, -5.46547035e+01,  4.14593420e+02,       -2.15541555e+00, -4.15669056e+02, -1.34121100e+02,  2.12691649e+02,       -9.81593757e+02, -7.81048279e+02,  1.22016313e+01,  9.36530831e+01,       -3.65316620e+02, -3.64922096e+01,  9.11756694e+02,  2.76989199e+02,       -4.71792651e+02,  7.91619020e+01, -7.50188630e+01,  8.73707176e+01,       -2.88547888e+02,  1.55820498e+02,  2.39095970e+02, -5.65485965e+01,        9.46648556e+02, -8.98933772e+01, -2.70428969e+02,  1.60202322e+02,        3.47017769e+02, -2.98650956e+02, -2.51678329e+01,  8.06528918e+02,       -2.00728201e+01,  4.96133068e+02,  1.20480246e+02, -8.09514215e+01,       -2.22306680e+02,  4.79743695e+02, -4.62379290e+02, -1.76521096e+01,       -1.26147063e+02, -3.56112880e+02,  1.41932122e+02,  2.00905351e+02,        7.55729323e+01, -1.38850771e+01, -3.25493745e+02,  1.55257325e+02,       -1.46294458e+01, -2.10736392e+02, -1.82141807e+02,  1.65838043e+02,       -4.27651506e+01, -3.08202379e+02, -8.96801135e+02,  7.72035527e+01,        1.97175447e+02, -3.94529171e+02, -1.89549989e+02,  6.94400345e+02,        6.11940233e+01,  2.96106050e+02,  5.49905155e+01,  3.10919248e+02,        4.36053783e+01, -3.31675015e+02, -3.22312742e+01,  7.01768412e+01,        2.33957491e+02,  6.75994074e+02,  4.14263020e+02,  1.82148349e+01,        1.45407936e+02,  5.08224936e+02,  2.20707708e+02, -6.11075975e+02,       -2.25782421e+02,  1.13655245e+02,  7.19995349e+01,  2.22097925e+02,       -4.42601993e+02,  1.07586841e+02,  3.39079996e+02,  4.15371130e+02,       -3.77519085e+02, -4.42781104e+01, -1.92036364e+01, -1.13746161e+02,       -2.79804776e+02, -1.67049392e+02, -2.70946192e+01,  6.75003714e+01,        3.48239338e+02, -2.61674152e+02,  6.73976528e+02,  3.00395371e+02,        2.13166320e+02,  2.80208333e+02,  2.56007831e+02,  2.76448501e+02,        4.55089336e+02, -3.72648520e+02,  5.33236777e+02, -9.37904075e+02,        2.61720221e+02, -9.16218512e+02,  7.10087719e+02,  6.12655462e+02,       -9.80992419e+01, -4.14691465e+02, -3.56044920e+02, -4.85418632e+02,       -5.21727322e+02,  4.85355122e+02,  3.61829171e+02,  2.03925503e+02,        2.67645640e+02,  3.42611046e+02, -3.23952345e+02, -1.70320446e+02,        4.84033704e+02, -1.05234266e+02,  4.46481642e+02,  6.15945427e+02,       -3.64484266e+01, -6.07049388e+02,  1.20677039e+01, -1.13942954e+01,       -8.27262086e+01,  6.35170852e+00, -5.66098017e+02, -1.55870899e+02,        4.95933908e+01,  7.48667547e+01,  4.07969707e+02, -3.36726950e+02,        5.16557639e+02, -3.40893443e+02,  1.86947371e+02,  3.28290208e+02]
