name = 'O_diff'
composition = {'H':0, 'C':0, 'N':0, 'O':1, 'Pt':1}
facet = ['Ni100'] 
IS_SPE =[-81.610, 'eV']
IS_ZPE =[0.062, 'eV']
IS_frequencies=[323.9, 325.2, 358.1, 'cm-1']
TST_SPE=[-80.9504682, 'eV']
TST_ZPE=[0.061, 'eV']
TST_frequencies=[457.1, 526.1, 'cm-1']
no_reactants=2
bee_IS = [-4.99370414e+02, -3.97919808e+01, -1.15281303e+02,  3.86755411e+02,    -1.82894346e+02, -1.59773282e+02, -3.41647408e+02, -7.60461398e+02,    -3.63819225e+02, -4.06906707e+02, -3.32230074e+02,  4.05108175e+01,     1.20111054e+01,  2.54769439e+01,  2.66527064e+01,  4.02123089e+02,    -1.77195308e+02, -1.55911864e+02,  1.48564284e+02, -9.49290699e+02,     4.99716544e+02, -2.27551315e+02, -4.37304941e+01, -1.02914859e+02,    -4.77990876e+01, -4.92315650e+01,  7.37691928e+02, -1.82376841e+02,    -7.05259914e+01, -4.48440712e+02,  6.58969370e+02, -1.15954270e+02,    -3.32100536e+02,  2.04469726e+02, -3.64537071e+01,  1.66734672e+02,    -2.65624165e+01,  6.09665052e+01,  2.33106521e+02, -8.68228655e+02,     4.62297729e+02,  1.09837047e+02, -5.02711317e+01, -2.88058875e+02,     9.58531145e+01, -1.55304084e+02,  3.74028023e+02,  3.15607945e+02,    -2.34253384e+02, -2.49583082e+02, -2.54119983e+02, -2.89319621e+02,     9.74648178e+01, -4.23905556e+02,  1.17149436e+02,  5.12129415e+02,     5.84569186e+02,  2.97233084e+02,  1.37526948e+02,  2.34405573e+02,     7.65690371e+02,  1.78969083e+02, -4.70273474e+02, -1.05288822e+02,    -2.00880072e+02,  5.20297461e+02, -6.39170184e+02, -5.34123996e+02,    -2.31472237e+02, -8.51272889e+01, -3.73262376e+02,  2.28846288e+02,     8.17550074e+01,  1.12377706e+02, -3.29163150e+02, -2.97255018e+02,    -4.81225265e+02,  3.18813154e+02, -2.79306786e+02,  2.24902413e+02,    -5.64835624e+01, -2.49703617e+02, -4.96842524e+02, -1.47620092e+02,    -9.60713727e+01, -1.35871702e+02,  3.36271954e+02,  6.04746277e+02,    -3.61084495e+02, -6.82878740e+02, -1.69525369e+02,  9.45374577e+02,    -4.87238963e+02,  2.82084233e+02, -9.04104334e+01, -5.30139919e+02,     2.05742964e+02,  3.25432175e+02, -1.48984799e+02,  2.99866112e+02,    -2.27941288e+02, -4.38477166e+02,  7.59742722e+02,  3.95862546e+02,     2.64416697e+02,  1.24887178e+02,  2.09923196e+02,  6.94711030e+02,    -2.12458262e+02,  4.95088826e+01, -1.17788954e+03,  1.56777594e+02,    -5.80836758e+02,  1.23829425e+02,  1.84279220e+02, -2.91412874e+02,    -4.56123611e+02,  5.29075588e+01, -2.50498383e+02,  3.02872996e+02,    -4.33109948e+02, -2.28864271e+01, -3.02600297e+02, -3.58329319e+01,    -2.73687056e+01,  1.44023685e+02,  1.06928509e+01, -5.12313347e+01,     5.16139104e+02,  7.78076959e+02,  4.07051473e+02,  6.64579939e+02,    -1.02381462e+02,  1.14786364e+02,  4.68221761e+02, -7.65589036e+01,    -6.51593354e+02, -3.19407735e+02, -4.27754574e+02, -2.44826994e+02,     2.38227191e+02, -1.00414952e+03, -1.63805744e+02,  3.66462824e+02,    -3.10634106e+02, -3.12513815e+02,  4.62090336e+02,  3.75125970e+02,    -2.94788977e+02,  1.65697510e+02, -2.09146126e+02,  2.96315140e+02,     3.35262497e+01,  1.30295154e+02, -7.40100032e+02, -4.13992266e+02,    -6.59013840e+01,  2.48487558e+00, -3.30043990e+02,  9.08282720e+02,    -1.89096964e+02, -2.86013070e+02,  3.19454968e+02, -4.08326645e+02,    -2.77762893e+02,  2.61290155e+02,  9.37088709e+01,  1.11549365e+02,     1.03276166e+02, -9.55113728e+01,  1.65451228e+02,  4.96123318e+02,    -2.51242663e+02,  1.47420545e+02,  7.74860936e+02,  2.84769106e+02,    -7.44309795e+01, -1.63265972e+02,  1.31124972e+03, -1.49452854e+02,     3.01274400e+02,  1.84910743e+02,  2.92843154e+02,  7.56824452e+02,     4.24216919e+02, -2.47216343e+01,  1.92656371e+02,  4.01974410e+02,     3.30640195e+02, -4.73736498e+02,  7.96908347e+02, -7.09613641e+02,    -1.49906540e+02,  4.89328374e+02,  7.20897361e+01,  5.84111450e+01,     2.66330124e+02,  2.08136569e+02,  3.05178221e+02, -5.43695207e+02,     4.28609235e+01, -2.32887134e+02, -9.25759484e+01, -2.91164108e+01,    -7.57404319e+01, -4.74223480e+01,  6.97411490e+02, -7.27269995e+01,    -2.35846545e+02, -1.94141237e+01,  9.91415217e+01, -5.01285850e+02,    -3.81633618e+02, -3.10489907e+02, -5.36741271e+02, -1.39751649e+02,    -3.53948361e+02,  1.65480366e+02, -9.42963154e+00, -9.06189888e+01,    -7.27600010e+01,  5.53366292e+01, -1.70046810e+02,  5.70616442e+02,    -6.99845323e+02, -1.37659198e+02, -1.33895383e+02,  1.43784598e+02,     1.57016172e+02, -3.93798917e+02, -1.55044909e+02,  3.56152853e+02,    -1.89821242e+02,  1.34683248e+02,  3.15003716e+02, -3.59293419e+01,     9.62561211e+02, -1.74442650e+02, -2.73614213e+02,  5.53244229e+01,    -1.92904985e+02,  4.53329626e+02, -3.07010644e+02,  7.20645097e+01,     5.33226969e+02, -1.11949854e+02,  1.02419295e+03,  1.09372487e+03,    -5.59147719e+02,  4.94612573e+02,  1.42610425e+02, -4.55972295e+02,     1.49231133e+02,  3.09158646e+02,  3.24238292e+02,  2.05590089e+01,     9.98987261e+01,  6.06908843e+02, -1.96252023e+02,  1.39165875e+02,     6.49876734e+02, -3.18902418e+02, -1.27767920e+02,  4.43618025e+02,     2.28331503e+02,  6.49125286e+02,  2.19759329e+02,  5.76221994e+01,     2.23522042e+02,  3.31212349e+02, -4.13166547e+02,  2.91483520e+01,     1.57051832e+02,  1.04809681e+02,  1.86905201e+02, -4.99771743e+02,     2.91604455e+02, -3.78972980e+02, -2.68656603e+02,  1.49359937e+02,    -1.20163091e+02,  4.66224143e+02, -2.05726244e+02,  2.46971181e+02,     2.77359149e+02,  6.78009560e+02,  4.72897190e+02,  4.04504595e+02,    -7.47665959e+01, -5.78889911e+01, -2.69681171e+02,  6.52800946e+02,     6.69613025e+02,  3.18376360e+02, -1.96225580e+02,  4.28340401e+02,    -7.59471011e+01,  1.80585651e+02,  5.30352743e+02,  6.26714803e+00,    -6.58636643e+01, -2.10190628e+02, -4.53011533e+02,  8.25112369e+02,     3.84617069e+02, -4.75904784e+02, -1.31681929e+02,  2.37999324e+02,    -9.01273409e+01,  5.30950236e+02,  1.03158432e+02,  6.77796243e+02,     2.64109361e+02, -2.41316439e+02,  2.10387472e+02, -3.59070622e+01,    -2.70747542e+02,  1.42592553e+02,  1.59016301e+02,  7.72987270e+02,     6.80399474e+02,  4.47467163e+02,  5.92844388e+02,  6.17819614e+01,    -2.33075734e+02,  1.32755682e+02, -2.82826140e+02, -4.31209710e+02,    -4.92719216e+02, -2.32110945e+02, -9.17102351e+02, -2.64420614e+02,    -7.27097887e+02,  1.82599848e+02, -3.91979947e+02,  3.48156820e+02,    -8.14204362e+02, -2.74526999e+02,  4.19540052e+02,  1.91129488e+02,    -7.32780531e+02,  5.28226786e+02, -2.05290123e+02,  4.43788858e+02,    -2.18614336e+02, -6.71416042e+02,  1.03879207e+02, -5.41862916e+02,    -1.14427112e+02,  2.00802385e+00,  3.61549364e+02,  1.06345112e+03,    -3.86425717e+02, -2.96935518e+02, -2.21814662e+00, -1.19691975e+02,    -6.89316156e+02, -4.72859127e+02,  4.20445720e+02, -2.15674579e+02,     1.42873043e+02, -4.14155383e+02, -1.27136020e+02, -3.40635973e+02,     4.54906253e+02,  1.29986374e+02, -1.90272923e+02, -1.14274392e+02,     8.63893540e+01, -7.20644445e+01,  3.70153358e+02, -2.13130996e+02,     4.39270349e+01,  2.91691588e+02,  1.49155217e+02, -1.48964161e+02,     1.31453938e+03,  4.60862431e+02,  2.88876500e+01,  8.91118752e+01,    -5.24361384e+02,  2.62469688e+02, -6.36443101e+02, -2.17583065e+02,    -4.67396260e+02, -1.61902294e+02,  4.70837402e+02, -4.79351667e+02,     1.54600655e+02, -2.33240077e+01,  2.74548644e+01, -3.16012810e+02,    -3.79159020e+02, -2.71168774e+00, -3.62974034e+02, -1.87808093e+02,    -3.47760064e+02, -8.83213515e+01, -3.04801461e+02, -4.36210283e+02,     1.91522435e+02, -1.46590356e+02,  1.79705807e+02,  8.61731074e+01,    -6.23724554e+02, -4.64911668e+02, -3.36760118e+02,  3.02759453e+02,    -8.63842048e+00, -5.37219798e+02,  4.93539300e+02, -3.37444411e+02,     4.64483083e+02, -2.55610792e+02, -4.13603393e+02,  2.25084785e+02,    -5.75410181e+02, -3.29642977e+02,  5.41439356e+02,  1.53268381e+02,    -3.44062375e+02,  4.46000231e+02, -1.45451240e+02, -3.20756270e+02,    -2.60371620e+02, -4.11868849e+02,  2.01149113e+02, -7.70046973e+02,    -7.07043586e+02, -8.17151344e+01, -2.55372567e+02, -4.67302822e+02,     6.11487712e+02,  1.12035835e+03, -2.80296141e+02, -2.70851134e+01,    -5.36006305e+02,  5.60145275e+02,  1.57381349e+02, -1.66808338e+02,    -3.26672176e+02,  1.43328819e+02, -5.16252304e+02, -1.71329704e+02,    -7.53405917e+02,  2.97235649e+02,  1.11027081e+02,  4.76327780e+00,    -5.82388126e+01, -2.90358393e+02, -7.54722780e+01,  1.08322157e+03,    -1.62902730e+02, -3.92292066e+02, -5.75229947e+02,  1.10714296e+02,    -3.04978054e+02,  7.56072215e+01,  2.47979020e+02,  5.67739099e+01,     2.38953650e+02,  1.02228223e+02,  5.05651173e+02,  2.61052630e+02,    -2.87279734e+02,  3.58901426e+02,  2.94498147e+02,  9.45625221e+01,     3.79656498e+02, -2.08426193e+02,  6.17410011e+02,  1.57032316e+02,    -2.55877463e+02, -4.94506251e+01, -1.62209760e+02,  2.03941137e+02,    -2.23470641e+02, -2.54869010e+01, -9.21919032e+01,  7.04119591e+02,     4.54935771e+02, -5.72942960e+02, -3.56520367e+01, -4.58236270e+02,    -1.49251853e+02, -1.92859663e+02,  6.32560102e+01, -1.21524823e+01,    -2.20300942e+02,  1.07557432e+02, -5.94817792e+01, -8.96335893e+01,     7.36117243e+02,  1.53428219e+02, -6.87471346e+02, -3.75873992e+02,     7.83329266e+02,  2.33020156e+02, -7.24733183e+01,  9.02800232e+02,    -1.57067815e+02, -9.58680780e+01, -4.98795063e+01,  1.15001739e+02,     2.41553058e+02,  3.46018373e+01,  2.27607521e+02, -1.34022741e+02,    -2.64019261e+02, -3.67417278e+02, -4.07267860e+02,  3.81004733e+02,     1.07459411e+02,  3.21075726e+02,  1.17542971e+02,  7.51760572e+02,     1.49257175e+02, -6.94543675e+02, -2.91545062e+02,  8.39717154e+01,    -2.35840520e+02,  5.27278759e+02, -1.06941369e+02,  1.56240533e+02,     4.23169860e+02, -6.23268443e+02,  1.26143758e+03,  1.64339035e+02,     2.01577712e+02,  2.97459799e+02,  6.87794679e+01, -5.88488625e+00,     3.06568471e+02, -3.01869693e+02,  6.94050382e+02,  5.98516170e+02,    -3.51756499e+02,  1.27220566e+02,  5.89641250e+02, -1.83700301e+02,     1.35017037e+02,  3.62719680e+02,  3.61887929e+02, -6.65550238e+02,    -1.17775118e+02, -2.97869530e+02, -2.67283717e+01, -3.55691297e+01,    -2.22481943e+01, -1.38067549e+02, -2.49861590e+02,  7.01470477e+01,     8.63861771e+01,  4.53748937e+02, -3.57423931e+02,  3.27967591e+02,     3.79897235e+02, -1.41749866e+02,  7.51928333e+02, -5.79234419e+02,    -8.93573413e+02, -5.62290435e+01, -7.16820392e+01, -2.48385126e-01,     6.68337420e+02, -6.18573295e+01,  3.44460624e+02,  4.06329865e+02,     3.21642799e+02, -8.99133896e+01,  5.36023013e+02, -1.35032012e+02,    -2.74529380e+02, -3.92870004e+02,  4.58597968e+01,  3.26639070e+02,    -4.26393302e+01,  3.24851428e+02, -2.53488197e+01,  5.41926759e+02,     1.69100345e+02,  7.49806805e+01, -4.63887542e+01,  2.87468839e+02,     3.19601418e+02,  1.68576725e+02, -6.60687708e+00, -4.54707010e+02,     2.54845499e+02,  1.67545370e+02,  3.12926886e+02,  2.63001491e+02,     2.99178403e+02, -5.01811639e+01,  2.29828289e+02, -2.07766787e+02,    -9.33852642e+00, -4.71160011e+02, -2.63371470e+02,  3.31738380e+02,    -7.66829627e+02,  2.48955786e+02,  1.44272307e+02,  7.00675642e+02,    -2.20498298e+02,  2.58208371e+02, -9.82281668e+01, -4.09317958e+02,    -6.09196684e+02, -6.89560257e+01, -7.44537159e+02,  1.35908139e+02,    -1.74796934e+02,  2.53219845e+02,  1.72628213e+02, -2.17012722e+02,    -2.12262780e+02,  3.26652919e+02, -5.07912086e+02, -1.03371897e+02,    -1.75976459e+02,  1.99298962e+02, -4.44554028e+01,  4.86318624e+01,    -1.82960778e+02,  4.81260281e+02, -4.03050472e+02,  8.20773184e+01,     5.08811755e+02, -2.90341822e+02,  1.55226176e+01, -3.10112521e+01,    -5.80621249e+02, -3.92785469e+02, -6.77517413e+01,  2.23441522e+02,     2.71837253e+02,  4.11273566e+01, -6.88943742e+01,  1.87576673e+02,    -3.82059814e+02,  1.52768746e+00, -4.26069347e+02, -2.31639341e+02,     3.97380903e+02, -2.48579625e+02,  5.42818120e+02, -1.80252812e+02,     2.97500103e+02,  2.16380060e+02, -5.26468415e+02, -2.41359451e+02,     7.17768562e+01, -3.37070271e+02, -2.96156533e+02, -7.33172148e+02,    -4.71320223e+02, -4.42089922e+02, -3.64033566e+02,  1.96208500e+01,     1.11291799e+02,  8.33294381e+00,  1.77152922e+02, -4.82302958e+02,     1.22984934e+02,  1.75845281e+02, -5.62139638e+02, -5.44345773e+02,    -3.47767684e+02, -1.97587803e+02,  1.65197739e+02,  7.26432826e+00,    -3.76268779e+02,  3.01113012e+02, -1.68969066e+02,  4.22533170e+02,    -7.54894530e+02,  5.09719334e+02, -3.12457001e+01, -3.10042271e+02,    -2.21534899e+02,  2.71649451e+01,  3.59419615e+02, -6.37984159e+02,    -1.19516178e+02, -1.73622680e+02,  4.14762857e+02,  7.10029652e+02,    -8.21155763e+02,  7.90345944e+02,  3.85707644e+02, -6.31173409e+02,    -2.98079410e+02,  6.45080133e+02,  5.11013488e+02, -1.52251369e+02,    -3.03718999e+01,  8.92949599e+01,  5.99532384e+02, -4.46365841e+02,     1.38066305e+02, -6.44161061e+01,  2.57405513e+02, -6.25829991e+02,    -6.41210833e+01, -2.84784713e+02,  4.00134647e+02,  3.61202169e+02,    -7.24640321e+02, -4.19052954e+02, -1.92269410e+02, -3.29194921e+02,    -1.23949499e+02, -1.95576988e+02,  3.62741711e+02,  3.51798696e+02,    -5.00079952e+01, -3.90937146e+02, -7.06474589e+02,  3.67696477e+02,    -4.29408289e+02, -2.65993923e+02,  4.05895296e+01, -2.91615022e+02,    -3.52541162e+02, -2.18807081e+02, -3.57625652e+02, -2.27273850e+02,    -4.31791110e+02,  4.93211364e+02,  5.47138658e+02, -2.83762881e+01,    -2.02174931e+02, -1.36176863e+01,  3.60246491e+02, -7.46764065e+02,    -1.76988425e+02,  4.22831198e+02,  5.68429982e+02, -1.56201125e+02,     9.65665698e+01,  4.64754504e+02,  1.32054676e+02, -5.58713209e+01,    -3.75041188e+02,  1.91497506e+02, -3.04285974e+02, -1.35928119e+02,    -1.64157205e+02, -1.58767664e+02,  1.68300802e+02,  6.61278693e+02,     6.88074993e+00,  3.44944744e+01, -7.68657013e+02, -1.47936350e+02,    -3.21321791e+02,  3.97948268e+01, -3.57585079e+02,  6.66271592e+02,     6.89774128e+02,  1.24829148e+02, -1.27040487e+02,  1.22511371e+02,     2.15312673e+02, -4.05567554e+02, -6.51571675e+01,  1.18899194e+02,     1.17357022e+02,  4.81614942e+02,  3.82562931e+02, -1.77223212e+02,     2.40588931e+02, -8.20311013e+02, -3.69811653e+01,  7.23291038e+02,     8.14788208e+01, -6.66638178e+00,  2.82903796e+02, -2.46034194e+02,     7.86943784e+02, -1.04919431e+02,  7.21823894e+02,  3.15179060e+02,    -3.25720245e+02,  2.59859998e+02, -2.61709112e+02, -5.84357719e+02,    -3.37874349e+01, -4.81275716e+02, -4.53630500e+02, -4.50950230e+01,     2.73744932e+02, -4.85835945e+01, -2.85809338e+02,  6.40695995e+01,    -6.19001053e+02, -7.89191339e+01, -7.03717621e+02,  4.42909718e+02,    -1.16536397e+01, -4.36630734e+02, -1.61208325e+02,  1.46603449e+02,    -2.73782417e+02, -4.01449000e+02,  7.66955376e+02, -1.90524023e+02,    -3.77838742e+02,  2.14077019e+02, -1.01340538e+02,  4.36357952e+02,    -1.48149463e+01,  7.32857607e+01,  8.67677499e+02, -1.52532830e+02,    -2.97878374e+02, -3.18932328e+02, -4.52588196e+02, -2.80831647e+02,     2.42269705e+02,  1.79138154e+02,  1.80844861e+02,  6.38085369e+02,     1.99281308e+01,  1.42575138e+02, -5.65847175e+02,  2.10179997e+01,    -1.98747066e+02, -2.27322006e+02,  1.43592926e+01,  3.00104037e+02,     3.27066997e+02,  6.68981240e+00,  7.98894619e+01,  2.51467387e+02,     3.18570421e+02, -2.05058077e+02, -1.12320376e+02,  1.45237013e+01,    -1.99950964e+02, -6.70664255e+01, -2.32382714e+02,  6.46305969e+02,     5.54755121e+02, -1.08116525e+02,  1.03548532e+02, -2.04083401e+01,    -2.04102615e+02,  2.86015417e+02, -7.52076838e+01,  3.33575098e+02,    -4.59489467e+02,  1.60907547e+02, -9.44710078e+01, -4.65574125e+02,    -2.15316822e+02,  2.33318349e+02, -7.32005908e+02,  3.61204602e+02,     4.21006762e+02, -6.15455750e+01, -4.31698929e+01, -2.72540509e+01,     2.08749461e+02, -2.81197355e+02,  3.11363006e+02,  2.42825346e+02,    -8.92948970e+02, -2.82129235e+02,  1.93481208e+02, -7.88803210e+01,     3.27976705e+02, -5.26822274e+02, -3.93509094e+00, -3.54739037e+02,    -1.05760909e+03,  6.41621654e+02, -5.08477948e+02, -4.92523831e+02,     7.56039947e+01,  1.09592965e+03, -1.93457323e-02, -1.85023172e+02,    -1.81810697e+01, -6.14313711e+01, -7.57429508e+02, -5.29538818e+02,     6.65698901e+02, -4.39663802e+01, -3.38030060e+02,  4.30074615e+02,    -2.95543399e+02,  3.38622328e+02,  4.65387906e+02, -5.26928775e+02,    -2.20540142e+02, -2.94759525e+02, -1.28707739e+02, -1.65843141e+02,    -5.78529740e+01,  1.16925682e+02, -2.87544102e+02,  2.53850779e+02,     5.10647256e+02, -1.37459671e+02, -1.52203997e+02,  1.18390847e+02,     4.90435852e+02,  4.16461150e+02,  3.19512174e+01, -1.46467057e+01,    -4.67272710e+01, -4.35300198e+02,  3.23424709e+02, -2.05563017e+02,     1.69713232e+02, -1.34285107e+02,  2.48378176e+02,  1.50203319e+02,    -6.74605697e+02, -2.37663150e+02, -6.75440310e+02, -2.77978035e+02,     6.45748435e+01, -1.47132085e+02,  2.55745800e+02, -2.46952112e+02,     1.59739831e+01,  8.98383801e+01,  6.37027535e+02,  3.20058417e+02,    -2.32141936e+02,  1.76145477e+01,  9.53305942e+01,  3.41352336e+02,    -5.22524190e+00,  4.33152524e+02,  2.07622349e+02,  7.63064160e+02,     2.14196089e+01,  5.84825588e+02, -2.23228768e+02, -3.29506125e+02,     7.06020462e+01,  6.41463001e+01,  2.60791628e+02, -5.50922939e+01,    -1.36395743e+02,  2.22456929e+02, -3.92357674e+02, -4.43363615e+02,     6.57328796e+02, -5.01214816e+01, -3.66229412e+02, -4.05509807e+00,    -1.21164147e+02,  3.00356731e+02,  2.82722133e+02, -1.67151563e+02,     9.45989263e+00, -2.31493437e+02, -2.79295326e+02, -2.44520991e+02,    -8.18880035e+02, -2.87594287e+01, -5.51585397e+02, -4.71446205e+02,    -3.36855941e+02,  1.50354522e+02, -3.22054402e+02,  1.87699443e+02,    -4.83332689e+02,  9.42442571e+00, -3.48377726e+02,  6.39011648e+01,     1.01491433e+02,  2.48617775e+02, -1.68841745e+02, -1.25914332e+02,     2.22833408e+02,  5.14695037e+02,  2.78811205e+02,  6.65422151e+01,    -5.83791956e+02, -1.18904644e+02, -2.64117234e+02, -5.19526373e+02,     3.53845914e+02, -2.95932658e+02, -3.73499400e+01, -1.96526907e+02,    -8.67426833e+02,  4.26823816e+02, -1.43152804e+02,  3.52596581e+02,    -5.94062770e+02,  5.61188370e+02,  3.65749614e+01, -2.66626264e+02,     4.00030881e+01, -1.99897096e+02, -5.83945063e+02,  1.20906559e+02,     2.40604918e+02,  2.78301947e+01, -3.09826498e+02, -1.11593534e+02,     1.39263567e+02,  2.50420802e+02,  5.49081719e+02,  2.17317238e+02,    -2.01541995e+02,  7.56489485e+02,  2.46581607e+02,  3.34438991e+02,    -1.44705831e+02,  2.27597517e+02,  1.48728208e+02, -5.27409381e+02,    -1.60678441e+02, -3.37195561e+02, -2.68019733e+02, -8.90389825e+01,    -1.50725264e+02, -3.18507867e+02, -9.71835947e+02, -2.60700561e+02,     1.31957409e+02,  8.73102737e+01,  8.01159937e+01,  4.24291783e+02,     1.59116997e+02,  2.73741732e+02, -3.62054940e+02,  3.95208792e+02,    -4.21938064e+02, -6.55099828e+02,  1.65042010e+02, -3.45611555e+02,    -3.58933632e+02, -1.34851905e+03, -1.02001537e+02,  6.84154904e+02,     3.98466413e+02, -8.69293115e+01, -1.02624390e+02,  2.52728053e+02,     5.83084097e+02, -3.45123230e+02, -8.18851223e+01, -2.71819732e+02,    -3.07038815e+02, -2.91656031e+02,  1.36253667e+02,  6.12397398e+02,    -5.62931921e+02, -4.53406795e+02,  2.10042132e+01, -7.39448149e+01,    -1.20978829e+02, -7.96294036e+02,  4.84480757e+02,  2.15116161e+02,     7.71148902e+01,  4.14017044e+02, -2.59327197e+02,  2.53590298e+02,     2.30879796e+02,  4.56472528e+01, -4.00133088e+01,  1.04559598e+02,    -1.39014766e+02,  4.02477445e+02, -3.73111856e+02,  3.59742146e+02,     8.00790052e+01,  9.59323076e+01,  2.01517490e+02, -7.36718104e+02,     5.50641772e+01, -5.47617178e+02, -4.32647793e+02, -4.19951866e+02,    -3.85195767e+02,  1.11680920e+01,  1.11219867e+02,  4.12738874e+02,     8.24479270e+01,  1.17906572e+02, -6.08066962e+02, -2.14268909e+02,     2.81373500e+02,  1.10884373e+01,  1.60844712e+01, -6.96876564e+01,     3.13504596e+02, -7.80049199e+02,  8.99264401e+01,  2.01831640e+02,     3.89311916e+02,  3.32964549e+02, -4.85708643e+02,  6.49004885e+01,     3.66292488e+01,  3.80614798e+01,  1.68613993e+01, -1.65885433e+02,    -2.69188438e+02,  1.34915741e+02,  5.35114327e+02, -7.58388070e+01,     8.18190853e+01,  1.52460878e+02, -2.11798697e+02, -2.09927793e+02,    -9.88345287e+02, -3.28110794e+02, -4.34387263e+02, -6.44964578e+01,    -5.42825582e+02,  6.41472403e+02, -2.51940430e+02, -4.51203220e+02,    -1.33684551e+03,  5.59549910e+02,  1.17399879e+02, -1.26340216e+01,    -5.24405097e+02,  9.03136938e+01, -1.48418553e+02, -2.78199187e+02,     1.00671403e+02,  2.73623244e+02,  6.78004440e+01, -1.47906698e+02,    -2.81269216e+01,  7.13918791e+00,  1.63704277e+02, -5.19941659e+02,     5.97337850e+02, -3.57865522e+02, -2.31385169e+02, -3.59480791e+02,    -8.29304383e+02,  8.12757723e+01, -4.07467768e+02, -1.87712359e+02,     2.90898617e+02, -2.06093033e+02,  4.86210043e+00, -8.43827526e+01,    -2.18650798e+02,  1.43128504e+01,  4.53882575e+02, -4.43425449e+02,     7.86169624e+02, -1.68517328e+02,  2.89427486e+02, -6.70823759e+01,     1.27977704e+02, -1.00277660e+02,  3.99300727e+02,  5.34173788e+02,     1.70157668e+02,  4.68002385e+02, -3.32072813e+02, -2.76431880e+01,    -1.94508065e+02,  5.81631136e+02,  4.92250386e+02,  3.77387125e+02,    -1.27512253e+02, -2.58169176e+02,  2.29631206e+02, -2.20216739e+02,    -1.17416632e+02, -6.18700569e+01, -2.22019502e+02,  4.37269380e+02,    -4.93020237e+01,  3.37312731e+02,  1.20492706e+02,  1.44883649e+02,    -2.91373380e+02,  2.75996242e+02, -1.55143815e+02, -1.11932428e+02,    -2.56740058e+01, -4.33372263e+02,  6.54011677e+02, -2.40778808e+02,    -3.49493104e+01,  1.69847770e+02,  1.45421172e+02,  6.02911622e+02,    -1.40892400e+02,  6.54498251e+02,  5.94601965e+02, -8.28817917e+02,     7.41010364e+01, -1.74157426e+02,  1.24628694e+02,  7.38120875e+01,     1.50216990e+02,  5.14520933e+02,  7.89929977e+02, -6.68559299e+02,     6.53216227e+02, -7.87110159e+02, -6.55743099e+02, -1.05180559e+02,    -9.67660579e+00,  5.99357277e+02,  3.29149547e+02, -1.55378063e+02,    -7.90085181e+02,  6.00288250e+02, -3.83511583e+02, -8.74577164e+00,    -4.28210494e+01,  1.05704477e+03, -2.41538279e+02, -8.97943367e+02,     2.63649904e+02, -1.37975091e+03,  9.46783692e+01, -3.04230788e+02,    -1.54449732e+02, -2.32618474e+02, -4.99785623e+02,  3.49456067e+02,    -3.08541264e+02, -7.88543902e+01, -6.67637190e+02, -5.72741140e+01,    -4.08187961e+02, -6.34416535e+02, -1.04404517e+03,  8.60386455e+01,    -2.75021935e+02, -6.82936963e+00, -1.15139618e+02, -6.74885618e+02,    -5.38960817e+02, -4.50055976e+02, -4.54211460e+02,  4.67319874e+02,     7.92395951e+01, -4.07651124e+02, -1.55338940e+02, -1.90995070e+02,     3.16708431e+02, -2.84529241e+02, -1.04483118e+02, -1.91260917e+02,    -3.05566317e+02, -3.19386689e+02,  3.26221847e+02, -1.49066734e+02,    -7.76009138e+02,  6.56603163e+02,  4.00020304e+02,  5.21160530e+01,    -6.17062913e+02, -6.44078185e+02,  9.26467173e+01,  1.13651337e+01,    -2.54046712e+02, -4.14588668e+02,  3.02130182e+02, -6.73995596e+01,     2.32961798e+02,  4.20872742e+02,  2.87200561e+02,  3.00718484e+02,     2.17465462e+02, -1.73364521e+02, -1.06624688e+02, -1.87666957e+02,    -2.97264907e+02, -3.89840513e+02, -5.51358896e+02, -3.33119886e+02,    -6.83055801e+01, -6.78313676e+02, -7.43099708e+01,  2.77722377e+02,    -6.09873200e+02,  2.11237928e+02,  1.85013364e+02, -6.00361726e+02,    -4.83637783e+02, -1.33334261e+02,  1.80354837e+02, -3.37596161e+02,     5.96314634e+02,  5.35116941e+02, -6.38461750e+02,  4.30426654e+02,     3.01714483e+02,  6.43569089e+01,  2.14857501e+02, -3.63018524e+02,    -1.21588937e+02,  4.67415102e+01,  1.50761829e+02,  3.84984574e+02,    -4.30949883e+02, -3.66737946e+01,  1.50136367e+02, -1.26261519e+01,    -2.25217632e+02,  1.67610682e+02, -2.26652000e+02, -1.71700166e+02,     3.18214825e+01, -5.09829316e+02,  3.09358669e+01, -1.99093002e+02,    -1.07353328e+02,  5.25557877e+00, -4.82741619e+02,  4.79932778e+02,    -2.28427330e+02, -1.09957799e+03, -7.18642874e+02,  3.32060296e+02,    -3.02724860e+02, -1.45363061e+02, -2.47755107e+02, -1.41135059e+02,    -8.49130773e+02, -9.42904687e+01, -5.44118099e+02, -2.83865705e+02,     2.18844437e+02,  6.31625508e+02, -3.08715635e+00, -2.66420244e+01,     4.95273420e+02, -4.30354870e+02,  3.04044130e+02,  7.85169575e+01,    -3.53948662e+02, -1.53202408e+02,  2.08673762e+02,  1.58142793e+01,     8.32476421e+01,  9.68666406e+01, -2.00196515e+02, -2.36416735e+02,    -4.48017419e+02,  4.25385126e+02, -5.38970669e+02, -3.95666143e+02,     8.07837253e+01, -7.58992919e+02,  1.63664738e+02,  5.32693522e+02,    -4.05900106e+01,  5.93721242e+01, -2.11099346e+02, -1.73434316e+02,     8.73536474e+01,  3.18037919e+02, -3.43236410e+02,  2.62000928e+02,    -9.30852295e+01, -3.28530297e+01,  2.28453854e+02,  1.62412889e+02,    -7.65990349e+01, -3.03955288e+00,  2.06897197e+02,  2.37567227e+02,    -6.08792930e+02,  5.55573822e+01,  4.57384888e+02, -8.24423239e+02,     2.75339028e+02, -1.01179067e+03, -7.88663797e+01, -1.25838833e+02,    -7.12093459e+01, -7.61922850e+01, -2.19547454e+02, -3.12650242e+01,     1.39663549e+02, -2.04882243e+02,  1.19610741e+02,  7.36019342e+02,    -5.44505493e+02, -2.26354183e+02,  3.10038732e+02,  2.10103177e+02,     3.51305066e+02,  1.39304951e+02,  2.39842989e+02, -1.58333871e+02,    -4.14985116e+02, -3.60286664e+02, -1.76637593e+02,  6.59056498e+00,    -3.56084532e+02, -1.29296456e+02,  5.62499642e+01,  1.96496425e+02,    -8.48327279e+01,  4.76393684e+02, -4.30239537e+02, -4.40513776e+01,    -2.29114842e+01,  2.36550302e+02, -3.44248508e+02, -2.16771770e+02,     2.32096836e+02,  4.22712858e+02,  5.91853587e+02,  2.97305095e+02,     3.49901946e+02, -2.51897932e+02,  5.29186781e+02,  5.71724583e+02,    -5.38525284e+01,  3.33174672e+02,  3.21965126e+02, -2.15750954e+02,     1.44064556e+01,  5.19369941e+02, -2.35395060e+02, -1.04851784e+02,    -5.12578777e+02,  2.27690730e+02, -6.41985931e+01,  1.49334431e+02,     8.11478355e+01, -3.53171882e+02,  3.88603185e+02,  3.44925701e+02,    -2.01182353e+02,  1.56461336e+02, -4.86374569e+02, -4.36987660e+02,     1.98252011e+02, -5.84445509e+02, -2.28446970e+02,  8.14787639e+01,     6.83863555e+02, -2.06172700e+02, -8.83429933e+01, -1.24796835e+02,     9.70646966e+02,  1.20236760e+02, -3.67676787e+02,  5.79441815e+02,     5.33293628e+02,  2.54893081e+02,  6.18043334e+02,  6.85092662e+02,    -8.86447116e+01, -2.53551376e+02, -2.74932030e+02,  2.27591321e+02,     3.20171365e+02, -4.18155771e+01, -1.74812286e+02, -5.21026561e+02,    -2.54988835e+02, -3.74277734e+02,  2.49887187e+02,  1.27466579e+02,     5.29906432e+02,  4.80351469e+01, -2.11878803e+02, -6.64226040e+01,     3.38332931e+02,  1.10396564e+02,  4.31121514e+02,  4.85508742e+02,    -1.16891268e+02, -7.68560141e+01, -8.17369127e+02,  4.51252602e+02,    -4.49740021e+01,  4.24351827e+02, -1.54793682e+02, -4.93169184e+02,     1.67545562e+02,  5.85568050e+02, -2.07682996e+02,  5.77299690e+02,    -6.10458115e+02, -1.89693565e+02, -6.60125924e+02,  1.86413766e+02,     9.64754927e+01,  7.63249145e+00, -5.05503652e+02,  7.40729556e+02,     4.44812567e+02,  6.87785450e+01, -3.87840814e+02,  1.84289426e+02,    -2.29881463e+02, -7.40239435e+01, -1.84532020e+02,  1.75898144e+02,    -8.55312721e+01, -1.72447303e+02,  1.61809155e+02,  2.21777002e+02,    -7.18273734e+02,  1.63967266e+02,  5.64957496e+02,  3.53241136e+02,    -1.10849310e+02,  2.87746479e+01, -3.02174516e+02,  4.97074436e+02,     1.47854697e+02, -5.66673822e+01, -5.84462284e+01,  9.17822205e+02,     6.06828227e+00,  2.60902412e+02,  6.09199958e+02,  8.21092046e+02,     5.38559739e+02,  3.56403116e+02, -5.35555570e+02, -3.64900179e+02,     2.91086637e+02,  1.45163045e+01,  2.72043939e+02,  1.55472324e+02,     4.93735734e+02, -6.51536022e+02, -4.12199168e+02, -5.39004411e+01,    -7.28158164e+02,  1.64826143e+02,  3.31579950e+02,  1.17027752e+02,    -1.91241540e+02,  1.98754553e+02,  1.19621350e+03,  2.18357172e+02,     1.27687615e+02, -4.11863742e+02, -5.56401826e+02, -1.31600615e+02,     2.62147437e+02, -4.41614182e+01,  1.76692827e+02,  2.95795772e+02,    -5.02591360e+02,  2.08732427e+02,  4.40486390e+02,  4.92583738e+02,    -4.68737808e+01,  9.99575203e+00, -7.84154768e+01, -4.24965525e+02,    -5.59204050e+02,  7.02067987e+02, -5.64447484e+01, -4.97849935e+02,     1.84142897e+01, -1.92519475e+02,  7.68503519e+02, -2.01440682e+02,    -2.89475313e+02,  2.62359414e+02, -1.22786364e+02,  3.64651817e+02,    -4.70431867e+01,  8.45805374e+02,  4.22964880e+02, -1.03187513e+01,    -3.03360066e+02,  2.08524967e+02, -4.66236155e+02, -9.79425308e+01,     5.11454786e+02, -2.35957858e+02, -3.96917426e+02, -1.86834932e+02,     4.36159976e+02,  1.22812316e+02, -6.97666293e+02,  2.57459518e+02,     1.26129184e+02,  5.81063229e+01, -4.30144711e+02,  1.44442086e+01,     2.95070884e+02,  4.29306218e+02,  5.38499982e+02,  2.19073237e+02,     3.43463037e+01, -4.27156145e+02, -4.02318744e+02, -6.25375385e+02,    -7.78385474e+01,  2.65604281e+02, -2.08675375e+01,  4.50088568e+02,    -2.66642645e+02,  1.53758787e+02, -1.00943486e+02, -2.50975817e+02,     4.98171851e+02,  6.43948514e+01,  5.16227484e+02,  2.52116281e+01,     2.09290705e+02, -1.67630955e+02,  5.26633391e+02, -1.02043717e+02,    -3.06191024e+00, -6.57177431e+02, -9.09272550e+01,  6.12262471e+02,     5.59514945e+02,  2.22260082e+02, -1.26952690e+02,  3.24050210e+01,    -1.48954420e+02, -4.87844706e+01,  7.56877099e+02,  1.48367472e+01,    -1.99706104e+02, -9.27923044e+02, -4.55509811e+02, -3.16529905e+02,    -5.64303997e+02, -4.72281647e+02, -5.97618917e+02, -3.90535946e+02,    -3.19779632e+02, -4.04352905e+02,  4.01263333e+02, -2.13452952e+02,    -8.14334345e+02,  3.35738183e+02, -2.43205767e+02, -6.91306882e+02,     8.15959543e+02, -2.02642759e+02,  1.66030951e+02,  3.42971399e+02,     8.19070042e+00,  2.19441673e+02,  7.42111162e+00, -1.28692867e+01,    -1.15398242e+02, -6.10362012e+02,  8.92874181e+01, -1.09687172e+03,     5.50472610e+02, -3.68675063e+02, -1.16224046e+02, -1.49692063e+02,     8.80033763e+01, -1.57881646e+02,  2.40909064e+02, -4.52397536e+02,     3.19190691e+02,  3.30059315e+02,  1.29790731e+02,  8.32722278e+01,     1.67612082e+02,  6.27396842e+01,  2.54438749e+02, -8.08753739e+01,    -5.27676320e+02,  8.28448034e+01, -1.94306722e+02, -3.88991666e+01,     4.20016539e+02, -6.82824195e+02,  8.88320709e+00,  1.18606981e+01,     7.24644544e+01,  2.80011738e+02, -1.16078915e+02,  7.07449295e+02,     4.07707846e+02, -1.47658303e+02, -8.89088299e+01,  1.62778125e+01,     6.56156988e+02, -4.69288811e+02, -8.77424783e+02,  2.43809614e+02,    -1.02896181e+02, -1.06727618e+02,  1.42166708e+02,  6.59686507e+02,     4.02072858e+02, -1.48531537e+02, -4.25022115e+02, -5.05359198e+01,     2.47735865e+02, -1.11040392e+02, -6.26963446e+02, -2.39557217e+01,    -7.83673428e+02, -4.11122797e+02,  6.71136690e+02, -4.32773033e+02,    -5.61218736e+02, -4.38680817e+02, -2.98110287e+02,  2.82829971e+02,     6.95708707e+02, -4.32912241e+01,  2.31842719e+02, -1.52139349e+02,    -5.88324265e+02,  3.94188113e+02, -3.85057452e+02,  2.38590504e+02,     3.06114099e+02, -6.31990591e+01,  3.48026699e+02,  3.69720091e+02,     9.07820247e+02, -1.25891082e+02, -3.89121344e+02, -5.37997694e+02,    -1.27873478e+02, -2.19440141e+02,  8.56213350e+02, -3.73601559e+02,     8.59473102e+01,  6.23576046e+01, -2.20920538e+02, -6.85724812e+02,    -5.47050062e+01,  8.25166181e+02,  9.25186316e+01,  5.94520254e+01,    -4.52903249e+02, -5.12155902e+02, -8.29183040e+01,  4.08423070e+02,    -1.89172077e+02,  8.99478086e+02, -3.71306215e+02,  1.43931723e+02,    -1.74245830e+02, -5.78522638e+02,  2.58169922e+01, -4.31071780e+02,    -6.29295506e+02,  7.03695237e+01,  1.96228003e+01,  4.37316516e+02,     1.77609649e+02, -2.85879604e+02,  1.90728259e+02, -6.98034033e+02,    -4.46852532e+02,  7.65680108e+02,  1.10030846e+02, -1.18904905e+02,    -2.73030820e+02, -4.00934524e+01, -6.62333439e+01,  7.19649927e+02,     3.46236227e+02, -1.24169825e+02, -5.83464556e+01, -3.40410633e+02,    -1.72372500e+02, -5.68554884e+02,  4.05420208e+02,  6.38763399e+01,     1.16717815e+02,  1.28747214e+02, -4.67211418e+01, -1.54887852e+02,    -4.27962836e+00, -8.99290181e+02, -1.61269735e+02, -6.87675343e+01,    -7.75626434e+01,  4.63099944e+02,  5.34364289e+02,  1.36557105e+02,    -8.09751404e+02,  5.40608182e+02, -1.68503471e+02, -3.26573862e+02,    -7.38365077e+02, -2.75762472e+02,  4.99584074e+02,  2.31719765e+02,     5.94332260e+01,  2.59797805e+02, -4.93274427e+02, -3.75865901e+02,     4.67447378e+02,  3.22685273e+02,  4.36730213e+02, -1.84240778e+00,     5.82843408e+01,  4.68591814e+02,  8.36322148e+02, -2.08044345e+02,     3.20372162e+02, -1.43625887e+02, -3.55683881e+02, -2.90015064e+02,    -2.59593935e+02, -1.27184305e+02, -4.31961373e+02, -1.98110800e+02,    -1.17998140e+03,  2.88283580e+02,  1.64253638e+02, -3.14595719e+01,    -3.51668441e+02, -1.90265958e+02, -4.55623005e+02,  9.96969196e+01,     6.97183911e+02, -1.74993955e+02, -1.39051347e+02,  1.85297908e+02,    -4.10379838e+02,  7.34257990e+02,  1.40602260e+02,  1.56449996e+02,     4.37042592e+02,  1.48621460e+01,  4.74756569e+02,  1.39374465e+02,    -7.26854689e+01,  7.89630660e+01, -1.99005701e+01,  5.87367268e+02,     7.72193570e+01,  1.25929983e+02, -7.63888889e+01,  1.13298024e+02,    -7.83308227e+02, -3.15594023e+02, -3.90405254e+02,  4.34078094e+02,    -2.47004934e+02, -5.45106438e+02,  4.98396457e+02, -1.01896937e+02,     3.69884216e+02, -7.74431092e+02,  2.09822320e+02,  6.46529452e+01,     4.99801982e+01, -7.44977026e+01, -5.50616132e+01,  4.18111595e+02,    -1.91867547e+00, -4.19068687e+02, -1.35323280e+02,  2.14076350e+02,    -9.88988402e+02, -7.86597185e+02,  1.21137437e+01,  9.46806212e+01,    -3.68469441e+02, -3.66776739e+01,  9.18364510e+02,  2.78908451e+02,    -4.75171881e+02,  7.97687019e+01, -7.57099454e+01,  8.82448697e+01,    -2.90833735e+02,  1.57265949e+02,  2.40672664e+02, -5.70498001e+01,     9.53942502e+02, -9.01297524e+01, -2.72657908e+02,  1.62202148e+02,     3.49717928e+02, -3.00920131e+02, -2.53430434e+01,  8.12918629e+02,    -2.02981052e+01,  4.99833422e+02,  1.21562036e+02, -8.13796897e+01,    -2.23499171e+02,  4.83082755e+02, -4.66328541e+02, -1.77595611e+01,    -1.27442490e+02, -3.58770857e+02,  1.42822900e+02,  2.02633788e+02,     7.57024454e+01, -1.39329639e+01, -3.28067512e+02,  1.56162424e+02,    -1.47374703e+01, -2.12236423e+02, -1.83441023e+02,  1.67023698e+02,    -4.29297971e+01, -3.10729531e+02, -9.04034221e+02,  7.77479749e+01,     1.98351481e+02, -3.98023995e+02, -1.91048908e+02,  6.99815679e+02,     6.20700730e+01,  2.98818903e+02,  5.56530193e+01,  3.13748525e+02,     4.40084036e+01, -3.34185053e+02, -3.30750035e+01,  7.04732220e+01,     2.36076113e+02,  6.81007928e+02,  4.17469451e+02,  1.86831421e+01,     1.46443884e+02,  5.12171468e+02,  2.22520876e+02, -6.15380195e+02,    -2.27708601e+02,  1.14314203e+02,  7.26023868e+01,  2.23603872e+02,    -4.45927483e+02,  1.08068324e+02,  3.41999392e+02,  4.18420423e+02,    -3.80338422e+02, -4.39656894e+01, -1.93307320e+01, -1.15036036e+02,    -2.81410188e+02, -1.67904210e+02, -2.78320983e+01,  6.83136118e+01,     3.50995571e+02, -2.63738558e+02,  6.79083775e+02,  3.02712187e+02,     2.15045193e+02,  2.82493278e+02,  2.57623406e+02,  2.78756739e+02,     4.58660370e+02, -3.75757409e+02,  5.37264964e+02, -9.45278293e+02,     2.63825106e+02, -9.23126413e+02,  7.15476325e+02,  6.17779263e+02,    -9.86475471e+01, -4.17942321e+02, -3.58765464e+02, -4.88874993e+02,    -5.25760828e+02,  4.89181371e+02,  3.64506410e+02,  2.05587404e+02,     2.69145059e+02,  3.45581082e+02, -3.26587965e+02, -1.71399127e+02,     4.87368727e+02, -1.06024213e+02,  4.49690802e+02,  6.20759733e+02,    -3.66823743e+01, -6.11859724e+02,  1.24439098e+01, -1.15084768e+01,    -8.34480585e+01,  6.59589036e+00, -5.70334497e+02, -1.56478600e+02,     5.02947360e+01,  7.58115202e+01,  4.11101094e+02, -3.39402667e+02,     5.19979681e+02, -3.43313061e+02,  1.88680890e+02,  3.31062616e+02]
bee_TS =[-4.99314860e+02, -3.97737569e+01, -1.15318384e+02,  3.86776866e+02,       -1.82910585e+02, -1.59750873e+02, -3.41620670e+02, -7.60430054e+02,       -3.63679719e+02, -4.06836864e+02, -3.32157571e+02,  4.04425052e+01,        1.19810228e+01,  2.54874989e+01,  2.66892094e+01,  4.02047801e+02,       -1.77222911e+02, -1.55848484e+02,  1.48589352e+02, -9.49116458e+02,        4.99603588e+02, -2.27478430e+02, -4.37812460e+01, -1.02947991e+02,       -4.76949131e+01, -4.91725464e+01,  7.37594897e+02, -1.82390466e+02,       -7.04975279e+01, -4.48332028e+02,  6.58834901e+02, -1.15897545e+02,       -3.32112811e+02,  2.04395487e+02, -3.64954863e+01,  1.66768100e+02,       -2.65143974e+01,  6.09347181e+01,  2.33158046e+02, -8.68103438e+02,        4.62302406e+02,  1.09754768e+02, -5.03046163e+01, -2.87993242e+02,        9.58594815e+01, -1.55360950e+02,  3.74043289e+02,  3.15540520e+02,       -2.34186481e+02, -2.49538331e+02, -2.54152447e+02, -2.89266284e+02,        9.75279730e+01, -4.23878636e+02,  1.17184057e+02,  5.12004432e+02,        5.84511468e+02,  2.97220968e+02,  1.37474210e+02,  2.34391206e+02,        7.65575529e+02,  1.78907242e+02, -4.70259267e+02, -1.05251900e+02,       -2.00939728e+02,  5.20244531e+02, -6.39095709e+02, -5.34073385e+02,       -2.31550066e+02, -8.51169129e+01, -3.73105302e+02,  2.28810797e+02,        8.17764299e+01,  1.12302990e+02, -3.29138703e+02, -2.97244903e+02,       -4.81120221e+02,  3.18805767e+02, -2.79357746e+02,  2.24906677e+02,       -5.64627155e+01, -2.49678168e+02, -4.96715121e+02, -1.47553047e+02,       -9.60765419e+01, -1.35842792e+02,  3.36221364e+02,  6.04687603e+02,       -3.60993866e+02, -6.82796290e+02, -1.69438367e+02,  9.45281397e+02,       -4.87245641e+02,  2.82055639e+02, -9.03554450e+01, -5.29989244e+02,        2.05698712e+02,  3.25294323e+02, -1.48992294e+02,  2.99785292e+02,       -2.27876369e+02, -4.38476897e+02,  7.59739360e+02,  3.95822180e+02,        2.64393562e+02,  1.24837426e+02,  2.09834398e+02,  6.94575288e+02,       -2.12412109e+02,  4.94861307e+01, -1.17768950e+03,  1.56759349e+02,       -5.80757120e+02,  1.23846482e+02,  1.84244771e+02, -2.91329170e+02,       -4.56094156e+02,  5.28679869e+01, -2.50450539e+02,  3.02864496e+02,       -4.33029563e+02, -2.28531665e+01, -3.02535691e+02, -3.58239688e+01,       -2.74070749e+01,  1.44061868e+02,  1.07139306e+01, -5.12136731e+01,        5.16109535e+02,  7.77979034e+02,  4.07024486e+02,  6.64447981e+02,       -1.02364846e+02,  1.14801386e+02,  4.68164957e+02, -7.65045934e+01,       -6.51551367e+02, -3.19489958e+02, -4.27722516e+02, -2.44810307e+02,        2.38174390e+02, -1.00399424e+03, -1.63791571e+02,  3.66401503e+02,       -3.10564143e+02, -3.12509862e+02,  4.61932216e+02,  3.75057796e+02,       -2.94767825e+02,  1.65663873e+02, -2.09206667e+02,  2.96319978e+02,        3.34930085e+01,  1.30183384e+02, -7.39976971e+02, -4.13879325e+02,       -6.59503383e+01,  2.40415666e+00, -3.29985306e+02,  9.08109853e+02,       -1.88994578e+02, -2.85984649e+02,  3.19449943e+02, -4.08225308e+02,       -2.77748350e+02,  2.61183021e+02,  9.36804683e+01,  1.11436721e+02,        1.03260413e+02, -9.54921445e+01,  1.65346507e+02,  4.95960338e+02,       -2.51233156e+02,  1.47345270e+02,  7.74764984e+02,  2.84782805e+02,       -7.43691260e+01, -1.63301665e+02,  1.31106744e+03, -1.49492762e+02,        3.01262434e+02,  1.84954176e+02,  2.92744075e+02,  7.56732691e+02,        4.24136941e+02, -2.47049386e+01,  1.92686692e+02,  4.02017059e+02,        3.30685605e+02, -4.73737676e+02,  7.96740779e+02, -7.09582461e+02,       -1.49919010e+02,  4.89238594e+02,  7.21434593e+01,  5.83328948e+01,        2.66294116e+02,  2.08082370e+02,  3.05125292e+02, -5.43574093e+02,        4.27985893e+01, -2.32821439e+02, -9.25297391e+01, -2.90852003e+01,       -7.58009782e+01, -4.74444362e+01,  6.97357832e+02, -7.26530051e+01,       -2.35890355e+02, -1.94239764e+01,  9.91146145e+01, -5.01267106e+02,       -3.81662045e+02, -3.10360387e+02, -5.36758813e+02, -1.39784219e+02,       -3.53884873e+02,  1.65484055e+02, -9.45806952e+00, -9.06359700e+01,       -7.27666120e+01,  5.53358682e+01, -1.69964504e+02,  5.70514460e+02,       -6.99799302e+02, -1.37631005e+02, -1.33811176e+02,  1.43706235e+02,        1.57046762e+02, -3.93758666e+02, -1.55014586e+02,  3.56141703e+02,       -1.89803961e+02,  1.34705226e+02,  3.14925608e+02, -3.59183147e+01,        9.62506652e+02, -1.74360896e+02, -2.73643945e+02,  5.52835079e+01,       -1.92937875e+02,  4.53202133e+02, -3.06986632e+02,  7.20160597e+01,        5.33109052e+02, -1.11932917e+02,  1.02412228e+03,  1.09365342e+03,       -5.59154618e+02,  4.94581254e+02,  1.42583336e+02, -4.55919949e+02,        1.49189922e+02,  3.09163875e+02,  3.24233309e+02,  2.05605001e+01,        9.98566426e+01,  6.06842727e+02, -1.96207405e+02,  1.39090021e+02,        6.49679235e+02, -3.18801452e+02, -1.27822059e+02,  4.43627430e+02,        2.28331477e+02,  6.48988954e+02,  2.19698571e+02,  5.76568434e+01,        2.23389828e+02,  3.31177236e+02, -4.13129862e+02,  2.91522419e+01,        1.57108468e+02,  1.04860048e+02,  1.86891117e+02, -4.99743006e+02,        2.91572314e+02, -3.78921325e+02, -2.68664017e+02,  1.49356531e+02,       -1.20077326e+02,  4.66230608e+02, -2.05708948e+02,  2.46950533e+02,        2.77239287e+02,  6.77927544e+02,  4.72840595e+02,  4.04463043e+02,       -7.47227309e+01, -5.79292955e+01, -2.69662168e+02,  6.52709314e+02,        6.69521943e+02,  3.18372687e+02, -1.96225208e+02,  4.28262483e+02,       -7.59197596e+01,  1.80559415e+02,  5.30274480e+02,  6.30859811e+00,       -6.58575397e+01, -2.10140633e+02, -4.53023023e+02,  8.25087437e+02,        3.84622858e+02, -4.75955483e+02, -1.31735803e+02,  2.37872460e+02,       -9.00960711e+01,  5.30851839e+02,  1.03187337e+02,  6.77650766e+02,        2.64050773e+02, -2.41268290e+02,  2.10343597e+02, -3.58723988e+01,       -2.70681974e+02,  1.42549842e+02,  1.58969682e+02,  7.72889246e+02,        6.80273800e+02,  4.47436235e+02,  5.92744996e+02,  6.17456026e+01,       -2.33098047e+02,  1.32728331e+02, -2.82733009e+02, -4.31196538e+02,       -4.92672657e+02, -2.32031904e+02, -9.16926685e+02, -2.64428314e+02,       -7.27027654e+02,  1.82612651e+02, -3.91897849e+02,  3.48114343e+02,       -8.14074438e+02, -2.74554522e+02,  4.19447110e+02,  1.91102279e+02,       -7.32740404e+02,  5.28085301e+02, -2.05326815e+02,  4.43681288e+02,       -2.18539070e+02, -6.71376858e+02,  1.03754782e+02, -5.41710158e+02,       -1.14342137e+02,  2.03635001e+00,  3.61455365e+02,  1.06328385e+03,       -3.86371569e+02, -2.96900070e+02, -2.19919668e+00, -1.19652487e+02,       -6.89254196e+02, -4.72802411e+02,  4.20460185e+02, -2.15624970e+02,        1.42896189e+02, -4.14017361e+02, -1.27042548e+02, -3.40537635e+02,        4.54810664e+02,  1.29974594e+02, -1.90304914e+02, -1.14261781e+02,        8.63696620e+01, -7.19454836e+01,  3.70054604e+02, -2.13064792e+02,        4.39455508e+01,  2.91775653e+02,  1.49055366e+02, -1.48970724e+02,        1.31437472e+03,  4.60822028e+02,  2.89408196e+01,  8.89925216e+01,       -5.24308966e+02,  2.62378176e+02, -6.36393813e+02, -2.17613515e+02,       -4.67424171e+02, -1.61899471e+02,  4.70887243e+02, -4.79331856e+02,        1.54628600e+02, -2.34000523e+01,  2.73841067e+01, -3.15926277e+02,       -3.79091757e+02, -2.71963509e+00, -3.62885077e+02, -1.87829859e+02,       -3.47698727e+02, -8.82923556e+01, -3.04692114e+02, -4.36164905e+02,        1.91468164e+02, -1.46504596e+02,  1.79629233e+02,  8.61824794e+01,       -6.23712637e+02, -4.64810603e+02, -3.36800157e+02,  3.02676726e+02,       -8.64599391e+00, -5.37073035e+02,  4.93506044e+02, -3.37478711e+02,        4.64509309e+02, -2.55583854e+02, -4.13483878e+02,  2.25034027e+02,       -5.75374335e+02, -3.29650782e+02,  5.41259581e+02,  1.53305974e+02,       -3.44015401e+02,  4.45931936e+02, -1.45437517e+02, -3.20747503e+02,       -2.60320279e+02, -4.11837930e+02,  2.01088719e+02, -7.69948949e+02,       -7.06892472e+02, -8.17188537e+01, -2.55333523e+02, -4.67250217e+02,        6.11415518e+02,  1.12024145e+03, -2.80271049e+02, -2.70764370e+01,       -5.35911708e+02,  5.60088673e+02,  1.57350343e+02, -1.66728888e+02,       -3.26640226e+02,  1.43302734e+02, -5.16144319e+02, -1.71313604e+02,       -7.53246154e+02,  2.97153252e+02,  1.10982208e+02,  4.76742518e+00,       -5.82688154e+01, -2.90370808e+02, -7.55239721e+01,  1.08319451e+03,       -1.62842016e+02, -3.92314398e+02, -5.75137109e+02,  1.10718454e+02,       -3.04960378e+02,  7.55819345e+01,  2.47976856e+02,  5.67641134e+01,        2.38991944e+02,  1.02245323e+02,  5.05624603e+02,  2.61023018e+02,       -2.87308865e+02,  3.58966568e+02,  2.94413196e+02,  9.45198336e+01,        3.79595320e+02, -2.08451726e+02,  6.17231544e+02,  1.56945023e+02,       -2.55843524e+02, -4.94423753e+01, -1.62252962e+02,  2.03894592e+02,       -2.23438839e+02, -2.54845778e+01, -9.21819269e+01,  7.04043219e+02,        4.54873491e+02, -5.72808061e+02, -3.55953478e+01, -4.58059111e+02,       -1.49169192e+02, -1.92777943e+02,  6.32754295e+01, -1.21246949e+01,       -2.20284929e+02,  1.07492251e+02, -5.94427294e+01, -8.95644317e+01,        7.36005385e+02,  1.53424909e+02, -6.87539728e+02, -3.75864962e+02,        7.83298885e+02,  2.32984174e+02, -7.24354060e+01,  9.02813927e+02,       -1.57012269e+02, -9.58791400e+01, -4.98745067e+01,  1.14950370e+02,        2.41597804e+02,  3.45293061e+01,  2.27544650e+02, -1.34030530e+02,       -2.64040880e+02, -3.67449174e+02, -4.07217030e+02,  3.80978702e+02,        1.07398971e+02,  3.21037905e+02,  1.17559620e+02,  7.51657953e+02,        1.49176479e+02, -6.94487005e+02, -2.91452854e+02,  8.39040621e+01,       -2.35734813e+02,  5.27177547e+02, -1.06965871e+02,  1.56171362e+02,        4.23100927e+02, -6.23283707e+02,  1.26118102e+03,  1.64307666e+02,        2.01520984e+02,  2.97465836e+02,  6.87322139e+01, -5.88420578e+00,        3.06399072e+02, -3.01814511e+02,  6.94066896e+02,  5.98503741e+02,       -3.51719007e+02,  1.27153106e+02,  5.89547716e+02, -1.83634418e+02,        1.35017753e+02,  3.62623121e+02,  3.61835608e+02, -6.65477411e+02,       -1.17750570e+02, -2.97752187e+02, -2.67698454e+01, -3.55105333e+01,       -2.21009678e+01, -1.38101584e+02, -2.49849616e+02,  7.01656086e+01,        8.64079361e+01,  4.53691416e+02, -3.57405450e+02,  3.27987957e+02,        3.79852834e+02, -1.41648604e+02,  7.51805039e+02, -5.79166702e+02,       -8.93519663e+02, -5.62540553e+01, -7.16939441e+01, -2.38167359e-01,        6.68313060e+02, -6.18013905e+01,  3.44464595e+02,  4.06283178e+02,        3.21663571e+02, -8.98548396e+01,  5.35880918e+02, -1.35044426e+02,       -2.74534270e+02, -3.92711153e+02,  4.58024874e+01,  3.26486428e+02,       -4.26709982e+01,  3.24740780e+02, -2.54366550e+01,  5.41811386e+02,        1.69090191e+02,  7.50147874e+01, -4.63538991e+01,  2.87411297e+02,        3.19589615e+02,  1.68550735e+02, -6.59673542e+00, -4.54597569e+02,        2.54863248e+02,  1.67546824e+02,  3.12846981e+02,  2.62956738e+02,        2.99117762e+02, -5.00656021e+01,  2.29849624e+02, -2.07807282e+02,       -9.34735052e+00, -4.71098432e+02, -2.63355256e+02,  3.31672083e+02,       -7.66760189e+02,  2.48905013e+02,  1.44235563e+02,  7.00717382e+02,       -2.20374504e+02,  2.58208564e+02, -9.82712409e+01, -4.09316610e+02,       -6.09068428e+02, -6.90011908e+01, -7.44464492e+02,  1.35865512e+02,       -1.74849694e+02,  2.53202035e+02,  1.72681774e+02, -2.17036581e+02,       -2.12285510e+02,  3.26623394e+02, -5.07810735e+02, -1.03463588e+02,       -1.75966871e+02,  1.99211657e+02, -4.44000134e+01,  4.87198003e+01,       -1.82889871e+02,  4.81263211e+02, -4.03070023e+02,  8.21357921e+01,        5.08850137e+02, -2.90316878e+02,  1.55717495e+01, -3.10112695e+01,       -5.80556306e+02, -3.92728684e+02, -6.77111232e+01,  2.23454508e+02,        2.71840192e+02,  4.11068815e+01, -6.89053143e+01,  1.87536777e+02,       -3.81925741e+02,  1.55559682e+00, -4.25949834e+02, -2.31657332e+02,        3.97428117e+02, -2.48569285e+02,  5.42817683e+02, -1.80224618e+02,        2.97462287e+02,  2.16371257e+02, -5.26382685e+02, -2.41311639e+02,        7.17756337e+01, -3.37104643e+02, -2.96099919e+02, -7.33103890e+02,       -4.71262911e+02, -4.42114760e+02, -3.63957888e+02,  1.96208505e+01,        1.11362500e+02,  8.41361057e+00,  1.77134420e+02, -4.82274902e+02,        1.23006033e+02,  1.75917862e+02, -5.62013815e+02, -5.44263046e+02,       -3.47714112e+02, -1.97628007e+02,  1.65188452e+02,  7.30325008e+00,       -3.76104570e+02,  3.01079729e+02, -1.68884735e+02,  4.22476960e+02,       -7.54842602e+02,  5.09752849e+02, -3.12989323e+01, -3.10034002e+02,       -2.21489503e+02,  2.71484873e+01,  3.59358296e+02, -6.37905412e+02,       -1.19495133e+02, -1.73616641e+02,  4.14692815e+02,  7.09921827e+02,       -8.21124227e+02,  7.90239289e+02,  3.85556904e+02, -6.31083884e+02,       -2.98062441e+02,  6.44946833e+02,  5.10887925e+02, -1.52250668e+02,       -3.03160414e+01,  8.92632762e+01,  5.99454163e+02, -4.46323094e+02,        1.38095919e+02, -6.44162922e+01,  2.57334496e+02, -6.25804205e+02,       -6.41483679e+01, -2.84701801e+02,  4.00025585e+02,  3.61054096e+02,       -7.24673458e+02, -4.19103072e+02, -1.92228136e+02, -3.29119561e+02,       -1.23954727e+02, -1.95436256e+02,  3.62658956e+02,  3.51693152e+02,       -5.00149638e+01, -3.90894351e+02, -7.06419852e+02,  3.67615243e+02,       -4.29339441e+02, -2.65929135e+02,  4.05980921e+01, -2.91687037e+02,       -3.52557731e+02, -2.18794337e+02, -3.57621626e+02, -2.27248175e+02,       -4.31662013e+02,  4.93155341e+02,  5.46984630e+02, -2.83636172e+01,       -2.02128938e+02, -1.35716532e+01,  3.60133563e+02, -7.46649414e+02,       -1.77021304e+02,  4.22752977e+02,  5.68478487e+02, -1.56052562e+02,        9.65084238e+01,  4.64722580e+02,  1.31997718e+02, -5.58521124e+01,       -3.74994276e+02,  1.91447243e+02, -3.04233988e+02, -1.35873358e+02,       -1.64094251e+02, -1.58716758e+02,  1.68322832e+02,  6.61098973e+02,        6.77958335e+00,  3.44548184e+01, -7.68614599e+02, -1.47929331e+02,       -3.21292586e+02,  3.97335071e+01, -3.57511219e+02,  6.66230349e+02,        6.89761987e+02,  1.24844598e+02, -1.27052881e+02,  1.22498410e+02,        2.15361621e+02, -4.05490856e+02, -6.52668234e+01,  1.18923654e+02,        1.17332854e+02,  4.81560136e+02,  3.82497552e+02, -1.77161381e+02,        2.40471894e+02, -8.20256833e+02, -3.69480009e+01,  7.23192263e+02,        8.15372095e+01, -6.75273190e+00,  2.82872350e+02, -2.46015721e+02,        7.86827692e+02, -1.04957237e+02,  7.21746027e+02,  3.15051519e+02,       -3.25710516e+02,  2.59846486e+02, -2.61606435e+02, -5.84246479e+02,       -3.37355336e+01, -4.81188406e+02, -4.53620296e+02, -4.50692442e+01,        2.73763038e+02, -4.86240279e+01, -2.85737686e+02,  6.40640481e+01,       -6.18888973e+02, -7.88635536e+01, -7.03633706e+02,  4.42878394e+02,       -1.16265312e+01, -4.36626791e+02, -1.61191422e+02,  1.46639136e+02,       -2.73791563e+02, -4.01386595e+02,  7.66924791e+02, -1.90539235e+02,       -3.77681588e+02,  2.14187639e+02, -1.01375789e+02,  4.36382687e+02,       -1.48882133e+01,  7.31634319e+01,  8.67601717e+02, -1.52438890e+02,       -2.97786406e+02, -3.18939894e+02, -4.52470142e+02, -2.80797715e+02,        2.42269178e+02,  1.79152139e+02,  1.80886286e+02,  6.37996219e+02,        2.00318899e+01,  1.42561998e+02, -5.65680433e+02,  2.10915604e+01,       -1.98699430e+02, -2.27386509e+02,  1.42436881e+01,  3.00095459e+02,        3.27057472e+02,  6.69379739e+00,  7.98590811e+01,  2.51424139e+02,        3.18501309e+02, -2.05076314e+02, -1.12255061e+02,  1.44738123e+01,       -1.99940718e+02, -6.70426708e+01, -2.32382196e+02,  6.46260946e+02,        5.54641264e+02, -1.08177638e+02,  1.03579709e+02, -2.04273636e+01,       -2.04059765e+02,  2.85994236e+02, -7.50984564e+01,  3.33539781e+02,       -4.59382966e+02,  1.60965410e+02, -9.44959586e+01, -4.65481238e+02,       -2.15307115e+02,  2.33314702e+02, -7.31941761e+02,  3.61115503e+02,        4.20996889e+02, -6.15085642e+01, -4.32164736e+01, -2.73260425e+01,        2.08755933e+02, -2.81191357e+02,  3.11290745e+02,  2.42772851e+02,       -8.92677519e+02, -2.82140091e+02,  1.93457002e+02, -7.88728080e+01,        3.28024899e+02, -5.26736089e+02, -4.00091459e+00, -3.54676368e+02,       -1.05752279e+03,  6.41476227e+02, -5.08463063e+02, -4.92473562e+02,        7.55754037e+01,  1.09582354e+03,  5.90280310e-03, -1.84992282e+02,       -1.81410830e+01, -6.13614400e+01, -7.57268050e+02, -5.29389589e+02,        6.65587767e+02, -4.39611725e+01, -3.38031770e+02,  4.29993018e+02,       -2.95408424e+02,  3.38628430e+02,  4.65318584e+02, -5.26792367e+02,       -2.20470782e+02, -2.94711547e+02, -1.28647153e+02, -1.65827799e+02,       -5.79010319e+01,  1.16992842e+02, -2.87563585e+02,  2.53911853e+02,        5.10587305e+02, -1.37467127e+02, -1.52221280e+02,  1.18388021e+02,        4.90457130e+02,  4.16432355e+02,  3.19855774e+01, -1.46666993e+01,       -4.67543265e+01, -4.35277734e+02,  3.23482233e+02, -2.05551438e+02,        1.69829589e+02, -1.34276808e+02,  2.48280139e+02,  1.50201027e+02,       -6.74493472e+02, -2.37585817e+02, -6.75386503e+02, -2.77949728e+02,        6.45115760e+01, -1.47183062e+02,  2.55754420e+02, -2.46953001e+02,        1.60039252e+01,  8.98012786e+01,  6.36941891e+02,  3.20030356e+02,       -2.32123127e+02,  1.76043546e+01,  9.53569660e+01,  3.41340178e+02,       -5.26246544e+00,  4.33102701e+02,  2.07619351e+02,  7.62892758e+02,        2.14226650e+01,  5.84728900e+02, -2.23217603e+02, -3.29486201e+02,        7.05359139e+01,  6.41420747e+01,  2.60708169e+02, -5.52066309e+01,       -1.36384137e+02,  2.22447804e+02, -3.92344422e+02, -4.43427815e+02,        6.57226988e+02, -5.01023450e+01, -3.66156270e+02, -4.00693392e+00,       -1.21085324e+02,  3.00309941e+02,  2.82759329e+02, -1.67166192e+02,        9.55404171e+00, -2.31389365e+02, -2.79246713e+02, -2.44454299e+02,       -8.18788347e+02, -2.86637744e+01, -5.51463647e+02, -4.71409807e+02,       -3.36774906e+02,  1.50364411e+02, -3.22033921e+02,  1.87719170e+02,       -4.83298580e+02,  9.38046598e+00, -3.48307466e+02,  6.39823649e+01,        1.01523863e+02,  2.48684709e+02, -1.68847160e+02, -1.25887824e+02,        2.22802136e+02,  5.14636761e+02,  2.78831397e+02,  6.64723690e+01,       -5.83765471e+02, -1.18849713e+02, -2.64033542e+02, -5.19440421e+02,        3.53793356e+02, -2.95832751e+02, -3.73886826e+01, -1.96497218e+02,       -8.67367841e+02,  4.26770638e+02, -1.43179619e+02,  3.52493390e+02,       -5.93982192e+02,  5.61123272e+02,  3.66619975e+01, -2.66555511e+02,        3.99248168e+01, -1.99801089e+02, -5.83863521e+02,  1.20893654e+02,        2.40623407e+02,  2.77862688e+01, -3.09784158e+02, -1.11637498e+02,        1.39303444e+02,  2.50428387e+02,  5.48988765e+02,  2.17282867e+02,       -2.01484737e+02,  7.56436017e+02,  2.46561826e+02,  3.34527726e+02,       -1.44725990e+02,  2.27550452e+02,  1.48791654e+02, -5.27386561e+02,       -1.60603574e+02, -3.37227412e+02, -2.68026408e+02, -8.90930087e+01,       -1.50623362e+02, -3.18549247e+02, -9.71762075e+02, -2.60681846e+02,        1.31935907e+02,  8.73441897e+01,  8.01491428e+01,  4.24175027e+02,        1.59056017e+02,  2.73717537e+02, -3.62004619e+02,  3.95092252e+02,       -4.21878788e+02, -6.55000399e+02,  1.64947757e+02, -3.45619336e+02,       -3.58936917e+02, -1.34841844e+03, -1.01998337e+02,  6.84130054e+02,        3.98451944e+02, -8.69358682e+01, -1.02497436e+02,  2.52824087e+02,        5.83022469e+02, -3.45105219e+02, -8.18834007e+01, -2.71833491e+02,       -3.06951089e+02, -2.91680575e+02,  1.36191870e+02,  6.12206907e+02,       -5.62847215e+02, -4.53353423e+02,  2.10271018e+01, -7.38830995e+01,       -1.21025866e+02, -7.96144983e+02,  4.84424139e+02,  2.15059925e+02,        7.71420670e+01,  4.13959736e+02, -2.59327135e+02,  2.53549169e+02,        2.30887229e+02,  4.55939157e+01, -3.99812748e+01,  1.04586679e+02,       -1.39040983e+02,  4.02393197e+02, -3.73051301e+02,  3.59791795e+02,        8.00106873e+01,  9.58985925e+01,  2.01485584e+02, -7.36641105e+02,        5.50770180e+01, -5.47560794e+02, -4.32567758e+02, -4.19809106e+02,       -3.85085474e+02,  1.11424082e+01,  1.11237078e+02,  4.12641243e+02,        8.24462190e+01,  1.17921215e+02, -6.07939022e+02, -2.14213781e+02,        2.81345328e+02,  1.10642459e+01,  1.60276577e+01, -6.97259022e+01,        3.13447949e+02, -7.79968458e+02,  8.98702776e+01,  2.01720383e+02,        3.89249358e+02,  3.32907425e+02, -4.85627763e+02,  6.49597083e+01,        3.66159609e+01,  3.80447798e+01,  1.68324919e+01, -1.65894234e+02,       -2.69206295e+02,  1.34849616e+02,  5.35072242e+02, -7.58580461e+01,        8.18863135e+01,  1.52454029e+02, -2.11856141e+02, -2.09978702e+02,       -9.88253662e+02, -3.28123048e+02, -4.34417035e+02, -6.44623944e+01,       -5.42770955e+02,  6.41380707e+02, -2.51908200e+02, -4.51172203e+02,       -1.33674847e+03,  5.59493994e+02,  1.17453109e+02, -1.25358016e+01,       -5.24386998e+02,  9.03136057e+01, -1.48362427e+02, -2.78129174e+02,        1.00614418e+02,  2.73604084e+02,  6.77684820e+01, -1.47911048e+02,       -2.80727396e+01,  7.20260110e+00,  1.63615192e+02, -5.19920687e+02,        5.97266996e+02, -3.57798086e+02, -2.31290096e+02, -3.59422838e+02,       -8.29280745e+02,  8.11914440e+01, -4.07495237e+02, -1.87697570e+02,        2.90840488e+02, -2.06101467e+02,  4.75626110e+00, -8.44068897e+01,       -2.18615022e+02,  1.43208800e+01,  4.53803515e+02, -4.43351565e+02,        7.86082037e+02, -1.68577160e+02,  2.89378728e+02, -6.70503614e+01,        1.27933192e+02, -1.00199321e+02,  3.99311362e+02,  5.34046380e+02,        1.70189914e+02,  4.67946506e+02, -3.31983721e+02, -2.75890476e+01,       -1.94417126e+02,  5.81573502e+02,  4.92207629e+02,  3.77282421e+02,       -1.27477209e+02, -2.58192114e+02,  2.29638678e+02, -2.20250106e+02,       -1.17494759e+02, -6.18489949e+01, -2.22037037e+02,  4.37223348e+02,       -4.93125887e+01,  3.37295517e+02,  1.20412498e+02,  1.44777346e+02,       -2.91317557e+02,  2.75937109e+02, -1.55075883e+02, -1.11863902e+02,       -2.57062900e+01, -4.33316822e+02,  6.53949846e+02, -2.40699779e+02,       -3.49894226e+01,  1.69835744e+02,  1.45413570e+02,  6.02839857e+02,       -1.40931335e+02,  6.54379314e+02,  5.94572630e+02, -8.28790298e+02,        7.40947685e+01, -1.74174115e+02,  1.24645713e+02,  7.38918732e+01,        1.50246868e+02,  5.14450207e+02,  7.89919026e+02, -6.68479076e+02,        6.53187810e+02, -7.86994449e+02, -6.55759585e+02, -1.05185315e+02,       -9.67473524e+00,  5.99373407e+02,  3.29103943e+02, -1.55389081e+02,       -7.89907897e+02,  6.00226041e+02, -3.83488610e+02, -8.78805449e+00,       -4.28021045e+01,  1.05693738e+03, -2.41529115e+02, -8.97845118e+02,        2.63609248e+02, -1.37959590e+03,  9.46882837e+01, -3.04188506e+02,       -1.54501331e+02, -2.32577267e+02, -4.99744790e+02,  3.49388708e+02,       -3.08528077e+02, -7.88101711e+01, -6.67514012e+02, -5.72514150e+01,       -4.08064896e+02, -6.34436150e+02, -1.04388059e+03,  8.60324023e+01,       -2.75020825e+02, -6.79359776e+00, -1.15216949e+02, -6.74876752e+02,       -5.38865862e+02, -4.50060138e+02, -4.54205255e+02,  4.67329607e+02,        7.92063696e+01, -4.07610362e+02, -1.55278880e+02, -1.91008471e+02,        3.16722650e+02, -2.84458005e+02, -1.04441934e+02, -1.91307616e+02,       -3.05559327e+02, -3.19358597e+02,  3.26223325e+02, -1.49056926e+02,       -7.75991135e+02,  6.56411626e+02,  3.99979013e+02,  5.20523640e+01,       -6.16954727e+02, -6.43955184e+02,  9.26688029e+01,  1.14247468e+01,       -2.54075453e+02, -4.14435153e+02,  3.02097549e+02, -6.74127028e+01,        2.33058970e+02,  4.20857494e+02,  2.87135118e+02,  3.00687077e+02,        2.17442031e+02, -1.73427082e+02, -1.06613173e+02, -1.87623820e+02,       -2.97222256e+02, -3.89802494e+02, -5.51208133e+02, -3.33101722e+02,       -6.82898359e+01, -6.78197598e+02, -7.42664478e+01,  2.77742417e+02,       -6.09838122e+02,  2.11286645e+02,  1.85031628e+02, -6.00243491e+02,       -4.83585947e+02, -1.33353620e+02,  1.80264721e+02, -3.37593208e+02,        5.96276824e+02,  5.35126249e+02, -6.38317356e+02,  4.30269619e+02,        3.01634696e+02,  6.43800020e+01,  2.14837181e+02, -3.63011508e+02,       -1.21601171e+02,  4.67322567e+01,  1.50739536e+02,  3.84904327e+02,       -4.30873615e+02, -3.68247780e+01,  1.50150740e+02, -1.25095307e+01,       -2.25158101e+02,  1.67568543e+02, -2.26581620e+02, -1.71677812e+02,        3.17762521e+01, -5.09745888e+02,  3.08643850e+01, -1.99015887e+02,       -1.07356923e+02,  5.29071928e+00, -4.82669078e+02,  4.79920375e+02,       -2.28399327e+02, -1.09947408e+03, -7.18553539e+02,  3.32040032e+02,       -3.02663430e+02, -1.45344422e+02, -2.47677276e+02, -1.41172513e+02,       -8.49078587e+02, -9.42033970e+01, -5.44016118e+02, -2.83925443e+02,        2.18706216e+02,  6.31537006e+02, -3.08689247e+00, -2.66363873e+01,        4.95202384e+02, -4.30431690e+02,  3.03995018e+02,  7.84505192e+01,       -3.53913105e+02, -1.53265751e+02,  2.08689504e+02,  1.58290123e+01,        8.32908566e+01,  9.67925386e+01, -2.00138296e+02, -2.36324983e+02,       -4.48013638e+02,  4.25434803e+02, -5.38886900e+02, -3.95678621e+02,        8.07010277e+01, -7.58875606e+02,  1.63692459e+02,  5.32619150e+02,       -4.06581474e+01,  5.94225003e+01, -2.11063372e+02, -1.73366744e+02,        8.73337137e+01,  3.18035938e+02, -3.43171829e+02,  2.61966947e+02,       -9.31237603e+01, -3.27779237e+01,  2.28439977e+02,  1.62317047e+02,       -7.66290863e+01, -3.02116150e+00,  2.06771967e+02,  2.37554360e+02,       -6.08721314e+02,  5.54796344e+01,  4.57321466e+02, -8.24279601e+02,        2.75341859e+02, -1.01160528e+03, -7.89251799e+01, -1.25804287e+02,       -7.12115344e+01, -7.62110403e+01, -2.19518774e+02, -3.12162595e+01,        1.39601145e+02, -2.04953890e+02,  1.19665186e+02,  7.35956414e+02,       -5.44439779e+02, -2.26272226e+02,  3.09976335e+02,  2.09992597e+02,        3.51297829e+02,  1.39298142e+02,  2.39753957e+02, -1.58353580e+02,       -4.14930945e+02, -3.60207601e+02, -1.76661855e+02,  6.53497589e+00,       -3.56005755e+02, -1.29306437e+02,  5.62345514e+01,  1.96459622e+02,       -8.47921483e+01,  4.76319460e+02, -4.30221943e+02, -4.39989148e+01,       -2.29204145e+01,  2.36555583e+02, -3.44234137e+02, -2.16744954e+02,        2.32006583e+02,  4.22624751e+02,  5.91780336e+02,  2.97231488e+02,        3.49918797e+02, -2.51869635e+02,  5.29120793e+02,  5.71666147e+02,       -5.37522076e+01,  3.33108315e+02,  3.21911016e+02, -2.15694280e+02,        1.44172964e+01,  5.19358098e+02, -2.35393425e+02, -1.04735596e+02,       -5.12482387e+02,  2.27607877e+02, -6.41946470e+01,  1.49332709e+02,        8.11062894e+01, -3.53163363e+02,  3.88536390e+02,  3.44821517e+02,       -2.01192885e+02,  1.56391473e+02, -4.86307984e+02, -4.36937698e+02,        1.98235052e+02, -5.84355063e+02, -2.28355868e+02,  8.14542602e+01,        6.83824751e+02, -2.06095756e+02, -8.83668138e+01, -1.24809398e+02,        9.70575401e+02,  1.20238073e+02, -3.67690240e+02,  5.79366039e+02,        5.33214392e+02,  2.54812547e+02,  6.17956890e+02,  6.85041199e+02,       -8.85943998e+01, -2.53525145e+02, -2.74813445e+02,  2.27549715e+02,        3.20158902e+02, -4.18354071e+01, -1.74791595e+02, -5.20987008e+02,       -2.54918513e+02, -3.74221169e+02,  2.49875030e+02,  1.27456787e+02,        5.29814560e+02,  4.81675385e+01, -2.11811409e+02, -6.64082013e+01,        3.38300004e+02,  1.10352948e+02,  4.31134750e+02,  4.85457029e+02,       -1.16777501e+02, -7.68202632e+01, -8.17348848e+02,  4.51206571e+02,       -4.50136103e+01,  4.24423550e+02, -1.54822482e+02, -4.93108188e+02,        1.67426072e+02,  5.85432150e+02, -2.07583435e+02,  5.77188720e+02,       -6.10323575e+02, -1.89719215e+02, -6.60107838e+02,  1.86303735e+02,        9.64881291e+01,  7.64189430e+00, -5.05354151e+02,  7.40613763e+02,        4.44733618e+02,  6.86888188e+01, -3.87843166e+02,  1.84277975e+02,       -2.29834554e+02, -7.40045725e+01, -1.84537114e+02,  1.75888305e+02,       -8.55034434e+01, -1.72330734e+02,  1.61798020e+02,  2.21739499e+02,       -7.18296118e+02,  1.63942185e+02,  5.64880648e+02,  3.53233561e+02,       -1.10925790e+02,  2.87022255e+01, -3.02168042e+02,  4.96955425e+02,        1.47739513e+02, -5.66465553e+01, -5.84237812e+01,  9.17703264e+02,        6.01109223e+00,  2.60845023e+02,  6.09161927e+02,  8.20995780e+02,        5.38393877e+02,  3.56276073e+02, -5.35502403e+02, -3.64799294e+02,        2.91142226e+02,  1.45794004e+01,  2.72015308e+02,  1.55409372e+02,        4.93736122e+02, -6.51470941e+02, -4.12194895e+02, -5.38100773e+01,       -7.28123025e+02,  1.64823922e+02,  3.31599190e+02,  1.16975528e+02,       -1.91194558e+02,  1.98660334e+02,  1.19608496e+03,  2.18303546e+02,        1.27695069e+02, -4.11777896e+02, -5.56378252e+02, -1.31591908e+02,        2.62057334e+02, -4.41801172e+01,  1.76799850e+02,  2.95820837e+02,       -5.02563260e+02,  2.08723403e+02,  4.40286066e+02,  4.92470187e+02,       -4.68536277e+01,  9.96027704e+00, -7.83260867e+01, -4.24865622e+02,       -5.59124913e+02,  7.01955137e+02, -5.64651264e+01, -4.97821265e+02,        1.84564789e+01, -1.92489465e+02,  7.68369019e+02, -2.01421981e+02,       -2.89465187e+02,  2.62367199e+02, -1.22831883e+02,  3.64609998e+02,       -4.69299269e+01,  8.45620499e+02,  4.22937377e+02, -1.01953986e+01,       -3.03384017e+02,  2.08468974e+02, -4.66219194e+02, -9.79369526e+01,        5.11403434e+02, -2.35960124e+02, -3.96848290e+02, -1.86810252e+02,        4.36104162e+02,  1.22751276e+02, -6.97494394e+02,  2.57392032e+02,        1.26143956e+02,  5.81208909e+01, -4.30081815e+02,  1.44178282e+01,        2.95042020e+02,  4.29174653e+02,  5.38507563e+02,  2.19146082e+02,        3.43975263e+01, -4.27073577e+02, -4.02220101e+02, -6.25218016e+02,       -7.79673957e+01,  2.65601598e+02, -2.07206223e+01,  4.50099067e+02,       -2.66614658e+02,  1.53768695e+02, -1.00956893e+02, -2.50917349e+02,        4.98054736e+02,  6.43316194e+01,  5.16216883e+02,  2.51595555e+01,        2.09278153e+02, -1.67572443e+02,  5.26530469e+02, -1.02015685e+02,       -3.02779667e+00, -6.57123344e+02, -9.08637701e+01,  6.12108347e+02,        5.59410708e+02,  2.22290583e+02, -1.26897518e+02,  3.24260353e+01,       -1.48971645e+02, -4.87823310e+01,  7.56761258e+02,  1.48341812e+01,       -1.99741321e+02, -9.27840138e+02, -4.55388249e+02, -3.16493658e+02,       -5.64200609e+02, -4.72309370e+02, -5.97493084e+02, -3.90545348e+02,       -3.19717027e+02, -4.04243564e+02,  4.01149804e+02, -2.13410367e+02,       -8.14084407e+02,  3.35698072e+02, -2.43258539e+02, -6.91227285e+02,        8.15827867e+02, -2.02620167e+02,  1.65963153e+02,  3.42841718e+02,        8.20705089e+00,  2.19412654e+02,  7.28997781e+00, -1.28625190e+01,       -1.15416846e+02, -6.10330389e+02,  8.92130818e+01, -1.09669495e+03,        5.50415480e+02, -3.68639632e+02, -1.16230541e+02, -1.49670183e+02,        8.81084452e+01, -1.57892178e+02,  2.40838092e+02, -4.52409374e+02,        3.19149115e+02,  3.30007032e+02,  1.29785391e+02,  8.32516505e+01,        1.67575275e+02,  6.27857221e+01,  2.54388478e+02, -8.08038855e+01,       -5.27683602e+02,  8.28054471e+01, -1.94370271e+02, -3.88515760e+01,        4.19996772e+02, -6.82736081e+02,  8.96458092e+00,  1.18670496e+01,        7.24357630e+01,  2.80006725e+02, -1.16123708e+02,  7.07350655e+02,        4.07497996e+02, -1.47564896e+02, -8.88673706e+01,  1.62275975e+01,        6.56028050e+02, -4.69185572e+02, -8.77230167e+02,  2.43737929e+02,       -1.02953307e+02, -1.06692765e+02,  1.42176702e+02,  6.59551229e+02,        4.02009314e+02, -1.48546483e+02, -4.25006557e+02, -5.05510027e+01,        2.47722935e+02, -1.11009048e+02, -6.26903449e+02, -2.40428263e+01,       -7.83616832e+02, -4.11022642e+02,  6.71202324e+02, -4.32724814e+02,       -5.61216094e+02, -4.38631000e+02, -2.98168093e+02,  2.82713004e+02,        6.95575143e+02, -4.33612248e+01,  2.31851969e+02, -1.52094971e+02,       -5.88281925e+02,  3.94207930e+02, -3.85038037e+02,  2.38521797e+02,        3.06037497e+02, -6.31882059e+01,  3.47913883e+02,  3.69620400e+02,        9.07775106e+02, -1.25816234e+02, -3.89177296e+02, -5.37987988e+02,       -1.27892596e+02, -2.19495673e+02,  8.56151206e+02, -3.73610421e+02,        8.58773937e+01,  6.23080376e+01, -2.20911375e+02, -6.85687420e+02,       -5.46787361e+01,  8.25111111e+02,  9.24925064e+01,  5.93872987e+01,       -4.52896638e+02, -5.12095228e+02, -8.28796011e+01,  4.08487397e+02,       -1.89161988e+02,  8.99382405e+02, -3.71238503e+02,  1.43907287e+02,       -1.74246569e+02, -5.78449192e+02,  2.58437586e+01, -4.31039870e+02,       -6.29201191e+02,  7.03720830e+01,  1.96666545e+01,  4.37240344e+02,        1.77605468e+02, -2.85897470e+02,  1.90675517e+02, -6.97981598e+02,       -4.46766009e+02,  7.65594399e+02,  1.09988093e+02, -1.18845468e+02,       -2.72953122e+02, -4.00653564e+01, -6.62177827e+01,  7.19586207e+02,        3.46216093e+02, -1.24134528e+02, -5.82718474e+01, -3.40272134e+02,       -1.72242837e+02, -5.68467693e+02,  4.05453020e+02,  6.38495280e+01,        1.16673578e+02,  1.28760330e+02, -4.67546400e+01, -1.54870111e+02,       -4.20317799e+00, -8.99180875e+02, -1.61341078e+02, -6.87754749e+01,       -7.75466311e+01,  4.63084345e+02,  5.34332366e+02,  1.36506186e+02,       -8.09622698e+02,  5.40592771e+02, -1.68507021e+02, -3.26567170e+02,       -7.38309037e+02, -2.75698624e+02,  4.99537364e+02,  2.31713769e+02,        5.94596026e+01,  2.59767048e+02, -4.93143136e+02, -3.75796229e+02,        4.67485827e+02,  3.22646042e+02,  4.36707780e+02, -1.70974038e+00,        5.83965262e+01,  4.68469376e+02,  8.36218194e+02, -2.08021608e+02,        3.20387575e+02, -1.43603988e+02, -3.55603099e+02, -2.90035855e+02,       -2.59569145e+02, -1.27162120e+02, -4.31927231e+02, -1.98063569e+02,       -1.17981836e+03,  2.88231018e+02,  1.64281502e+02, -3.14351304e+01,       -3.51670097e+02, -1.90250174e+02, -4.55644896e+02,  9.96831726e+01,        6.97095314e+02, -1.74879363e+02, -1.39122073e+02,  1.85397298e+02,       -4.10329024e+02,  7.34135692e+02,  1.40596809e+02,  1.56306815e+02,        4.37054473e+02,  1.47849152e+01,  4.74709784e+02,  1.39407733e+02,       -7.27016812e+01,  7.90467579e+01, -2.00044658e+01,  5.87285158e+02,        7.71989924e+01,  1.25929816e+02, -7.63956178e+01,  1.13197081e+02,       -7.83171708e+02, -3.15576338e+02, -3.90331240e+02,  4.34008401e+02,       -2.47002991e+02, -5.44921816e+02,  4.98402933e+02, -1.01835226e+02,        3.69887023e+02, -7.74287415e+02,  2.09865833e+02,  6.46233515e+01,        5.00472620e+01, -7.44735871e+01, -5.51049916e+01,  4.17932389e+02,       -1.97196034e+00, -4.19103730e+02, -1.35350117e+02,  2.13988081e+02,       -9.88856064e+02, -7.86549815e+02,  1.20872265e+01,  9.47095879e+01,       -3.68506265e+02, -3.66491619e+01,  9.18214614e+02,  2.78876083e+02,       -4.75133710e+02,  7.97260696e+01, -7.56746915e+01,  8.82650035e+01,       -2.90904340e+02,  1.57250569e+02,  2.40670478e+02, -5.70518763e+01,        9.53845963e+02, -9.00365831e+01, -2.72569554e+02,  1.62200350e+02,        3.49582373e+02, -3.00850713e+02, -2.53850078e+01,  8.12833215e+02,       -2.01504270e+01,  4.99754252e+02,  1.21601645e+02, -8.13828067e+01,       -2.23480693e+02,  4.83011624e+02, -4.66216779e+02, -1.77198885e+01,       -1.27412003e+02, -3.58735617e+02,  1.42839704e+02,  2.02657495e+02,        7.56910373e+01, -1.39958102e+01, -3.28136535e+02,  1.56138245e+02,       -1.47112224e+01, -2.12190780e+02, -1.83434272e+02,  1.66917016e+02,       -4.29850267e+01, -3.10699756e+02, -9.03942039e+02,  7.77732612e+01,        1.98290867e+02, -3.97969182e+02, -1.91046820e+02,  6.99787839e+02,        6.20723129e+01,  2.98900800e+02,  5.57245550e+01,  3.13708193e+02,        4.39882166e+01, -3.34169301e+02, -3.30739091e+01,  7.05176144e+01,        2.36015180e+02,  6.80890165e+02,  4.17362850e+02,  1.86511249e+01,        1.46430983e+02,  5.12151007e+02,  2.22526520e+02, -6.15298900e+02,       -2.27578350e+02,  1.14296565e+02,  7.26174222e+01,  2.23653840e+02,       -4.45820228e+02,  1.08009062e+02,  3.42001064e+02,  4.18349450e+02,       -3.80304233e+02, -4.39913833e+01, -1.93623424e+01, -1.15017715e+02,       -2.81374920e+02, -1.67908358e+02, -2.78891231e+01,  6.82844693e+01,        3.50951533e+02, -2.63767539e+02,  6.79052751e+02,  3.02738549e+02,        2.15093523e+02,  2.82486372e+02,  2.57554547e+02,  2.78776546e+02,        4.58602342e+02, -3.75713641e+02,  5.37217492e+02, -9.45175478e+02,        2.63734663e+02, -9.22980270e+02,  7.15349834e+02,  6.17744576e+02,       -9.86339213e+01, -4.17805155e+02, -3.58708743e+02, -4.88813602e+02,       -5.25752057e+02,  4.89148212e+02,  3.64508584e+02,  2.05581392e+02,        2.69091439e+02,  3.45593694e+02, -3.26532064e+02, -1.71307864e+02,        4.87402850e+02, -1.06065172e+02,  4.49671393e+02,  6.20739010e+02,       -3.67009278e+01, -6.11842146e+02,  1.25109695e+01, -1.14132460e+01,       -8.34426746e+01,  6.54834113e+00, -5.70217210e+02, -1.56409673e+02,        5.03340237e+01,  7.58499880e+01,  4.11081902e+02, -3.39371856e+02,        5.19841379e+02, -3.43314236e+02,  1.88690779e+02,  3.31019304e+02]
