name = 'OC-O-rev'
composition = {'H':0, 'C':1, 'N':0, 'O':2, 'Pt':1}
facet = ['Ni100'] 
IS_SPE =[-95.20757516, 'eV']
IS_ZPE =[0.250, 'eV']
IS_frequencies=[48.7, 155.6, 286.2, 310.7, 330.5, 333.2, 355.2, 361.2, 1847.9, 'cm-1']
TST_SPE=[-93.99273162, 'eV']
TST_ZPE=[0.239, 'eV']
TST_frequencies=[127.5, 135.1, 249.2, 256.6, 345.4, 382.4, 572.8, 1781.4, 'cm-1']
no_reactants=2
bee_IS = [-5.09785955e+02,-4.01840531e+01,-1.17673742e+02,3.93910868e+02,-1.86276351e+02,-1.62746169e+02,-3.48740422e+02,-7.75953252e+02,-3.70388406e+02,-4.13823727e+02,-3.38089067e+02,4.08997141e+01,1.26462244e+01,2.55070510e+01,2.72856581e+01,4.09940068e+02,-1.80794993e+02,-1.58692406e+02,1.52234395e+02,-9.67682705e+02,5.08852353e+02,-2.31294701e+02,-4.46328965e+01,-1.04505925e+02,-4.81827088e+01,-5.04131867e+01,7.52371224e+02,-1.85502358e+02,-7.21282419e+01,-4.57569620e+02,6.71469792e+02,-1.17778151e+02,-3.38944567e+02,2.07996060e+02,-3.68361061e+01,1.70607754e+02,-2.67515803e+01,6.14964314e+01,2.38535253e+02,-8.85300427e+02,4.71468852e+02,1.11851416e+02,-5.13512528e+01,-2.93479240e+02,9.78425139e+01,-1.57631731e+02,3.81895984e+02,3.21485413e+02,-2.38271543e+02,-2.54597940e+02,-2.59250489e+02,-2.95267072e+02,1.00373140e+02,-4.32623824e+02,1.19497105e+02,5.22166388e+02,5.96117856e+02,3.02550231e+02,1.40457883e+02,2.39339152e+02,7.80543591e+02,1.82370751e+02,-4.79420276e+02,-1.07353816e+02,-2.05406044e+02,5.30915540e+02,-6.51713145e+02,-5.44272064e+02,-2.36313892e+02,-8.69661335e+01,-3.80546774e+02,2.33311207e+02,8.37555240e+01,1.14516932e+02,-3.35459960e+02,-3.03110168e+02,-4.90582579e+02,3.24769976e+02,-2.84533865e+02,2.29619896e+02,-5.75451621e+01,-2.54811205e+02,-5.05890916e+02,-1.50371185e+02,-9.85364461e+01,-1.38415938e+02,3.42794306e+02,6.16682619e+02,-3.68046552e+02,-6.96239247e+02,-1.72792547e+02,9.63707729e+02,-4.96479391e+02,2.87490506e+02,-9.22131986e+01,-5.40524678e+02,2.10215478e+02,3.31156382e+02,-1.51626356e+02,3.05253939e+02,-2.32470342e+02,-4.47562645e+02,7.75356424e+02,4.03555417e+02,2.68784514e+02,1.27078400e+02,2.13316890e+02,7.08456461e+02,-2.16757626e+02,5.01024166e+01,-1.20130255e+03,1.60082018e+02,-5.92279314e+02,1.25936686e+02,1.87761140e+02,-2.97219438e+02,-4.64826712e+02,5.36750684e+01,-2.55462357e+02,3.09456944e+02,-4.40927602e+02,-2.35988859e+01,-3.08841599e+02,-3.64618391e+01,-2.70489838e+01,1.47229623e+02,1.06541501e+01,-5.22606637e+01,5.26497843e+02,7.93144609e+02,4.15172791e+02,6.76724191e+02,-1.04444622e+02,1.16548337e+02,4.76874051e+02,-7.68441608e+01,-6.63855661e+02,-3.26108254e+02,-4.35769196e+02,-2.49561829e+02,2.42763170e+02,-1.02400158e+03,-1.66080139e+02,3.73776260e+02,-3.17277475e+02,-3.17819673e+02,4.71213195e+02,3.82755951e+02,-2.99725376e+02,1.69692481e+02,-2.13321671e+02,3.02465767e+02,3.48110980e+01,1.32771625e+02,-7.53902512e+02,-4.21895487e+02,-6.73518877e+01,2.48965501e+00,-3.36725221e+02,9.26268908e+02,-1.91798966e+02,-2.91061622e+02,3.26346824e+02,-4.16215694e+02,-2.83847548e+02,2.66387356e+02,9.57105941e+01,1.13350626e+02,1.05466188e+02,-9.75144518e+01,1.67773439e+02,5.05960553e+02,-2.56201839e+02,1.50716229e+02,7.89698928e+02,2.90093425e+02,-7.53444333e+01,-1.66395175e+02,1.33667748e+03,-1.53095226e+02,3.07422249e+02,1.89279879e+02,2.98163986e+02,7.72233005e+02,4.32431890e+02,-2.56347943e+01,1.96594321e+02,4.10366437e+02,3.37034078e+02,-4.83389639e+02,8.12325739e+02,-7.23584719e+02,-1.52445194e+02,4.98916554e+02,7.38642746e+01,5.94327494e+01,2.71531757e+02,2.11423834e+02,3.10758892e+02,-5.54224650e+02,4.34530400e+01,-2.37063903e+02,-9.38646465e+01,-2.92632762e+01,-7.75094526e+01,-4.82890960e+01,7.11269243e+02,-7.37223937e+01,-2.40631836e+02,-1.97266594e+01,1.01554722e+02,-5.11483415e+02,-3.89496260e+02,-3.16340297e+02,-5.47161150e+02,-1.42901150e+02,-3.61029233e+02,1.68444291e+02,-9.49378809e+00,-9.26440878e+01,-7.42519920e+01,5.63974719e+01,-1.73358662e+02,5.81308205e+02,-7.13828867e+02,-1.39832459e+02,-1.36524499e+02,1.46437885e+02,1.60233960e+02,-4.01956285e+02,-1.57798333e+02,3.63504174e+02,-1.93643320e+02,1.37083489e+02,3.20896776e+02,-3.61511199e+01,9.81691350e+02,-1.77357412e+02,-2.79481335e+02,5.57654684e+01,-1.97245983e+02,4.62216504e+02,-3.14014042e+02,7.41778684e+01,5.42515906e+02,-1.14153408e+02,1.04371222e+03,1.11471470e+03,-5.70472363e+02,5.04157740e+02,1.45963233e+02,-4.64873305e+02,1.52694933e+02,3.15615919e+02,3.31244534e+02,2.11127352e+01,1.02608174e+02,6.18695087e+02,-2.00183319e+02,1.41003125e+02,6.61428850e+02,-3.24872453e+02,-1.30834504e+02,4.52832961e+02,2.33320799e+02,6.62190662e+02,2.24394728e+02,5.94221195e+01,2.27958594e+02,3.37927288e+02,-4.21037594e+02,3.00495806e+01,1.60245497e+02,1.06553701e+02,1.90682255e+02,-5.09663650e+02,2.97344629e+02,-3.86214085e+02,-2.73977359e+02,1.52272198e+02,-1.22242797e+02,4.75884452e+02,-2.09146593e+02,2.51710529e+02,2.82807432e+02,6.91266421e+02,4.81712380e+02,4.12586810e+02,-7.61217957e+01,-5.92225514e+01,-2.74739959e+02,6.65812244e+02,6.83162394e+02,3.24633012e+02,-2.00330926e+02,4.36699315e+02,-7.71427593e+01,1.83895471e+02,5.41221308e+02,6.10496769e+00,-6.76202918e+01,-2.14437192e+02,-4.62237744e+02,8.40993847e+02,3.92366774e+02,-4.86093072e+02,-1.34620032e+02,2.42181784e+02,-9.19540031e+01,5.41345537e+02,1.05966004e+02,6.91154367e+02,2.68639320e+02,-2.45736582e+02,2.14090434e+02,-3.70274929e+01,-2.75499753e+02,1.45368852e+02,1.62317017e+02,7.87746792e+02,6.93120579e+02,4.56737022e+02,6.04503511e+02,6.28511338e+01,-2.37444784e+02,1.35144512e+02,-2.88662826e+02,-4.39761702e+02,-5.02273156e+02,-2.37178137e+02,-9.34981678e+02,-2.69991028e+02,-7.41064661e+02,1.85793671e+02,-3.99544292e+02,3.55779614e+02,-8.29897377e+02,-2.79682266e+02,4.27315717e+02,1.94739474e+02,-7.47166206e+02,5.37724396e+02,-2.09888096e+02,4.52645237e+02,-2.23343897e+02,-6.84143672e+02,1.06548765e+02,-5.52467680e+02,-1.15930045e+02,2.04425994e+00,3.68587378e+02,1.08425957e+03,-3.93869603e+02,-3.03356624e+02,-2.97706533e+00,-1.21220149e+02,-7.02750765e+02,-4.82520033e+02,4.29030821e+02,-2.19500115e+02,1.46052274e+02,-4.22296065e+02,-1.29551342e+02,-3.47766158e+02,4.63385141e+02,1.32608698e+02,-1.94184256e+02,-1.16691356e+02,8.79651319e+01,-7.32731721e+01,3.76940401e+02,-2.17460912e+02,4.50113130e+01,2.96962993e+02,1.51640372e+02,-1.52164289e+02,1.34032693e+03,4.70009436e+02,3.00882865e+01,9.08169626e+01,-5.34229424e+02,2.67839302e+02,-6.48886095e+02,-2.22774267e+02,-4.76742483e+02,-1.65029697e+02,4.80507492e+02,-4.88641901e+02,1.58105248e+02,-2.38274010e+01,2.79857014e+01,-3.21901412e+02,-3.86412202e+02,-3.27546563e+00,-3.69390026e+02,-1.91802613e+02,-3.54371106e+02,-8.96370956e+01,-3.10275911e+02,-4.44469754e+02,1.95200213e+02,-1.49338588e+02,1.83214129e+02,8.77550510e+01,-6.36005300e+02,-4.73728450e+02,-3.44306578e+02,3.08503228e+02,-9.18589438e+00,-5.47638521e+02,5.02883646e+02,-3.44390359e+02,4.73696052e+02,-2.60507585e+02,-4.21401565e+02,2.29734279e+02,-5.87147306e+02,-3.35199138e+02,5.51793356e+02,1.56533009e+02,-3.50415158e+02,4.54518183e+02,-1.48188712e+02,-3.26393873e+02,-2.65320873e+02,-4.20335240e+02,2.05236849e+02,-7.84820854e+02,-7.20197922e+02,-8.30069551e+01,-2.60361979e+02,-4.77048996e+02,6.23841446e+02,1.14277167e+03,-2.84899683e+02,-2.75924033e+01,-5.46240188e+02,5.71064702e+02,1.60695248e+02,-1.69763838e+02,-3.33168810e+02,1.45852742e+02,-5.26326448e+02,-1.73513161e+02,-7.68187931e+02,3.02698925e+02,1.13522974e+02,4.23735766e+00,-5.96557298e+01,-2.96389154e+02,-7.71909723e+01,1.10491987e+03,-1.65872034e+02,-3.99765539e+02,-5.86548862e+02,1.12748863e+02,-3.10900231e+02,7.67577213e+01,2.52986229e+02,5.78190235e+01,2.44411950e+02,1.04709505e+02,5.15683147e+02,2.65918590e+02,-2.92973598e+02,3.66552167e+02,3.00495984e+02,9.66710030e+01,3.86394599e+02,-2.12827896e+02,6.29445394e+02,1.60702839e+02,-2.61102669e+02,-5.03966112e+01,-1.64996710e+02,2.07267241e+02,-2.27933554e+02,-2.65193635e+01,-9.39507349e+01,7.17648162e+02,4.64052875e+02,-5.84278208e+02,-3.65493542e+01,-4.67049609e+02,-1.51743546e+02,-1.96710778e+02,6.45339891e+01,-1.26997470e+01,-2.24603427e+02,1.09655717e+02,-6.06611022e+01,-9.12467541e+01,7.50605797e+02,1.56296450e+02,-7.00976752e+02,-3.82785985e+02,7.98993584e+02,2.37061293e+02,-7.39825504e+01,9.20684913e+02,-1.60303206e+02,-9.74745938e+01,-5.13364754e+01,1.17245282e+02,2.46458731e+02,3.53572573e+01,2.32448050e+02,-1.36540219e+02,-2.69773429e+02,-3.73849477e+02,-4.15232101e+02,3.88138882e+02,1.09949089e+02,3.27318539e+02,1.19976656e+02,7.66366153e+02,1.52332338e+02,-7.07546115e+02,-2.96997529e+02,8.53176779e+01,-2.40578379e+02,5.37647045e+02,-1.09145508e+02,1.59033451e+02,4.31936567e+02,-6.36031124e+02,1.28604233e+03,1.67644500e+02,2.05879810e+02,3.03535934e+02,6.98262661e+01,-6.39391169e+00,3.12150860e+02,-3.07500860e+02,7.07628010e+02,6.10462507e+02,-3.58100632e+02,1.29989659e+02,6.01354493e+02,-1.87469215e+02,1.38023316e+02,3.68991433e+02,3.69039740e+02,-6.78047806e+02,-1.19419151e+02,-3.03017951e+02,-2.73924506e+01,-3.66344927e+01,-2.20923920e+01,-1.40808388e+02,-2.54592318e+02,7.21292369e+01,8.78763605e+01,4.62646891e+02,-3.64451257e+02,3.34821694e+02,3.87689561e+02,-1.44057068e+02,7.65169688e+02,-5.90556957e+02,-9.10649001e+02,-5.72914612e+01,-7.25268280e+01,2.10363325e-01,6.81086353e+02,-6.27501476e+01,3.51464110e+02,4.14964454e+02,3.28130958e+02,-9.08301719e+01,5.46340995e+02,-1.37702476e+02,-2.80381211e+02,-3.99771841e+02,4.71484017e+01,3.32808224e+02,-4.33795829e+01,3.30957327e+02,-2.54493000e+01,5.51981944e+02,1.72162149e+02,7.63773243e+01,-4.70766647e+01,2.92628132e+02,3.26344522e+02,1.71714621e+02,-7.08245431e+00,-4.63666930e+02,2.59599423e+02,1.70787035e+02,3.18975851e+02,2.68038085e+02,3.05375401e+02,-5.16389411e+01,2.34652144e+02,-2.12673725e+02,-9.64323301e+00,-4.80170316e+02,-2.69144793e+02,3.38623675e+02,-7.81787523e+02,2.53477565e+02,1.46710359e+02,7.14723663e+02,-2.24182347e+02,2.63435212e+02,-1.00487646e+02,-4.17342284e+02,-6.21104811e+02,-7.06963716e+01,-7.59335761e+02,1.38230864e+02,-1.78549097e+02,2.58592760e+02,1.76290312e+02,-2.21229560e+02,-2.16795924e+02,3.33648778e+02,-5.17117672e+02,-1.05343054e+02,-1.78871916e+02,2.03003791e+02,-4.48874581e+01,4.93517374e+01,-1.85811102e+02,4.90263916e+02,-4.11455189e+02,8.34232153e+01,5.18416522e+02,-2.95880905e+02,1.59588463e+01,-3.16909329e+01,-5.91799054e+02,-4.00122054e+02,-6.86242722e+01,2.27988334e+02,2.77216924e+02,4.21651431e+01,-7.01765924e+01,1.90410243e+02,-3.89129465e+02,1.44688238e+00,-4.34772158e+02,-2.36382220e+02,4.05527149e+02,-2.53586364e+02,5.53744005e+02,-1.83749746e+02,3.03399070e+02,2.20500037e+02,-5.36696522e+02,-2.46001462e+02,7.33282452e+01,-3.43380896e+02,-3.02576951e+02,-7.47422924e+02,-4.80562227e+02,-4.50437037e+02,-3.71328249e+02,1.96520671e+01,1.14433481e+02,9.38816227e+00,1.80800324e+02,-4.91746684e+02,1.24946079e+02,1.79910969e+02,-5.73500310e+02,-5.54711039e+02,-3.54192656e+02,-2.01739774e+02,1.68040046e+02,7.19837788e+00,-3.83512222e+02,3.06561518e+02,-1.72484961e+02,4.31286106e+02,-7.69413265e+02,5.19858374e+02,-3.23191368e+01,-3.16773738e+02,-2.25918681e+02,2.74143638e+01,3.66824794e+02,-6.49832807e+02,-1.21650451e+02,-1.76522528e+02,4.22294235e+02,7.23597099e+02,-8.37343525e+02,8.05781642e+02,3.92929221e+02,-6.43698516e+02,-3.03727181e+02,6.57736982e+02,5.20921413e+02,-1.55297966e+02,-3.15387862e+01,9.14360853e+01,6.11474794e+02,-4.55602651e+02,1.40484897e+02,-6.53925302e+01,2.62548189e+02,-6.37667859e+02,-6.48587869e+01,-2.89905201e+02,4.08022176e+02,3.68134205e+02,-7.39035612e+02,-4.27042869e+02,-1.96054454e+02,-3.35599430e+02,-1.26043922e+02,-1.99230103e+02,3.70075157e+02,3.58900614e+02,-5.07168678e+01,-3.97798449e+02,-7.20552340e+02,3.75556121e+02,-4.37564759e+02,-2.71594222e+02,4.17526989e+01,-2.97275101e+02,-3.59274108e+02,-2.23389299e+02,-3.65002748e+02,-2.31518915e+02,-4.39872333e+02,5.02543123e+02,5.57404420e+02,-2.95049384e+01,-2.06138089e+02,-1.35471991e+01,3.67283777e+02,-7.61076326e+02,-1.80378356e+02,4.31514490e+02,5.79576847e+02,-1.58897909e+02,9.83420408e+01,4.73114380e+02,1.34822732e+02,-5.65840016e+01,-3.81734349e+02,1.94785443e+02,-3.09933010e+02,-1.38052472e+02,-1.67250729e+02,-1.61577789e+02,1.71873994e+02,6.74591522e+02,6.20023735e+00,3.51817929e+01,-7.83505100e+02,-1.50794250e+02,-3.27359081e+02,4.01322285e+01,-3.64707017e+02,6.79851405e+02,7.03765863e+02,1.27679082e+02,-1.30055568e+02,1.25214540e+02,2.19317551e+02,-4.13212394e+02,-6.64273034e+01,1.21311926e+02,1.19848204e+02,4.90311416e+02,3.89517912e+02,-1.80635236e+02,2.45154986e+02,-8.36187117e+02,-3.73911176e+01,7.37917458e+02,8.40373258e+01,-6.60241503e+00,2.87588192e+02,-2.50292251e+02,8.02310184e+02,-1.07464288e+02,7.35442101e+02,3.21407372e+02,-3.32677672e+02,2.65174200e+02,-2.66753200e+02,-5.95725270e+02,-3.50824915e+01,-4.90428382e+02,-4.62407072e+02,-4.57036327e+01,2.79210601e+02,-5.01248278e+01,-2.91473584e+02,6.54416041e+01,-6.30451537e+02,-7.98722839e+01,-7.18049080e+02,4.51897480e+02,-1.20968265e+01,-4.44555854e+02,-1.64625335e+02,1.49795461e+02,-2.79333983e+02,-4.08881720e+02,7.81504604e+02,-1.94689380e+02,-3.85026809e+02,2.18777099e+02,-1.03926594e+02,4.45013977e+02,-1.47149885e+01,7.45764808e+01,8.85000575e+02,-1.55007463e+02,-3.03921090e+02,-3.25468461e+02,-4.61560374e+02,-2.86740495e+02,2.46864568e+02,1.83231526e+02,1.85065919e+02,6.50517847e+02,2.03218189e+01,1.45880933e+02,-5.76303638e+02,2.12007377e+01,-2.02429594e+02,-2.31976445e+02,1.44842206e+01,3.05536378e+02,3.33338966e+02,6.57353780e+00,8.15178406e+01,2.56464009e+02,3.24996027e+02,-2.08813682e+02,-1.14121006e+02,1.47705720e+01,-2.04063351e+02,-6.82419745e+01,-2.37387131e+02,6.58857337e+02,5.65213819e+02,-1.10874785e+02,1.05791761e+02,-2.11357695e+01,-2.08200190e+02,2.91607107e+02,-7.68798207e+01,3.39494221e+02,-4.68096957e+02,1.64054108e+02,-9.60999745e+01,-4.74828560e+02,-2.19655214e+02,2.37722098e+02,-7.47465877e+02,3.67755525e+02,4.28935213e+02,-6.29293559e+01,-4.43248717e+01,-2.78384912e+01,2.12818071e+02,-2.86827789e+02,3.17084538e+02,2.47823776e+02,-9.09829211e+02,-2.87942638e+02,1.97471373e+02,-8.05980042e+01,3.34843442e+02,-5.36863292e+02,-4.77219479e+00,-3.61687219e+02,-1.07848156e+03,6.54649417e+02,-5.18377636e+02,-5.02944480e+02,7.70542939e+01,1.11703644e+03,6.17398716e-01,-1.89377267e+02,-1.83771424e+01,-6.20800467e+01,-7.72125148e+02,-5.39308483e+02,6.79534066e+02,-4.55502150e+01,-3.44553488e+02,4.38867502e+02,-3.01166397e+02,3.44556019e+02,4.74107034e+02,-5.36523496e+02,-2.24856793e+02,-3.00264428e+02,-1.31035253e+02,-1.69117740e+02,-5.96629482e+01,1.19685954e+02,-2.93137066e+02,2.58642231e+02,5.20531029e+02,-1.39530808e+02,-1.55224924e+02,1.20553878e+02,4.99520155e+02,4.25031066e+02,3.26608802e+01,-1.55292701e+01,-4.77744512e+01,-4.43788228e+02,3.29825592e+02,-2.09627841e+02,1.72803795e+02,-1.36931775e+02,2.53196737e+02,1.52970710e+02,-6.87827569e+02,-2.42341428e+02,-6.88405382e+02,-2.83758017e+02,6.54532091e+01,-1.49996855e+02,2.61119305e+02,-2.51774749e+02,1.64672643e+01,9.13556566e+01,6.49298670e+02,3.26508004e+02,-2.36547102e+02,1.75421124e+01,9.74173237e+01,3.47699457e+02,-5.24403145e+00,4.42109490e+02,2.12197096e+02,7.77750556e+02,2.22147535e+01,5.96000464e+02,-2.27585860e+02,-3.36045210e+02,7.16744812e+01,6.52066476e+01,2.65210242e+02,-5.69949661e+01,-1.38587885e+02,2.26341909e+02,-4.00087815e+02,-4.52365722e+02,6.70003225e+02,-5.14116020e+01,-3.73086362e+02,-4.73860360e+00,-1.23382034e+02,3.06457685e+02,2.88495928e+02,-1.70647051e+02,9.34587003e+00,-2.36145508e+02,-2.84870591e+02,-2.48957238e+02,-8.34732877e+02,-2.92778106e+01,-5.62989299e+02,-4.80798067e+02,-3.43800838e+02,1.53305757e+02,-3.28637383e+02,1.91034973e+02,-4.93417574e+02,9.44330044e+00,-3.55195413e+02,6.49861975e+01,1.02785078e+02,2.53865649e+02,-1.72207354e+02,-1.29002647e+02,2.27636923e+02,5.24853900e+02,2.84009907e+02,6.79500550e+01,-5.95763430e+02,-1.21213352e+02,-2.69175335e+02,-5.29848807e+02,3.61153569e+02,-3.01711820e+02,-3.82555508e+01,-2.00773474e+02,-8.84087530e+02,4.35778484e+02,-1.45848946e+02,3.59383330e+02,-6.06244046e+02,5.72049763e+02,3.73183274e+01,-2.71522583e+02,4.11500424e+01,-2.03800184e+02,-5.95465569e+02,1.23711934e+02,2.45796529e+02,2.81211855e+01,-3.15614137e+02,-1.13892316e+02,1.42211599e+02,2.55725142e+02,5.59600071e+02,2.21500346e+02,-2.05219774e+02,7.71568932e+02,2.50835024e+02,3.41384141e+02,-1.47479506e+02,2.32401507e+02,1.51762118e+02,-5.37921779e+02,-1.64249220e+02,-3.43656833e+02,-2.73818552e+02,-9.07417193e+01,-1.52848827e+02,-3.25041879e+02,-9.90627207e+02,-2.65369990e+02,1.34477573e+02,8.80939299e+01,8.19764651e+01,4.31793473e+02,1.61451609e+02,2.79126319e+02,-3.69110653e+02,4.02761050e+02,-4.29063174e+02,-6.67015929e+02,1.67904077e+02,-3.52113323e+02,-3.65631809e+02,-1.37497595e+03,-1.03681798e+02,6.97672944e+02,4.05985910e+02,-8.88715303e+01,-1.04205188e+02,2.58548743e+02,5.93725043e+02,-3.52067091e+02,-8.36858963e+01,-2.77289697e+02,-3.12977215e+02,-2.96935227e+02,1.38511896e+02,6.24636536e+02,-5.73813105e+02,-4.62335508e+02,2.13480192e+01,-7.57278127e+01,-1.23827573e+02,-8.11537354e+02,4.94086624e+02,2.19126722e+02,7.81475336e+01,4.22585094e+02,-2.64593508e+02,2.58954848e+02,2.35611744e+02,4.64265338e+01,-4.11692731e+01,1.06503613e+02,-1.41309823e+02,4.10410343e+02,-3.80090354e+02,3.66739123e+02,8.16427046e+01,9.81676579e+01,2.05301261e+02,-7.50497444e+02,5.62738060e+01,-5.58575776e+02,-4.40861633e+02,-4.28091674e+02,-3.93232763e+02,1.16229178e+01,1.13818484e+02,4.20878589e+02,8.40110909e+01,1.20235447e+02,-6.19960816e+02,-2.18683668e+02,2.87043676e+02,1.14608304e+01,1.60166795e+01,-7.12024804e+01,3.19503728e+02,-7.95319941e+02,9.19268673e+01,2.05965673e+02,3.96234749e+02,3.39070330e+02,-4.95203113e+02,6.69330901e+01,3.74371798e+01,3.89465739e+01,1.72740681e+01,-1.69331409e+02,-2.75138541e+02,1.37767284e+02,5.45258137e+02,-7.70682040e+01,8.36682917e+01,1.54697504e+02,-2.16346646e+02,-2.14471520e+02,-1.00798920e+03,-3.34610649e+02,-4.42959591e+02,-6.59372779e+01,-5.53643996e+02,6.54266927e+02,-2.57271932e+02,-4.60160729e+02,-1.36322469e+03,5.70837483e+02,1.19567841e+02,-1.24163834e+01,-5.34772350e+02,9.14023499e+01,-1.51178447e+02,-2.83692102e+02,1.01968838e+02,2.79059885e+02,6.89599079e+01,-1.50754528e+02,-2.82136556e+01,7.29886037e+00,1.66566445e+02,-5.30710574e+02,6.09108284e+02,-3.64804733e+02,-2.35960877e+02,-3.66790922e+02,-8.46170813e+02,8.24689347e+01,-4.16179559e+02,-1.91435034e+02,2.96516072e+02,-2.10020036e+02,4.15046276e+00,-8.61287363e+01,-2.22824738e+02,1.44812090e+01,4.62520296e+02,-4.52320025e+02,8.02081542e+02,-1.72151592e+02,2.95405679e+02,-6.86968885e+01,1.30048357e+02,-1.02342319e+02,4.07161780e+02,5.44646775e+02,1.73198367e+02,4.76315464e+02,-3.37961141e+02,-2.84759503e+01,-1.98550249e+02,5.92552869e+02,5.01543854e+02,3.84365355e+02,-1.29901300e+02,-2.62653120e+02,2.33762556e+02,-2.24777248e+02,-1.19731878e+02,-6.30825636e+01,-2.26978853e+02,4.45773949e+02,-5.06719764e+01,3.43338714e+02,1.23343880e+02,1.47954727e+02,-2.97040730e+02,2.80957574e+02,-1.57788041e+02,-1.13527109e+02,-2.60365875e+01,-4.41920337e+02,6.67184605e+02,-2.45443384e+02,-3.52084422e+01,1.73249989e+02,1.48821363e+02,6.15425057e+02,-1.43994224e+02,6.67164400e+02,6.05699625e+02,-8.44608162e+02,7.54616463e+01,-1.77393075e+02,1.26497143e+02,7.48575338e+01,1.52967620e+02,5.24921665e+02,8.05269810e+02,-6.81317498e+02,6.66082108e+02,-8.02884010e+02,-6.68983705e+02,-1.07147406e+02,-9.51265693e+00,6.11401835e+02,3.35574094e+02,-1.58375784e+02,-8.04918138e+02,6.11580040e+02,-3.90906587e+02,-8.77992290e+00,-4.37705737e+01,1.07821969e+03,-2.45804080e+02,-9.15476619e+02,2.68656909e+02,-1.40626566e+03,9.68649917e+01,-3.10354934e+02,-1.57326836e+02,-2.37133500e+02,-5.09449013e+02,3.55933371e+02,-3.14387533e+02,-8.03948862e+01,-6.80572554e+02,-5.81106236e+01,-4.16556902e+02,-6.47061774e+02,-1.06349126e+03,8.79737012e+01,-2.80549851e+02,-6.51092793e+00,-1.17189230e+02,-6.88504510e+02,-5.49398313e+02,-4.59340588e+02,-4.63250025e+02,4.76174591e+02,8.07859121e+01,-4.15561203e+02,-1.59218842e+02,-1.95115027e+02,3.23101542e+02,-2.89779960e+02,-1.06267125e+02,-1.95730703e+02,-3.11936614e+02,-3.25779161e+02,3.32842053e+02,-1.51507357e+02,-7.90812269e+02,6.69818182e+02,4.07942038e+02,5.30895361e+01,-6.30063337e+02,-6.56463805e+02,9.40991307e+01,1.18389489e+01,-2.59383052e+02,-4.22347709e+02,3.07977102e+02,-6.84718673e+01,2.37318683e+02,4.28891754e+02,2.92979562e+02,3.05528080e+02,2.21376708e+02,-1.76866811e+02,-1.08890755e+02,-1.90811867e+02,-3.03302414e+02,-3.97588885e+02,-5.62002047e+02,-3.39391052e+02,-7.00283907e+01,-6.91668679e+02,-7.60747250e+01,2.83111273e+02,-6.22191520e+02,2.16388035e+02,1.89104896e+02,-6.11797141e+02,-4.93075816e+02,-1.36336679e+02,1.83281400e+02,-3.44378233e+02,6.08493205e+02,5.45707899e+02,-6.51396061e+02,4.38512827e+02,3.07690460e+02,6.61366389e+01,2.18572095e+02,-3.70024150e+02,-1.23953802e+02,4.74684319e+01,1.53850044e+02,3.92298384e+02,-4.39854912e+02,-3.76771004e+01,1.53198215e+02,-1.24310451e+01,-2.30078481e+02,1.71010443e+02,-2.31138582e+02,-1.74777254e+02,3.23006382e+01,-5.20086615e+02,3.10967623e+01,-2.02323851e+02,-1.09412740e+02,6.39959550e+00,-4.91818122e+02,4.89107875e+02,-2.32507570e+02,-1.12096640e+03,-7.33061354e+02,3.38208905e+02,-3.08717165e+02,-1.48453144e+02,-2.52254968e+02,-1.44116793e+02,-8.65838882e+02,-9.55476429e+01,-5.54483361e+02,-2.89043114e+02,2.22696157e+02,6.44188670e+02,-2.71114299e+00,-2.66386170e+01,5.04907197e+02,-4.38903275e+02,3.09649506e+02,7.98726709e+01,-3.61579618e+02,-1.56864252e+02,2.12191422e+02,1.59965727e+01,8.55350536e+01,9.90947803e+01,-2.04021976e+02,-2.41336242e+02,-4.56370355e+02,4.33271155e+02,-5.49776038e+02,-4.03830339e+02,8.31105558e+01,-7.73343457e+02,1.67067494e+02,5.42327773e+02,-4.18398809e+01,6.13693462e+01,-2.15734044e+02,-1.76923695e+02,8.89206394e+01,3.24138880e+02,-3.49578858e+02,2.66467010e+02,-9.53092774e+01,-3.32783332e+01,2.32497923e+02,1.65086424e+02,-7.81306033e+01,-3.35396474e+00,2.09800708e+02,2.42337520e+02,-6.20597781e+02,5.62815534e+01,4.66282454e+02,-8.39972837e+02,2.80697270e+02,-1.03129736e+03,-8.02666323e+01,-1.28435687e+02,-7.24916007e+01,-7.79154382e+01,-2.23916467e+02,-3.23409318e+01,1.42198105e+02,-2.08789144e+02,1.21578668e+02,7.50671305e+02,-5.54703579e+02,-2.30796296e+02,3.16428877e+02,2.13945641e+02,3.57969709e+02,1.41965917e+02,2.43904976e+02,-1.60901731e+02,-4.23012594e+02,-3.67522545e+02,-1.80694172e+02,6.87051412e+00,-3.62932426e+02,-1.31427427e+02,5.74651188e+01,2.00303338e+02,-8.62688015e+01,4.86007778e+02,-4.39591947e+02,-4.49515225e+01,-2.39068506e+01,2.41304514e+02,-3.51636362e+02,-2.21237851e+02,2.35639427e+02,4.31037897e+02,6.03702603e+02,3.03024528e+02,3.56995355e+02,-2.56445468e+02,5.39864119e+02,5.82207670e+02,-5.47316110e+01,3.39174007e+02,3.28377475e+02,-2.19283741e+02,1.54734065e+01,5.29892243e+02,-2.39554966e+02,-1.06713918e+02,-5.23046389e+02,2.31862485e+02,-6.60301897e+01,1.52533581e+02,8.21136191e+01,-3.59801550e+02,3.96430157e+02,3.51547824e+02,-2.05673972e+02,1.59128792e+02,-4.96087436e+02,-4.46036452e+02,2.02209805e+02,-5.95733840e+02,-2.33653744e+02,8.23983627e+01,6.97814655e+02,-2.09925516e+02,-9.02239875e+01,-1.27342928e+02,9.89629616e+02,1.23064013e+02,-3.74514136e+02,5.90884800e+02,5.43629320e+02,2.60072074e+02,6.30732381e+02,6.98631117e+02,-9.00519223e+01,-2.58496312e+02,-2.79894394e+02,2.31918114e+02,3.26435666e+02,-4.27246878e+01,-1.78504173e+02,-5.30904704e+02,-2.59237772e+02,-3.81866445e+02,2.54954895e+02,1.30168651e+02,5.39744605e+02,4.94681852e+01,-2.16240197e+02,-6.78151810e+01,3.45075752e+02,1.12668752e+02,4.40367355e+02,4.95081479e+02,-1.18978052e+02,-7.80729396e+01,-8.33459146e+02,4.59685022e+02,-4.57593880e+01,4.33499039e+02,-1.58456089e+02,-5.03373821e+02,1.70750355e+02,5.97108446e+02,-2.11800977e+02,5.88461950e+02,-6.22391472e+02,-1.93721266e+02,-6.73806725e+02,1.89877624e+02,9.82928709e+01,8.11710469e+00,-5.15693435e+02,7.55525486e+02,4.53533417e+02,7.02193387e+01,-3.95600463e+02,1.87863312e+02,-2.33889904e+02,-7.59116059e+01,-1.88222214e+02,1.79036708e+02,-8.75280718e+01,-1.75581298e+02,1.65214732e+02,2.25812242e+02,-7.32657936e+02,1.67393873e+02,5.75959457e+02,3.60230021e+02,-1.13123152e+02,2.91259226e+01,-3.08122186e+02,5.06548247e+02,1.50227535e+02,-5.76365056e+01,-5.94577748e+01,9.35693438e+02,5.90312259e+00,2.65456813e+02,6.21144309e+02,8.37232379e+02,5.48473254e+02,3.63500914e+02,-5.45663227e+02,-3.72347634e+02,2.96712881e+02,1.46594586e+01,2.77222487e+02,1.58094119e+02,5.04037426e+02,-6.64530823e+02,-4.20342479e+02,-5.54782578e+01,-7.42137871e+02,1.67688225e+02,3.38289472e+02,1.18778453e+02,-1.94924634e+02,2.02671650e+02,1.21907479e+03,2.22946297e+02,1.30324838e+02,-4.19936958e+02,-5.66638821e+02,-1.34210525e+02,2.66852554e+02,-4.50303190e+01,1.80183456e+02,3.01458847e+02,-5.13038957e+02,2.12870973e+02,4.48067331e+02,5.02125467e+02,-4.83041899e+01,1.02395526e+01,-7.96883975e+01,-4.32580526e+02,-5.71209972e+02,7.15037385e+02,-5.78835428e+01,-5.07117551e+02,1.92158493e+01,-1.96858748e+02,7.83071946e+02,-2.04928307e+02,-2.95603631e+02,2.68105538e+02,-1.25122494e+02,3.71883061e+02,-4.73142008e+01,8.61876496e+02,4.31289531e+02,-9.68532858e+00,-3.09365006e+02,2.12836439e+02,-4.75192660e+02,-9.92550951e+01,5.21789214e+02,-2.40333613e+02,-4.04190536e+02,-1.90489427e+02,4.44847289e+02,1.24891473e+02,-7.11553722e+02,2.62900750e+02,1.27917587e+02,5.95618955e+01,-4.38291580e+02,1.52335626e+01,3.00667250e+02,4.37456034e+02,5.48882128e+02,2.24020388e+02,3.53275139e+01,-4.35799864e+02,-4.09773012e+02,-6.37025343e+02,-7.93766265e+01,2.71039042e+02,-2.12375308e+01,4.58967667e+02,-2.71912539e+02,1.56790510e+02,-1.03721523e+02,-2.55391416e+02,5.07628558e+02,6.53787646e+01,5.26243347e+02,2.60207882e+01,2.13159588e+02,-1.70389794e+02,5.36530574e+02,-1.03998056e+02,-3.31722800e+00,-6.70179069e+02,-9.25110379e+01,6.23937326e+02,5.70711779e+02,2.26175595e+02,-1.29334561e+02,3.29005174e+01,-1.52250632e+02,-5.05089464e+01,7.71565678e+02,1.55760111e+01,-2.03769338e+02,-9.46017074e+02,-4.63876086e+02,-3.22658864e+02,-5.74942155e+02,-4.81884732e+02,-6.09417185e+02,-3.97913798e+02,-3.25412587e+02,-4.12002001e+02,4.08879221e+02,-2.17350199e+02,-8.30070149e+02,3.42719567e+02,-2.48220400e+02,-7.04364133e+02,8.32436850e+02,-2.06592420e+02,1.69107623e+02,3.49794830e+02,9.16059588e+00,2.23562954e+02,7.70747648e+00,-1.26816869e+01,-1.17425350e+02,-6.22126588e+02,9.12331615e+01,-1.11753119e+03,5.61476675e+02,-3.75624258e+02,-1.19095830e+02,-1.52779799e+02,9.04855856e+01,-1.61116424e+02,2.45972802e+02,-4.61782254e+02,3.25287173e+02,3.36470154e+02,1.32200788e+02,8.46578269e+01,1.71021219e+02,6.40134160e+01,2.59735522e+02,-8.17726487e+01,-5.38619882e+02,8.43190741e+01,-1.98811113e+02,-3.91478558e+01,4.28577458e+02,-6.96259723e+02,8.80676816e+00,1.20684499e+01,7.40645022e+01,2.85183202e+02,-1.18240983e+02,7.21577319e+02,4.14822302e+02,-1.50456769e+02,-9.07516260e+01,1.69753524e+01,6.69245951e+02,-4.78090727e+02,-8.94490503e+02,2.48582918e+02,-1.04448978e+02,-1.08985209e+02,1.44955006e+02,6.72434410e+02,4.09366804e+02,-1.51227183e+02,-4.33736543e+02,-5.22058391e+01,2.52541505e+02,-1.13546199e+02,-6.39397847e+02,-2.49281327e+01,-7.99193749e+02,-4.19368318e+02,6.84712662e+02,-4.40975697e+02,-5.72441857e+02,-4.47395504e+02,-3.04319774e+02,2.88192995e+02,7.09455340e+02,-4.42606624e+01,2.36467144e+02,-1.55115445e+02,-5.99587626e+02,4.02579407e+02,-3.92740104e+02,2.43447903e+02,3.11440758e+02,-6.51779039e+01,3.54638819e+02,3.76560284e+02,9.26274130e+02,-1.28028513e+02,-3.97515220e+02,-5.48746702e+02,-1.30456118e+02,-2.24836073e+02,8.72518694e+02,-3.81092361e+02,8.76283074e+01,6.33329469e+01,-2.24643936e+02,-6.99223155e+02,-5.58676849e+01,8.41534044e+02,9.52215700e+01,6.08539930e+01,-4.61868677e+02,-5.21430042e+02,-8.50316386e+01,4.16263829e+02,-1.93226688e+02,9.16640016e+02,-3.78498196e+02,1.46697565e+02,-1.77475435e+02,-5.89342255e+02,2.67144244e+01,-4.40213812e+02,-6.41609286e+02,7.16267745e+01,1.99896693e+01,4.45442754e+02,1.81494895e+02,-2.91485930e+02,1.94691865e+02,-7.11832109e+02,-4.55183498e+02,7.81090250e+02,1.11441592e+02,-1.20810523e+02,-2.77830234e+02,-4.01272130e+01,-6.77044273e+01,7.33937491e+02,3.52944555e+02,-1.26169020e+02,-5.94469805e+01,-3.47146155e+02,-1.75147249e+02,-5.79304881e+02,4.13452162e+02,6.47707695e+01,1.18578938e+02,1.31370585e+02,-4.81120679e+01,-1.58220709e+02,-4.05292741e+00,-9.16959849e+02,-1.63782178e+02,-7.00356089e+01,-7.88152858e+01,4.72016236e+02,5.44763276e+02,1.39380458e+02,-8.25400189e+02,5.51417586e+02,-1.72482532e+02,-3.32772030e+02,-7.52808678e+02,-2.81137936e+02,5.09203883e+02,2.36517609e+02,6.14246829e+01,2.65187215e+02,-5.02506835e+02,-3.83508363e+02,4.77146107e+02,3.29527126e+02,4.45049449e+02,-1.51765645e+00,5.97278881e+01,4.77612003e+02,8.52680821e+02,-2.12008672e+02,3.26468014e+02,-1.46769144e+02,-3.62690164e+02,-2.95439573e+02,-2.64637831e+02,-1.29370680e+02,-4.40282686e+02,-2.01685906e+02,-1.20220413e+03,2.93753578e+02,1.68588053e+02,-3.19012681e+01,-3.57885229e+02,-1.93513199e+02,-4.64741953e+02,1.01192312e+02,7.10499744e+02,-1.78446877e+02,-1.41963128e+02,1.88687438e+02,-4.18465428e+02,7.48887377e+02,1.43272668e+02,1.58648406e+02,4.45640730e+02,1.46434357e+01,4.84392047e+02,1.42193009e+02,-7.36937910e+01,8.09776409e+01,-2.05229496e+01,5.99302952e+02,7.84514808e+01,1.28695349e+02,-7.79301897e+01,1.15044559e+02,-7.98743035e+02,-3.21390600e+02,-3.98348381e+02,4.42690579e+02,-2.52573274e+02,-5.55175745e+02,5.07890933e+02,-1.04189206e+02,3.77078926e+02,-7.89377940e+02,2.13296465e+02,6.57338066e+01,5.08685982e+01,-7.64212571e+01,-5.62230273e+01,4.26171586e+02,-1.50963750e+00,-4.27250070e+02,-1.38595680e+02,2.17964485e+02,-1.00839071e+03,-8.01662014e+02,1.26115530e+01,9.69246872e+01,-3.76064889e+02,-3.67535446e+01,9.36227495e+02,2.84236370e+02,-4.84377256e+02,8.11815826e+01,-7.74262025e+01,9.00733644e+01,-2.96402169e+02,1.60724904e+02,2.44831998e+02,-5.82679326e+01,9.72348583e+02,-9.16101444e+01,-2.77902048e+02,1.66228488e+02,3.57122020e+02,-3.06537014e+02,-2.55214870e+01,8.28968171e+02,-2.07480425e+01,5.08870549e+02,1.24034620e+02,-8.28600185e+01,-2.26924976e+02,4.91727948e+02,-4.75757743e+02,-1.82467407e+01,-1.30479070e+02,-3.65535494e+02,1.44912460e+02,2.06346674e+02,7.63128092e+01,-1.41558344e+01,-3.34619115e+02,1.59307851e+02,-1.52764466e+01,-2.16190861e+02,-1.86933364e+02,1.70324484e+02,-4.32314585e+01,-3.16881542e+02,-9.21490177e+02,7.88301617e+01,2.01622476e+02,-4.05166046e+02,-1.94902408e+02,7.13238199e+02,6.35634657e+01,3.05310997e+02,5.68444409e+01,3.19727144e+02,4.44952138e+01,-3.40804056e+02,-3.40550203e+01,7.16059832e+01,2.40930073e+02,6.93901707e+02,4.25737627e+02,1.88175361e+01,1.48357885e+02,5.22196050e+02,2.26865038e+02,-6.27615675e+02,-2.32255679e+02,1.16598007e+02,7.40150629e+01,2.27935934e+02,-4.54771103e+02,1.09247745e+02,3.48330363e+02,4.26761870e+02,-3.87499388e+02,-4.43067332e+01,-1.98177558e+01,-1.18137957e+02,-2.86575746e+02,-1.70525348e+02,-2.88683721e+01,6.97931353e+01,3.57929480e+02,-2.69025687e+02,6.92603863e+02,3.08231179e+02,2.18897999e+02,2.88357187e+02,2.62476296e+02,2.84228416e+02,4.67834127e+02,-3.83362602e+02,5.47618388e+02,-9.63968774e+02,2.69112825e+02,-9.40754210e+02,7.29101088e+02,6.30166859e+02,-1.00224060e+02,-4.25915359e+02,-3.65837958e+02,-4.98469960e+02,-5.36538484e+02,4.98041288e+02,3.71606597e+02,2.09562061e+02,2.74451108e+02,3.52398881e+02,-3.33177834e+02,-1.74179119e+02,4.96533498e+02,-1.07880888e+02,4.58153260e+02,6.33176252e+02,-3.72737616e+01,-6.24005662e+02,1.26763139e+01,-1.13411562e+01,-8.51086204e+01,6.91301042e+00,-5.81187736e+02,-1.58967851e+02,5.20207049e+01,7.74973176e+01,4.19243073e+02,-3.46237044e+02,5.29743940e+02,-3.50022601e+02,1.92707620e+02,3.37809215e+02]
bee_TS =[-5.09723938e+02,-4.01989557e+01,-1.17653640e+02,3.93943682e+02,-1.86275074e+02,-1.62718094e+02,-3.48736572e+02,-7.75881531e+02,-3.70245923e+02,-4.13799838e+02,-3.38100546e+02,4.09048755e+01,1.26093280e+01,2.54917114e+01,2.73096699e+01,4.09890581e+02,-1.80769925e+02,-1.58600099e+02,1.52244000e+02,-9.67553616e+02,5.08842721e+02,-2.31290280e+02,-4.46675947e+01,-1.04529975e+02,-4.81158782e+01,-5.03231509e+01,7.52254802e+02,-1.85635751e+02,-7.20719037e+01,-4.57519428e+02,6.71327367e+02,-1.17697093e+02,-3.38942049e+02,2.07911919e+02,-3.68788435e+01,1.70649736e+02,-2.67202963e+01,6.14470731e+01,2.38580753e+02,-8.85152566e+02,4.71464162e+02,1.11822845e+02,-5.14187509e+01,-2.93402419e+02,9.78493652e+01,-1.57738617e+02,3.81912342e+02,3.21421089e+02,-2.38218721e+02,-2.54566096e+02,-2.59294092e+02,-2.95231077e+02,1.00409835e+02,-4.32553340e+02,1.19532199e+02,5.22061861e+02,5.96128043e+02,3.02534583e+02,1.40379403e+02,2.39344020e+02,7.80507610e+02,1.82296480e+02,-4.79380917e+02,-1.07285566e+02,-2.05409745e+02,5.30830364e+02,-6.51570726e+02,-5.44242602e+02,-2.36391658e+02,-8.70112124e+01,-3.80378030e+02,2.33296024e+02,8.37579298e+01,1.14501612e+02,-3.35462695e+02,-3.03106870e+02,-4.90567120e+02,3.24744424e+02,-2.84608671e+02,2.29652442e+02,-5.75688224e+01,-2.54747218e+02,-5.05786559e+02,-1.50326540e+02,-9.85061630e+01,-1.38366064e+02,3.42770865e+02,6.16685780e+02,-3.68001998e+02,-6.96140624e+02,-1.72723320e+02,9.63587095e+02,-4.96514738e+02,2.87479730e+02,-9.21936700e+01,-5.40365820e+02,2.10116938e+02,3.31054688e+02,-1.51671085e+02,3.05215364e+02,-2.32383335e+02,-4.47576348e+02,7.75346777e+02,4.03561184e+02,2.68762261e+02,1.27055142e+02,2.13372017e+02,7.08308835e+02,-2.16705595e+02,5.01049042e+01,-1.20109975e+03,1.60019302e+02,-5.92189011e+02,1.25958528e+02,1.87767673e+02,-2.97172329e+02,-4.64796939e+02,5.36420979e+01,-2.55447884e+02,3.09461703e+02,-4.40916246e+02,-2.36315174e+01,-3.08771371e+02,-3.64641660e+01,-2.70844656e+01,1.47290139e+02,1.06955483e+01,-5.22117630e+01,5.26493878e+02,7.93090570e+02,4.15166999e+02,6.76604717e+02,-1.04406247e+02,1.16549618e+02,4.76842756e+02,-7.68299098e+01,-6.63851682e+02,-3.26145907e+02,-4.35761919e+02,-2.49527162e+02,2.42737069e+02,-1.02388283e+03,-1.66141200e+02,3.73743806e+02,-3.17169848e+02,-3.17863010e+02,4.71180793e+02,3.82681458e+02,-2.99771528e+02,1.69732651e+02,-2.13359817e+02,3.02438805e+02,3.47270229e+01,1.32639526e+02,-7.53810956e+02,-4.21798105e+02,-6.73512653e+01,2.40716854e+00,-3.36673552e+02,9.26162556e+02,-1.91778698e+02,-2.91042806e+02,3.26276192e+02,-4.16131306e+02,-2.83821621e+02,2.66308604e+02,9.57020824e+01,1.13301550e+02,1.05498164e+02,-9.75109445e+01,1.67707884e+02,5.05815242e+02,-2.56143365e+02,1.50633946e+02,7.89622558e+02,2.90143036e+02,-7.53387459e+01,-1.66444321e+02,1.33656771e+03,-1.53132593e+02,3.07408105e+02,1.89277693e+02,2.98063561e+02,7.72113085e+02,4.32365864e+02,-2.55792602e+01,1.96636092e+02,4.10388564e+02,3.37049666e+02,-4.83382427e+02,8.12242544e+02,-7.23541790e+02,-1.52433707e+02,4.98822364e+02,7.39444133e+01,5.94271822e+01,2.71434560e+02,2.11402513e+02,3.10724679e+02,-5.54148102e+02,4.34236863e+01,-2.37041009e+02,-9.38481668e+01,-2.92937363e+01,-7.75827979e+01,-4.83260576e+01,7.11187276e+02,-7.36769541e+01,-2.40625678e+02,-1.96918483e+01,1.01522242e+02,-5.11464471e+02,-3.89545816e+02,-3.16256258e+02,-5.47200305e+02,-1.42900474e+02,-3.60986652e+02,1.68452853e+02,-9.49808611e+00,-9.26540965e+01,-7.42460688e+01,5.63840717e+01,-1.73233136e+02,5.81265079e+02,-7.13817716e+02,-1.39858516e+02,-1.36435760e+02,1.46375715e+02,1.60286195e+02,-4.01886063e+02,-1.57806260e+02,3.63454069e+02,-1.93571712e+02,1.37125096e+02,3.20815114e+02,-3.62005642e+01,9.81610969e+02,-1.77291009e+02,-2.79426216e+02,5.57595679e+01,-1.97249443e+02,4.62160345e+02,-3.14000165e+02,7.41302819e+01,5.42456747e+02,-1.14106480e+02,1.04369036e+03,1.11468588e+03,-5.70432167e+02,5.04159695e+02,1.45951357e+02,-4.64848050e+02,1.52612353e+02,3.15664040e+02,3.31225258e+02,2.10739305e+01,1.02588915e+02,6.18675760e+02,-2.00161564e+02,1.40991292e+02,6.61316357e+02,-3.24787878e+02,-1.30861790e+02,4.52844302e+02,2.33270950e+02,6.62059379e+02,2.24352605e+02,5.94542800e+01,2.27866721e+02,3.37899639e+02,-4.21092962e+02,3.00743679e+01,1.60360220e+02,1.06623087e+02,1.90696249e+02,-5.09668603e+02,2.97309342e+02,-3.86168618e+02,-2.74000966e+02,1.52333185e+02,-1.22143506e+02,4.75911236e+02,-2.09105007e+02,2.51732991e+02,2.82732216e+02,6.91192747e+02,4.81671190e+02,4.12541251e+02,-7.60141564e+01,-5.92743492e+01,-2.74734568e+02,6.65766859e+02,6.83058376e+02,3.24645083e+02,-2.00352717e+02,4.36644358e+02,-7.70719338e+01,1.83839796e+02,5.41145456e+02,6.14296068e+00,-6.75526002e+01,-2.14351010e+02,-4.62282105e+02,8.41010956e+02,3.92435789e+02,-4.86099098e+02,-1.34671713e+02,2.42102407e+02,-9.18992679e+01,5.41287810e+02,1.05919716e+02,6.91050035e+02,2.68703842e+02,-2.45698026e+02,2.14064835e+02,-3.69939608e+01,-2.75456012e+02,1.45363706e+02,1.62260192e+02,7.87745801e+02,6.93053643e+02,4.56702157e+02,6.04387453e+02,6.28548491e+01,-2.37477368e+02,1.35153662e+02,-2.88545313e+02,-4.39755129e+02,-5.02198843e+02,-2.37134942e+02,-9.34841041e+02,-2.70032324e+02,-7.41050744e+02,1.85855479e+02,-3.99477140e+02,3.55740068e+02,-8.29866622e+02,-2.79709949e+02,4.27200537e+02,1.94734184e+02,-7.47173682e+02,5.37624672e+02,-2.09863914e+02,4.52558885e+02,-2.23212008e+02,-6.84150461e+02,1.06418468e+02,-5.52370227e+02,-1.15834684e+02,2.03972256e+00,3.68490517e+02,1.08415285e+03,-3.93823699e+02,-3.03298855e+02,-2.94160671e+00,-1.21202125e+02,-7.02711700e+02,-4.82410408e+02,4.28963482e+02,-2.19456358e+02,1.46084253e+02,-4.22193330e+02,-1.29528919e+02,-3.47672829e+02,4.63343719e+02,1.32545683e+02,-1.94183025e+02,-1.16704501e+02,8.79807540e+01,-7.32098925e+01,3.76871885e+02,-2.17392385e+02,4.50722964e+01,2.97063704e+02,1.51565518e+02,-1.52188249e+02,1.34019475e+03,4.70003017e+02,3.00948172e+01,9.07265135e+01,-5.34201402e+02,2.67783148e+02,-6.48866113e+02,-2.22750895e+02,-4.76741769e+02,-1.65042009e+02,4.80525461e+02,-4.88639236e+02,1.58136875e+02,-2.38895632e+01,2.79291416e+01,-3.21816408e+02,-3.86372612e+02,-3.27428790e+00,-3.69299485e+02,-1.91761920e+02,-3.54323957e+02,-8.96307684e+01,-3.10234152e+02,-4.44441793e+02,1.95134702e+02,-1.49217787e+02,1.83230849e+02,8.77525746e+01,-6.36013605e+02,-4.73664213e+02,-3.44335316e+02,3.08407474e+02,-9.22001730e+00,-5.47508683e+02,5.02904332e+02,-3.44365356e+02,4.73734764e+02,-2.60518048e+02,-4.21332863e+02,2.29635893e+02,-5.87087721e+02,-3.35209070e+02,5.51660940e+02,1.56528828e+02,-3.50476182e+02,4.54482363e+02,-1.48197262e+02,-3.26466807e+02,-2.65272497e+02,-4.20282185e+02,2.05253904e+02,-7.84787124e+02,-7.20078149e+02,-8.30730900e+01,-2.60354049e+02,-4.76986329e+02,6.23759022e+02,1.14268304e+03,-2.84872168e+02,-2.76217129e+01,-5.46148439e+02,5.71060781e+02,1.60660863e+02,-1.69776962e+02,-3.33130789e+02,1.45862101e+02,-5.26224717e+02,-1.73563368e+02,-7.68035693e+02,3.02668885e+02,1.13430197e+02,4.27128991e+00,-5.97127820e+01,-2.96403146e+02,-7.72430377e+01,1.10488772e+03,-1.65878443e+02,-3.99820495e+02,-5.86515347e+02,1.12775291e+02,-3.10936978e+02,7.67909385e+01,2.52972069e+02,5.78268323e+01,2.44405006e+02,1.04711756e+02,5.15647281e+02,2.65885801e+02,-2.93000234e+02,3.66654227e+02,3.00400780e+02,9.66151427e+01,3.86357483e+02,-2.12873673e+02,6.29295988e+02,1.60666624e+02,-2.61075542e+02,-5.03775043e+01,-1.65041456e+02,2.07260043e+02,-2.27875476e+02,-2.65438144e+01,-9.39522537e+01,7.17629481e+02,4.64016451e+02,-5.84113379e+02,-3.65320517e+01,-4.66915979e+02,-1.51710640e+02,-1.96649819e+02,6.45382308e+01,-1.26598355e+01,-2.24598916e+02,1.09692712e+02,-6.06181295e+01,-9.11641199e+01,7.50526387e+02,1.56271713e+02,-7.01070100e+02,-3.82763406e+02,7.99004651e+02,2.37087033e+02,-7.39568042e+01,9.20658852e+02,-1.60194204e+02,-9.74899428e+01,-5.13341435e+01,1.17221379e+02,2.46520201e+02,3.53004318e+01,2.32358269e+02,-1.36528724e+02,-2.69779856e+02,-3.73927952e+02,-4.15171323e+02,3.88115493e+02,1.09885533e+02,3.27273390e+02,1.19969724e+02,7.66337987e+02,1.52279951e+02,-7.07534245e+02,-2.96959410e+02,8.52526559e+01,-2.40479088e+02,5.37584042e+02,-1.09129880e+02,1.59005257e+02,4.31876156e+02,-6.35995449e+02,1.28587016e+03,1.67638173e+02,2.05815541e+02,3.03529506e+02,6.97751696e+01,-6.36201411e+00,3.12046243e+02,-3.07504428e+02,7.07663625e+02,6.10472727e+02,-3.58098262e+02,1.29919169e+02,6.01277419e+02,-1.87398884e+02,1.38027465e+02,3.68928473e+02,3.68965311e+02,-6.77998529e+02,-1.19428654e+02,-3.02935633e+02,-2.73690267e+01,-3.65782868e+01,-2.19886433e+01,-1.40755229e+02,-2.54627313e+02,7.21724588e+01,8.78631794e+01,4.62596575e+02,-3.64454801e+02,3.34885168e+02,3.87640324e+02,-1.43936756e+02,7.65138428e+02,-5.90518788e+02,-9.10633685e+02,-5.73571834e+01,-7.26030607e+01,1.46365163e-01,6.81130478e+02,-6.26856667e+01,3.51477314e+02,4.14927280e+02,3.28122076e+02,-9.08818352e+01,5.46207719e+02,-1.37723760e+02,-2.80371322e+02,-3.99636128e+02,4.71248413e+01,3.32645556e+02,-4.33668869e+01,3.30849602e+02,-2.55465942e+01,5.51929100e+02,1.72123771e+02,7.64128218e+01,-4.70243438e+01,2.92603990e+02,3.26321645e+02,1.71660900e+02,-7.06898165e+00,-4.63608260e+02,2.59643081e+02,1.70797107e+02,3.18870229e+02,2.68012438e+02,3.05341772e+02,-5.15764627e+01,2.34673784e+02,-2.12657629e+02,-9.61383747e+00,-4.80127622e+02,-2.69097170e+02,3.38545570e+02,-7.81720975e+02,2.53445916e+02,1.46687416e+02,7.14723154e+02,-2.24064505e+02,2.63423265e+02,-1.00492770e+02,-4.17354163e+02,-6.20969496e+02,-7.07523045e+01,-7.59275417e+02,1.38165369e+02,-1.78507818e+02,2.58581897e+02,1.76348060e+02,-2.21269345e+02,-2.16808588e+02,3.33588796e+02,-5.17138085e+02,-1.05412393e+02,-1.78893894e+02,2.02985680e+02,-4.48154606e+01,4.94192772e+01,-1.85785837e+02,4.90277451e+02,-4.11521085e+02,8.34517079e+01,5.18468879e+02,-2.95896058e+02,1.59762501e+01,-3.16434498e+01,-5.91720704e+02,-4.00015707e+02,-6.85971199e+01,2.28003247e+02,2.77268794e+02,4.21468351e+01,-7.02171572e+01,1.90422542e+02,-3.89031833e+02,1.45994563e+00,-4.34664482e+02,-2.36408998e+02,4.05538683e+02,-2.53551632e+02,5.53759740e+02,-1.83767618e+02,3.03318828e+02,2.20504374e+02,-5.36659378e+02,-2.45935916e+02,7.33427645e+01,-3.43477997e+02,-3.02488706e+02,-7.47423753e+02,-4.80504363e+02,-4.50464328e+02,-3.71292563e+02,1.96797196e+01,1.14476619e+02,9.43645381e+00,1.80862756e+02,-4.91711235e+02,1.24991289e+02,1.79960634e+02,-5.73391320e+02,-5.54631164e+02,-3.54207337e+02,-2.01805811e+02,1.68038751e+02,7.20717379e+00,-3.83374801e+02,3.06507509e+02,-1.72449513e+02,4.31200103e+02,-7.69421720e+02,5.19930694e+02,-3.24153449e+01,-3.16715184e+02,-2.25875161e+02,2.74345396e+01,3.66791826e+02,-6.49804671e+02,-1.21651863e+02,-1.76546960e+02,4.22248682e+02,7.23561502e+02,-8.37345870e+02,8.05702932e+02,3.92815724e+02,-6.43641778e+02,-3.03696228e+02,6.57676140e+02,5.20830954e+02,-1.55305159e+02,-3.14692479e+01,9.14024902e+01,6.11451557e+02,-4.55557804e+02,1.40467796e+02,-6.54352293e+01,2.62434799e+02,-6.37658599e+02,-6.48826916e+01,-2.89839712e+02,4.07968946e+02,3.68023400e+02,-7.39044453e+02,-4.27067519e+02,-1.96001459e+02,-3.35628789e+02,-1.26048021e+02,-1.99094862e+02,3.70024420e+02,3.58795481e+02,-5.06791743e+01,-3.97851916e+02,-7.20526034e+02,3.75490950e+02,-4.37502768e+02,-2.71571418e+02,4.17272220e+01,-2.97356258e+02,-3.59282495e+02,-2.23381646e+02,-3.65027716e+02,-2.31506887e+02,-4.39817369e+02,5.02489991e+02,5.57266781e+02,-2.94899078e+01,-2.06077555e+02,-1.34975335e+01,3.67221388e+02,-7.60967090e+02,-1.80391902e+02,4.31422515e+02,5.79665120e+02,-1.58783340e+02,9.82782817e+01,4.73142738e+02,1.34771835e+02,-5.65512648e+01,-3.81757289e+02,1.94748421e+02,-3.09905844e+02,-1.37949646e+02,-1.67255130e+02,-1.61555276e+02,1.71933646e+02,6.74438554e+02,6.16934820e+00,3.51640192e+01,-7.83466138e+02,-1.50765947e+02,-3.27345157e+02,4.00575625e+01,-3.64716873e+02,6.79868851e+02,7.03714368e+02,1.27652620e+02,-1.30072678e+02,1.25240067e+02,2.19293143e+02,-4.13185027e+02,-6.65181865e+01,1.21350663e+02,1.19810968e+02,4.90309878e+02,3.89473011e+02,-1.80571114e+02,2.45019435e+02,-8.36166889e+02,-3.73538938e+01,7.37837296e+02,8.40298371e+01,-6.69906873e+00,2.87575768e+02,-2.50355480e+02,8.02170694e+02,-1.07494829e+02,7.35363101e+02,3.21336131e+02,-3.32627038e+02,2.65150722e+02,-2.66686887e+02,-5.95687551e+02,-3.50065711e+01,-4.90399164e+02,-4.62354248e+02,-4.57140039e+01,2.79273067e+02,-5.01700691e+01,-2.91367207e+02,6.54220152e+01,-6.30388725e+02,-7.98494688e+01,-7.17969768e+02,4.51800455e+02,-1.20463565e+01,-4.44583676e+02,-1.64514242e+02,1.49813698e+02,-2.79376440e+02,-4.08859216e+02,7.81545786e+02,-1.94701046e+02,-3.84878152e+02,2.18845691e+02,-1.03985657e+02,4.45082093e+02,-1.47904602e+01,7.44854697e+01,8.84990410e+02,-1.54910248e+02,-3.03854819e+02,-3.25482636e+02,-4.61434574e+02,-2.86712597e+02,2.46873981e+02,1.83267283e+02,1.85050439e+02,6.50460525e+02,2.04166884e+01,1.45871438e+02,-5.76185991e+02,2.12715534e+01,-2.02357059e+02,-2.32002241e+02,1.43588100e+01,3.05548517e+02,3.33352144e+02,6.59190016e+00,8.15551256e+01,2.56411756e+02,3.24892627e+02,-2.08868339e+02,-1.14088248e+02,1.47196790e+01,-2.04037212e+02,-6.81619162e+01,-2.37434110e+02,6.58869862e+02,5.65191046e+02,-1.10919289e+02,1.05822748e+02,-2.11572000e+01,-2.08222546e+02,2.91613413e+02,-7.68011018e+01,3.39551247e+02,-4.68023695e+02,1.64088159e+02,-9.61224943e+01,-4.74755221e+02,-2.19619133e+02,2.37737655e+02,-7.47344064e+02,3.67740827e+02,4.28942029e+02,-6.29074540e+01,-4.43560539e+01,-2.78928388e+01,2.12837766e+02,-2.86860419e+02,3.17033179e+02,2.47786492e+02,-9.09616689e+02,-2.87982513e+02,1.97442374e+02,-8.05812355e+01,3.34895430e+02,-5.36831463e+02,-4.83634576e+00,-3.61671154e+02,-1.07843878e+03,6.54532124e+02,-5.18344267e+02,-5.02892952e+02,7.70258308e+01,1.11696000e+03,6.24763092e-01,-1.89340311e+02,-1.83905942e+01,-6.20414121e+01,-7.72007276e+02,-5.39200313e+02,6.79405237e+02,-4.55498300e+01,-3.44552128e+02,4.38754903e+02,-3.01095083e+02,3.44559721e+02,4.74073699e+02,-5.36427845e+02,-2.24812852e+02,-3.00248535e+02,-1.31050168e+02,-1.69074469e+02,-5.96823008e+01,1.19717282e+02,-2.93173210e+02,2.58664346e+02,5.20480227e+02,-1.39517092e+02,-1.55257857e+02,1.20576377e+02,4.99573672e+02,4.25002257e+02,3.27461824e+01,-1.55355738e+01,-4.78162127e+01,-4.43775442e+02,3.29854422e+02,-2.09593471e+02,1.72931678e+02,-1.36921526e+02,2.53106586e+02,1.53003249e+02,-6.87735609e+02,-2.42268817e+02,-6.88410284e+02,-2.83758462e+02,6.54308749e+01,-1.50046641e+02,2.61119672e+02,-2.51785792e+02,1.64996192e+01,9.13530804e+01,6.49194472e+02,3.26429423e+02,-2.36561612e+02,1.75321838e+01,9.74159800e+01,3.47732607e+02,-5.28399848e+00,4.42066018e+02,2.12139809e+02,7.77674674e+02,2.21629473e+01,5.95909678e+02,-2.27591185e+02,-3.36019578e+02,7.15961597e+01,6.52310376e+01,2.65165930e+02,-5.71136757e+01,-1.38586205e+02,2.26412221e+02,-4.00098336e+02,-4.52421322e+02,6.69980893e+02,-5.13899061e+01,-3.72992197e+02,-4.67880322e+00,-1.23319753e+02,3.06491136e+02,2.88496035e+02,-1.70663889e+02,9.46369036e+00,-2.36057540e+02,-2.84835456e+02,-2.48915221e+02,-8.34666690e+02,-2.91635207e+01,-5.62821062e+02,-4.80783118e+02,-3.43666591e+02,1.53361315e+02,-3.28610638e+02,1.91111841e+02,-4.93376620e+02,9.41545859e+00,-3.55169032e+02,6.50915230e+01,1.02857140e+02,2.53924521e+02,-1.72236029e+02,-1.28919415e+02,2.27604465e+02,5.24800043e+02,2.84048146e+02,6.79379673e+01,-5.95748451e+02,-1.21216798e+02,-2.69117153e+02,-5.29787909e+02,3.61077237e+02,-3.01662115e+02,-3.82798218e+01,-2.00763678e+02,-8.84033452e+02,4.35705727e+02,-1.45864534e+02,3.59312734e+02,-6.06153298e+02,5.72013045e+02,3.73754857e+01,-2.71468782e+02,4.11319778e+01,-2.03713108e+02,-5.95338696e+02,1.23674479e+02,2.45849967e+02,2.80886090e+01,-3.15628138e+02,-1.13947334e+02,1.42233629e+02,2.55749350e+02,5.59541720e+02,2.21460397e+02,-2.05211626e+02,7.71618770e+02,2.50818437e+02,3.41461709e+02,-1.47525204e+02,2.32324565e+02,1.51831359e+02,-5.37879947e+02,-1.64185943e+02,-3.43691587e+02,-2.73848206e+02,-9.08080667e+01,-1.52787268e+02,-3.25093641e+02,-9.90543961e+02,-2.65381701e+02,1.34426307e+02,8.81808646e+01,8.20593073e+01,4.31749353e+02,1.61399253e+02,2.79113601e+02,-3.69051320e+02,4.02672778e+02,-4.29042214e+02,-6.66973960e+02,1.67894037e+02,-3.52180760e+02,-3.65614770e+02,-1.37490257e+03,-1.03678014e+02,6.97678333e+02,4.05947297e+02,-8.88588308e+01,-1.04156364e+02,2.58641278e+02,5.93712855e+02,-3.52039380e+02,-8.36686868e+01,-2.77288837e+02,-3.12913138e+02,-2.96944059e+02,1.38426429e+02,6.24468726e+02,-5.73725136e+02,-4.62303978e+02,2.13923516e+01,-7.56913295e+01,-1.23789157e+02,-8.11455830e+02,4.94107507e+02,2.19092913e+02,7.82265225e+01,4.22538070e+02,-2.64614068e+02,2.58901626e+02,2.35602619e+02,4.63320603e+01,-4.10986292e+01,1.06473990e+02,-1.41356996e+02,4.10421224e+02,-3.80039079e+02,3.66817053e+02,8.15896343e+01,9.81337622e+01,2.05277615e+02,-7.50479123e+02,5.62932358e+01,-5.58512423e+02,-4.40805698e+02,-4.27979563e+02,-3.93176914e+02,1.15742531e+01,1.13822228e+02,4.20841126e+02,8.40012258e+01,1.20248308e+02,-6.19856043e+02,-2.18616247e+02,2.87016303e+02,1.13822769e+01,1.59821900e+01,-7.12228931e+01,3.19462186e+02,-7.95255168e+02,9.18888036e+01,2.05870167e+02,3.96234013e+02,3.39033080e+02,-4.95141711e+02,6.69428875e+01,3.74313959e+01,3.88932702e+01,1.73161277e+01,-1.69294154e+02,-2.75141973e+02,1.37735776e+02,5.45258431e+02,-7.70367596e+01,8.37097223e+01,1.54769938e+02,-2.16373283e+02,-2.14517266e+02,-1.00793453e+03,-3.34557683e+02,-4.43002650e+02,-6.58878937e+01,-5.53603798e+02,6.54170944e+02,-2.57245810e+02,-4.60141451e+02,-1.36312026e+03,5.70764424e+02,1.19612885e+02,-1.22546272e+01,-5.34747142e+02,9.14347534e+01,-1.51165391e+02,-2.83623086e+02,1.02003790e+02,2.79046677e+02,6.89317062e+01,-1.50800560e+02,-2.81682860e+01,7.34427138e+00,1.66486745e+02,-5.30654938e+02,6.09069581e+02,-3.64771582e+02,-2.35914736e+02,-3.66807070e+02,-8.46178298e+02,8.24400319e+01,-4.16227712e+02,-1.91356030e+02,2.96474399e+02,-2.10057165e+02,4.08154304e+00,-8.61327932e+01,-2.22722316e+02,1.45071031e+01,4.62477194e+02,-4.52220997e+02,8.02036035e+02,-1.72215528e+02,2.95327035e+02,-6.87442809e+01,1.30011869e+02,-1.02295176e+02,4.07150114e+02,5.44538735e+02,1.73248739e+02,4.76221699e+02,-3.37907869e+02,-2.84607806e+01,-1.98446877e+02,5.92532047e+02,5.01537920e+02,3.84315902e+02,-1.29853936e+02,-2.62695782e+02,2.33802756e+02,-2.24808896e+02,-1.19779821e+02,-6.30567058e+01,-2.26970271e+02,4.45730878e+02,-5.06900395e+01,3.43371405e+02,1.23317765e+02,1.47843293e+02,-2.96985366e+02,2.80891909e+02,-1.57776803e+02,-1.13499161e+02,-2.60539922e+01,-4.41826561e+02,6.67087557e+02,-2.45366510e+02,-3.52940903e+01,1.73234149e+02,1.48775445e+02,6.15350269e+02,-1.43972471e+02,6.67065880e+02,6.05681326e+02,-8.44551216e+02,7.54328234e+01,-1.77403317e+02,1.26595564e+02,7.49218608e+01,1.53052248e+02,5.24862872e+02,8.05338312e+02,-6.81247667e+02,6.66032936e+02,-8.02809823e+02,-6.69036686e+02,-1.07181610e+02,-9.56125667e+00,6.11395826e+02,3.35512514e+02,-1.58345308e+02,-8.04759430e+02,6.11560337e+02,-3.90842067e+02,-8.81567844e+00,-4.37696737e+01,1.07810633e+03,-2.45789101e+02,-9.15396967e+02,2.68636113e+02,-1.40619309e+03,9.68388573e+01,-3.10334627e+02,-1.57373521e+02,-2.37095158e+02,-5.09447594e+02,3.55896552e+02,-3.14434979e+02,-8.03813634e+01,-6.80499024e+02,-5.80916845e+01,-4.16470061e+02,-6.47081514e+02,-1.06333200e+03,8.79364068e+01,-2.80602631e+02,-6.41987827e+00,-1.17291114e+02,-6.88474078e+02,-5.49358506e+02,-4.59289270e+02,-4.63293005e+02,4.76197375e+02,8.07197553e+01,-4.15574380e+02,-1.59154663e+02,-1.95113786e+02,3.23120854e+02,-2.89731531e+02,-1.06212036e+02,-1.95786189e+02,-3.11894576e+02,-3.25780886e+02,3.32812858e+02,-1.51510751e+02,-7.90839605e+02,6.69642314e+02,4.07898987e+02,5.30323651e+01,-6.29969321e+02,-6.56374137e+02,9.40651974e+01,1.18279912e+01,-2.59368732e+02,-4.22231643e+02,3.07912686e+02,-6.84791768e+01,2.37392249e+02,4.28902225e+02,2.92897277e+02,3.05570725e+02,2.21368450e+02,-1.76883370e+02,-1.08908619e+02,-1.90838448e+02,-3.03300595e+02,-3.97513862e+02,-5.61881709e+02,-3.39376104e+02,-7.00106364e+01,-6.91541392e+02,-7.60919261e+01,2.83185777e+02,-6.22226592e+02,2.16414466e+02,1.89158986e+02,-6.11798765e+02,-4.93018843e+02,-1.36339433e+02,1.83223665e+02,-3.44389064e+02,6.08469393e+02,5.45739125e+02,-6.51290825e+02,4.38387036e+02,3.07624086e+02,6.61234705e+01,2.18567062e+02,-3.70029546e+02,-1.23979425e+02,4.75117969e+01,1.53839765e+02,3.92237812e+02,-4.39752356e+02,-3.77629287e+01,1.53174821e+02,-1.22703519e+01,-2.30019697e+02,1.70973893e+02,-2.31064283e+02,-1.74777600e+02,3.22589849e+01,-5.20025364e+02,3.10888960e+01,-2.02239879e+02,-1.09430407e+02,6.41922480e+00,-4.91762826e+02,4.89157965e+02,-2.32482634e+02,-1.12094834e+03,-7.32973330e+02,3.38196324e+02,-3.08737315e+02,-1.48414440e+02,-2.52181421e+02,-1.44134350e+02,-8.65793463e+02,-9.54776062e+01,-5.54444953e+02,-2.89150304e+02,2.22575926e+02,6.44158868e+02,-2.70448729e+00,-2.66751331e+01,5.04865016e+02,-4.39024951e+02,3.09608437e+02,7.98390168e+01,-3.61550301e+02,-1.56929324e+02,2.12203240e+02,1.60238714e+01,8.55466883e+01,9.90126382e+01,-2.03991197e+02,-2.41315816e+02,-4.56400809e+02,4.33349375e+02,-5.49717626e+02,-4.03817316e+02,8.29844441e+01,-7.73258009e+02,1.67118163e+02,5.42377212e+02,-4.18684167e+01,6.14197761e+01,-2.15743672e+02,-1.76907078e+02,8.89469445e+01,3.24128077e+02,-3.49554427e+02,2.66462118e+02,-9.53179174e+01,-3.31446698e+01,2.32468724e+02,1.64994276e+02,-7.82010401e+01,-3.32444785e+00,2.09730990e+02,2.42331896e+02,-6.20557314e+02,5.62361008e+01,4.66212734e+02,-8.39859180e+02,2.80690177e+02,-1.03116780e+03,-8.03354257e+01,-1.28395632e+02,-7.25007896e+01,-7.79477740e+01,-2.23888706e+02,-3.23310176e+01,1.42137903e+02,-2.08870600e+02,1.21641347e+02,7.50642312e+02,-5.54653862e+02,-2.30746796e+02,3.16424546e+02,2.13877703e+02,3.58029485e+02,1.42019577e+02,2.43810336e+02,-1.60951041e+02,-4.22990610e+02,-3.67449277e+02,-1.80740348e+02,6.84750758e+00,-3.62897130e+02,-1.31461842e+02,5.74400600e+01,2.00298803e+02,-8.62521680e+01,4.85959394e+02,-4.39586326e+02,-4.48778991e+01,-2.38758881e+01,2.41306675e+02,-3.51553580e+02,-2.21207030e+02,2.35557303e+02,4.30922816e+02,6.03677122e+02,3.02914186e+02,3.57007658e+02,-2.56435463e+02,5.39802110e+02,5.82200739e+02,-5.46350933e+01,3.39114447e+02,3.28317267e+02,-2.19318011e+02,1.54899463e+01,5.29869387e+02,-2.39553042e+02,-1.06595100e+02,-5.22932832e+02,2.31793125e+02,-6.60330699e+01,1.52519793e+02,8.20942413e+01,-3.59809628e+02,3.96352378e+02,3.51479439e+02,-2.05687168e+02,1.59127331e+02,-4.96075078e+02,-4.45985868e+02,2.02203142e+02,-5.95690817e+02,-2.33568024e+02,8.23464556e+01,6.97751349e+02,-2.09953402e+02,-9.02398997e+01,-1.27384043e+02,9.89576155e+02,1.23000219e+02,-3.74566717e+02,5.90865076e+02,5.43583032e+02,2.59996332e+02,6.30668939e+02,6.98648593e+02,-8.99742332e+01,-2.58477301e+02,-2.79792278e+02,2.31921876e+02,3.26471394e+02,-4.27443526e+01,-1.78457756e+02,-5.30869195e+02,-2.59188944e+02,-3.81817046e+02,2.54980613e+02,1.30166992e+02,5.39726764e+02,4.95703274e+01,-2.16189032e+02,-6.78214381e+01,3.45027747e+02,1.12638300e+02,4.40388845e+02,4.95022962e+02,-1.18879182e+02,-7.80825465e+01,-8.33485250e+02,4.59668952e+02,-4.57474012e+01,4.33538299e+02,-1.58470951e+02,-5.03301134e+02,1.70697355e+02,5.97046016e+02,-2.11725030e+02,5.88360225e+02,-6.22291651e+02,-1.93748498e+02,-6.73809805e+02,1.89778586e+02,9.82755247e+01,8.14679033e+00,-5.15611019e+02,7.55525304e+02,4.53486524e+02,7.01628759e+01,-3.95692382e+02,1.87841239e+02,-2.33828762e+02,-7.58995577e+01,-1.88273201e+02,1.79019063e+02,-8.75641359e+01,-1.75519710e+02,1.65205987e+02,2.25814862e+02,-7.32669242e+02,1.67387001e+02,5.75930030e+02,3.60221148e+02,-1.13134129e+02,2.90408667e+01,-3.08103075e+02,5.06474344e+02,1.50139069e+02,-5.76052881e+01,-5.94694505e+01,9.35628668e+02,5.85238023e+00,2.65362754e+02,6.21154654e+02,8.37107777e+02,5.48407743e+02,3.63378446e+02,-5.45702517e+02,-3.72263323e+02,2.96743704e+02,1.47855121e+01,2.77237750e+02,1.58045818e+02,5.04013837e+02,-6.64460300e+02,-4.20340046e+02,-5.53852531e+01,-7.42156867e+02,1.67744105e+02,3.38345932e+02,1.18695602e+02,-1.94877889e+02,2.02584432e+02,1.21898464e+03,2.22916855e+02,1.30315809e+02,-4.19858101e+02,-5.66617834e+02,-1.34185990e+02,2.66832986e+02,-4.50360732e+01,1.80273070e+02,3.01498103e+02,-5.12925837e+02,2.12864117e+02,4.47919066e+02,5.02025994e+02,-4.82914684e+01,1.02575649e+01,-7.96514446e+01,-4.32532076e+02,-5.71107583e+02,7.14987479e+02,-5.78901111e+01,-5.07078180e+02,1.92727450e+01,-1.96807136e+02,7.82979901e+02,-2.04967829e+02,-2.95580077e+02,2.68103446e+02,-1.25167241e+02,3.71862769e+02,-4.72146585e+01,8.61740593e+02,4.31311740e+02,-9.59597674e+00,-3.09381991e+02,2.12793035e+02,-4.75178876e+02,-9.92713944e+01,5.21735560e+02,-2.40356142e+02,-4.04172979e+02,-1.90510310e+02,4.44779448e+02,1.24837586e+02,-7.11391119e+02,2.62828869e+02,1.27900357e+02,5.95824632e+01,-4.38279729e+02,1.51984311e+01,3.00628922e+02,4.37311451e+02,5.48916112e+02,2.24033399e+02,3.53333316e+01,-4.35774512e+02,-4.09736707e+02,-6.36887765e+02,-7.95126067e+01,2.71013575e+02,-2.11294319e+01,4.58937824e+02,-2.71896295e+02,1.56803819e+02,-1.03717436e+02,-2.55391040e+02,5.07572107e+02,6.53389191e+01,5.26265564e+02,2.59457844e+01,2.13143527e+02,-1.70391543e+02,5.36473518e+02,-1.04022622e+02,-3.26637871e+00,-6.70113374e+02,-9.24782264e+01,6.23814482e+02,5.70578013e+02,2.26259651e+02,-1.29339478e+02,3.29804937e+01,-1.52270170e+02,-5.05496669e+01,7.71529295e+02,1.55790744e+01,-2.03806575e+02,-9.45916926e+02,-4.63759168e+02,-3.22640050e+02,-5.74858987e+02,-4.81885346e+02,-6.09312571e+02,-3.97929508e+02,-3.25363280e+02,-4.11991491e+02,4.08842532e+02,-2.17275756e+02,-8.29778071e+02,3.42618668e+02,-2.48265636e+02,-7.04336462e+02,8.32309755e+02,-2.06612536e+02,1.69029931e+02,3.49641804e+02,9.21685720e+00,2.23601974e+02,7.61035911e+00,-1.27026942e+01,-1.17456150e+02,-6.22137288e+02,9.11476290e+01,-1.11739024e+03,5.61507308e+02,-3.75625710e+02,-1.19106725e+02,-1.52792936e+02,9.05287009e+01,-1.61067431e+02,2.45864502e+02,-4.61779139e+02,3.25214904e+02,3.36488467e+02,1.32140641e+02,8.46803006e+01,1.71002376e+02,6.40739668e+01,2.59652275e+02,-8.17429356e+01,-5.38685041e+02,8.42886187e+01,-1.98822467e+02,-3.91742383e+01,4.28593111e+02,-6.96155016e+02,8.89210908e+00,1.20861803e+01,7.40437280e+01,2.85192341e+02,-1.18275199e+02,7.21500129e+02,4.14696993e+02,-1.50370316e+02,-9.06845139e+01,1.69327254e+01,6.69123844e+02,-4.78014793e+02,-8.94345623e+02,2.48527796e+02,-1.04501495e+02,-1.08987420e+02,1.44976279e+02,6.72325119e+02,4.09337915e+02,-1.51226744e+02,-4.33742346e+02,-5.22079814e+01,2.52515876e+02,-1.13536893e+02,-6.39346141e+02,-2.49755864e+01,-7.99196551e+02,-4.19339297e+02,6.84762791e+02,-4.40971997e+02,-5.72437772e+02,-4.47327312e+02,-3.04352935e+02,2.88143628e+02,7.09349126e+02,-4.43325485e+01,2.36476564e+02,-1.55116273e+02,-5.99601838e+02,4.02538734e+02,-3.92729261e+02,2.43328671e+02,3.11371291e+02,-6.51216116e+01,3.54526073e+02,3.76482468e+02,9.26285680e+02,-1.27950945e+02,-3.97600241e+02,-5.48722504e+02,-1.30486754e+02,-2.24839493e+02,8.72431178e+02,-3.81085898e+02,8.76119570e+01,6.32807308e+01,-2.24645400e+02,-6.99230320e+02,-5.58516793e+01,8.41478812e+02,9.52070627e+01,6.07694158e+01,-4.61920620e+02,-5.21447528e+02,-8.50410571e+01,4.16303391e+02,-1.93194025e+02,9.16557652e+02,-3.78525675e+02,1.46693355e+02,-1.77418452e+02,-5.89311255e+02,2.67248555e+01,-4.40180093e+02,-6.41542064e+02,7.16757836e+01,2.00420010e+01,4.45426986e+02,1.81491824e+02,-2.91503108e+02,1.94623355e+02,-7.11848793e+02,-4.55121044e+02,7.80996446e+02,1.11400904e+02,-1.20743558e+02,-2.77774944e+02,-4.01823174e+01,-6.77137516e+01,7.33927169e+02,3.52931352e+02,-1.26122265e+02,-5.93546348e+01,-3.47022077e+02,-1.75053240e+02,-5.79239831e+02,4.13460072e+02,6.47905333e+01,1.18576087e+02,1.31395549e+02,-4.81422952e+01,-1.58224207e+02,-3.93643196e+00,-9.16958226e+02,-1.63818143e+02,-7.00904778e+01,-7.88253402e+01,4.71957927e+02,5.44785344e+02,1.39368429e+02,-8.25314399e+02,5.51380962e+02,-1.72443356e+02,-3.32791984e+02,-7.52781005e+02,-2.81013930e+02,5.09242816e+02,2.36531183e+02,6.13649180e+01,2.65183991e+02,-5.02477359e+02,-3.83492860e+02,4.77159315e+02,3.29475991e+02,4.45022384e+02,-1.38273558e+00,5.97921899e+01,4.77554787e+02,8.52598070e+02,-2.11937970e+02,3.26529614e+02,-1.46867279e+02,-3.62635269e+02,-2.95488842e+02,-2.64672669e+02,-1.29398737e+02,-4.40238186e+02,-2.01644136e+02,-1.20214245e+03,2.93726593e+02,1.68535202e+02,-3.19271952e+01,-3.57918699e+02,-1.93481420e+02,-4.64801995e+02,1.01162493e+02,7.10456391e+02,-1.78386422e+02,-1.41987327e+02,1.88783021e+02,-4.18448946e+02,7.48755529e+02,1.43236383e+02,1.58572136e+02,4.45622517e+02,1.45793140e+01,4.84355553e+02,1.42244119e+02,-7.36606671e+01,8.09967792e+01,-2.06061601e+01,5.99160421e+02,7.84402434e+01,1.28710240e+02,-7.79267981e+01,1.15019932e+02,-7.98633915e+02,-3.21378129e+02,-3.98323072e+02,4.42593540e+02,-2.52537666e+02,-5.55055243e+02,5.07921880e+02,-1.04097463e+02,3.77054651e+02,-7.89277974e+02,2.13279483e+02,6.56968189e+01,5.09416125e+01,-7.64251776e+01,-5.62467238e+01,4.26064721e+02,-1.58860544e+00,-4.27311622e+02,-1.38573892e+02,2.17865875e+02,-1.00827534e+03,-8.01612024e+02,1.25704627e+01,9.69246795e+01,-3.76100248e+02,-3.67382158e+01,9.36085326e+02,2.84174972e+02,-4.84340934e+02,8.11742612e+01,-7.73916395e+01,9.00693326e+01,-2.96471173e+02,1.60727053e+02,2.44874329e+02,-5.82925672e+01,9.72340137e+02,-9.15515995e+01,-2.77822430e+02,1.66213206e+02,3.56976104e+02,-3.06462952e+02,-2.55500536e+01,8.28894568e+02,-2.06344511e+01,5.08869092e+02,1.24026214e+02,-8.28338793e+01,-2.26945231e+02,4.91693962e+02,-4.75676708e+02,-1.81829494e+01,-1.30419425e+02,-3.65497293e+02,1.44964067e+02,2.06416891e+02,7.63157508e+01,-1.41872925e+01,-3.34678827e+02,1.59256992e+02,-1.52097603e+01,-2.16138321e+02,-1.86907269e+02,1.70179783e+02,-4.32770719e+01,-3.16863945e+02,-9.21448555e+02,7.89101949e+01,2.01539135e+02,-4.05223879e+02,-1.94920622e+02,7.13237866e+02,6.35792022e+01,3.05375184e+02,5.69285736e+01,3.19755036e+02,4.44809838e+01,-3.40793222e+02,-3.41115703e+01,7.16155723e+01,2.40919651e+02,6.93788900e+02,4.25660806e+02,1.88088583e+01,1.48435320e+02,5.22164519e+02,2.26897549e+02,-6.27507255e+02,-2.32159111e+02,1.16533452e+02,7.40427687e+01,2.27966783e+02,-4.54671702e+02,1.09257911e+02,3.48388502e+02,4.26699909e+02,-3.87477153e+02,-4.43146403e+01,-1.98346461e+01,-1.18068956e+02,-2.86537482e+02,-1.70528767e+02,-2.89321453e+01,6.97689239e+01,3.57893178e+02,-2.69038200e+02,6.92558559e+02,3.08255545e+02,2.18980229e+02,2.88353403e+02,2.62395818e+02,2.84272259e+02,4.67779271e+02,-3.83306968e+02,5.47601603e+02,-9.63926305e+02,2.69041559e+02,-9.40698804e+02,7.29039345e+02,6.30135985e+02,-1.00240989e+02,-4.25796703e+02,-3.65807571e+02,-4.98365967e+02,-5.36509132e+02,4.98066669e+02,3.71619671e+02,2.09548015e+02,2.74368652e+02,3.52448841e+02,-3.33124865e+02,-1.74161208e+02,4.96567301e+02,-1.07937224e+02,4.58185642e+02,6.33198495e+02,-3.73251808e+01,-6.23985200e+02,1.27666098e+01,-1.13350501e+01,-8.51132588e+01,6.84735612e+00,-5.81121852e+02,-1.58898596e+02,5.20022135e+01,7.75458433e+01,4.19263934e+02,-3.46261162e+02,5.29579294e+02,-3.50016962e+02,1.92738564e+02,3.37789774e+02]
