name = 'OC-O'
composition = {'H':0, 'C':1, 'N':0, 'O':2, 'Pt':1}
facet = ['Ni100'] 
IS_SPE =[-94.332224, 'eV']
IS_ZPE =[0.316, 'eV']
IS_frequencies=[12.0, 17.4, 46.2, 59.8, 69.1, 612.2, 623.3, 1313.4, 2352.6, 'cm-1']
TST_SPE=[-93.99273162, 'eV']
TST_ZPE=[0.239, 'eV']
TST_frequencies=[127.5, 135.1, 249.2, 256.6, 345.4, 382.4, 572.8, 1781.4, 'cm-1']
no_reactants=2
bee_IS = [-5.09414040e+02, -4.01551642e+01, -1.17645818e+02,  3.94404162e+02,       -1.86727104e+02, -1.62889519e+02, -3.48836015e+02, -7.76079255e+02,       -3.70748846e+02, -4.14560611e+02, -3.38037390e+02,  4.09445847e+01,        1.20722534e+01,  2.60737534e+01,  2.72903458e+01,  4.09867063e+02,       -1.81073810e+02, -1.58711848e+02,  1.51429797e+02, -9.67991471e+02,        5.09036479e+02, -2.31451307e+02, -4.48726666e+01, -1.05045071e+02,       -4.80318196e+01, -5.02135353e+01,  7.52670327e+02, -1.85312596e+02,       -7.20723152e+01, -4.56938794e+02,  6.71709697e+02, -1.18034533e+02,       -3.38765012e+02,  2.08178483e+02, -3.71647712e+01,  1.70161527e+02,       -2.69683124e+01,  6.19721203e+01,  2.37985703e+02, -8.85518776e+02,        4.71889097e+02,  1.11658856e+02, -5.13274752e+01, -2.93487595e+02,        9.77957636e+01, -1.58290449e+02,  3.81669355e+02,  3.21659608e+02,       -2.38614746e+02, -2.54287625e+02, -2.58876833e+02, -2.95181102e+02,        1.00033166e+02, -4.32560875e+02,  1.19664327e+02,  5.22086773e+02,        5.95976112e+02,  3.03255578e+02,  1.40579814e+02,  2.39281140e+02,        7.80896199e+02,  1.82497452e+02, -4.79786230e+02, -1.07469615e+02,       -2.05440532e+02,  5.30649624e+02, -6.52338921e+02, -5.44493626e+02,       -2.36444549e+02, -8.70145171e+01, -3.80276343e+02,  2.33403506e+02,        8.37408929e+01,  1.14331621e+02, -3.35831271e+02, -3.03209498e+02,       -4.90369605e+02,  3.25040559e+02, -2.84732389e+02,  2.29653749e+02,       -5.75194633e+01, -2.54914039e+02, -5.06377700e+02, -1.50104218e+02,       -9.81394978e+01, -1.38603313e+02,  3.43113663e+02,  6.16710366e+02,       -3.67983361e+02, -6.96459553e+02, -1.72777259e+02,  9.64252010e+02,       -4.96912129e+02,  2.87436287e+02, -9.18627381e+01, -5.40714757e+02,        2.10266205e+02,  3.31384909e+02, -1.51513519e+02,  3.05267241e+02,       -2.32439545e+02, -4.47402603e+02,  7.75083355e+02,  4.03211358e+02,        2.69588895e+02,  1.26784478e+02,  2.13067224e+02,  7.08456122e+02,       -2.16952034e+02,  5.03057503e+01, -1.20125696e+03,  1.60349819e+02,       -5.92228478e+02,  1.26324516e+02,  1.87852811e+02, -2.97015202e+02,       -4.65183052e+02,  5.36613328e+01, -2.55381810e+02,  3.09015272e+02,       -4.41050914e+02, -2.32549611e+01, -3.08670651e+02, -3.63223834e+01,       -2.77574876e+01,  1.46933284e+02,  1.06947111e+01, -5.24815282e+01,        5.26585957e+02,  7.93444900e+02,  4.15015821e+02,  6.77352119e+02,       -1.04819219e+02,  1.16531365e+02,  4.77519649e+02, -7.75833745e+01,       -6.64690171e+02, -3.26421363e+02, -4.36200145e+02, -2.49905099e+02,        2.42703336e+02, -1.02381982e+03, -1.66467118e+02,  3.73523791e+02,       -3.17166691e+02, -3.18316536e+02,  4.70713470e+02,  3.82771889e+02,       -3.00354582e+02,  1.69111377e+02, -2.13659006e+02,  3.02632565e+02,        3.46236854e+01,  1.32780799e+02, -7.54649171e+02, -4.22181263e+02,       -6.78467880e+01,  1.99946033e+00, -3.36764635e+02,  9.25980926e+02,       -1.92262405e+02, -2.91585761e+02,  3.26250039e+02, -4.16179478e+02,       -2.83385597e+02,  2.66066572e+02,  9.52675260e+01,  1.13418300e+02,        1.05109928e+02, -9.73168687e+01,  1.68226912e+02,  5.05828711e+02,       -2.56437190e+02,  1.50230231e+02,  7.90159481e+02,  2.90189494e+02,       -7.54952616e+01, -1.66300779e+02,  1.33678776e+03, -1.52666740e+02,        3.07464909e+02,  1.89037726e+02,  2.98402878e+02,  7.72078925e+02,        4.32238578e+02, -2.52910571e+01,  1.96371165e+02,  4.10053097e+02,        3.37317317e+02, -4.83580432e+02,  8.12440355e+02, -7.24332678e+02,       -1.52804809e+02,  4.98930977e+02,  7.34665639e+01,  5.86781729e+01,        2.71758355e+02,  2.11723052e+02,  3.11057380e+02, -5.53982088e+02,        4.33172649e+01, -2.37167748e+02, -9.38485636e+01, -2.90688123e+01,       -7.74429028e+01, -4.84309476e+01,  7.11662831e+02, -7.37455378e+01,       -2.40959307e+02, -1.99011701e+01,  1.01138373e+02, -5.11263323e+02,       -3.89259600e+02, -3.16111905e+02, -5.47279522e+02, -1.42556462e+02,       -3.60811948e+02,  1.68739695e+02, -9.69946789e+00, -9.26730961e+01,       -7.42993628e+01,  5.65037517e+01, -1.73691653e+02,  5.81511765e+02,       -7.13886396e+02, -1.39923225e+02, -1.36618032e+02,  1.46685990e+02,        1.59911588e+02, -4.01578146e+02, -1.57571933e+02,  3.63628662e+02,       -1.94007926e+02,  1.37205597e+02,  3.21404724e+02, -3.61268124e+01,        9.81705085e+02, -1.77346971e+02, -2.79536878e+02,  5.60627563e+01,       -1.97240996e+02,  4.61749299e+02, -3.13567972e+02,  7.35899540e+01,        5.42875826e+02, -1.14563643e+02,  1.04421914e+03,  1.11526204e+03,       -5.70832259e+02,  5.04172517e+02,  1.45341215e+02, -4.64896217e+02,        1.52496090e+02,  3.15469043e+02,  3.30991604e+02,  2.11374771e+01,        1.02079511e+02,  6.19096127e+02, -1.99983428e+02,  1.41393459e+02,        6.62075240e+02, -3.24985092e+02, -1.30776635e+02,  4.52734942e+02,        2.33227780e+02,  6.61643020e+02,  2.24330083e+02,  5.92407178e+01,        2.27573393e+02,  3.38010128e+02, -4.21171909e+02,  2.97461001e+01,        1.60181231e+02,  1.06600948e+02,  1.90655401e+02, -5.09933311e+02,        2.97224867e+02, -3.86250571e+02, -2.74007947e+02,  1.52130365e+02,       -1.22451810e+02,  4.75410314e+02, -2.09693012e+02,  2.51533580e+02,        2.82181803e+02,  6.91385521e+02,  4.82216172e+02,  4.13067027e+02,       -7.64253008e+01, -5.89498131e+01, -2.75237384e+02,  6.65684679e+02,        6.83006921e+02,  3.24569420e+02, -2.00252753e+02,  4.36600277e+02,       -7.74610937e+01,  1.84347530e+02,  5.41093241e+02,  6.03911201e+00,       -6.77227263e+01, -2.14484820e+02, -4.62334432e+02,  8.41382171e+02,        3.92281649e+02, -4.85848359e+02, -1.34493162e+02,  2.42305417e+02,       -9.22722920e+01,  5.41255247e+02,  1.05575449e+02,  6.90692398e+02,        2.68597837e+02, -2.45743170e+02,  2.14027792e+02, -3.66092956e+01,       -2.75583390e+02,  1.45197894e+02,  1.62187211e+02,  7.87878485e+02,        6.93337738e+02,  4.56599658e+02,  6.04526974e+02,  6.30404633e+01,       -2.37846920e+02,  1.35017766e+02, -2.88510578e+02, -4.39935055e+02,       -5.02622122e+02, -2.36756414e+02, -9.35186305e+02, -2.69724007e+02,       -7.41515357e+02,  1.85778504e+02, -3.99835603e+02,  3.55263353e+02,       -8.29950944e+02, -2.79813727e+02,  4.27579108e+02,  1.94697326e+02,       -7.47065705e+02,  5.37926785e+02, -2.09936305e+02,  4.52578972e+02,       -2.23323275e+02, -6.84557181e+02,  1.06054077e+02, -5.52324378e+02,       -1.16547388e+02,  2.13463566e+00,  3.68726026e+02,  1.08420657e+03,       -3.94025570e+02, -3.02886868e+02, -2.55145660e+00, -1.21973114e+02,       -7.02701473e+02, -4.82642122e+02,  4.29232534e+02, -2.19804199e+02,        1.45567757e+02, -4.22061251e+02, -1.29220096e+02, -3.47388794e+02,        4.63402524e+02,  1.32657390e+02, -1.94278229e+02, -1.16462398e+02,        8.80342717e+01, -7.34550152e+01,  3.77013365e+02, -2.17340610e+02,        4.49912894e+01,  2.97482340e+02,  1.51712959e+02, -1.52229495e+02,        1.34040374e+03,  4.70139429e+02,  2.98812511e+01,  9.01027366e+01,       -5.34782646e+02,  2.67358842e+02, -6.48664518e+02, -2.22236287e+02,       -4.77083402e+02, -1.64965283e+02,  4.80457310e+02, -4.88931933e+02,        1.57783880e+02, -2.40124202e+01,  2.77654607e+01, -3.21979213e+02,       -3.86263910e+02, -2.99658882e+00, -3.69935523e+02, -1.91823381e+02,       -3.54403903e+02, -8.96988631e+01, -3.10400897e+02, -4.44771366e+02,        1.95710854e+02, -1.49400598e+02,  1.82862965e+02,  8.81756328e+01,       -6.36025913e+02, -4.73932419e+02, -3.43968110e+02,  3.08942966e+02,       -8.88365245e+00, -5.47776459e+02,  5.03218372e+02, -3.44671642e+02,        4.73585692e+02, -2.60662294e+02, -4.21549706e+02,  2.29499825e+02,       -5.87033363e+02, -3.36231405e+02,  5.52175931e+02,  1.56791897e+02,       -3.50598762e+02,  4.55119959e+02, -1.48420919e+02, -3.26945682e+02,       -2.65641914e+02, -4.20258523e+02,  2.04956780e+02, -7.85184302e+02,       -7.20884142e+02, -8.30010094e+01, -2.60134886e+02, -4.76909994e+02,        6.23498897e+02,  1.14256986e+03, -2.85643750e+02, -2.72749767e+01,       -5.46970522e+02,  5.70795792e+02,  1.60726088e+02, -1.69912159e+02,       -3.33263219e+02,  1.45840874e+02, -5.26456668e+02, -1.74251162e+02,       -7.68374376e+02,  3.02793517e+02,  1.13646598e+02,  4.61244471e+00,       -5.93838258e+01, -2.96410084e+02, -7.71657117e+01,  1.10538830e+03,       -1.65506976e+02, -4.00292431e+02, -5.86304566e+02,  1.13003334e+02,       -3.10923004e+02,  7.68019235e+01,  2.53093431e+02,  5.78136576e+01,        2.44387350e+02,  1.04694682e+02,  5.15716542e+02,  2.66160967e+02,       -2.93048804e+02,  3.66216776e+02,  3.00359662e+02,  9.64578473e+01,        3.87146315e+02, -2.12501196e+02,  6.29228076e+02,  1.59921901e+02,       -2.60993469e+02, -5.08675862e+01, -1.65367983e+02,  2.07478340e+02,       -2.27941520e+02, -2.61222354e+01, -9.41671123e+01,  7.17520874e+02,        4.64138903e+02, -5.84327412e+02, -3.62942683e+01, -4.67017879e+02,       -1.51605870e+02, -1.96875931e+02,  6.46563235e+01, -1.24672290e+01,       -2.24731192e+02,  1.09111179e+02, -6.06415887e+01, -9.15058280e+01,        7.50331593e+02,  1.56575447e+02, -7.01174629e+02, -3.83511238e+02,        7.98783817e+02,  2.37298404e+02, -7.37368183e+01,  9.21229247e+02,       -1.60143295e+02, -9.75484344e+01, -5.12661428e+01,  1.17380468e+02,        2.46456802e+02,  3.52101443e+01,  2.32182734e+02, -1.36536765e+02,       -2.69695582e+02, -3.74465660e+02, -4.15660380e+02,  3.88724566e+02,        1.09728900e+02,  3.27600080e+02,  1.20250629e+02,  7.66427092e+02,        1.51896692e+02, -7.07695496e+02, -2.97075671e+02,  8.55348059e+01,       -2.40332258e+02,  5.37569036e+02, -1.09395666e+02,  1.58903717e+02,        4.31542128e+02, -6.36047505e+02,  1.28600739e+03,  1.67601057e+02,        2.05436358e+02,  3.03622328e+02,  7.02265428e+01, -6.16465493e+00,        3.12077699e+02, -3.07907143e+02,  7.07893776e+02,  6.10604789e+02,       -3.58440930e+02,  1.30327969e+02,  6.01378907e+02, -1.87299693e+02,        1.37729671e+02,  3.69511904e+02,  3.69176032e+02, -6.78701096e+02,       -1.19947005e+02, -3.03417591e+02, -2.79330184e+01, -3.65336041e+01,       -2.19701614e+01, -1.41204384e+02, -2.54920025e+02,  7.18572171e+01,        8.82753497e+01,  4.62877184e+02, -3.64585792e+02,  3.34615612e+02,        3.87874182e+02, -1.44299625e+02,  7.66059115e+02, -5.90502612e+02,       -9.11147006e+02, -5.69808268e+01, -7.29512602e+01,  2.80549848e-01,        6.81296345e+02, -6.29847506e+01,  3.51326428e+02,  4.14803219e+02,        3.28044873e+02, -9.06663503e+01,  5.46414635e+02, -1.37780149e+02,       -2.80305154e+02, -4.00684698e+02,  4.64285716e+01,  3.33165627e+02,       -4.37321110e+01,  3.31061492e+02, -2.55934036e+01,  5.52070639e+02,        1.72364991e+02,  7.62762058e+01, -4.73060651e+01,  2.92898249e+02,        3.25984657e+02,  1.71843166e+02, -6.74291512e+00, -4.63452710e+02,        2.59735671e+02,  1.70843176e+02,  3.19155147e+02,  2.68316908e+02,        3.04850073e+02, -5.07129412e+01,  2.34658261e+02, -2.12312968e+02,       -9.98708232e+00, -4.80443121e+02, -2.68646168e+02,  3.38479365e+02,       -7.82186371e+02,  2.53833473e+02,  1.47011018e+02,  7.15159150e+02,       -2.24552188e+02,  2.63538810e+02, -1.00416401e+02, -4.17301298e+02,       -6.21086432e+02, -7.05985976e+01, -7.59819605e+02,  1.38508491e+02,       -1.78858078e+02,  2.58360228e+02,  1.76162158e+02, -2.21473021e+02,       -2.16980642e+02,  3.33372226e+02, -5.17333870e+02, -1.05808864e+02,       -1.79144958e+02,  2.02848320e+02, -4.52051086e+01,  4.96108231e+01,       -1.86210589e+02,  4.90601077e+02, -4.11246148e+02,  8.42403144e+01,        5.19158729e+02, -2.95844131e+02,  1.60004951e+01, -3.18551391e+01,       -5.92441862e+02, -4.00625901e+02, -6.89109226e+01,  2.27992720e+02,        2.76980306e+02,  4.23319664e+01, -6.98523708e+01,  1.90997282e+02,       -3.89307923e+02,  1.44351596e+00, -4.34665625e+02, -2.36149598e+02,        4.05533841e+02, -2.53603339e+02,  5.53821693e+02, -1.83901134e+02,        3.03528616e+02,  2.20859256e+02, -5.36701180e+02, -2.46256753e+02,        7.28513124e+01, -3.43406387e+02, -3.02373607e+02, -7.47141222e+02,       -4.80917145e+02, -4.50920558e+02, -3.71150638e+02,  1.99959638e+01,        1.13930479e+02,  9.11119609e+00,  1.80497439e+02, -4.91970931e+02,        1.25399922e+02,  1.79926055e+02, -5.73330849e+02, -5.54858660e+02,       -3.54285312e+02, -2.01765029e+02,  1.68505036e+02,  7.52225087e+00,       -3.83263069e+02,  3.07062359e+02, -1.71927925e+02,  4.31174649e+02,       -7.69432076e+02,  5.19763649e+02, -3.18372542e+01, -3.16997305e+02,       -2.25761269e+02,  2.73084565e+01,  3.66340541e+02, -6.50376685e+02,       -1.21659362e+02, -1.76893998e+02,  4.22862906e+02,  7.23676419e+02,       -8.37578776e+02,  8.05789266e+02,  3.92846910e+02, -6.43641422e+02,       -3.04113715e+02,  6.57614857e+02,  5.20840444e+02, -1.55772222e+02,       -3.10909359e+01,  9.13080463e+01,  6.11334251e+02, -4.55427686e+02,        1.41042905e+02, -6.53433212e+01,  2.62694290e+02, -6.38172508e+02,       -6.52869504e+01, -2.90337930e+02,  4.07855560e+02,  3.67869695e+02,       -7.39261288e+02, -4.27515017e+02, -1.96061899e+02, -3.35331546e+02,       -1.26407363e+02, -1.99239046e+02,  3.70009021e+02,  3.58612161e+02,       -5.12721928e+01, -3.97994024e+02, -7.20612274e+02,  3.74872573e+02,       -4.37754924e+02, -2.71120788e+02,  4.16333369e+01, -2.97499576e+02,       -3.59525140e+02, -2.23526085e+02, -3.65197377e+02, -2.31426956e+02,       -4.39928909e+02,  5.03062264e+02,  5.57902348e+02, -2.89043503e+01,       -2.06285992e+02, -1.39049600e+01,  3.67305703e+02, -7.61677508e+02,       -1.80853298e+02,  4.31280399e+02,  5.79823743e+02, -1.58963499e+02,        9.86514244e+01,  4.73903436e+02,  1.34794810e+02, -5.65772228e+01,       -3.82051204e+02,  1.95261977e+02, -3.10289670e+02, -1.39048410e+02,       -1.67003598e+02, -1.61768372e+02,  1.71566405e+02,  6.74550833e+02,        6.36011074e+00,  3.50111058e+01, -7.84209488e+02, -1.51304861e+02,       -3.27547047e+02,  4.04583441e+01, -3.64016118e+02,  6.79423667e+02,        7.03867606e+02,  1.27733732e+02, -1.29994330e+02,  1.24764484e+02,        2.19970016e+02, -4.13336304e+02, -6.65867676e+01,  1.21425624e+02,        1.19619865e+02,  4.90841113e+02,  3.90079822e+02, -1.80697552e+02,        2.45232275e+02, -8.36905108e+02, -3.78183367e+01,  7.37693080e+02,        8.36378225e+01, -6.82683232e+00,  2.88534297e+02, -2.50280974e+02,        8.02615277e+02, -1.07311391e+02,  7.36137130e+02,  3.21134424e+02,       -3.32762890e+02,  2.65042036e+02, -2.66384667e+02, -5.95682729e+02,       -3.44662534e+01, -4.90637205e+02, -4.62877263e+02, -4.55875872e+01,        2.79391166e+02, -4.96692632e+01, -2.91532958e+02,  6.53976447e+01,       -6.30820130e+02, -8.01220020e+01, -7.17837831e+02,  4.52097113e+02,       -1.19144810e+01, -4.45297514e+02, -1.65051043e+02,  1.49473641e+02,       -2.79236647e+02, -4.09035129e+02,  7.81978107e+02, -1.94594200e+02,       -3.85066467e+02,  2.18960304e+02, -1.03692115e+02,  4.44800704e+02,       -1.52397194e+01,  7.39764518e+01,  8.84557248e+02, -1.55467308e+02,       -3.03746245e+02, -3.25661342e+02, -4.61613558e+02, -2.86419495e+02,        2.47070036e+02,  1.82880481e+02,  1.84980642e+02,  6.50226402e+02,        2.01335260e+01,  1.45577056e+02, -5.76764768e+02,  2.13903842e+01,       -2.02986110e+02, -2.32234041e+02,  1.44903852e+01,  3.06117057e+02,        3.33494305e+02,  6.61039145e+00,  8.09490866e+01,  2.56714122e+02,        3.24969629e+02, -2.08484089e+02, -1.14036903e+02,  1.47002612e+01,       -2.04005695e+02, -6.86257975e+01, -2.37067306e+02,  6.58735804e+02,        5.65282004e+02, -1.10635524e+02,  1.05888112e+02, -2.09587480e+01,       -2.08227568e+02,  2.91703165e+02, -7.63138550e+01,  3.39553715e+02,       -4.68172269e+02,  1.63968182e+02, -9.62420421e+01, -4.74283394e+02,       -2.19220390e+02,  2.37630493e+02, -7.47163171e+02,  3.67811441e+02,        4.29216302e+02, -6.26803204e+01, -4.39848869e+01, -2.76491876e+01,        2.12823486e+02, -2.86685827e+02,  3.17462168e+02,  2.47672551e+02,       -9.10202663e+02, -2.87555489e+02,  1.97329927e+02, -8.06185414e+01,        3.34886941e+02, -5.37237370e+02, -4.06177097e+00, -3.61406960e+02,       -1.07864223e+03,  6.54156897e+02, -5.18779478e+02, -5.02497386e+02,        7.71991234e+01,  1.11770281e+03,  8.67775604e-02, -1.89114833e+02,       -1.83852117e+01, -6.22263274e+01, -7.72239143e+02, -5.39711134e+02,        6.79157385e+02, -4.52113270e+01, -3.44569552e+02,  4.38615948e+02,       -3.01014705e+02,  3.45410821e+02,  4.74355023e+02, -5.36990449e+02,       -2.25000250e+02, -3.00178144e+02, -1.30976432e+02, -1.69583508e+02,       -5.95294580e+01,  1.19211454e+02, -2.93375367e+02,  2.59107152e+02,        5.20763022e+02, -1.39946362e+02, -1.55109855e+02,  1.20750189e+02,        4.99932882e+02,  4.24688170e+02,  3.26135400e+01, -1.53411892e+01,       -4.78919777e+01, -4.44145242e+02,  3.30284435e+02, -2.09964019e+02,        1.73442122e+02, -1.36911526e+02,  2.52970207e+02,  1.53065099e+02,       -6.88133196e+02, -2.42315316e+02, -6.88732566e+02, -2.83605010e+02,        6.57089460e+01, -1.50014226e+02,  2.60776289e+02, -2.51666929e+02,        1.62415364e+01,  9.14236164e+01,  6.49547566e+02,  3.26673808e+02,       -2.36696334e+02,  1.76660396e+01,  9.76752514e+01,  3.47954483e+02,       -5.21526850e+00,  4.41921704e+02,  2.12273018e+02,  7.77625660e+02,        2.21262313e+01,  5.96518348e+02, -2.27246963e+02, -3.36069302e+02,        7.19759477e+01,  6.54755489e+01,  2.65633084e+02, -5.68911963e+01,       -1.38984259e+02,  2.26627659e+02, -4.00465906e+02, -4.52252961e+02,        6.69772582e+02, -5.09807894e+01, -3.73613418e+02, -4.21724604e+00,       -1.23306650e+02,  3.06220283e+02,  2.88470703e+02, -1.70401246e+02,        9.66704464e+00, -2.36079462e+02, -2.84841809e+02, -2.49134017e+02,       -8.34712532e+02, -2.90427972e+01, -5.62724148e+02, -4.80678821e+02,       -3.43512636e+02,  1.53220341e+02, -3.28481204e+02,  1.91367365e+02,       -4.93051848e+02,  9.69132898e+00, -3.55036112e+02,  6.49262224e+01,        1.03366276e+02,  2.54119504e+02, -1.72292641e+02, -1.28942250e+02,        2.27302626e+02,  5.25311860e+02,  2.84305530e+02,  6.74885833e+01,       -5.95487878e+02, -1.21137006e+02, -2.68868293e+02, -5.29887734e+02,        3.61006116e+02, -3.01545067e+02, -3.82266313e+01, -2.00738122e+02,       -8.84559015e+02,  4.35650356e+02, -1.46284226e+02,  3.59341242e+02,       -6.05916058e+02,  5.72302920e+02,  3.74604045e+01, -2.71807900e+02,        4.03966215e+01, -2.03562102e+02, -5.95680521e+02,  1.23652920e+02,        2.45655623e+02,  2.82665812e+01, -3.15904831e+02, -1.13909542e+02,        1.42530897e+02,  2.55427641e+02,  5.59901566e+02,  2.21565911e+02,       -2.05373208e+02,  7.71431532e+02,  2.51128161e+02,  3.41535149e+02,       -1.47284558e+02,  2.32142823e+02,  1.51873390e+02, -5.38189008e+02,       -1.63671127e+02, -3.43821200e+02, -2.73527857e+02, -9.08981119e+01,       -1.53217517e+02, -3.25179146e+02, -9.91414386e+02, -2.65737941e+02,        1.34679918e+02,  8.88464177e+01,  8.17920976e+01,  4.31936563e+02,        1.62060782e+02,  2.78906124e+02, -3.69635514e+02,  4.02799460e+02,       -4.29830526e+02, -6.67541057e+02,  1.67904659e+02, -3.52224908e+02,       -3.66229269e+02, -1.37528278e+03, -1.04002904e+02,  6.97698859e+02,        4.06429944e+02, -8.88264376e+01, -1.04154828e+02,  2.57953791e+02,        5.94358320e+02, -3.52168866e+02, -8.34760374e+01, -2.77153649e+02,       -3.12786830e+02, -2.97677053e+02,  1.38815683e+02,  6.24063325e+02,       -5.74440634e+02, -4.62413527e+02,  2.14423038e+01, -7.52990470e+01,       -1.24123516e+02, -8.11540920e+02,  4.93924328e+02,  2.19160128e+02,        7.82330629e+01,  4.22171713e+02, -2.64387277e+02,  2.58774236e+02,        2.35571078e+02,  4.67472750e+01, -4.10616492e+01,  1.06851723e+02,       -1.41792006e+02,  4.09810701e+02, -3.80334047e+02,  3.66793511e+02,        8.18647390e+01,  9.80332378e+01,  2.05145220e+02, -7.50917817e+02,        5.61042395e+01, -5.58672753e+02, -4.41208756e+02, -4.28049187e+02,       -3.92637917e+02,  1.14986395e+01,  1.13506562e+02,  4.20561910e+02,        8.40139399e+01,  1.20367366e+02, -6.19814768e+02, -2.18516584e+02,        2.87183055e+02,  1.14374807e+01,  1.61186437e+01, -7.14431283e+01,        3.19429431e+02, -7.95512742e+02,  9.16360638e+01,  2.05802636e+02,        3.96793217e+02,  3.39432414e+02, -4.95165787e+02,  6.68055953e+01,        3.75289650e+01,  3.92960664e+01,  1.70070230e+01, -1.69770885e+02,       -2.74945748e+02,  1.37416192e+02,  5.45422687e+02, -7.73903853e+01,        8.37751465e+01,  1.55103799e+02, -2.16538991e+02, -2.14248445e+02,       -1.00803015e+03, -3.35157416e+02, -4.43527206e+02, -6.60222503e+01,       -5.53696954e+02,  6.54177794e+02, -2.57057882e+02, -4.60017495e+02,       -1.36344905e+03,  5.70890760e+02,  1.19894670e+02, -1.29269244e+01,       -5.34690441e+02,  9.22368361e+01, -1.51051999e+02, -2.83549350e+02,        1.01821112e+02,  2.79007901e+02,  6.92048105e+01, -1.50861674e+02,       -2.82749229e+01,  7.54825030e+00,  1.66194849e+02, -5.30938199e+02,        6.09175001e+02, -3.64596118e+02, -2.35756925e+02, -3.66744006e+02,       -8.46136843e+02,  8.23968744e+01, -4.15583592e+02, -1.91529131e+02,        2.96572892e+02, -2.10163789e+02,  4.35555883e+00, -8.61441632e+01,       -2.23197577e+02,  1.44240547e+01,  4.62957338e+02, -4.52525163e+02,        8.02065859e+02, -1.72192875e+02,  2.95251132e+02, -6.83168803e+01,        1.30484357e+02, -1.01936432e+02,  4.07331627e+02,  5.44734373e+02,        1.73535556e+02,  4.77659353e+02, -3.38161979e+02, -2.79662010e+01,       -1.98501754e+02,  5.92724234e+02,  5.01943851e+02,  3.84469446e+02,       -1.30469135e+02, -2.63195696e+02,  2.34105357e+02, -2.24553157e+02,       -1.19992415e+02, -6.31446392e+01, -2.26947757e+02,  4.45859958e+02,       -5.05422652e+01,  3.43529421e+02,  1.22680705e+02,  1.47566206e+02,       -2.96953554e+02,  2.81435643e+02, -1.57530521e+02, -1.13937796e+02,       -2.61327639e+01, -4.42130048e+02,  6.67020238e+02, -2.45447929e+02,       -3.52219711e+01,  1.73325415e+02,  1.48485459e+02,  6.15030639e+02,       -1.44366042e+02,  6.67329729e+02,  6.06613833e+02, -8.45661637e+02,        7.53978619e+01, -1.77346498e+02,  1.26755983e+02,  7.54001541e+01,        1.53097358e+02,  5.24687891e+02,  8.05444313e+02, -6.81882797e+02,        6.66155625e+02, -8.02585386e+02, -6.69000539e+02, -1.07353222e+02,       -9.53680538e+00,  6.12007483e+02,  3.35528910e+02, -1.58405082e+02,       -8.05363212e+02,  6.11839814e+02, -3.91565139e+02, -8.71532745e+00,       -4.35389300e+01,  1.07845088e+03, -2.46220441e+02, -9.15520368e+02,        2.68902944e+02, -1.40676899e+03,  9.68248121e+01, -3.10344432e+02,       -1.57466993e+02, -2.36788873e+02, -5.09453829e+02,  3.55946727e+02,       -3.14398943e+02, -8.01828757e+01, -6.80755437e+02, -5.82450051e+01,       -4.16152256e+02, -6.46864416e+02, -1.06455329e+03,  8.80580629e+01,       -2.80435669e+02, -7.04019308e+00, -1.17372138e+02, -6.88526632e+02,       -5.49410399e+02, -4.59367706e+02, -4.63109211e+02,  4.76708272e+02,        8.08932939e+01, -4.15356178e+02, -1.58328386e+02, -1.95055058e+02,        3.22990029e+02, -2.89890403e+02, -1.06369219e+02, -1.95218232e+02,       -3.11877709e+02, -3.25570323e+02,  3.32790035e+02, -1.51485293e+02,       -7.90993344e+02,  6.69349509e+02,  4.07801609e+02,  5.29063967e+01,       -6.29163743e+02, -6.56668137e+02,  9.49932912e+01,  1.19653896e+01,       -2.59905023e+02, -4.22616745e+02,  3.08292738e+02, -6.87148418e+01,        2.37962502e+02,  4.28814947e+02,  2.93122717e+02,  3.06146364e+02,        2.21537098e+02, -1.77146793e+02, -1.08751244e+02, -1.91009919e+02,       -3.03041574e+02, -3.97679895e+02, -5.61999420e+02, -3.39475324e+02,       -6.93960218e+01, -6.91510126e+02, -7.57498693e+01,  2.83286310e+02,       -6.22296605e+02,  2.15792359e+02,  1.89149073e+02, -6.11553470e+02,       -4.92994035e+02, -1.36197695e+02,  1.83380255e+02, -3.44199021e+02,        6.08383867e+02,  5.45860684e+02, -6.51020408e+02,  4.38504306e+02,        3.07496680e+02,  6.60876877e+01,  2.18536379e+02, -3.70255804e+02,       -1.24330995e+02,  4.76207561e+01,  1.53701502e+02,  3.92462789e+02,       -4.39943690e+02, -3.80790275e+01,  1.53098449e+02, -1.26767274e+01,       -2.30210044e+02,  1.70994811e+02, -2.30972219e+02, -1.75124027e+02,        3.22139397e+01, -5.19832361e+02,  3.09895294e+01, -2.02591610e+02,       -1.09447795e+02,  5.92471903e+00, -4.92013083e+02,  4.89370486e+02,       -2.32949434e+02, -1.12135123e+03, -7.32967542e+02,  3.38567307e+02,       -3.08451616e+02, -1.48448119e+02, -2.52593903e+02, -1.43958425e+02,       -8.66494031e+02, -9.57195466e+01, -5.54596817e+02, -2.89377583e+02,        2.22810190e+02,  6.44155764e+02, -3.10374700e+00, -2.68829272e+01,        5.05014380e+02, -4.39012658e+02,  3.09690468e+02,  7.96501794e+01,       -3.61070867e+02, -1.56640873e+02,  2.12838682e+02,  1.60987055e+01,        8.52941251e+01,  9.86611139e+01, -2.04081922e+02, -2.40527304e+02,       -4.56352246e+02,  4.34016502e+02, -5.49797457e+02, -4.03789766e+02,        8.25216314e+01, -7.73946783e+02,  1.66979568e+02,  5.42697702e+02,       -4.20195064e+01,  6.07593340e+01, -2.15340445e+02, -1.76495998e+02,        8.90055175e+01,  3.24408386e+02, -3.49671284e+02,  2.66724077e+02,       -9.50321401e+01, -3.33106645e+01,  2.33091304e+02,  1.65694413e+02,       -7.81682090e+01, -3.01563867e+00,  2.10413399e+02,  2.42176887e+02,       -6.20445342e+02,  5.59981323e+01,  4.66289894e+02, -8.40269623e+02,        2.80953163e+02, -1.03146724e+03, -8.05257049e+01, -1.28294861e+02,       -7.25160705e+01, -7.76770834e+01, -2.24104563e+02, -3.17586379e+01,        1.42051544e+02, -2.09011903e+02,  1.22186575e+02,  7.50717742e+02,       -5.54968074e+02, -2.30792946e+02,  3.15911215e+02,  2.13765547e+02,        3.58292061e+02,  1.41858843e+02,  2.44461067e+02, -1.61234810e+02,       -4.23138284e+02, -3.67516820e+02, -1.80364923e+02,  6.96385887e+00,       -3.62613044e+02, -1.31588626e+02,  5.72326375e+01,  2.00337822e+02,       -8.62014776e+01,  4.85815915e+02, -4.39128386e+02, -4.48438529e+01,       -2.37170373e+01,  2.41426942e+02, -3.51244923e+02, -2.21013842e+02,        2.36325690e+02,  4.31171701e+02,  6.03483039e+02,  3.03273306e+02,        3.57043988e+02, -2.56692131e+02,  5.39540864e+02,  5.82979785e+02,       -5.45816358e+01,  3.39126928e+02,  3.28265020e+02, -2.19372518e+02,        1.48891791e+01,  5.29659123e+02, -2.39998423e+02, -1.06672815e+02,       -5.23127829e+02,  2.31757253e+02, -6.55022541e+01,  1.52651203e+02,        8.25764796e+01, -3.60219687e+02,  3.96567031e+02,  3.51408104e+02,       -2.05023021e+02,  1.59095619e+02, -4.95694141e+02, -4.45741162e+02,        2.02171965e+02, -5.95938540e+02, -2.32874425e+02,  8.28659556e+01,        6.97865584e+02, -2.09682583e+02, -9.03139437e+01, -1.27404732e+02,        9.90031378e+02,  1.23153377e+02, -3.74729692e+02,  5.90841906e+02,        5.43830826e+02,  2.60146243e+02,  6.30453046e+02,  6.98367214e+02,       -9.03102045e+01, -2.58438884e+02, -2.80447689e+02,  2.31818415e+02,        3.26030850e+02, -4.27096691e+01, -1.78421412e+02, -5.31248865e+02,       -2.59640815e+02, -3.81460882e+02,  2.54598608e+02,  1.29925307e+02,        5.40199556e+02,  4.93834116e+01, -2.15927518e+02, -6.74989501e+01,        3.45147456e+02,  1.12402929e+02,  4.40087180e+02,  4.95100691e+02,       -1.18922523e+02, -7.81482633e+01, -8.33734526e+02,  4.59995875e+02,       -4.59093589e+01,  4.33160428e+02, -1.58343371e+02, -5.03259804e+02,        1.70354278e+02,  5.97024730e+02, -2.11748891e+02,  5.88467058e+02,       -6.22333763e+02, -1.93546423e+02, -6.73145090e+02,  1.89823414e+02,        9.84709204e+01,  7.91403235e+00, -5.15170834e+02,  7.54891260e+02,        4.53536216e+02,  6.96788371e+01, -3.95344783e+02,  1.88016278e+02,       -2.34292201e+02, -7.54650024e+01, -1.87849771e+02,  1.79448623e+02,       -8.71343381e+01, -1.75634215e+02,  1.65063112e+02,  2.26051924e+02,       -7.33038108e+02,  1.66906556e+02,  5.75852926e+02,  3.60206941e+02,       -1.13397161e+02,  2.93063892e+01, -3.08409541e+02,  5.06976402e+02,        1.50281661e+02, -5.78330489e+01, -5.92422419e+01,  9.35933072e+02,        5.90083915e+00,  2.66258353e+02,  6.21172419e+02,  8.37563386e+02,        5.48649529e+02,  3.63385384e+02, -5.45755273e+02, -3.72130229e+02,        2.96860015e+02,  1.48823528e+01,  2.77397520e+02,  1.58045431e+02,        5.03925155e+02, -6.64717371e+02, -4.20328425e+02, -5.49372365e+01,       -7.42480848e+02,  1.67794892e+02,  3.38235496e+02,  1.18866641e+02,       -1.94900841e+02,  2.02547254e+02,  1.21938219e+03,  2.22908475e+02,        1.30351898e+02, -4.19875234e+02, -5.67294170e+02, -1.34575808e+02,        2.67171781e+02, -4.52471650e+01,  1.80706398e+02,  3.01617987e+02,       -5.12864731e+02,  2.13181568e+02,  4.48289906e+02,  5.02115922e+02,       -4.78619019e+01,  9.88799770e+00, -7.96565524e+01, -4.33062183e+02,       -5.70724315e+02,  7.15557548e+02, -5.76210113e+01, -5.07785531e+02,        1.87518966e+01, -1.96719786e+02,  7.83453010e+02, -2.05034150e+02,       -2.95302916e+02,  2.67955513e+02, -1.25249129e+02,  3.71947432e+02,       -4.75408988e+01,  8.62135943e+02,  4.30852060e+02, -1.00970187e+01,       -3.09389884e+02,  2.12781456e+02, -4.75545612e+02, -9.94631930e+01,        5.21876213e+02, -2.40571844e+02, -4.04360487e+02, -1.90133224e+02,        4.44746454e+02,  1.24892160e+02, -7.11504933e+02,  2.62927089e+02,        1.28960640e+02,  5.95654468e+01, -4.38385072e+02,  1.50501841e+01,        3.00849892e+02,  4.37836879e+02,  5.49063793e+02,  2.24063966e+02,        3.50682804e+01, -4.35538932e+02, -4.09916701e+02, -6.37421463e+02,       -7.95807144e+01,  2.71285118e+02, -2.13626667e+01,  4.59121228e+02,       -2.72042950e+02,  1.56514465e+02, -1.03488955e+02, -2.55705501e+02,        5.07761318e+02,  6.54319904e+01,  5.26492956e+02,  2.60939021e+01,        2.13468492e+02, -1.70244918e+02,  5.36690018e+02, -1.04047471e+02,       -3.10437303e+00, -6.70211753e+02, -9.26094277e+01,  6.24119445e+02,        5.70902533e+02,  2.26228388e+02, -1.28790604e+02,  3.27924488e+01,       -1.51974424e+02, -4.97043520e+01,  7.71492438e+02,  1.50363699e+01,       -2.03756730e+02, -9.46310009e+02, -4.64272323e+02, -3.22790970e+02,       -5.75207257e+02, -4.82200224e+02, -6.09526330e+02, -3.98344682e+02,       -3.25895519e+02, -4.11650835e+02,  4.09018739e+02, -2.17613952e+02,       -8.30440625e+02,  3.43049602e+02, -2.48537745e+02, -7.04433111e+02,        8.32287741e+02, -2.06476959e+02,  1.69228890e+02,  3.49899135e+02,        8.74861825e+00,  2.23375166e+02,  7.28458722e+00, -1.30611808e+01,       -1.17811413e+02, -6.22582510e+02,  9.11226968e+01, -1.11824077e+03,        5.61250657e+02, -3.75844136e+02, -1.18303791e+02, -1.52241283e+02,        9.05253164e+01, -1.61275814e+02,  2.45834437e+02, -4.61384166e+02,        3.25803404e+02,  3.36714372e+02,  1.32435525e+02,  8.49476620e+01,        1.70940437e+02,  6.39123906e+01,  2.59842458e+02, -8.23873733e+01,       -5.38169709e+02,  8.45455430e+01, -1.98869104e+02, -3.93223620e+01,        4.28422164e+02, -6.96665918e+02,  9.43997304e+00,  1.20207107e+01,        7.38732041e+01,  2.85452669e+02, -1.18594515e+02,  7.21208702e+02,        4.15015995e+02, -1.50366716e+02, -9.06360915e+01,  1.66634908e+01,        6.69107122e+02, -4.78009819e+02, -8.94555480e+02,  2.48685215e+02,       -1.04833606e+02, -1.09031177e+02,  1.45006734e+02,  6.72754918e+02,        4.09808319e+02, -1.51553365e+02, -4.33539190e+02, -5.18029434e+01,        2.52715069e+02, -1.13357049e+02, -6.39287443e+02, -2.48313373e+01,       -7.99045214e+02, -4.18743812e+02,  6.84947433e+02, -4.41171032e+02,       -5.72650334e+02, -4.47835065e+02, -3.04278749e+02,  2.88397321e+02,        7.09389066e+02, -4.44181417e+01,  2.36545508e+02, -1.54888449e+02,       -5.99583918e+02,  4.02936101e+02, -3.92884275e+02,  2.43579258e+02,        3.11825866e+02, -6.49226877e+01,  3.54905639e+02,  3.76679851e+02,        9.25967651e+02, -1.28346674e+02, -3.97077097e+02, -5.48794840e+02,       -1.30077304e+02, -2.24488530e+02,  8.73439358e+02, -3.81586563e+02,        8.71216676e+01,  6.33686202e+01, -2.25102998e+02, -6.99428975e+02,       -5.59667236e+01,  8.41673411e+02,  9.44139505e+01,  6.05978009e+01,       -4.61555394e+02, -5.21459605e+02, -8.43476378e+01,  4.16507120e+02,       -1.93234973e+02,  9.16988780e+02, -3.78565389e+02,  1.46510395e+02,       -1.77820173e+02, -5.89590664e+02,  2.65596078e+01, -4.39911810e+02,       -6.41495569e+02,  7.15690820e+01,  1.98327436e+01,  4.45480637e+02,        1.81264851e+02, -2.91785734e+02,  1.94808371e+02, -7.11735666e+02,       -4.55371121e+02,  7.81227925e+02,  1.11607364e+02, -1.20937275e+02,       -2.78050505e+02, -4.04437208e+01, -6.73160197e+01,  7.34386130e+02,        3.53310508e+02, -1.26281972e+02, -5.94435793e+01, -3.47055891e+02,       -1.75441131e+02, -5.79491359e+02,  4.13974501e+02,  6.51248454e+01,        1.18838658e+02,  1.31147282e+02, -4.79452704e+01, -1.58010256e+02,       -4.49961776e+00, -9.16698723e+02, -1.64585115e+02, -7.01369723e+01,       -7.89213540e+01,  4.72223751e+02,  5.44829141e+02,  1.38985822e+02,       -8.25424357e+02,  5.51346378e+02, -1.72255594e+02, -3.32901417e+02,       -7.52904983e+02, -2.81546600e+02,  5.09171321e+02,  2.36895642e+02,        6.17522439e+01,  2.64929653e+02, -5.02350832e+02, -3.83123542e+02,        4.77395754e+02,  3.29284609e+02,  4.45243417e+02, -1.58720435e+00,        6.00708983e+01,  4.77507941e+02,  8.53027513e+02, -2.12298705e+02,        3.26819998e+02, -1.46240359e+02, -3.62715069e+02, -2.95821709e+02,       -2.64540069e+02, -1.29333803e+02, -4.40318159e+02, -2.01954439e+02,       -1.20278241e+03,  2.94060098e+02,  1.68044948e+02, -3.17801029e+01,       -3.58390239e+02, -1.93952697e+02, -4.64538341e+02,  1.01867600e+02,        7.10812531e+02, -1.77919745e+02, -1.42183099e+02,  1.88859315e+02,       -4.18611708e+02,  7.49120671e+02,  1.43574099e+02,  1.58657257e+02,        4.45805511e+02,  1.46313740e+01,  4.84131242e+02,  1.42069067e+02,       -7.43143524e+01,  8.08809890e+01, -2.10218888e+01,  5.99291493e+02,        7.89531690e+01,  1.28711816e+02, -7.80641816e+01,  1.15136950e+02,       -7.98628418e+02, -3.22004549e+02, -3.97853314e+02,  4.42909725e+02,       -2.52230889e+02, -5.55435354e+02,  5.08274005e+02, -1.04050565e+02,        3.77549369e+02, -7.89641433e+02,  2.14381743e+02,  6.57044372e+01,        5.08090392e+01, -7.57929710e+01, -5.62495907e+01,  4.26133348e+02,       -1.80081146e+00, -4.27201944e+02, -1.38536706e+02,  2.18078125e+02,       -1.00896034e+03, -8.02348478e+02,  1.23702476e+01,  9.66258398e+01,       -3.76231532e+02, -3.73214094e+01,  9.36386103e+02,  2.84551457e+02,       -4.84688068e+02,  8.10421632e+01, -7.70512509e+01,  9.03830823e+01,       -2.96700558e+02,  1.60478259e+02,  2.45113687e+02, -5.79378253e+01,        9.72423756e+02, -9.18709990e+01, -2.77992469e+02,  1.65735608e+02,        3.56757406e+02, -3.07094341e+02, -2.57012705e+01,  8.29229523e+02,       -2.03675810e+01,  5.08953271e+02,  1.24312607e+02, -8.28958632e+01,       -2.27307630e+02,  4.92158554e+02, -4.75510596e+02, -1.83421476e+01,       -1.30112365e+02, -3.66064932e+02,  1.45430054e+02,  2.06645997e+02,        7.69819370e+01, -1.45764205e+01, -3.34544389e+02,  1.59049613e+02,       -1.51671662e+01, -2.16124478e+02, -1.87100665e+02,  1.70394330e+02,       -4.41421283e+01, -3.16905099e+02, -9.21936329e+02,  7.87182033e+01,        2.02266805e+02, -4.05265823e+02, -1.94777604e+02,  7.13682218e+02,        6.33119417e+01,  3.05018754e+02,  5.67205000e+01,  3.19496399e+02,        4.47395032e+01, -3.40854100e+02, -3.36093535e+01,  7.19898648e+01,        2.40471450e+02,  6.94366031e+02,  4.25477366e+02,  1.89034675e+01,        1.49034537e+02,  5.22481819e+02,  2.26840787e+02, -6.27837064e+02,       -2.32134129e+02,  1.17129544e+02,  7.39272544e+01,  2.27963819e+02,       -4.54761928e+02,  1.09563802e+02,  3.48630142e+02,  4.26567826e+02,       -3.87567262e+02, -4.48204697e+01, -1.98285379e+01, -1.17619952e+02,       -2.86597450e+02, -1.71035849e+02, -2.85070839e+01,  6.96934855e+01,        3.57936295e+02, -2.68742094e+02,  6.92747771e+02,  3.08626151e+02,        2.19362339e+02,  2.88611875e+02,  2.62702612e+02,  2.84270910e+02,        4.67720209e+02, -3.83430344e+02,  5.47949980e+02, -9.64093251e+02,        2.68885507e+02, -9.40867183e+02,  7.28971204e+02,  6.30305339e+02,       -1.00328526e+02, -4.25964708e+02, -3.65910344e+02, -4.98777874e+02,       -5.36467563e+02,  4.98629717e+02,  3.71674167e+02,  2.09545869e+02,        2.74574484e+02,  3.52003153e+02, -3.33032908e+02, -1.74188731e+02,        4.97316269e+02, -1.08322304e+02,  4.58442016e+02,  6.33054032e+02,       -3.73538025e+01, -6.24070018e+02,  1.30159227e+01, -1.11251751e+01,       -8.50134427e+01,  6.54701239e+00, -5.81418940e+02, -1.59254958e+02,        5.19903704e+01,  7.74697012e+01,  4.19210947e+02, -3.45755251e+02,        5.30272925e+02, -3.50159793e+02,  1.92603291e+02,  3.37653403e+02]
bee_TS =[-5.09723938e+02,-4.01989557e+01,-1.17653640e+02,3.93943682e+02,-1.86275074e+02,-1.62718094e+02,-3.48736572e+02,-7.75881531e+02,-3.70245923e+02,-4.13799838e+02,-3.38100546e+02,4.09048755e+01,1.26093280e+01,2.54917114e+01,2.73096699e+01,4.09890581e+02,-1.80769925e+02,-1.58600099e+02,1.52244000e+02,-9.67553616e+02,5.08842721e+02,-2.31290280e+02,-4.46675947e+01,-1.04529975e+02,-4.81158782e+01,-5.03231509e+01,7.52254802e+02,-1.85635751e+02,-7.20719037e+01,-4.57519428e+02,6.71327367e+02,-1.17697093e+02,-3.38942049e+02,2.07911919e+02,-3.68788435e+01,1.70649736e+02,-2.67202963e+01,6.14470731e+01,2.38580753e+02,-8.85152566e+02,4.71464162e+02,1.11822845e+02,-5.14187509e+01,-2.93402419e+02,9.78493652e+01,-1.57738617e+02,3.81912342e+02,3.21421089e+02,-2.38218721e+02,-2.54566096e+02,-2.59294092e+02,-2.95231077e+02,1.00409835e+02,-4.32553340e+02,1.19532199e+02,5.22061861e+02,5.96128043e+02,3.02534583e+02,1.40379403e+02,2.39344020e+02,7.80507610e+02,1.82296480e+02,-4.79380917e+02,-1.07285566e+02,-2.05409745e+02,5.30830364e+02,-6.51570726e+02,-5.44242602e+02,-2.36391658e+02,-8.70112124e+01,-3.80378030e+02,2.33296024e+02,8.37579298e+01,1.14501612e+02,-3.35462695e+02,-3.03106870e+02,-4.90567120e+02,3.24744424e+02,-2.84608671e+02,2.29652442e+02,-5.75688224e+01,-2.54747218e+02,-5.05786559e+02,-1.50326540e+02,-9.85061630e+01,-1.38366064e+02,3.42770865e+02,6.16685780e+02,-3.68001998e+02,-6.96140624e+02,-1.72723320e+02,9.63587095e+02,-4.96514738e+02,2.87479730e+02,-9.21936700e+01,-5.40365820e+02,2.10116938e+02,3.31054688e+02,-1.51671085e+02,3.05215364e+02,-2.32383335e+02,-4.47576348e+02,7.75346777e+02,4.03561184e+02,2.68762261e+02,1.27055142e+02,2.13372017e+02,7.08308835e+02,-2.16705595e+02,5.01049042e+01,-1.20109975e+03,1.60019302e+02,-5.92189011e+02,1.25958528e+02,1.87767673e+02,-2.97172329e+02,-4.64796939e+02,5.36420979e+01,-2.55447884e+02,3.09461703e+02,-4.40916246e+02,-2.36315174e+01,-3.08771371e+02,-3.64641660e+01,-2.70844656e+01,1.47290139e+02,1.06955483e+01,-5.22117630e+01,5.26493878e+02,7.93090570e+02,4.15166999e+02,6.76604717e+02,-1.04406247e+02,1.16549618e+02,4.76842756e+02,-7.68299098e+01,-6.63851682e+02,-3.26145907e+02,-4.35761919e+02,-2.49527162e+02,2.42737069e+02,-1.02388283e+03,-1.66141200e+02,3.73743806e+02,-3.17169848e+02,-3.17863010e+02,4.71180793e+02,3.82681458e+02,-2.99771528e+02,1.69732651e+02,-2.13359817e+02,3.02438805e+02,3.47270229e+01,1.32639526e+02,-7.53810956e+02,-4.21798105e+02,-6.73512653e+01,2.40716854e+00,-3.36673552e+02,9.26162556e+02,-1.91778698e+02,-2.91042806e+02,3.26276192e+02,-4.16131306e+02,-2.83821621e+02,2.66308604e+02,9.57020824e+01,1.13301550e+02,1.05498164e+02,-9.75109445e+01,1.67707884e+02,5.05815242e+02,-2.56143365e+02,1.50633946e+02,7.89622558e+02,2.90143036e+02,-7.53387459e+01,-1.66444321e+02,1.33656771e+03,-1.53132593e+02,3.07408105e+02,1.89277693e+02,2.98063561e+02,7.72113085e+02,4.32365864e+02,-2.55792602e+01,1.96636092e+02,4.10388564e+02,3.37049666e+02,-4.83382427e+02,8.12242544e+02,-7.23541790e+02,-1.52433707e+02,4.98822364e+02,7.39444133e+01,5.94271822e+01,2.71434560e+02,2.11402513e+02,3.10724679e+02,-5.54148102e+02,4.34236863e+01,-2.37041009e+02,-9.38481668e+01,-2.92937363e+01,-7.75827979e+01,-4.83260576e+01,7.11187276e+02,-7.36769541e+01,-2.40625678e+02,-1.96918483e+01,1.01522242e+02,-5.11464471e+02,-3.89545816e+02,-3.16256258e+02,-5.47200305e+02,-1.42900474e+02,-3.60986652e+02,1.68452853e+02,-9.49808611e+00,-9.26540965e+01,-7.42460688e+01,5.63840717e+01,-1.73233136e+02,5.81265079e+02,-7.13817716e+02,-1.39858516e+02,-1.36435760e+02,1.46375715e+02,1.60286195e+02,-4.01886063e+02,-1.57806260e+02,3.63454069e+02,-1.93571712e+02,1.37125096e+02,3.20815114e+02,-3.62005642e+01,9.81610969e+02,-1.77291009e+02,-2.79426216e+02,5.57595679e+01,-1.97249443e+02,4.62160345e+02,-3.14000165e+02,7.41302819e+01,5.42456747e+02,-1.14106480e+02,1.04369036e+03,1.11468588e+03,-5.70432167e+02,5.04159695e+02,1.45951357e+02,-4.64848050e+02,1.52612353e+02,3.15664040e+02,3.31225258e+02,2.10739305e+01,1.02588915e+02,6.18675760e+02,-2.00161564e+02,1.40991292e+02,6.61316357e+02,-3.24787878e+02,-1.30861790e+02,4.52844302e+02,2.33270950e+02,6.62059379e+02,2.24352605e+02,5.94542800e+01,2.27866721e+02,3.37899639e+02,-4.21092962e+02,3.00743679e+01,1.60360220e+02,1.06623087e+02,1.90696249e+02,-5.09668603e+02,2.97309342e+02,-3.86168618e+02,-2.74000966e+02,1.52333185e+02,-1.22143506e+02,4.75911236e+02,-2.09105007e+02,2.51732991e+02,2.82732216e+02,6.91192747e+02,4.81671190e+02,4.12541251e+02,-7.60141564e+01,-5.92743492e+01,-2.74734568e+02,6.65766859e+02,6.83058376e+02,3.24645083e+02,-2.00352717e+02,4.36644358e+02,-7.70719338e+01,1.83839796e+02,5.41145456e+02,6.14296068e+00,-6.75526002e+01,-2.14351010e+02,-4.62282105e+02,8.41010956e+02,3.92435789e+02,-4.86099098e+02,-1.34671713e+02,2.42102407e+02,-9.18992679e+01,5.41287810e+02,1.05919716e+02,6.91050035e+02,2.68703842e+02,-2.45698026e+02,2.14064835e+02,-3.69939608e+01,-2.75456012e+02,1.45363706e+02,1.62260192e+02,7.87745801e+02,6.93053643e+02,4.56702157e+02,6.04387453e+02,6.28548491e+01,-2.37477368e+02,1.35153662e+02,-2.88545313e+02,-4.39755129e+02,-5.02198843e+02,-2.37134942e+02,-9.34841041e+02,-2.70032324e+02,-7.41050744e+02,1.85855479e+02,-3.99477140e+02,3.55740068e+02,-8.29866622e+02,-2.79709949e+02,4.27200537e+02,1.94734184e+02,-7.47173682e+02,5.37624672e+02,-2.09863914e+02,4.52558885e+02,-2.23212008e+02,-6.84150461e+02,1.06418468e+02,-5.52370227e+02,-1.15834684e+02,2.03972256e+00,3.68490517e+02,1.08415285e+03,-3.93823699e+02,-3.03298855e+02,-2.94160671e+00,-1.21202125e+02,-7.02711700e+02,-4.82410408e+02,4.28963482e+02,-2.19456358e+02,1.46084253e+02,-4.22193330e+02,-1.29528919e+02,-3.47672829e+02,4.63343719e+02,1.32545683e+02,-1.94183025e+02,-1.16704501e+02,8.79807540e+01,-7.32098925e+01,3.76871885e+02,-2.17392385e+02,4.50722964e+01,2.97063704e+02,1.51565518e+02,-1.52188249e+02,1.34019475e+03,4.70003017e+02,3.00948172e+01,9.07265135e+01,-5.34201402e+02,2.67783148e+02,-6.48866113e+02,-2.22750895e+02,-4.76741769e+02,-1.65042009e+02,4.80525461e+02,-4.88639236e+02,1.58136875e+02,-2.38895632e+01,2.79291416e+01,-3.21816408e+02,-3.86372612e+02,-3.27428790e+00,-3.69299485e+02,-1.91761920e+02,-3.54323957e+02,-8.96307684e+01,-3.10234152e+02,-4.44441793e+02,1.95134702e+02,-1.49217787e+02,1.83230849e+02,8.77525746e+01,-6.36013605e+02,-4.73664213e+02,-3.44335316e+02,3.08407474e+02,-9.22001730e+00,-5.47508683e+02,5.02904332e+02,-3.44365356e+02,4.73734764e+02,-2.60518048e+02,-4.21332863e+02,2.29635893e+02,-5.87087721e+02,-3.35209070e+02,5.51660940e+02,1.56528828e+02,-3.50476182e+02,4.54482363e+02,-1.48197262e+02,-3.26466807e+02,-2.65272497e+02,-4.20282185e+02,2.05253904e+02,-7.84787124e+02,-7.20078149e+02,-8.30730900e+01,-2.60354049e+02,-4.76986329e+02,6.23759022e+02,1.14268304e+03,-2.84872168e+02,-2.76217129e+01,-5.46148439e+02,5.71060781e+02,1.60660863e+02,-1.69776962e+02,-3.33130789e+02,1.45862101e+02,-5.26224717e+02,-1.73563368e+02,-7.68035693e+02,3.02668885e+02,1.13430197e+02,4.27128991e+00,-5.97127820e+01,-2.96403146e+02,-7.72430377e+01,1.10488772e+03,-1.65878443e+02,-3.99820495e+02,-5.86515347e+02,1.12775291e+02,-3.10936978e+02,7.67909385e+01,2.52972069e+02,5.78268323e+01,2.44405006e+02,1.04711756e+02,5.15647281e+02,2.65885801e+02,-2.93000234e+02,3.66654227e+02,3.00400780e+02,9.66151427e+01,3.86357483e+02,-2.12873673e+02,6.29295988e+02,1.60666624e+02,-2.61075542e+02,-5.03775043e+01,-1.65041456e+02,2.07260043e+02,-2.27875476e+02,-2.65438144e+01,-9.39522537e+01,7.17629481e+02,4.64016451e+02,-5.84113379e+02,-3.65320517e+01,-4.66915979e+02,-1.51710640e+02,-1.96649819e+02,6.45382308e+01,-1.26598355e+01,-2.24598916e+02,1.09692712e+02,-6.06181295e+01,-9.11641199e+01,7.50526387e+02,1.56271713e+02,-7.01070100e+02,-3.82763406e+02,7.99004651e+02,2.37087033e+02,-7.39568042e+01,9.20658852e+02,-1.60194204e+02,-9.74899428e+01,-5.13341435e+01,1.17221379e+02,2.46520201e+02,3.53004318e+01,2.32358269e+02,-1.36528724e+02,-2.69779856e+02,-3.73927952e+02,-4.15171323e+02,3.88115493e+02,1.09885533e+02,3.27273390e+02,1.19969724e+02,7.66337987e+02,1.52279951e+02,-7.07534245e+02,-2.96959410e+02,8.52526559e+01,-2.40479088e+02,5.37584042e+02,-1.09129880e+02,1.59005257e+02,4.31876156e+02,-6.35995449e+02,1.28587016e+03,1.67638173e+02,2.05815541e+02,3.03529506e+02,6.97751696e+01,-6.36201411e+00,3.12046243e+02,-3.07504428e+02,7.07663625e+02,6.10472727e+02,-3.58098262e+02,1.29919169e+02,6.01277419e+02,-1.87398884e+02,1.38027465e+02,3.68928473e+02,3.68965311e+02,-6.77998529e+02,-1.19428654e+02,-3.02935633e+02,-2.73690267e+01,-3.65782868e+01,-2.19886433e+01,-1.40755229e+02,-2.54627313e+02,7.21724588e+01,8.78631794e+01,4.62596575e+02,-3.64454801e+02,3.34885168e+02,3.87640324e+02,-1.43936756e+02,7.65138428e+02,-5.90518788e+02,-9.10633685e+02,-5.73571834e+01,-7.26030607e+01,1.46365163e-01,6.81130478e+02,-6.26856667e+01,3.51477314e+02,4.14927280e+02,3.28122076e+02,-9.08818352e+01,5.46207719e+02,-1.37723760e+02,-2.80371322e+02,-3.99636128e+02,4.71248413e+01,3.32645556e+02,-4.33668869e+01,3.30849602e+02,-2.55465942e+01,5.51929100e+02,1.72123771e+02,7.64128218e+01,-4.70243438e+01,2.92603990e+02,3.26321645e+02,1.71660900e+02,-7.06898165e+00,-4.63608260e+02,2.59643081e+02,1.70797107e+02,3.18870229e+02,2.68012438e+02,3.05341772e+02,-5.15764627e+01,2.34673784e+02,-2.12657629e+02,-9.61383747e+00,-4.80127622e+02,-2.69097170e+02,3.38545570e+02,-7.81720975e+02,2.53445916e+02,1.46687416e+02,7.14723154e+02,-2.24064505e+02,2.63423265e+02,-1.00492770e+02,-4.17354163e+02,-6.20969496e+02,-7.07523045e+01,-7.59275417e+02,1.38165369e+02,-1.78507818e+02,2.58581897e+02,1.76348060e+02,-2.21269345e+02,-2.16808588e+02,3.33588796e+02,-5.17138085e+02,-1.05412393e+02,-1.78893894e+02,2.02985680e+02,-4.48154606e+01,4.94192772e+01,-1.85785837e+02,4.90277451e+02,-4.11521085e+02,8.34517079e+01,5.18468879e+02,-2.95896058e+02,1.59762501e+01,-3.16434498e+01,-5.91720704e+02,-4.00015707e+02,-6.85971199e+01,2.28003247e+02,2.77268794e+02,4.21468351e+01,-7.02171572e+01,1.90422542e+02,-3.89031833e+02,1.45994563e+00,-4.34664482e+02,-2.36408998e+02,4.05538683e+02,-2.53551632e+02,5.53759740e+02,-1.83767618e+02,3.03318828e+02,2.20504374e+02,-5.36659378e+02,-2.45935916e+02,7.33427645e+01,-3.43477997e+02,-3.02488706e+02,-7.47423753e+02,-4.80504363e+02,-4.50464328e+02,-3.71292563e+02,1.96797196e+01,1.14476619e+02,9.43645381e+00,1.80862756e+02,-4.91711235e+02,1.24991289e+02,1.79960634e+02,-5.73391320e+02,-5.54631164e+02,-3.54207337e+02,-2.01805811e+02,1.68038751e+02,7.20717379e+00,-3.83374801e+02,3.06507509e+02,-1.72449513e+02,4.31200103e+02,-7.69421720e+02,5.19930694e+02,-3.24153449e+01,-3.16715184e+02,-2.25875161e+02,2.74345396e+01,3.66791826e+02,-6.49804671e+02,-1.21651863e+02,-1.76546960e+02,4.22248682e+02,7.23561502e+02,-8.37345870e+02,8.05702932e+02,3.92815724e+02,-6.43641778e+02,-3.03696228e+02,6.57676140e+02,5.20830954e+02,-1.55305159e+02,-3.14692479e+01,9.14024902e+01,6.11451557e+02,-4.55557804e+02,1.40467796e+02,-6.54352293e+01,2.62434799e+02,-6.37658599e+02,-6.48826916e+01,-2.89839712e+02,4.07968946e+02,3.68023400e+02,-7.39044453e+02,-4.27067519e+02,-1.96001459e+02,-3.35628789e+02,-1.26048021e+02,-1.99094862e+02,3.70024420e+02,3.58795481e+02,-5.06791743e+01,-3.97851916e+02,-7.20526034e+02,3.75490950e+02,-4.37502768e+02,-2.71571418e+02,4.17272220e+01,-2.97356258e+02,-3.59282495e+02,-2.23381646e+02,-3.65027716e+02,-2.31506887e+02,-4.39817369e+02,5.02489991e+02,5.57266781e+02,-2.94899078e+01,-2.06077555e+02,-1.34975335e+01,3.67221388e+02,-7.60967090e+02,-1.80391902e+02,4.31422515e+02,5.79665120e+02,-1.58783340e+02,9.82782817e+01,4.73142738e+02,1.34771835e+02,-5.65512648e+01,-3.81757289e+02,1.94748421e+02,-3.09905844e+02,-1.37949646e+02,-1.67255130e+02,-1.61555276e+02,1.71933646e+02,6.74438554e+02,6.16934820e+00,3.51640192e+01,-7.83466138e+02,-1.50765947e+02,-3.27345157e+02,4.00575625e+01,-3.64716873e+02,6.79868851e+02,7.03714368e+02,1.27652620e+02,-1.30072678e+02,1.25240067e+02,2.19293143e+02,-4.13185027e+02,-6.65181865e+01,1.21350663e+02,1.19810968e+02,4.90309878e+02,3.89473011e+02,-1.80571114e+02,2.45019435e+02,-8.36166889e+02,-3.73538938e+01,7.37837296e+02,8.40298371e+01,-6.69906873e+00,2.87575768e+02,-2.50355480e+02,8.02170694e+02,-1.07494829e+02,7.35363101e+02,3.21336131e+02,-3.32627038e+02,2.65150722e+02,-2.66686887e+02,-5.95687551e+02,-3.50065711e+01,-4.90399164e+02,-4.62354248e+02,-4.57140039e+01,2.79273067e+02,-5.01700691e+01,-2.91367207e+02,6.54220152e+01,-6.30388725e+02,-7.98494688e+01,-7.17969768e+02,4.51800455e+02,-1.20463565e+01,-4.44583676e+02,-1.64514242e+02,1.49813698e+02,-2.79376440e+02,-4.08859216e+02,7.81545786e+02,-1.94701046e+02,-3.84878152e+02,2.18845691e+02,-1.03985657e+02,4.45082093e+02,-1.47904602e+01,7.44854697e+01,8.84990410e+02,-1.54910248e+02,-3.03854819e+02,-3.25482636e+02,-4.61434574e+02,-2.86712597e+02,2.46873981e+02,1.83267283e+02,1.85050439e+02,6.50460525e+02,2.04166884e+01,1.45871438e+02,-5.76185991e+02,2.12715534e+01,-2.02357059e+02,-2.32002241e+02,1.43588100e+01,3.05548517e+02,3.33352144e+02,6.59190016e+00,8.15551256e+01,2.56411756e+02,3.24892627e+02,-2.08868339e+02,-1.14088248e+02,1.47196790e+01,-2.04037212e+02,-6.81619162e+01,-2.37434110e+02,6.58869862e+02,5.65191046e+02,-1.10919289e+02,1.05822748e+02,-2.11572000e+01,-2.08222546e+02,2.91613413e+02,-7.68011018e+01,3.39551247e+02,-4.68023695e+02,1.64088159e+02,-9.61224943e+01,-4.74755221e+02,-2.19619133e+02,2.37737655e+02,-7.47344064e+02,3.67740827e+02,4.28942029e+02,-6.29074540e+01,-4.43560539e+01,-2.78928388e+01,2.12837766e+02,-2.86860419e+02,3.17033179e+02,2.47786492e+02,-9.09616689e+02,-2.87982513e+02,1.97442374e+02,-8.05812355e+01,3.34895430e+02,-5.36831463e+02,-4.83634576e+00,-3.61671154e+02,-1.07843878e+03,6.54532124e+02,-5.18344267e+02,-5.02892952e+02,7.70258308e+01,1.11696000e+03,6.24763092e-01,-1.89340311e+02,-1.83905942e+01,-6.20414121e+01,-7.72007276e+02,-5.39200313e+02,6.79405237e+02,-4.55498300e+01,-3.44552128e+02,4.38754903e+02,-3.01095083e+02,3.44559721e+02,4.74073699e+02,-5.36427845e+02,-2.24812852e+02,-3.00248535e+02,-1.31050168e+02,-1.69074469e+02,-5.96823008e+01,1.19717282e+02,-2.93173210e+02,2.58664346e+02,5.20480227e+02,-1.39517092e+02,-1.55257857e+02,1.20576377e+02,4.99573672e+02,4.25002257e+02,3.27461824e+01,-1.55355738e+01,-4.78162127e+01,-4.43775442e+02,3.29854422e+02,-2.09593471e+02,1.72931678e+02,-1.36921526e+02,2.53106586e+02,1.53003249e+02,-6.87735609e+02,-2.42268817e+02,-6.88410284e+02,-2.83758462e+02,6.54308749e+01,-1.50046641e+02,2.61119672e+02,-2.51785792e+02,1.64996192e+01,9.13530804e+01,6.49194472e+02,3.26429423e+02,-2.36561612e+02,1.75321838e+01,9.74159800e+01,3.47732607e+02,-5.28399848e+00,4.42066018e+02,2.12139809e+02,7.77674674e+02,2.21629473e+01,5.95909678e+02,-2.27591185e+02,-3.36019578e+02,7.15961597e+01,6.52310376e+01,2.65165930e+02,-5.71136757e+01,-1.38586205e+02,2.26412221e+02,-4.00098336e+02,-4.52421322e+02,6.69980893e+02,-5.13899061e+01,-3.72992197e+02,-4.67880322e+00,-1.23319753e+02,3.06491136e+02,2.88496035e+02,-1.70663889e+02,9.46369036e+00,-2.36057540e+02,-2.84835456e+02,-2.48915221e+02,-8.34666690e+02,-2.91635207e+01,-5.62821062e+02,-4.80783118e+02,-3.43666591e+02,1.53361315e+02,-3.28610638e+02,1.91111841e+02,-4.93376620e+02,9.41545859e+00,-3.55169032e+02,6.50915230e+01,1.02857140e+02,2.53924521e+02,-1.72236029e+02,-1.28919415e+02,2.27604465e+02,5.24800043e+02,2.84048146e+02,6.79379673e+01,-5.95748451e+02,-1.21216798e+02,-2.69117153e+02,-5.29787909e+02,3.61077237e+02,-3.01662115e+02,-3.82798218e+01,-2.00763678e+02,-8.84033452e+02,4.35705727e+02,-1.45864534e+02,3.59312734e+02,-6.06153298e+02,5.72013045e+02,3.73754857e+01,-2.71468782e+02,4.11319778e+01,-2.03713108e+02,-5.95338696e+02,1.23674479e+02,2.45849967e+02,2.80886090e+01,-3.15628138e+02,-1.13947334e+02,1.42233629e+02,2.55749350e+02,5.59541720e+02,2.21460397e+02,-2.05211626e+02,7.71618770e+02,2.50818437e+02,3.41461709e+02,-1.47525204e+02,2.32324565e+02,1.51831359e+02,-5.37879947e+02,-1.64185943e+02,-3.43691587e+02,-2.73848206e+02,-9.08080667e+01,-1.52787268e+02,-3.25093641e+02,-9.90543961e+02,-2.65381701e+02,1.34426307e+02,8.81808646e+01,8.20593073e+01,4.31749353e+02,1.61399253e+02,2.79113601e+02,-3.69051320e+02,4.02672778e+02,-4.29042214e+02,-6.66973960e+02,1.67894037e+02,-3.52180760e+02,-3.65614770e+02,-1.37490257e+03,-1.03678014e+02,6.97678333e+02,4.05947297e+02,-8.88588308e+01,-1.04156364e+02,2.58641278e+02,5.93712855e+02,-3.52039380e+02,-8.36686868e+01,-2.77288837e+02,-3.12913138e+02,-2.96944059e+02,1.38426429e+02,6.24468726e+02,-5.73725136e+02,-4.62303978e+02,2.13923516e+01,-7.56913295e+01,-1.23789157e+02,-8.11455830e+02,4.94107507e+02,2.19092913e+02,7.82265225e+01,4.22538070e+02,-2.64614068e+02,2.58901626e+02,2.35602619e+02,4.63320603e+01,-4.10986292e+01,1.06473990e+02,-1.41356996e+02,4.10421224e+02,-3.80039079e+02,3.66817053e+02,8.15896343e+01,9.81337622e+01,2.05277615e+02,-7.50479123e+02,5.62932358e+01,-5.58512423e+02,-4.40805698e+02,-4.27979563e+02,-3.93176914e+02,1.15742531e+01,1.13822228e+02,4.20841126e+02,8.40012258e+01,1.20248308e+02,-6.19856043e+02,-2.18616247e+02,2.87016303e+02,1.13822769e+01,1.59821900e+01,-7.12228931e+01,3.19462186e+02,-7.95255168e+02,9.18888036e+01,2.05870167e+02,3.96234013e+02,3.39033080e+02,-4.95141711e+02,6.69428875e+01,3.74313959e+01,3.88932702e+01,1.73161277e+01,-1.69294154e+02,-2.75141973e+02,1.37735776e+02,5.45258431e+02,-7.70367596e+01,8.37097223e+01,1.54769938e+02,-2.16373283e+02,-2.14517266e+02,-1.00793453e+03,-3.34557683e+02,-4.43002650e+02,-6.58878937e+01,-5.53603798e+02,6.54170944e+02,-2.57245810e+02,-4.60141451e+02,-1.36312026e+03,5.70764424e+02,1.19612885e+02,-1.22546272e+01,-5.34747142e+02,9.14347534e+01,-1.51165391e+02,-2.83623086e+02,1.02003790e+02,2.79046677e+02,6.89317062e+01,-1.50800560e+02,-2.81682860e+01,7.34427138e+00,1.66486745e+02,-5.30654938e+02,6.09069581e+02,-3.64771582e+02,-2.35914736e+02,-3.66807070e+02,-8.46178298e+02,8.24400319e+01,-4.16227712e+02,-1.91356030e+02,2.96474399e+02,-2.10057165e+02,4.08154304e+00,-8.61327932e+01,-2.22722316e+02,1.45071031e+01,4.62477194e+02,-4.52220997e+02,8.02036035e+02,-1.72215528e+02,2.95327035e+02,-6.87442809e+01,1.30011869e+02,-1.02295176e+02,4.07150114e+02,5.44538735e+02,1.73248739e+02,4.76221699e+02,-3.37907869e+02,-2.84607806e+01,-1.98446877e+02,5.92532047e+02,5.01537920e+02,3.84315902e+02,-1.29853936e+02,-2.62695782e+02,2.33802756e+02,-2.24808896e+02,-1.19779821e+02,-6.30567058e+01,-2.26970271e+02,4.45730878e+02,-5.06900395e+01,3.43371405e+02,1.23317765e+02,1.47843293e+02,-2.96985366e+02,2.80891909e+02,-1.57776803e+02,-1.13499161e+02,-2.60539922e+01,-4.41826561e+02,6.67087557e+02,-2.45366510e+02,-3.52940903e+01,1.73234149e+02,1.48775445e+02,6.15350269e+02,-1.43972471e+02,6.67065880e+02,6.05681326e+02,-8.44551216e+02,7.54328234e+01,-1.77403317e+02,1.26595564e+02,7.49218608e+01,1.53052248e+02,5.24862872e+02,8.05338312e+02,-6.81247667e+02,6.66032936e+02,-8.02809823e+02,-6.69036686e+02,-1.07181610e+02,-9.56125667e+00,6.11395826e+02,3.35512514e+02,-1.58345308e+02,-8.04759430e+02,6.11560337e+02,-3.90842067e+02,-8.81567844e+00,-4.37696737e+01,1.07810633e+03,-2.45789101e+02,-9.15396967e+02,2.68636113e+02,-1.40619309e+03,9.68388573e+01,-3.10334627e+02,-1.57373521e+02,-2.37095158e+02,-5.09447594e+02,3.55896552e+02,-3.14434979e+02,-8.03813634e+01,-6.80499024e+02,-5.80916845e+01,-4.16470061e+02,-6.47081514e+02,-1.06333200e+03,8.79364068e+01,-2.80602631e+02,-6.41987827e+00,-1.17291114e+02,-6.88474078e+02,-5.49358506e+02,-4.59289270e+02,-4.63293005e+02,4.76197375e+02,8.07197553e+01,-4.15574380e+02,-1.59154663e+02,-1.95113786e+02,3.23120854e+02,-2.89731531e+02,-1.06212036e+02,-1.95786189e+02,-3.11894576e+02,-3.25780886e+02,3.32812858e+02,-1.51510751e+02,-7.90839605e+02,6.69642314e+02,4.07898987e+02,5.30323651e+01,-6.29969321e+02,-6.56374137e+02,9.40651974e+01,1.18279912e+01,-2.59368732e+02,-4.22231643e+02,3.07912686e+02,-6.84791768e+01,2.37392249e+02,4.28902225e+02,2.92897277e+02,3.05570725e+02,2.21368450e+02,-1.76883370e+02,-1.08908619e+02,-1.90838448e+02,-3.03300595e+02,-3.97513862e+02,-5.61881709e+02,-3.39376104e+02,-7.00106364e+01,-6.91541392e+02,-7.60919261e+01,2.83185777e+02,-6.22226592e+02,2.16414466e+02,1.89158986e+02,-6.11798765e+02,-4.93018843e+02,-1.36339433e+02,1.83223665e+02,-3.44389064e+02,6.08469393e+02,5.45739125e+02,-6.51290825e+02,4.38387036e+02,3.07624086e+02,6.61234705e+01,2.18567062e+02,-3.70029546e+02,-1.23979425e+02,4.75117969e+01,1.53839765e+02,3.92237812e+02,-4.39752356e+02,-3.77629287e+01,1.53174821e+02,-1.22703519e+01,-2.30019697e+02,1.70973893e+02,-2.31064283e+02,-1.74777600e+02,3.22589849e+01,-5.20025364e+02,3.10888960e+01,-2.02239879e+02,-1.09430407e+02,6.41922480e+00,-4.91762826e+02,4.89157965e+02,-2.32482634e+02,-1.12094834e+03,-7.32973330e+02,3.38196324e+02,-3.08737315e+02,-1.48414440e+02,-2.52181421e+02,-1.44134350e+02,-8.65793463e+02,-9.54776062e+01,-5.54444953e+02,-2.89150304e+02,2.22575926e+02,6.44158868e+02,-2.70448729e+00,-2.66751331e+01,5.04865016e+02,-4.39024951e+02,3.09608437e+02,7.98390168e+01,-3.61550301e+02,-1.56929324e+02,2.12203240e+02,1.60238714e+01,8.55466883e+01,9.90126382e+01,-2.03991197e+02,-2.41315816e+02,-4.56400809e+02,4.33349375e+02,-5.49717626e+02,-4.03817316e+02,8.29844441e+01,-7.73258009e+02,1.67118163e+02,5.42377212e+02,-4.18684167e+01,6.14197761e+01,-2.15743672e+02,-1.76907078e+02,8.89469445e+01,3.24128077e+02,-3.49554427e+02,2.66462118e+02,-9.53179174e+01,-3.31446698e+01,2.32468724e+02,1.64994276e+02,-7.82010401e+01,-3.32444785e+00,2.09730990e+02,2.42331896e+02,-6.20557314e+02,5.62361008e+01,4.66212734e+02,-8.39859180e+02,2.80690177e+02,-1.03116780e+03,-8.03354257e+01,-1.28395632e+02,-7.25007896e+01,-7.79477740e+01,-2.23888706e+02,-3.23310176e+01,1.42137903e+02,-2.08870600e+02,1.21641347e+02,7.50642312e+02,-5.54653862e+02,-2.30746796e+02,3.16424546e+02,2.13877703e+02,3.58029485e+02,1.42019577e+02,2.43810336e+02,-1.60951041e+02,-4.22990610e+02,-3.67449277e+02,-1.80740348e+02,6.84750758e+00,-3.62897130e+02,-1.31461842e+02,5.74400600e+01,2.00298803e+02,-8.62521680e+01,4.85959394e+02,-4.39586326e+02,-4.48778991e+01,-2.38758881e+01,2.41306675e+02,-3.51553580e+02,-2.21207030e+02,2.35557303e+02,4.30922816e+02,6.03677122e+02,3.02914186e+02,3.57007658e+02,-2.56435463e+02,5.39802110e+02,5.82200739e+02,-5.46350933e+01,3.39114447e+02,3.28317267e+02,-2.19318011e+02,1.54899463e+01,5.29869387e+02,-2.39553042e+02,-1.06595100e+02,-5.22932832e+02,2.31793125e+02,-6.60330699e+01,1.52519793e+02,8.20942413e+01,-3.59809628e+02,3.96352378e+02,3.51479439e+02,-2.05687168e+02,1.59127331e+02,-4.96075078e+02,-4.45985868e+02,2.02203142e+02,-5.95690817e+02,-2.33568024e+02,8.23464556e+01,6.97751349e+02,-2.09953402e+02,-9.02398997e+01,-1.27384043e+02,9.89576155e+02,1.23000219e+02,-3.74566717e+02,5.90865076e+02,5.43583032e+02,2.59996332e+02,6.30668939e+02,6.98648593e+02,-8.99742332e+01,-2.58477301e+02,-2.79792278e+02,2.31921876e+02,3.26471394e+02,-4.27443526e+01,-1.78457756e+02,-5.30869195e+02,-2.59188944e+02,-3.81817046e+02,2.54980613e+02,1.30166992e+02,5.39726764e+02,4.95703274e+01,-2.16189032e+02,-6.78214381e+01,3.45027747e+02,1.12638300e+02,4.40388845e+02,4.95022962e+02,-1.18879182e+02,-7.80825465e+01,-8.33485250e+02,4.59668952e+02,-4.57474012e+01,4.33538299e+02,-1.58470951e+02,-5.03301134e+02,1.70697355e+02,5.97046016e+02,-2.11725030e+02,5.88360225e+02,-6.22291651e+02,-1.93748498e+02,-6.73809805e+02,1.89778586e+02,9.82755247e+01,8.14679033e+00,-5.15611019e+02,7.55525304e+02,4.53486524e+02,7.01628759e+01,-3.95692382e+02,1.87841239e+02,-2.33828762e+02,-7.58995577e+01,-1.88273201e+02,1.79019063e+02,-8.75641359e+01,-1.75519710e+02,1.65205987e+02,2.25814862e+02,-7.32669242e+02,1.67387001e+02,5.75930030e+02,3.60221148e+02,-1.13134129e+02,2.90408667e+01,-3.08103075e+02,5.06474344e+02,1.50139069e+02,-5.76052881e+01,-5.94694505e+01,9.35628668e+02,5.85238023e+00,2.65362754e+02,6.21154654e+02,8.37107777e+02,5.48407743e+02,3.63378446e+02,-5.45702517e+02,-3.72263323e+02,2.96743704e+02,1.47855121e+01,2.77237750e+02,1.58045818e+02,5.04013837e+02,-6.64460300e+02,-4.20340046e+02,-5.53852531e+01,-7.42156867e+02,1.67744105e+02,3.38345932e+02,1.18695602e+02,-1.94877889e+02,2.02584432e+02,1.21898464e+03,2.22916855e+02,1.30315809e+02,-4.19858101e+02,-5.66617834e+02,-1.34185990e+02,2.66832986e+02,-4.50360732e+01,1.80273070e+02,3.01498103e+02,-5.12925837e+02,2.12864117e+02,4.47919066e+02,5.02025994e+02,-4.82914684e+01,1.02575649e+01,-7.96514446e+01,-4.32532076e+02,-5.71107583e+02,7.14987479e+02,-5.78901111e+01,-5.07078180e+02,1.92727450e+01,-1.96807136e+02,7.82979901e+02,-2.04967829e+02,-2.95580077e+02,2.68103446e+02,-1.25167241e+02,3.71862769e+02,-4.72146585e+01,8.61740593e+02,4.31311740e+02,-9.59597674e+00,-3.09381991e+02,2.12793035e+02,-4.75178876e+02,-9.92713944e+01,5.21735560e+02,-2.40356142e+02,-4.04172979e+02,-1.90510310e+02,4.44779448e+02,1.24837586e+02,-7.11391119e+02,2.62828869e+02,1.27900357e+02,5.95824632e+01,-4.38279729e+02,1.51984311e+01,3.00628922e+02,4.37311451e+02,5.48916112e+02,2.24033399e+02,3.53333316e+01,-4.35774512e+02,-4.09736707e+02,-6.36887765e+02,-7.95126067e+01,2.71013575e+02,-2.11294319e+01,4.58937824e+02,-2.71896295e+02,1.56803819e+02,-1.03717436e+02,-2.55391040e+02,5.07572107e+02,6.53389191e+01,5.26265564e+02,2.59457844e+01,2.13143527e+02,-1.70391543e+02,5.36473518e+02,-1.04022622e+02,-3.26637871e+00,-6.70113374e+02,-9.24782264e+01,6.23814482e+02,5.70578013e+02,2.26259651e+02,-1.29339478e+02,3.29804937e+01,-1.52270170e+02,-5.05496669e+01,7.71529295e+02,1.55790744e+01,-2.03806575e+02,-9.45916926e+02,-4.63759168e+02,-3.22640050e+02,-5.74858987e+02,-4.81885346e+02,-6.09312571e+02,-3.97929508e+02,-3.25363280e+02,-4.11991491e+02,4.08842532e+02,-2.17275756e+02,-8.29778071e+02,3.42618668e+02,-2.48265636e+02,-7.04336462e+02,8.32309755e+02,-2.06612536e+02,1.69029931e+02,3.49641804e+02,9.21685720e+00,2.23601974e+02,7.61035911e+00,-1.27026942e+01,-1.17456150e+02,-6.22137288e+02,9.11476290e+01,-1.11739024e+03,5.61507308e+02,-3.75625710e+02,-1.19106725e+02,-1.52792936e+02,9.05287009e+01,-1.61067431e+02,2.45864502e+02,-4.61779139e+02,3.25214904e+02,3.36488467e+02,1.32140641e+02,8.46803006e+01,1.71002376e+02,6.40739668e+01,2.59652275e+02,-8.17429356e+01,-5.38685041e+02,8.42886187e+01,-1.98822467e+02,-3.91742383e+01,4.28593111e+02,-6.96155016e+02,8.89210908e+00,1.20861803e+01,7.40437280e+01,2.85192341e+02,-1.18275199e+02,7.21500129e+02,4.14696993e+02,-1.50370316e+02,-9.06845139e+01,1.69327254e+01,6.69123844e+02,-4.78014793e+02,-8.94345623e+02,2.48527796e+02,-1.04501495e+02,-1.08987420e+02,1.44976279e+02,6.72325119e+02,4.09337915e+02,-1.51226744e+02,-4.33742346e+02,-5.22079814e+01,2.52515876e+02,-1.13536893e+02,-6.39346141e+02,-2.49755864e+01,-7.99196551e+02,-4.19339297e+02,6.84762791e+02,-4.40971997e+02,-5.72437772e+02,-4.47327312e+02,-3.04352935e+02,2.88143628e+02,7.09349126e+02,-4.43325485e+01,2.36476564e+02,-1.55116273e+02,-5.99601838e+02,4.02538734e+02,-3.92729261e+02,2.43328671e+02,3.11371291e+02,-6.51216116e+01,3.54526073e+02,3.76482468e+02,9.26285680e+02,-1.27950945e+02,-3.97600241e+02,-5.48722504e+02,-1.30486754e+02,-2.24839493e+02,8.72431178e+02,-3.81085898e+02,8.76119570e+01,6.32807308e+01,-2.24645400e+02,-6.99230320e+02,-5.58516793e+01,8.41478812e+02,9.52070627e+01,6.07694158e+01,-4.61920620e+02,-5.21447528e+02,-8.50410571e+01,4.16303391e+02,-1.93194025e+02,9.16557652e+02,-3.78525675e+02,1.46693355e+02,-1.77418452e+02,-5.89311255e+02,2.67248555e+01,-4.40180093e+02,-6.41542064e+02,7.16757836e+01,2.00420010e+01,4.45426986e+02,1.81491824e+02,-2.91503108e+02,1.94623355e+02,-7.11848793e+02,-4.55121044e+02,7.80996446e+02,1.11400904e+02,-1.20743558e+02,-2.77774944e+02,-4.01823174e+01,-6.77137516e+01,7.33927169e+02,3.52931352e+02,-1.26122265e+02,-5.93546348e+01,-3.47022077e+02,-1.75053240e+02,-5.79239831e+02,4.13460072e+02,6.47905333e+01,1.18576087e+02,1.31395549e+02,-4.81422952e+01,-1.58224207e+02,-3.93643196e+00,-9.16958226e+02,-1.63818143e+02,-7.00904778e+01,-7.88253402e+01,4.71957927e+02,5.44785344e+02,1.39368429e+02,-8.25314399e+02,5.51380962e+02,-1.72443356e+02,-3.32791984e+02,-7.52781005e+02,-2.81013930e+02,5.09242816e+02,2.36531183e+02,6.13649180e+01,2.65183991e+02,-5.02477359e+02,-3.83492860e+02,4.77159315e+02,3.29475991e+02,4.45022384e+02,-1.38273558e+00,5.97921899e+01,4.77554787e+02,8.52598070e+02,-2.11937970e+02,3.26529614e+02,-1.46867279e+02,-3.62635269e+02,-2.95488842e+02,-2.64672669e+02,-1.29398737e+02,-4.40238186e+02,-2.01644136e+02,-1.20214245e+03,2.93726593e+02,1.68535202e+02,-3.19271952e+01,-3.57918699e+02,-1.93481420e+02,-4.64801995e+02,1.01162493e+02,7.10456391e+02,-1.78386422e+02,-1.41987327e+02,1.88783021e+02,-4.18448946e+02,7.48755529e+02,1.43236383e+02,1.58572136e+02,4.45622517e+02,1.45793140e+01,4.84355553e+02,1.42244119e+02,-7.36606671e+01,8.09967792e+01,-2.06061601e+01,5.99160421e+02,7.84402434e+01,1.28710240e+02,-7.79267981e+01,1.15019932e+02,-7.98633915e+02,-3.21378129e+02,-3.98323072e+02,4.42593540e+02,-2.52537666e+02,-5.55055243e+02,5.07921880e+02,-1.04097463e+02,3.77054651e+02,-7.89277974e+02,2.13279483e+02,6.56968189e+01,5.09416125e+01,-7.64251776e+01,-5.62467238e+01,4.26064721e+02,-1.58860544e+00,-4.27311622e+02,-1.38573892e+02,2.17865875e+02,-1.00827534e+03,-8.01612024e+02,1.25704627e+01,9.69246795e+01,-3.76100248e+02,-3.67382158e+01,9.36085326e+02,2.84174972e+02,-4.84340934e+02,8.11742612e+01,-7.73916395e+01,9.00693326e+01,-2.96471173e+02,1.60727053e+02,2.44874329e+02,-5.82925672e+01,9.72340137e+02,-9.15515995e+01,-2.77822430e+02,1.66213206e+02,3.56976104e+02,-3.06462952e+02,-2.55500536e+01,8.28894568e+02,-2.06344511e+01,5.08869092e+02,1.24026214e+02,-8.28338793e+01,-2.26945231e+02,4.91693962e+02,-4.75676708e+02,-1.81829494e+01,-1.30419425e+02,-3.65497293e+02,1.44964067e+02,2.06416891e+02,7.63157508e+01,-1.41872925e+01,-3.34678827e+02,1.59256992e+02,-1.52097603e+01,-2.16138321e+02,-1.86907269e+02,1.70179783e+02,-4.32770719e+01,-3.16863945e+02,-9.21448555e+02,7.89101949e+01,2.01539135e+02,-4.05223879e+02,-1.94920622e+02,7.13237866e+02,6.35792022e+01,3.05375184e+02,5.69285736e+01,3.19755036e+02,4.44809838e+01,-3.40793222e+02,-3.41115703e+01,7.16155723e+01,2.40919651e+02,6.93788900e+02,4.25660806e+02,1.88088583e+01,1.48435320e+02,5.22164519e+02,2.26897549e+02,-6.27507255e+02,-2.32159111e+02,1.16533452e+02,7.40427687e+01,2.27966783e+02,-4.54671702e+02,1.09257911e+02,3.48388502e+02,4.26699909e+02,-3.87477153e+02,-4.43146403e+01,-1.98346461e+01,-1.18068956e+02,-2.86537482e+02,-1.70528767e+02,-2.89321453e+01,6.97689239e+01,3.57893178e+02,-2.69038200e+02,6.92558559e+02,3.08255545e+02,2.18980229e+02,2.88353403e+02,2.62395818e+02,2.84272259e+02,4.67779271e+02,-3.83306968e+02,5.47601603e+02,-9.63926305e+02,2.69041559e+02,-9.40698804e+02,7.29039345e+02,6.30135985e+02,-1.00240989e+02,-4.25796703e+02,-3.65807571e+02,-4.98365967e+02,-5.36509132e+02,4.98066669e+02,3.71619671e+02,2.09548015e+02,2.74368652e+02,3.52448841e+02,-3.33124865e+02,-1.74161208e+02,4.96567301e+02,-1.07937224e+02,4.58185642e+02,6.33198495e+02,-3.73251808e+01,-6.23985200e+02,1.27666098e+01,-1.13350501e+01,-8.51132588e+01,6.84735612e+00,-5.81121852e+02,-1.58898596e+02,5.20022135e+01,7.75458433e+01,4.19263934e+02,-3.46261162e+02,5.29579294e+02,-3.50016962e+02,1.92738564e+02,3.37789774e+02]
