31.9
22.3
35.1
58.9
8.6
19.8
24.3
39.3
4.8
5.8
14.6
83.0
8.4
16.8
15.3
29.4
8.7
60.4
0.9
6.9
15.8
29.7
5.9
17.1
39.4
24.6
6.0
25.2
10.2
12.9
30.0
28.0
24.2
22.1
51.5
8.0
7.8
38.5
18.2
64.6
4.9
56.2
2.0
52.1
23.6
41.3
37.3
21.1
14.3
7.5
26.2
41.2
11.7
71.6
31.0
57.0
16.1
36.1
38.3
14.0
27.0
15.1
2.8
14.8
47.2
32.3
6.1
43.3
16.5
59.0
35.7
28.8
74.2
6.7
92.4
30.7
13.8
24.7
37.8
49.4
26.3
75.0
13.2
25.4
6.0
4.8
12.4
4.5
67.9
23.9
32.0
37.4
54.5
6.8
43.6
6.1
45.9
4.9
24.9
26.0
48.8
7.8
47.8
6.5
61.4
16.4
100.2
11.7
8.6
21.8
40.8
12.8
28.5
35.1
27.7
4.1
18.0
76.1
27.9
24.2
19.8
21.7
53.4
15.4
12.5
17.6
21.4
4.4
7.9
110.6
19.6
18.0
16.7
28.3
15.1
64.5
3.5
44.2
7.1
1.3
12.8
28.0
52.4
40.4
3.4
2.1
28.2
2.9
26.2
41.8
2.4
11.8
41.6
26.8
16.4
44.2
11.6
59.5
43.8
11.0
82.2
2.3
47.8
8.1
28.2
22.0
72.9
13.9
14.2
66.3
19.0
20.5
36.9
59.1
20.6
6.5
19.2
62.0
42.8
5.3
11.4
24.7
16.8
54.9
10.5
42.8
29.4
38.0
8.5
52.3
19.3
10.9
24.4
17.3
60.1
1.1
41.6
7.3
69.7
31.6
25.3
42.8
28.2
14.9
20.4
20.3
37.0
19.0
36.3
30.2
13.5
104.4
56.4
5.4
41.7
45.3
21.0
31.7
3.3
40.9
25.0
22.4
20.7
43.1
3.8
77.5
9.6
17.7
12.4
24.5
31.4
4.9
17.4
39.5
14.2
12.0
18.4
39.1
45.7
80.0
5.3
22.7
18.2
29.9
23.8
15.1
13.7
12.9
7.5
18.7
11.9
11.2
73.9
20.1
32.8
18.3
46.6
13.6
5.1
42.6
15.3
64.6
37.3
6.0
36.4
29.8
15.2
57.3
24.3
31.9
8.9
55.1
24.6
14.4
9.1
25.5
18.1
27.6
58.1
11.6
75.4
18.2
42.5
35.8
23.6
19.1
64.3
18.8
89.7
19.6
20.2
16.2
42.3
8.1
12.7
17.6
3.5
22.8
23.5
37.4
16.7
41.0
29.8
8.3
28.7
24.6
7.9
22.0
33.1
22.1
58.8
47.3
24.3
46.9
4.1
85.0
7.6
17.9
50.0
16.5
51.9
19.1
35.2
3.3
55.6
13.7
75.1
20.5
34.0
50.2
17.6
1.2
59.2
6.6
31.9
27.9
7.3
61.5
59.3
21.7
12.0
61.1
44.2
29.9
90.2
10.5
32.8
9.6
69.1
27.1
59.3
18.0
16.9
11.4
32.0
15.8
17.5
22.6
32.1
18.9
23.2
30.1
49.6
1.6
43.8
25.0
17.8
56.2
32.6
24.8
7.5
19.5
19.9
18.3
11.8
72.4
50.7
4.7
8.8
5.9
19.2
12.4
12.0
39.9
6.1
69.7
37.4
19.1
33.8
8.7
25.6
37.2
15.7
33.7
25.2
32.9
15.2
21.8
50.8
30.2
2.3
16.8
29.1
1.3
55.2
5.4
5.3
9.3
32.1
9.0
2.3
49.2
15.1
113.9
10.1
40.4
3.8
64.4
1.4
17.8
24.5
110.0
30.6
49.0
6.4
4.3
46.1
16.0
20.7
36.5
27.0
17.0
18.6
30.0
2.8
60.5
11.5
80.9
20.8
56.1
10.5
45.6
34.8
10.1
28.5
73.7
6.2
10.3
17.6
39.3
28.9
53.2
9.1
4.8
36.6
17.2
12.0
33.8
13.9
77.9
6.8
26.7
28.7
51.4
11.4
11.3
39.3
43.3
31.5
15.1
30.6
4.7
9.2
14.7
14.8
1.4
28.8
50.0
25.1
38.0
17.0
96.3
14.9
41.9
10.0
58.9
16.7
24.2
18.6
5.0
38.3
16.6
32.9
21.7
62.1
17.5
5.1
54.5
57.9
31.6
48.5
19.9
39.4
16.9
14.0
10.8
39.7
12.1
45.8
23.5
52.7
7.4
39.5
29.0
8.8
29.4
21.7
39.3
53.2
28.4
29.7
7.2
37.6
4.3
36.1
4.3
20.1
6.8
45.3
20.5
53.6
18.3
26.6
11.2
29.0
8.0
4.1
38.8
1.9
85.6
17.5
33.7
22.8
13.8
5.6
9.5
28.9
39.6
33.8
52.0
12.6
53.8
33.2
17.7
13.2
52.9
7.3
65.4
21.1
55.5
24.9
36.2
22.1
46.9
6.8
30.1
47.1
20.4
21.7
5.3
8.8
13.0
34.6
29.3
21.0
14.1
13.8
81.9
17.2
20.5
8.1
73.1
36.4
18.7
16.5
31.1
2.7
15.6
4.0
62.9
13.2
30.8
6.1
8.9
35.0
47.2
26.8
59.6
4.9
13.1
18.6
62.1
7.8
21.4
16.9
14.8
1.1
37.9
6.8
29.8
58.7
16.2
53.4
14.7
14.5
38.2
27.1
31.1
23.9
10.9
23.1
78.0
6.3
33.4
12.2
61.9
12.6
39.5
11.2
23.6
15.5
98.3
7.6
55.1
94.0
15.2
2.6
16.5
26.5
27.6
10.6
31.2
30.1
58.8
32.7
2.8
21.8
21.3
29.9
57.4
5.2
56.8
19.1
15.4
19.1
9.1
2.1
39.0
6.4
24.7
11.0
48.2
36.3
47.1
15.4
86.9
35.7
52.0
4.6
81.3
52.2
12.8
22.4
5.2
37.6
31.8
11.5
20.5
10.0
78.9
5.1
37.8
32.4
62.8
5.6
48.1
17.3
63.6
10.9
1.6
130.9
19.6
68.4
18.8
84.8
12.9
9.1
25.3
68.2
39.4
9.8
10.0
26.8
14.9
30.9
6.3
26.6
5.3
43.6
36.1
27.9
3.8
36.3
218.3
8.6
38.1
18.4
38.1
15.0
20.3
54.4
13.2
71.9
21.9
25.9
2.3
7.6
11.4
14.7
26.8
34.6
20.9
13.8
31.7
16.3
5.7
69.1
60.6
27.5
86.7
21.8
5.5
16.4
61.5
4.8
8.9
7.8
7.9
20.0
24.2
37.3
49.0
19.2
7.3
43.9
24.3
84.4
36.8
18.0
45.6
33.6
29.5
63.0
22.5
25.4
19.7
12.3
6.3
20.6
40.5
19.7
1.1
24.3
2.1
23.8
90.0
12.4
50.1
5.0
19.6
24.9
16.2
36.2
76.2
2.8
72.1
16.5
51.0
11.9
81.9
5.2
7.9
13.5
39.3
35.5
33.2
4.4
41.5
3.5
38.1
31.0
24.1
18.6
28.9
24.0
20.1
32.1
47.6
36.4
19.0
67.5
2.8
39.8
8.4
43.0
27.3
24.4
51.6
20.8
38.5
11.2
114.8
17.4
14.6
51.1
31.7
29.4
23.1
30.5
43.8
12.5
27.4
22.5
19.0
20.3
51.2
26.3
26.8
18.5
28.4
44.6
11.9
19.4
4.0
15.5
17.3
5.9
3.2
89.4
34.0
13.3
31.4
21.8
17.8
13.2
58.5
36.2
20.4
26.3
30.1
17.8
50.0
25.0
3.8
19.4
42.3
15.5
38.3
16.0
62.0
39.3
19.2
26.5
78.6
17.3
40.1
21.5
14.0
17.9
39.3
18.3
81.4
29.9
61.6
11.0
33.0
63.9
18.0
27.7
34.4
46.7
14.8
38.7
24.7
21.1
23.6
42.9
18.7
19.4
74.8
24.9
40.9
15.3
12.1
21.0
17.2
21.5
59.8
8.5
93.3
10.1
29.9
17.6
29.3
22.6
14.6
10.0
5.8
26.8
9.5
28.1
15.1
29.7
38.1
6.5
34.9
20.3
9.4
50.4
12.8
2.4
30.9
69.6
7.6
40.7
8.6
49.5
6.7
24.9
42.1
33.2
4.2
13.2
22.1
46.4
30.4
4.7
61.9
17.7
71.8
36.3
61.8
30.4
47.6
6.0
23.7
39.0
16.3
12.4
46.7
13.6
28.6
40.5
32.9
30.3
68.6
16.0
12.9
2.4
15.3
35.4
15.9
21.5
38.2
14.6
28.7
51.0
22.8
21.4
55.1
15.8
62.2
10.9
65.2
17.8
27.7
22.0
16.9
64.0
2.1
89.8
2.4
13.4
25.5
17.2
31.2
22.1
28.3
30.7
4.0
2.5
7.6
20.7
0.7
41.0
25.2
18.5
45.5
10.2
1.7
25.3
25.0
60.8
20.1
71.2
6.1
10.4
18.4
42.2
12.2
35.4
25.5
9.1
19.9
50.4
26.8
24.3
22.5
12.6
23.1
42.4
31.4
48.2
3.9
49.7
12.0
24.4
12.1
50.7
33.6
26.8
79.4
10.7
24.9
37.1
6.7
39.9
28.1
82.2
8.3
19.5
15.1
40.8
16.9
36.4
33.8
62.4
33.2
24.5
31.8
63.9
16.0
3.0
38.1
35.9
34.7
44.5
4.6
51.7
7.3
28.0
16.1
62.6
17.4
14.9
13.2
3.4
43.5
22.6
73.1
20.1
34.0
41.3
49.8
34.5
5.0
12.2
37.2
11.2
32.9
41.0
25.6
25.3
10.7
11.6
49.1
30.5
38.1
18.3
15.2
14.3
78.7
13.1
67.6
3.9
54.7
26.1
37.5
69.8
11.2
12.8
25.9
12.1
38.1
23.3
32.6
27.1
16.3
39.8
11.3
19.8
50.2
28.1
24.4
9.8
25.5
32.2
35.2
48.1
13.2
71.3
6.1
32.4
14.8
43.1
21.7
31.8
14.5
9.9
34.0
7.5
67.5
17.2
53.9
33.3
19.8
41.9
6.6
17.4
36.9
11.0
24.7
32.7
11.0
38.7
3.5
11.2
34.2
21.1
64.3
22.1
50.6
29.6
4.9
13.1
57.9
35.6
65.8
11.0
12.4
52.5
11.4
7.1
17.3
5.3
30.8
26.5
40.5
12.2
32.5
6.7
17.2
28.9
48.3
12.1
28.3
35.6
61.6
19.1
36.6
15.5
13.9
49.3
31.7
23.5
29.7
22.0
53.9
7.7
41.5
97.9
50.4
8.2
46.7
10.1
14.3
37.7
22.6
12.5
22.5
29.1
5.3
1.5
32.3
23.5
27.8
15.2
3.0
15.1
18.9
1.0
17.9
15.9
64.1
14.4
50.5
12.0
24.9
38.3
36.6
70.1
26.7
19.6
7.6
23.4
15.3
38.7
25.8
17.2
31.4
20.1
22.5
3.2
16.8
62.7
11.4
22.8
28.2
73.8
26.4
7.7
105.1
20.5
54.0
56.8
107.2
17.7
15.0
18.5
25.3
25.6
20.9
32.4
6.3
61.6
6.7
22.6
30.6
70.7
35.4
11.6
14.5
74.2
18.6
15.8
3.5
9.0
27.4
28.0
25.2
25.0
17.3
6.4
20.9
55.9
23.4
64.6
17.7
24.1
5.1
42.1
5.6
11.9
65.6
8.2
16.1
22.0
81.5
3.5
54.4
11.7
25.9
33.5
9.3
42.8
30.0
8.6
4.7
16.9
8.9
31.5
40.2
18.2
41.6
53.9
25.7
76.5
8.0
78.1
9.0
50.8
14.5
67.3
10.7
3.9
28.7
0.9
52.6
11.5
74.5
35.2
5.2
42.6
57.8
24.0
38.4
17.1
25.5
31.1
16.5
22.0
13.3
14.9
73.1
11.7
27.8
13.3
41.5
14.6
37.3
13.2
78.6
18.0
38.1
29.4
9.7
71.3
23.7
8.8
10.2
24.1
17.7
36.6
34.5
18.0
9.9
23.6
11.0
27.2
33.1
12.3
48.3
17.7
34.0
29.5
20.2
49.2
6.7
52.2
9.2
22.0
39.5
20.2
10.6
32.3
24.0
75.6
8.3
68.2
20.2
67.3
33.0
23.2
16.1
14.8
10.4
22.7
18.4
67.7
25.6
78.3
53.1
26.1
35.3
29.1
12.3
19.8
5.3
28.9
36.9
31.6
2.8
104.2
5.4
61.9
44.2
50.4
44.5
5.4
32.2
25.3
48.7
11.9
42.5
15.6
6.9
27.9
7.9
30.5
3.5
32.7
40.3
8.5
74.9
17.0
33.0
20.9
76.1
19.1
54.1
18.1
17.4
29.0
17.8
25.0
16.5
32.4
5.8
36.9
14.6
12.5
19.9
26.2
37.1
29.0
68.6
20.7
34.4
19.0
25.1
7.6
46.0
21.1
65.4
19.9
19.3
15.3
55.0
23.5
44.4
19.8
25.9
14.6
52.7
13.4
39.4
7.9
27.1
30.8
19.2
33.5
37.1
47.9
28.6
9.0
10.8
68.3
30.5
13.6
26.9
17.2
23.2
47.4
20.7
3.3
18.4
7.7
29.6
8.6
22.1
40.1
32.1
57.1
9.2
19.6
21.0
93.2
17.6
35.3
7.9
10.6
4.4
17.4
106.8
5.8
60.3
20.3
7.3
26.7
9.4
17.9
8.1
8.6
70.0
24.3
49.8
50.4
21.0
13.6
25.5
4.1
62.8
7.5
59.0
14.3
27.0
5.9
41.8
8.7
67.0
40.5
16.8
43.7
5.4
38.3
43.0
16.4
35.9
15.8
17.4
11.5
25.9
29.8
30.5
38.9
57.2
7.0
26.5
75.3
20.6
29.8
26.8
32.4
8.9
24.7
14.1
53.4
11.1
28.6
48.9
57.1
21.1
14.4
20.6
6.2
59.9
7.7
29.8
16.3
33.7
61.4
18.8
21.5
63.4
17.8
26.0
5.9
6.7
41.7
86.3
29.9
26.2
32.6
33.9
21.8
4.4
8.6
51.7
17.6
58.4
13.8
99.1
11.5
25.3
3.3
41.4
11.1
28.8
15.4
33.7
16.8
43.7
16.8
21.0
31.0
27.9
20.3
1.2
16.8
37.3
49.2
34.2
22.5
14.7
51.1
33.6
5.6
44.4
19.5
62.0
2.0
12.6
10.8
11.0
15.8
28.1
16.2
18.2
76.4
22.7
14.5
40.2
36.3
4.9
24.5
63.6
33.1
27.8
17.5
27.0
26.3
30.1
50.2
13.3
20.7
55.8
10.8
35.8
14.7
93.5
43.9
29.2
24.2
66.5
17.8
5.5
38.0
6.5
28.7
11.2
42.7
13.4
52.5
32.4
35.6
2.6
25.2
44.9
79.2
28.5
1.7
1.9
81.4
1.8
14.1
34.8
49.9
5.9
36.0
65.3
36.7
118.2
4.5
37.0
26.0
15.1
9.3
137.3
16.2
33.4
84.1
4.2
96.5
9.9
59.5
22.3
21.9
40.1
30.9
5.4
25.7
15.8
48.0
32.2
5.8
22.7
18.4
19.2
113.0
17.4
14.1
25.1
68.8
34.2
15.9
4.0
8.4
15.1
35.3
19.6
30.9
73.8
7.9
33.7
9.9
28.2
13.1
8.2
7.1
53.4
23.2
13.1
27.9
37.2
35.5
26.5
12.0
39.8
12.3
16.1
22.8
22.1
22.3
83.8
15.9
55.5
9.5
26.2
17.7
19.4
16.0
6.1
27.3
13.5
23.7
7.8
98.4
65.0
20.2
19.2
33.0
57.2
18.3
35.5
24.8
14.1
18.0
21.7
27.2
17.3
5.6
19.4
18.7
23.5
26.9
48.7
21.9
76.2
2.8
7.7
5.5
49.0
33.6
2.9
55.4
2.5
41.7
41.0
30.1
20.0
12.3
5.0
39.0
16.0
32.4
48.2
30.0
35.7
5.5
8.8
64.1
3.8
18.2
17.9
12.8
76.8
15.3
49.8
41.1
71.5
11.4
46.2
11.6
11.3
56.4
47.2
34.5
25.8
94.1
8.5
14.9
28.4
59.2
43.3
12.4
37.0
8.4
21.8
39.0
10.6
27.3
30.3
21.2
30.2
14.4
66.0
18.4
8.4
37.3
10.7
26.1
6.9
7.5
7.8
4.0
28.0
57.1
9.2
11.0
20.0
18.2
14.3
26.5
25.2
35.9
23.0
12.1
20.5
39.9
12.4
28.4
14.9
23.4
30.1
32.2
20.3
17.2
11.9
70.9
19.8
50.2
8.5
10.3
18.7
19.5
10.1
63.8
36.7
19.1
43.6
16.6
64.5
16.3
4.6
20.9
50.4
26.9
26.7
17.6
61.3
34.8
12.2
3.6
23.5
34.1
71.9
8.9
17.7
11.4
46.6
27.5
48.3
14.0
63.6
2.4
36.6
7.3
19.7
36.0
18.0
66.5
8.8
79.2
18.4
56.4
6.0
27.1
14.9
34.2
26.7
14.2
47.5
32.5
5.3
36.9
9.0
32.9
29.9
22.9
22.9
49.5
12.5
8.6
29.5
36.1
5.9
8.7
74.1
4.1
11.7
26.6
13.5
51.2
20.9
1.1
4.8
58.7
12.0
49.5
5.8
13.7
42.3
23.7
40.3
33.3
28.8
8.3
10.9
31.4
30.8
49.0
29.0
49.5
4.1
97.5
9.6
32.8
33.7
33.0
5.0
34.2
0.5
29.6
13.9
6.2
46.8
38.7
18.6
5.7
56.9
17.9
30.2
8.4
71.6
22.5
47.7
34.6
35.3
43.2
39.3
12.5
45.0
1.3
3.0
16.7
48.0
15.2
40.4
6.8
40.0
11.5
56.4
30.4
37.9
61.5
4.3
50.2
38.1
21.4
29.0
14.2
34.8
4.7
58.8
39.4
30.5
26.8
8.2
6.6
102.4
26.3
18.8
17.5
12.9
21.1
25.6
20.8
40.6
22.9
6.3
24.6
36.7
25.9
59.1
22.1
10.2
27.6
10.5
109.0
14.9
36.1
38.9
27.7
31.5
3.9
9.8
51.5
28.1
7.9
17.9
25.8
41.0
29.4
25.3
21.5
52.3
11.0
14.6
21.2
34.3
2.5
6.2
107.6
15.8
19.8
12.3
12.9
35.3
29.5
2.5
22.4
23.6
2.1
55.0
8.3
42.4
19.2
45.5
1.6
3.8
26.2
8.2
16.3
31.6
4.5
26.5
34.9
32.3
14.1
37.9
12.8
44.4
10.0
35.7
15.2
52.8
3.8
39.7
7.6
14.9
47.9
44.9
14.3
5.6
45.6
29.2
43.9
10.8
71.2
18.6
49.4
2.9
73.8
34.3
46.9
5.5
8.4
13.1
18.6
9.3
59.7
14.4
49.3
38.7
42.2
8.7
44.6
14.9
19.4
19.5
12.3
35.8
7.1
38.9
22.8
44.2
25.3
35.0
3.5
31.0
18.7
100.8
31.5
21.1
6.9
56.1
10.9
43.5
40.6
19.4
6.2
36.1
9.6
38.5
18.4
34.0
23.4
34.1
19.5
52.3
8.6
24.0
25.6
14.0
64.9
9.5
55.5
18.6
4.4
38.9
11.2
20.8
52.7
47.6
25.4
28.9
29.9
7.0
19.6
20.7
23.2
22.9
16.5
13.4
8.5
17.4
25.3
10.1
9.6
75.9
17.7
44.7
42.0
50.9
59.0
24.7
7.2
38.5
16.8
22.1
39.7
5.1
85.1
8.6
8.3
21.3
29.9
15.1
20.6
17.5
30.6
30.0
9.1
43.6
24.5
36.6
49.9
27.3
66.3
9.7
19.5
20.0
44.7
20.8
95.8
11.7
52.6
58.5
11.0
25.2
15.1
19.5
9.3
36.6
1.9
37.9
28.2
44.1
23.9
61.6
21.1
6.4
23.4
24.0
4.4
23.4
23.4
32.3
41.0
22.0
1.3
68.0
5.5
18.3
3.8
19.4
78.6
6.2
41.3
14.1
67.5
24.8
77.8
2.1
61.1
32.7
19.8
5.1
44.5
31.0
19.7
51.8
6.7
28.7
20.6
18.9
2.6
37.2
24.0
6.4
11.6
37.3
5.8
23.2
23.5
29.7
29.5
32.3
26.1
56.5
12.1
71.4
16.8
10.6
33.6
29.8
23.9
29.3
15.2
116.3
2.3
11.7
32.2
15.4
54.7
20.3
22.3
17.8
20.0
26.8
15.4
10.3
58.8
40.0
5.6
7.0
9.0
20.2
24.2
41.4
19.0
6.1
32.6
78.1
15.4
66.9
15.3
77.2
17.2
31.1
13.9
47.4
13.8
26.0
15.3
28.4
30.8
23.0
7.5
0.8
67.4
3.7
4.0
23.2
81.4
10.5
5.0
38.7
33.2
37.9
8.3
13.8
5.4
22.0
3.6
20.9
79.0
83.4
49.4
22.4
70.9
1.0
19.7
29.6
27.0
16.3
32.4
18.8
10.2
15.7
48.6
3.0
63.4
10.0
75.1
7.4
61.1
7.2
43.3
42.2
7.3
62.3
33.4
44.0
9.3
48.9
7.6
26.5
35.5
42.2
8.1
36.7
68.1
3.9
34.7
12.5
62.4
8.9
27.8
20.5
10.4
24.5
15.5
33.8
29.5
14.3
9.7
25.4
2.4
24.9
32.4
49.7
1.1
55.3
29.5
55.0
25.9
5.9
25.9
29.8
27.3
12.7
23.1
21.7
36.3
1.0
24.7
14.3
36.2
30.9
84.7
23.4
4.1
60.6
55.8
28.3
55.9
23.1
40.2
26.5
13.1
22.4
17.2
21.0
54.2
20.2
21.4
12.8
92.3
26.9
52.2
7.9
33.5
30.0
5.4
10.0
22.1
12.2
2.0
38.9
8.1
61.1
112.5
7.3
58.2
15.9
52.9
39.4
30.7
10.6
33.7
13.1
44.1
8.3
34.2
6.0
33.6
33.4
6.3
40.0
12.4
39.2
12.6
61.0
6.1
41.0
5.8
63.7
40.7
26.5
16.1
16.1
54.7
11.4
55.3
19.3
32.3
18.3
31.1
24.2
49.3
7.8
22.3
42.9
32.7
45.0
6.0
9.5
11.6
8.8
40.9
13.1
18.8
42.4
64.8
25.1
15.9
3.5
71.6
10.5
48.6
9.1
20.3
2.4
23.8
7.9
21.7
16.5
60.5
25.3
8.6
4.8
56.9
19.4
54.4
24.8
11.1
10.6
12.1
57.3
9.9
28.1
29.7
10.8
20.3
7.8
36.8
12.4
12.6
21.0
23.9
36.8
6.0
10.8
30.1
36.6
38.6
17.2
15.8
18.1
47.8
13.5
33.4
17.2
63.6
9.2
41.1
51.9
17.5
40.2
48.1
10.9
18.0
56.5
23.2
33.3
5.7
19.7
15.3
6.4
85.6
34.1
69.5
14.6
13.6
24.2
36.9
34.1
36.9
1.7
61.3
9.4
16.9
28.7
78.9
3.9
42.7
8.6
24.8
18.4
26.7
54.8
23.0
12.6
43.1
52.9
21.6
45.7
7.4
101.2
1.7
33.5
28.6
92.6
33.9
32.3
10.7
21.1
19.5
103.5
10.1
42.3
26.5
60.5
5.5
35.9
24.8
75.1
22.1
2.6
64.4
3.3
49.9
28.2
33.2
36.2
16.1
24.0
130.1
7.3
2.6
38.1
18.8
23.0
59.4
3.1
66.8
2.8
16.4
20.2
46.8
8.0
37.2
327.0
34.9
16.1
21.3
22.7
18.6
37.1
11.7
10.3
34.1
10.0
64.1
1.8
51.2
26.2
44.3
48.1
6.6
13.0
29.7
24.3
27.1
22.9
26.6
42.6
24.5
100.1
22.7
6.5
10.8
46.6
5.0
9.4
7.1
7.7
25.8
28.1
18.5
37.2
11.6
18.7
26.8
15.2
23.7
34.3
20.2
94.4
8.6
65.7
18.2
23.5
13.8
40.5
20.5
11.3
22.3
29.6
39.3
3.9
24.7
1.8
23.9
49.5
5.1
49.8
37.1
17.2
12.8
7.0
89.4
14.6
42.1
31.9
10.3
23.9
14.1
36.2
11.0
27.9
16.1
32.2
7.0
10.2
31.8
9.2
42.9
21.6
24.4
22.9
39.6
21.7
22.2
42.8
35.9
42.3
22.7
91.3
5.1
42.1
4.7
39.8
26.8
6.8
51.3
12.9
23.6
18.1
73.9
5.2
16.0
20.8
42.4
36.7
15.2
38.3
36.3
11.9
45.1
13.0
47.9
19.3
92.1
22.3
33.7
24.2
61.6
18.5
30.2
33.9
2.8
17.4
47.1
26.0
5.4
43.7
34.6
4.4
11.9
18.4
14.7
23.9
11.7
37.4
16.9
14.1
45.7
16.0
21.9
1.0
32.9
44.7
19.4
22.1
14.3
35.8
32.3
19.4
33.9
86.6
22.2
39.7
17.7
9.7
30.4
39.3
5.1
32.7
38.3
36.1
20.2
97.0
29.4
1.3
18.6
3.7
15.9
23.8
25.6
21.0
11.3
30.9
58.1
16.6
27.1
71.4
38.8
52.5
7.2
54.0
33.1
27.6
13.2
27.4
1.7
37.5
45.5
4.7
27.7
8.8
57.9
11.7
53.5
3.8
66.6
7.1
36.7
6.8
42.9
37.0
14.5
35.9
13.0
13.9
62.3
15.3
3.6
28.8
45.1
8.3
42.1
12.5
55.7
12.8
30.1
32.2
29.2
31.6
5.5
32.4
24.4
77.3
14.2
24.0
18.1
15.1
7.9
9.5
39.1
25.6
43.4
39.9
10.7
61.4
13.7
2.9
15.5
19.7
17.2
25.7
12.3
26.9
4.9
23.6
33.9
7.7
26.2
27.2
26.3
20.0
29.0
16.9
47.2
24.0
57.3
20.3
14.1
28.7
28.5
16.2
41.3
18.7
111.7
10.8
35.1
9.7
56.2
2.8
124.1
2.6
19.0
22.4
22.4
14.3
30.3
44.9
37.4
16.3
2.5
26.1
70.3
48.5
1.2
105.0
24.6
24.1
30.2
24.0
43.2
4.2
16.9
47.1
16.3
22.3
28.9
12.6
5.9
12.5
41.3
19.7
26.7
48.1
14.9
22.9
64.2
8.2
51.3
13.3
15.1
31.4
12.9
53.4
23.9
21.5
29.0
51.6
11.8
19.8
31.4
5.2
25.0
16.1
33.0
18.7
8.9
35.7
4.8
34.3
30.1
79.0
9.8
21.5
10.7
31.8
9.0
27.9
25.1
64.6
39.1
31.2
23.9
57.2
18.1
36.3
34.1
11.4
29.2
4.8
37.1
21.2
66.2
26.0
48.6
12.5
79.5
16.1
12.8
41.5
0.7
25.8
64.3
30.4
43.7
20.1
7.2
23.1
17.7
3.2
61.5
34.0
62.4
8.0
30.2
18.5
30.2
24.5
23.6
20.4
30.9
10.4
20.8
45.7
11.3
107.1
15.1
21.2
2.7
22.6
17.9
41.1
63.4
11.8
9.0
34.9
4.2
32.9
18.8
27.4
21.8
27.1
39.7
26.8
21.7
52.0
10.7
58.2
11.0
50.9
19.8
44.1
18.9
5.7
25.6
38.9
16.1
29.7
16.1
73.3
16.1
61.6
11.8
33.3
20.9
84.1
25.2
47.0
40.2
15.6
28.7
7.3
4.9
64.7
10.3
8.8
48.5
26.3
63.0
51.6
24.4
57.6
10.3
44.9
5.3
35.8
42.5
20.9
43.2
52.4
48.2
15.5
32.6
41.2
8.7
7.6
21.0
71.7
34.1
38.3
33.2
3.5
36.0
5.8
22.6
33.6
57.3
7.1
63.3
65.0
11.8
14.6
10.4
55.6
12.3
56.6
39.6
18.4
37.1
13.8
48.1
37.2
15.6
16.6
15.4
18.8
99.6
23.7
22.1
69.3
8.5
7.4
20.8
109.1
19.3
38.8
1.3
24.4
47.1
28.3
4.9
50.7
5.3
34.3
61.4
0.6
87.5
14.1
41.3
19.4
35.0
10.5
34.4
16.5
29.9
56.5
29.1
9.5
7.8
11.2
31.8
17.5
13.1
39.0
26.2
12.9
70.1
11.9
52.4
39.4
10.1
74.0
18.3
56.1
15.9
17.0
36.3
18.0
23.1
73.7
39.8
17.0
21.2
60.3
22.8
88.1
38.5
44.7
5.0
57.5
3.9
34.8
26.6
24.5
38.8
9.3
7.3
58.6
24.0
17.2
3.8
9.0
38.5
20.9
66.2
24.5
1.4
37.6
4.4
37.9
27.9
45.9
23.6
15.5
17.6
9.2
7.9
77.6
16.2
23.8
14.4
98.6
3.0
50.8
18.9
28.5
42.0
14.0
42.3
33.7
5.3
9.2
18.0
28.8
12.5
21.6
20.8
59.9
38.1
51.4
20.5
56.3
2.1
44.9
4.6
63.7
47.7
2.0
24.4
16.4
35.5
45.6
21.4
8.3
14.5
65.4
17.7
68.4
23.6
88.9
24.7
22.1
11.9
13.2
21.2
18.1
24.5
22.1
25.5
14.7
89.2
17.6
8.3
14.3
33.8
19.4
19.6
32.4
59.7
18.5
17.0
11.5
16.8
21.1
20.4
26.0
27.9
18.3
15.9
27.6
16.5
25.1
30.6
9.6
13.4
8.5
1.8
63.8
11.2
51.5
24.9
43.4
28.3
7.9
19.4
42.4
22.9
29.7
16.3
42.1
13.4
55.6
4.6
61.9
20.8
120.9
31.2
2.6
29.7
10.1
14.2
24.8
19.6
34.5
28.7
24.4
46.3
15.4
29.4
14.9
31.9
15.5
12.5
13.3
3.1
4.7
13.6
47.7
18.1
43.7
79.6
15.7
45.5
13.1
36.9
23.4
52.8
15.4
32.6
9.5
30.9
27.2
10.9
34.9
1.8
33.4
36.7
6.7
39.1
27.7
14.6
39.0
12.2
18.8
32.5
47.4
9.3
36.9
5.6
64.4
11.5
11.6
37.1
64.1
45.6
41.9
26.9
21.9
26.0
41.2
20.9
7.3
18.7
31.3
12.4
35.5
10.7
83.1
9.2
45.6
48.2
14.1
70.3
37.1
33.6
16.6
66.4
12.3
34.7
7.1
8.8
31.2
18.6
12.9
32.3
19.9
30.9
24.0
23.7
37.8
27.8
23.2
8.0
8.3
69.6
40.7
11.8
21.4
8.1
20.1
42.0
15.8
20.6
15.5
17.5
49.2
16.9
51.9
29.5
19.2
23.8
39.4
13.3
43.8
25.6
3.5
5.4
6.5
19.7
19.1
68.3
4.1
55.5
35.4
11.2
35.3
35.3
9.5
8.2
2.7
37.8
18.6
53.5
69.8
2.4
41.7
20.6
82.8
28.8
19.9
15.2
21.0
12.6
10.7
35.1
15.0
43.1
32.3
12.5
57.1
7.4
66.0
37.7
35.3
17.3
43.8
21.4
19.9
21.7
25.0
34.0
26.7
38.0
71.2
19.6
46.9
71.3
5.7
38.6
13.7
39.0
11.3
22.7
21.7
32.4
19.5
35.8
42.6
67.3
33.6
10.5
26.2
14.8
22.9
78.3
8.2
45.0
47.4
14.8
25.5
20.2
87.9
16.0
40.7
3.6
88.6
82.8
9.1
10.5
42.8
35.5
31.1
31.9
6.8
102.1
11.9
24.8
17.6
102.6
24.6
20.4
48.0
16.7
45.9
34.1
17.2
48.6
20.7
25.3
33.7
17.4
17.4
1.3
15.2
50.3
44.9
7.1
48.0
14.6
83.2
31.0
3.2
24.7
30.2
20.2
5.1
10.1
43.5
29.4
38.2
20.9
38.2
30.5
55.6
25.8
32.2
17.9
19.6
33.3
26.1
27.6
60.7
21.1
38.5
6.5
2.9
28.9
3.3
91.9
9.6
2.8
22.2
28.4
5.9
23.7
16.6
45.7
20.9
62.6
44.8
3.8
47.6
8.7
38.3
13.2
46.3
11.3
32.6
35.3
32.9
4.3
26.7
44.2
64.7
23.9
33.1
2.7
77.4
1.6
28.1
38.5
8.0
14.9
18.9
41.9
23.2
6.4
8.2
38.8
11.7
36.1
12.5
21.8
30.0
22.0
31.1
14.3
29.0
12.1
39.3
12.1
17.1
22.4
57.3
14.0
33.5
19.1
27.0
6.7
21.0
38.4
6.9
15.4
60.2
29.9
25.4
62.8
18.9
79.2
4.5
87.5
15.3
38.2
10.8
20.6
88.8
9.4
16.4
9.2
29.4
16.9
8.7
9.8
55.9
26.3
9.8
23.2
45.3
30.9
27.8
17.4
17.9
20.3
7.3
87.7
8.6
40.4
23.4
22.4
22.3
5.9
41.5
36.8
17.2
36.0
18.7
15.1
81.6
2.3
6.6
43.4
43.4
50.9
38.9
4.1
20.4
41.5
13.5
41.0
22.8
38.0
13.0
38.4
11.0
38.2
18.6
17.9
9.6
35.8
18.8
19.0
5.5
41.2
33.7
53.6
10.7
58.2
4.5
34.8
38.1
45.3
20.0
14.4
10.5
37.9
14.7
18.1
37.2
17.0
35.6
26.1
7.9
47.2
4.6
10.3
29.6
21.2
53.9
10.9
51.9
20.5
84.2
10.5
60.0
24.1
10.8
23.9
12.0
6.6
3.0
25.5
47.6
15.5
32.8
34.5
44.7
2.9
61.7
13.4
48.4
20.6
5.8
9.9
17.5
47.3
40.7
34.6
19.4
91.2
13.1
51.7
28.3
35.6
0.7
8.8
7.0
51.5
31.8
50.5
8.2
5.0
19.8
31.7
17.3
27.2
24.9
48.0
20.1
10.6
22.7
34.3
16.3
32.2
21.3
8.4
67.5
13.0
45.1
9.1
14.2
25.4
11.7
37.3
27.4
25.9
23.0
22.1
8.3
16.2
72.6
19.7
35.4
7.1
88.9
6.1
18.2
28.9
33.3
33.6
18.8
9.8
38.6
4.0
11.2
4.4
17.3
34.7
38.1
53.1
20.4
29.2
30.6
55.0
14.7
34.9
45.1
22.8
42.8
1.4
43.7
26.0
72.9
6.5
61.8
22.8
51.5
10.0
34.8
11.8
22.7
22.9
13.6
46.5
21.9
6.7
45.0
21.5
33.0
79.8
17.6
42.9
21.0
15.2
34.9
35.4
32.7
32.7
1.6
30.9
14.6
29.3
16.3
16.1
24.8
11.0
6.3
4.2
11.5
14.6
81.5
6.4
37.9
16.0
86.3
36.6
40.0
31.2
2.5
38.4
26.8
54.3
10.3
5.6
16.8
26.4
4.6
29.6
36.5
23.9
30.2
6.0
20.5
7.1
13.8
31.6
35.4
28.9
83.2
23.3
8.8
37.6
95.5
25.9
13.8
81.6
24.0
35.1
19.6
14.9
17.0
33.4
27.0
33.0
37.2
12.5
113.9
7.9
44.7
16.8
44.6
9.0
8.4
15.5
39.3
12.3
10.9
26.3
30.9
5.6
55.5
12.8
55.8
58.6
69.6
39.5
37.4
16.4
40.8
1.3
13.4
16.8
43.8
23.0
38.3
25.0
19.0
37.4
17.1
33.1
13.1
19.1
34.7
16.9
47.8
38.8
28.6
36.7
20.3
10.7
46.5
11.3
52.6
17.6
56.3
8.6
33.6
24.5
68.7
11.2
16.1
28.3
19.9
43.0
20.3
58.5
7.2
18.7
15.8
23.4
6.2
3.2
46.3
35.4
27.5
3.7
55.4
33.4
55.4
28.0
31.9
27.9
12.5
1.4
46.2
5.7
62.0
8.5
25.5
1.9
7.2
15.2
5.0
33.9
18.5
9.9
15.5
53.5
9.4
49.6
23.6
8.4
20.7
24.1
23.9
20.6
32.7
4.2
26.4
10.6
26.3
6.8
66.9
14.5
47.3
26.2
11.5
33.4
44.1
12.1
48.0
16.6
19.8
25.0
53.8
59.6
2.9
17.5
34.9
6.2
16.0
58.4
9.4
51.9
14.2
21.0
18.8
7.4
23.4
39.1
15.9
33.6
6.2
7.8
27.5
33.4
40.1
55.9
7.7
59.1
18.1
13.8
27.3
48.9
15.1
24.2
15.7
29.2
60.5
82.8
5.8
46.2
30.4
28.0
21.1
12.4
9.5
42.4
4.9
48.4
28.2
33.8
36.5
15.5
3.8
18.3
11.5
92.9
4.5
36.8
25.7
47.2
8.4
37.6
8.0
72.0
7.9
33.4
8.9
52.7
13.1
30.0
11.5
47.9
5.2
27.2
10.7
32.4
46.8
32.3
19.4
61.6
11.0
64.5
16.4
3.2
31.3
26.4
57.5
6.5
108.5
7.6
7.8
22.4
36.6
14.9
18.3
23.9
9.6
27.7
2.8
64.8
9.6
59.6
21.4
59.7
44.6
17.3
19.0
33.0
28.4
31.3
34.7
18.4
42.7
13.8
62.9
13.5
42.5
3.1
11.0
26.1
1.1
29.8
43.0
29.0
21.8
31.8
30.3
14.4
16.2
45.4
11.3
9.4
43.7
16.8
25.9
33.8
12.7
89.7
3.0
45.2
33.2
41.4
31.9
14.0
7.1
26.6
42.3
36.8
24.7
13.6
22.9
34.6
8.7
45.1
15.7
5.4
26.9
18.6
90.3
104.1
4.4
77.8
23.9
48.6
0.9
17.0
33.6
25.1
28.1
14.6
13.0
29.0
21.8
13.6
38.2
34.3
36.9
25.6
14.4
20.1
9.5
52.1
25.2
42.5
14.9
78.2
7.4
31.4
7.9
1.4
32.6
2.9
37.4
22.7
59.9
17.6
66.5
10.5
38.2
11.9
29.2
28.5
42.3
3.6
13.8
3.9
20.3
21.0
19.2
25.3
10.2
23.8
54.2
18.1
10.5
6.5
61.8
42.0
63.3
15.2
8.8
27.8
48.5
26.7
26.1
39.4
53.7
17.4
1.5
26.0
20.7
3.9
30.5
16.7
27.5
3.1
18.3
14.2
45.2
5.6
79.5
1.5
64.3
4.3
55.3
42.7
34.9
25.8
40.2
15.5
2.2
8.9
19.6
35.7
11.7
13.0
29.2
45.3
31.4
51.1
1.5
121.7
6.3
33.0
19.7
37.5
18.8
15.5
18.7
24.6
45.6
43.7
11.7
30.8
32.4
22.4
70.2
6.4
83.2
29.1
26.0
21.6
17.8
15.1
25.5
49.6
7.2
26.5
26.9
65.5
29.0
8.6
62.4
34.8
11.3
14.0
32.0
28.1
12.0
44.8
0.9
20.6
43.4
13.8
9.1
28.1
28.1
11.8
55.0
4.6
67.4
2.4
43.3
28.0
3.4
106.3
5.4
14.9
18.0
67.6
19.9
7.2
18.0
49.8
12.0
27.3
45.1
45.0
51.1
50.1
10.8
78.2
8.8
25.8
13.2
40.1
9.2
47.2
18.2
45.5
31.2
16.4
42.3
17.8
27.3
36.8
5.6
38.3
0.7
19.9
34.4
55.5
14.8
14.4
18.1
10.3
17.6
51.6
6.7
56.5
8.7
38.3
23.5
0.6
48.6
14.2
73.0
18.9
6.1
32.5
21.4
15.5
41.8
21.2
77.9
14.6
2.1
14.4
11.6
13.8
27.4
16.3
22.7
121.8
16.9
59.8
21.5
27.2
36.2
13.9
5.1
48.1
43.6
44.1
10.9
8.0
38.5
27.7
40.4
6.0
57.9
8.9
37.1
40.5
13.5
5.0
10.9
12.7
26.4
5.9
57.7
0.9
35.6
39.8
28.5
24.6
15.3
10.6
14.0
34.7
39.8
62.9
46.7
35.4
16.2
38.7
27.3
25.2
15.0
39.8
13.3
25.5
0.7
60.0
8.3
54.9
20.0
11.1
52.4
6.0
53.5
21.8
34.3
25.8
35.8
16.1
33.5
8.9
35.4
23.1
25.9
30.1
33.7
17.8
33.1
24.1
16.7
43.8
16.0
28.2
41.1
22.8
48.6
3.3
18.4
91.7
7.4
60.7
15.8
17.3
42.2
3.5
57.2
9.4
45.8
26.9
9.5
15.5
8.1
12.4
37.0
21.3
6.0
12.3
31.9
32.2
19.4
78.7
29.0
70.4
15.0
17.9
33.9
65.9
35.6
26.3
26.8
21.7
13.5
10.3
11.9
21.1
37.0
39.4
39.2
22.5
42.7
4.2
81.9
8.8
43.3
10.9
4.4
22.5
19.7
17.7
5.4
21.0
12.8
39.0
56.4
44.0
54.6
1.2
44.5
31.7
49.7
7.8
21.3
19.9
41.2
5.7
28.2
33.5
3.9
88.6
16.2
30.7
47.0
24.0
23.5
34.0
7.5
23.2
2.0
91.7
28.9
21.1
32.6
29.6
12.3
4.6
2.4
18.9
15.6
81.6
27.6
46.8
9.0
68.2
6.3
14.1
45.6
16.1
33.3
23.3
31.2
4.3
24.1
31.6
7.9
7.5
16.1
67.8
69.4
41.7
14.9
81.9
12.2
28.5
26.8
19.7
26.0
83.7
20.0
86.2
11.3
75.4
26.7
34.1
10.4
26.7
14.9
7.8
42.1
17.0
78.6
1.1
53.4
15.1
103.7
31.8
10.3
31.8
25.7
17.0
24.8
5.7
2.6
42.2
6.0
15.7
14.4
12.0
5.3
49.0
24.6
10.0
16.4
4.6
11.6
52.2
31.0
5.3
48.1
86.1
22.0
6.4
38.7
9.1
33.2
38.9
30.4
66.1
11.0
25.4
4.0
42.8
18.1
29.3
11.6
26.1
15.2
76.1
33.3
15.8
46.5
31.1
7.6
58.0
11.2
86.1
16.3
43.2
27.0
38.7
18.2
22.1
76.0
6.3
72.7
7.7
38.4
40.1
28.8
40.5
38.7
9.1
4.6
3.6
21.8
3.7
6.7
33.0
23.5
13.7
20.4
20.7
18.7
48.3
18.6
43.4
6.5
73.0
5.6
26.7
34.3
15.6
80.3
0.6
57.5
23.7
77.3
31.0
22.2
8.2
106.3
25.9
20.9
37.1
22.9
34.0
19.7
6.1
20.8
17.6
53.6
40.6
45.8
29.3
89.4
8.9
49.4
22.7
0.7
14.5
27.8
19.5
39.6
36.0
14.9
40.1
6.2
61.3
18.3
63.9
27.3
47.7
31.4
53.6
16.5
48.6
11.7
33.5
10.4
7.5
23.1
12.0
41.7
51.5
14.2
21.5
30.1
11.6
30.2
26.5
29.3
28.3
17.2
27.8
13.6
29.6
24.6
24.2
10.3
28.4
5.7
11.3
60.7
8.0
13.8
22.6
11.6
39.5
19.9
22.4
5.0
16.1
32.0
30.4
47.5
12.7
10.4
87.6
6.7
32.1
27.6
131.1
12.7
42.1
8.1
34.6
84.1
29.7
4.8
5.3
109.7
8.7
35.6
25.4
34.5
39.7
30.7
14.1
18.3
5.6
7.8
34.4
12.3
19.4
59.8
9.8
23.8
31.4
46.9
29.7
34.6
14.3
71.7
10.3
48.9
8.5
38.6
45.4
26.8
105.7
2.4
85.7
3.8
27.7
7.3
16.3
14.2
30.6
23.9
19.9
68.7
29.2
1.7
10.7
3.7
27.8
17.6
24.7
37.6
8.8
66.6
7.0
59.9
3.3
33.9
31.8
24.7
28.7
10.1
53.6
15.4
7.2
12.2
54.0
19.6
8.7
17.9
31.5
21.2
39.4
22.2
62.8
22.4
12.9
18.3
36.6
15.1
53.4
26.9
29.3
23.7
61.9
6.5
59.2
18.9
34.7
26.4
7.2
10.0
37.7
18.9
8.2
10.5
12.2
48.3
9.3
64.4
34.0
31.6
29.5
53.0
13.2
58.0
21.0
31.6
27.3
22.2
5.1
19.0
23.5
65.6
7.8
30.5
35.8
26.8
31.6
22.5
17.3
35.2
6.6
22.4
9.5
52.8
3.7
5.2
18.4
28.5
64.2
35.8
6.6
20.8
98.1
4.4
31.2
25.7
43.0
31.1
38.6
6.6
36.0
6.4
52.1
38.0
27.0
20.7
28.3
18.2
33.0
9.3
60.5
44.2
8.1
24.1
84.9
9.9
43.6
69.8
3.8
14.9
14.0
10.4
12.2
50.2
28.7
49.2
16.7
33.3
29.0
54.2
27.7
12.0
40.7
16.6
76.4
13.2
49.9
25.6
30.1
24.9
10.6
34.0
40.9
17.6
31.1
22.8
20.9
37.5
42.4
13.9
42.0
31.9
38.3
51.5
7.9
76.5
4.1
9.7
10.0
39.2
18.8
72.2
8.0
35.8
62.8
21.9
38.0
15.1
76.6
23.2
6.6
26.8
51.6
45.5
24.4
18.8
29.9
67.9
16.0
16.3
109.2
22.5
15.6
23.9
30.6
16.6
3.7
56.0
25.2
25.9
13.8
67.1
34.4
105.9
14.5
46.8
6.9
13.2
38.7
23.4
83.2
6.5
36.5
17.4
14.6
23.9
20.0
39.2
29.6
57.9
33.1
29.1
3.8
54.9
8.5
35.7
9.6
31.3
22.0
43.6
27.5
40.1
15.0
42.6
9.9
4.1
10.9
34.9
8.5
3.2
9.2
28.2
29.4
33.0
26.9
14.6
6.5
64.0
73.9
26.8
37.8
7.1
26.1
4.7
32.1
27.1
64.6
9.6
68.6
12.2
43.7
27.1
24.8
30.5
26.3
6.3
57.9
21.1
59.1
10.8
14.2
32.9
17.8
29.0
63.1
16.7
16.5
17.7
18.6
23.8
47.0
17.9
4.3
32.4
5.8
24.9
38.6
18.8
107.6
6.2
10.6
29.9
48.7
7.9
5.7
25.9
24.7
18.6
34.7
13.1
24.3
5.6
8.3
80.0
11.3
32.5
16.4
41.6
6.7
33.5
3.8
16.4
38.4
10.8
54.2
3.9
48.0
10.5
44.2
28.5
13.6
32.9
29.3
22.9
40.9
1.9
20.9
34.5
8.2
55.1
16.0
90.8
27.9
38.8
48.5
24.1
26.8
7.7
39.3
29.8
31.1
44.2
9.5
9.8
16.0
62.5
11.0
27.1
55.9
4.0
47.3
12.1
54.6
33.5
38.8
15.8
72.7
14.6
59.0
4.2
15.8
18.0
58.4
12.9
29.1
11.7
41.9
22.6
11.5
30.8
27.2
35.9
36.2
7.2
41.5
19.9
16.9
57.2
6.7
22.0
26.6
76.3
9.4
29.4
5.0
71.7
1.5
33.0
18.2
19.6
17.6
4.6
39.3
24.7
62.7
18.1
6.6
29.1
14.0
12.1
56.2
24.5
28.9
8.4
22.5
20.5
18.9
13.9
33.2
33.1
25.9
93.8
20.7
37.0
7.9
35.9
23.4
7.4
19.7
54.1
43.6
29.7
38.4
28.5
11.2
47.2
14.2
3.5
43.8
16.6
61.9
4.2
57.0
15.9
23.8
13.5
23.0
15.4
11.6
75.4
19.7
57.5
9.4
71.7
5.1
35.9
33.3
29.2
1.7
13.5
12.5
13.8
60.2
19.5
36.5
5.9
15.3
42.8
31.3
23.8
33.1
24.8
15.3
34.7
5.4
21.6
14.1
21.4
25.7
18.5
38.1
20.9
41.4
74.0
5.6
33.6
70.5
13.8
34.3
4.3
88.9
3.0
51.7
12.2
30.9
15.6
34.9
9.7
13.2
8.0
25.0
37.1
58.2
52.0
16.5
39.3
20.6
46.4
21.1
21.5
22.0
19.5
3.7
13.2
60.3
32.2
46.2
8.0
38.7
7.8
66.5
43.0
0.8
34.1
22.2
24.1
24.3
12.2
24.9
18.7
8.4
37.1
12.3
103.3
0.9
30.9
19.2
12.3
81.0
23.2
83.5
9.7
14.8
15.4
12.8
26.3
35.5
26.9
21.8
12.2
23.3
52.6
12.5
8.5
22.4
16.4
19.9
37.2
8.6
101.2
11.7
44.6
26.3
9.4
19.6
40.5
18.9
20.5
12.6
40.9
25.8
126.5
12.6
10.3
25.2
31.2
37.2
20.5
18.4
45.5
20.8
24.3
9.7
38.4
32.5
35.6
11.4
40.4
12.2
50.5
36.8
31.0
29.0
38.2
12.8
44.7
11.7
50.9
17.2
15.2
19.6
32.0
13.6
32.6
117.2
4.3
71.3
11.2
49.0
33.0
44.9
18.8
21.7
2.1
38.9
24.6
43.9
19.9
56.3
24.1
30.9
6.4
15.9
6.9
13.3
32.4
41.2
30.5
3.3
6.3
96.3
17.2
32.9
16.6
15.1
65.4
12.4
27.8
20.9
33.0
23.2
37.8
18.4
50.9
0.5
16.3
24.7
72.2
4.5
64.0
13.5
58.7
12.8
11.4
25.7
6.8
19.5
12.8
10.4
25.8
18.7
61.9
15.5
26.1
46.3
28.6
29.6
37.8
10.1
40.9
7.8
59.6
20.7
39.8
17.4
48.7
7.0
38.9
40.9
23.3
59.6
47.6
29.3
25.6
62.7
12.3
48.3
16.8
4.1
16.4
12.5
19.1
34.3
11.9
52.1
8.6
74.5
17.9
90.2
36.9
12.0
20.8
23.1
18.5
40.2
15.0
4.3
12.6
41.0
29.9
25.4
77.2
5.6
35.3
42.4
42.9
60.5
13.5
3.6
51.9
5.4
14.4
37.0
67.6
44.4
20.5
12.1
44.6
26.2
27.7
4.2
59.8
11.8
16.7
18.1
50.1
33.9
39.8
4.6
30.6
5.9
35.1
36.2
41.5
10.8
39.0
76.4
13.9
23.8
84.7
24.9
25.1
42.6
9.0
35.0
15.1
11.0
14.5
13.0
33.3
5.4
15.3
32.3
61.2
8.2
59.0
13.3
69.8
15.1
24.4
16.2
10.9
3.6
63.4
7.2
52.6
34.5
84.6
24.8
8.7
42.8
47.8
22.5
37.7
2.3
32.1
40.3
24.0
7.1
51.7
71.0
24.0
25.7
94.6
19.1
12.5
17.2
68.3
5.6
46.6
9.4
22.2
61.1
18.4
4.9
42.8
17.4
19.9
37.9
16.7
87.1
5.6
1.9
20.0
40.6
12.8
4.0
45.0
3.0
94.4
34.7
8.8
17.4
28.5
2.6
14.5
40.8
22.8
18.0
22.6
3.5
30.2
8.4
99.6
0.8
22.8
5.0
17.1
25.5
27.1
39.5
44.1
16.1
27.4
36.1
24.1
7.0
5.8
49.3
38.5
2.1
28.7
17.9
6.8
45.5
11.6
46.1
7.9
92.9
23.8
34.1
13.9
5.4
81.6
12.3
43.9
13.5
64.6
10.8
25.8
9.3
57.4
26.8
3.8
12.1
5.6
4.5
20.7
24.7
24.9
10.3
29.9
14.2
41.7
21.3
37.1
20.8
66.0
6.2
36.5
8.9
39.1
28.4
29.7
12.7
47.7
13.2
78.4
21.1
8.9
25.1
70.1
38.7
14.9
18.8
33.2
10.1
7.3
9.3
16.6
23.8
24.2
54.2
30.3
23.7
3.5
68.6
20.3
42.0
16.4
29.3
28.0
3.9
8.1
8.5
27.5
30.6
13.3
28.8
17.4
26.5
53.8
17.5
97.7
21.6
54.5
16.1
50.5
22.2
11.3
9.8
12.7
11.4
6.6
95.5
9.5
52.3
25.7
43.6
27.3
3.7
11.4
35.5
24.1
15.9
7.3
17.4
14.4
50.0
14.6
24.9
7.4
67.1
5.7
37.4
45.9
73.4
6.2
5.7
12.6
46.9
11.1
17.1
22.9
11.0
31.0
24.1
2.6
5.7
43.9
13.7
58.3
1.7
29.3
31.7
42.3
41.3
35.0
10.9
11.6
8.6
40.6
33.6
26.1
39.0
2.9
65.8
6.5
23.1
26.3
49.0
5.6
37.4
0.6
34.0
21.2
6.6
56.2
40.3
19.5
6.2
44.8
17.2
25.9
7.8
56.0
19.7
50.9
37.9
50.4
33.4
22.6
28.8
49.2
26.5
4.9
19.4
22.3
10.5
39.3
9.0
55.6
4.8
75.2
23.5
52.2
103.3
3.1
50.7
25.5
1.4
13.5
28.5
21.7
18.9
16.0
30.0
29.5
16.8
21.0
10.7
15.2
33.0
14.6
41.6
19.7
45.6
19.3
37.9
47.1
16.6
29.2
13.5
13.6
32.4
11.4
73.4
38.7
3.1
53.6
12.9
62.6
23.9
23.7
3.4
22.8
38.2
28.7
33.8
39.9
40.6
13.2
4.2
30.0
10.2
45.0
12.7
28.2
19.3
8.3
24.7
68.7
15.8
4.0
30.6
26.4
12.5
30.3
37.0
29.8
28.3
51.6
2.3
65.0
16.9
0.5
20.5
28.0
29.4
33.3
24.1
2.9
2.7
20.5
35.7
12.6
8.5
9.6
50.9
11.9
60.5
27.2
7.7
18.9
24.0
17.8
31.0
27.3
6.9
30.8
10.0
70.1
14.2
55.7
19.8
11.2
17.4
40.5
18.9
23.5
25.0
49.4
22.7
23.5
11.6
48.7
28.5
5.5
7.4
53.0
11.0
23.9
32.3
18.4
5.9
31.1
31.6
34.4
33.2
36.6
19.2
71.9
27.8
39.2
9.2
10.8
38.9
9.7
34.6
11.3
63.6
26.2
22.2
41.3
90.2
16.2
16.8
14.4
26.6
40.6
80.8
4.0
34.2
34.5
39.6
20.8
16.4
4.7
40.7
5.9
42.5
37.0
39.6
99.7
8.8
51.0
19.0
38.2
35.7
11.8
6.9
30.1
11.4
15.3
40.5
25.7
56.8
41.9
3.6
44.7
7.9
5.6
13.4
31.6
5.9
22.2
19.8
20.2
11.8
6.9
31.6
7.5
16.7
89.8
31.9
49.4
37.2
7.6
63.3
20.6
55.5
27.2
4.6
26.9
17.7
14.7
53.1
21.6
37.0
6.0
55.6
12.3
36.2
1.7
68.5
10.5
57.7
26.4
67.4
47.7
27.0
10.4
27.3
26.5
29.7
42.0
30.7
72.8
24.8
12.9
13.9
27.8
9.4
19.9
20.1
5.0
22.9
55.1
32.5
50.6
35.6
34.3
3.9
34.9
23.1
23.8
15.5
38.7
16.0
5.3
17.1
46.3
7.8
18.2
29.3
29.6
15.3
5.6
6.3
41.1
25.7
13.3
35.0
11.8
73.7
25.2
10.5
27.5
49.9
18.2
6.4
10.1
47.6
14.5
89.4
8.4
70.8
11.5
41.6
0.4
20.1
29.2
40.5
25.2
20.1
14.9
20.3
15.3
21.1
14.1
34.6
29.8
68.6
10.5
30.3
13.8
19.4
7.5
12.8
32.7
32.3
35.4
71.2
1.5
70.4
28.5
57.1
21.7
30.2
9.6
10.0
5.6
27.3
21.0
40.2
22.3
42.5
34.0
6.7
34.7
11.8
12.8
54.5
5.2
55.0
24.5
49.0
33.1
3.1
23.3
49.7
24.4
14.9
31.2
23.2
49.5
33.4
35.5
3.7
58.1
12.5
0.9
23.0
28.0
4.4
35.7
17.3
25.6
2.2
14.7
6.3
58.2
4.5
37.6
51.4
3.3
38.0
26.2
83.0
35.7
56.8
28.9
19.2
10.8
27.9
15.8
43.6
14.4
68.9
9.7
3.2
45.8
20.6
38.2
26.0
33.6
14.4
4.3
33.8
14.8
29.9
74.5
6.9
9.4
17.2
34.7
29.2
47.6
9.7
77.7
4.0
37.8
21.2
12.4
31.3
29.8
69.8
3.8
29.2
17.4
56.6
31.1
12.5
81.6
46.9
8.3
19.7
6.8
33.1
27.7
12.2
37.6
10.3
43.2
34.3
29.5
20.2
48.7
15.8
22.1
8.4
18.9
45.3
25.1
23.8
39.2
12.2
110.3
21.6
13.6
25.7
46.8
21.2
10.5
46.1
87.0
20.8
37.0
24.8
11.9
27.4
9.4
20.1
7.4
9.0
57.6
25.4
23.0
8.7
79.0
26.6
16.2
14.9
77.1
33.2
41.9
14.6
4.3
50.0
1.2
25.7
76.4
3.5
42.9
13.3
8.2
22.4
16.4
11.8
49.0
3.4
48.7
10.8
26.6
14.8
1.3
39.1
17.7
24.0
35.8
8.1
39.3
5.4
9.5
18.1
28.5
34.9
49.5
3.8
25.7
10.9
12.2
32.4
29.5
30.7
63.9
6.7
61.2
25.4
28.4
31.4
37.3
6.1
31.4
29.3
24.2
24.5
5.9
93.0
7.9
27.7
37.5
31.9
24.2
12.9
15.8
73.4
21.6
22.5
7.4
72.7
11.1
24.6
9.3
62.1
3.5
36.8
28.1
27.2
30.6
29.4
24.0
12.1
0.6
31.1
32.5
42.3
77.8
5.9
3.7
16.0
99.2
23.1
24.4
14.8
26.2
23.3
2.9
48.1
10.0
35.7
28.4
14.8
54.9
10.3
21.6
19.7
39.5
17.8
46.2
19.1
40.9
38.7
42.3
30.7
11.3
18.2
23.5
37.1
32.0
18.0
8.1
56.8
11.7
65.2
35.9
21.1
52.1
12.1
18.9
17.9
19.7
20.0
40.7
21.1
42.2
6.2
71.5
10.4
43.4
23.9
8.8
19.4
13.5
15.0
42.2
20.1
5.4
25.7
24.0
45.6
22.8
15.4
25.2
36.3
14.3
56.8
34.1
77.5
18.8
28.5
24.0
20.4
23.5
35.1
11.5
47.6
10.2
7.0
19.3
30.5
39.3
11.7
7.3
22.4
11.2
32.8
30.1
35.1
34.3
7.9
8.0
64.6
16.6
6.8
45.9
13.6
68.3
6.2
44.7
70.2
29.7
5.1
28.9
17.0
53.5
33.5
6.8
31.5
4.8
93.1
23.0
29.6
4.1
29.9
24.9
24.3
46.7
16.6
22.2
0.5
107.7
25.6
6.1
67.8
7.0
36.3
4.6
41.3
8.3
18.0
44.8
32.2
26.5
7.5
54.4
8.2
19.7
74.5
15.2
63.6
31.8
51.5
3.1
14.2
18.0
7.6
15.0
14.3
55.5
32.7
25.0
22.9
59.9
11.4
9.8
50.4
21.1
64.5
30.3
23.7
51.7
17.6
24.2
47.1
11.8
24.7
20.8
19.8
4.9
40.2
15.7
39.2
1.4
47.1
5.0
73.9
26.6
10.8
34.3
9.5
20.4
30.0
7.1
1.6
36.4
5.9
81.3
14.8
11.9
14.3
53.6
26.3
9.2
14.8
39.3
20.0
17.5
4.1
51.7
1.8
57.5
24.9
25.0
19.6
56.8
15.9
33.2
20.9
38.1
10.3
19.9
35.3
13.8
29.8
18.7
3.2
30.6
49.4
31.9
51.1
7.2
31.6
18.3
20.4
12.8
89.3
33.4
36.5
15.1
26.9
15.4
42.9
12.9
73.4
6.7
75.1
18.4
41.7
46.2
24.7
39.5
27.1
8.5
4.0
6.3
37.7
4.6
6.5
57.0
30.5
37.9
27.5
14.0
23.6
16.0
19.4
12.9
22.8
31.1
26.2
18.8
71.6
4.9
66.2
0.8
14.1
16.6
58.4
11.0
24.8
19.7
85.8
15.9
40.7
22.4
60.4
27.4
21.3
15.1
13.0
65.4
13.0
139.2
10.9
45.3
45.4
34.2
23.6
27.2
35.0
36.6
22.6
24.4
63.5
11.0
15.1
5.6
58.8
19.8
68.0
25.5
24.4
23.0
58.2
10.6
43.3
17.7
38.6
12.5
6.5
62.9
13.0
32.7
20.4
12.1
17.7
45.9
30.0
6.3
33.3
10.4
34.6
4.6
17.6
72.0
10.6
70.5
9.9
27.9
18.0
61.7
2.6
44.8
14.2
22.6
23.6
16.4
32.1
50.7
43.8
11.1
25.5
8.3
17.0
37.8
20.6
12.6
22.5
85.4
10.1
35.2
12.2
145.6
1.5
44.4
32.2
35.9
69.5
27.7
4.1
7.1
114.6
16.7
28.1
26.9
29.8
32.6
23.4
13.2
19.5
8.6
9.6
34.4
10.4
24.9
31.5
54.8
23.6
40.0
9.5
51.2
18.5
18.1
38.5
45.1
20.5
25.6
12.1
63.3
23.9
62.2
3.5
27.2
28.2
20.1
25.5
16.1
47.8
17.2
55.1
46.2
48.7
26.2
47.1
68.4
2.3
70.8
9.9
75.5
32.7
10.2
22.8
33.4
27.7
19.4
21.8
2.2
36.4
12.4
6.0
12.2
61.4
25.0
7.2
22.6
25.3
19.9
35.3
16.7
78.5
28.8
10.2
23.2
13.9
51.0
25.6
18.8
12.9
11.7
12.6
23.0
27.6
58.3
24.0
11.6
19.5
6.7
21.1
82.0
3.1
62.9
20.4
92.7
12.0
35.0
9.5
37.4
29.4
24.4
28.4
27.3
57.9
38.4
35.1
37.5
5.9
47.8
31.3
13.4
6.7
42.1
29.3
46.4
19.1
62.7
9.1
4.0
39.6
44.2
5.0
12.1
22.3
32.0
66.8
34.4
41.6
9.9
81.0
4.6
46.4
30.7
51.8
23.9
25.7
4.4
23.7
7.5
6.2
46.9
15.9
23.4
29.3
66.3
19.6
85.5
8.7
98.7
1.9
31.9
37.7
49.6
50.0
31.1
4.6
16.4
33.3
42.8
18.3
13.3
20.4
57.7
7.4
53.7
18.9
46.9
13.3
14.5
14.2
24.2
25.1
44.1
23.7
85.8
17.3
40.9
18.3
33.6
15.3
12.0
20.9
29.8
34.6
53.2
45.0
20.0
47.8
47.0
34.9
40.5
6.7
86.7
13.2
16.3
18.1
50.1
4.5
65.9
5.7
23.0
1.1
17.9
66.3
13.6
24.5
23.9
18.7
27.7
17.0
16.3
67.7
30.5
47.8
20.1
50.5
38.0
22.2
1.9
25.0
20.3
54.3
6.8
30.3
52.1
11.3
17.0
78.9
29.3
11.9
74.9
28.6
55.5
17.6
32.8
18.7
21.3
25.5
5.0
58.1
29.2
33.5
34.6
112.9
12.8
13.9
32.2
34.3
84.5
38.5
1.9
49.1
45.1
12.5
39.2
28.6
12.9
11.2
36.5
21.4
42.1
10.5
0.8
23.2
17.8
64.8
24.1
34.7
16.3
48.8
7.4
46.4
4.6
61.4
46.7
30.5
24.2
41.8
28.0
15.1
8.6
8.1
19.1
60.6
14.4
93.6
11.4
30.5
33.2
29.3
20.3
15.8
30.1
25.0
66.2
22.9
23.2
8.6
85.9
22.6
39.3
34.8
30.2
15.7
14.7
24.2
36.2
28.4
46.9
23.9
8.0
32.4
13.2
19.5
50.0
16.3
100.9
6.9
21.3
21.7
49.6
9.9
5.3
12.9
17.5
28.4
21.2
32.3
16.8
2.8
16.4
24.4
29.1
79.1
29.5
39.8
5.9
29.2
5.8
37.3
36.4
42.1
6.0
20.5
23.3
14.2
16.3
65.4
18.0
53.2
16.0
55.3
16.1
4.1
3.4
6.6
22.6
25.5
45.1
18.5
37.4
21.0
45.7
10.2
28.0
30.6
13.3
29.2
13.5
22.5
82.7
7.2
7.3
18.9
63.2
27.7
33.4
59.1
3.2
41.7
5.7
63.1
33.6
56.8
22.9
69.1
10.5
38.4
37.0
5.7
37.6
3.8
29.1
11.9
31.5
19.1
82.4
5.1
37.1
16.3
51.9
37.5
20.8
19.7
21.6
17.3
20.9
8.8
27.7
10.9
43.6
16.5
9.6
12.5
64.6
6.1
24.1
36.6
63.0
20.5
2.7
32.3
5.0
22.5
31.6
10.5
85.7
12.2
15.3
14.7
59.3
19.6
27.0
23.8
16.2
11.9
31.5
37.9
34.0
76.4
24.8
38.1
6.1
17.6
27.7
13.2
25.0
50.9
30.5
55.2
21.0
24.7
18.2
27.8
47.4
4.4
11.7
3.0
30.7
8.2
77.6
10.0
95.2
21.9
41.6
22.3
10.7
26.5
36.9
22.7
20.3
37.0
76.3
12.6
38.6
3.8
83.8
14.7
34.9
32.1
22.6
90.4
14.1
34.4
20.3
107.7
8.2
60.5
22.5
21.8
34.6
19.0
38.8
20.2
17.2
30.5
5.2
15.7
21.5
45.0
19.7
43.4
27.2
27.5
66.3
2.8
49.3
40.5
28.7
16.6
40.4
3.4
85.6
44.3
30.8
21.8
10.4
56.3
6.6
40.0
21.3
64.4
9.5
39.3
23.7
52.5
9.1
16.6
21.9
14.9
20.3
33.4
26.1
64.9
27.6
3.9
11.8
12.2
35.4
54.3
26.5
37.3
18.7
10.6
24.0
24.6
83.6
16.4
22.5
14.4
29.5
20.5
34.7
16.7
24.3
22.8
16.6
23.4
1.4
11.7
20.1
6.7
74.5
18.2
79.1
9.7
24.1
14.4
21.4
28.6
26.6
21.4
19.4
54.0
58.8
7.4
44.1
53.8
26.5
10.8
37.5
31.4
21.6
18.3
33.6
20.7
47.2
10.7
14.3
75.5
35.1
61.4
7.1
22.8
41.9
13.0
29.5
30.0
5.5
40.7
15.0
76.4
16.5
21.3
81.9
19.7
24.7
26.0
37.5
12.3
24.4
15.1
58.8
14.1
32.6
41.9
50.0
20.3
14.3
22.4
30.6
26.6
11.4
40.2
138.9
6.8
84.1
17.5
62.3
33.3
33.2
15.2
31.3
2.6
57.3
23.1
30.3
26.2
39.6
35.0
17.0
28.0
10.5
56.3
23.4
97.9
16.4
52.4
0.6
16.7
33.4
9.9
24.0
22.3
15.1
59.1
26.0
21.3
28.6
86.2
20.8
58.8
13.1
59.7
2.3
31.0
14.7
21.0
8.4
24.8
36.5
28.4
28.1
2.5
56.8
19.1
46.0
4.2
27.0
14.0
10.9
30.3
33.4
22.4
45.8
22.3
8.8
36.2
19.5
11.8
44.5
13.7
59.4
14.4
30.6
15.6
43.5
19.2
41.8
22.7
31.6
48.6
47.1
38.6
18.4
30.5
13.5
17.3
28.1
46.3
77.3
18.8
12.6
43.3
31.1
40.9
16.6
9.7
19.0
15.1
55.1
18.7
19.7
11.9
33.2
13.6
64.5
25.4
6.9
44.2
16.2
42.4
37.7
78.9
7.8
36.1
41.8
18.3
9.9
33.4
50.5
19.2
18.1
3.0
58.2
32.9
25.6
9.7
32.5
34.0
33.5
10.4
51.1
11.3
16.6
14.7
55.3
26.0
42.3
5.7
30.9
19.4
8.0
83.1
37.2
10.9
29.4
52.4
19.4
34.6
3.8
8.9
3.7
27.8
25.0
36.3
40.6
18.1
25.1
20.6
24.5
42.8
6.1
9.6
22.3
57.5
4.6
51.3
15.4
95.9
9.2
13.8
40.9
21.0
35.3
36.1
23.8
20.6
69.9
20.9
49.0
8.7
50.1
17.7
9.3
15.6
25.1
33.2
29.5
2.4
3.5
58.6
19.1
45.7
37.1
114.2
20.8
8.9
14.1
54.8
7.9
55.6
9.9
24.2
20.6
15.3
21.4
21.2
34.6
21.4
19.7
26.2
8.5
22.6
44.6
22.1
26.7
27.0
14.4
6.7
54.1
38.3
12.4
34.2
22.8
39.5
8.5
52.0
21.3
52.7
3.5
30.2
4.9
74.5
2.7
12.9
26.3
33.6
17.7
32.6
13.0
116.0
57.9
37.4
30.3
37.3
2.2
9.7
47.3
35.7
3.3
25.1
13.2
8.3
39.8
18.1
49.3
12.1
68.1
19.0
26.6
16.0
15.2
39.1
31.2
9.6
51.7
13.2
40.4
24.0
38.5
32.9
15.1
9.1
12.1
6.8
4.6
74.7
24.3
46.8
22.9
28.1
13.4
43.1
13.0
21.6
17.8
52.8
6.2
41.4
16.5
30.2
30.6
15.9
48.5
25.0
13.1
30.3
28.9
8.7
51.3
10.0
77.2
6.6
12.3
15.2
65.5
13.5
35.1
26.1
26.1
27.1
38.2
26.4
19.1
7.1
76.1
25.4
43.3
14.4
37.0
21.6
14.4
10.3
7.2
13.5
27.3
36.3
12.5
33.1
22.5
22.0
19.3
60.8
14.1
6.1
54.0
15.2
6.4
20.6
23.9
31.3
11.6
21.5
21.7
18.2
54.1
26.1
52.8
16.9
69.0
8.4
39.2
5.4
17.0
28.9
2.9
48.0
30.2
21.0
43.1
61.1
3.6
42.4
15.3
76.9
13.1
3.5
27.1
63.9
8.7
28.7
27.0
14.3
20.3
27.9
2.6
5.3
39.9
13.4
68.4
3.8
43.9
27.7
35.5
33.0
39.3
14.2
5.6
26.9
13.3
40.5
8.3
51.5
32.9
16.5
38.4
18.1
26.6
37.1
25.1
7.4
29.1
2.4
25.3
38.9
14.8
55.6
17.2
22.2
4.4
63.9
22.4
19.9
11.8
28.8
43.1
24.6
31.2
59.8
9.8
24.0
12.4
6.1
2.1
31.7
33.7
25.2
16.5
10.3
25.8
31.3
23.6
50.3
11.6
111.4
4.0
34.6
20.4
1.0
6.6
33.2
18.8
29.5
21.9
34.5
36.1
8.6
19.6
9.6
21.5
38.7
13.7
22.2
16.4
31.8
36.2
21.5
13.2
16.7
23.5
3.8
52.3
15.9
86.7
23.1
38.3
13.2
39.9
16.5
71.5
23.2
25.6
51.0
25.1
32.9
10.3
9.8
60.3
5.6
13.2
15.4
34.5
60.1
5.5
22.9
34.5
14.3
30.8
29.9
6.6
43.0
15.8
16.5
80.3
32.4
42.1
8.4
48.8
77.2
11.5
4.7
14.0
34.6
3.7
26.5
12.9
39.0
11.4
40.9
1.2
10.0
28.8
3.6
52.8
7.6
7.1
24.8
22.3
18.4
26.3
23.9
27.6
9.3
18.5
38.9
5.8
28.4
5.7
19.8
17.3
8.5
50.8
23.6
21.2
48.1
14.7
78.8
7.2
32.4
25.6
28.4
5.2
45.6
16.3
19.5
3.3
4.1
88.1
6.3
38.1
24.4
58.2
22.5
12.1
18.0
43.0
15.9
35.4
32.1
15.6
13.7
6.5
4.5
15.3
79.7
32.9
10.3
31.5
34.1
12.6
52.5
23.3
22.1
11.3
24.3
13.8
90.6
37.6
11.2
23.5
70.8
21.6
43.1
12.1
38.3
6.8
22.6
46.9
12.8
58.4
2.6
34.1
12.6
45.2
39.1
9.2
11.6
11.1
15.1
42.5
24.9
62.7
45.3
4.5
26.2
15.3
20.1
29.7
13.1
8.6
14.3
46.0
17.1
33.0
7.7
92.8
3.8
18.8
32.5
59.4
1.8
31.6
11.8
10.2
46.1
11.1
48.0
30.4
52.2
12.7
38.4
13.1
71.1
10.6
10.4
34.6
17.8
38.9
4.6
45.3
21.9
28.6
11.0
69.0
21.1
30.2
32.8
54.8
23.4
21.0
11.0
49.9
27.2
20.9
17.9
11.8
22.4
16.2
5.2
44.2
1.1
80.7
23.0
14.0
9.7
73.3
13.7
12.9
20.9
44.1
11.1
60.5
9.1
77.4
23.2
27.4
38.5
35.5
44.3
9.3
2.1
11.5
26.9
16.4
52.2
19.7
53.2
30.1
15.7
12.9
26.4
30.5
2.6
109.4
24.3
17.2
25.5
21.9
41.8
86.6
16.1
10.9
58.4
27.0
40.6
11.5
28.1
15.1
14.4
35.2
83.4
10.0
89.3
16.5
8.4
15.4
56.7
7.7
24.0
19.3
24.5
34.1
12.7
46.8
91.4
0.5
42.8
24.5
24.3
61.4
40.3
15.3
6.2
29.0
34.5
27.6
16.1
50.7
14.4
1.6
17.6
20.3
37.3
18.7
14.3
6.2
49.4
31.6
67.4
18.3
29.4
29.7
72.2
11.0
45.5
28.3
19.6
100.2
14.4
31.1
57.8
11.2
3.7
12.5
16.8
0.5
15.0
35.9
15.2
5.4
15.4
28.7
22.4
12.7
35.3
1.4
27.3
9.6
16.8
65.8
32.0
52.5
25.8
11.7
1.7
47.8
24.6
25.4
13.1
50.0
30.2
58.0
31.2
1.6
52.0
68.1
15.1
59.4
17.1
45.4
10.8
15.2
9.3
38.7
28.2
77.6
3.6
44.6
15.1
33.2
35.2
8.0
38.3
48.0
22.6
46.2
8.7
36.0
59.7
30.8
3.9
16.6
25.3
29.0
41.5
5.9
103.6
16.6
14.9
9.9
48.0
21.3
53.3
9.7
53.3
78.7
37.4
21.8
22.7
36.3
8.0
22.7
15.2
15.0
44.3
25.1
47.6
6.9
53.9
55.3
2.2
45.2
12.0
36.7
4.7
73.5
27.0
32.3
14.4
30.7
6.6
59.4
19.6
31.6
15.7
53.6
36.8
37.7
16.7
18.3
38.1
42.3
31.0
3.1
24.2
65.7
8.9
35.6
23.2
19.6
1.8
36.7
7.0
43.7
49.7
4.3
42.3
18.9
41.7
29.5
24.4
9.3
44.9
14.9
59.7
56.4
2.4
149.7
10.4
12.7
10.6
16.9
19.1
23.6
22.8
17.1
35.2
27.3
34.7
11.1
25.8
27.4
32.2
20.8
53.6
20.5
39.3
19.4
14.6
17.2
41.5
14.8
51.6
3.0
34.1
30.9
40.7
22.9
10.2
21.4
45.4
23.9
12.9
8.7
95.8
42.8
38.4
13.4
5.6
28.5
14.7
59.3
8.1
12.4
3.2
50.9
10.4
30.2
14.3
78.6
20.2
8.2
42.0
26.1
16.5
48.5
10.1
19.1
45.2
23.5
50.6
13.6
82.2
4.3
32.0
3.9
23.4
5.7
19.2
1.7
26.6
64.3
15.0
28.8
5.6
81.8
8.9
34.8
34.8
50.1
78.1
10.3
14.0
59.7
8.5
16.7
53.7
88.7
39.9
46.4
14.0
26.1
7.6
13.2
34.4
23.0
8.2
26.8
5.6
46.3
4.5
19.6
34.4
21.9
43.1
11.0
56.4
21.2
31.1
13.2
6.2
28.1
21.6
58.1
36.3
2.3
3.5
29.6
27.9
26.9
32.6
20.1
32.5
7.3
18.3
49.5
17.4
96.0
13.3
38.4
7.0
62.6
9.1
50.3
33.1
17.9
129.9
11.1
64.6
22.6
21.4
33.0
5.9
27.9
42.8
8.5
40.2
29.1
6.2
2.4
69.8
5.8
55.2
26.9
84.4
28.1
8.8
30.6
225.8
37.0
24.8
21.6
25.7
17.2
20.5
5.1
11.5
4.6
26.6
42.6
21.1
8.7
19.9
13.2
42.1
19.1
40.5
10.2
28.1
49.4
5.8
69.1
10.9
32.2
4.5
14.0
4.7
25.3
59.2
38.9
32.2
10.4
41.6
4.3
15.6
51.6
16.1
30.3
40.7
15.3
4.2
7.4
53.4
5.5
31.1
11.3
7.5
15.3
14.0
38.6
32.0
26.5
13.7
6.6
33.6
7.2
92.3
13.2
62.3
67.4
26.9
51.8
7.8
51.7
2.8
6.4
31.6
13.2
26.6
2.0
28.2
22.8
50.2
11.4
22.7
11.7
16.0
31.5
44.4
31.5
5.8
19.1
11.1
30.4
9.5
37.1
14.9
35.4
47.3
5.3
82.4
11.4
22.3
26.3
2.2
13.4
8.6
19.2
16.7
12.0
98.2
9.9
64.3
27.9
108.9
23.7
10.4
27.5
9.4
19.7
25.4
17.0
19.3
33.3
55.9
33.4
64.8
13.2
58.7
11.9
6.0
33.0
48.9
15.9
21.3
19.6
69.1
10.4
51.2
32.1
14.0
59.6
48.0
21.7
17.5
16.8
44.2
18.1
14.6
2.2
18.5
10.4
5.6
103.3
26.6
36.2
4.6
14.1
23.1
7.7
36.3
20.3
6.9
27.3
27.5
22.0
40.6
39.9
1.2
27.2
53.4
27.1
28.4
18.2
54.1
17.2
19.9
13.8
49.7
11.3
50.1
11.3
45.8
13.9
45.8
23.8
20.6
36.0
13.9
69.9
23.6
60.5
30.1
7.6
7.9
5.2
7.1
51.6
54.7
4.6
55.8
18.8
52.7
11.7
63.7
11.0
50.5
26.2
23.5
37.3
28.5
30.7
30.0
4.0
4.1
19.4
32.2
20.0
46.9
25.0
36.4
10.8
97.0
44.0
61.4
12.9
24.3
5.2
14.1
28.1
33.7
34.0
21.7
48.6
17.4
71.6
5.5
7.7
36.9
21.4
33.3
21.5
18.6
55.7
36.9
8.2
10.4
8.2
64.2
14.3
54.8
4.7
22.1
42.8
12.9
17.8
31.1
38.3
19.5
24.4
14.8
20.1
42.4
61.8
3.0
18.1
35.1
25.3
13.2
30.9
70.2
14.1
28.7
10.9
26.4
4.5
51.8
9.7
25.3
31.4
37.7
17.5
25.8
6.9
38.7
13.0
13.4
30.1
35.2
27.2
48.3
16.3
87.8
60.7
40.2
9.4
25.7
2.2
3.8
11.2
50.0
23.0
31.4
24.6
150.3
28.2
1.2
30.4
65.3
21.6
4.8
11.6
25.7
33.4
48.1
18.5
40.1
0.7
62.9
10.2
49.7
40.2
3.9
87.2
4.3
3.7
23.0
54.8
22.8
14.5
2.7
17.5
21.1
22.2
40.7
46.3
48.5
8.1
9.3
38.5
12.8
29.0
23.3
17.0
20.5
47.5
6.5
58.5
16.1
13.0
16.2
18.0
12.4
52.5
28.9
9.4
32.0
17.5
67.0
8.2
46.8
22.8
7.7
26.8
39.2
16.5
65.8
26.9
43.3
21.0
23.8
3.5
11.1
11.0
72.0
6.8
33.4
32.9
23.1
32.4
8.4
22.8
51.3
19.7
20.1
16.5
46.0
7.3
26.6
14.9
42.6
43.1
36.2
59.9
25.7
96.9
41.8
17.9
56.5
19.2
42.0
7.6
28.8
7.5
42.0
36.6
41.1
24.0
48.4
34.0
40.6
15.7
68.0
43.9
5.4
25.8
69.0
14.9
39.5
59.6
2.5
17.7
20.2
18.6
10.9
52.4
30.0
59.9
21.7
43.8
24.4
31.6
20.6
809.7
5.2
43.1
23.4
49.6
14.3
19.3
18.0
37.3
17.4
24.6
36.6
17.9
20.5
40.2
17.8
73.1
21.5
47.1
23.4
24.6
81.1
13.7
39.0
16.1
47.7
8.5
32.9
29.6
98.6
6.5
46.8
14.2
19.1
4.8
91.8
21.0
43.4
6.3
53.3
36.9
20.3
2.6
31.3
31.9
48.5
23.7
39.2
38.3
43.4
39.0
4.5
20.0
65.6
41.7
17.1
42.8
10.6
80.4
8.5
0.7
18.1
48.3
14.9
29.0
31.4
50.1
30.6
23.3
26.7
11.9
12.2
108.1
1.0
51.9
35.1
35.5
19.4
21.1
32.1
42.4
16.4
13.7
46.3
28.8
22.1
6.7
32.9
20.8
25.3
22.2
29.2
56.3
15.3
43.2
24.0
16.7
35.0
5.9
0.9
14.3
11.5
68.4
1.2
52.2
22.6
83.9
10.4
41.9
3.0
50.4
39.3
9.4
29.9
22.1
35.3
8.1
34.4
7.4
36.9
28.6
33.0
59.5
21.6
17.0
3.5
13.0
28.3
32.5
38.6
33.9
17.6
49.2
12.9
45.6
11.3
99.1
52.2
20.2
23.3
54.6
10.3
38.6
41.9
6.9
12.6
14.9
23.5
13.0
40.3
23.6
50.0
6.1
41.6
9.3
45.8
23.8
4.0
7.5
34.0
12.1
82.1
5.8
42.4
3.5
18.0
41.3
29.8
31.1
57.4
10.6
7.5
30.2
4.6
37.1
22.6
18.1
14.6
12.4
46.1
31.3
18.8
96.7
10.2
42.4
10.4
62.2
27.0
1.5
3.0
19.9
14.0
54.4
36.5
23.3
23.0
65.1
20.2
61.8
16.5
21.2
6.8
20.2
10.0
78.2
27.1
2.6
21.1
6.9
77.4
38.9
74.3
36.8
12.6
23.3
54.4
20.4
53.9
25.6
79.2
23.1
28.8
37.9
18.5
9.3
51.9
5.5
25.0
19.1
41.0
13.9
60.2
2.5
52.4
3.7
34.2
35.4
41.9
96.7
8.8
39.1
25.4
30.7
18.6
26.9
13.0
11.5
9.3
9.5
32.2
11.7
39.0
23.6
6.6
8.0
3.1
46.5
25.0
67.0
3.8
22.0
11.9
38.2
20.9
15.5
35.1
25.2
14.6
51.1
10.3
32.6
26.1
36.2
26.6
32.5
65.5
3.5
16.4
7.2
59.1
15.6
27.9
10.1
32.1
25.9
25.0
13.0
31.1
8.3
88.4
9.5
6.2
25.2
78.0
30.3
10.6
39.3
25.6
18.4
11.2
13.4
16.2
25.9
18.0
23.2
37.2
16.0
82.4
3.9
47.4
14.5
48.5
26.5
18.2
16.8
42.2
39.9
46.9
22.1
5.3
32.3
17.6
17.4
45.8
11.3
45.8
12.8
22.5
14.6
12.4
19.2
40.2
34.2
15.2
114.0
13.5
55.3
11.5
51.6
24.0
13.4
27.7
3.2
11.5
31.8
25.7
48.1
80.4
29.6
32.3
5.6
38.1
7.1
30.9
7.6
29.9
16.4
90.9
14.1
22.4
28.0
10.3
45.5
19.6
97.7
32.3
35.7
13.8
18.9
13.3
57.8
27.0
46.6
24.4
39.2
6.5
50.1
2.0
5.0
28.9
29.8
21.3
25.8
40.8
13.6
46.2
12.5
22.5
24.9
1.7
24.4
5.6
17.2
49.0
25.1
83.4
4.1
41.2
28.8
7.0
33.4
26.9
12.8
9.6
3.5
58.1
21.5
86.0
37.8
10.6
20.6
42.4
19.3
38.5
13.8
35.0
7.7
31.8
9.1
54.3
8.2
75.2
26.1
25.2
79.4
9.3
52.5
34.4
20.4
13.3
59.6
15.7
33.9
30.2
13.5
25.7
20.5
31.0
56.2
27.6
90.3
30.8
5.2
13.1
40.6
16.0
24.5
17.2
60.2
23.1
39.9
23.3
59.0
28.5
7.9
19.2
11.6
27.2
60.5
68.1
24.9
80.2
13.2
21.3
25.8
87.3
18.0
29.2
29.3
46.3
22.7
4.1
60.4
12.1
67.9
21.8
15.2
57.8
39.8
8.4
27.1
12.9
38.8
16.2
12.1
14.7
42.9
30.3
31.9
47.4
26.7
57.0
6.0
67.3
31.0
27.2
1.1
32.1
3.1
48.9
4.9
54.4
31.2
42.4
27.3
19.5
21.3
35.5
3.8
6.9
24.3
27.0
35.4
85.6
12.8
50.2
82.0
8.9
52.0
9.4
43.3
10.8
14.5
18.4
41.5
14.8
39.1
11.9
40.8
38.7
25.3
11.0
32.5
5.8
8.3
17.2
53.8
25.9
39.1
31.5
6.1
17.6
38.8
25.2
34.9
6.8
34.1
22.0
36.7
7.0
32.4
9.1
39.0
49.6
15.1
39.1
7.6
21.9
18.2
34.0
12.7
27.6
1.6
9.6
27.0
11.8
29.0
80.5
19.2
6.5
7.5
24.7
31.7
9.2
10.3
58.2
24.1
20.0
46.2
5.0
19.8
51.6
17.2
18.9
36.8
85.6
15.1
41.6
17.3
46.3
25.0
8.5
28.8
10.2
5.5
66.4
39.5
13.1
34.3
63.3
17.2
35.3
2.7
8.8
6.9
27.7
23.3
27.3
75.3
4.2
12.3
70.6
21.4
18.5
3.4
57.4
40.9
14.2
41.0
25.7
44.1
14.2
5.0
13.6
29.6
10.6
30.5
14.2
29.3
25.2
48.2
5.5
25.3
51.3
50.6
36.6
24.6
1.5
52.6
34.2
31.8
24.7
16.3
75.6
10.5
29.4
25.3
98.4
50.6
19.5
45.7
8.0
30.1
16.8
7.9
15.9
37.3
4.3
90.1
12.8
51.1
29.5
10.6
39.7
17.1
2.2
30.5
24.9
19.2
2.4
37.0
8.5
29.4
28.0
24.4
17.7
6.3
43.1
12.1
52.6
16.6
26.5
9.7
34.7
4.2
12.8
15.2
61.3
3.2
14.0
39.2
9.6
76.6
17.2
36.3
32.4
13.6
21.8
31.0
17.8
19.5
54.8
3.2
50.9
40.5
63.0
12.8
6.0
27.7
64.2
29.8
10.8
14.0
59.0
14.2
36.5
29.6
6.0
39.7
32.1
19.9
18.9
16.2
44.6
21.3
14.1
12.8
5.9
10.2
4.9
6.2
17.4
5.2
16.7
57.3
30.2
21.7
39.5
8.9
21.0
27.0
26.8
22.2
5.2
27.8
25.9
8.4
23.5
58.9
3.7
31.0
18.2
29.8
15.1
21.1
35.4
28.5
10.6
33.4
24.9
25.3
22.7
4.3
18.0
22.5
24.9
25.2
27.1
12.0
49.1
16.1
14.1
1.8
92.2
9.7
7.3
19.0
5.4
22.2
31.5
22.0
58.6
22.4
70.9
24.7
14.9
44.5
24.9
13.7
18.5
95.3
3.7
11.3
40.9
14.9
33.1
26.8
20.7
28.1
94.9
16.4
68.3
6.2
11.2
14.5
13.6
12.8
10.1
17.7
53.3
29.7
42.1
17.3
10.9
31.5
10.5
13.6
70.8
25.8
60.5
39.9
25.5
13.7
11.3
34.8
7.2
48.1
1.4
7.3
16.6
35.4
35.5
5.8
12.3
37.1
27.0
6.7
49.4
15.0
36.8
11.2
52.4
3.8
28.6
26.6
8.4
23.7
27.0
39.9
27.2
12.1
30.1
3.1
41.3
27.1
30.4
34.8
28.0
14.7
10.9
27.5
41.2
8.6
67.1
35.2
54.3
16.2
9.6
32.8
36.9
30.4
48.9
2.0
6.5
58.6
8.6
39.3
13.8
35.9
14.5
44.2
13.1
27.4
66.1
6.2
68.6
29.5
5.3
15.1
21.3
39.6
46.0
22.9
65.8
7.2
20.2
9.1
5.2
11.8
45.5
23.1
49.3
21.8
65.9
28.3
7.9
22.8
17.9
30.9
8.4
22.5
68.6
27.3
24.4
23.5
5.0
52.0
13.6
91.3
11.7
10.4
27.4
36.8
33.1
10.1
26.0
26.6
30.8
3.5
17.3
80.4
19.3
53.0
12.6
21.4
8.3
15.8
11.9
26.0
20.9
6.6
3.1
40.3
29.3
20.7
13.4
21.3
21.0
14.6
63.2
2.6
52.0
8.5
1.7
35.3
13.5
24.4
49.3
39.8
3.8
2.4
27.6
3.3
65.7
21.2
4.2
5.3
64.7
7.1
35.2
25.4
34.8
33.0
13.2
17.6
18.4
24.3
5.4
24.1
8.3
19.1
22.1
64.0
15.0
32.0
23.7
75.6
18.4
27.9
35.0
82.4
21.3
7.2
23.4
60.0
16.7
1.6
5.5
107.9
4.0
43.0
21.8
44.6
17.2
3.6
11.7
38.4
22.3
37.6
25.1
26.1
38.5
24.2
3.9
25.4
13.4
34.7
49.0
13.3
93.4
16.8
22.6
13.1
41.6
14.0
27.9
17.2
26.3
9.9
78.5
51.2
6.2
45.1
49.9
25.3
33.9
4.3
43.8
25.5
23.5
20.0
64.0
4.9
42.3
19.3
10.7
21.1
4.5
54.5
2.9
20.9
23.7
33.6
6.3
35.9
10.5
103.9
43.8
8.1
22.7
10.7
5.8
14.7
26.1
13.6
13.1
53.9
11.1
24.4
7.3
92.8
8.6
25.3
34.1
53.0
2.8
10.9
10.0
32.6
38.2
29.2
60.5
3.3
92.9
11.8
36.7
34.9
51.4
17.3
16.6
30.7
28.8
12.8
11.3
26.0
22.8
27.9
64.2
14.8
57.6
16.5
10.7
32.4
28.9
20.2
60.3
23.9
48.4
35.9
16.2
35.2
20.4
16.5
6.8
26.6
1.9
72.1
16.5
71.6
5.3
69.9
15.5
16.2
14.3
35.0
8.6
64.0
7.5
23.6
31.0
11.0
40.4
2.8
12.5
3.0
9.7
27.6
42.1
23.2
6.8
27.2
29.7
34.2
35.1
19.6
98.3
11.9
3.2
25.6
15.5
54.3
23.3
4.0
53.4
51.9
25.9
14.0
67.2
7.5
25.8
20.7
67.8
9.2
29.6
5.2
57.9
74.1
39.2
35.1
17.5
27.2
4.3
24.0
12.7
67.3
16.9
34.3
13.9
54.2
13.2
1.8
28.0
13.1
70.0
43.8
16.7
10.5
41.7
30.6
24.5
17.2
32.6
28.4
3.7
4.5
20.7
23.3
15.0
41.7
27.0
10.3
32.3
60.6
5.8
46.6
4.8
49.4
25.1
28.9
21.0
44.1
9.1
22.3
19.1
50.7
28.3
1.5
17.6
24.4
1.6
64.8
5.0
5.8
10.6
22.7
11.2
3.4
71.5
30.9
52.6
18.2
26.9
32.3
1.4
11.9
67.3
48.8
48.2
8.4
93.8
1.7
6.4
18.9
17.3
13.2
53.7
34.9
60.1
26.7
1.0
42.7
45.5
25.1
57.1
19.2
48.7
8.6
9.3
30.2
18.1
40.3
30.1
9.7
22.1
41.4
17.8
58.3
11.2
26.8
8.4
12.7
34.4
25.5
25.1
52.3
18.9
27.2
25.1
107.8
38.4
50.8
2.0
76.5
18.3
27.3
12.1
26.7
5.2
26.8
11.0
38.9
15.8
36.3
17.9
15.1
39.2
84.0
12.7
55.2
2.9
86.1
1.8
36.0
28.3
2.4
56.0
47.4
4.1
50.2
13.0
41.0
8.9
53.1
30.3
34.5
22.6
46.2
7.4
75.4
14.1
47.4
5.9
38.4
28.3
27.4
11.6
27.7
21.6
50.6
16.9
1.9
35.8
50.0
31.7
32.7
3.3
63.4
1.1
25.2
5.5
6.4
36.1
28.3
14.9
91.8
19.4
55.5
28.0
45.4
26.0
23.1
19.0
8.2
19.6
1.0
100.7
7.1
48.2
16.1
17.1
22.5
4.9
9.9
29.9
29.8
57.3
43.6
6.3
18.9
28.8
32.1
31.0
56.6
21.1
26.9
16.3
14.4
12.0
51.6
20.7
56.7
3.9
25.5
24.8
20.4
52.8
5.5
98.2
5.8
23.0
19.7
50.1
17.7
16.0
28.7
13.8
28.9
8.7
8.8
63.9
6.0
63.3
10.3
49.8
2.8
38.5
1.2
16.2
10.3
45.8
40.7
5.7
5.0
61.6
5.4
42.5
25.1
10.8
75.7
18.0
36.6
17.1
53.4
26.0
20.4
4.1
16.6
11.1
12.1
42.8
11.0
58.9
21.2
30.0
7.5
81.4
24.5
31.5
43.0
72.7
16.0
16.9
42.2
5.9
8.6
42.1
25.2
30.6
30.9
55.1
13.9
90.6
4.9
17.0
29.6
23.7
23.4
9.0
8.8
71.0
16.7
64.3
6.7
19.2
25.9
16.3
16.2
10.0
19.4
74.1
16.8
49.0
25.4
0.8
12.2
14.4
34.5
11.8
79.4
16.5
58.0
8.5
6.9
44.1
24.9
27.8
42.1
33.4
11.6
15.0
14.7
30.6
45.4
18.8
124.1
15.0
54.8
15.8
27.8
29.8
11.9
35.3
49.1
8.6
36.5
21.3
6.0
2.0
49.0
36.1
36.5
43.8
37.6
5.4
48.0
17.5
67.2
4.0
14.5
13.6
49.0
18.8
10.3
31.5
5.2
52.5
43.0
24.4
3.0
30.7
6.5
34.3
18.3
39.2
8.5
18.3
40.8
38.5
35.1
34.3
12.2
5.5
3.3
28.4
14.6
50.1
18.9
30.6
8.3
73.8
6.1
16.0
47.9
30.1
35.7
42.3
13.8
4.6
4.9
59.2
4.5
38.4
9.6
8.4
14.1
5.8
39.8
31.7
2.1
12.9
25.8
37.1
35.6
123.8
10.4
92.7
8.3
49.5
36.5
31.4
14.0
41.3
8.0
11.9
19.8
39.7
20.3
1.3
20.4
2.4
25.5
82.1
14.1
64.8
6.4
41.5
22.4
12.0
35.0
83.4
3.9
30.1
23.9
21.2
28.6
35.8
14.7
4.9
30.8
14.5
56.5
8.3
23.1
24.6
26.6
8.2
100.7
8.4
62.9
18.3
125.6
27.6
20.7
27.4
10.0
17.8
25.4
22.8
12.6
41.4
21.9
30.1
23.7
28.3
53.3
6.5
103.3
15.9
44.3
11.0
54.6
26.3
20.4
19.4
26.7
24.0
25.4
58.3
17.3
24.7
14.6
25.7
50.7
13.1
68.6
5.1
9.9
15.5
5.5
3.9
41.8
61.0
5.3
6.5
17.4
40.7
10.3
30.5
21.6
77.9
8.3
39.6
11.8
39.5
33.3
42.7
1.2
27.6
48.4
15.6
25.8
16.3
41.4
25.8
24.3
7.8
54.7
6.2
42.0
16.0
28.1
35.6
11.5
32.4
43.8
59.5
39.6
53.1
7.1
69.6
32.7
2.1
18.2
25.9
32.1
26.9
26.7
24.0
25.9
43.1
21.6
17.4
72.7
28.5
43.2
15.7
23.9
22.3
6.9
16.6
43.0
45.3
32.5
18.1
29.2
18.6
50.9
9.3
23.8
31.9
52.4
4.8
44.3
6.5
56.3
25.5
12.0
27.7
25.3
41.7
12.6
61.8
3.4
15.6
40.8
30.6
18.6
12.8
56.3
13.9
49.9
10.4
14.1
12.5
26.5
24.8
28.2
19.0
11.0
97.7
12.5
44.4
40.5
82.7
17.1
15.9
8.4
31.2
19.0
33.8
3.6
17.6
50.4
54.5
13.2
56.2
16.9
64.7
19.6
27.0
13.3
42.1
5.1
42.2
11.0
18.5
43.1
13.0
21.8
25.7
38.2
28.7
40.5
17.7
90.7
11.6
40.0
4.0
44.3
29.7
63.5
39.8
6.1
14.1
8.7
30.0
7.9
45.8
28.3
31.2
19.1
10.3
20.1
1.4
13.3
3.3
40.2
2.9
35.5
19.5
18.8
40.8
5.2
3.1
85.7
23.8
41.1
6.4
6.1
54.9
23.7
2.7
7.7
26.5
16.6
9.1
56.8
5.5
41.5
14.8
14.7
17.4
62.7
4.4
36.3
25.5
23.8
114.9
20.5
37.7
16.4
36.7
9.3
22.1
26.7
57.7
17.4
55.6
9.4
16.1
33.5
8.9
12.2
15.2
56.3
7.3
48.6
27.0
22.5
23.7
39.8
10.2
49.6
26.2
36.5
27.2
27.3
8.0
14.6
66.0
39.1
16.6
13.2
58.1
10.2
55.5
11.3
45.8
19.4
23.4
14.6
37.6
33.8
5.6
5.2
27.3
33.9
45.5
36.9
6.0
17.6
65.1
3.7
27.0
25.0
69.1
35.8
38.2
6.8
26.4
8.8
11.7
67.1
18.0
22.2
24.8
16.7
57.4
15.1
86.4
3.1
32.4
36.9
60.9
45.3
1.5
14.9
20.0
17.0
17.6
69.4
35.2
59.4
16.4
35.4
19.8
49.1
26.9
15.3
21.8
31.6
44.7
19.5
33.6
69.2
9.5
36.4
4.4
86.3
24.3
26.4
17.5
41.6
11.6
28.6
33.3
6.4
34.7
38.8
35.4
50.0
8.3
102.9
5.2
15.4
13.4
38.7
3.3
60.5
7.5
2.6
22.8
51.3
16.2
36.1
17.8
18.3
23.6
2.2
23.7
110.0
34.3
44.3
17.0
17.5
51.3
40.3
8.5
52.4
19.9
21.0
39.9
16.4
77.7
7.0
2.1
15.0
31.1
14.0
29.2
47.8
20.2
129.3
11.2
69.9
11.0
36.5
30.0
17.7
55.7
9.9
43.1
38.5
49.4
23.2
80.0
13.6
49.0
12.8
5.4
10.1
29.7
11.9
27.8
16.8
22.1
31.3
5.0
50.8
31.0
14.0
44.3
10.2
5.1
11.1
40.1
20.5
2.6
8.4
26.0
32.2
26.9
33.1
20.8
6.6
125.1
17.2
32.2
19.4
33.9
10.5
21.8
2.7
30.2
39.8
16.2
61.4
27.4
19.3
3.0
14.9
34.6
13.5
12.2
44.0
28.4
47.3
18.6
48.2
38.4
29.2
121.3
25.0
25.4
8.0
55.0
14.0
44.1
26.2
35.9
6.5
69.5
8.8
36.3
34.3
62.9
39.6
11.9
18.8
62.9
14.4
11.3
3.2
4.0
39.3
14.5
41.0
11.5
3.1
42.7
18.2
34.3
19.2
35.0
15.7
8.0
20.2
8.8
39.1
32.0
11.0
17.1
10.4
40.2
24.9
25.8
117.1
13.7
45.1
17.5
16.7
23.1
1.9
2.3
7.5
13.3
16.1
13.5
68.7
29.8
62.8
33.5
7.1
33.5
15.4
33.7
22.8
34.6
38.5
5.3
40.9
2.3
64.3
3.9
80.9
29.6
5.6
47.8
40.4
21.7
39.8
11.2
28.1
26.1
17.9
33.7
6.0
26.2
27.4
30.7
15.5
32.4
15.7
20.8
14.3
39.0
34.7
31.6
27.3
57.9
8.8
108.3
16.1
40.8
30.3
22.6
16.4
29.5
12.6
15.9
12.0
29.8
7.8
30.3
22.0
5.4
23.5
35.4
6.7
69.8
17.2
38.3
28.3
14.9
26.3
14.0
8.5
71.5
13.9
19.5
21.3
79.9
51.6
8.5
71.2
22.3
65.7
31.4
10.9
20.0
16.8
15.9
23.9
70.8
23.2
66.8
88.0
11.1
78.4
12.9
27.8
19.4
10.6
18.2
4.5
14.7
6.7
60.4
15.7
39.5
125.0
26.0
7.8
17.5
24.6
14.2
23.6
34.0
21.1
90.5
4.4
46.1
11.2
20.3
25.9
9.9
19.3
37.8
27.7
22.9
43.8
14.3
78.3
27.2
10.1
37.9
30.9
31.1
32.4
24.9
57.8
10.6
30.1
11.2
31.2
24.7
78.6
13.8
69.5
18.8
57.9
48.7
29.2
30.1
2.1
4.0
16.0
10.6
16.1
39.8
5.0
45.5
13.1
37.2
13.9
49.0
5.3
11.8
9.4
26.1
30.8
44.5
19.5
12.7
27.2
12.3
50.6
15.7
80.3
30.0
31.6
34.4
19.7
13.3
62.0
25.7
35.4
27.5
31.1
12.2
62.5
2.2
49.0
38.8
13.4
12.0
27.8
15.2
39.5
10.8
35.2
10.3
75.5
11.5
14.0
17.2
41.5
32.8
65.7
20.7
20.0
15.5
32.7
15.7
14.7
22.5
57.2
50.2
23.3
50.7
41.5
28.8
33.8
29.8
11.8
24.6
35.5
10.9
43.4
6.4
26.9
9.6
67.6
16.0
19.8
69.8
6.8
31.4
21.2
23.0
18.0
61.1
23.0
27.6
31.6
6.3
21.2
14.8
31.7
65.0
35.2
54.7
31.6
12.8
32.5
26.8
24.5
17.0
7.7
19.4
45.7
10.7
61.8
25.4
76.6
22.8
18.1
35.5
9.1
11.4
53.4
5.6
34.6
24.7
78.5
14.7
32.6
4.4
67.0
4.4
31.4
3.7
113.9
135.4
9.8
27.4
39.0
55.7
30.6
7.2
1.7
75.6
5.3
37.9
25.0
90.5
4.0
20.9
9.1
13.3
21.3
42.6
23.5
33.3
64.0
33.2
52.2
11.5
77.4
25.3
27.5
1.5
37.8
15.9
35.7
12.3
6.6
28.3
21.7
65.0
8.7
32.4
40.3
49.5
3.3
35.1
15.9
61.5
35.2
16.3
23.1
48.7
17.5
76.6
17.7
31.8
14.4
32.7
15.8
20.8
22.1
65.6
10.3
35.9
43.5
30.5
51.4
38.2
8.9
50.8
61.3
21.9
43.6
15.8
96.7
22.5
22.5
22.1
15.6
8.4
12.9
23.4
30.1
7.3
28.8
15.6
48.1
42.6
12.8
41.7
3.9
14.3
20.0
43.2
12.6
24.2
20.8
23.5
15.2
81.9
3.2
46.9
31.4
58.1
75.8
8.0
20.9
50.2
7.1
10.3
46.6
38.9
31.1
106.1
3.6
105.5
13.6
71.7
24.2
27.0
25.6
4.7
19.8
17.2
41.7
30.5
14.8
47.6
9.4
46.7
24.9
8.9
25.0
49.6
9.6
8.9
57.0
26.0
19.4
39.7
8.4
64.1
2.5
45.2
9.2
65.5
23.7
11.9
6.4
38.1
29.9
15.2
35.8
39.7
53.3
13.0
6.3
26.6
25.1
7.1
54.2
12.4
35.2
44.1
36.7
33.6
22.4
17.3
42.2
5.5
23.3
3.3
49.9
12.8
18.8
7.6
74.2
39.6
59.6
23.3
14.5
29.3
57.1
14.4
33.2
29.8
15.4
25.0
23.9
45.8
14.5
19.5
9.1
32.8
14.3
53.6
16.7
47.1
47.9
12.5
5.0
7.3
29.2
55.3
37.9
30.3
7.0
28.9
29.0
35.0
6.8
46.8
7.5
45.3
13.2
22.8
13.7
37.5
4.6
14.0
5.5
131.8
2.1
28.3
11.5
36.1
22.4
33.6
91.1
38.9
19.6
26.8
20.1
6.3
34.0
41.1
28.9
19.2
76.4
10.6
18.9
30.5
61.6
42.9
12.7
39.3
42.7
8.7
23.5
43.0
6.6
44.3
18.0
16.3
18.1
18.2
39.5
6.2
70.0
74.8
76.1
4.0
11.4
3.8
6.2
7.8
57.0
14.5
28.1
25.1
55.8
8.2
22.0
20.1
35.7
21.7
6.9
41.2
37.3
12.1
36.1
32.2
13.3
70.6
15.9
29.1
10.6
17.6
31.5
28.4
32.9
17.3
9.4
30.6
8.2
22.0
19.8
49.0
20.2
44.6
18.9
75.9
17.0
2.7
24.7
41.9
21.1
19.7
13.6
59.1
4.6
4.0
12.2
50.7
27.2
38.4
8.4
17.4
21.9
40.8
34.0
24.4
39.2
8.8
21.6
7.8
8.8
62.0
34.3
17.2
42.0
38.2
28.6
28.2
81.8
10.1
70.5
7.0
24.5
17.6
11.0
16.7
19.6
12.5
9.0
26.2
28.8
21.9
32.9
59.1
7.6
16.4
27.3
44.1
3.3
5.9
10.7
76.7
7.9
17.7
17.1
26.8
18.6
35.3
0.4
6.2
19.8
22.3
10.9
6.5
104.2
16.6
19.7
18.1
40.1
9.5
7.1
27.7
28.7
33.9
56.2
5.8
16.4
7.5
33.4
31.6
54.4
5.7
0.7
48.9
21.6
30.9
47.5
17.3
7.4
17.7
33.0
8.0
80.9
32.9
49.1
9.0
36.4
30.7
7.5
31.9
13.8
3.1
17.2
55.9
13.2
36.2
4.7
35.0
10.3
59.6
35.9
35.3
39.2
7.7
26.6
63.5
40.0
16.2
35.5
25.1
17.7
32.1
76.9
11.5
38.2
3.6
15.9
88.8
20.0
14.9
16.7
21.6
21.8
24.1
20.7
34.1
16.7
7.6
22.8
32.8
62.3
22.6
8.3
55.6
13.4
99.5
16.1
10.2
19.7
33.9
33.7
19.9
29.5
58.4
32.2
12.6
14.5
75.8
41.8
22.5
21.5
19.7
53.6
16.1
12.1
20.9
27.9
25.8
6.3
112.9
19.0
24.2
12.0
42.0
30.4
84.5
38.4
31.9
10.5
3.4
13.1
24.8
41.0
18.4
1.6
53.7
3.0
27.2
19.8
32.9
35.4
15.0
42.0
9.8
41.9
7.9
25.2
17.2
51.4
4.1
44.0
6.6
30.5
22.5
83.5
17.1
21.4
9.5
54.3
12.4
19.9
44.3
87.0
21.0
8.4
14.0
53.0
49.3
5.3
8.3
9.4
39.5
18.2
62.0
13.7
52.7
30.8
37.3
7.2
52.2
16.6
20.2
24.6
17.0
22.9
11.2
22.1
35.6
23.4
61.3
11.7
20.7
20.7
58.6
49.6
49.4
9.0
9.6
33.3
9.1
44.6
39.2
12.9
6.7
38.4
16.2
41.0
17.1
31.7
20.5
35.6
23.8
62.6
11.5
25.7
45.7
10.2
82.7
13.3
41.3
8.4
3.7
26.2
22.1
34.3
36.6
21.6
27.6
28.5
6.3
18.8
62.6
27.7
4.9
36.8
16.7
6.9
50.7
16.1
43.9
14.6
14.6
14.8
18.2
17.1
59.6
26.6
40.9
10.4
65.8
18.4
17.4
18.0
35.2
13.7
15.4
36.5
5.3
35.0
22.2
5.1
81.3
52.4
37.8
6.3
8.7
44.0
11.6
19.7
18.6
71.8
23.1
30.2
23.1
57.5
17.5
50.0
31.9
31.4
18.7
49.8
15.6
42.3
7.7
11.7
41.5
1.9
29.7
86.2
14.7
24.6
12.1
32.3
10.0
55.3
19.8
13.3
37.1
28.5
15.5
34.4
31.1
85.9
4.3
19.3
1.9
23.8
21.2
9.9
19.7
29.3
31.9
64.9
21.7
48.4
12.1
54.4
14.1
45.5
21.6
3.9
21.5
5.3
41.8
44.8
16.9
52.4
29.6
79.4
17.5
29.8
84.6
20.2
22.8
15.1
27.3
16.8
33.2
19.5
39.3
16.7
68.3
6.0
58.3
22.1
50.5
29.9
7.6
50.1
29.5
9.0
70.4
1.9
12.0
28.4
15.6
6.1
34.6
17.2
36.8
48.3
23.1
90.6
8.6
25.0
20.4
63.0
8.8
31.0
11.2
56.9
4.1
35.7
9.2
37.2
45.7
54.7
13.1
16.6
10.2
109.2
43.1
32.1
26.5
52.7
2.6
42.0
63.7
5.9
4.4
10.3
26.9
2.9
32.7
9.9
3.8
5.3
34.8
7.2
6.6
15.8
18.7
36.3
6.9
72.2
0.8
39.7
4.3
19.8
35.3
55.9
16.6
45.2
7.5
2.8
24.7
50.4
106.0
9.3
23.9
31.9
41.1
30.0
43.5
12.2
79.6
15.8
25.1
26.5
59.7
26.4
21.1
9.6
27.6
17.4
89.0
37.3
10.5
18.9
30.3
11.8
40.3
7.5
39.2
8.7
14.3
42.1
45.7
22.8
25.1
42.0
13.2
42.6
68.2
29.1
6.2
42.4
52.7
14.0
19.8
25.5
49.8
28.4
28.8
12.6
0.7
38.3
23.1
61.3
30.0
14.5
27.3
52.8
35.7
15.0
27.3
65.6
21.8
23.0
1.4
21.7
23.0
20.6
52.0
19.4
16.8
3.0
7.2
18.2
46.6
31.2
52.5
8.5
10.9
27.8
27.7
12.9
23.8
19.2
53.5
38.1
48.1
4.6
59.0
21.5
63.8
8.8
36.4
46.6
46.5
6.5
18.2
32.5
1.2
89.6
5.1
59.2
21.6
30.6
42.4
48.9
26.9
79.9
14.8
8.8
6.7
35.2
34.6
39.1
1.6
23.1
12.4
23.7
17.6
28.0
9.3
25.2
9.6
67.6
27.4
27.7
4.8
7.1
37.5
21.1
21.3
25.4
46.8
39.3
5.2
33.2
34.9
57.5
20.7
8.5
12.3
107.0
29.5
55.9
4.6
113.0
12.9
26.1
18.8
33.9
13.4
30.3
23.2
53.1
32.4
43.7
3.0
52.5
24.4
27.0
34.2
24.9
3.9
14.2
14.2
11.5
12.4
15.2
58.7
5.5
6.7
12.3
18.0
46.2
37.1
11.5
22.8
32.9
52.7
19.1
11.5
24.0
34.6
1.0
67.2
5.2
71.7
19.4
19.8
80.9
8.3
48.9
24.9
33.1
13.6
54.5
19.4
35.9
9.5
23.3
5.5
17.7
25.7
41.8
61.5
8.7
25.5
41.3
24.1
29.5
34.1
16.6
40.1
5.7
15.7
70.0
11.6
41.9
29.6
39.2
6.3
54.3
15.5
35.6
36.8
7.0
26.9
33.2
9.4
65.2
3.6
3.9
37.6
42.7
19.4
35.4
4.2
48.8
23.8
47.4
30.4
58.1
33.8
79.8
21.7
62.3
9.4
55.2
20.0
42.4
9.3
50.0
13.8
27.7
35.6
17.9
9.4
33.2
19.0
55.0
38.0
25.2
29.8
47.2
0.6
87.4
4.3
6.6
29.9
64.6
45.6
17.9
25.4
170.0
22.2
20.5
17.7
30.3
26.6
47.6
12.2
26.0
1.7
23.8
46.8
10.0
8.8
24.6
21.7
15.7
19.7
12.8
60.4
5.7
5.8
41.0
13.5
8.5
29.4
6.1
75.9
1.9
45.4
27.0
28.8
47.7
5.8
14.1
23.9
29.2
37.0
25.3
90.8
52.4
35.3
23.7
22.4
6.0
16.6
34.2
1.9
78.8
10.4
40.6
22.2
31.4
45.9
15.3
28.4
6.7
51.9
33.5
22.2
24.4
25.8
29.5
11.0
57.7
34.7
18.4
32.5
6.9
5.7
38.8
60.7
12.1
2.7
5.9
4.4
19.0
21.1
19.7
45.8
4.6
30.9
34.3
60.6
39.1
35.9
6.1
27.9
86.6
8.2
38.3
40.6
12.3
23.5
17.7
2.6
54.5
0.8
35.1
3.3
69.1
93.5
12.7
30.0
39.9
43.2
45.0
30.6
14.8
67.0
20.0
31.2
6.4
37.9
14.3
9.6
5.1
34.4
15.2
58.2
23.1
20.6
31.6
46.6
8.3
70.6
24.5
45.3
20.4
16.6
26.0
29.5
39.8
25.4
25.1
16.8
65.8
43.3
62.0
6.2
8.4
31.3
95.4
17.9
5.0
7.4
42.1
2.6
7.4
20.7
23.2
57.0
7.5
9.7
61.3
33.8
4.3
27.7
23.1
25.7
30.1
13.0
18.8
10.7
36.9
2.4
41.9
14.0
50.3
17.9
69.0
17.5
64.9
16.7
19.9
15.4
47.1
6.4
28.3
6.7
49.5
18.9
55.2
31.4
35.7
41.1
23.5
6.8
60.2
43.8
32.7
3.9
27.1
13.7
102.9
23.9
37.4
25.7
19.5
38.0
21.4
9.8
22.7
71.9
20.7
52.7
19.3
48.4
19.6
13.4
33.4
20.5
46.9
37.0
12.4
15.4
46.0
77.6
33.4
23.4
9.7
13.9
11.3
125.3
21.5
9.0
35.9
29.0
32.8
25.3
1.4
47.5
9.2
75.6
15.1
30.0
40.2
41.4
26.8
20.7
9.9
14.4
24.1
28.9
25.8
13.2
10.7
92.4
13.7
36.2
28.0
35.8
17.1
19.6
11.2
46.5
53.7
19.0
6.2
16.5
77.2
23.1
7.0
23.6
21.0
27.4
33.7
18.9
21.2
21.4
7.9
24.0
20.0
27.1
17.9
52.5
26.1
73.0
9.2
8.6
30.5
32.9
19.2
50.3
15.7
66.7
12.4
21.7
36.7
15.5
16.4
43.4
1.0
29.1
75.8
7.3
65.9
21.3
18.3
45.0
37.2
16.3
1.0
48.3
18.7
31.6
3.1
68.1
24.4
46.6
11.6
56.6
2.9
43.2
23.6
36.6
35.6
16.0
35.1
7.1
5.0
32.1
22.6
10.0
68.7
11.9
30.9
10.4
85.0
15.4
54.0
6.0
36.2
26.9
64.1
5.2
41.5
4.4
46.2
19.6
11.8
53.1
3.6
7.9
14.5
5.5
42.5
20.3
30.0
13.7
5.3
33.3
64.7
8.1
28.6
45.3
25.7
39.9
3.4
48.8
33.3
53.2
10.6
90.0
10.4
12.0
28.2
20.1
42.0
10.0
17.6
44.0
8.5
77.6
11.6
15.9
22.4
20.6
7.6
23.2
18.6
3.1
13.4
14.4
90.5
19.0
56.9
39.6
70.1
32.4
1.9
29.3
33.2
31.1
41.9
33.4
18.1
47.2
12.9
47.1
24.4
59.1
17.8
18.7
31.3
48.4
40.7
42.7
18.1
9.9
16.0
41.8
17.8
17.8
49.1
23.3
29.8
25.6
7.6
10.0
70.5
12.9
41.1
21.2
42.6
30.0
16.4
25.5
4.5
58.8
21.3
7.0
56.8
8.5
29.9
32.5
21.4
36.8
13.7
32.8
23.5
36.7
12.2
43.6
27.6
49.9
44.3
3.2
38.5
10.8
33.7
16.9
32.7
17.9
49.7
3.0
79.9
19.0
26.1
46.6
8.7
71.1
9.9
49.5
36.2
36.4
4.6
25.4
22.7
40.3
17.2
10.8
24.1
25.7
15.5
5.6
26.1
58.9
33.4
24.1
60.8
3.5
51.5
11.8
4.3
16.5
39.0
10.6
32.9
44.6
50.1
32.4
9.3
35.4
6.5
15.2
49.7
58.2
15.6
13.8
19.2
58.3
29.8
35.7
6.4
60.5
24.1
10.7
20.9
37.5
20.0
42.9
56.5
26.4
7.0
1.6
34.8
63.3
29.9
4.4
2.7
10.7
36.5
60.5
17.4
89.6
12.7
43.3
15.8
53.0
15.6
35.1
25.2
10.5
23.2
23.3
97.4
3.6
38.4
21.8
18.6
29.0
3.1
49.5
51.2
7.6
3.6
24.4
33.6
31.0
2.2
52.7
11.3
33.4
21.1
37.6
29.3
38.5
9.4
45.1
25.7
71.0
36.2
24.3
50.0
11.3
47.2
11.6
22.6
6.9
25.9
21.9
29.6
11.5
20.5
40.0
21.4
30.0
5.2
1.4
23.7
12.8
18.3
34.9
34.6
35.1
5.1
5.9
84.8
21.0
24.6
24.1
29.1
9.3
23.5
3.0
21.1
30.9
31.1
48.8
8.6
46.5
17.4
41.0
36.9
24.0
21.7
41.9
10.5
41.9
14.8
3.0
11.1
17.8
15.2
53.5
23.3
83.7
15.0
34.5
36.3
57.5
11.7
9.7
17.9
23.7
17.4
27.4
11.5
15.9
19.1
46.8
58.1
23.7
95.7
18.0
59.5
19.0
46.6
42.1
10.4
30.5
49.8
16.0
23.3
36.1
15.5
5.6
30.4
17.9
18.1
57.9
13.6
10.4
3.9
19.8
15.5
32.5
20.3
40.6
27.7
10.1
67.5
11.5
30.8
8.8
46.8
29.4
5.3
22.9
47.2
31.1
6.6
20.0
12.8
17.4
41.7
6.4
13.4
60.2
12.8
15.8
9.6
51.1
18.3
23.8
23.6
43.2
9.5
15.1
44.0
7.2
29.7
15.7
73.9
23.9
51.8
21.8
7.7
5.3
9.9
34.7
54.0
20.2
42.4
5.7
84.1
9.4
23.0
25.9
38.7
17.4
2.2
34.3
17.3
47.2
5.3
27.9
27.6
78.1
19.1
24.1
12.9
76.0
10.6
38.4
24.9
33.1
44.1
5.6
26.4
22.3
14.0
1.4
8.5
46.8
27.8
47.7
30.6
44.7
10.8
57.8
17.8
15.8
39.3
27.1
26.5
18.5
62.3
16.9
54.2
12.8
16.8
33.2
39.4
37.0
21.3
19.8
5.8
58.0
12.8
44.4
47.8
13.6
17.1
23.4
7.1
74.8
34.4
14.2
44.9
28.3
31.7
13.8
62.6
51.2
7.0
35.7
36.7
15.9
12.7
29.7
19.2
16.9
24.1
9.6
66.8
40.2
79.3
3.1
9.5
38.9
125.7
6.2
37.5
22.7
58.6
16.0
23.0
22.3
31.3
17.5
54.3
8.9
29.2
41.8
56.5
27.7
19.1
53.0
6.2
1.4
12.5
13.0
37.3
1.1
40.0
36.6
15.5
51.4
41.9
10.0
68.0
13.3
29.5
38.4
48.7
22.6
21.4
66.2
5.1
57.2
31.0
21.8
28.8
21.1
41.7
21.7
9.0
38.8
13.0
27.2
84.5
11.0
43.6
28.5
5.3
59.4
16.0
46.2
14.8
36.0
16.7
29.4
8.6
26.6
20.4
82.1
30.1
16.0
36.8
45.2
14.0
62.1
11.4
16.4
13.2
17.5
16.8
22.2
20.2
62.2
31.5
49.5
37.2
45.5
50.5
8.1
18.1
11.5
15.6
39.3
35.7
36.8
45.7
18.0
12.9
28.1
57.4
23.5
5.1
23.5
25.4
66.0
14.6
110.9
13.2
17.6
4.1
19.4
22.7
29.3
35.2
17.9
30.3
10.7
87.6
26.7
29.6
20.7
53.4
27.0
18.9
23.2
36.5
15.0
43.4
14.9
64.3
1.7
12.8
12.4
47.0
6.3
53.3
15.3
41.0
13.4
7.8
33.0
35.8
24.2
6.6
8.0
21.8
5.8
89.3
25.6
7.4
61.4
30.0
48.6
34.4
45.5
3.5
35.3
15.7
35.7
25.2
27.0
33.6
41.9
23.4
29.1
10.2
43.9
13.2
5.4
24.9
29.6
20.7
38.2
17.7
56.2
29.9
34.4
19.0
3.6
70.9
16.6
28.6
11.6
4.9
48.6
14.4
49.4
25.8
48.3
16.1
47.2
22.2
62.5
24.9
4.6
41.6
31.9
22.7
54.1
22.0
10.3
15.9
73.0
27.5
57.8
7.8
77.1
21.2
29.2
7.9
36.0
25.8
12.4
62.5
6.2
34.3
32.1
100.4
15.1
13.2
19.3
90.6
14.5
24.4
26.9
48.9
16.6
9.6
23.9
42.7
7.9
23.8
44.6
10.1
15.1
45.8
14.8
68.6
9.0
87.3
18.9
76.7
10.2
24.4
22.9
8.8
129.6
8.0
51.5
13.3
17.4
20.9
28.5
43.2
36.7
25.4
57.3
39.7
44.3
37.8
53.6
36.1
15.5
14.1
33.4
5.6
39.8
24.4
47.3
18.9
53.0
10.3
71.1
9.2
28.6
9.9
42.3
23.9
8.1
25.9
25.3
14.7
47.0
8.5
36.0
31.6
32.6
29.5
12.3
21.6
39.7
12.8
49.9
20.3
12.1
57.8
65.0
7.4
39.6
17.3
72.4
8.3
3.8
25.2
39.4
6.4
3.2
28.5
6.2
46.4
24.2
50.1
13.7
25.8
36.6
25.6
18.7
50.5
4.0
21.8
6.3
5.2
3.9
24.3
91.2
1.4
44.6
30.5
4.4
30.2
55.7
30.0
86.4
24.8
50.9
29.5
22.0
3.6
12.5
3.6
22.7
0.7
25.3
21.2
12.1
76.5
36.5
51.4
8.8
48.1
19.6
13.1
32.4
112.5
21.1
37.1
18.6
38.1
51.8
37.7
47.0
14.6
74.1
9.1
22.1
0.7
8.4
12.2
27.6
22.5
16.5
7.5
67.4
13.2
57.2
27.3
42.8
28.3
25.5
10.7
9.4
14.5
22.4
24.9
25.6
32.6
19.4
10.3
24.0
6.1
48.6
19.8
26.3
20.2
74.1
7.2
55.4
21.4
40.1
20.8
9.9
38.8
16.3
27.3
19.8
29.5
17.2
12.8
18.5
41.7
3.0
41.7
34.3
37.2
53.6
26.4
1.3
44.7
12.8
39.5
39.0
41.2
26.3
38.8
6.8
53.2
17.1
44.0
10.9
47.7
52.6
14.4
7.2
31.8
27.0
15.3
78.1
7.8
31.0
37.5
26.7
33.9
11.5
5.2
26.7
11.7
27.0
7.0
44.4
9.0
35.6
35.4
28.7
11.9
40.5
4.9
4.0
25.7
49.0
5.6
5.5
14.4
98.9
8.1
17.2
34.0
14.9
22.7
0.8
4.0
36.4
10.7
53.6
6.7
12.8
35.1
24.7
5.4
49.5
24.9
1.9
36.1
23.3
39.8
18.7
9.9
28.5
43.1
4.7
27.4
42.6
45.2
29.7
3.8
26.0
6.6
24.9
28.2
35.4
28.6
75.0
20.1
7.0
31.6
62.3
27.2
13.1
77.9
19.9
37.4
19.3
18.2
11.5
59.7
10.4
67.8
19.5
29.8
57.1
16.3
24.0
41.9
17.9
21.0
8.9
39.8
29.6
19.7
10.1
25.8
30.8
58.7
12.4
46.5
49.4
67.7
37.0
45.2
15.6
28.5
0.9
12.2
17.2
27.9
37.3
32.2
35.5
20.4
20.0
50.9
1.2
31.9
3.7
45.3
21.6
45.9
8.2
75.6
31.6
39.8
16.9
15.2
56.6
4.0
42.9
16.0
78.7
9.8
38.8
27.8
56.1
13.7
16.0
25.3
28.1
22.3
40.7
26.2
10.3
16.8
34.6
13.9
7.8
18.7
25.0
63.1
14.0
28.6
14.7
41.5
69.6
33.9
3.1
26.2
9.0
1.0
49.7
7.4
65.3
11.3
34.7
1.7
9.3
10.3
4.7
61.5
10.0
2.7
15.8
22.6
14.9
29.7
20.0
31.4
14.6
10.6
28.1
4.5
41.1
35.6
24.3
10.9
31.2
8.7
67.4
14.3
47.0
26.6
7.0
34.9
42.5
16.6
45.3
12.3
23.3
53.6
22.1
4.2
8.7
78.3
4.1
34.5
37.0
13.5
25.4
17.3
3.6
40.3
7.6
45.1
16.9
31.4
40.0
15.3
8.5
31.1
32.3
40.6
57.5
6.4
66.2
19.2
15.0
25.8
46.3
13.8
21.2
19.4
9.7
81.4
44.4
8.0
47.8
71.8
23.4
37.2
2.6
56.5
26.8
20.7
21.1
37.7
4.6
38.5
17.0
7.1
18.0
5.8
5.3
4.7
29.4
26.3
41.6
8.9
53.1
7.8
61.5
39.0
5.8
15.7
11.0
21.5
20.2
21.2
16.7
17.0
12.8
21.0
13.0
16.4
103.8
17.4
37.6
33.1
59.1
19.9
4.5
31.3
15.2
24.0
45.7
6.5
101.9
8.8
9.8
23.5
18.9
11.6
14.6
21.9
46.6
34.7
7.4
17.6
35.7
10.9
14.0
14.6
49.2
24.4
37.5
25.6
71.1
19.0
33.1
28.6
22.5
26.7
30.6
17.3
28.4
6.0
6.3
53.9
9.4
43.6
23.4
61.6
13.4
60.8
8.8
32.6
22.4
50.8
16.7
9.8
46.3
20.0
22.4
32.4
16.1
77.4
3.1
45.5
26.3
29.6
20.6
10.9
9.2
12.3
101.9
10.5
44.4
12.0
98.3
21.0
31.3
26.0
3.2
58.9
19.9
49.9
30.7
13.4
68.3
39.3
72.7
15.1
29.4
76.1
26.2
24.7
20.5
30.9
26.2
18.7
17.2
51.5
12.8
9.8
29.9
21.8
43.3
23.3
23.4
34.8
7.1
23.3
21.9
1.3
63.8
6.3
41.5
24.7
67.5
14.6
59.5
5.4
31.0
16.0
46.2
32.0
43.1
3.0
22.8
3.8
17.8
26.7
8.1
37.0
4.3
42.1
28.1
45.2
53.0
9.4
29.7
93.3
8.6
22.5
8.5
57.0
23.1
46.5
55.1
12.9
13.2
34.2
2.5
27.0
9.7
7.0
4.9
45.7
7.7
6.4
14.5
19.6
17.3
7.5
3.8
39.9
9.0
16.8
74.6
7.8
53.3
18.1
32.6
27.0
7.2
14.4
30.6
12.5
12.0
32.8
55.0
32.1
47.3
1.2
148.3
7.4
47.9
24.8
46.1
16.4
16.3
12.1
13.3
40.7
18.8
63.8
6.0
53.8
20.4
47.4
38.9
14.2
31.9
56.9
16.0
28.0
8.7
29.5
26.7
34.2
15.8
40.2
41.1
54.5
21.9
3.1
39.6
46.5
14.0
20.2
19.6
14.0
22.4
21.1
69.7
11.9
47.5
19.8
20.8
13.3
53.9
20.7
18.3
33.4
8.0
40.2
13.9
29.7
58.9
1.9
128.3
10.4
19.9
22.1
64.8
17.9
6.6
7.2
44.8
12.6
22.2
40.4
22.8
46.5
40.4
9.9
37.5
11.8
6.6
35.6
27.0
17.7
27.3
58.5
23.7
43.1
3.8
69.5
8.5
48.8
21.3
11.9
19.3
1.7
79.2
5.5
7.6
31.3
49.6
43.9
41.5
24.5
13.9
12.7
8.8
30.0
32.8
7.0
63.4
2.7
56.8
28.1
52.1
10.7
15.6
20.3
23.2
26.4
15.2
38.3
43.3
25.1
5.2
3.1
32.5
10.7
48.9
18.0
25.3
27.5
54.5
9.2
20.7
31.1
61.7
22.5
5.9
23.1
83.8
32.0
28.0
22.4
162.7
20.7
20.4
8.2
15.4
57.1
12.7
65.6
18.6
61.1
8.7
8.7
25.0
15.7
22.7
35.7
22.9
57.3
17.2
15.4
16.1
6.0
14.5
62.8
6.4
6.6
16.9
41.0
31.4
36.9
32.9
11.1
43.8
8.6
13.0
55.0
10.3
57.5
2.2
13.6
6.8
21.8
8.7
25.4
19.5
28.8
32.3
36.1
41.4
31.6
21.8
57.7
3.7
60.2
13.9
40.1
21.0
25.1
4.5
105.5
93.8
42.5
54.2
16.6
26.7
7.9
12.7
31.6
32.1
7.5
31.7
55.1
5.7
27.9
37.4
25.6
25.7
7.6
50.1
39.4
39.1
5.2
22.6
23.7
5.2
62.0
7.0
3.7
34.6
26.2
51.2
14.8
53.0
25.6
59.8
14.2
48.2
14.8
49.7
15.5
14.8
43.5
14.6
34.6
28.4
12.9
61.9
11.7
2.4
16.1
37.6
23.6
15.6
24.8
23.4
21.5
9.2
9.3
25.0
35.8
63.1
1.6
73.1
13.2
27.1
30.1
26.5
63.5
8.2
18.3
50.7
16.4
3.3
29.5
6.6
56.5
8.4
1.4
20.8
53.8
17.6
10.7
20.2
36.0
12.2
11.5
16.1
67.6
7.8
6.4
34.6
20.3
31.2
32.3
9.5
28.8
0.9
29.8
52.6
17.4
105.5
15.6
22.1
8.9
45.7
20.4
26.7
20.7
17.5
14.7
28.6
28.7
5.3
22.5
57.5
1.4
6.0
7.4
37.7
24.0
56.6
12.4
25.7
14.3
8.4
39.2
5.2
74.1
11.2
65.0
31.0
64.9
24.6
55.6
8.8
53.6
2.8
8.0
49.0
72.7
7.1
2.6
9.3
4.6
27.9
27.0
18.0
47.3
3.4
28.7
27.0
64.4
46.0
47.2
17.4
11.7
49.4
68.2
9.3
32.3
42.3
4.0
34.7
7.1
33.9
33.8
3.1
18.2
15.2
86.1
22.6
10.1
38.7
14.2
35.1
42.0
27.7
65.9
10.4
27.1
4.2
68.1
35.7
15.6
14.9
25.7
21.5
83.8
8.3
61.9
13.4
13.0
31.8
17.8
43.3
32.8
25.8
39.8
15.6
33.0
32.2
36.0
11.9
53.4
33.6
53.9
7.6
20.2
29.0
87.2
12.2
4.9
15.7
30.1
3.0
7.7
63.7
18.8
32.3
11.4
28.9
12.5
49.6
21.5
49.1
25.4
30.1
36.3
6.5
15.4
56.1
7.0
79.8
0.4
42.9
22.5
113.5
30.4
26.2
13.2
93.1
26.7
19.0
30.1
12.9
14.7
5.6
16.0
37.0
23.2
108.2
23.6
49.4
21.7
36.5
47.8
1.1
41.9
12.4
32.9
22.3
79.4
23.4
32.2
13.9
9.0
25.0
11.9
37.9
27.5
60.5
27.5
40.1
12.3
48.8
17.4
14.2
6.3
18.2
22.0
27.6
28.3
26.7
22.8
5.7
56.5
14.7
61.3
14.1
81.2
5.9
25.9
6.8
23.3
26.7
28.5
24.6
9.5
32.2
4.4
60.8
5.7
11.5
12.6
16.1
36.6
24.4
22.9
10.1
13.3
55.3
18.2
75.6
6.4
29.6
43.0
8.5
20.7
49.5
55.9
17.8
20.8
2.9
14.0
61.0
25.6
7.1
11.8
88.7
20.1
15.4
30.8
31.2
23.8
29.9
17.2
24.9
25.9
11.8
31.1
5.0
30.1
24.7
34.1
14.7
43.0
13.6
43.8
24.1
17.5
41.7
27.6
27.0
13.7
20.1
75.4
20.5
94.2
1.9
71.0
3.7
37.9
10.6
16.8
11.5
31.2
22.4
20.8
75.1
44.7
2.3
30.0
60.5
71.7
0.9
39.9
22.4
20.2
34.0
12.9
38.3
6.5
17.7
52.3
8.5
45.5
4.3
40.9
11.1
1.0
42.3
6.8
22.3
11.7
45.4
10.2
32.5
11.2
85.0
8.3
45.2
6.7
36.0
39.4
3.7
29.1
21.6
57.7
35.6
33.2
3.4
92.4
16.4
23.1
21.5
45.6
17.0
28.8
9.7
11.2
17.9
30.4
35.1
12.0
20.7
99.4
27.6
46.5
21.6
33.7
36.1
8.1
11.2
45.8
17.7
6.5
14.0
23.5
54.3
16.0
50.2
30.5
15.5
30.1
25.4
18.3
26.7
26.4
29.6
6.5
33.4
3.3
18.8
8.8
75.3
11.3
50.1
30.4
90.1
43.7
3.4
31.7
27.5
23.7
40.4
39.2
11.7
63.8
10.0
12.4
28.2
45.5
26.4
30.4
25.6
47.5
19.4
28.2
23.5
12.1
25.5
53.3
13.7
58.0
23.1
46.6
14.5
22.7
5.1
23.5
35.0
36.2
12.8
28.5
32.1
47.0
27.0
77.5
16.6
49.3
4.4
45.0
14.8
56.3
24.8
19.8
30.3
14.6
15.9
15.7
20.2
44.1
17.6
25.8
16.8
54.3
27.4
45.5
32.0
7.2
54.6
10.7
49.1
20.7
47.2
6.9
44.4
1.6
93.4
16.2
32.5
29.9
31.3
54.1
9.7
53.5
27.8
5.3
21.9
30.4
52.4
64.1
11.8
13.8
25.8
23.9
35.4
36.5
22.0
12.4
60.4
15.9
66.0
15.7
3.5
15.7
7.9
21.5
43.0
48.1
35.0
60.4
12.4
90.6
14.0
5.7
31.5
19.5
52.1
9.6
57.5
40.4
40.8
19.2
45.0
8.8
65.4
8.4
22.3
33.8
20.7
36.7
47.9
18.3
4.7
47.7
28.2
20.6
67.1
9.1
0.7
52.0
24.2
2.4
20.7
59.7
23.4
18.4
36.3
30.2
8.9
73.5
24.5
32.6
59.8
7.2
22.3
7.7
50.6
18.8
12.0
62.4
44.5
17.7
46.9
9.7
62.8
50.7
9.5
35.1
10.9
84.6
15.7
14.4
34.0
32.6
39.5
54.5
29.6
21.1
20.6
25.9
14.3
43.5
7.4
36.7
9.6
23.4
5.2
33.2
28.0
37.7
6.2
20.2
37.5
22.1
33.4
6.3
1.8
13.7
57.1
10.0
60.5
3.6
40.0
3.7
10.3
53.1
43.9
19.5
30.8
11.3
20.5
22.3
5.5
17.8
30.2
15.3
68.8
7.7
50.5
14.7
65.6
25.6
10.0
23.6
40.4
27.0
42.7
1.4
3.5
43.6
15.9
20.2
28.1
32.9
46.5
40.5
25.9
96.4
13.4
39.0
5.2
71.6
12.9
46.6
16.2
4.0
12.0
13.1
33.5
41.0
29.3
102.2
26.2
51.0
26.1
26.8
34.6
17.0
26.1
50.7
24.0
29.5
20.0
9.8
34.2
20.0
50.9
15.9
12.1
17.4
86.8
6.1
60.9
13.1
59.6
19.2
9.8
32.7
15.5
10.2
41.2
8.1
21.7
27.6
67.5
11.8
31.7
3.1
66.5
1.6
36.0
20.2
23.9
50.8
15.3
8.0
32.0
73.3
34.6
28.9
4.2
98.7
7.4
26.6
32.7
45.1
16.2
14.1
5.7
8.8
35.4
13.7
39.3
20.5
42.1
29.9
8.1
4.2
10.8
28.5
46.2
21.2
29.7
11.2
89.8
106.0
25.7
50.6
8.6
104.1
5.1
8.1
26.4
5.1
40.6
11.0
38.3
29.7
7.4
20.3
16.6
12.1
9.3
69.1
13.3
51.1
6.0
49.2
38.9
4.0
32.9
39.7
24.4
2.1
14.8
25.1
15.7
30.0
38.2
25.9
12.4
37.1
43.3
16.5
41.6
10.1
78.5
16.0
41.7
18.4
9.2
11.0
25.4
19.7
44.9
31.8
37.9
23.7
23.7
18.1
63.2
11.9
47.4
35.9
16.0
12.9
28.9
10.1
99.6
16.0
26.2
24.4
17.9
28.4
15.9
11.5
8.2
33.5
4.2
38.5
19.8
99.9
13.5
26.2
19.6
16.6
44.1
25.8
11.9
33.0
26.6
5.2
13.7
51.3
31.9
16.8
10.7
40.9
8.2
54.2
43.0
10.7
97.2
12.2
54.9
11.5
43.6
3.0
34.6
11.9
13.9
27.7
23.0
52.9
2.4
18.0
27.2
40.5
19.5
29.3
34.0
13.8
42.3
34.3
3.3
77.3
18.0
32.5
4.1
27.3
44.2
21.9
24.7
32.1
5.0
19.5
30.4
12.8
44.9
14.8
68.0
7.3
23.9
87.0
3.4
40.6
29.5
24.0
37.7
10.5
11.3
33.3
29.4
54.0
26.5
19.1
20.6
93.3
6.1
52.9
9.1
86.2
20.2
42.9
73.0
12.8
22.1
14.2
34.0
10.9
38.2
22.8
40.2
21.9
54.4
49.5
36.8
31.5
62.2
14.1
67.4
12.4
20.4
15.5
34.3
30.2
34.5
58.5
18.2
18.5
28.4
69.9
22.6
5.1
25.2
25.1
11.3
12.4
115.7
16.1
46.8
20.1
15.0
27.4
2.3
24.6
72.7
32.2
14.8
48.3
6.5
62.2
5.5
57.2
3.8
58.0
25.5
35.2
39.9
30.5
12.9
22.5
3.6
19.1
28.6
38.7
3.7
46.7
31.1
46.2
31.6
12.7
22.7
30.7
3.8
7.3
23.6
22.6
79.8
11.5
18.6
77.7
34.9
40.3
29.6
40.4
5.4
33.5
21.8
46.5
24.5
31.8
28.1
47.6
32.6
33.6
12.7
39.2
27.2
33.1
27.9
17.3
32.2
19.9
35.8
24.2
45.4
20.4
68.2
8.4
13.7
40.6
20.6
37.9
31.3
24.0
12.1
36.1
31.9
18.5
15.2
9.2
57.6
14.5
72.4
18.9
11.7
27.4
11.3
53.1
25.9
65.5
5.3
33.8
24.5
56.1
40.6
19.4
24.1
16.1
11.3
10.3
64.4
16.3
64.3
5.0
23.2
56.3
11.8
17.8
23.8
102.5
17.3
20.2
21.7
41.1
15.5
8.9
23.8
13.4
61.0
20.5
79.3
6.3
57.4
38.9
17.2
26.8
30.6
83.9
30.9
13.2
23.6
16.4
49.9
13.5
61.8
4.9
49.0
4.1
10.4
21.9
46.4
55.0
24.1
13.9
48.9
32.3
14.4
28.7
12.6
28.5
9.7
27.5
16.1
27.4
28.0
45.4
5.8
25.3
54.2
63.2
34.9
21.5
55.1
8.7
39.0
26.9
7.5
30.1
12.8
8.3
34.4
10.2
32.1
27.4
40.3
34.8
12.7
12.9
35.3
38.5
29.0
31.1
1.3
87.8
7.3
33.6
27.0
32.4
54.7
7.3
0.6
50.8
18.5
25.9
2.8
36.6
9.1
80.9
36.3
33.5
10.8
13.7
21.3
7.7
17.9
52.2
30.4
16.4
20.4
4.0
3.2
12.2
20.4
56.2
0.8
14.9
14.4
10.7
46.3
12.8
68.6
20.8
19.5
103.6
15.0
11.2
16.4
55.9
25.7
92.0
22.8
29.5
10.9
55.9
31.9
54.2
12.2
84.7
24.6
6.4
25.1
95.2
8.9
44.9
18.6
23.4
31.8
27.0
28.9
17.2
25.0
26.6
6.2
13.3
7.3
8.8
10.2
3.1
32.1
29.2
14.7
30.2
9.2
40.2
22.1
36.5
23.4
61.9
4.7
31.3
7.9
31.5
26.7
10.4
26.4
27.7
19.5
38.2
48.2
5.6
44.6
29.3
65.6
8.1
23.2
17.5
22.5
4.5
18.6
39.1
13.5
46.9
24.5
40.0
17.8
9.6
15.8
35.8
8.7
47.2
45.6
42.5
52.6
29.9
0.9
15.4
49.8
3.1
38.5
6.4
60.2
35.1
28.4
47.4
52.8
18.3
24.4
18.3
48.1
6.9
21.6
14.6
21.3
7.1
112.6
10.3
59.6
26.9
77.5
31.4
7.4
17.5
36.7
19.5
13.6
6.3
10.2
36.3
22.8
17.8
12.3
52.2
29.0
10.6
22.8
90.1
26.5
13.2
2.9
36.1
29.0
21.1
12.9
38.9
14.9
24.4
0.6
3.4
35.5
6.5
47.1
5.0
17.3
22.8
36.9
38.6
17.8
7.2
28.6
24.6
53.3
15.0
28.1
7.4
31.1
15.9
12.5
44.4
25.2
11.3
25.6
1.4
23.4
7.6
49.9
13.4
4.7
25.5
18.3
28.8
54.3
21.9
48.9
38.3
43.6
69.4
6.7
45.0
23.2
6.5
3.2
32.7
15.3
22.9
17.5
10.2
32.7
20.3
36.8
49.9
33.8
3.5
9.3
26.1
36.6
4.9
69.4
7.2
49.7
37.4
55.4
37.2
35.6
17.8
36.3
1.1
16.0
36.4
20.9
41.1
19.7
34.7
18.9
45.0
44.3
19.1
11.4
26.5
9.8
51.4
38.2
7.7
36.9
20.2
40.8
44.7
12.7
24.7
15.8
85.6
16.9
51.4
21.1
68.9
8.3
17.1
19.5
11.6
41.3
14.2
35.1
14.7
3.7
14.5
61.4
18.1
57.5
3.1
28.2
22.0
6.5
11.4
35.0
34.3
49.9
31.3
1.9
31.0
19.6
1.6
51.6
4.5
58.3
8.7
32.9
7.5
13.7
5.2
40.5
14.2
10.4
15.2
55.4
9.5
68.5
26.0
9.3
21.5
22.9
28.8
23.4
7.6
25.8
17.1
25.8
21.1
13.4
29.4
32.5
23.8
45.4
14.1
42.1
35.9
62.3
6.5
20.4
35.7
6.3
8.6
55.5
6.9
23.1
33.0
19.6
8.0
37.0
33.0
44.8
32.2
37.1
15.4
48.5
34.0
7.0
9.5
27.0
35.9
42.0
50.1
4.1
56.1
14.6
17.7
35.0
54.6
15.2
20.7
17.4
16.7
29.7
52.6
86.5
3.8
33.2
31.6
39.5
22.6
23.6
10.1
48.4
3.7
44.2
29.7
42.0
39.9
8.9
24.0
21.5
20.9
63.2
6.0
18.1
16.8
18.7
4.7
59.9
12.2
140.8
27.0
8.3
54.2
9.9
6.1
17.4
24.9
5.7
21.8
17.1
19.9
15.1
12.7
37.6
7.6
11.2
25.9
52.9
16.2
5.7
32.1
30.5
49.2
6.0
101.1
8.5
10.8
23.2
40.0
13.4
20.9
21.1
11.8
32.8
5.0
61.0
7.7
51.6
23.4
71.2
53.6
24.2
19.0
24.4
22.9
29.8
36.8
16.6
39.2
54.6
3.8
21.3
17.8
29.2
9.6
44.7
2.0
46.2
30.2
52.3
20.7
57.1
24.0
6.7
34.8
24.5
34.8
15.5
29.9
12.7
3.9
12.6
51.6
15.0
17.5
30.2
1.3
26.2
4.8
6.0
7.7
39.8
27.0
24.7
28.1
47.6
13.5
14.9
20.4
55.3
14.0
4.4
44.2
60.1
38.6
31.6
12.1
109.8
55.1
21.4
4.8
13.8
34.3
32.4
30.0
13.5
30.9
9.9
64.8
36.2
53.0
44.5
21.9
21.1
36.1
22.4
8.0
18.9
47.8
8.9
46.9
6.4
90.2
31.0
1.0
26.8
7.1
40.9
28.3
160.0
8.4
16.1
15.6
45.8
18.8
32.0
30.7
52.2
50.5
10.6
7.8
42.6
22.6
42.2
17.0
4.1
42.5
57.1
24.4
82.0
6.0
62.7
9.3
7.3
11.1
42.7
19.1
34.3
40.2
21.0
70.9
4.6
44.9
10.3
2.1
34.8
5.1
3.1
48.9
35.6
14.3
2.7
14.7
42.1
41.7
6.3
8.6
6.5
19.6
19.3
93.5
75.0
41.0
15.7
58.6
1.1
2.9
32.6
12.4
19.7
20.9
56.5
24.2
24.4
13.0
5.7
10.1
18.1
44.7
88.8
27.9
35.5
2.8
51.8
43.8
17.6
38.3
34.5
23.4
40.9
28.9
13.0
80.2
17.2
31.0
7.2
29.8
33.0
8.8
17.7
23.6
28.4
20.6
51.4
29.5
39.6
38.7
10.6
33.1
28.2
5.4
4.3
6.6
26.8
25.6
44.1
29.3
20.5
27.2
27.2
25.9
23.3
22.4
13.5
87.3
5.8
69.1
8.8
63.9
23.0
1.5
68.0
13.4
16.7
19.3
45.4
15.5
15.5
38.3
46.1
20.0
64.0
53.6
4.6
29.2
10.7
74.1
9.5
3.8
22.4
19.5
11.2
13.1
20.0
73.4
25.7
12.2
23.2
103.3
33.3
26.6
4.1
20.2
0.9
33.4
12.4
24.4
53.6
18.0
15.5
27.3
14.0
47.9
71.5
9.1
45.3
18.8
32.4
0.3
64.1
4.8
66.8
18.4
13.0
34.5
4.3
14.2
26.5
62.0
31.3
5.3
20.1
14.4
22.9
50.4
18.5
23.7
55.7
11.4
41.0
5.0
40.6
30.2
30.3
4.3
52.2
13.8
32.5
38.0
5.7
90.5
8.5
19.4
7.3
59.6
12.7
26.0
47.9
78.4
23.6
18.2
3.7
57.5
22.7
27.6
17.2
13.3
5.9
17.2
19.0
15.5
45.4
32.1
53.1
6.1
7.0
14.0
27.9
31.8
21.3
6.3
86.2
11.3
74.3
5.5
44.1
38.3
16.1
23.3
10.1
16.7
14.3
13.4
15.7
26.5
25.3
14.4
9.8
42.9
16.9
51.8
13.3
11.8
11.6
27.9
24.5
24.6
9.4
85.8
14.9
50.9
29.1
66.4
7.5
18.3
13.3
79.8
12.3
6.6
9.0
24.0
3.3
27.3
89.7
18.1
10.0
24.5
19.6
12.1
3.6
11.9
20.2
27.6
15.9
118.4
2.2
11.1
12.4
29.5
21.7
81.6
32.9
29.1
6.5
57.3
51.1
41.0
35.0
26.2
11.4
12.3
6.7
26.5
23.4
11.3
57.4
42.2
24.0
48.2
97.0
2.4
50.5
6.9
43.0
13.4
17.1
31.9
73.9
7.1
4.1
79.1
4.0
66.1
34.7
21.4
30.7
13.5
16.0
95.1
5.5
18.1
36.6
22.5
25.1
73.1
3.4
36.2
3.5
9.2
38.3
11.7
12.9
20.3
267.2
17.4
32.7
35.4
9.1
28.5
24.4
11.9
41.0
9.3
77.6
1.7
45.8
23.9
32.9
47.6
5.9
14.7
19.9
25.2
33.0
24.1
42.7
64.8
33.0
24.0
22.7
5.7
23.4
44.9
2.9
62.2
6.6
15.8
19.1
32.0
45.9
17.7
4.7
41.8
30.2
33.0
15.4
50.1
42.2
29.4
46.9
39.5
5.2
24.3
7.0
38.7
17.7
19.4
3.2
22.5
67.8
29.0
15.9
21.4
42.0
2.2
38.0
19.2
60.3
29.6
30.8
6.5
31.4
14.3
80.5
6.2
33.3
37.2
11.0
29.7
24.6
13.2
70.4
0.6
38.6
4.6
92.9
68.2
23.3
30.3
32.1
40.2
26.1
12.6
80.3
20.1
31.7
6.5
47.9
21.8
10.8
7.9
72.6
13.8
80.9
33.7
36.0
39.3
20.1
1.6
64.6
19.2
30.2
15.6
47.6
41.5
17.8
23.8
28.1
32.0
15.4
96.6
31.6
33.5
10.3
35.9
27.4
41.9
3.6
4.3
8.9
20.5
5.6
13.6
44.1
32.8
22.5
17.9
29.2
26.1
9.5
7.6
18.3
64.5
6.4
49.2
14.3
92.2
23.6
8.6
72.4
0.5
50.4
18.9
32.2
19.7
31.2
23.9
43.8
17.0
20.1
27.3
19.5
32.6
11.6
34.7
38.0
14.6
38.8
38.5
34.2
18.3
106.1
25.4
1.6
14.3
64.2
13.5
18.1
14.9
29.9
5.3
93.2
5.4
45.7
32.0
93.0
27.2
15.2
21.8
15.9
19.8
12.8
8.5
36.5
31.2
9.4
31.7
5.3
65.8
14.1
47.1
4.4
56.3
9.2
37.6
6.0
37.7
29.2
10.6
38.3
20.5
36.6
23.8
34.5
3.0
82.5
43.4
18.5
12.4
45.1
38.5
33.5
21.6
88.3
8.4
8.5
13.9
27.0
21.5
39.1
23.5
2.2
58.3
14.6
64.5
29.8
52.7
28.5
49.7
5.5
16.8
33.2
15.2
6.2
10.4
58.6
17.6
35.0
31.1
28.5
85.8
9.9
13.4
9.4
17.5
37.3
11.0
19.5
38.0
19.9
33.8
42.7
6.8
18.7
60.1
13.8
59.7
15.2
54.5
11.3
22.9
16.6
59.1
2.7
121.0
3.1
15.5
23.3
26.3
13.3
27.4
14.5
40.7
13.5
2.4
23.4
7.6
26.7
1.3
40.0
39.6
21.1
45.2
13.2
82.3
2.1
35.2
24.1
41.3
15.2
5.1
6.6
8.9
11.1
44.1
14.0
25.5
32.1
6.5
21.6
39.3
21.7
26.3
26.2
12.8
26.8
53.8
35.5
59.8
7.6
50.0
6.0
23.8
12.1
56.5
47.0
33.2
13.4
88.0
13.0
18.5
35.0
5.3
38.6
26.2
47.1
9.4
22.8
16.8
45.0
17.5
34.7
29.6
59.3
30.6
20.7
25.5
56.7
6.8
4.0
26.8
47.0
15.3
18.3
56.6
8.4
4.5
46.4
21.6
40.8
8.8
23.9
18.5
4.0
24.4
3.3
54.6
3.7
68.2
29.9
49.9
62.1
18.6
22.9
26.5
39.4
33.2
11.5
14.3
12.8
15.1
69.1
21.4
52.1
69.8
14.9
13.7
29.4
82.2
4.2
39.6
33.6
16.4
87.8
33.1
10.8
9.2
44.7
7.2
27.0
38.5
71.1
31.3
28.2
23.9
46.1
19.9
37.2
17.9
14.4
61.7
33.9
30.4
23.1
17.1
30.0
11.2
22.4
11.5
22.2
30.6
31.6
35.2
14.0
83.7
10.7
52.8
38.6
87.2
32.9
7.2
38.1
13.0
13.3
41.7
17.4
24.4
15.8
5.5
29.5
57.5
24.2
22.6
30.2
50.7
11.0
2.4
9.4
85.1
19.0
67.9
17.7
66.2
103.8
9.5
11.0
64.7
27.1
25.8
12.0
48.1
8.8
7.2
5.1
26.3
44.2
41.6
18.9
16.9
33.5
65.4
17.4
42.5
20.6
19.8
64.6
26.4
25.1
17.0
23.3
65.6
13.8
41.2
96.4
14.3
45.5
14.2
4.8
29.3
9.8
26.7
15.5
21.1
27.9
4.5
44.4
28.5
25.2
25.5
17.1
2.3
20.5
44.6
19.5
11.5
13.2
50.2
13.9
56.1
11.7
41.1
47.9
30.5
60.9
23.0
28.5
8.0
13.9
12.0
32.1
28.9
16.8
37.3
21.4
21.1
85.6
13.1
58.4
11.4
25.8
23.1
83.8
25.3
31.4
15.6
105.1
15.6
52.6
45.8
50.4
19.2
15.9
22.4
26.6
39.2
17.3
34.9
6.3
74.9
7.9
30.4
33.9
78.9
41.1
13.5
20.2
70.5
15.5
14.9
3.2
6.8
24.6
24.9
17.4
23.4
20.8
7.6
20.4
43.6
23.4
42.3
17.0
26.2
4.1
33.5
5.9
16.9
85.3
12.6
20.3
21.8
87.4
3.2
50.4
16.6
24.9
37.8
7.5
40.7
31.8
10.6
3.8
11.9
21.0
23.2
81.2
19.0
37.9
32.2
19.1
36.5
22.9
17.8
12.8
22.9
20.7
30.8
55.4
5.6
5.1
8.6
33.6
53.5
37.9
54.2
8.6
65.7
33.2
30.9
33.1
62.5
31.3
45.9
17.8
64.6
11.6
38.9
25.8
11.5
9.3
36.9
16.6
33.2
37.7
15.4
32.7
19.2
26.5
61.8
17.9
40.9
45.7
17.0
44.5
12.7
30.8
21.6
25.9
9.7
26.8
8.1
48.6
6.5
62.0
16.3
13.5
18.6
3.1
72.2
12.1
44.7
24.9
47.8
29.8
9.4
16.4
51.8
23.4
23.6
12.8
14.3
29.7
39.9
5.3
34.0
21.3
51.9
55.7
21.3
40.6
5.6
11.3
12.2
35.4
13.2
44.6
25.0
50.3
11.9
46.7
18.7
33.5
15.9
14.0
9.5
3.8
9.6
15.6
55.2
17.4
37.8
68.4
8.5
27.7
21.2
8.3
21.0
17.9
51.6
30.2
6.2
79.3
5.7
47.7
21.6
43.7
30.9
17.6
30.6
23.1
60.1
16.3
46.1
22.6
50.1
49.5
16.1
28.4
43.7
14.6
44.0
1.9
52.5
15.3
13.5
53.4
30.6
16.9
53.3
62.1
19.9
60.7
10.5
58.2
33.9
20.1
19.9
37.8
5.0
43.9
7.7
37.1
12.4
40.0
11.3
20.8
19.7
18.0
6.8
27.6
66.8
31.3
8.3
15.8
46.4
16.5
48.3
14.5
22.5
66.6
33.7
2.1
11.2
111.1
35.2
40.0
7.3
51.7
16.2
30.3
21.7
0.7
25.3
39.3
28.4
20.3
13.0
18.9
17.5
13.7
9.4
58.0
20.1
57.2
8.4
14.7
17.1
29.3
102.3
20.4
15.4
9.4
24.5
18.3
21.0
54.2
18.0
31.7
63.8
16.6
55.5
11.8
18.4
46.5
36.6
24.5
22.3
12.9
53.7
1.8
19.4
23.6
63.8
8.8
43.5
14.5
31.6
95.4
18.1
37.9
101.6
5.5
40.8
27.2
20.6
49.0
7.9
6.0
39.8
20.7
30.6
25.1
36.0
52.0
4.6
29.3
18.9
51.6
12.1
24.7
25.1
46.5
24.2
43.7
31.5
52.1
28.1
16.6
40.4
6.8
50.9
25.6
23.2
35.8
68.8
28.6
30.2
14.5
69.4
49.1
21.2
21.0
25.0
60.2
8.2
8.4
40.1
37.7
35.8
36.8
5.9
116.9
14.4
31.9
19.5
73.5
3.8
20.3
19.7
4.1
23.1
11.9
66.0
9.8
48.6
25.6
84.4
34.4
29.2
31.5
68.3
14.9
2.2
19.8
36.1
52.7
12.2
9.2
43.5
43.3
47.5
3.6
16.0
21.5
31.3
1.5
32.6
13.7
105.6
28.5
19.9
73.5
18.0
39.9
28.7
29.6
9.9
28.8
15.6
14.4
27.0
26.7
40.9
3.9
19.1
4.1
30.3
42.3
11.5
26.8
53.7
65.0
39.9
40.9
5.9
62.1
11.6
20.0
29.0
76.1
29.1
15.0
20.0
12.1
37.4
7.1
80.2
9.8
36.9
50.3
21.4
19.5
15.5
9.0
40.5
1.7
58.1
6.1
97.6
2.0
28.9
40.3
8.0
13.2
19.0
37.3
22.2
89.4
9.2
31.5
12.0
67.7
13.9
27.4
32.7
11.6
52.6
7.8
17.6
18.4
8.4
18.6
9.9
40.3
26.1
30.8
25.1
39.5
15.6
16.3
30.5
44.5
22.4
50.0
16.4
21.0
51.9
9.5
61.8
4.0
59.2
19.3
60.2
12.3
23.7
24.9
10.6
9.6
9.5
49.6
10.0
23.8
25.1
39.7
30.8
26.7
36.8
29.7
24.0
24.9
15.2
23.5
10.2
23.0
34.4
22.9
16.2
15.0
35.0
16.5
87.6
7.6
80.4
1.1
22.6
5.7
53.7
22.8
4.8
12.9
32.2
20.2
80.5
35.7
41.5
30.4
25.3
30.5
4.1
30.8
26.0
3.3
40.6
16.4
9.9
57.5
49.3
8.3
38.3
20.4
69.7
8.8
3.9
22.8
51.4
9.8
4.4
30.5
6.0
46.4
21.9
13.6
15.9
30.2
26.9
24.8
73.8
13.0
23.0
4.9
4.1
24.2
7.4
83.9
0.7
25.5
16.9
22.5
46.8
30.6
26.6
69.3
11.5
26.2
12.8
42.4
6.0
8.7
6.1
29.7
87.7
34.2
33.2
1.0
37.1
30.2
47.1
7.7
35.6
38.4
39.1
18.7
6.2
4.8
67.4
12.1
28.3
8.0
25.4
23.4
21.1
8.4
29.2
3.3
7.7
8.2
9.9
37.1
30.8
27.5
17.1
43.4
19.3
11.2
10.7
53.7
22.3
43.4
5.0
60.0
16.5
22.2
19.9
22.7
7.6
61.8
10.6
50.8
9.4
29.2
33.8
23.7
41.3
33.2
17.2
16.1
18.8
12.0
21.3
31.3
34.6
27.4
13.6
44.8
25.5
8.3
39.4
16.1
76.5
10.7
43.2
20.5
13.5
5.9
5.8
21.8
35.5
32.9
50.7
21.8
33.5
36.8
51.5
16.3
31.8
35.5
19.1
20.1
34.2
3.6
49.8
54.4
31.4
23.9
14.5
40.6
15.7
33.0
10.2
72.4
20.7
35.3
9.0
52.9
27.5
4.3
23.9
8.2
26.3
22.4
25.1
8.5
31.7
13.0
52.6
29.8
58.3
4.3
51.3
15.0
36.2
32.6
11.4
36.3
20.1
1.8
5.6
20.9
2.4
80.3
6.2
27.2
47.1
8.8
18.8
19.5
7.9
12.2
54.0
29.9
21.2
24.2
126.6
15.6
9.8
6.6
31.6
29.7
16.7
4.5
59.0
1.4
34.3
23.0
7.2
29.4
38.7
5.8
24.1
21.2
39.9
7.7
51.0
25.1
61.8
20.2
21.4
22.8
28.6
24.3
59.3
3.6
17.2
69.2
8.5
13.5
7.8
58.3
9.2
41.3
38.5
57.2
11.8
6.1
20.7
33.0
1.7
30.2
25.9
18.7
51.0
19.9
31.2
28.5
45.0
23.9
5.8
7.7
44.5
8.6
32.9
16.5
27.7
21.0
32.8
17.5
7.7
12.5
33.7
29.1
29.7
106.7
22.3
17.1
64.9
8.3
82.7
11.9
18.9
31.4
13.2
44.2
20.0
6.6
33.5
29.4
15.5
22.9
51.8
32.2
18.1
11.2
14.3
2.0
28.8
16.5
50.5
48.9
6.6
15.0
72.7
7.1
30.7
15.2
7.2
17.6
40.1
3.9
31.5
16.9
0.7
2.7
45.6
22.4
105.6
2.2
3.8
9.9
5.6
33.2
35.8
2.9
8.0
30.0
23.1
25.2
42.9
16.1
60.3
9.2
30.8
14.9
48.2
2.4
41.8
14.5
40.5
30.1
23.4
16.0
39.0
25.8
17.6
10.1
74.6
43.7
37.3
5.0
27.7
32.7
37.5
5.0
12.6
29.6
35.1
18.1
34.0
24.6
27.4
20.9
44.7
7.6
65.4
15.5
27.5
19.9
8.5
50.2
5.7
50.7
15.4
25.0
24.9
32.5
14.3
29.8
17.3
38.6
36.1
11.7
18.7
69.0
5.4
52.3
31.6
43.9
10.3
57.0
3.3
38.1
22.7
13.9
27.6
19.5
25.9
45.2
13.8
18.0
30.1
9.1
60.7
38.8
11.7
5.9
38.5
24.0
25.8
54.1
24.5
23.9
15.0
98.1
25.5
40.8
70.4
14.9
17.1
5.5
17.7
14.6
22.4
25.1
30.6
5.5
40.7
19.4
36.4
29.5
32.3
33.9
8.9
22.2
49.0
17.2
28.1
63.5
6.8
53.2
2.9
14.4
27.2
35.0
14.0
34.9
13.9
36.8
27.5
2.5
29.5
13.0
36.0
37.3
21.4
109.1
14.9
8.8
12.1
66.0
18.5
61.2
16.6
26.9
44.9
18.9
32.1
15.5
12.0
11.1
45.2
1.0
6.9
33.6
77.1
20.3
58.5
26.6
11.9
27.4
29.0
10.3
27.4
38.7
47.7
40.2
12.6
33.0
80.7
3.0
61.7
16.4
34.0
32.3
12.7
49.0
5.5
1.5
15.1
24.0
15.6
105.4
15.0
38.1
26.0
38.2
4.3
18.5
20.7
35.9
83.6
12.9
54.5
25.5
49.1
24.2
6.1
7.9
22.2
38.7
14.1
31.4
19.7
18.2
24.6
23.6
26.7
68.4
10.8
52.2
35.5
26.6
26.3
25.3
42.7
7.4
64.7
4.3
43.0
8.9
34.3
21.5
95.4
9.2
14.2
18.0
50.7
16.5
21.7
22.9
26.0
48.3
5.9
8.8
37.9
9.8
12.2
40.7
6.9
73.9
42.1
7.1
29.5
8.8
30.1
48.0
21.6
45.2
26.6
30.9
15.8
37.8
27.3
54.8
26.6
9.7
3.2
37.0
11.9
3.9
33.9
9.2
18.1
1.7
35.7
6.7
97.5
6.4
45.5
3.2
69.3
0.4
16.5
24.4
98.5
37.3
23.3
50.8
4.2
3.1
37.6
19.3
17.4
19.0
47.1
20.0
31.4
19.5
6.3
10.0
24.8
40.7
66.1
29.3
29.0
5.7
66.8
30.7
30.5
50.1
10.6
21.7
9.2
24.3
20.6
57.7
15.0
52.1
7.2
39.8
29.9
10.9
25.5
23.0
24.8
23.8
15.5
65.5
20.1
102.6
6.7
35.0
25.0
69.0
11.6
41.4
3.1
24.1
17.7
35.1
3.2
31.2
25.1
35.3
38.9
14.5
64.2
8.6
77.6
8.1
47.4
12.6
52.1
10.7
2.6
69.1
7.3
12.4
11.6
39.4
14.9
18.5
53.4
51.7
16.8
46.6
48.1
6.4
30.1
82.3
15.3
39.3
13.5
6.9
26.8
40.0
35.6
16.2
15.1
25.9
76.5
4.7
74.8
29.7
70.4
12.2
6.3
36.7
1.3
11.1
87.3
2.9
33.1
28.4
89.5
22.6
14.2
5.1
65.9
1.9
28.2
12.0
65.5
19.1
13.5
1.1
34.6
46.4
41.1
30.6
5.1
55.0
6.2
23.6
16.8
36.9
36.2
19.3
13.2
13.1
21.9
46.0
18.4
25.2
69.8
18.1
29.2
10.2
34.0
25.3
31.2
3.8
53.4
28.7
16.4
63.5
2.2
95.0
5.1
41.1
24.2
20.1
28.5
17.0
14.7
39.8
30.9
21.1
5.5
27.8
8.3
35.7
4.9
77.1
1.4
21.5
27.0
19.0
8.8
34.6
12.5
2.6
51.1
35.5
57.6
90.8
10.5
3.1
22.4
54.0
23.7
20.2
34.9
17.2
1.4
39.6
29.2
34.5
41.5
6.0
31.7
24.2
18.5
10.3
37.1
22.0
21.0
55.3
23.8
11.4
6.4
28.8
20.2
17.6
5.6
84.1
26.1
17.7
53.1
19.8
21.6
15.7
20.1
35.8
8.2
6.4
58.5
11.5
43.1
5.9
21.9
35.0
47.8
39.7
10.1
8.5
54.7
3.6
38.9
3.9
54.7
38.7
28.4
23.2
48.6
0.5
20.6
11.3
19.1
12.8
44.5
47.5
42.0
17.9
24.7
70.9
3.5
52.8
22.1
96.8
7.1
25.8
7.8
43.5
20.3
4.9
43.4
18.8
36.6
84.9
3.4
45.2
10.1
61.0
13.7
20.9
29.0
47.9
4.3
2.9
53.1
6.1
110.9
47.2
59.7
18.6
15.2
48.5
63.2
27.2
2.0
7.1
25.9
10.2
69.0
29.5
54.8
3.6
67.6
19.1
42.6
4.4
23.7
36.9
24.6
27.5
15.7
54.7
3.0
48.7
15.0
6.5
53.8
14.4
46.8
2.5
7.3
18.2
23.1
36.0
29.0
19.0
15.3
39.2
4.9
19.9
115.4
74.7
44.3
20.7
26.6
3.4
20.9
44.3
2.2
73.9
7.9
29.0
21.2
20.7
47.8
19.4
19.5
10.5
22.7
76.7
15.6
62.5
12.5
82.1
10.0
9.9
35.4
65.9
8.5
53.0
3.2
7.3
45.0
61.3
8.0
2.9
3.7
23.2
21.5
19.3
51.6
4.0
31.5
29.5
66.2
39.7
37.7
16.1
12.4
35.2
62.3
11.0
33.0
47.1
4.2
31.6
3.1
28.5
29.6
4.2
21.4
21.4
17.6
100.6
12.0
19.8
31.2
31.4
34.1
35.5
19.4
80.7
26.8
30.9
5.6
44.3
18.3
15.8
6.7
21.2
20.6
37.8
40.5
14.7
51.6
21.7
22.2
31.8
36.7
19.6
42.6
16.4
48.1
17.1
65.6
32.9
40.7
13.2
64.5
35.5
73.0
19.2
34.3
80.8
17.7
5.4
30.6
2.7
8.2
63.5
14.5
39.0
3.0
12.4
48.9
21.5
34.4
22.0
16.9
34.6
13.8
14.3
62.1
7.8
3.7
92.1
23.2
42.5
5.5
27.6
17.7
37.8
20.1
33.9
36.0
24.8
30.6
11.0
14.1
50.3
11.6
69.5
25.8
65.7
38.9
17.7
35.8
80.6
16.2
19.2
40.0
43.2
19.4
61.1
13.3
34.0
7.9
17.8
28.9
33.5
36.3
25.8
22.9
12.3
59.9
6.9
35.1
25.5
13.9
95.3
10.5
25.1
19.9
33.9
27.2
18.6
15.6
5.4
31.8
7.5
26.1
45.3
35.1
48.7
8.8
38.8
15.6
43.5
30.2
30.8
3.9
68.9
28.2
13.9
11.3
44.0
40.0
38.9
16.2
64.0
2.5
33.5
20.4
8.2
28.7
17.6
28.3
20.5
76.2
17.2
44.3
19.5
45.0
17.1
49.0
25.1
16.0
25.3
20.9
2.6
41.0
18.0
41.1
6.1
49.8
16.4
17.3
23.0
80.2
6.9
45.5
6.8
21.6
31.4
17.9
8.0
21.7
29.5
45.6
54.7
10.2
91.6
9.6
49.5
18.9
45.0
25.1
28.3
16.6
14.1
61.9
3.7
115.2
15.1
16.6
20.4
18.4
30.4
21.1
56.5
38.9
19.7
2.5
21.1
55.6
46.3
1.1
120.6
32.1
32.3
36.3
27.5
35.5
4.5
15.0
50.9
19.5
21.4
2.1
25.3
10.7
6.7
12.5
40.6
21.8
17.7
40.4
17.0
22.5
67.9
15.4
43.4
6.7
12.2
27.3
12.3
53.7
22.1
17.5
29.3
61.9
11.4
19.6
21.5
5.9
23.5
11.4
36.8
25.2
12.8
45.2
4.6
37.3
28.2
73.4
9.3
13.2
10.1
29.7
13.0
33.5
40.6
66.0
32.2
27.4
11.9
62.6
17.7
32.0
33.6
11.1
9.4
37.0
23.9
50.5
22.5
34.1
11.0
77.7
17.6
16.2
45.5
1.6
28.5
69.4
39.9
41.5
16.2
9.4
19.6
17.9
6.1
68.5
30.8
59.1
7.8
38.5
15.1
25.4
19.9
20.0
13.8
37.1
22.2
23.0
54.1
11.4
102.9
11.8
26.7
6.0
27.7
19.5
32.6
66.8
22.0
2.8
9.1
57.5
7.7
18.2
29.3
73.0
21.4
37.6
27.7
52.5
24.5
33.5
6.0
45.8
12.1
86.1
3.8
48.5
26.9
48.4
31.2
16.2
37.9
43.8
17.5
25.2
30.1
48.1
15.4
57.0
8.1
55.0
23.9
11.5
27.3
11.0
57.5
31.6
9.3
30.4
18.1
33.5
14.6
1.3
36.5
31.2
24.1
19.5
56.8
9.0
44.8
23.7
58.3
51.0
52.6
28.0
36.6
18.7
105.2
5.9
6.3
12.9
32.2
19.8
9.5
43.0
6.5
13.3
4.3
44.0
50.9
43.7
14.8
62.3
29.9
29.5
42.2
6.2
19.5
19.5
49.9
26.2
7.5
47.3
2.7
59.4
49.1
51.5
42.3
17.5
22.7
70.2
23.3
19.0
9.5
19.9
13.4
7.6
68.5
12.1
55.8
26.2
19.4
31.4
25.1
22.7
4.9
11.2
24.0
97.2
10.0
57.4
12.4
19.3
17.7
11.4
8.6
33.4
27.6
25.7
66.4
27.8
19.1
9.1
12.2
14.6
38.8
17.6
14.0
35.5
23.6
20.2
3.2
15.2
51.3
45.3
13.5
67.5
25.1
44.3
15.6
31.2
15.9
26.7
67.8
36.1
15.2
15.8
39.6
26.8
75.1
30.1
49.0
5.2
67.8
3.3
28.0
29.7
18.7
34.7
8.9
4.8
59.4
26.7
27.3
4.2
8.5
39.0
20.4
71.3
13.0
21.0
0.6
25.1
8.9
46.9
32.4
47.8
14.1
8.4
11.2
68.8
19.3
20.1
17.0
93.8
4.1
41.2
30.3
38.5
11.2
44.4
35.7
6.9
5.2
9.6
21.9
37.0
16.4
20.6
18.2
32.8
43.1
63.0
22.0
59.2
3.3
40.0
61.4
37.6
1.0
18.5
16.1
28.3
47.7
26.3
21.8
2.7
38.6
17.5
68.8
24.7
91.0
22.2
23.5
14.8
16.2
20.5
24.4
35.6
19.9
22.0
9.8
82.7
16.7
8.7
13.5
51.9
20.2
12.5
25.9
55.8
45.7
25.8
22.6
45.7
11.8
33.4
15.9
10.3
6.7
32.6
8.4
52.3
5.4
66.9
12.8
11.1
44.6
15.2
16.2
25.9
21.1
19.4
49.1
9.2
52.7
8.6
17.2
31.4
19.7
11.6
27.2
42.8
37.5
11.8
15.5
38.7
49.5
41.9
44.0
2.3
44.2
7.1
29.3
22.0
45.1
35.8
38.5
22.5
44.5
15.8
24.8
23.5
11.9
25.4
5.5
34.1
36.1
13.8
1.5
91.6
6.7
84.2
48.2
58.7
27.5
17.9
12.4
20.5
16.7
54.0
21.8
39.4
5.9
56.8
7.4
58.2
10.5
41.1
27.8
14.0
39.2
18.3
37.1
22.7
29.6
12.2
72.0
44.1
20.4
12.0
57.7
38.5
39.6
16.8
73.0
6.4
89.1
27.1
23.9
15.5
46.6
30.6
16.5
14.9
64.0
20.5
54.1
20.4
35.4
27.1
8.3
17.0
9.9
24.8
7.3
84.0
7.7
35.2
35.3
10.2
19.7
7.9
14.4
52.6
21.1
27.1
19.1
19.6
16.5
44.5
15.4
30.2
64.3
37.5
23.7
9.3
75.4
30.1
48.0
10.9
50.1
17.0
22.7
22.6
11.5
52.6
9.2
33.7
30.0
28.1
68.1
14.7
14.1
28.8
17.9
30.6
2.8
23.5
40.9
6.3
86.6
20.2
55.6
18.9
96.0
8.7
20.0
43.5
25.8
28.5
34.5
5.6
21.8
33.7
5.5
53.6
9.9
48.2
23.6
21.2
63.0
23.8
21.5
6.8
15.4
10.3
72.9
11.3
81.1
24.1
46.2
16.2
110.1
5.0
34.9
25.5
28.2
44.4
11.2
7.6
36.6
15.4
24.0
20.0
24.5
38.3
21.4
37.3
26.4
12.2
23.7
56.2
3.8
38.3
14.8
49.2
27.5
40.6
17.0
28.7
35.7
18.4
35.8
9.4
16.0
26.7
11.4
56.5
12.9
62.0
24.5
39.1
14.4
25.3
76.7
39.3
20.1
34.8
16.2
35.1
16.1
11.5
6.7
16.0
8.0
76.5
21.0
59.5
2.3
17.5
48.9
15.7
6.2
66.1
16.5
53.0
25.4
59.1
25.3
14.3
33.0
17.8
3.0
19.9
16.3
76.7
7.2
12.6
16.8
29.6
26.7
6.1
24.0
120.1
23.4
4.5
24.0
26.2
30.3
60.9
15.8
40.7
19.9
34.3
38.6
37.2
23.2
39.8
8.3
19.2
9.4
62.5
39.0
32.4
23.1
80.3
13.9
19.2
82.2
1.4
5.2
10.9
79.4
26.5
40.4
64.1
59.1
12.1
24.7
9.6
30.7
5.1
28.2
10.5
33.4
8.0
82.7
55.1
47.5
26.9
20.3
11.1
5.7
47.5
3.9
70.0
23.3
82.8
3.0
9.8
37.2
39.2
12.5
33.7
49.8
18.1
6.2
9.4
22.2
22.3
25.4
9.9
36.2
13.0
41.0
17.1
19.5
52.8
30.7
21.3
56.5
7.7
43.4
11.9
9.9
19.2
18.6
24.5
72.6
6.3
38.9
21.3
15.9
57.5
34.6
20.8
22.2
20.7
26.1
48.0
6.6
7.0
10.5
53.6
14.9
24.4
19.5
12.7
155.2
8.6
53.8
10.0
18.0
24.8
15.2
34.2
29.5
11.4
47.2
40.7
16.2
33.5
29.3
70.5
7.8
21.6
12.5
16.7
25.9
33.0
20.2
39.1
25.7
14.7
32.5
22.1
1.2
46.8
8.2
35.0
13.1
7.7
30.4
13.1
13.9
34.7
3.6
29.9
30.6
43.4
36.9
15.7
14.5
36.6
50.1
31.0
27.0
2.8
76.3
7.7
28.8
22.4
30.2
54.7
8.6
1.1
41.5
18.5
20.5
2.2
18.2
4.7
46.5
26.7
17.5
25.0
34.6
22.7
22.1
65.7
12.4
27.0
11.5
7.1
4.8
5.0
20.7
36.5
2.1
21.5
59.8
5.4
54.5
76.2
42.1
47.5
42.9
14.2
6.4
10.9
3.5
23.8
26.9
29.7
9.8
64.3
27.7
45.2
9.9
65.4
24.3
15.5
25.6
98.3
12.0
51.8
19.5
28.9
34.7
26.7
25.8
15.6
23.0
25.2
16.2
7.0
8.0
9.1
50.5
44.3
24.9
24.1
12.4
41.3
22.0
14.7
12.2
48.9
15.9
38.6
3.9
92.0
13.2
27.8
19.2
16.3
24.0
34.6
37.2
18.3
24.3
9.8
63.6
14.8
48.1
9.8
35.0
22.9
31.2
8.2
69.4
23.9
51.1
23.4
32.0
33.8
26.6
4.5
36.5
26.2
47.1
11.9
21.4
28.7
8.5
7.5
6.0
13.6
30.8
82.0
10.3
19.2
8.5
35.4
22.1
43.8
14.6
75.9
5.9
43.3
5.8
15.3
32.6
60.5
30.2
17.5
6.9
44.4
14.5
45.5
14.3
68.8
15.0
29.1
7.4
51.6
22.2
7.0
28.4
4.3
34.1
