name = 'CO2*_19'
composition = {'H':0, 'C':1, 'N':0, 'O':2, 'Pt':1}
facet = ['Ni100']
coverage = 1
DFT_energy = [-94.332224, 'eV']
ZPE_energy = [0.316, 'eV']
frequencies = [12.0, 17.4, 46.2, 59.8, 69.1, 612.2, 623.3, 1313.4, 2352.6, 'cm-1']
gas_DFT_energy = [-18.393636, 'eV']
gas_ZPE_energy = [0.305, 'eV']
sites = 1
BEE = []
gas_BEE = [-1.74183491e+01, -6.21690826e-01, -3.94616288e+00,  1.23643464e+01,    -6.14966832e+00, -4.95475301e+00, -1.19779599e+01, -2.63027425e+01,    -1.13453621e+01, -1.21573092e+01, -9.90673393e+00,  8.74476324e-01,     6.52033222e-01,  4.33531747e-01,  9.42360341e-01,  1.32171515e+01,    -6.05251689e+00, -4.50424849e+00,  5.83499607e+00, -3.13278494e+01,     1.54929362e+01, -6.52161502e+00, -1.64750175e+00, -3.01271129e+00,    -5.96578649e-01, -1.80842996e+00,  2.51219865e+01, -5.14615257e+00,    -2.47639117e+00, -1.49750227e+01,  2.13058190e+01, -3.14936488e+00,    -1.13403563e+01,  6.03278501e+00, -8.86635481e-01,  6.36806076e+00,    -4.95123818e-01,  1.30570432e+00,  8.92772759e+00, -2.88889426e+01,     1.56430656e+01,  3.29169888e+00, -1.99700360e+00, -9.05647897e+00,     3.40661154e+00, -4.39460288e+00,  1.30715371e+01,  1.02108989e+01,    -7.02077691e+00, -8.50630689e+00, -8.44931683e+00, -1.01302321e+01,     4.85923995e+00, -1.45096057e+01,  3.95042974e+00,  1.70199087e+01,     1.94536664e+01,  9.55652517e+00,  4.95746978e+00,  8.23781483e+00,     2.54863184e+01,  5.78363747e+00, -1.56549604e+01, -3.54965540e+00,    -7.67109509e+00,  1.76071311e+01, -2.14956069e+01, -1.73960167e+01,    -8.28394440e+00, -3.41153073e+00, -1.21315191e+01,  7.74913924e+00,     3.44761441e+00,  3.64017458e+00, -1.09639097e+01, -9.89096621e+00,    -1.56919579e+01,  1.01242279e+01, -8.93074420e+00,  8.08869938e+00,    -1.91510903e+00, -8.65583311e+00, -1.55729925e+01, -4.52633474e+00,    -3.96019091e+00, -4.33954759e+00,  1.12199427e+01,  2.03216156e+01,    -1.19024059e+01, -2.25478738e+01, -5.56530831e+00,  3.13219429e+01,    -1.58553607e+01,  9.11717986e+00, -2.71945070e+00, -1.78204960e+01,     7.76225333e+00,  9.87506924e+00, -4.33524071e+00,  9.14669360e+00,    -7.78847749e+00, -1.52949288e+01,  2.64516956e+01,  1.26039422e+01,     7.70940805e+00,  3.49384081e+00,  5.58252066e+00,  2.33751790e+01,    -7.53040515e+00,  1.17989652e+00, -3.95630135e+01,  5.64418383e+00,    -1.92822521e+01,  3.76342336e+00,  5.90387241e+00, -9.67278408e+00,    -1.49104424e+01,  1.38289110e+00, -8.47068900e+00,  1.08159302e+01,    -1.32249342e+01, -1.17227309e+00, -1.05660469e+01, -8.55932380e-01,     1.81435185e-01,  5.21132016e+00,  1.37543778e-01, -2.05619244e+00,     1.76363000e+01,  2.57137052e+01,  1.36062680e+01,  2.07582017e+01,    -3.85325638e+00,  2.91166444e+00,  1.49347257e+01, -8.39571811e-01,    -2.12681637e+01, -1.15916000e+01, -1.40392512e+01, -8.28190454e+00,     7.70904716e+00, -3.36070463e+01, -4.09311403e+00,  1.22830100e+01,    -1.13945352e+01, -9.34195268e+00,  1.51662915e+01,  1.31858027e+01,    -8.77112721e+00,  6.63465287e+00, -7.14904741e+00,  1.04490382e+01,     2.02686869e+00,  4.31931851e+00, -2.40166523e+01, -1.37074406e+01,    -2.68121961e+00, -3.92687977e-01, -1.12549295e+01,  3.05321714e+01,    -4.61236195e+00, -8.89199055e+00,  1.12234983e+01, -1.31874305e+01,    -1.00274013e+01,  8.77836502e+00,  3.02852908e+00,  3.20669318e+00,     3.55150839e+00, -3.14911173e+00,  4.32411634e+00,  1.66043542e+01,    -8.28527509e+00,  5.46987674e+00,  2.54390511e+01,  8.92073819e+00,    -1.47390239e+00, -5.23881941e+00,  4.31238191e+01, -5.85302514e+00,     1.06336744e+01,  7.25355443e+00,  9.10841462e+00,  2.59280440e+01,     1.36664513e+01, -1.17569806e+00,  6.34501446e+00,  1.39690155e+01,     1.06505963e+01, -1.62618838e+01,  2.64561252e+01, -2.41457319e+01,    -4.32154067e+00,  1.61327002e+01,  2.91859278e+00,  1.34125558e+00,     8.76742394e+00,  5.88247351e+00,  9.46553302e+00, -1.76330560e+01,     1.05963781e+00, -7.15185435e+00, -2.03112850e+00, -3.96308921e-01,    -2.89778097e+00, -1.54831498e+00,  2.37254000e+01, -1.83586465e+00,    -8.22384772e+00, -8.05927046e-01,  3.76693630e+00, -1.70902622e+01,    -1.33524452e+01, -9.82185943e+00, -1.75791428e+01, -4.95857356e+00,    -1.16678214e+01,  5.10700525e+00, -1.84632556e-01, -3.30948140e+00,    -2.45793192e+00,  1.84752945e+00, -5.80952815e+00,  1.84284993e+01,    -2.36373190e+01, -3.64367723e+00, -4.52198611e+00,  4.82708124e+00,     5.37218841e+00, -1.37768897e+01, -4.28744271e+00,  1.24707507e+01,    -6.67147707e+00,  4.04123404e+00,  1.03869118e+01, -3.32292384e-01,     3.23401705e+01, -4.71224061e+00, -1.00263943e+01,  7.29508527e-01,    -7.39014045e+00,  1.46541664e+01, -1.17721959e+01,  3.42894416e+00,     1.56055386e+01, -3.90769126e+00,  3.33302718e+01,  3.56115042e+01,    -1.96271287e+01,  1.61275613e+01,  5.39647449e+00, -1.51436916e+01,     5.67546887e+00,  1.08432417e+01,  1.17218193e+01,  1.16340490e+00,     4.54025612e+00,  2.02607667e+01, -6.51019871e+00,  3.43345191e+00,     1.99271880e+01, -1.03124785e+01, -5.29611682e+00,  1.55655359e+01,     8.47480445e+00,  2.17709072e+01,  8.20233873e+00,  2.81868324e+00,     7.11486993e+00,  1.15323916e+01, -1.35777067e+01,  1.24067315e+00,     5.59308588e+00,  2.75126427e+00,  6.42105945e+00, -1.69750536e+01,     9.64047505e+00, -1.23019881e+01, -8.90405610e+00,  4.81610367e+00,    -3.73150525e+00,  1.59436369e+01, -5.97123016e+00,  7.67501197e+00,     8.88562269e+00,  2.23686579e+01,  1.53592411e+01,  1.40938667e+01,    -2.39827631e+00, -2.12089839e+00, -8.78129381e+00,  2.20922214e+01,     2.29227827e+01,  1.04328619e+01, -6.89001538e+00,  1.41109483e+01,    -2.07065176e+00,  5.82776007e+00,  1.85599210e+01, -4.10152182e-01,    -3.01167660e+00, -7.19973266e+00, -1.57643085e+01,  2.69645408e+01,     1.29771502e+01, -1.69625688e+01, -4.73395532e+00,  7.19683256e+00,    -3.34450088e+00,  1.76130129e+01,  4.37853128e+00,  2.24787849e+01,     7.70729696e+00, -7.26509779e+00,  5.98935510e+00, -1.65915033e+00,    -8.05458325e+00,  4.55600026e+00,  5.41541327e+00,  2.52000407e+01,     2.17345648e+01,  1.56290497e+01,  1.99636583e+01,  2.06458783e+00,    -7.68584173e+00,  3.92136070e+00, -9.80726491e+00, -1.47339058e+01,    -1.61956399e+01, -8.28373286e+00, -3.07211510e+01, -9.27003859e+00,    -2.39541387e+01,  5.38531416e+00, -1.30881124e+01,  1.27770426e+01,    -2.67237873e+01, -8.65097367e+00,  1.31289214e+01,  6.06910770e+00,    -2.42746796e+01,  1.63271767e+01, -7.67028445e+00,  1.51408352e+01,    -7.95847729e+00, -2.15923725e+01,  4.39594165e+00, -1.78414341e+01,    -2.95492615e+00, -1.03137158e-01,  1.20255739e+01,  3.52916264e+01,    -1.26411728e+01, -1.04119823e+01, -1.19440321e+00, -3.07819619e+00,    -2.25988052e+01, -1.64701713e+01,  1.46322983e+01, -6.39928218e+00,     5.14285822e+00, -1.37649758e+01, -3.84458892e+00, -1.19143715e+01,     1.43073483e+01,  4.39647168e+00, -6.77849369e+00, -4.04116321e+00,     2.98916103e+00, -2.26472882e+00,  1.15576751e+01, -7.41279871e+00,     1.75922544e+00,  9.28900379e+00,  4.33966404e+00, -5.58607182e+00,     4.38023594e+01,  1.57604575e+01,  1.81640918e+00,  2.59184391e+00,    -1.71074028e+01,  8.90928764e+00, -2.09347361e+01, -8.41508603e+00,    -1.61909099e+01, -5.28581120e+00,  1.61941076e+01, -1.59468234e+01,     5.83293557e+00, -1.03368504e+00,  7.21959529e-01, -1.01052661e+01,    -1.22162207e+01, -1.18515541e+00, -1.10662948e+01, -6.48610305e+00,    -1.12780335e+01, -2.15926674e+00, -9.31497605e+00, -1.40611087e+01,     6.57979540e+00, -4.60231747e+00,  5.84341749e+00,  2.87780846e+00,    -2.07393649e+01, -1.49833677e+01, -1.25069006e+01,  9.79032982e+00,    -7.07769078e-01, -1.76924138e+01,  1.60321278e+01, -1.18599345e+01,     1.55058566e+01, -8.31800111e+00, -1.35172315e+01,  7.72982400e+00,    -1.97291136e+01, -9.99747893e+00,  1.79115042e+01,  5.81918405e+00,    -1.08874027e+01,  1.51440098e+01, -4.65634881e+00, -9.80449151e+00,    -8.64279855e+00, -1.44416799e+01,  6.76630530e+00, -2.52510111e+01,    -2.28086830e+01, -1.87859032e+00, -8.23346219e+00, -1.65453531e+01,     2.08194119e+01,  3.78611548e+01, -8.03361986e+00, -6.16195531e-01,    -1.78869023e+01,  1.83169158e+01,  5.59803616e+00, -5.14758117e+00,    -1.09010975e+01,  4.04197900e+00, -1.70087816e+01, -4.05332072e+00,    -2.50508936e+01,  9.21952180e+00,  4.30264421e+00, -5.88706635e-01,    -2.34509764e+00, -1.02818069e+01, -2.96421621e+00,  3.71506313e+01,    -4.71943293e+00, -1.29737469e+01, -1.90734704e+01,  3.63137697e+00,    -1.00289874e+01,  2.03795122e+00,  8.58923793e+00,  1.81777470e+00,     9.22270975e+00,  4.36388778e+00,  1.70137368e+01,  8.12837598e+00,    -9.63010818e+00,  1.25749790e+01,  1.01338097e+01,  3.51459741e+00,     1.18898519e+01, -7.25835902e+00,  2.05033237e+01,  5.84298214e+00,    -8.89803927e+00, -2.01040940e+00, -4.82333737e+00,  5.66782558e+00,    -7.44053863e+00, -1.64685329e+00, -3.10084987e+00,  2.27399750e+01,     1.55850680e+01, -1.91547721e+01, -1.53435906e+00, -1.50035825e+01,    -4.17510078e+00, -6.66791464e+00,  2.26463807e+00, -7.06872246e-01,    -7.51031304e+00,  3.28080017e+00, -2.27436499e+00, -3.01532163e+00,     2.43065259e+01,  4.87282674e+00, -2.28047143e+01, -1.21440200e+01,     2.62135308e+01,  6.89192632e+00, -2.48323048e+00,  3.04287971e+01,    -5.39673173e+00, -2.68470751e+00, -2.64193503e+00,  3.95177618e+00,     8.33437823e+00,  1.31956045e+00,  8.17417660e+00, -4.12787971e+00,    -9.79779844e+00, -1.12020300e+01, -1.37767263e+01,  1.25156001e+01,     4.10137348e+00,  1.08025263e+01,  4.38064341e+00,  2.47928645e+01,     4.95001055e+00, -2.21687434e+01, -9.36307954e+00,  2.31185391e+00,    -8.06833270e+00,  1.75997747e+01, -3.77551043e+00,  4.60926695e+00,     1.46071334e+01, -2.16311910e+01,  4.17635630e+01,  5.55944836e+00,     6.97458250e+00,  1.02921669e+01,  1.87879419e+00, -7.87299523e-01,     9.61202502e+00, -9.84745253e+00,  2.31383886e+01,  2.02780436e+01,    -1.09247943e+01,  4.91630922e+00,  1.97917263e+01, -6.24994915e+00,     4.99611984e+00,  1.08844023e+01,  1.21886448e+01, -2.14425679e+01,    -2.92684453e+00, -8.81868973e+00, -1.59335235e+00, -1.95417982e+00,     2.51863072e-01, -4.88603733e+00, -8.08461279e+00,  3.15664283e+00,     2.64883586e+00,  1.51294850e+01, -1.20830693e+01,  1.12589020e+01,     1.36486592e+01, -4.07844716e+00,  2.27321673e+01, -1.90685259e+01,    -2.91465567e+01, -1.56620271e+00, -1.49961586e+00,  8.91714766e-01,     2.16217287e+01, -1.69804996e+00,  1.16012630e+01,  1.47701732e+01,     1.09893171e+01, -1.57430495e+00,  1.76408382e+01, -4.50366009e+00,    -9.82158111e+00, -1.23621033e+01,  1.76048389e+00,  1.08435327e+01,    -1.51321633e+00,  1.05540831e+01, -1.22452370e-01,  1.68651698e+01,     5.26600645e+00,  2.24172368e+00, -1.46637416e+00,  8.85177562e+00,     1.09902923e+01,  5.40050582e+00, -5.40291061e-01, -1.50369630e+01,     7.96289482e+00,  5.51018897e+00,  1.04373317e+01,  8.51729751e+00,     1.00227769e+01, -1.90980170e+00,  8.16676194e+00, -8.16909971e+00,    -7.35918907e-01, -1.55148016e+01, -9.33979655e+00,  1.16411242e+01,    -2.55929966e+01,  7.79446914e+00,  4.49743690e+00,  2.41106101e+01,    -6.34369545e+00,  9.04741534e+00, -3.67817595e+00, -1.34306747e+01,    -2.01777347e+01, -2.91847350e+00, -2.53622073e+01,  4.16731787e+00,    -6.47222485e+00,  8.79507335e+00,  6.33328733e+00, -7.28586693e+00,    -7.77749155e+00,  1.17249920e+01, -1.57826297e+01, -3.58686418e+00,    -4.94916724e+00,  6.40398069e+00, -8.89628443e-01,  1.24996704e+00,    -5.07716275e+00,  1.54191372e+01, -1.43688877e+01,  2.57186139e+00,     1.67094258e+01, -9.33002930e+00,  7.87534277e-01, -1.22363308e+00,    -1.92690538e+01, -1.27133179e+01, -1.61786643e+00,  7.86536147e+00,     8.90488933e+00,  1.85852809e+00, -2.15819535e+00,  5.11048302e+00,    -1.22351662e+01, -2.62689872e-01, -1.48552818e+01, -7.78004307e+00,     1.36174317e+01, -8.53900950e+00,  1.85213735e+01, -6.12402281e+00,     9.93082779e+00,  7.25184412e+00, -1.72135780e+01, -7.93224267e+00,     2.25448710e+00, -1.07060423e+01, -1.09577602e+01, -2.40324190e+01,    -1.58744740e+01, -1.42031163e+01, -1.22007908e+01,  2.17989200e-01,     4.97244578e+00,  1.60501461e+00,  5.99045208e+00, -1.62704162e+01,     3.61214510e+00,  7.07160945e+00, -1.91834257e+01, -1.75454353e+01,    -1.11526922e+01, -7.14532220e+00,  4.86509703e+00,  1.96418764e-01,    -1.20803985e+01,  9.45163358e+00, -5.74450277e+00,  1.48221005e+01,    -2.45251610e+01,  1.69165264e+01, -1.46372354e+00, -1.17810066e+01,    -7.34545824e+00,  1.10002483e-01,  1.21584960e+01, -2.03698962e+01,    -3.60785330e+00, -5.18232771e+00,  1.31153109e+01,  2.29848612e+01,    -2.76519609e+01,  2.61556425e+01,  1.20919679e+01, -2.11037350e+01,    -9.73802368e+00,  2.15380718e+01,  1.68548597e+01, -5.53340462e+00,    -1.66562718e+00,  3.76772074e+00,  2.01997087e+01, -1.55668416e+01,     4.45986013e+00, -1.61300740e+00,  8.85374546e+00, -2.03432416e+01,    -1.39829392e+00, -8.94907907e+00,  1.32347789e+01,  1.16424756e+01,    -2.46144003e+01, -1.36712954e+01, -6.50156336e+00, -1.06985640e+01,    -3.69228364e+00, -6.23239610e+00,  1.26043603e+01,  1.19632706e+01,    -1.56771728e+00, -1.17912497e+01, -2.39435447e+01,  1.30989290e+01,    -1.38923418e+01, -9.19538798e+00,  1.95567044e+00, -9.62234834e+00,    -1.14697388e+01, -7.93341527e+00, -1.26954714e+01, -6.97681906e+00,    -1.37660036e+01,  1.61708234e+01,  1.77414442e+01, -1.62266550e+00,    -6.64423263e+00, -3.73223769e-01,  1.18288161e+01, -2.46429639e+01,    -5.97607510e+00,  1.46620055e+01,  1.88927626e+01, -4.74999662e+00,     3.12418525e+00,  1.47490224e+01,  4.73448370e+00, -1.01864467e+00,    -1.13523558e+01,  5.69388824e+00, -9.63415404e+00, -4.33239408e+00,    -5.14546604e+00, -4.85336680e+00,  5.82476394e+00,  2.26247581e+01,    -9.70483587e-01,  9.59270436e-01, -2.56475990e+01, -5.19216901e+00,    -1.02892748e+01,  8.74870539e-01, -1.17536154e+01,  2.27636358e+01,     2.38302416e+01,  4.93185617e+00, -5.19524238e+00,  4.23363203e+00,     7.16336233e+00, -1.30803241e+01, -2.27552892e+00,  4.24793431e+00,     3.88102032e+00,  1.49365963e+01,  1.19506185e+01, -5.83409576e+00,     7.77494005e+00, -2.74554282e+01, -1.02439411e+00,  2.47194351e+01,     4.10335537e+00,  4.87363432e-02,  8.54939162e+00, -6.99275459e+00,     2.60770937e+01, -4.37077435e+00,  2.34927874e+01,  1.05227001e+01,    -1.20246332e+01,  9.02744083e+00, -8.34855662e+00, -1.91401067e+01,    -1.84256558e+00, -1.54913155e+01, -1.52959491e+01, -8.80035755e-01,     9.26966578e+00, -2.32874106e+00, -9.77794488e+00,  2.28202570e+00,    -1.96809635e+01, -1.81556433e+00, -2.41826886e+01,  1.51703127e+01,    -6.73467521e-01, -1.38472104e+01, -6.03737424e+00,  5.02724801e+00,    -9.35883102e+00, -1.26428924e+01,  2.49918623e+01, -6.86881162e+00,    -1.24093570e+01,  8.10038754e+00, -4.30884649e+00,  1.44122769e+01,    -2.51926007e-01,  1.76378734e+00,  2.92139315e+01, -4.46432348e+00,    -1.01350200e+01, -1.11927497e+01, -1.53435482e+01, -9.78168799e+00,     7.69252232e+00,  6.93555954e+00,  7.05653630e+00,  2.08213599e+01,     5.42592666e-01,  5.45568372e+00, -1.81045928e+01,  2.74727478e-01,    -6.41253466e+00, -8.19041158e+00,  2.83426713e-01,  9.47583660e+00,     1.07776096e+01, -2.29755416e-01,  2.52460600e+00,  8.54555293e+00,     1.08469166e+01, -6.06928190e+00, -3.13347028e+00,  3.43316360e-01,    -7.06827688e+00, -2.38259646e+00, -8.52114731e+00,  2.12474161e+01,     1.77640255e+01, -4.61556713e+00,  3.96201690e+00, -1.11528614e+00,    -7.20110887e+00,  9.56946602e+00, -2.56429064e+00,  9.94902929e+00,    -1.45737712e+01,  5.13819167e+00, -2.89754945e+00, -1.52842260e+01,    -7.25154417e+00,  7.23998741e+00, -2.61619344e+01,  1.09649389e+01,     1.34295760e+01, -2.30857486e+00, -1.57545875e+00, -8.01013637e-01,     6.76372435e+00, -9.39139795e+00,  1.00241879e+01,  8.31910422e+00,    -2.88463543e+01, -9.37391264e+00,  6.72780676e+00, -2.82477994e+00,     1.17422851e+01, -1.72387400e+01, -1.10983225e+00, -1.14092809e+01,    -3.56524730e+01,  2.18185372e+01, -1.68401320e+01, -1.74040833e+01,     2.52743645e+00,  3.62486073e+01,  6.95847302e-01, -7.43801419e+00,    -2.94205180e-01, -1.38226304e+00, -2.48093927e+01, -1.68706433e+01,     2.33069959e+01, -2.50597516e+00, -1.08145612e+01,  1.47696933e+01,    -9.51423604e+00,  1.04398339e+01,  1.48640479e+01, -1.64326762e+01,    -7.44908823e+00, -9.05744756e+00, -4.13066374e+00, -5.93665137e+00,    -3.19847716e+00,  4.28593119e+00, -9.54887547e+00,  8.36244537e+00,     1.66620504e+01, -3.48291626e+00, -5.06524642e+00,  3.94848072e+00,     1.55681773e+01,  1.42801354e+01,  1.39456547e+00, -1.42256541e+00,    -1.99729570e+00, -1.45888123e+01,  1.11602448e+01, -7.06722986e+00,     5.42049908e+00, -4.52111771e+00,  8.05877993e+00,  4.62898962e+00,    -2.27306567e+01, -8.03718798e+00, -2.20365262e+01, -9.64718778e+00,     1.58987271e+00, -4.74271275e+00,  8.89391629e+00, -8.04514266e+00,     6.28251100e-01,  2.55492155e+00,  2.08694935e+01,  1.09005854e+01,    -7.81229774e+00, -1.82884500e-01,  3.72981894e+00,  1.06710850e+01,     4.20559646e-02,  1.52496311e+01,  7.70640750e+00,  2.50185158e+01,     1.27228803e+00,  1.92276881e+01, -7.17876088e+00, -1.10169759e+01,     2.09205793e+00,  1.92766365e+00,  7.70591132e+00, -3.13977145e+00,    -3.99618712e+00,  6.73782144e+00, -1.32991066e+01, -1.51461014e+01,     2.13764513e+01, -1.94581586e+00, -1.19843235e+01, -9.56844941e-01,    -4.02425933e+00,  1.04236505e+01,  9.77267488e+00, -5.72721135e+00,    -1.81008414e-01, -7.75727049e+00, -9.69124744e+00, -7.40982913e+00,    -2.69274129e+01, -7.77303345e-01, -1.90446171e+01, -1.57614523e+01,    -1.16046687e+01,  5.06555242e+00, -1.09002215e+01,  5.84466334e+00,    -1.69658796e+01,  2.13226460e-01, -1.13937582e+01,  1.66640174e+00,     2.60142022e+00,  9.03739956e+00, -5.78967013e+00, -5.16633065e+00,     8.02456031e+00,  1.74229437e+01,  8.89735592e+00,  2.32138649e+00,    -2.00500375e+01, -4.07185241e+00, -8.51173207e+00, -1.74938239e+01,     1.24402308e+01, -9.79865131e+00, -1.38147079e+00, -7.33852810e+00,    -2.84997937e+01,  1.50183438e+01, -5.11185985e+00,  1.15382719e+01,    -2.03839363e+01,  1.86196025e+01,  1.14002013e+00, -8.34944382e+00,     1.61206543e+00, -6.50071668e+00, -1.95627819e+01,  4.65543633e+00,     8.92851042e+00,  5.66219218e-01, -9.78330956e+00, -3.88993104e+00,     5.16590290e+00,  8.84707442e+00,  1.79645076e+01,  7.22715847e+00,    -6.27862448e+00,  2.55509082e+01,  7.15983620e+00,  1.18447076e+01,    -4.53340055e+00,  7.98953413e+00,  5.24616460e+00, -1.79700166e+01,    -5.71133687e+00, -1.10609877e+01, -9.75928423e+00, -2.83150748e+00,    -4.00668273e+00, -1.13337080e+01, -3.22148693e+01, -7.99202021e+00,     4.49716696e+00,  1.74617562e+00,  2.93131578e+00,  1.28126654e+01,     4.35134361e+00,  8.76658224e+00, -1.23423297e+01,  1.30199696e+01,    -1.24628930e+01, -2.05926824e+01,  4.86033761e+00, -1.10347837e+01,    -1.17503984e+01, -4.49510229e+01, -3.01303100e+00,  2.29633271e+01,     1.28110640e+01, -3.32601343e+00, -2.83042867e+00,  9.49029876e+00,     1.84908752e+01, -1.17674869e+01, -2.79518653e+00, -9.22636348e+00,    -1.00732852e+01, -9.22396900e+00,  4.10656432e+00,  2.03308694e+01,    -1.89166553e+01, -1.51404399e+01,  5.09657420e-01, -2.88350127e+00,    -4.94595956e+00, -2.57526904e+01,  1.62949047e+01,  6.88401010e+00,     1.78294136e+00,  1.40559729e+01, -8.68081184e+00,  8.99476349e+00,     7.84805050e+00,  1.53713111e+00, -2.05940725e+00,  3.35167709e+00,    -4.18059584e+00,  1.30739081e+01, -1.19420210e+01,  1.17875015e+01,     2.81349096e+00,  3.90352929e+00,  6.37002601e+00, -2.35176843e+01,     2.12767518e+00, -1.87186213e+01, -1.41005258e+01, -1.38923549e+01,    -1.34249792e+01,  7.73770621e-01,  4.27337895e+00,  1.35549430e+01,     2.57240601e+00,  4.07885397e+00, -2.00691847e+01, -7.49735193e+00,     9.56631480e+00,  4.20747792e-01, -4.44510775e-04, -2.51760847e+00,     1.00928779e+01, -2.60537793e+01,  3.23877611e+00,  6.68746365e+00,     1.19555028e+01,  1.05903301e+01, -1.60850182e+01,  3.28637634e+00,     1.60239540e+00,  1.85156419e+00,  5.09419532e-01, -6.18076150e+00,    -1.00339210e+01,  4.60185916e+00,  1.71907045e+01, -2.33369243e+00,     3.07734865e+00,  3.88619251e+00, -7.71646660e+00, -7.51452455e+00,    -3.32287790e+01, -1.13560763e+01, -1.50814157e+01, -2.53374024e+00,    -1.85191936e+01,  2.16779222e+01, -8.98379854e+00, -1.51139016e+01,    -4.48154056e+01,  1.89981430e+01,  3.92263120e+00,  2.75117912e-02,    -1.74136817e+01,  2.31131176e+00, -4.81573124e+00, -9.18669013e+00,     2.13666565e+00,  9.20992790e+00,  2.13452817e+00, -4.86431108e+00,    -2.51211348e-01,  4.09972558e-01,  4.56196925e+00, -1.84526007e+01,     2.00302972e+01, -1.16129562e+01, -7.64266716e+00, -1.24614866e+01,    -2.85727910e+01,  1.92933612e+00, -1.40701429e+01, -6.34008466e+00,     9.53838103e+00, -6.64596582e+00, -9.54358233e-01, -3.03224585e+00,    -7.23494484e+00,  3.18634561e-01,  1.50957208e+01, -1.51862807e+01,     2.71652075e+01, -6.07304143e+00,  9.93839362e+00, -2.60396340e+00,     3.82027764e+00, -3.27881438e+00,  1.30215572e+01,  1.78382837e+01,     5.18621148e+00,  1.48416044e+01, -9.93171786e+00, -1.14589077e+00,    -7.01315153e+00,  1.87175805e+01,  1.61858277e+01,  1.20460545e+01,    -4.28777845e+00, -7.78859293e+00,  7.00609060e+00, -7.55113719e+00,    -4.12169443e+00, -2.01400483e+00, -8.49447761e+00,  1.43410224e+01,    -2.26252222e+00,  1.02804039e+01,  4.56010141e+00,  4.91697674e+00,    -9.53645695e+00,  8.66107068e+00, -4.34851970e+00, -3.17402111e+00,    -5.92442974e-01, -1.46512888e+01,  2.21505617e+01, -7.83819901e+00,    -1.39075380e-01,  5.96278383e+00,  5.60343054e+00,  2.09067220e+01,    -5.45772867e+00,  2.16227493e+01,  1.93849247e+01, -2.75167834e+01,     2.09486546e+00, -5.42063042e+00,  3.35713873e+00,  2.08941021e+00,     4.62245636e+00,  1.75068607e+01,  2.60520726e+01, -2.18892462e+01,     2.19014600e+01, -2.67454990e+01, -2.23723818e+01, -3.51999838e+00,     2.70633110e-01,  2.08647848e+01,  1.08244097e+01, -4.77041341e+00,    -2.54291516e+01,  1.91969399e+01, -1.27452827e+01, -1.54334543e-02,    -1.45672923e+00,  3.59140035e+01, -7.30567927e+00, -2.98263890e+01,     8.51273969e+00, -4.51061802e+01,  3.60634313e+00, -1.03450174e+01,    -4.92064134e+00, -7.32786738e+00, -1.62340843e+01,  1.08743969e+01,    -9.80787608e+00, -2.54881934e+00, -2.20517798e+01, -1.38611856e+00,    -1.40281956e+01, -2.12583604e+01, -3.34992534e+01,  3.29971793e+00,    -9.24738356e+00,  1.74446376e-01, -3.47605732e+00, -2.31681587e+01,    -1.77301759e+01, -1.59206942e+01, -1.52552557e+01,  1.52226308e+01,     2.46954110e+00, -1.32048362e+01, -6.07170657e+00, -7.10117577e+00,     1.08212586e+01, -8.88341215e+00, -2.90601824e+00, -7.25453404e+00,    -1.06752762e+01, -1.07796451e+01,  1.10757004e+01, -4.16416759e+00,    -2.53262218e+01,  2.21741423e+01,  1.30350602e+01,  1.51945449e+00,    -2.15710441e+01, -2.12030065e+01,  2.92422715e+00,  9.03733587e-01,    -9.23265704e+00, -1.33399026e+01,  9.96063502e+00, -1.78489694e+00,     7.58002859e+00,  1.36248711e+01,  1.00044003e+01,  8.35767395e+00,     6.62632192e+00, -6.24354561e+00, -3.70622811e+00, -5.41494840e+00,    -1.00386216e+01, -1.32047794e+01, -1.79137613e+01, -1.05655424e+01,    -2.59819810e+00, -2.26091392e+01, -2.76815977e+00,  9.32533621e+00,    -2.10272241e+01,  8.29582725e+00,  7.12483805e+00, -1.93575754e+01,    -1.58830546e+01, -5.15646959e+00,  4.86222340e+00, -1.13501735e+01,     2.03695269e+01,  1.78805565e+01, -2.17247152e+01,  1.35702227e+01,     1.01412417e+01,  3.00018833e+00,  6.14292618e+00, -1.19675069e+01,    -4.10902440e+00,  1.30377362e+00,  5.22599502e+00,  1.24075858e+01,    -1.52716267e+01, -1.90997657e+00,  4.91383021e+00,  3.66549356e-01,    -8.65192408e+00,  5.77130666e+00, -7.54831249e+00, -5.54900390e+00,     7.26786005e-01, -1.72006927e+01,  1.71192724e-01, -5.54851322e+00,    -3.46786913e+00,  1.75716572e+00, -1.55620759e+01,  1.57386084e+01,    -7.24321634e+00, -3.65265824e+01, -2.42682478e+01,  1.05855458e+01,    -1.00895932e+01, -5.27129736e+00, -7.80203622e+00, -4.84583762e+00,    -2.87193455e+01, -2.30155039e+00, -1.76904254e+01, -8.83515830e+00,     6.74887776e+00,  2.14882428e+01,  4.56249950e-01, -8.19114817e-02,     1.64381728e+01, -1.44308214e+01,  9.32016360e+00,  2.13996815e+00,    -1.29312046e+01, -6.24025676e+00,  6.25803279e+00,  3.74003830e-01,     3.66959738e+00,  3.51741103e+00, -6.40070996e+00, -8.11533892e+00,    -1.40957771e+01,  1.36661396e+01, -1.83756838e+01, -1.37542340e+01,     3.67633708e+00, -2.47252767e+01,  5.72900420e+00,  1.65732381e+01,    -2.28671157e+00,  3.03581943e+00, -7.78418197e+00, -5.64892876e+00,     2.54719063e+00,  1.04177704e+01, -1.07278808e+01,  7.60617451e+00,    -3.53387084e+00, -6.73105653e-01,  7.11403531e+00,  5.01676486e+00,    -2.73150038e+00, -3.10775541e-01,  5.16829412e+00,  7.94254015e+00,    -1.98700933e+01,  1.17753288e+00,  1.49668989e+01, -2.65571156e+01,     9.17606245e+00, -3.30662401e+01, -2.57289893e+00, -4.21782652e+00,    -2.15821541e+00, -2.78135781e+00, -7.58948470e+00, -1.44635483e+00,     3.95665508e+00, -6.66956722e+00,  3.58033349e+00,  2.49092627e+01,    -1.72044877e+01, -7.44404696e+00,  1.06056054e+01,  6.58846556e+00,     1.15137185e+01,  4.49570193e+00,  7.16497271e+00, -4.51401912e+00,    -1.36934095e+01, -1.26091534e+01, -6.81835723e+00,  7.49546646e-01,    -1.15714965e+01, -3.66196675e+00,  1.86424410e+00,  6.37421534e+00,    -2.31987411e+00,  1.62691056e+01, -1.55610229e+01, -1.50542369e+00,    -1.51362892e+00,  8.08970062e+00, -1.20209834e+01, -7.42198292e+00,     6.21454468e+00,  1.40935494e+01,  2.00047821e+01,  9.94195381e+00,     1.20340378e+01, -7.73748986e+00,  1.79538270e+01,  1.81804886e+01,    -1.51732531e+00,  9.93460692e+00,  1.07378635e+01, -5.90791978e+00,     1.74356234e+00,  1.76915544e+01, -7.32272716e+00, -3.28652372e+00,    -1.77612691e+01,  6.95926782e+00, -3.01387277e+00,  5.44716142e+00,     1.86458968e+00, -1.13434964e+01,  1.34015399e+01,  1.12032580e+01,    -7.25739818e+00,  4.60186960e+00, -1.63198074e+01, -1.50346613e+01,     6.57307571e+00, -1.91451269e+01, -8.38261194e+00,  1.76508620e+00,     2.36684719e+01, -5.98977963e+00, -3.37442923e+00, -4.40656173e+00,     3.22085574e+01,  4.85304781e+00, -1.15597554e+01,  1.94112412e+01,     1.76602542e+01,  8.96861666e+00,  2.13771118e+01,  2.27725610e+01,    -2.56420626e+00, -8.22459281e+00, -8.99856433e+00,  7.33944853e+00,     1.01991761e+01, -1.65115982e+00, -6.31917682e+00, -1.70239261e+01,    -7.30384854e+00, -1.26667431e+01,  8.26085301e+00,  4.56174302e+00,     1.69550215e+01,  2.25621759e+00, -6.98913496e+00, -2.00415493e+00,     1.13674097e+01,  3.61630687e+00,  1.55128602e+01,  1.62325945e+01,    -3.51822430e+00, -2.29648415e+00, -2.72936779e+01,  1.43949515e+01,    -1.30351012e+00,  1.51758245e+01, -6.13803954e+00, -1.73783988e+01,     5.22289691e+00,  1.96142639e+01, -7.14020839e+00,  1.90469428e+01,    -2.03537906e+01, -6.56636613e+00, -2.26484416e+01,  5.75183346e+00,     2.92012715e+00,  7.99919090e-01, -1.70449279e+01,  2.46357902e+01,     1.49923466e+01,  2.11915146e+00, -1.30611424e+01,  6.25118656e+00,    -7.06055805e+00, -3.04871224e+00, -6.09521520e+00,  5.52649831e+00,    -3.27841707e+00, -5.37115736e+00,  5.83150592e+00,  6.86498065e+00,    -2.43410655e+01,  5.40576523e+00,  1.84742896e+01,  1.16918035e+01,    -3.86223070e+00,  7.56616706e-01, -1.02983192e+01,  1.62381138e+01,     4.08601855e+00, -1.83247743e+00, -1.69257436e+00,  3.02359750e+01,    -3.85237000e-01,  8.12337162e+00,  2.02393790e+01,  2.75391526e+01,     1.70312066e+01,  1.19792113e+01, -1.72367956e+01, -1.26436158e+01,     9.58792072e+00,  4.65217951e-01,  8.71047418e+00,  4.41451768e+00,     1.74263361e+01, -2.20738726e+01, -1.36110544e+01, -2.59128461e+00,    -2.37731969e+01,  4.75559834e+00,  1.12425432e+01,  2.86705435e+00,    -6.25405341e+00,  6.63444199e+00,  3.90277046e+01,  7.94362394e+00,     4.34996676e+00, -1.35811743e+01, -1.76383985e+01, -4.65394331e+00,     8.27654793e+00, -1.54124488e+00,  6.36501494e+00,  9.74271434e+00,    -1.74611276e+01,  7.16929252e+00,  1.29586446e+01,  1.61860641e+01,    -2.16191999e+00,  2.56649162e-01, -2.30920146e+00, -1.33472901e+01,    -1.99950457e+01,  2.21793195e+01, -2.12649082e+00, -1.59545816e+01,     1.05079940e+00, -7.45760920e+00,  2.50850268e+01, -6.15503344e+00,    -1.01513766e+01,  9.71300345e+00, -3.93273943e+00,  1.22872105e+01,    -6.29910543e-01,  2.73948148e+01,  1.36687339e+01,  9.25140618e-01,    -1.01844348e+01,  7.25826261e+00, -1.52686620e+01, -2.27189411e+00,     1.77074753e+01, -7.43248994e+00, -1.24902757e+01, -5.97764422e+00,     1.47256134e+01,  3.57301230e+00, -2.35276399e+01,  9.31665345e+00,     3.54151473e+00,  2.39794391e+00, -1.40368090e+01,  1.40087155e+00,     9.72201150e+00,  1.41338411e+01,  1.76955980e+01,  8.49196861e+00,     1.44954007e+00, -1.46297081e+01, -1.27379447e+01, -1.99634968e+01,    -2.65663148e+00,  9.46922080e+00, -8.17225211e-01,  1.51746068e+01,    -8.91379794e+00,  4.81579835e+00, -4.77402989e+00, -7.70648997e+00,     1.63338362e+01,  1.93917354e+00,  1.70042280e+01,  1.47086913e+00,     6.62793581e+00, -4.65711916e+00,  1.68531351e+01, -3.53011364e+00,    -2.16066643e-01, -2.20553504e+01, -2.82127864e+00,  2.01018278e+01,     1.90553649e+01,  6.57965295e+00, -3.56794462e+00,  8.16670306e-01,    -5.56591226e+00, -2.61549264e+00,  2.49027065e+01,  1.08577393e+00,    -6.75631345e+00, -3.07156737e+01, -1.41966219e+01, -1.05505339e+01,    -1.79259170e+01, -1.63846515e+01, -2.00200598e+01, -1.26644939e+01,    -9.85221522e+00, -1.27565899e+01,  1.29496594e+01, -6.81341727e+00,    -2.68046609e+01,  1.20397043e+01, -8.72801119e+00, -2.22133955e+01,     2.78291490e+01, -6.53496075e+00,  5.40615047e+00,  1.18109547e+01,     1.56588538e+00,  6.86607132e+00,  4.60062054e-01,  8.98946800e-02,    -3.78481105e+00, -2.02308648e+01,  3.22768636e+00, -3.54967732e+01,     1.86505874e+01, -1.17179370e+01, -4.31416455e+00, -4.96964605e+00,     4.33768506e+00, -5.57036601e+00,  8.38938190e+00, -1.53868349e+01,     1.08047334e+01,  1.11560409e+01,  4.01391163e+00,  2.59400319e+00,     5.75953959e+00,  1.93420090e+00,  9.05337983e+00, -1.97209201e+00,    -1.82081548e+01,  2.68062217e+00, -7.76043797e+00, -5.01629807e-01,     1.45155603e+01, -2.31618297e+01,  2.82713827e-01,  5.23614847e-01,     2.61508521e+00,  8.86567886e+00, -3.84769932e+00,  2.36886833e+01,     1.21689641e+01, -4.62701239e+00, -2.95291136e+00,  9.76319179e-01,     2.21974591e+01, -1.49415047e+01, -2.91167373e+01,  8.37935982e+00,    -2.81525132e+00, -3.96937460e+00,  4.80661834e+00,  2.17155785e+01,     1.24505035e+01, -4.93531468e+00, -1.45958925e+01, -2.54235201e+00,     8.15334858e+00, -4.10387158e+00, -2.12129901e+01, -1.56118446e+00,    -2.61930579e+01, -1.35792469e+01,  2.31508553e+01, -1.41975684e+01,    -1.90632601e+01, -1.51688392e+01, -1.05151770e+01,  9.46471587e+00,     2.34343064e+01, -1.81547170e+00,  7.73045205e+00, -5.03452090e+00,    -1.90011228e+01,  1.44334462e+01, -1.30679842e+01,  8.25751043e+00,     9.23641546e+00, -3.20553041e+00,  1.13024330e+01,  1.16052128e+01,     3.11961543e+01, -4.03060532e+00, -1.39259433e+01, -1.83184127e+01,    -4.18852312e+00, -9.15107354e+00,  2.81087960e+01, -1.30045575e+01,     2.51736684e+00,  1.74473708e+00, -6.53417634e+00, -2.29972224e+01,    -1.99174427e+00,  2.79358548e+01,  4.12235663e+00,  2.19501013e+00,    -1.50850274e+01, -1.58155485e+01, -3.20369694e+00,  1.33443511e+01,    -6.96039474e+00,  2.93315396e+01, -1.23678977e+01,  4.63373570e+00,    -5.50189426e+00, -1.84500215e+01,  1.30274885e+00, -1.52347152e+01,    -2.09554339e+01,  2.08955199e+00,  4.04969646e-01,  1.38279545e+01,     6.46800126e+00, -9.66474436e+00,  6.59057363e+00, -2.34062825e+01,    -1.42485176e+01,  2.61786831e+01,  2.34298075e+00, -3.38017034e+00,    -8.22696481e+00, -2.21581011e-01, -2.42503989e+00,  2.46101476e+01,     1.16202480e+01, -3.57251182e+00, -1.79712103e+00, -1.14227883e+01,    -4.76454964e+00, -1.83163658e+01,  1.40654870e+01,  1.89355759e+00,     3.30875408e+00,  4.42366693e+00, -2.40470960e+00, -5.56513363e+00,     2.21334957e-01, -2.97529750e+01, -4.53280455e+00, -2.23330221e+00,    -2.14751649e+00,  1.49452562e+01,  1.75736099e+01,  4.65322436e+00,    -2.65580091e+01,  1.82064338e+01, -6.59534947e+00, -1.04511634e+01,    -2.43689477e+01, -9.48400326e+00,  1.64144359e+01,  8.38374181e+00,     3.75008015e+00,  8.88909428e+00, -1.56587557e+01, -1.25859329e+01,     1.66185512e+01,  1.14064421e+01,  1.40115328e+01,  6.36237210e-01,     2.55149809e+00,  1.52889218e+01,  2.77751227e+01, -6.86009234e+00,     1.03033143e+01, -5.15965376e+00, -1.19643162e+01, -9.28995811e+00,    -8.52937124e+00, -3.76903052e+00, -1.40139981e+01, -6.17534500e+00,    -3.77848362e+01,  9.57540190e+00,  7.03124180e+00, -7.13018689e-01,    -1.06342192e+01, -5.70875341e+00, -1.51090509e+01,  2.98930702e+00,     2.27489074e+01, -5.72438094e+00, -5.07912534e+00,  5.50656440e+00,    -1.39267515e+01,  2.48683130e+01,  4.72627678e+00,  3.74171647e+00,     1.46590252e+01, -3.52504209e-01,  1.61216196e+01,  4.76600245e+00,    -2.10231518e+00,  3.34539297e+00, -1.45263672e+00,  2.01662104e+01,     2.41317033e+00,  4.81306040e+00, -2.77813009e+00,  3.15021591e+00,    -2.61718586e+01, -1.00529851e+01, -1.32297308e+01,  1.46287933e+01,    -9.23018881e+00, -1.71974052e+01,  1.60925005e+01, -3.91709037e+00,     1.24315345e+01, -2.53383302e+01,  6.51520617e+00,  1.69915802e+00,     1.52354386e+00, -2.88241298e+00, -1.81309031e+00,  1.38626832e+01,     6.32695672e-01, -1.38272099e+01, -5.63042072e+00,  6.47274007e+00,    -3.32475719e+01, -2.57736933e+01,  6.64341269e-01,  3.63471465e+00,    -1.32002397e+01, -5.29594838e-01,  3.04581647e+01,  8.90676957e+00,    -1.58897412e+01,  2.21484961e+00, -2.63694840e+00,  3.43657162e+00,    -9.63201923e+00,  5.73110665e+00,  7.13830866e+00, -1.80266871e+00,     3.11333061e+01, -2.67949800e+00, -8.87031305e+00,  6.50636545e+00,     1.25033215e+01, -9.94320152e+00, -4.27096347e-01,  2.75359502e+01,    -7.77473079e-01,  1.53583048e+01,  4.43890662e+00, -2.46602400e+00,    -6.05131875e+00,  1.47389358e+01, -1.57450458e+01, -8.94348891e-01,    -5.10773808e+00, -1.18192524e+01,  3.81513989e+00,  6.60669125e+00,     1.26704814e+00, -4.85155309e-01, -1.10190648e+01,  4.99639274e+00,    -1.05613802e+00, -6.65480335e+00, -5.99721426e+00,  5.77373405e+00,    -9.88144039e-01, -1.05280596e+01, -2.99421067e+01,  1.69318234e+00,     5.93578430e+00, -1.22797510e+01, -6.60532582e+00,  2.29836326e+01,     2.48165599e+00,  1.05090195e+01,  1.90777246e+00,  1.00140813e+01,     9.93362003e-01, -1.10617969e+01, -1.50663015e+00,  2.11174034e+00,     7.84575082e+00,  2.19908399e+01,  1.39658710e+01,  3.57498381e-01,     3.62619364e+00,  1.72621235e+01,  7.29636316e+00, -2.07936376e+01,    -7.79818745e+00,  4.15851609e+00,  2.35367965e+00,  7.11304891e+00,    -1.50184941e+01,  2.10015919e+00,  1.09980593e+01,  1.38337650e+01,    -1.20951662e+01, -8.44767778e-01, -5.65224293e-01, -4.95441175e+00,    -8.50584956e+00, -4.55528131e+00, -1.72227527e+00,  2.63803441e+00,     1.17495525e+01, -8.70666200e+00,  2.31274813e+01,  9.38598542e+00,     6.76661228e+00,  1.01541358e+01,  8.20113410e+00,  9.37600037e+00,     1.54810342e+01, -1.29959802e+01,  1.78017085e+01, -3.16626236e+01,     8.82409558e+00, -2.98317052e+01,  2.30876277e+01,  2.10719164e+01,    -2.66267842e+00, -1.36969626e+01, -1.21424330e+01, -1.64033925e+01,    -1.81550435e+01,  1.54186496e+01,  1.19373188e+01,  6.77375462e+00,     8.97164896e+00,  1.13858062e+01, -1.12461227e+01, -4.70962132e+00,     1.59550171e+01, -3.42547498e+00,  1.44921231e+01,  2.08626303e+01,    -1.03541555e+00, -2.07251512e+01,  6.82726818e-01,  3.26501712e-01,    -2.64044967e+00,  4.06474600e-01, -1.86808784e+01, -4.36685386e+00,     2.99410006e+00,  2.97933381e+00,  1.36078132e+01, -1.10881335e+01,     1.69649098e+01, -1.13126024e+01,  6.65718879e+00,  1.14308534e+01]
