name = '*CO_19'
composition = {'H':0, 'C':1, 'N':0, 'O':1, 'Pt':1}
facet = ['Ni100'] 
coverage = 1
DFT_energy = [-89.466, 'eV']
ZPE_energy = [0.165, 'eV']
frequencies = [133.6, 142.4, 239.0, 244.3, 278.4, 1630.3, 'cm-1']
gas_DFT_energy = [-12.06623, 'eV']
gas_ZPE_energy = [0.133, 'eV']
sites = 1
BEE = [-5.02325489e+02, -3.98975342e+01, -1.16137627e+02,  3.89220419e+02,    -1.84001387e+02, -1.60909703e+02, -3.43571861e+02, -7.65138296e+02,    -3.66122376e+02, -4.09822630e+02, -3.34036059e+02,  4.01397412e+01,     1.19298078e+01,  2.60620299e+01,  2.69046950e+01,  4.04513610e+02,    -1.78723165e+02, -1.57347995e+02,  1.49576573e+02, -9.54990800e+02,     5.02626913e+02, -2.29063948e+02, -4.41538513e+01, -1.03666588e+02,    -4.82434073e+01, -4.97446240e+01,  7.42381042e+02, -1.82902555e+02,    -7.10893593e+01, -4.51074109e+02,  6.63640083e+02, -1.17077256e+02,    -3.34466255e+02,  2.05801862e+02, -3.66916422e+01,  1.67552104e+02,    -2.68782788e+01,  6.13795573e+01,  2.34289157e+02, -8.73998743e+02,     4.65293372e+02,  1.10204989e+02, -5.01055130e+01, -2.89874645e+02,     9.64623339e+01, -1.55861927e+02,  3.76494810e+02,  3.17534569e+02,    -2.36036006e+02, -2.51027614e+02, -2.55822302e+02, -2.90899286e+02,     9.78498262e+01, -4.26746252e+02,  1.17779136e+02,  5.14931186e+02,     5.87786293e+02,  2.99034675e+02,  1.38524149e+02,  2.35582704e+02,     7.70292735e+02,  1.80581715e+02, -4.73363914e+02, -1.06142523e+02,    -2.02277456e+02,  5.23801025e+02, -6.43540708e+02, -5.37556907e+02,    -2.32742727e+02, -8.47982197e+01, -3.75769056e+02,  2.30190851e+02,     8.24949881e+01,  1.12783501e+02, -3.31178474e+02, -2.99133192e+02,    -4.83874342e+02,  3.21346229e+02, -2.80967548e+02,  2.26109082e+02,    -5.65563499e+01, -2.51619275e+02, -5.00176583e+02, -1.48598696e+02,    -9.68241660e+01, -1.36908007e+02,  3.38345018e+02,  6.07974759e+02,    -3.62854657e+02, -6.87241542e+02, -1.70518069e+02,  9.51533480e+02,    -4.90262017e+02,  2.83986075e+02, -9.06894607e+01, -5.33530304e+02,     2.06986073e+02,  3.27461333e+02, -1.49904311e+02,  3.01831463e+02,    -2.29626071e+02, -4.40741846e+02,  7.64210149e+02,  3.98503945e+02,     2.66354257e+02,  1.25503513e+02,  2.10569762e+02,  6.98949680e+02,    -2.13683096e+02,  4.96728701e+01, -1.18546932e+03,  1.58142307e+02,    -5.84660971e+02,  1.24545969e+02,  1.85297152e+02, -2.92887789e+02,    -4.59203055e+02,  5.34774580e+01, -2.51960660e+02,  3.04679921e+02,    -4.35645684e+02, -2.28314595e+01, -3.04428838e+02, -3.59816425e+01,    -2.79047463e+01,  1.44511960e+02,  1.08310625e+01, -5.15589434e+01,     5.19006308e+02,  7.82800013e+02,  4.09592826e+02,  6.69150607e+02,    -1.03016409e+02,  1.15639624e+02,  4.71070690e+02, -7.74186865e+01,    -6.55481254e+02, -3.21289372e+02, -4.30246092e+02, -2.46380911e+02,     2.39613369e+02, -1.01021070e+03, -1.64825756e+02,  3.68479800e+02,    -3.12571288e+02, -3.14901068e+02,  4.64254310e+02,  3.77427923e+02,    -2.96561175e+02,  1.66087229e+02, -2.10588400e+02,  2.98346655e+02,     3.39360064e+01,  1.31172079e+02, -7.44551110e+02, -4.16431014e+02,    -6.63710623e+01,  2.44849593e+00, -3.31826587e+02,  9.13700332e+02,    -1.90343201e+02, -2.87831561e+02,  3.21961024e+02, -4.10982768e+02,    -2.79356752e+02,  2.62462098e+02,  9.41886969e+01,  1.11671156e+02,     1.03587659e+02, -9.62471610e+01,  1.66420690e+02,  4.99132452e+02,    -2.53198134e+02,  1.48093553e+02,  7.79598752e+02,  2.86642421e+02,    -7.47709128e+01, -1.64144853e+02,  1.31899676e+03, -1.50380877e+02,     3.03033383e+02,  1.85943776e+02,  2.94976608e+02,  7.61811484e+02,     4.26991955e+02, -2.49419566e+01,  1.93801917e+02,  4.04670970e+02,     3.32939809e+02, -4.76640210e+02,  8.01617402e+02, -7.14116679e+02,    -1.51321485e+02,  4.92513819e+02,  7.19887819e+01,  5.86066640e+01,     2.68322436e+02,  2.09402481e+02,  3.07038305e+02, -5.47088929e+02,     4.31072344e+01, -2.34247701e+02, -9.32745437e+01, -2.89581121e+01,    -7.62428715e+01, -4.77012203e+01,  7.01758567e+02, -7.29230224e+01,    -2.37605499e+02, -1.95065047e+01,  9.97635421e+01, -5.04428753e+02,    -3.83461253e+02, -3.12224147e+02, -5.40271701e+02, -1.40803530e+02,    -3.56277872e+02,  1.66515695e+02, -9.82846538e+00, -9.11610947e+01,    -7.33217743e+01,  5.58248187e+01, -1.71693606e+02,  5.73819208e+02,    -7.03956265e+02, -1.38373872e+02, -1.34829812e+02,  1.44612408e+02,     1.57645386e+02, -3.96207135e+02, -1.56366309e+02,  3.58420435e+02,    -1.91308344e+02,  1.35477651e+02,  3.17064116e+02, -3.61169071e+01,     9.68815855e+02, -1.76001401e+02, -2.75698758e+02,  5.56881102e+01,    -1.94216212e+02,  4.55774042e+02, -3.08682763e+02,  7.24400965e+01,     5.36701018e+02, -1.12680111e+02,  1.03061961e+03,  1.10047918e+03,    -5.62797517e+02,  4.97697644e+02,  1.43186917e+02, -4.58550917e+02,     1.50560662e+02,  3.10760297e+02,  3.25970679e+02,  2.06732715e+01,     1.00382013e+02,  6.10267405e+02, -1.97495364e+02,  1.39843829e+02,     6.53671483e+02, -3.20657354e+02, -1.28224766e+02,  4.46286080e+02,     2.29754487e+02,  6.53312173e+02,  2.20650285e+02,  5.78970145e+01,     2.24749339e+02,  3.33217329e+02, -4.15092294e+02,  2.90814250e+01,     1.57468577e+02,  1.05403808e+02,  1.87978078e+02, -5.02763132e+02,     2.93756627e+02, -3.81398317e+02, -2.70369020e+02,  1.50036456e+02,    -1.21016087e+02,  4.69163292e+02, -2.07701481e+02,  2.48459397e+02,     2.79061348e+02,  6.82462761e+02,  4.75804492e+02,  4.06907085e+02,    -7.58240943e+01, -5.81577411e+01, -2.71336238e+02,  6.56581159e+02,     6.73766349e+02,  3.20230153e+02, -1.97293826e+02,  4.31014235e+02,    -7.68052723e+01,  1.82059840e+02,  5.33328660e+02,  6.43230087e+00,    -6.63573614e+01, -2.12101288e+02, -4.55466469e+02,  8.30449667e+02,     3.86641355e+02, -4.78962634e+02, -1.32550795e+02,  2.39275460e+02,    -9.07985259e+01,  5.33975012e+02,  1.04167112e+02,  6.81837760e+02,     2.65132427e+02, -2.43235591e+02,  2.12058179e+02, -3.60890606e+01,    -2.72610721e+02,  1.43656707e+02,  1.60529584e+02,  7.77389070e+02,     6.84409740e+02,  4.50226018e+02,  5.96889327e+02,  6.20736807e+01,    -2.34773467e+02,  1.33618680e+02, -2.84582798e+02, -4.33512601e+02,    -4.95910075e+02, -2.33350539e+02, -9.22613346e+02, -2.65940000e+02,    -7.31287850e+02,  1.83487170e+02, -3.94291627e+02,  3.50008722e+02,    -8.18660748e+02, -2.76520573e+02,  4.22682212e+02,  1.92368561e+02,    -7.37085635e+02,  5.31585021e+02, -2.06639135e+02,  4.46261121e+02,    -2.20236933e+02, -6.75430376e+02,  1.04314093e+02, -5.44778826e+02,    -1.15355846e+02,  2.37691952e+00,  3.63804754e+02,  1.06986224e+03,    -3.89038967e+02, -2.99005014e+02, -2.21377809e+00, -1.20337774e+02,    -6.93612253e+02, -4.75968764e+02,  4.23479079e+02, -2.17278131e+02,     1.43543547e+02, -4.16504712e+02, -1.27592508e+02, -3.42778729e+02,     4.57707684e+02,  1.31366075e+02, -1.91553383e+02, -1.14565319e+02,     8.65981125e+01, -7.22316648e+01,  3.72134910e+02, -2.14411188e+02,     4.38137186e+01,  2.93440886e+02,  1.50168631e+02, -1.49580532e+02,     1.32278641e+03,  4.63254423e+02,  2.91292903e+01,  8.96206885e+01,    -5.27352647e+02,  2.63866612e+02, -6.40150390e+02, -2.19011192e+02,    -4.70391149e+02, -1.62886473e+02,  4.73989247e+02, -4.82303382e+02,     1.55141975e+02, -2.35203344e+01,  2.76528183e+01, -3.17954807e+02,    -3.81558017e+02, -2.43206317e+00, -3.65657805e+02, -1.89339624e+02,    -3.49597176e+02, -8.88736714e+01, -3.06509879e+02, -4.38907574e+02,     1.92791254e+02, -1.47603653e+02,  1.80503179e+02,  8.69193603e+01,    -6.27490200e+02, -4.67909399e+02, -3.38722598e+02,  3.04752184e+02,    -8.64355412e+00, -5.40482751e+02,  4.96463339e+02, -3.39769655e+02,     4.67122674e+02, -2.57014452e+02, -4.15932317e+02,  2.26778201e+02,    -5.79031325e+02, -3.31800452e+02,  5.44868270e+02,  1.54350335e+02,    -3.45608233e+02,  4.48410638e+02, -1.46238937e+02, -3.22503497e+02,    -2.61877037e+02, -4.14445618e+02,  2.02126407e+02, -7.74919826e+02,    -7.11423530e+02, -8.21838605e+01, -2.57039293e+02, -4.70042915e+02,     6.15139103e+02,  1.12723531e+03, -2.82374685e+02, -2.71807493e+01,    -5.39400030e+02,  5.63689123e+02,  1.58174759e+02, -1.67166598e+02,    -3.29019725e+02,  1.44273693e+02, -5.19552830e+02, -1.72229952e+02,    -7.58116360e+02,  2.98630994e+02,  1.12078880e+02,  4.93538019e+00,    -5.84152830e+01, -2.91626725e+02, -7.59762936e+01,  1.08978738e+03,    -1.63998695e+02, -3.94516431e+02, -5.78557710e+02,  1.11294285e+02,    -3.06679710e+02,  7.56397911e+01,  2.49363291e+02,  5.71060189e+01,     2.40506266e+02,  1.02718866e+02,  5.09000414e+02,  2.63127556e+02,    -2.89011844e+02,  3.60837354e+02,  2.96365373e+02,  9.50833658e+01,     3.82046160e+02, -2.09412485e+02,  6.20902044e+02,  1.57600658e+02,    -2.57252515e+02, -4.97898021e+01, -1.63301307e+02,  2.05427387e+02,    -2.25151855e+02, -2.52832868e+01, -9.25156175e+01,  7.08587006e+02,     4.57590062e+02, -5.76753560e+02, -3.54589748e+01, -4.61067895e+02,    -1.50258202e+02, -1.94003490e+02,  6.34431115e+01, -1.23516039e+01,    -2.21380417e+02,  1.07751972e+02, -5.95392248e+01, -9.02003588e+01,     7.40651623e+02,  1.54679821e+02, -6.91875076e+02, -3.78637392e+02,     7.88083884e+02,  2.34285734e+02, -7.28647892e+01,  9.08505011e+02,    -1.58250641e+02, -9.66720687e+01, -5.01331933e+01,  1.15461471e+02,     2.42878240e+02,  3.47568334e+01,  2.28912724e+02, -1.35228348e+02,    -2.65346061e+02, -3.69641830e+02, -4.09703379e+02,  3.83693649e+02,     1.08174713e+02,  3.22954518e+02,  1.18335875e+02,  7.56248871e+02,     1.49895292e+02, -6.98766779e+02, -2.93235956e+02,  8.46967449e+01,    -2.37092694e+02,  5.30300218e+02, -1.07386484e+02,  1.57066711e+02,     4.25583755e+02, -6.27139371e+02,  1.26894536e+03,  1.65370486e+02,     2.02940981e+02,  2.99320287e+02,  6.91408186e+01, -6.14620322e+00,     3.08198072e+02, -3.03492888e+02,  6.98214586e+02,  6.02115412e+02,    -3.53689285e+02,  1.27942175e+02,  5.93089482e+02, -1.84920873e+02,     1.35826192e+02,  3.65129335e+02,  3.64355763e+02, -6.69580442e+02,    -1.18681635e+02, -2.99764608e+02, -2.68694013e+01, -3.55368905e+01,    -2.24685624e+01, -1.39440290e+02, -2.51088308e+02,  7.03721626e+01,     8.72394279e+01,  4.56570396e+02, -3.59357853e+02,  3.29720719e+02,     3.82064791e+02, -1.42691102e+02,  7.56594803e+02, -5.82804533e+02,    -8.99142581e+02, -5.63918945e+01, -7.20157356e+01,  1.41840661e-01,     6.72350883e+02, -6.22890550e+01,  3.46610992e+02,  4.08288273e+02,     3.23869861e+02, -9.00293526e+01,  5.39512137e+02, -1.35984594e+02,    -2.75994443e+02, -3.95474073e+02,  4.56807344e+01,  3.28648645e+02,    -4.32047555e+01,  3.26962786e+02, -2.58010942e+01,  5.45430453e+02,     1.70308461e+02,  7.55332788e+01, -4.69069515e+01,  2.89216141e+02,     3.21821383e+02,  1.69824819e+02, -6.65628001e+00, -4.57270342e+02,     2.56413814e+02,  1.68574391e+02,  3.14905037e+02,  2.64758614e+02,     3.01064286e+02, -5.02479646e+01,  2.30957677e+02, -2.09350946e+02,    -9.40887777e+00, -4.74149738e+02, -2.65248732e+02,  3.33692776e+02,    -7.71645234e+02,  2.50647464e+02,  1.45099143e+02,  7.05203952e+02,    -2.22335211e+02,  2.59617468e+02, -9.93227690e+01, -4.11931151e+02,    -6.13294541e+02, -6.92112941e+01, -7.49144927e+02,  1.37091681e+02,    -1.76115269e+02,  2.54875193e+02,  1.73678794e+02, -2.18071472e+02,    -2.13376528e+02,  3.28726577e+02, -5.10545085e+02, -1.04098289e+02,    -1.77068098e+02,  1.99863483e+02, -4.52487326e+01,  4.92597561e+01,    -1.84047415e+02,  4.84331519e+02, -4.05057765e+02,  8.29055104e+01,     5.11828180e+02, -2.91732247e+02,  1.55480030e+01, -3.17384123e+01,    -5.84479710e+02, -3.95728394e+02, -6.82974222e+01,  2.24692926e+02,     2.73506113e+02,  4.14528462e+01, -6.90336755e+01,  1.88757025e+02,    -3.84391451e+02,  1.92327120e+00, -4.28550837e+02, -2.33271220e+02,     3.99923821e+02, -2.50158622e+02,  5.45960868e+02, -1.81072590e+02,     2.99525242e+02,  2.17719851e+02, -5.29650947e+02, -2.43104865e+02,     7.22687351e+01, -3.38948174e+02, -2.97889192e+02, -7.37596012e+02,    -4.74353509e+02, -4.44936379e+02, -3.66070431e+02,  1.97403301e+01,     1.11950734e+02,  8.29903551e+00,  1.77935582e+02, -4.85287951e+02,     1.23507493e+02,  1.76700283e+02, -5.65496964e+02, -5.47871165e+02,    -3.49690601e+02, -1.98432819e+02,  1.66464271e+02,  7.56082412e+00,    -3.78430499e+02,  3.03347970e+02, -1.69583294e+02,  4.25293275e+02,    -7.59491672e+02,  5.12750349e+02, -3.11955216e+01, -3.11888840e+02,    -2.22863443e+02,  2.73531113e+01,  3.61298765e+02, -6.41822205e+02,    -1.20309158e+02, -1.74597457e+02,  4.17538000e+02,  7.14310464e+02,    -8.26148879e+02,  7.95246930e+02,  3.88169075e+02, -6.35091359e+02,    -3.00175287e+02,  6.48662492e+02,  5.14211505e+02, -1.52960618e+02,    -3.04781431e+01,  8.94285495e+01,  6.02804271e+02, -4.48828819e+02,     1.39176651e+02, -6.46104257e+01,  2.59269368e+02, -6.29728360e+02,    -6.47659230e+01, -2.86690174e+02,  4.02387081e+02,  3.63265605e+02,    -7.29198457e+02, -4.21875483e+02, -1.93570397e+02, -3.30709248e+02,    -1.24859390e+02, -1.96804864e+02,  3.64856256e+02,  3.53808866e+02,    -5.05919589e+01, -3.92979181e+02, -7.10835302e+02,  3.69715753e+02,    -4.32198798e+02, -2.67173327e+02,  4.09150665e+01, -2.93387481e+02,    -3.54904417e+02, -2.19975583e+02, -3.59377504e+02, -2.28710941e+02,    -4.34058887e+02,  4.96321093e+02,  5.50489031e+02, -2.83233859e+01,    -2.03555503e+02, -1.37192847e+01,  3.62055879e+02, -7.51365255e+02,    -1.78050587e+02,  4.25798488e+02,  5.71702379e+02, -1.57207288e+02,     9.70556713e+01,  4.67322294e+02,  1.32784804e+02, -5.66786678e+01,    -3.77099066e+02,  1.92802349e+02, -3.06190119e+02, -1.37075616e+02,    -1.64978817e+02, -1.59833444e+02,  1.69283613e+02,  6.65341756e+02,     6.76881800e+00,  3.48270043e+01, -7.73274990e+02, -1.48678190e+02,    -3.23432250e+02,  4.02050838e+01, -3.59315031e+02,  6.69826280e+02,     6.94225484e+02,  1.25765184e+02, -1.27535581e+02,  1.23183865e+02,     2.17200883e+02, -4.07866722e+02, -6.56784431e+01,  1.19105286e+02,     1.18187439e+02,  4.84494748e+02,  3.85098071e+02, -1.78116819e+02,     2.42219920e+02, -8.25178029e+02, -3.73088212e+01,  7.27667792e+02,     8.21355851e+01, -6.55033577e+00,  2.84536050e+02, -2.47547854e+02,     7.92136184e+02, -1.05292879e+02,  7.26619959e+02,  3.16829175e+02,    -3.27737352e+02,  2.61366898e+02, -2.63241883e+02, -5.87623034e+02,    -3.39241297e+01, -4.84287431e+02, -4.56584346e+02, -4.53631657e+01,     2.75119920e+02, -4.86982125e+01, -2.87863243e+02,  6.43638189e+01,    -6.22889382e+02, -7.93315899e+01, -7.08239231e+02,  4.46036708e+02,    -1.16842289e+01, -4.39253935e+02, -1.62624310e+02,  1.47676145e+02,    -2.75243193e+02, -4.03875521e+02,  7.71225074e+02, -1.91713224e+02,    -3.80374429e+02,  2.15598403e+02, -1.01674959e+02,  4.38787467e+02,    -1.44990971e+01,  7.37418332e+01,  8.72611990e+02, -1.53780073e+02,    -2.99428445e+02, -3.20288856e+02, -4.55612548e+02, -2.82573072e+02,     2.43735737e+02,  1.79850981e+02,  1.82117525e+02,  6.42066803e+02,     2.00230929e+01,  1.43200999e+02, -5.69331303e+02,  2.11080831e+01,    -2.00478016e+02, -2.29029652e+02,  1.48993470e+01,  3.01924848e+02,     3.29124471e+02,  6.78223315e+00,  8.00794708e+01,  2.53295926e+02,     3.20901343e+02, -2.06213587e+02, -1.12821765e+02,  1.45969512e+01,    -2.01274222e+02, -6.77574916e+01, -2.33057441e+02,  6.49925602e+02,     5.58146277e+02, -1.08955568e+02,  1.03925813e+02, -2.05247083e+01,    -2.04719630e+02,  2.87509151e+02, -7.55471196e+01,  3.35274290e+02,    -4.62292111e+02,  1.62106787e+02, -9.52300627e+01, -4.68535361e+02,    -2.16844550e+02,  2.34844480e+02, -7.36374136e+02,  3.63113478e+02,     4.23761309e+02, -6.16501885e+01, -4.35715446e+01, -2.75645723e+01,     2.09942745e+02, -2.83154333e+02,  3.13265304e+02,  2.44099487e+02,    -8.98856015e+02, -2.83888614e+02,  1.94629923e+02, -7.93580659e+01,     3.29661225e+02, -5.29755363e+02, -3.88289456e+00, -3.57022232e+02,    -1.06376158e+03,  6.45453217e+02, -5.11644313e+02, -4.95441111e+02,     7.60945886e+01,  1.10235662e+03,  3.98675793e-02, -1.85690781e+02,    -1.81172743e+01, -6.15972701e+01, -7.62273674e+02, -5.32536720e+02,     6.69587956e+02, -4.41812244e+01, -3.40417266e+02,  4.33029778e+02,    -2.97106754e+02,  3.40764293e+02,  4.68427748e+02, -5.30264498e+02,    -2.21615746e+02, -2.96357978e+02, -1.29111220e+02, -1.67012045e+02,    -5.79992045e+01,  1.17760413e+02, -2.89311055e+02,  2.55663795e+02,     5.14038734e+02, -1.38810181e+02, -1.52975422e+02,  1.19034027e+02,     4.93615482e+02,  4.18745688e+02,  3.16825568e+01, -1.45344032e+01,    -4.67119495e+01, -4.37989504e+02,  3.25558828e+02, -2.06936543e+02,     1.70793959e+02, -1.35427921e+02,  2.49979798e+02,  1.51072952e+02,    -6.78480089e+02, -2.39264589e+02, -6.79624555e+02, -2.79405793e+02,     6.48987650e+01, -1.48044227e+02,  2.57212700e+02, -2.48461705e+02,     1.60264074e+01,  9.02848547e+01,  6.41255109e+02,  3.22172481e+02,    -2.33034928e+02,  1.77616981e+01,  9.58943221e+01,  3.43638360e+02,    -5.34651469e+00,  4.35668930e+02,  2.09228060e+02,  7.67456555e+02,     2.18216626e+01,  5.88730493e+02, -2.24422519e+02, -3.31649800e+02,     7.12516714e+01,  6.40723692e+01,  2.62524699e+02, -5.51163012e+01,    -1.37394757e+02,  2.23814221e+02, -3.94726859e+02, -4.45974122e+02,     6.60975978e+02, -5.05816791e+01, -3.68728577e+02, -3.97738751e+00,    -1.21764979e+02,  3.01514455e+02,  2.84747539e+02, -1.68350065e+02,     9.63552386e+00, -2.32940156e+02, -2.80771924e+02, -2.45994871e+02,    -8.23681105e+02, -2.90869882e+01, -5.55220716e+02, -4.74306288e+02,    -3.39244246e+02,  1.51127050e+02, -3.24318953e+02,  1.88633341e+02,    -4.86075338e+02,  9.33651890e+00, -3.50348567e+02,  6.42442576e+01,     1.02079793e+02,  2.50075993e+02, -1.69971388e+02, -1.26758378e+02,     2.23959752e+02,  5.18113692e+02,  2.80489574e+02,  6.68664886e+01,    -5.87349319e+02, -1.19344938e+02, -2.65643308e+02, -5.22871226e+02,     3.56216510e+02, -2.97622306e+02, -3.77278346e+01, -1.97497118e+02,    -8.72913836e+02,  4.29411309e+02, -1.43974033e+02,  3.54747490e+02,    -5.97717616e+02,  5.64506220e+02,  3.68415419e+01, -2.68377076e+02,     3.98645508e+01, -2.01353056e+02, -5.88023640e+02,  1.21762576e+02,     2.41556541e+02,  2.80650870e+01, -3.11634408e+02, -1.12118228e+02,     1.40138669e+02,  2.51862048e+02,  5.52484877e+02,  2.18834405e+02,    -2.02655184e+02,  7.60576820e+02,  2.48420708e+02,  3.36521812e+02,    -1.45585563e+02,  2.28853618e+02,  1.49496072e+02, -5.30885991e+02,    -1.61547414e+02, -3.39171479e+02, -2.69350742e+02, -8.95251837e+01,    -1.51624032e+02, -3.20182449e+02, -9.78094676e+02, -2.62348982e+02,     1.33015665e+02,  8.76077639e+01,  8.04021228e+01,  4.26941187e+02,     1.60178311e+02,  2.75404594e+02, -3.64265558e+02,  3.97580730e+02,    -4.24485557e+02, -6.59310754e+02,  1.65427141e+02, -3.47476810e+02,    -3.61364683e+02, -1.35699310e+03, -1.02748512e+02,  6.88353301e+02,     4.01256253e+02, -8.76845845e+01, -1.02667487e+02,  2.53867276e+02,     5.86500431e+02, -3.47377155e+02, -8.22617500e+01, -2.73319854e+02,    -3.09001970e+02, -2.93831573e+02,  1.37116967e+02,  6.16197811e+02,    -5.66378331e+02, -4.55960455e+02,  2.11131542e+01, -7.41234628e+01,    -1.22063698e+02, -8.01307313e+02,  4.87021438e+02,  2.16596127e+02,     7.72993380e+01,  4.16704304e+02, -2.60835408e+02,  2.55207048e+02,     2.32320033e+02,  4.59524103e+01, -4.01494136e+01,  1.05616296e+02,    -1.39788592e+02,  4.04492897e+02, -3.75650414e+02,  3.61889463e+02,     8.04643538e+01,  9.62483146e+01,  2.02915572e+02, -7.41060831e+02,     5.52151547e+01, -5.50845201e+02, -4.35351965e+02, -4.22361347e+02,    -3.87152081e+02,  1.15167414e+01,  1.11748387e+02,  4.15090929e+02,     8.31121602e+01,  1.18593621e+02, -6.11876372e+02, -2.15534504e+02,     2.83160097e+02,  1.15400700e+01,  1.61615546e+01, -7.01583966e+01,     3.15506690e+02, -7.84939162e+02,  9.04068660e+01,  2.03392729e+02,     3.91774028e+02,  3.34955528e+02, -4.88673555e+02,  6.52713711e+01,     3.67441724e+01,  3.81571291e+01,  1.65779836e+01, -1.67213439e+02,    -2.70678769e+02,  1.35442210e+02,  5.38718706e+02, -7.68223658e+01,     8.22853796e+01,  1.53295873e+02, -2.13180693e+02, -2.11120640e+02,    -9.94155629e+02, -3.30343985e+02, -4.36727463e+02, -6.51319188e+01,    -5.45890874e+02,  6.45554890e+02, -2.53491701e+02, -4.53950517e+02,    -1.34554959e+03,  5.63080266e+02,  1.18173774e+02, -1.31221838e+01,    -5.27695851e+02,  9.08982693e+01, -1.49003695e+02, -2.79862041e+02,     1.00936170e+02,  2.75265486e+02,  6.82608591e+01, -1.48414105e+02,    -2.84391936e+01,  7.14244775e+00,  1.64907756e+02, -5.23165025e+02,     6.00783798e+02, -3.59923565e+02, -2.32575744e+02, -3.61063103e+02,    -8.33955338e+02,  8.16061006e+01, -4.09873105e+02, -1.89192013e+02,     2.92843312e+02, -2.07097322e+02,  4.99374771e+00, -8.47005758e+01,    -2.20498861e+02,  1.41958192e+01,  4.56506739e+02, -4.46431707e+02,     7.90379436e+02, -1.69526546e+02,  2.91460895e+02, -6.68841348e+01,     1.28806826e+02, -1.00902198e+02,  4.02179871e+02,  5.37445011e+02,     1.71318311e+02,  4.71398064e+02, -3.34248730e+02, -2.74920409e+01,    -1.95731178e+02,  5.85157719e+02,  4.95374145e+02,  3.79658414e+02,    -1.28244058e+02, -2.59866827e+02,  2.31234116e+02, -2.21558309e+02,    -1.18460983e+02, -6.23617774e+01, -2.23238470e+02,  4.40155116e+02,    -4.95994977e+01,  3.39364111e+02,  1.20735198e+02,  1.45778158e+02,    -2.93227777e+02,  2.78144393e+02, -1.56009539e+02, -1.12538976e+02,    -2.58752960e+01, -4.36415700e+02,  6.58439613e+02, -2.42319345e+02,    -3.52232451e+01,  1.70573836e+02,  1.46296107e+02,  6.06535404e+02,    -1.41758708e+02,  6.58567406e+02,  5.98342874e+02, -8.34302588e+02,     7.47388039e+01, -1.75420738e+02,  1.25289602e+02,  7.46119705e+01,     1.50839743e+02,  5.17615953e+02,  7.94327752e+02, -6.72965052e+02,     6.57549615e+02, -7.91367754e+02, -6.59544847e+02, -1.05561890e+02,    -9.76049062e+00,  6.02921562e+02,  3.31636838e+02, -1.56990890e+02,    -7.94955447e+02,  6.03815254e+02, -3.86134785e+02, -9.21637655e+00,    -4.30442902e+01,  1.06344771e+03, -2.43224057e+02, -9.03417432e+02,     2.65168151e+02, -1.38794445e+03,  9.53691580e+01, -3.06071153e+02,    -1.55432844e+02, -2.34009255e+02, -5.02850601e+02,  3.51733669e+02,    -3.10312341e+02, -7.88240045e+01, -6.71740937e+02, -5.76284707e+01,    -4.10176899e+02, -6.38543663e+02, -1.05104173e+03,  8.68643050e+01,    -2.76488885e+02, -7.45048674e+00, -1.15823353e+02, -6.79118152e+02,    -5.41941844e+02, -4.52908158e+02, -4.56815383e+02,  4.70373082e+02,     8.00713588e+01, -4.09967070e+02, -1.56205513e+02, -1.92165381e+02,     3.18471609e+02, -2.86314119e+02, -1.05536365e+02, -1.92306552e+02,    -3.07587799e+02, -3.21101792e+02,  3.28398644e+02, -1.50022431e+02,    -7.80561059e+02,  6.60601722e+02,  4.02764479e+02,  5.26375896e+01,    -6.20623865e+02, -6.47956735e+02,  9.35184487e+01,  1.18052681e+01,    -2.55622424e+02, -4.17127879e+02,  3.04458181e+02, -6.79436682e+01,     2.34589000e+02,  4.23525472e+02,  2.89070259e+02,  3.02643086e+02,     2.18832035e+02, -1.74539404e+02, -1.07171733e+02, -1.88665401e+02,    -2.99058472e+02, -3.92441660e+02, -5.54711613e+02, -3.35322952e+02,    -6.86031828e+01, -6.82884238e+02, -7.42049976e+01,  2.79196395e+02,    -6.12922177e+02,  2.12485835e+02,  1.85986643e+02, -6.03697323e+02,    -4.86667584e+02, -1.33999034e+02,  1.81548520e+02, -3.39848771e+02,     6.00022135e+02,  5.38442909e+02, -6.42402988e+02,  4.33525497e+02,     3.03543871e+02,  6.48948684e+01,  2.16405441e+02, -3.65251724e+02,    -1.22447173e+02,  4.66430295e+01,  1.51505248e+02,  3.87500826e+02,    -4.33640060e+02, -3.69296104e+01,  1.51391197e+02, -1.30069675e+01,    -2.26259353e+02,  1.68685463e+02, -2.28134704e+02, -1.72675664e+02,     3.22603711e+01, -5.13006504e+02,  3.10119584e+01, -2.00864077e+02,    -1.07804818e+02,  4.76497045e+00, -4.85778812e+02,  4.82538714e+02,    -2.29942135e+02, -1.10583296e+03, -7.23142267e+02,  3.34202805e+02,    -3.04004550e+02, -1.46010700e+02, -2.49310097e+02, -1.41965894e+02,    -8.54226024e+02, -9.51198900e+01, -5.47468842e+02, -2.85415116e+02,     2.20220862e+02,  6.35112499e+02, -3.29026240e+00, -2.69478964e+01,     4.98065283e+02, -4.32754687e+02,  3.06204446e+02,  7.90296116e+01,    -3.55653181e+02, -1.53745447e+02,  2.09999531e+02,  1.59229458e+01,     8.37792422e+01,  9.74960427e+01, -2.01298627e+02, -2.37404126e+02,    -4.50901157e+02,  4.27965988e+02, -5.42109514e+02, -3.98202891e+02,     8.10571770e+01, -7.63629505e+02,  1.64485197e+02,  5.35503306e+02,    -4.08749115e+01,  5.95121012e+01, -2.12112841e+02, -1.74314196e+02,     8.77642710e+01,  3.19956144e+02, -3.45299088e+02,  2.63764297e+02,    -9.39015478e+01, -3.36345589e+01,  2.30202646e+02,  1.63712132e+02,    -7.68333985e+01, -3.17040629e+00,  2.08069288e+02,  2.39125732e+02,    -6.12432048e+02,  5.61404681e+01,  4.60277674e+02, -8.29702843e+02,     2.77186077e+02, -1.01798856e+03, -7.92148842e+01, -1.26643895e+02,    -7.21241727e+01, -7.64365747e+01, -2.20948748e+02, -3.08596504e+01,     1.40740320e+02, -2.05998084e+02,  1.20582271e+02,  7.40535952e+02,    -5.48039972e+02, -2.27728634e+02,  3.11698453e+02,  2.11254139e+02,     3.53269678e+02,  1.39681381e+02,  2.41780202e+02, -1.59475702e+02,    -4.17499067e+02, -3.62272973e+02, -1.77155546e+02,  6.18658058e+00,    -3.58081266e+02, -1.30049653e+02,  5.65416408e+01,  1.97510895e+02,    -8.52860222e+01,  4.79113451e+02, -4.32368295e+02, -4.45565898e+01,    -2.32061938e+01,  2.37968178e+02, -3.46713630e+02, -2.18142830e+02,     2.33955453e+02,  4.25796678e+02,  5.95029333e+02,  2.99382796e+02,     3.52073470e+02, -2.53532956e+02,  5.32512812e+02,  5.75041431e+02,    -5.43984292e+01,  3.35514266e+02,  3.23987882e+02, -2.16944496e+02,     1.40482812e+01,  5.22725492e+02, -2.37110079e+02, -1.05667834e+02,    -5.15845402e+02,  2.29157346e+02, -6.42801953e+01,  1.50130890e+02,     8.17723435e+01, -3.55438077e+02,  3.91178950e+02,  3.46896422e+02,    -2.02239979e+02,  1.57088204e+02, -4.89118466e+02, -4.39797678e+02,     1.99299669e+02, -5.87966605e+02, -2.29584905e+02,  8.20312894e+01,     6.88159119e+02, -2.07197372e+02, -8.89405403e+01, -1.25215792e+02,     9.76965319e+02,  1.21060167e+02, -3.69900846e+02,  5.82821759e+02,     5.36516293e+02,  2.56215454e+02,  6.21741778e+02,  6.88757369e+02,    -8.93889924e+01, -2.55281713e+02, -2.76806371e+02,  2.28737187e+02,     3.22165015e+02, -4.19768793e+01, -1.75634114e+02, -5.24251361e+02,    -2.56726176e+02, -3.76550052e+02,  2.51301385e+02,  1.28143448e+02,     5.32796390e+02,  4.84741341e+01, -2.13435936e+02, -6.68351328e+01,     3.40465966e+02,  1.11232604e+02,  4.33751874e+02,  4.88704051e+02,    -1.17601493e+02, -7.69411969e+01, -8.22028417e+02,  4.54149366e+02,    -4.57731679e+01,  4.27092708e+02, -1.55787817e+02, -4.95852807e+02,     1.68250631e+02,  5.88686248e+02, -2.08631838e+02,  5.80893056e+02,    -6.14006698e+02, -1.90978543e+02, -6.64255755e+02,  1.87679338e+02,     9.75589668e+01,  7.28673595e+00, -5.08382673e+02,  7.45081744e+02,     4.47347608e+02,  6.91418524e+01, -3.89742449e+02,  1.85439602e+02,    -2.31574943e+02, -7.42513908e+01, -1.85416663e+02,  1.77217683e+02,    -8.56967288e+01, -1.73292658e+02,  1.62665371e+02,  2.23070301e+02,    -7.22850936e+02,  1.65026301e+02,  5.68391576e+02,  3.55602693e+02,    -1.11916413e+02,  2.89991424e+01, -3.04085248e+02,  5.00035937e+02,     1.48718625e+02, -5.72049568e+01, -5.87444666e+01,  9.23493650e+02,     6.48752143e+00,  2.62831386e+02,  6.12778806e+02,  8.26144198e+02,     5.41607229e+02,  3.58706145e+02, -5.38432103e+02, -3.66933861e+02,     2.92921464e+02,  1.42630393e+01,  2.73811254e+02,  1.56386790e+02,     4.96770512e+02, -6.55517150e+02, -4.14909116e+02, -5.38161490e+01,    -7.32671768e+02,  1.65720368e+02,  3.33238225e+02,  1.18225532e+02,    -1.92479885e+02,  1.99902122e+02,  1.20378013e+03,  2.19286632e+02,     1.28434423e+02, -4.14514815e+02, -5.60264160e+02, -1.32648924e+02,     2.63370057e+02, -4.43786260e+01,  1.77678068e+02,  2.97737388e+02,    -5.06120524e+02,  2.09859792e+02,  4.43595807e+02,  4.95665197e+02,    -4.72432514e+01,  9.61959685e+00, -7.86933501e+01, -4.27536686e+02,    -5.62750779e+02,  7.06454962e+02, -5.67745557e+01, -5.01095287e+02,     1.83952956e+01, -1.93506792e+02,  7.73141344e+02, -2.02556526e+02,    -2.91314699e+02,  2.63959902e+02, -1.23378761e+02,  3.66729315e+02,    -4.74897543e+01,  8.51086273e+02,  4.25312034e+02, -1.06059268e+01,    -3.05151148e+02,  2.09494218e+02, -4.69202529e+02, -9.87002100e+01,     5.14674566e+02, -2.37461778e+02, -3.99378150e+02, -1.87844300e+02,     4.39060894e+02,  1.23474172e+02, -7.01926859e+02,  2.58918822e+02,     1.27228868e+02,  5.83840392e+01, -4.32843582e+02,  1.44356796e+01,     2.96880512e+02,  4.32000054e+02,  5.41609095e+02,  2.20431853e+02,     3.46485821e+01, -4.29520104e+02, -4.04757869e+02, -6.29436268e+02,    -7.81451785e+01,  2.67328850e+02, -2.09081541e+01,  4.53223771e+02,    -2.68193342e+02,  1.54976167e+02, -1.01309430e+02, -2.52302832e+02,     5.00814246e+02,  6.46622987e+01,  5.19215256e+02,  2.50985942e+01,     2.10910019e+02, -1.68599652e+02,  5.29739973e+02, -1.02144654e+02,    -3.18480858e+00, -6.61312220e+02, -9.15466593e+01,  6.15887333e+02,     5.63250298e+02,  2.23471312e+02, -1.27421714e+02,  3.24567879e+01,    -1.49686026e+02, -4.84300716e+01,  7.61190353e+02,  1.48151750e+01,    -2.00686130e+02, -9.33839772e+02, -4.58766062e+02, -3.18352310e+02,    -5.67792715e+02, -4.75273337e+02, -6.01422547e+02, -3.92992086e+02,    -3.22168324e+02, -4.06487125e+02,  4.03703893e+02, -2.15210820e+02,    -8.19944885e+02,  3.37854778e+02, -2.44733643e+02, -6.95451987e+02,     8.21065046e+02, -2.03797711e+02,  1.67172772e+02,  3.45089314e+02,     7.79220334e+00,  2.20710203e+02,  7.05620674e+00, -1.29246856e+01,    -1.15993418e+02, -6.13830261e+02,  8.96793146e+01, -1.10383889e+03,     5.53410077e+02, -3.71046731e+02, -1.16843087e+02, -1.50544797e+02,     8.84058133e+01, -1.59205990e+02,  2.42561039e+02, -4.55259237e+02,     3.21280639e+02,  3.31657395e+02,  1.31130004e+02,  8.36172611e+01,     1.68478127e+02,  6.30060463e+01,  2.56342026e+02, -8.11837786e+01,    -5.30399787e+02,  8.32363272e+01, -1.95512610e+02, -3.87518367e+01,     4.22238678e+02, -6.87119727e+02,  8.90568873e+00,  1.17560189e+01,     7.29235040e+01,  2.81819792e+02, -1.17050981e+02,  7.12000868e+02,     4.10195963e+02, -1.48553234e+02, -8.97480800e+01,  1.61973105e+01,     6.60235734e+02, -4.72263345e+02, -8.82753825e+02,  2.45111488e+02,    -1.03447311e+02, -1.07115927e+02,  1.42977973e+02,  6.63676008e+02,     4.04605562e+02, -1.49511447e+02, -4.27661910e+02, -5.08631515e+01,     2.49362124e+02, -1.11563942e+02, -6.30798891e+02, -2.40701651e+01,    -7.88284122e+02, -4.13409645e+02,  6.75245575e+02, -4.35177059e+02,    -5.64485844e+02, -4.41438717e+02, -3.00013518e+02,  2.84108829e+02,     6.99569554e+02, -4.35029117e+01,  2.33526869e+02, -1.52670474e+02,    -5.91862148e+02,  3.96932500e+02, -3.87253683e+02,  2.40337378e+02,     3.07986258e+02, -6.33504608e+01,  3.50270186e+02,  3.72022567e+02,     9.12924200e+02, -1.26780506e+02, -3.91340526e+02, -5.41419616e+02,    -1.28425941e+02, -2.20352154e+02,  8.62026022e+02, -3.76140407e+02,     8.62568759e+01,  6.28915443e+01, -2.22518941e+02, -6.89485429e+02,    -5.50770456e+01,  8.30128139e+02,  9.26821420e+01,  5.97726839e+01,    -4.55261942e+02, -5.15242211e+02, -8.30776723e+01,  4.11311709e+02,    -1.90133933e+02,  9.05118361e+02, -3.73078503e+02,  1.44452617e+02,    -1.75980160e+02, -5.82231992e+02,  2.60037473e+01, -4.33969043e+02,    -6.33074965e+02,  7.03821015e+01,  1.98889036e+01,  4.39727825e+02,     1.78492964e+02, -2.87735119e+02,  1.92021691e+02, -7.01781398e+02,    -4.49833374e+02,  7.70545532e+02,  1.10808026e+02, -1.19966539e+02,    -2.74683000e+02, -4.00527168e+01, -6.64239702e+01,  7.23581497e+02,     3.48278283e+02, -1.25073705e+02, -5.91094898e+01, -3.42463869e+02,    -1.73433031e+02, -5.72225538e+02,  4.07851541e+02,  6.41218413e+01,     1.17701925e+02,  1.29254571e+02, -4.68882688e+01, -1.55700229e+02,    -4.76142599e+00, -9.04480305e+02, -1.62595124e+02, -6.90054977e+01,    -7.81417890e+01,  4.66562778e+02,  5.37486877e+02,  1.37308259e+02,    -8.14607196e+02,  5.44226844e+02, -1.69687542e+02, -3.28614711e+02,    -7.42841249e+02, -2.77686954e+02,  5.02155569e+02,  2.32879982e+02,     5.96991514e+01,  2.61160802e+02, -4.96088636e+02, -3.77892895e+02,     4.70442198e+02,  3.24716576e+02,  4.39718733e+02, -2.07525273e+00,     5.87602943e+01,  4.71380011e+02,  8.41464159e+02, -2.09750654e+02,     3.22166115e+02, -1.43602373e+02, -3.57572452e+02, -2.91710105e+02,    -2.60755146e+02, -1.27920877e+02, -4.34813516e+02, -1.99579909e+02,    -1.18723100e+03,  2.90111451e+02,  1.65375889e+02, -3.14552617e+01,    -3.53813774e+02, -1.91473796e+02, -4.58531735e+02,  1.00378638e+02,     7.01452437e+02, -1.75910758e+02, -1.39998914e+02,  1.86599340e+02,    -4.12680806e+02,  7.38955930e+02,  1.41605814e+02,  1.57537459e+02,     4.39930789e+02,  1.51133358e+01,  4.77794250e+02,  1.40071513e+02,    -7.35355783e+01,  7.97718117e+01, -1.97573931e+01,  5.91494212e+02,     7.75782593e+01,  1.26398960e+02, -7.66845323e+01,  1.13604921e+02,    -7.88002098e+02, -3.17499535e+02, -3.92617524e+02,  4.37038416e+02,    -2.48546664e+02, -5.48530690e+02,  5.01347299e+02, -1.02496858e+02,     3.72529681e+02, -7.79013837e+02,  2.11549852e+02,  6.51487543e+01,     5.03613159e+01, -7.49112209e+01, -5.54270161e+01,  4.20224856e+02,    -2.10280827e+00, -4.21478859e+02, -1.36173018e+02,  2.15506800e+02,    -9.95220510e+02, -7.91840700e+02,  1.23689385e+01,  9.50968086e+01,    -3.70573350e+02, -3.68500019e+01,  9.24290748e+02,  2.80939356e+02,    -4.78305847e+02,  8.01600064e+01, -7.60801591e+01,  8.86519418e+01,    -2.92572747e+02,  1.58022071e+02,  2.42228876e+02, -5.74045917e+01,     9.59731357e+02, -9.09060681e+01, -2.74142531e+02,  1.62794836e+02,     3.51819111e+02, -3.02757362e+02, -2.54950818e+01,  8.17758318e+02,    -2.02053117e+01,  5.02660448e+02,  1.22293673e+02, -8.21239276e+01,    -2.25004737e+02,  4.86180646e+02, -4.68917722e+02, -1.79524740e+01,    -1.28018742e+02, -3.61074017e+02,  1.43668989e+02,  2.03596955e+02,     7.63419600e+01, -1.42016532e+01, -3.30094257e+02,  1.57385558e+02,    -1.48057893e+01, -2.13617390e+02, -1.84689493e+02,  1.68181874e+02,    -4.32761873e+01, -3.12523959e+02, -9.09174227e+02,  7.80711533e+01,     1.99778964e+02, -3.99915835e+02, -1.92218622e+02,  7.04026725e+02,     6.21136973e+01,  3.00559057e+02,  5.58722805e+01,  3.15232715e+02,     4.40892747e+01, -3.36350206e+02, -3.27242493e+01,  7.11510167e+01,     2.37184777e+02,  6.85337937e+02,  4.19952150e+02,  1.84413571e+01,     1.47088875e+02,  5.15312466e+02,  2.23812652e+02, -6.19574984e+02,    -2.28833498e+02,  1.15287821e+02,  7.30438783e+01,  2.25256176e+02,    -4.48702145e+02,  1.08823233e+02,  3.43705416e+02,  4.21139355e+02,    -3.82713997e+02, -4.47495381e+01, -1.95367078e+01, -1.15592771e+02,    -2.83525726e+02, -1.69196517e+02, -2.76195769e+01,  6.84700770e+01,     3.53066490e+02, -2.65377319e+02,  6.83368163e+02,  3.04598042e+02,     2.16121967e+02,  2.84190310e+02,  2.59478187e+02,  2.80239517e+02,     4.61472496e+02, -3.77942341e+02,  5.40615692e+02, -9.50894326e+02,     2.65355281e+02, -9.28769789e+02,  7.19736663e+02,  6.21354954e+02,    -9.93516424e+01, -4.20359179e+02, -3.60956606e+02, -4.92127889e+02,    -5.29109268e+02,  4.91933158e+02,  3.66922669e+02,  2.06795835e+02,     2.71245557e+02,  3.47356705e+02, -3.28497165e+02, -1.72414545e+02,     4.90684252e+02, -1.06686148e+02,  4.52486319e+02,  6.24618049e+02,    -3.68566065e+01, -6.15588521e+02,  1.23037462e+01, -1.12653429e+01,    -8.39102744e+01,  6.54836756e+00, -5.73862679e+02, -1.57817922e+02,     5.05694298e+01,  7.59566446e+01,  4.13665957e+02, -3.41387227e+02,     5.23547854e+02, -3.45600120e+02,  1.89655408e+02,  3.32983396e+02]
gas_BEE = [-1.03695449e+01, -2.57669557e-01, -2.27135498e+00,  7.25980751e+00,    -3.60137090e+00, -2.83599547e+00, -7.23434988e+00, -1.56613392e+01,    -6.43936699e+00, -6.98425318e+00, -5.71928386e+00,  4.63760010e-01,     3.55073571e-01,  1.31130189e-01,  5.61951782e-01,  7.77380232e+00,    -3.60363515e+00, -2.46411453e+00,  3.61369197e+00, -1.83980900e+01,     9.06449419e+00, -3.69487058e+00, -1.03037616e+00, -1.70776715e+00,    -1.72185154e-01, -1.07697787e+00,  1.48597189e+01, -2.98091851e+00,    -1.42533764e+00, -8.88604008e+00,  1.24184792e+01, -1.63892199e+00,    -6.80293469e+00,  3.37315515e+00, -4.89704535e-01,  3.96612451e+00,    -2.18454001e-01,  5.57834997e-01,  5.46982229e+00, -1.69983681e+01,     9.24212424e+00,  1.85550768e+00, -1.27893763e+00, -5.16772700e+00,     2.03249798e+00, -2.50717696e+00,  7.91718125e+00,  5.97424345e+00,    -3.98851856e+00, -5.06108898e+00, -5.00059120e+00, -6.02816372e+00,     3.12000444e+00, -8.60422358e+00,  2.34776522e+00,  9.95020615e+00,     1.15740852e+01,  5.54023880e+00,  2.96290437e+00,  4.92899453e+00,     1.50830771e+01,  3.39495716e+00, -9.23030088e+00, -2.04701894e+00,    -4.68776138e+00,  1.04104657e+01, -1.26186497e+01, -1.01853443e+01,    -5.03316206e+00, -2.12741327e+00, -7.02060677e+00,  4.59243638e+00,     2.20622619e+00,  2.20400459e+00, -6.47581438e+00, -5.81921142e+00,    -9.27513708e+00,  5.91048379e+00, -5.28996209e+00,  4.91220747e+00,    -1.15179854e+00, -5.13305570e+00, -9.01052889e+00, -2.62403040e+00,    -2.50750114e+00, -2.54766390e+00,  6.61529313e+00,  1.20805303e+01,    -7.01071069e+00, -1.32389325e+01, -3.23283072e+00,  1.84205702e+01,    -9.31492381e+00,  5.32919596e+00, -1.54523270e+00, -1.04311386e+01,     4.62668427e+00,  5.61142994e+00, -2.46741391e+00,  5.22944132e+00,    -4.60766488e+00, -9.14959837e+00,  1.58283684e+01,  7.41494416e+00,     4.30808743e+00,  1.93613405e+00,  3.15341348e+00,  1.37136096e+01,    -4.47821799e+00,  5.90250231e-01, -2.33232316e+01,  3.38204475e+00,    -1.13234526e+01,  2.13781227e+00,  3.45980081e+00, -5.70219110e+00,    -8.72770307e+00,  7.86523005e-01, -5.03732053e+00,  6.60252356e+00,    -7.59816658e+00, -8.81563722e-01, -6.28360135e+00, -4.19946006e-01,     2.30273378e-01,  3.12367252e+00,  8.29888676e-02, -1.21011224e+00,     1.04869266e+01,  1.51470955e+01,  8.06042879e+00,  1.19423408e+01,    -2.32006036e+00,  1.55145582e+00,  8.67675743e+00, -1.99277482e-01,    -1.25083691e+01, -6.95701607e+00, -8.20200642e+00, -4.91463865e+00,     4.45204935e+00, -1.98553216e+01, -2.25166866e+00,  7.25589025e+00,    -6.81430668e+00, -5.43450371e+00,  8.91605749e+00,  7.92589711e+00,    -5.00811770e+00,  4.21820722e+00, -4.23282100e+00,  6.25846279e+00,     1.29373350e+00,  2.41123756e+00, -1.39996772e+01, -8.03803600e+00,    -1.59897408e+00, -4.04119119e-01, -6.66519634e+00,  1.81192896e+01,    -2.46795800e+00, -5.05067427e+00,  6.69131668e+00, -7.68922660e+00,    -5.98702082e+00,  5.13488307e+00,  1.78825912e+00,  1.72446656e+00,     2.14299020e+00, -1.87417551e+00,  2.29933744e+00,  9.77873510e+00,    -4.85129505e+00,  3.29607236e+00,  1.49075185e+01,  5.21306319e+00,    -7.17730483e-01, -3.07108134e+00,  2.53252606e+01, -3.65220331e+00,     6.35932869e+00,  4.47811533e+00,  5.24382765e+00,  1.54197475e+01,     7.94759481e+00, -7.28514619e-01,  3.74844763e+00,  8.36582828e+00,     6.25173687e+00, -9.70584816e+00,  1.56166584e+01, -1.43364605e+01,    -2.41957747e+00,  9.46261718e+00,  1.82767019e+00,  7.28316732e-01,     5.08163742e+00,  3.22175422e+00,  5.46733289e+00, -1.03544621e+01,     6.14053111e-01, -4.09225160e+00, -1.06642801e+00, -1.86733814e-01,    -1.83915922e+00, -9.39289677e-01,  1.39807365e+01, -9.32393278e-01,    -4.90115623e+00, -4.22684432e-01,  2.27482436e+00, -1.01835771e+01,    -8.04663360e+00, -5.68416774e+00, -1.03590295e+01, -2.97040030e+00,    -6.85780759e+00,  2.95632833e+00, -8.29848903e-02, -2.00062210e+00,    -1.43728806e+00,  1.07763428e+00, -3.37442689e+00,  1.07459134e+01,    -1.40265693e+01, -2.04755678e+00, -2.63629922e+00,  2.82857688e+00,     3.16328077e+00, -8.21723675e+00, -2.41820533e+00,  7.41228464e+00,    -3.90562331e+00,  2.28077677e+00,  6.06619638e+00, -1.06927460e-01,     1.90999707e+01, -2.59506815e+00, -6.01325969e+00,  2.59852184e-01,    -4.53327191e+00,  8.55977282e+00, -7.25756863e+00,  2.18607146e+00,     8.83239766e+00, -2.29951023e+00,  1.95781675e+01,  2.09147400e+01,    -1.17492101e+01,  9.48426768e+00,  3.31077818e+00, -8.94406145e+00,     3.40866004e+00,  6.51611433e+00,  7.07049718e+00,  7.33683686e-01,     2.87424968e+00,  1.19764152e+01, -3.85059945e+00,  1.82572991e+00,     1.14568164e+01, -5.99226086e+00, -3.29276623e+00,  9.35060106e+00,     5.07288463e+00,  1.28423590e+01,  5.02112630e+00,  1.83451398e+00,     4.10875550e+00,  6.91092368e+00, -8.02129479e+00,  7.88266940e-01,     3.46132637e+00,  1.52720400e+00,  3.85414757e+00, -1.01061815e+01,     5.67909903e+00, -7.22072968e+00, -5.23195855e+00,  2.86835672e+00,    -2.07802443e+00,  9.52870020e+00, -3.37758645e+00,  4.52216407e+00,     5.14711328e+00,  1.31337992e+01,  8.95901591e+00,  8.41544404e+00,    -1.34489844e+00, -1.35259469e+00, -5.11675003e+00,  1.31347935e+01,     1.35869679e+01,  6.15450172e+00, -4.18466185e+00,  8.28336954e+00,    -1.00005990e+00,  3.39137781e+00,  1.10783843e+01, -3.51124360e-01,    -1.83426771e+00, -4.27237590e+00, -9.45890282e+00,  1.59292122e+01,     7.73949697e+00, -1.02118675e+01, -2.96000376e+00,  4.14234838e+00,    -2.01033115e+00,  1.04269380e+01,  2.69177885e+00,  1.32439471e+01,     4.45189608e+00, -4.20575471e+00,  3.39694879e+00, -1.04280183e+00,    -4.58225785e+00,  2.75741316e+00,  3.22979921e+00,  1.47699378e+01,     1.26676543e+01,  9.32486023e+00,  1.17714414e+01,  1.25232176e+00,    -4.55911169e+00,  2.25692809e+00, -5.74518179e+00, -8.76416138e+00,    -9.49385668e+00, -4.98169580e+00, -1.81126040e+01, -5.62326499e+00,    -1.40795980e+01,  3.10394321e+00, -7.67264097e+00,  7.74404323e+00,    -1.57352138e+01, -5.07129284e+00,  7.51806256e+00,  3.57374394e+00,    -1.43659911e+01,  9.39427825e+00, -4.61052334e+00,  8.95258566e+00,    -4.76254605e+00, -1.26530306e+01,  2.70838770e+00, -1.04718460e+01,    -1.50680036e+00, -6.19870891e-02,  7.05528620e+00,  2.07890467e+01,    -7.42652658e+00, -6.21843085e+00, -9.01842562e-01, -1.64493309e+00,    -1.32621166e+01, -9.74073440e+00,  8.68026912e+00, -3.59704031e+00,     3.12113302e+00, -8.09096938e+00, -2.24688754e+00, -7.06263190e+00,     8.27976726e+00,  2.61236389e+00, -4.05885109e+00, -2.40332724e+00,     1.81022455e+00, -1.30444624e+00,  6.62024982e+00, -4.42200646e+00,     1.15434318e+00,  5.44158826e+00,  2.46806540e+00, -3.41277579e+00,     2.58339953e+01,  9.35623481e+00,  1.22413276e+00,  1.40320915e+00,    -1.00057420e+01,  5.28283042e+00, -1.23531310e+01, -5.17286361e+00,    -9.68990540e+00, -3.07609273e+00,  9.65871782e+00, -9.44436437e+00,     3.55809577e+00, -6.57507892e-01,  3.86157272e-01, -5.76849546e+00,    -7.11225617e+00, -8.24977404e-01, -6.34711945e+00, -3.85094613e+00,    -6.51330188e+00, -1.12633121e+00, -5.37933047e+00, -8.19100032e+00,     3.88752947e+00, -2.55724704e+00,  3.50700497e+00,  1.71007587e+00,    -1.22293368e+01, -8.76300675e+00, -7.60956679e+00,  5.66927066e+00,    -5.81537914e-01, -1.03750964e+01,  9.40153096e+00, -7.08373069e+00,     9.15288661e+00, -4.91437501e+00, -7.96591591e+00,  4.52166345e+00,    -1.17331774e+01, -5.72529548e+00,  1.05002562e+01,  3.53251617e+00,    -6.42246218e+00,  9.00036482e+00, -2.69306840e+00, -5.74783141e+00,    -5.05605178e+00, -8.62346784e+00,  4.02268168e+00, -1.48490124e+01,    -1.32983113e+01, -1.05621342e+00, -4.85326686e+00, -9.86270523e+00,     1.23295804e+01,  2.24446148e+01, -4.48218278e+00, -3.71180693e-01,    -1.05165966e+01,  1.08302024e+01,  3.35355474e+00, -2.96184424e+00,    -6.42598091e+00,  2.31939015e+00, -1.00218389e+01, -2.13709743e+00,    -1.46875702e+01,  5.30395010e+00,  2.56617211e+00, -4.44946302e-01,    -1.49024377e+00, -6.12696884e+00, -1.89560035e+00,  2.21134206e+01,    -2.72200467e+00, -7.68937669e+00, -1.12326156e+01,  2.17375921e+00,    -5.95848926e+00,  1.15941763e+00,  5.13115251e+00,  1.03058685e+00,     5.65226504e+00,  2.72171838e+00,  1.00337719e+01,  4.71696249e+00,    -5.72489736e+00,  7.66899401e+00,  5.98129288e+00,  2.09700378e+00,     6.82816674e+00, -4.38579071e+00,  1.19843190e+01,  3.58553647e+00,    -5.31996646e+00, -1.22173901e+00, -2.78484593e+00,  3.17124743e+00,    -4.41308051e+00, -1.16090620e+00, -1.83156694e+00,  1.33800341e+01,     9.29496334e+00, -1.12464541e+01, -9.51739053e-01, -8.78220524e+00,    -2.37988961e+00, -3.91109528e+00,  1.38207678e+00, -4.89959162e-01,    -4.44358801e+00,  1.99873145e+00, -1.33659828e+00, -1.69837830e+00,     1.43326896e+01,  2.83452792e+00, -1.35164439e+01, -7.13187042e+00,     1.54900606e+01,  3.92141443e+00, -1.45892602e+00,  1.80129127e+01,    -3.14517029e+00, -1.51521824e+00, -1.74760322e+00,  2.37766396e+00,     4.99526741e+00,  7.42913315e-01,  4.82942034e+00, -2.35189796e+00,    -5.92931519e+00, -6.48861238e+00, -8.09947132e+00,  7.36060708e+00,     2.49966224e+00,  6.34368979e+00,  2.66986787e+00,  1.46594787e+01,     2.93283064e+00, -1.29075898e+01, -5.50238428e+00,  1.21330661e+00,    -4.72441926e+00,  1.03810163e+01, -2.22676583e+00,  2.65469383e+00,     8.70349163e+00, -1.29114742e+01,  2.45699888e+01,  3.30244100e+00,     4.14410869e+00,  6.14160706e+00,  9.73861109e-01, -5.43372448e-01,     5.55287010e+00, -5.78016909e+00,  1.37359748e+01,  1.20775088e+01,    -6.32523033e+00,  2.98138643e+00,  1.16889953e+01, -3.70144756e+00,     3.07725864e+00,  6.20761883e+00,  7.21476798e+00, -1.24974496e+01,    -1.55234599e+00, -4.99625531e+00, -1.00572175e+00, -1.19865153e+00,     3.56113305e-01, -2.87766073e+00, -4.71361379e+00,  2.05438472e+00,     1.51149085e+00,  8.92310524e+00, -7.17936195e+00,  6.75146310e+00,     8.19133315e+00, -2.19895267e+00,  1.30460336e+01, -1.11980023e+01,    -1.71333729e+01, -9.00538328e-01, -8.39663571e-01,  6.06262713e-01,     1.26970452e+01, -8.50854963e-01,  6.87178171e+00,  8.90411896e+00,     6.53907599e+00, -7.49455211e-01,  1.03675049e+01, -2.71598237e+00,    -5.88278551e+00, -7.13330408e+00,  1.06257386e+00,  6.34579380e+00,    -8.84004198e-01,  6.14133872e+00, -7.02811982e-03,  9.76399032e+00,     3.02173216e+00,  1.29259519e+00, -7.54579668e-01,  5.10415903e+00,     6.60083293e+00,  3.07510123e+00, -3.66940908e-01, -8.83888330e+00,     4.68450872e+00,  3.27553613e+00,  6.05369674e+00,  5.04940672e+00,     5.92322423e+00, -1.16332731e+00,  4.94080580e+00, -4.99252557e+00,    -4.46246333e-01, -9.10029591e+00, -5.62116801e+00,  6.95466501e+00,    -1.50334663e+01,  4.49591130e+00,  2.59182142e+00,  1.43360785e+01,    -3.51662555e+00,  5.35246026e+00, -2.25400082e+00, -7.95287561e+00,    -1.18040246e+01, -1.87799821e+00, -1.50848353e+01,  2.33181098e+00,    -3.82452992e+00,  5.27139174e+00,  3.83088921e+00, -4.31747636e+00,    -4.66860307e+00,  7.02292597e+00, -9.18173135e+00, -2.15009510e+00,    -2.80098356e+00,  3.75095964e+00, -3.77799660e-01,  7.28649478e-01,    -2.84691216e+00,  9.01928433e+00, -8.73644709e+00,  1.52273168e+00,     9.81033371e+00, -5.46220950e+00,  4.63470798e-01, -6.89732030e-01,    -1.13496778e+01, -7.38108722e+00, -8.28543377e-01,  4.74198441e+00,     5.31935859e+00,  1.12831056e+00, -1.31137689e+00,  2.92468551e+00,    -7.12376567e+00, -2.19524846e-01, -8.82280600e+00, -4.57506031e+00,     8.07563118e+00, -5.05786131e+00,  1.10252626e+01, -3.62212922e+00,     5.80717225e+00,  4.29800868e+00, -1.00840579e+01, -4.65073208e+00,     1.35356810e+00, -6.32599743e+00, -6.61031682e+00, -1.42476927e+01,    -9.40576977e+00, -8.29245150e+00, -7.20243436e+00,  9.98900102e-02,     3.19100451e+00,  1.19482156e+00,  3.68278893e+00, -9.65058756e+00,     2.03897026e+00,  4.30459766e+00, -1.13591272e+01, -1.01791590e+01,    -6.51170990e+00, -4.40063861e+00,  2.79319372e+00,  5.91839237e-02,    -7.01966886e+00,  5.45649182e+00, -3.37955690e+00,  8.83322881e+00,    -1.44048412e+01,  1.00109796e+01, -1.00685811e+00, -7.14825410e+00,    -4.35390585e+00, -6.16232953e-02,  7.24998632e+00, -1.18592118e+01,    -2.10591269e+00, -2.94300200e+00,  7.59742373e+00,  1.34465324e+01,    -1.64025305e+01,  1.53836408e+01,  6.97200197e+00, -1.25049932e+01,    -5.68805576e+00,  1.27281970e+01,  9.88777489e+00, -3.31517430e+00,    -1.05278955e+00,  2.35863679e+00,  1.20348447e+01, -9.29348455e+00,     2.58526745e+00, -9.16784314e-01,  5.17307764e+00, -1.19008138e+01,    -7.43352132e-01, -5.15522754e+00,  7.80228648e+00,  6.71579116e+00,    -1.46102957e+01, -8.03432975e+00, -3.80044185e+00, -6.36702660e+00,    -2.16759353e+00, -3.56574639e+00,  7.52455518e+00,  7.06260911e+00,    -8.60730293e-01, -6.84707933e+00, -1.42169070e+01,  7.87478000e+00,    -8.09729361e+00, -5.48026191e+00,  1.23691410e+00, -5.71773952e+00,    -6.75615359e+00, -4.80802071e+00, -7.65494782e+00, -4.01605967e+00,    -8.02635369e+00,  9.47422405e+00,  1.03474643e+01, -1.09716089e+00,    -3.84295241e+00, -1.37945198e-01,  6.87655107e+00, -1.44621642e+01,    -3.58504701e+00,  8.73857279e+00,  1.11870398e+01, -2.64407825e+00,     1.79334564e+00,  8.60922003e+00,  2.76229624e+00, -4.53689128e-01,    -6.49046343e+00,  3.17599530e+00, -5.61082597e+00, -2.44197636e+00,    -3.08324058e+00, -2.78011133e+00,  3.53631565e+00,  1.34324819e+01,    -7.74062129e-01,  5.35655637e-01, -1.51262030e+01, -3.04440318e+00,    -6.05055795e+00,  4.23432753e-01, -6.97183013e+00,  1.35935364e+01,     1.42223897e+01,  3.03950664e+00, -3.23106068e+00,  2.57944205e+00,     4.19779122e+00, -7.64504091e+00, -1.38095729e+00,  2.52357950e+00,     2.23078439e+00,  8.64787602e+00,  6.95113577e+00, -3.39556563e+00,     4.43614153e+00, -1.61924079e+01, -5.94760998e-01,  1.46711489e+01,     2.64327915e+00,  4.13011736e-02,  4.86855251e+00, -3.98561835e+00,     1.53048457e+01, -2.70795580e+00,  1.37422228e+01,  6.21092402e+00,    -7.27212909e+00,  5.35570262e+00, -4.82052337e+00, -1.11933948e+01,    -1.16348063e+00, -9.11142905e+00, -9.02417054e+00, -4.04189801e-01,     5.54080976e+00, -1.51963127e+00, -5.76315792e+00,  1.28670765e+00,    -1.14520174e+01, -9.14583579e-01, -1.44260335e+01,  9.00679886e+00,    -4.54961244e-01, -8.10111852e+00, -3.55421277e+00,  2.94787389e+00,    -5.62220792e+00, -7.37566118e+00,  1.46659749e+01, -4.18519879e+00,    -7.21501519e+00,  4.97368830e+00, -2.74930410e+00,  8.55797994e+00,    -4.78803374e-02,  8.73122922e-01,  1.73191829e+01, -2.49705823e+00,    -6.00985611e+00, -6.71379228e+00, -9.08776109e+00, -5.88772106e+00,     4.52785806e+00,  4.26536873e+00,  4.33414175e+00,  1.22562855e+01,     3.39056940e-01,  3.30801136e+00, -1.05018637e+01,  1.00696654e-01,    -3.71818439e+00, -4.90619588e+00,  8.92495574e-02,  5.52558760e+00,     6.36433547e+00, -2.27315584e-01,  1.52777189e+00,  5.05987561e+00,     6.38852337e+00, -3.48863599e+00, -1.72229941e+00,  1.78130236e-01,    -4.26645185e+00, -1.34873516e+00, -5.18411521e+00,  1.25053341e+01,     1.04223194e+01, -2.90339441e+00,  2.38371828e+00, -7.42842792e-01,    -4.35179276e+00,  5.69521515e+00, -1.51663424e+00,  5.72421594e+00,    -8.41227613e+00,  2.98931872e+00, -1.65802392e+00, -8.98132934e+00,    -4.26038456e+00,  4.15980654e+00, -1.56796766e+01,  6.29547909e+00,     7.86447065e+00, -1.37271937e+00, -9.90060494e-01, -4.77331430e-01,     4.00648752e+00, -5.62343560e+00,  5.78598004e+00,  4.94075347e+00,    -1.67890394e+01, -5.58722620e+00,  3.97029567e+00, -1.73846999e+00,     7.11247086e+00, -1.01242910e+01, -8.69343413e-01, -6.68648846e+00,    -2.11000858e+01,  1.29277134e+01, -9.89471007e+00, -1.04589532e+01,     1.43021781e+00,  2.12993169e+01,  5.79646021e-01, -4.56810140e+00,    -1.41788635e-01, -7.11525170e-01, -1.46126119e+01, -9.71426133e+00,     1.38722355e+01, -1.65951887e+00, -6.30503467e+00,  8.71445925e+00,    -5.53283046e+00,  5.99037590e+00,  8.66180562e+00, -9.50832248e+00,    -4.42124939e+00, -5.18143381e+00, -2.47025412e+00, -3.55102296e+00,    -2.15929954e+00,  2.65769666e+00, -5.66559515e+00,  4.90959274e+00,     9.72791777e+00, -1.89301001e+00, -3.01500571e+00,  2.37241391e+00,     9.13063760e+00,  8.46217366e+00,  9.16026549e-01, -1.02001335e+00,    -1.27103795e+00, -8.67784185e+00,  6.67433796e+00, -4.20432505e+00,     3.25768433e+00, -2.67794575e+00,  4.68281183e+00,  2.71255178e+00,    -1.34248758e+01, -4.73342512e+00, -1.29852116e+01, -5.81733662e+00,     8.67627455e-01, -2.84137483e+00,  5.32017360e+00, -4.69767038e+00,     3.75017586e-01,  1.39466208e+00,  1.22458480e+01,  6.37079237e+00,    -4.63563914e+00, -2.24864194e-01,  2.29461695e+00,  6.28026485e+00,     1.71385999e-02,  9.11455104e+00,  4.67851329e+00,  1.47435830e+01,     8.19665879e-01,  1.12544787e+01, -4.17892376e+00, -6.51099336e+00,     1.15955144e+00,  1.12270787e+00,  4.40251246e+00, -2.13261056e+00,    -2.28549387e+00,  3.92101504e+00, -7.87452672e+00, -9.05583518e+00,     1.25716466e+01, -1.18651869e+00, -6.96947703e+00, -6.67625486e-01,    -2.35960292e+00,  6.24323498e+00,  5.89111674e+00, -3.42203566e+00,    -1.22304081e-01, -4.56338075e+00, -5.75696739e+00, -4.21246755e+00,    -1.58298409e+01, -3.62359493e-01, -1.12493934e+01, -9.36767510e+00,    -6.82119315e+00,  3.09403730e+00, -6.48943451e+00,  3.47068613e+00,    -1.01281586e+01,  9.24149996e-02, -6.71157786e+00,  9.30861286e-01,     1.44686742e+00,  5.46092928e+00, -3.48402277e+00, -3.14004375e+00,     4.81501768e+00,  1.03329937e+01,  5.21066806e+00,  1.48588278e+00,    -1.19394660e+01, -2.43342490e+00, -4.90918892e+00, -1.03912074e+01,     7.41289255e+00, -5.77790188e+00, -9.31804934e-01, -4.41531826e+00,    -1.67527709e+01,  8.96663086e+00, -3.06136405e+00,  6.74785580e+00,    -1.21045939e+01,  1.09388688e+01,  6.63815623e-01, -4.80970520e+00,     1.03332196e+00, -3.80936572e+00, -1.14658266e+01,  2.84429487e+00,     5.43943607e+00,  2.37015656e-01, -5.70195614e+00, -2.30430478e+00,     3.16572634e+00,  5.38720322e+00,  1.05415704e+01,  4.22681716e+00,    -3.68691154e+00,  1.52642262e+01,  4.07264124e+00,  7.17921684e+00,    -2.63723391e+00,  4.71780386e+00,  3.22281346e+00, -1.06262272e+01,    -3.42628502e+00, -6.48192620e+00, -5.94667866e+00, -1.67967801e+00,    -2.15589558e+00, -6.86475990e+00, -1.89584471e+01, -4.63480414e+00,     2.66916315e+00,  8.70155879e-01,  1.85901758e+00,  7.33960573e+00,     2.40078602e+00,  5.10391960e+00, -7.32245034e+00,  7.60453393e+00,    -7.08560405e+00, -1.19448835e+01,  2.77151786e+00, -6.48102055e+00,    -6.92161645e+00, -2.65404120e+01, -1.69981409e+00,  1.36385992e+01,     7.42768878e+00, -2.00636947e+00, -1.53568186e+00,  5.80575790e+00,     1.07449811e+01, -6.90525615e+00, -1.66203065e+00, -5.48809620e+00,    -5.89192213e+00, -5.41419981e+00,  2.28567016e+00,  1.19071549e+01,    -1.11459299e+01, -8.88773963e+00,  3.37239862e-01, -1.81612055e+00,    -3.04846257e+00, -1.51193603e+01,  9.68489343e+00,  3.95716956e+00,     9.79751743e-01,  8.37571588e+00, -5.13555081e+00,  5.42759582e+00,     4.63885101e+00,  8.01401810e-01, -1.27619030e+00,  1.95146501e+00,    -2.44401487e+00,  7.74862597e+00, -7.00350405e+00,  7.01484787e+00,     1.67273954e+00,  2.40604881e+00,  3.68819348e+00, -1.36703101e+01,     1.30613556e+00, -1.10519757e+01, -8.27674585e+00, -8.12349499e+00,    -8.03741869e+00,  5.08610497e-01,  2.61796498e+00,  7.99271296e+00,     1.46906679e+00,  2.41780438e+00, -1.18057286e+01, -4.48120472e+00,     5.62661610e+00,  1.71583816e-01, -1.32162822e-01, -1.50887575e+00,     5.93564322e+00, -1.53389495e+01,  1.98064042e+00,  3.95004726e+00,     6.93185941e+00,  6.19274858e+00, -9.46082905e+00,  2.11254533e+00,     1.00549501e+00,  1.13381121e+00,  3.34813905e-01, -3.74657425e+00,    -6.18162982e+00,  2.68646840e+00,  1.00900260e+01, -1.28038466e+00,     1.87207816e+00,  2.15570062e+00, -4.70649822e+00, -4.59771264e+00,    -1.96879239e+01, -6.70369176e+00, -9.04442946e+00, -1.54151891e+00,    -1.09803052e+01,  1.28050138e+01, -5.41047059e+00, -8.93506661e+00,    -2.64908201e+01,  1.12284544e+01,  2.35682115e+00,  2.13186254e-01,    -1.02234312e+01,  1.24509378e+00, -2.74698027e+00, -5.34616006e+00,     1.09309810e+00,  5.41920298e+00,  1.20805869e+00, -2.86126685e+00,    -1.63806159e-02,  2.17718454e-01,  2.48552367e+00, -1.10239332e+01,     1.18518668e+01, -6.78610078e+00, -4.45938956e+00, -7.49866036e+00,    -1.70317974e+01,  9.88916313e-01, -8.46791301e+00, -3.67364509e+00,     5.57650794e+00, -3.91639167e+00, -8.01618922e-01, -1.79374986e+00,    -4.21943512e+00,  1.83670827e-01,  8.85037404e+00, -8.96634710e+00,     1.61907069e+01, -3.70509953e+00,  5.84103328e+00, -1.70573549e+00,     2.21233005e+00, -1.96503068e+00,  7.65914066e+00,  1.05280259e+01,     3.03711117e+00,  8.60572498e+00, -5.62798618e+00, -7.30911784e-01,    -4.18529313e+00,  1.08960832e+01,  9.52140767e+00,  7.02382931e+00,    -2.47475138e+00, -4.47673729e+00,  4.11445531e+00, -4.49585727e+00,    -2.52890065e+00, -1.16596653e+00, -5.21908443e+00,  8.41705213e+00,    -1.48639865e+00,  5.95196155e+00,  2.81110069e+00,  2.84321363e+00,    -5.62876184e+00,  5.03824836e+00, -2.44325241e+00, -1.75221068e+00,    -2.75676751e-01, -8.65011416e+00,  1.31325011e+01, -4.60546757e+00,     4.90663524e-02,  3.56891359e+00,  3.36587682e+00,  1.24520962e+01,    -3.32340097e+00,  1.27223499e+01,  1.13908674e+01, -1.62130245e+01,     1.20132456e+00, -3.15484370e+00,  1.92770305e+00,  1.20627845e+00,     2.75402418e+00,  1.03822588e+01,  1.54306244e+01, -1.28527047e+01,     1.29401198e+01, -1.58364575e+01, -1.33555850e+01, -2.08881360e+00,     1.86501245e-01,  1.24992394e+01,  6.29706931e+00, -2.80171746e+00,    -1.47438366e+01,  1.11620776e+01, -7.44486416e+00, -3.32041398e-02,    -8.62308800e-01,  2.12591423e+01, -4.17886332e+00, -1.75469747e+01,     4.97685979e+00, -2.65317708e+01,  2.17605736e+00, -6.18119156e+00,    -2.86319020e+00, -4.23281122e+00, -9.58466450e+00,  6.32028244e+00,    -5.76780100e+00, -1.49966259e+00, -1.29518604e+01, -7.46765076e-01,    -8.31788764e+00, -1.25972725e+01, -1.94550446e+01,  1.94761295e+00,    -5.52404260e+00,  2.48059067e-01, -2.01101100e+00, -1.37390554e+01,    -1.04028067e+01, -9.47371839e+00, -9.09169017e+00,  8.93039078e+00,     1.43569173e+00, -7.77118420e+00, -3.70793601e+00, -4.32916781e+00,     6.42930167e+00, -5.17777645e+00, -1.58980868e+00, -4.46449381e+00,    -6.38491670e+00, -6.41312179e+00,  6.58482884e+00, -2.31719474e+00,    -1.48864116e+01,  1.30702501e+01,  7.66345314e+00,  8.61414663e-01,    -1.28723307e+01, -1.24804508e+01,  1.63961441e+00,  5.71455338e-01,    -5.53481871e+00, -7.77650769e+00,  5.82905461e+00, -9.78403113e-01,     4.47656463e+00,  7.99025837e+00,  5.96840543e+00,  4.68738858e+00,     3.79889737e+00, -3.73826078e+00, -2.24355703e+00, -3.09825360e+00,    -6.01511034e+00, -7.85360274e+00, -1.04447657e+01, -6.15568262e+00,    -1.60192785e+00, -1.32539435e+01, -1.75044233e+00,  5.54979750e+00,    -1.25992759e+01,  5.14649096e+00,  4.40100399e+00, -1.14280998e+01,    -9.32015270e+00, -3.18516492e+00,  2.65877711e+00, -6.75796883e+00,     1.21474456e+01,  1.06298723e+01, -1.29005607e+01,  7.90764673e+00,     5.99985875e+00,  1.84162166e+00,  3.47818579e+00, -7.04836845e+00,    -2.50391505e+00,  7.17331709e-01,  3.11014192e+00,  7.24730162e+00,    -9.10453404e+00, -1.26503655e+00,  2.88157901e+00,  4.59307745e-01,    -5.26386528e+00,  3.40407412e+00, -4.42484209e+00, -3.21458126e+00,     3.69849328e-01, -1.02082440e+01,  4.40917845e-03, -3.01070561e+00,    -2.06464169e+00,  1.28871024e+00, -9.08309339e+00,  9.25301366e+00,    -4.17582804e+00, -2.15652235e+01, -1.43390847e+01,  6.14194762e+00,    -5.99871780e+00, -3.14602766e+00, -4.45122714e+00, -2.87894326e+00,    -1.70058910e+01, -1.17362255e+00, -1.04271468e+01, -5.15509359e+00,     3.86128211e+00,  1.27372108e+01,  3.48602758e-01,  5.18728495e-02,     9.68878318e+00, -8.63728985e+00,  5.32654286e+00,  1.18418852e+00,    -7.81238341e+00, -3.91270267e+00,  3.56079645e+00,  2.72780261e-01,     2.32660700e+00,  2.13984636e+00, -3.74857692e+00, -4.85126068e+00,    -8.25603405e+00,  8.03799923e+00, -1.09341394e+01, -8.20863401e+00,     2.20360036e+00, -1.44615621e+01,  3.43844032e+00,  9.62319524e+00,    -1.54719776e+00,  2.05652577e+00, -4.79976494e+00, -3.35557381e+00,     1.49021551e+00,  6.07907475e+00, -6.21283999e+00,  4.28914746e+00,    -2.19898411e+00, -2.05096237e-01,  4.05771302e+00,  2.83308080e+00,    -1.66839626e+00, -2.11406916e-01,  2.72630797e+00,  4.70699929e+00,    -1.16423221e+01,  5.43631123e-01,  8.79609285e+00, -1.54834120e+01,     5.45683954e+00, -1.93544078e+01, -1.53817541e+00, -2.45987897e+00,    -1.23817166e+00, -1.66722191e+00, -4.56434383e+00, -8.76727663e-01,     2.25465523e+00, -3.91041478e+00,  2.08459314e+00,  1.48026634e+01,    -9.97670407e+00, -4.36229788e+00,  6.36478067e+00,  3.77427753e+00,     6.80708095e+00,  2.66224364e+00,  4.05250355e+00, -2.60269604e+00,    -8.09259886e+00, -7.48187825e+00, -4.26127066e+00,  5.31440802e-01,    -6.80016301e+00, -2.03729214e+00,  1.03089750e+00,  3.75420124e+00,    -1.27195148e+00,  9.63602616e+00, -9.43837515e+00, -8.41673024e-01,    -1.04517209e+00,  4.84708503e+00, -7.15417072e+00, -4.42768336e+00,     3.42054454e+00,  8.30484804e+00,  1.18400988e+01,  5.79393909e+00,     7.22260164e+00, -4.44588266e+00,  1.06048637e+01,  1.05908629e+01,    -8.47587817e-01,  5.66446475e+00,  6.31804306e+00, -3.35170732e+00,     1.26960361e+00,  1.05665108e+01, -4.20699553e+00, -1.86188695e+00,    -1.05655780e+01,  3.99236612e+00, -1.89009146e+00,  3.28041654e+00,     9.25143330e-01, -6.64421629e+00,  7.96611331e+00,  6.54900669e+00,    -4.40029642e+00,  2.63819077e+00, -9.63043364e+00, -8.95358247e+00,     3.84887932e+00, -1.12692114e+01, -5.07116793e+00,  7.77559966e-01,     1.41031959e+01, -3.45133255e+00, -2.01565971e+00, -2.67415444e+00,     1.89913316e+01,  2.97337133e+00, -6.77747371e+00,  1.15047808e+01,     1.04049581e+01,  5.32014317e+00,  1.27795277e+01,  1.34568728e+01,    -1.37400055e+00, -4.85474186e+00, -5.23087868e+00,  4.30323330e+00,     6.03582456e+00, -1.02225196e+00, -3.73081507e+00, -9.92525235e+00,    -4.11311011e+00, -7.51678693e+00,  4.94032045e+00,  2.73091609e+00,     9.88950306e+00,  1.52512667e+00, -4.14076315e+00, -1.20240590e+00,     6.69130741e+00,  2.10075708e+00,  9.42336355e+00,  9.55159641e+00,    -1.94878851e+00, -1.28536172e+00, -1.61265300e+01,  8.42396918e+00,    -7.29682365e-01,  9.10995698e+00, -3.83377728e+00, -1.03775459e+01,     3.01648788e+00,  1.15917823e+01, -4.17990783e+00,  1.12023816e+01,    -1.19678285e+01, -3.98481534e+00, -1.35463413e+01,  3.26915047e+00,     1.61835825e+00,  5.97324647e-01, -1.00944708e+01,  1.46646782e+01,     8.86036229e+00,  1.18192174e+00, -7.84479219e+00,  3.64762772e+00,    -3.98932580e+00, -1.91521297e+00, -3.68827674e+00,  3.21989927e+00,    -2.07480859e+00, -3.10912046e+00,  3.52622200e+00,  3.97228336e+00,    -1.44925185e+01,  3.17874662e+00,  1.08740615e+01,  6.94153367e+00,    -2.32525746e+00,  3.27631910e-01, -6.11820090e+00,  9.50872177e+00,     2.19787709e+00, -1.02734516e+00, -9.77997279e-01,  1.78542788e+01,    -3.29812203e-01,  4.64733692e+00,  1.19696778e+01,  1.61877059e+01,     9.95291070e+00,  7.02317041e+00, -1.01120798e+01, -7.51715282e+00,     5.67447908e+00,  3.08589397e-01,  5.14732306e+00,  2.42427363e+00,     1.04300786e+01, -1.30744055e+01, -8.05183633e+00, -1.57455605e+00,    -1.40779026e+01,  2.78720343e+00,  6.72015822e+00,  1.39959489e+00,    -3.65538256e+00,  3.82932981e+00,  2.28878081e+01,  4.77321404e+00,     2.60484970e+00, -8.00273450e+00, -1.03013180e+01, -2.76653050e+00,     4.77927587e+00, -9.03037760e-01,  3.87276187e+00,  5.79791667e+00,    -1.03741976e+01,  4.25753461e+00,  7.27365461e+00,  9.52407456e+00,    -1.41822971e+00,  1.72076976e-01, -1.30870666e+00, -7.76592168e+00,    -1.19881642e+01,  1.29381980e+01, -1.29845574e+00, -9.27130754e+00,     7.22873544e-01, -4.56869582e+00,  1.46535258e+01, -3.62062775e+00,    -6.06981384e+00,  5.88552315e+00, -2.26999903e+00,  7.30030297e+00,    -2.30255152e-01,  1.60051788e+01,  8.04307715e+00,  8.05497194e-01,    -6.07347967e+00,  4.32078534e+00, -8.98907723e+00, -1.18046309e+00,     1.05843421e+01, -4.32605202e+00, -7.30447935e+00, -3.51551777e+00,     8.71960478e+00,  2.00219329e+00, -1.38392839e+01,  5.59518080e+00,     1.94046494e+00,  1.51735580e+00, -8.27330700e+00,  1.06841220e+00,     5.72024399e+00,  8.22562667e+00,  1.04111787e+01,  5.22511739e+00,     9.17540016e-01, -8.72862676e+00, -7.38904211e+00, -1.15872169e+01,    -1.63908899e+00,  5.69854749e+00, -4.97565215e-01,  8.96888618e+00,    -5.23711746e+00,  2.85564585e+00, -3.07674550e+00, -4.46951433e+00,     9.57486964e+00,  1.09342940e+00,  9.99907486e+00,  8.63013377e-01,     3.85052200e+00, -2.65322657e+00,  9.86592749e+00, -2.11614718e+00,    -1.28896886e-01, -1.30218117e+01, -1.60972676e+00,  1.17828497e+01,     1.12493593e+01,  3.79772762e+00, -2.03453737e+00,  5.11291331e-01,    -3.39401698e+00, -1.75652717e+00,  1.46257707e+01,  7.97245159e-01,    -4.04458120e+00, -1.80216333e+01, -8.18210473e+00, -6.22263056e+00,    -1.03939474e+01, -9.76137994e+00, -1.18752007e+01, -7.45088145e+00,    -5.66219643e+00, -7.47889581e+00,  7.59044524e+00, -3.91370865e+00,    -1.56326923e+01,  7.14696397e+00, -5.28677825e+00, -1.29962631e+01,     1.65521689e+01, -3.89589300e+00,  3.09334702e+00,  6.89813014e+00,     1.19252739e+00,  4.06875671e+00,  2.06588400e-01,  9.74497961e-02,    -2.20032918e+00, -1.19179212e+01,  1.87013065e+00, -2.07502228e+01,     1.11379347e+01, -6.85570014e+00, -2.61754843e+00, -2.99119543e+00,     2.81319842e+00, -3.27168845e+00,  4.95607218e+00, -9.16016257e+00,     6.37736214e+00,  6.64359624e+00,  2.28598512e+00,  1.52182193e+00,     3.40884921e+00,  1.15820744e+00,  5.40803358e+00, -1.03103113e+00,    -1.09299246e+01,  1.56668499e+00, -4.88302922e+00, -2.02185489e-01,     8.66137084e+00, -1.36597064e+01,  2.11600246e-01,  3.31829687e-01,     1.58601020e+00,  5.16423115e+00, -2.29657613e+00,  1.40223671e+01,     6.90962479e+00, -2.63847337e+00, -1.74469370e+00,  6.68189645e-01,     1.31337197e+01, -8.65866467e+00, -1.71207391e+01,  4.92952966e+00,    -1.50241506e+00, -2.40490684e+00,  2.87955609e+00,  1.27225746e+01,     7.20730712e+00, -2.91926886e+00, -8.71883576e+00, -1.67624888e+00,     4.75843623e+00, -2.52337206e+00, -1.25575518e+01, -1.06535124e+00,    -1.55430301e+01, -8.05299749e+00,  1.38259997e+01, -8.37561575e+00,    -1.13033016e+01, -9.00988503e+00, -6.31111725e+00,  5.56398098e+00,     1.38065073e+01, -1.19925112e+00,  4.57744638e+00, -2.95206629e+00,    -1.11368968e+01,  8.71691773e+00, -7.74052184e+00,  4.82621236e+00,     5.21525037e+00, -2.03966422e+00,  6.58036288e+00,  6.72254023e+00,     1.86693215e+01, -2.30886791e+00, -8.44784608e+00, -1.08888614e+01,    -2.49905392e+00, -5.69151508e+00,  1.64814472e+01, -7.78249918e+00,     1.44304278e+00,  9.28218130e-01, -3.73131957e+00, -1.35934613e+01,    -1.19939194e+00,  1.65041819e+01,  2.62699482e+00,  1.28713303e+00,    -8.93008846e+00, -9.16133952e+00, -2.05059801e+00,  7.83063191e+00,    -4.16240834e+00,  1.71584003e+01, -7.34083675e+00,  2.68556427e+00,    -3.17465693e+00, -1.07432460e+01,  8.53752653e-01, -9.21103407e+00,    -1.23288100e+01,  1.20262892e+00,  2.16653288e-01,  8.03009981e+00,     3.91505370e+00, -5.77517594e+00,  3.88133399e+00, -1.38612841e+01,    -8.33079650e+00,  1.55420498e+01,  1.11258502e+00, -1.84516685e+00,    -4.63632644e+00,  1.98547350e-02, -1.51318220e+00,  1.46356123e+01,     6.85677161e+00, -1.96378274e+00, -9.64187987e-01, -6.69647027e+00,    -2.62588804e+00, -1.07100946e+01,  8.38747858e+00,  1.09879670e+00,     1.89724107e+00,  2.62346613e+00, -1.62538686e+00, -3.38551167e+00,     2.68026160e-01, -1.76472203e+01, -2.48274015e+00, -1.33969645e+00,    -1.22399503e+00,  8.74069071e+00,  1.03810074e+01,  2.79332241e+00,    -1.55781376e+01,  1.07719051e+01, -4.00691994e+00, -6.10735678e+00,    -1.43380816e+01, -5.48352352e+00,  9.71158157e+00,  5.08616608e+00,     2.43780899e+00,  5.29908036e+00, -9.19144159e+00, -7.48409892e+00,     1.00348395e+01,  6.81271830e+00,  8.18695982e+00,  5.51299502e-01,     1.59521087e+00,  8.95744508e+00,  1.63817143e+01, -3.94084944e+00,     6.10765794e+00, -3.22852064e+00, -7.05085949e+00, -5.48882961e+00,    -5.02273636e+00, -2.22098855e+00, -8.18945683e+00, -3.61196569e+00,    -2.20287894e+01,  5.63226286e+00,  4.36169408e+00, -3.81185954e-01,    -6.12797232e+00, -3.23743899e+00, -8.99600670e+00,  1.62035110e+00,     1.33420883e+01, -3.31168602e+00, -3.05296540e+00,  3.13208626e+00,    -8.26389360e+00,  1.46959705e+01,  2.79195647e+00,  1.95759216e+00,     8.67139362e+00, -3.71007463e-01,  9.61543236e+00,  2.86530167e+00,    -1.15748656e+00,  2.11384548e+00, -1.00679976e+00,  1.19300974e+01,     1.36097524e+00,  2.96485421e+00, -1.57601172e+00,  1.74247368e+00,    -1.54700369e+01, -5.86683774e+00, -7.87928931e+00,  8.67639684e+00,    -5.60054002e+00, -9.98453334e+00,  9.46519449e+00, -2.35282549e+00,     7.35984110e+00, -1.48445945e+01,  3.75316783e+00,  9.01881706e-01,     9.38318882e-01, -1.84135373e+00, -1.03199978e+00,  8.16560908e+00,     3.92817361e-01, -8.19022029e+00, -3.47110578e+00,  3.65153675e+00,    -1.96523243e+01, -1.51330917e+01,  4.08542812e-01,  2.20932638e+00,    -7.97630426e+00, -1.85150868e-01,  1.78955306e+01,  5.18127153e+00,    -9.37534158e+00,  1.24123301e+00, -1.55116522e+00,  2.08659157e+00,    -5.70325729e+00,  3.45577142e+00,  4.10398062e+00, -1.11797221e+00,     1.83749395e+01, -1.50853720e+00, -5.14638933e+00,  4.03261458e+00,     7.42846266e+00, -5.78864442e+00, -1.55105452e-01,  1.62881699e+01,    -4.31548614e-01,  8.81315766e+00,  2.65200853e+00, -1.40621726e+00,    -3.29929018e+00,  8.46221475e+00, -9.34466373e+00, -5.47384184e-01,    -3.08739037e+00, -6.94970250e+00,  2.09862606e+00,  3.88333586e+00,     4.95456004e-01, -3.22131673e-01, -6.53344981e+00,  2.86609521e+00,    -5.96117158e-01, -3.83478131e+00, -3.51939889e+00,  3.36048969e+00,    -4.74175043e-01, -6.25668538e+00, -1.75994062e+01,  8.85891304e-01,     3.33454781e+00, -7.21370209e+00, -3.99752681e+00,  1.35341599e+01,     1.54974531e+00,  6.35485374e+00,  1.19000911e+00,  5.88644322e+00,     4.62669180e-01, -6.55391044e+00, -1.01958332e+00,  1.20850482e+00,     4.63962233e+00,  1.28415256e+01,  8.22769264e+00,  1.64358276e-01,     1.98461781e+00,  1.01777288e+01,  4.33275448e+00, -1.22583233e+01,    -4.61158630e+00,  2.45180517e+00,  1.43548085e+00,  4.18644980e+00,    -8.83366872e+00,  1.08584745e+00,  6.44616234e+00,  8.16317091e+00,    -7.06613111e+00, -3.98058876e-01, -3.32714860e-01, -3.04447598e+00,    -4.83952013e+00, -2.50576339e+00, -1.17799332e+00,  1.59936114e+00,     6.92810531e+00, -5.11374898e+00,  1.36870056e+01,  5.43478995e+00,     3.96069112e+00,  6.11807687e+00,  4.73726087e+00,  5.54717259e+00,     9.16251901e+00, -7.71390010e+00,  1.05303638e+01, -1.87072050e+01,     5.20488820e+00, -1.75138278e+01,  1.34854269e+01,  1.25232618e+01,    -1.51393905e+00, -8.01136578e+00, -7.20998258e+00, -9.59842159e+00,    -1.08194848e+01,  8.97427508e+00,  7.06626513e+00,  3.95504034e+00,     5.20073704e+00,  6.73567875e+00, -6.68817039e+00, -2.65791472e+00,     9.37676397e+00, -2.02885840e+00,  8.48349807e+00,  1.24447385e+01,    -5.97268533e-01, -1.23081583e+01,  4.97989919e-01,  2.80673724e-01,    -1.54194702e+00,  2.81249704e-01, -1.10089913e+01, -2.37988541e+00,     1.96511328e+00,  1.83642332e+00,  8.08286623e+00, -6.56082115e+00,     9.83924661e+00, -6.62764060e+00,  4.01626492e+00,  6.86333172e+00]
