name = '*O_19'
composition = {'H':0, 'C':0, 'N':0, 'O':1, 'Pt':1}
facet = ['Ni100']
coverage = 1
DFT_energy = [-81.610, 'eV']
ZPE_energy = [0.062, 'eV']
frequencies = [323.9, 325.2, 358.1, 'cm-1']
gas_DFT_energy = [-5.386692, 'eV']
gas_ZPE_energy = [0.099, 'eV']
sites = 1
BEE = [-4.99370414e+02, -3.97919808e+01, -1.15281303e+02,  3.86755411e+02,    -1.82894346e+02, -1.59773282e+02, -3.41647408e+02, -7.60461398e+02,    -3.63819225e+02, -4.06906707e+02, -3.32230074e+02,  4.05108175e+01,     1.20111054e+01,  2.54769439e+01,  2.66527064e+01,  4.02123089e+02,    -1.77195308e+02, -1.55911864e+02,  1.48564284e+02, -9.49290699e+02,     4.99716544e+02, -2.27551315e+02, -4.37304941e+01, -1.02914859e+02,    -4.77990876e+01, -4.92315650e+01,  7.37691928e+02, -1.82376841e+02,    -7.05259914e+01, -4.48440712e+02,  6.58969370e+02, -1.15954270e+02,    -3.32100536e+02,  2.04469726e+02, -3.64537071e+01,  1.66734672e+02,    -2.65624165e+01,  6.09665052e+01,  2.33106521e+02, -8.68228655e+02,     4.62297729e+02,  1.09837047e+02, -5.02711317e+01, -2.88058875e+02,     9.58531145e+01, -1.55304084e+02,  3.74028023e+02,  3.15607945e+02,    -2.34253384e+02, -2.49583082e+02, -2.54119983e+02, -2.89319621e+02,     9.74648178e+01, -4.23905556e+02,  1.17149436e+02,  5.12129415e+02,     5.84569186e+02,  2.97233084e+02,  1.37526948e+02,  2.34405573e+02,     7.65690371e+02,  1.78969083e+02, -4.70273474e+02, -1.05288822e+02,    -2.00880072e+02,  5.20297461e+02, -6.39170184e+02, -5.34123996e+02,    -2.31472237e+02, -8.51272889e+01, -3.73262376e+02,  2.28846288e+02,     8.17550074e+01,  1.12377706e+02, -3.29163150e+02, -2.97255018e+02,    -4.81225265e+02,  3.18813154e+02, -2.79306786e+02,  2.24902413e+02,    -5.64835624e+01, -2.49703617e+02, -4.96842524e+02, -1.47620092e+02,    -9.60713727e+01, -1.35871702e+02,  3.36271954e+02,  6.04746277e+02,    -3.61084495e+02, -6.82878740e+02, -1.69525369e+02,  9.45374577e+02,    -4.87238963e+02,  2.82084233e+02, -9.04104334e+01, -5.30139919e+02,     2.05742964e+02,  3.25432175e+02, -1.48984799e+02,  2.99866112e+02,    -2.27941288e+02, -4.38477166e+02,  7.59742722e+02,  3.95862546e+02,     2.64416697e+02,  1.24887178e+02,  2.09923196e+02,  6.94711030e+02,    -2.12458262e+02,  4.95088826e+01, -1.17788954e+03,  1.56777594e+02,    -5.80836758e+02,  1.23829425e+02,  1.84279220e+02, -2.91412874e+02,    -4.56123611e+02,  5.29075588e+01, -2.50498383e+02,  3.02872996e+02,    -4.33109948e+02, -2.28864271e+01, -3.02600297e+02, -3.58329319e+01,    -2.73687056e+01,  1.44023685e+02,  1.06928509e+01, -5.12313347e+01,     5.16139104e+02,  7.78076959e+02,  4.07051473e+02,  6.64579939e+02,    -1.02381462e+02,  1.14786364e+02,  4.68221761e+02, -7.65589036e+01,    -6.51593354e+02, -3.19407735e+02, -4.27754574e+02, -2.44826994e+02,     2.38227191e+02, -1.00414952e+03, -1.63805744e+02,  3.66462824e+02,    -3.10634106e+02, -3.12513815e+02,  4.62090336e+02,  3.75125970e+02,    -2.94788977e+02,  1.65697510e+02, -2.09146126e+02,  2.96315140e+02,     3.35262497e+01,  1.30295154e+02, -7.40100032e+02, -4.13992266e+02,    -6.59013840e+01,  2.48487558e+00, -3.30043990e+02,  9.08282720e+02,    -1.89096964e+02, -2.86013070e+02,  3.19454968e+02, -4.08326645e+02,    -2.77762893e+02,  2.61290155e+02,  9.37088709e+01,  1.11549365e+02,     1.03276166e+02, -9.55113728e+01,  1.65451228e+02,  4.96123318e+02,    -2.51242663e+02,  1.47420545e+02,  7.74860936e+02,  2.84769106e+02,    -7.44309795e+01, -1.63265972e+02,  1.31124972e+03, -1.49452854e+02,     3.01274400e+02,  1.84910743e+02,  2.92843154e+02,  7.56824452e+02,     4.24216919e+02, -2.47216343e+01,  1.92656371e+02,  4.01974410e+02,     3.30640195e+02, -4.73736498e+02,  7.96908347e+02, -7.09613641e+02,    -1.49906540e+02,  4.89328374e+02,  7.20897361e+01,  5.84111450e+01,     2.66330124e+02,  2.08136569e+02,  3.05178221e+02, -5.43695207e+02,     4.28609235e+01, -2.32887134e+02, -9.25759484e+01, -2.91164108e+01,    -7.57404319e+01, -4.74223480e+01,  6.97411490e+02, -7.27269995e+01,    -2.35846545e+02, -1.94141237e+01,  9.91415217e+01, -5.01285850e+02,    -3.81633618e+02, -3.10489907e+02, -5.36741271e+02, -1.39751649e+02,    -3.53948361e+02,  1.65480366e+02, -9.42963154e+00, -9.06189888e+01,    -7.27600010e+01,  5.53366292e+01, -1.70046810e+02,  5.70616442e+02,    -6.99845323e+02, -1.37659198e+02, -1.33895383e+02,  1.43784598e+02,     1.57016172e+02, -3.93798917e+02, -1.55044909e+02,  3.56152853e+02,    -1.89821242e+02,  1.34683248e+02,  3.15003716e+02, -3.59293419e+01,     9.62561211e+02, -1.74442650e+02, -2.73614213e+02,  5.53244229e+01,    -1.92904985e+02,  4.53329626e+02, -3.07010644e+02,  7.20645097e+01,     5.33226969e+02, -1.11949854e+02,  1.02419295e+03,  1.09372487e+03,    -5.59147719e+02,  4.94612573e+02,  1.42610425e+02, -4.55972295e+02,     1.49231133e+02,  3.09158646e+02,  3.24238292e+02,  2.05590089e+01,     9.98987261e+01,  6.06908843e+02, -1.96252023e+02,  1.39165875e+02,     6.49876734e+02, -3.18902418e+02, -1.27767920e+02,  4.43618025e+02,     2.28331503e+02,  6.49125286e+02,  2.19759329e+02,  5.76221994e+01,     2.23522042e+02,  3.31212349e+02, -4.13166547e+02,  2.91483520e+01,     1.57051832e+02,  1.04809681e+02,  1.86905201e+02, -4.99771743e+02,     2.91604455e+02, -3.78972980e+02, -2.68656603e+02,  1.49359937e+02,    -1.20163091e+02,  4.66224143e+02, -2.05726244e+02,  2.46971181e+02,     2.77359149e+02,  6.78009560e+02,  4.72897190e+02,  4.04504595e+02,    -7.47665959e+01, -5.78889911e+01, -2.69681171e+02,  6.52800946e+02,     6.69613025e+02,  3.18376360e+02, -1.96225580e+02,  4.28340401e+02,    -7.59471011e+01,  1.80585651e+02,  5.30352743e+02,  6.26714803e+00,    -6.58636643e+01, -2.10190628e+02, -4.53011533e+02,  8.25112369e+02,     3.84617069e+02, -4.75904784e+02, -1.31681929e+02,  2.37999324e+02,    -9.01273409e+01,  5.30950236e+02,  1.03158432e+02,  6.77796243e+02,     2.64109361e+02, -2.41316439e+02,  2.10387472e+02, -3.59070622e+01,    -2.70747542e+02,  1.42592553e+02,  1.59016301e+02,  7.72987270e+02,     6.80399474e+02,  4.47467163e+02,  5.92844388e+02,  6.17819614e+01,    -2.33075734e+02,  1.32755682e+02, -2.82826140e+02, -4.31209710e+02,    -4.92719216e+02, -2.32110945e+02, -9.17102351e+02, -2.64420614e+02,    -7.27097887e+02,  1.82599848e+02, -3.91979947e+02,  3.48156820e+02,    -8.14204362e+02, -2.74526999e+02,  4.19540052e+02,  1.91129488e+02,    -7.32780531e+02,  5.28226786e+02, -2.05290123e+02,  4.43788858e+02,    -2.18614336e+02, -6.71416042e+02,  1.03879207e+02, -5.41862916e+02,    -1.14427112e+02,  2.00802385e+00,  3.61549364e+02,  1.06345112e+03,    -3.86425717e+02, -2.96935518e+02, -2.21814662e+00, -1.19691975e+02,    -6.89316156e+02, -4.72859127e+02,  4.20445720e+02, -2.15674579e+02,     1.42873043e+02, -4.14155383e+02, -1.27136020e+02, -3.40635973e+02,     4.54906253e+02,  1.29986374e+02, -1.90272923e+02, -1.14274392e+02,     8.63893540e+01, -7.20644445e+01,  3.70153358e+02, -2.13130996e+02,     4.39270349e+01,  2.91691588e+02,  1.49155217e+02, -1.48964161e+02,     1.31453938e+03,  4.60862431e+02,  2.88876500e+01,  8.91118752e+01,    -5.24361384e+02,  2.62469688e+02, -6.36443101e+02, -2.17583065e+02,    -4.67396260e+02, -1.61902294e+02,  4.70837402e+02, -4.79351667e+02,     1.54600655e+02, -2.33240077e+01,  2.74548644e+01, -3.16012810e+02,    -3.79159020e+02, -2.71168774e+00, -3.62974034e+02, -1.87808093e+02,    -3.47760064e+02, -8.83213515e+01, -3.04801461e+02, -4.36210283e+02,     1.91522435e+02, -1.46590356e+02,  1.79705807e+02,  8.61731074e+01,    -6.23724554e+02, -4.64911668e+02, -3.36760118e+02,  3.02759453e+02,    -8.63842048e+00, -5.37219798e+02,  4.93539300e+02, -3.37444411e+02,     4.64483083e+02, -2.55610792e+02, -4.13603393e+02,  2.25084785e+02,    -5.75410181e+02, -3.29642977e+02,  5.41439356e+02,  1.53268381e+02,    -3.44062375e+02,  4.46000231e+02, -1.45451240e+02, -3.20756270e+02,    -2.60371620e+02, -4.11868849e+02,  2.01149113e+02, -7.70046973e+02,    -7.07043586e+02, -8.17151344e+01, -2.55372567e+02, -4.67302822e+02,     6.11487712e+02,  1.12035835e+03, -2.80296141e+02, -2.70851134e+01,    -5.36006305e+02,  5.60145275e+02,  1.57381349e+02, -1.66808338e+02,    -3.26672176e+02,  1.43328819e+02, -5.16252304e+02, -1.71329704e+02,    -7.53405917e+02,  2.97235649e+02,  1.11027081e+02,  4.76327780e+00,    -5.82388126e+01, -2.90358393e+02, -7.54722780e+01,  1.08322157e+03,    -1.62902730e+02, -3.92292066e+02, -5.75229947e+02,  1.10714296e+02,    -3.04978054e+02,  7.56072215e+01,  2.47979020e+02,  5.67739099e+01,     2.38953650e+02,  1.02228223e+02,  5.05651173e+02,  2.61052630e+02,    -2.87279734e+02,  3.58901426e+02,  2.94498147e+02,  9.45625221e+01,     3.79656498e+02, -2.08426193e+02,  6.17410011e+02,  1.57032316e+02,    -2.55877463e+02, -4.94506251e+01, -1.62209760e+02,  2.03941137e+02,    -2.23470641e+02, -2.54869010e+01, -9.21919032e+01,  7.04119591e+02,     4.54935771e+02, -5.72942960e+02, -3.56520367e+01, -4.58236270e+02,    -1.49251853e+02, -1.92859663e+02,  6.32560102e+01, -1.21524823e+01,    -2.20300942e+02,  1.07557432e+02, -5.94817792e+01, -8.96335893e+01,     7.36117243e+02,  1.53428219e+02, -6.87471346e+02, -3.75873992e+02,     7.83329266e+02,  2.33020156e+02, -7.24733183e+01,  9.02800232e+02,    -1.57067815e+02, -9.58680780e+01, -4.98795063e+01,  1.15001739e+02,     2.41553058e+02,  3.46018373e+01,  2.27607521e+02, -1.34022741e+02,    -2.64019261e+02, -3.67417278e+02, -4.07267860e+02,  3.81004733e+02,     1.07459411e+02,  3.21075726e+02,  1.17542971e+02,  7.51760572e+02,     1.49257175e+02, -6.94543675e+02, -2.91545062e+02,  8.39717154e+01,    -2.35840520e+02,  5.27278759e+02, -1.06941369e+02,  1.56240533e+02,     4.23169860e+02, -6.23268443e+02,  1.26143758e+03,  1.64339035e+02,     2.01577712e+02,  2.97459799e+02,  6.87794679e+01, -5.88488625e+00,     3.06568471e+02, -3.01869693e+02,  6.94050382e+02,  5.98516170e+02,    -3.51756499e+02,  1.27220566e+02,  5.89641250e+02, -1.83700301e+02,     1.35017037e+02,  3.62719680e+02,  3.61887929e+02, -6.65550238e+02,    -1.17775118e+02, -2.97869530e+02, -2.67283717e+01, -3.55691297e+01,    -2.22481943e+01, -1.38067549e+02, -2.49861590e+02,  7.01470477e+01,     8.63861771e+01,  4.53748937e+02, -3.57423931e+02,  3.27967591e+02,     3.79897235e+02, -1.41749866e+02,  7.51928333e+02, -5.79234419e+02,    -8.93573413e+02, -5.62290435e+01, -7.16820392e+01, -2.48385126e-01,     6.68337420e+02, -6.18573295e+01,  3.44460624e+02,  4.06329865e+02,     3.21642799e+02, -8.99133896e+01,  5.36023013e+02, -1.35032012e+02,    -2.74529380e+02, -3.92870004e+02,  4.58597968e+01,  3.26639070e+02,    -4.26393302e+01,  3.24851428e+02, -2.53488197e+01,  5.41926759e+02,     1.69100345e+02,  7.49806805e+01, -4.63887542e+01,  2.87468839e+02,     3.19601418e+02,  1.68576725e+02, -6.60687708e+00, -4.54707010e+02,     2.54845499e+02,  1.67545370e+02,  3.12926886e+02,  2.63001491e+02,     2.99178403e+02, -5.01811639e+01,  2.29828289e+02, -2.07766787e+02,    -9.33852642e+00, -4.71160011e+02, -2.63371470e+02,  3.31738380e+02,    -7.66829627e+02,  2.48955786e+02,  1.44272307e+02,  7.00675642e+02,    -2.20498298e+02,  2.58208371e+02, -9.82281668e+01, -4.09317958e+02,    -6.09196684e+02, -6.89560257e+01, -7.44537159e+02,  1.35908139e+02,    -1.74796934e+02,  2.53219845e+02,  1.72628213e+02, -2.17012722e+02,    -2.12262780e+02,  3.26652919e+02, -5.07912086e+02, -1.03371897e+02,    -1.75976459e+02,  1.99298962e+02, -4.44554028e+01,  4.86318624e+01,    -1.82960778e+02,  4.81260281e+02, -4.03050472e+02,  8.20773184e+01,     5.08811755e+02, -2.90341822e+02,  1.55226176e+01, -3.10112521e+01,    -5.80621249e+02, -3.92785469e+02, -6.77517413e+01,  2.23441522e+02,     2.71837253e+02,  4.11273566e+01, -6.88943742e+01,  1.87576673e+02,    -3.82059814e+02,  1.52768746e+00, -4.26069347e+02, -2.31639341e+02,     3.97380903e+02, -2.48579625e+02,  5.42818120e+02, -1.80252812e+02,     2.97500103e+02,  2.16380060e+02, -5.26468415e+02, -2.41359451e+02,     7.17768562e+01, -3.37070271e+02, -2.96156533e+02, -7.33172148e+02,    -4.71320223e+02, -4.42089922e+02, -3.64033566e+02,  1.96208500e+01,     1.11291799e+02,  8.33294381e+00,  1.77152922e+02, -4.82302958e+02,     1.22984934e+02,  1.75845281e+02, -5.62139638e+02, -5.44345773e+02,    -3.47767684e+02, -1.97587803e+02,  1.65197739e+02,  7.26432826e+00,    -3.76268779e+02,  3.01113012e+02, -1.68969066e+02,  4.22533170e+02,    -7.54894530e+02,  5.09719334e+02, -3.12457001e+01, -3.10042271e+02,    -2.21534899e+02,  2.71649451e+01,  3.59419615e+02, -6.37984159e+02,    -1.19516178e+02, -1.73622680e+02,  4.14762857e+02,  7.10029652e+02,    -8.21155763e+02,  7.90345944e+02,  3.85707644e+02, -6.31173409e+02,    -2.98079410e+02,  6.45080133e+02,  5.11013488e+02, -1.52251369e+02,    -3.03718999e+01,  8.92949599e+01,  5.99532384e+02, -4.46365841e+02,     1.38066305e+02, -6.44161061e+01,  2.57405513e+02, -6.25829991e+02,    -6.41210833e+01, -2.84784713e+02,  4.00134647e+02,  3.61202169e+02,    -7.24640321e+02, -4.19052954e+02, -1.92269410e+02, -3.29194921e+02,    -1.23949499e+02, -1.95576988e+02,  3.62741711e+02,  3.51798696e+02,    -5.00079952e+01, -3.90937146e+02, -7.06474589e+02,  3.67696477e+02,    -4.29408289e+02, -2.65993923e+02,  4.05895296e+01, -2.91615022e+02,    -3.52541162e+02, -2.18807081e+02, -3.57625652e+02, -2.27273850e+02,    -4.31791110e+02,  4.93211364e+02,  5.47138658e+02, -2.83762881e+01,    -2.02174931e+02, -1.36176863e+01,  3.60246491e+02, -7.46764065e+02,    -1.76988425e+02,  4.22831198e+02,  5.68429982e+02, -1.56201125e+02,     9.65665698e+01,  4.64754504e+02,  1.32054676e+02, -5.58713209e+01,    -3.75041188e+02,  1.91497506e+02, -3.04285974e+02, -1.35928119e+02,    -1.64157205e+02, -1.58767664e+02,  1.68300802e+02,  6.61278693e+02,     6.88074993e+00,  3.44944744e+01, -7.68657013e+02, -1.47936350e+02,    -3.21321791e+02,  3.97948268e+01, -3.57585079e+02,  6.66271592e+02,     6.89774128e+02,  1.24829148e+02, -1.27040487e+02,  1.22511371e+02,     2.15312673e+02, -4.05567554e+02, -6.51571675e+01,  1.18899194e+02,     1.17357022e+02,  4.81614942e+02,  3.82562931e+02, -1.77223212e+02,     2.40588931e+02, -8.20311013e+02, -3.69811653e+01,  7.23291038e+02,     8.14788208e+01, -6.66638178e+00,  2.82903796e+02, -2.46034194e+02,     7.86943784e+02, -1.04919431e+02,  7.21823894e+02,  3.15179060e+02,    -3.25720245e+02,  2.59859998e+02, -2.61709112e+02, -5.84357719e+02,    -3.37874349e+01, -4.81275716e+02, -4.53630500e+02, -4.50950230e+01,     2.73744932e+02, -4.85835945e+01, -2.85809338e+02,  6.40695995e+01,    -6.19001053e+02, -7.89191339e+01, -7.03717621e+02,  4.42909718e+02,    -1.16536397e+01, -4.36630734e+02, -1.61208325e+02,  1.46603449e+02,    -2.73782417e+02, -4.01449000e+02,  7.66955376e+02, -1.90524023e+02,    -3.77838742e+02,  2.14077019e+02, -1.01340538e+02,  4.36357952e+02,    -1.48149463e+01,  7.32857607e+01,  8.67677499e+02, -1.52532830e+02,    -2.97878374e+02, -3.18932328e+02, -4.52588196e+02, -2.80831647e+02,     2.42269705e+02,  1.79138154e+02,  1.80844861e+02,  6.38085369e+02,     1.99281308e+01,  1.42575138e+02, -5.65847175e+02,  2.10179997e+01,    -1.98747066e+02, -2.27322006e+02,  1.43592926e+01,  3.00104037e+02,     3.27066997e+02,  6.68981240e+00,  7.98894619e+01,  2.51467387e+02,     3.18570421e+02, -2.05058077e+02, -1.12320376e+02,  1.45237013e+01,    -1.99950964e+02, -6.70664255e+01, -2.32382714e+02,  6.46305969e+02,     5.54755121e+02, -1.08116525e+02,  1.03548532e+02, -2.04083401e+01,    -2.04102615e+02,  2.86015417e+02, -7.52076838e+01,  3.33575098e+02,    -4.59489467e+02,  1.60907547e+02, -9.44710078e+01, -4.65574125e+02,    -2.15316822e+02,  2.33318349e+02, -7.32005908e+02,  3.61204602e+02,     4.21006762e+02, -6.15455750e+01, -4.31698929e+01, -2.72540509e+01,     2.08749461e+02, -2.81197355e+02,  3.11363006e+02,  2.42825346e+02,    -8.92948970e+02, -2.82129235e+02,  1.93481208e+02, -7.88803210e+01,     3.27976705e+02, -5.26822274e+02, -3.93509094e+00, -3.54739037e+02,    -1.05760909e+03,  6.41621654e+02, -5.08477948e+02, -4.92523831e+02,     7.56039947e+01,  1.09592965e+03, -1.93457323e-02, -1.85023172e+02,    -1.81810697e+01, -6.14313711e+01, -7.57429508e+02, -5.29538818e+02,     6.65698901e+02, -4.39663802e+01, -3.38030060e+02,  4.30074615e+02,    -2.95543399e+02,  3.38622328e+02,  4.65387906e+02, -5.26928775e+02,    -2.20540142e+02, -2.94759525e+02, -1.28707739e+02, -1.65843141e+02,    -5.78529740e+01,  1.16925682e+02, -2.87544102e+02,  2.53850779e+02,     5.10647256e+02, -1.37459671e+02, -1.52203997e+02,  1.18390847e+02,     4.90435852e+02,  4.16461150e+02,  3.19512174e+01, -1.46467057e+01,    -4.67272710e+01, -4.35300198e+02,  3.23424709e+02, -2.05563017e+02,     1.69713232e+02, -1.34285107e+02,  2.48378176e+02,  1.50203319e+02,    -6.74605697e+02, -2.37663150e+02, -6.75440310e+02, -2.77978035e+02,     6.45748435e+01, -1.47132085e+02,  2.55745800e+02, -2.46952112e+02,     1.59739831e+01,  8.98383801e+01,  6.37027535e+02,  3.20058417e+02,    -2.32141936e+02,  1.76145477e+01,  9.53305942e+01,  3.41352336e+02,    -5.22524190e+00,  4.33152524e+02,  2.07622349e+02,  7.63064160e+02,     2.14196089e+01,  5.84825588e+02, -2.23228768e+02, -3.29506125e+02,     7.06020462e+01,  6.41463001e+01,  2.60791628e+02, -5.50922939e+01,    -1.36395743e+02,  2.22456929e+02, -3.92357674e+02, -4.43363615e+02,     6.57328796e+02, -5.01214816e+01, -3.66229412e+02, -4.05509807e+00,    -1.21164147e+02,  3.00356731e+02,  2.82722133e+02, -1.67151563e+02,     9.45989263e+00, -2.31493437e+02, -2.79295326e+02, -2.44520991e+02,    -8.18880035e+02, -2.87594287e+01, -5.51585397e+02, -4.71446205e+02,    -3.36855941e+02,  1.50354522e+02, -3.22054402e+02,  1.87699443e+02,    -4.83332689e+02,  9.42442571e+00, -3.48377726e+02,  6.39011648e+01,     1.01491433e+02,  2.48617775e+02, -1.68841745e+02, -1.25914332e+02,     2.22833408e+02,  5.14695037e+02,  2.78811205e+02,  6.65422151e+01,    -5.83791956e+02, -1.18904644e+02, -2.64117234e+02, -5.19526373e+02,     3.53845914e+02, -2.95932658e+02, -3.73499400e+01, -1.96526907e+02,    -8.67426833e+02,  4.26823816e+02, -1.43152804e+02,  3.52596581e+02,    -5.94062770e+02,  5.61188370e+02,  3.65749614e+01, -2.66626264e+02,     4.00030881e+01, -1.99897096e+02, -5.83945063e+02,  1.20906559e+02,     2.40604918e+02,  2.78301947e+01, -3.09826498e+02, -1.11593534e+02,     1.39263567e+02,  2.50420802e+02,  5.49081719e+02,  2.17317238e+02,    -2.01541995e+02,  7.56489485e+02,  2.46581607e+02,  3.34438991e+02,    -1.44705831e+02,  2.27597517e+02,  1.48728208e+02, -5.27409381e+02,    -1.60678441e+02, -3.37195561e+02, -2.68019733e+02, -8.90389825e+01,    -1.50725264e+02, -3.18507867e+02, -9.71835947e+02, -2.60700561e+02,     1.31957409e+02,  8.73102737e+01,  8.01159937e+01,  4.24291783e+02,     1.59116997e+02,  2.73741732e+02, -3.62054940e+02,  3.95208792e+02,    -4.21938064e+02, -6.55099828e+02,  1.65042010e+02, -3.45611555e+02,    -3.58933632e+02, -1.34851905e+03, -1.02001537e+02,  6.84154904e+02,     3.98466413e+02, -8.69293115e+01, -1.02624390e+02,  2.52728053e+02,     5.83084097e+02, -3.45123230e+02, -8.18851223e+01, -2.71819732e+02,    -3.07038815e+02, -2.91656031e+02,  1.36253667e+02,  6.12397398e+02,    -5.62931921e+02, -4.53406795e+02,  2.10042132e+01, -7.39448149e+01,    -1.20978829e+02, -7.96294036e+02,  4.84480757e+02,  2.15116161e+02,     7.71148902e+01,  4.14017044e+02, -2.59327197e+02,  2.53590298e+02,     2.30879796e+02,  4.56472528e+01, -4.00133088e+01,  1.04559598e+02,    -1.39014766e+02,  4.02477445e+02, -3.73111856e+02,  3.59742146e+02,     8.00790052e+01,  9.59323076e+01,  2.01517490e+02, -7.36718104e+02,     5.50641772e+01, -5.47617178e+02, -4.32647793e+02, -4.19951866e+02,    -3.85195767e+02,  1.11680920e+01,  1.11219867e+02,  4.12738874e+02,     8.24479270e+01,  1.17906572e+02, -6.08066962e+02, -2.14268909e+02,     2.81373500e+02,  1.10884373e+01,  1.60844712e+01, -6.96876564e+01,     3.13504596e+02, -7.80049199e+02,  8.99264401e+01,  2.01831640e+02,     3.89311916e+02,  3.32964549e+02, -4.85708643e+02,  6.49004885e+01,     3.66292488e+01,  3.80614798e+01,  1.68613993e+01, -1.65885433e+02,    -2.69188438e+02,  1.34915741e+02,  5.35114327e+02, -7.58388070e+01,     8.18190853e+01,  1.52460878e+02, -2.11798697e+02, -2.09927793e+02,    -9.88345287e+02, -3.28110794e+02, -4.34387263e+02, -6.44964578e+01,    -5.42825582e+02,  6.41472403e+02, -2.51940430e+02, -4.51203220e+02,    -1.33684551e+03,  5.59549910e+02,  1.17399879e+02, -1.26340216e+01,    -5.24405097e+02,  9.03136938e+01, -1.48418553e+02, -2.78199187e+02,     1.00671403e+02,  2.73623244e+02,  6.78004440e+01, -1.47906698e+02,    -2.81269216e+01,  7.13918791e+00,  1.63704277e+02, -5.19941659e+02,     5.97337850e+02, -3.57865522e+02, -2.31385169e+02, -3.59480791e+02,    -8.29304383e+02,  8.12757723e+01, -4.07467768e+02, -1.87712359e+02,     2.90898617e+02, -2.06093033e+02,  4.86210043e+00, -8.43827526e+01,    -2.18650798e+02,  1.43128504e+01,  4.53882575e+02, -4.43425449e+02,     7.86169624e+02, -1.68517328e+02,  2.89427486e+02, -6.70823759e+01,     1.27977704e+02, -1.00277660e+02,  3.99300727e+02,  5.34173788e+02,     1.70157668e+02,  4.68002385e+02, -3.32072813e+02, -2.76431880e+01,    -1.94508065e+02,  5.81631136e+02,  4.92250386e+02,  3.77387125e+02,    -1.27512253e+02, -2.58169176e+02,  2.29631206e+02, -2.20216739e+02,    -1.17416632e+02, -6.18700569e+01, -2.22019502e+02,  4.37269380e+02,    -4.93020237e+01,  3.37312731e+02,  1.20492706e+02,  1.44883649e+02,    -2.91373380e+02,  2.75996242e+02, -1.55143815e+02, -1.11932428e+02,    -2.56740058e+01, -4.33372263e+02,  6.54011677e+02, -2.40778808e+02,    -3.49493104e+01,  1.69847770e+02,  1.45421172e+02,  6.02911622e+02,    -1.40892400e+02,  6.54498251e+02,  5.94601965e+02, -8.28817917e+02,     7.41010364e+01, -1.74157426e+02,  1.24628694e+02,  7.38120875e+01,     1.50216990e+02,  5.14520933e+02,  7.89929977e+02, -6.68559299e+02,     6.53216227e+02, -7.87110159e+02, -6.55743099e+02, -1.05180559e+02,    -9.67660579e+00,  5.99357277e+02,  3.29149547e+02, -1.55378063e+02,    -7.90085181e+02,  6.00288250e+02, -3.83511583e+02, -8.74577164e+00,    -4.28210494e+01,  1.05704477e+03, -2.41538279e+02, -8.97943367e+02,     2.63649904e+02, -1.37975091e+03,  9.46783692e+01, -3.04230788e+02,    -1.54449732e+02, -2.32618474e+02, -4.99785623e+02,  3.49456067e+02,    -3.08541264e+02, -7.88543902e+01, -6.67637190e+02, -5.72741140e+01,    -4.08187961e+02, -6.34416535e+02, -1.04404517e+03,  8.60386455e+01,    -2.75021935e+02, -6.82936963e+00, -1.15139618e+02, -6.74885618e+02,    -5.38960817e+02, -4.50055976e+02, -4.54211460e+02,  4.67319874e+02,     7.92395951e+01, -4.07651124e+02, -1.55338940e+02, -1.90995070e+02,     3.16708431e+02, -2.84529241e+02, -1.04483118e+02, -1.91260917e+02,    -3.05566317e+02, -3.19386689e+02,  3.26221847e+02, -1.49066734e+02,    -7.76009138e+02,  6.56603163e+02,  4.00020304e+02,  5.21160530e+01,    -6.17062913e+02, -6.44078185e+02,  9.26467173e+01,  1.13651337e+01,    -2.54046712e+02, -4.14588668e+02,  3.02130182e+02, -6.73995596e+01,     2.32961798e+02,  4.20872742e+02,  2.87200561e+02,  3.00718484e+02,     2.17465462e+02, -1.73364521e+02, -1.06624688e+02, -1.87666957e+02,    -2.97264907e+02, -3.89840513e+02, -5.51358896e+02, -3.33119886e+02,    -6.83055801e+01, -6.78313676e+02, -7.43099708e+01,  2.77722377e+02,    -6.09873200e+02,  2.11237928e+02,  1.85013364e+02, -6.00361726e+02,    -4.83637783e+02, -1.33334261e+02,  1.80354837e+02, -3.37596161e+02,     5.96314634e+02,  5.35116941e+02, -6.38461750e+02,  4.30426654e+02,     3.01714483e+02,  6.43569089e+01,  2.14857501e+02, -3.63018524e+02,    -1.21588937e+02,  4.67415102e+01,  1.50761829e+02,  3.84984574e+02,    -4.30949883e+02, -3.66737946e+01,  1.50136367e+02, -1.26261519e+01,    -2.25217632e+02,  1.67610682e+02, -2.26652000e+02, -1.71700166e+02,     3.18214825e+01, -5.09829316e+02,  3.09358669e+01, -1.99093002e+02,    -1.07353328e+02,  5.25557877e+00, -4.82741619e+02,  4.79932778e+02,    -2.28427330e+02, -1.09957799e+03, -7.18642874e+02,  3.32060296e+02,    -3.02724860e+02, -1.45363061e+02, -2.47755107e+02, -1.41135059e+02,    -8.49130773e+02, -9.42904687e+01, -5.44118099e+02, -2.83865705e+02,     2.18844437e+02,  6.31625508e+02, -3.08715635e+00, -2.66420244e+01,     4.95273420e+02, -4.30354870e+02,  3.04044130e+02,  7.85169575e+01,    -3.53948662e+02, -1.53202408e+02,  2.08673762e+02,  1.58142793e+01,     8.32476421e+01,  9.68666406e+01, -2.00196515e+02, -2.36416735e+02,    -4.48017419e+02,  4.25385126e+02, -5.38970669e+02, -3.95666143e+02,     8.07837253e+01, -7.58992919e+02,  1.63664738e+02,  5.32693522e+02,    -4.05900106e+01,  5.93721242e+01, -2.11099346e+02, -1.73434316e+02,     8.73536474e+01,  3.18037919e+02, -3.43236410e+02,  2.62000928e+02,    -9.30852295e+01, -3.28530297e+01,  2.28453854e+02,  1.62412889e+02,    -7.65990349e+01, -3.03955288e+00,  2.06897197e+02,  2.37567227e+02,    -6.08792930e+02,  5.55573822e+01,  4.57384888e+02, -8.24423239e+02,     2.75339028e+02, -1.01179067e+03, -7.88663797e+01, -1.25838833e+02,    -7.12093459e+01, -7.61922850e+01, -2.19547454e+02, -3.12650242e+01,     1.39663549e+02, -2.04882243e+02,  1.19610741e+02,  7.36019342e+02,    -5.44505493e+02, -2.26354183e+02,  3.10038732e+02,  2.10103177e+02,     3.51305066e+02,  1.39304951e+02,  2.39842989e+02, -1.58333871e+02,    -4.14985116e+02, -3.60286664e+02, -1.76637593e+02,  6.59056498e+00,    -3.56084532e+02, -1.29296456e+02,  5.62499642e+01,  1.96496425e+02,    -8.48327279e+01,  4.76393684e+02, -4.30239537e+02, -4.40513776e+01,    -2.29114842e+01,  2.36550302e+02, -3.44248508e+02, -2.16771770e+02,     2.32096836e+02,  4.22712858e+02,  5.91853587e+02,  2.97305095e+02,     3.49901946e+02, -2.51897932e+02,  5.29186781e+02,  5.71724583e+02,    -5.38525284e+01,  3.33174672e+02,  3.21965126e+02, -2.15750954e+02,     1.44064556e+01,  5.19369941e+02, -2.35395060e+02, -1.04851784e+02,    -5.12578777e+02,  2.27690730e+02, -6.41985931e+01,  1.49334431e+02,     8.11478355e+01, -3.53171882e+02,  3.88603185e+02,  3.44925701e+02,    -2.01182353e+02,  1.56461336e+02, -4.86374569e+02, -4.36987660e+02,     1.98252011e+02, -5.84445509e+02, -2.28446970e+02,  8.14787639e+01,     6.83863555e+02, -2.06172700e+02, -8.83429933e+01, -1.24796835e+02,     9.70646966e+02,  1.20236760e+02, -3.67676787e+02,  5.79441815e+02,     5.33293628e+02,  2.54893081e+02,  6.18043334e+02,  6.85092662e+02,    -8.86447116e+01, -2.53551376e+02, -2.74932030e+02,  2.27591321e+02,     3.20171365e+02, -4.18155771e+01, -1.74812286e+02, -5.21026561e+02,    -2.54988835e+02, -3.74277734e+02,  2.49887187e+02,  1.27466579e+02,     5.29906432e+02,  4.80351469e+01, -2.11878803e+02, -6.64226040e+01,     3.38332931e+02,  1.10396564e+02,  4.31121514e+02,  4.85508742e+02,    -1.16891268e+02, -7.68560141e+01, -8.17369127e+02,  4.51252602e+02,    -4.49740021e+01,  4.24351827e+02, -1.54793682e+02, -4.93169184e+02,     1.67545562e+02,  5.85568050e+02, -2.07682996e+02,  5.77299690e+02,    -6.10458115e+02, -1.89693565e+02, -6.60125924e+02,  1.86413766e+02,     9.64754927e+01,  7.63249145e+00, -5.05503652e+02,  7.40729556e+02,     4.44812567e+02,  6.87785450e+01, -3.87840814e+02,  1.84289426e+02,    -2.29881463e+02, -7.40239435e+01, -1.84532020e+02,  1.75898144e+02,    -8.55312721e+01, -1.72447303e+02,  1.61809155e+02,  2.21777002e+02,    -7.18273734e+02,  1.63967266e+02,  5.64957496e+02,  3.53241136e+02,    -1.10849310e+02,  2.87746479e+01, -3.02174516e+02,  4.97074436e+02,     1.47854697e+02, -5.66673822e+01, -5.84462284e+01,  9.17822205e+02,     6.06828227e+00,  2.60902412e+02,  6.09199958e+02,  8.21092046e+02,     5.38559739e+02,  3.56403116e+02, -5.35555570e+02, -3.64900179e+02,     2.91086637e+02,  1.45163045e+01,  2.72043939e+02,  1.55472324e+02,     4.93735734e+02, -6.51536022e+02, -4.12199168e+02, -5.39004411e+01,    -7.28158164e+02,  1.64826143e+02,  3.31579950e+02,  1.17027752e+02,    -1.91241540e+02,  1.98754553e+02,  1.19621350e+03,  2.18357172e+02,     1.27687615e+02, -4.11863742e+02, -5.56401826e+02, -1.31600615e+02,     2.62147437e+02, -4.41614182e+01,  1.76692827e+02,  2.95795772e+02,    -5.02591360e+02,  2.08732427e+02,  4.40486390e+02,  4.92583738e+02,    -4.68737808e+01,  9.99575203e+00, -7.84154768e+01, -4.24965525e+02,    -5.59204050e+02,  7.02067987e+02, -5.64447484e+01, -4.97849935e+02,     1.84142897e+01, -1.92519475e+02,  7.68503519e+02, -2.01440682e+02,    -2.89475313e+02,  2.62359414e+02, -1.22786364e+02,  3.64651817e+02,    -4.70431867e+01,  8.45805374e+02,  4.22964880e+02, -1.03187513e+01,    -3.03360066e+02,  2.08524967e+02, -4.66236155e+02, -9.79425308e+01,     5.11454786e+02, -2.35957858e+02, -3.96917426e+02, -1.86834932e+02,     4.36159976e+02,  1.22812316e+02, -6.97666293e+02,  2.57459518e+02,     1.26129184e+02,  5.81063229e+01, -4.30144711e+02,  1.44442086e+01,     2.95070884e+02,  4.29306218e+02,  5.38499982e+02,  2.19073237e+02,     3.43463037e+01, -4.27156145e+02, -4.02318744e+02, -6.25375385e+02,    -7.78385474e+01,  2.65604281e+02, -2.08675375e+01,  4.50088568e+02,    -2.66642645e+02,  1.53758787e+02, -1.00943486e+02, -2.50975817e+02,     4.98171851e+02,  6.43948514e+01,  5.16227484e+02,  2.52116281e+01,     2.09290705e+02, -1.67630955e+02,  5.26633391e+02, -1.02043717e+02,    -3.06191024e+00, -6.57177431e+02, -9.09272550e+01,  6.12262471e+02,     5.59514945e+02,  2.22260082e+02, -1.26952690e+02,  3.24050210e+01,    -1.48954420e+02, -4.87844706e+01,  7.56877099e+02,  1.48367472e+01,    -1.99706104e+02, -9.27923044e+02, -4.55509811e+02, -3.16529905e+02,    -5.64303997e+02, -4.72281647e+02, -5.97618917e+02, -3.90535946e+02,    -3.19779632e+02, -4.04352905e+02,  4.01263333e+02, -2.13452952e+02,    -8.14334345e+02,  3.35738183e+02, -2.43205767e+02, -6.91306882e+02,     8.15959543e+02, -2.02642759e+02,  1.66030951e+02,  3.42971399e+02,     8.19070042e+00,  2.19441673e+02,  7.42111162e+00, -1.28692867e+01,    -1.15398242e+02, -6.10362012e+02,  8.92874181e+01, -1.09687172e+03,     5.50472610e+02, -3.68675063e+02, -1.16224046e+02, -1.49692063e+02,     8.80033763e+01, -1.57881646e+02,  2.40909064e+02, -4.52397536e+02,     3.19190691e+02,  3.30059315e+02,  1.29790731e+02,  8.32722278e+01,     1.67612082e+02,  6.27396842e+01,  2.54438749e+02, -8.08753739e+01,    -5.27676320e+02,  8.28448034e+01, -1.94306722e+02, -3.88991666e+01,     4.20016539e+02, -6.82824195e+02,  8.88320709e+00,  1.18606981e+01,     7.24644544e+01,  2.80011738e+02, -1.16078915e+02,  7.07449295e+02,     4.07707846e+02, -1.47658303e+02, -8.89088299e+01,  1.62778125e+01,     6.56156988e+02, -4.69288811e+02, -8.77424783e+02,  2.43809614e+02,    -1.02896181e+02, -1.06727618e+02,  1.42166708e+02,  6.59686507e+02,     4.02072858e+02, -1.48531537e+02, -4.25022115e+02, -5.05359198e+01,     2.47735865e+02, -1.11040392e+02, -6.26963446e+02, -2.39557217e+01,    -7.83673428e+02, -4.11122797e+02,  6.71136690e+02, -4.32773033e+02,    -5.61218736e+02, -4.38680817e+02, -2.98110287e+02,  2.82829971e+02,     6.95708707e+02, -4.32912241e+01,  2.31842719e+02, -1.52139349e+02,    -5.88324265e+02,  3.94188113e+02, -3.85057452e+02,  2.38590504e+02,     3.06114099e+02, -6.31990591e+01,  3.48026699e+02,  3.69720091e+02,     9.07820247e+02, -1.25891082e+02, -3.89121344e+02, -5.37997694e+02,    -1.27873478e+02, -2.19440141e+02,  8.56213350e+02, -3.73601559e+02,     8.59473102e+01,  6.23576046e+01, -2.20920538e+02, -6.85724812e+02,    -5.47050062e+01,  8.25166181e+02,  9.25186316e+01,  5.94520254e+01,    -4.52903249e+02, -5.12155902e+02, -8.29183040e+01,  4.08423070e+02,    -1.89172077e+02,  8.99478086e+02, -3.71306215e+02,  1.43931723e+02,    -1.74245830e+02, -5.78522638e+02,  2.58169922e+01, -4.31071780e+02,    -6.29295506e+02,  7.03695237e+01,  1.96228003e+01,  4.37316516e+02,     1.77609649e+02, -2.85879604e+02,  1.90728259e+02, -6.98034033e+02,    -4.46852532e+02,  7.65680108e+02,  1.10030846e+02, -1.18904905e+02,    -2.73030820e+02, -4.00934524e+01, -6.62333439e+01,  7.19649927e+02,     3.46236227e+02, -1.24169825e+02, -5.83464556e+01, -3.40410633e+02,    -1.72372500e+02, -5.68554884e+02,  4.05420208e+02,  6.38763399e+01,     1.16717815e+02,  1.28747214e+02, -4.67211418e+01, -1.54887852e+02,    -4.27962836e+00, -8.99290181e+02, -1.61269735e+02, -6.87675343e+01,    -7.75626434e+01,  4.63099944e+02,  5.34364289e+02,  1.36557105e+02,    -8.09751404e+02,  5.40608182e+02, -1.68503471e+02, -3.26573862e+02,    -7.38365077e+02, -2.75762472e+02,  4.99584074e+02,  2.31719765e+02,     5.94332260e+01,  2.59797805e+02, -4.93274427e+02, -3.75865901e+02,     4.67447378e+02,  3.22685273e+02,  4.36730213e+02, -1.84240778e+00,     5.82843408e+01,  4.68591814e+02,  8.36322148e+02, -2.08044345e+02,     3.20372162e+02, -1.43625887e+02, -3.55683881e+02, -2.90015064e+02,    -2.59593935e+02, -1.27184305e+02, -4.31961373e+02, -1.98110800e+02,    -1.17998140e+03,  2.88283580e+02,  1.64253638e+02, -3.14595719e+01,    -3.51668441e+02, -1.90265958e+02, -4.55623005e+02,  9.96969196e+01,     6.97183911e+02, -1.74993955e+02, -1.39051347e+02,  1.85297908e+02,    -4.10379838e+02,  7.34257990e+02,  1.40602260e+02,  1.56449996e+02,     4.37042592e+02,  1.48621460e+01,  4.74756569e+02,  1.39374465e+02,    -7.26854689e+01,  7.89630660e+01, -1.99005701e+01,  5.87367268e+02,     7.72193570e+01,  1.25929983e+02, -7.63888889e+01,  1.13298024e+02,    -7.83308227e+02, -3.15594023e+02, -3.90405254e+02,  4.34078094e+02,    -2.47004934e+02, -5.45106438e+02,  4.98396457e+02, -1.01896937e+02,     3.69884216e+02, -7.74431092e+02,  2.09822320e+02,  6.46529452e+01,     4.99801982e+01, -7.44977026e+01, -5.50616132e+01,  4.18111595e+02,    -1.91867547e+00, -4.19068687e+02, -1.35323280e+02,  2.14076350e+02,    -9.88988402e+02, -7.86597185e+02,  1.21137437e+01,  9.46806212e+01,    -3.68469441e+02, -3.66776739e+01,  9.18364510e+02,  2.78908451e+02,    -4.75171881e+02,  7.97687019e+01, -7.57099454e+01,  8.82448697e+01,    -2.90833735e+02,  1.57265949e+02,  2.40672664e+02, -5.70498001e+01,     9.53942502e+02, -9.01297524e+01, -2.72657908e+02,  1.62202148e+02,     3.49717928e+02, -3.00920131e+02, -2.53430434e+01,  8.12918629e+02,    -2.02981052e+01,  4.99833422e+02,  1.21562036e+02, -8.13796897e+01,    -2.23499171e+02,  4.83082755e+02, -4.66328541e+02, -1.77595611e+01,    -1.27442490e+02, -3.58770857e+02,  1.42822900e+02,  2.02633788e+02,     7.57024454e+01, -1.39329639e+01, -3.28067512e+02,  1.56162424e+02,    -1.47374703e+01, -2.12236423e+02, -1.83441023e+02,  1.67023698e+02,    -4.29297971e+01, -3.10729531e+02, -9.04034221e+02,  7.77479749e+01,     1.98351481e+02, -3.98023995e+02, -1.91048908e+02,  6.99815679e+02,     6.20700730e+01,  2.98818903e+02,  5.56530193e+01,  3.13748525e+02,     4.40084036e+01, -3.34185053e+02, -3.30750035e+01,  7.04732220e+01,     2.36076113e+02,  6.81007928e+02,  4.17469451e+02,  1.86831421e+01,     1.46443884e+02,  5.12171468e+02,  2.22520876e+02, -6.15380195e+02,    -2.27708601e+02,  1.14314203e+02,  7.26023868e+01,  2.23603872e+02,    -4.45927483e+02,  1.08068324e+02,  3.41999392e+02,  4.18420423e+02,    -3.80338422e+02, -4.39656894e+01, -1.93307320e+01, -1.15036036e+02,    -2.81410188e+02, -1.67904210e+02, -2.78320983e+01,  6.83136118e+01,     3.50995571e+02, -2.63738558e+02,  6.79083775e+02,  3.02712187e+02,     2.15045193e+02,  2.82493278e+02,  2.57623406e+02,  2.78756739e+02,     4.58660370e+02, -3.75757409e+02,  5.37264964e+02, -9.45278293e+02,     2.63825106e+02, -9.23126413e+02,  7.15476325e+02,  6.17779263e+02,    -9.86475471e+01, -4.17942321e+02, -3.58765464e+02, -4.88874993e+02,    -5.25760828e+02,  4.89181371e+02,  3.64506410e+02,  2.05587404e+02,     2.69145059e+02,  3.45581082e+02, -3.26587965e+02, -1.71399127e+02,     4.87368727e+02, -1.06024213e+02,  4.49690802e+02,  6.20759733e+02,    -3.66823743e+01, -6.11859724e+02,  1.24439098e+01, -1.15084768e+01,    -8.34480585e+01,  6.59589036e+00, -5.70334497e+02, -1.56478600e+02,     5.02947360e+01,  7.58115202e+01,  4.11101094e+02, -3.39402667e+02,     5.19979681e+02, -3.43313061e+02,  1.88680890e+02,  3.31062616e+02]
gas_BEE = [-1.38630126e+01,-5.10021069e-01,-3.09408020e+00,9.81950654e+00,-4.95416377e+00,-3.72907998e+00,-9.44821289e+00,-2.08772992e+01,-8.82449514e+00,-9.57163119e+00,-7.98974320e+00,9.30927537e-01,4.87436494e-01,1.96225523e-01,6.76283107e-01,1.05822008e+01,-4.61599670e+00,-3.24106110e+00,4.84838820e+00,-2.47600983e+01,1.23466886e+01,-5.21082269e+00,-1.27788392e+00,-2.36095173e+00,-4.55533064e-01,-1.35031533e+00,1.98327405e+01,-4.24396611e+00,-1.67873271e+00,-1.18632607e+01,1.67908257e+01,-2.28014509e+00,-9.05561220e+00,4.71425960e+00,-6.94664862e-01,5.30374381e+00,-3.17929213e-01,9.26564530e-01,7.22985868e+00,-2.27288996e+01,1.22045945e+01,2.56146431e+00,-1.74565756e+00,-7.09797847e+00,2.73234384e+00,-3.63253985e+00,1.05015164e+01,8.28176210e+00,-5.53118992e+00,-7.00650445e+00,-6.79610110e+00,-8.04825221e+00,4.01450337e+00,-1.12826161e+01,3.00166544e+00,1.35071595e+01,1.55997429e+01,7.54787902e+00,3.74793293e+00,6.46731743e+00,2.02669277e+01,4.46890617e+00,-1.23208360e+01,-2.81717708e+00,-6.16196954e+00,1.38323015e+01,-1.67695648e+01,-1.38529050e+01,-6.66614813e+00,-2.93624247e+00,-9.49119877e+00,6.18450175e+00,2.81417919e+00,3.05424321e+00,-8.67646562e+00,-7.70998164e+00,-1.25008984e+01,7.95672026e+00,-7.23520948e+00,6.50417870e+00,-1.60610910e+00,-6.74760420e+00,-1.21871898e+01,-3.62653299e+00,-3.32420020e+00,-3.36833805e+00,8.79041375e+00,1.62653064e+01,-9.62779711e+00,-1.77452454e+01,-4.36646615e+00,2.47491356e+01,-1.25520168e+01,7.16090632e+00,-2.07449260e+00,-1.40019141e+01,6.10917737e+00,7.78675806e+00,-3.45130179e+00,7.26190046e+00,-6.27713317e+00,-1.22294397e+01,2.12448189e+01,1.00572144e+01,5.84438359e+00,2.76173540e+00,4.59968347e+00,1.85256962e+01,-5.96881989e+00,9.13146267e-01,-3.11908800e+01,4.24006936e+00,-1.51705786e+01,2.94035853e+00,4.65464172e+00,-7.57468798e+00,-1.17465467e+01,1.18688782e+00,-6.83118656e+00,8.68319776e+00,-1.04529547e+01,-1.12845728e+00,-8.40552241e+00,-5.99720320e-01,1.67177825e-01,4.20005933e+00,2.94909436e-01,-1.75220530e+00,1.40984477e+01,2.04019995e+01,1.07748132e+01,1.61723808e+01,-3.07712405e+00,2.37940233e+00,1.16724494e+01,-4.48959376e-01,-1.68650945e+01,-9.29492933e+00,-1.11849963e+01,-6.58385139e+00,6.14760315e+00,-2.67958342e+01,-3.26070668e+00,9.83171288e+00,-9.08117625e+00,-7.43122748e+00,1.19896493e+01,1.06002734e+01,-6.94592758e+00,5.58363419e+00,-5.53989949e+00,8.20119804e+00,1.42008743e+00,3.30954532e+00,-1.89791564e+01,-1.08684442e+01,-1.90369683e+00,-3.79638823e-01,-8.80552393e+00,2.44468697e+01,-3.33508073e+00,-6.88582235e+00,8.40650813e+00,-1.03000188e+01,-7.98741250e+00,7.26296972e+00,2.43295171e+00,2.50265455e+00,2.86967695e+00,-2.44896510e+00,3.41741825e+00,1.30801304e+01,-6.32723294e+00,4.52424503e+00,2.01170176e+01,7.03807495e+00,-9.56646357e-01,-4.22242093e+00,3.42611321e+01,-4.70944978e+00,8.56742723e+00,5.78970082e+00,7.02789564e+00,2.05081688e+01,1.07625459e+01,-9.01471571e-01,4.92742477e+00,1.11818203e+01,8.32187624e+00,-1.27043590e+01,2.11245065e+01,-1.90570841e+01,-3.20654806e+00,1.26111753e+01,2.63654826e+00,1.26230831e+00,6.79231859e+00,4.67065411e+00,7.32354870e+00,-1.40875126e+01,9.95786869e-01,-5.73564251e+00,-1.56727997e+00,-6.70127811e-01,-2.30831253e+00,-1.19164274e+00,1.86473151e+01,-1.46936701e+00,-6.41288903e+00,-6.84164027e-01,2.96617986e+00,-1.35897982e+01,-1.10112693e+01,-7.81106607e+00,-1.39071538e+01,-3.88051160e+00,-9.06257909e+00,4.02219037e+00,-3.46081537e-02,-2.52872367e+00,-1.83234216e+00,1.43156165e+00,-4.28148166e+00,1.47128340e+01,-1.86707067e+01,-2.95932514e+00,-3.45850091e+00,3.88057273e+00,4.42054372e+00,-1.12235392e+01,-3.22149729e+00,9.84264023e+00,-5.10392833e+00,3.11467704e+00,8.18696162e+00,-3.58768139e-01,2.57165951e+01,-3.55378212e+00,-7.98025679e+00,4.19649866e-01,-5.93049101e+00,1.15739266e+01,-9.46938986e+00,2.91497441e+00,1.20801008e+01,-2.96190307e+00,2.65799372e+01,2.80340547e+01,-1.57679235e+01,1.27927260e+01,4.51626328e+00,-1.21472465e+01,4.26778790e+00,8.62952325e+00,9.34796840e+00,1.05275685e+00,3.73602273e+00,1.60593872e+01,-5.12718143e+00,2.73362696e+00,1.56402405e+01,-8.26685866e+00,-4.37171958e+00,1.24214229e+01,6.74635660e+00,1.73004612e+01,6.82054173e+00,2.13399880e+00,5.50730801e+00,9.21163039e+00,-1.09383844e+01,9.59546426e-01,4.76000311e+00,2.07882141e+00,5.14231379e+00,-1.34572253e+01,7.65767729e+00,-9.83363585e+00,-6.98744445e+00,3.86438761e+00,-2.87100144e+00,1.26622709e+01,-4.49460650e+00,5.98052566e+00,7.06334784e+00,1.75026724e+01,1.21212594e+01,1.12193315e+01,-1.71253833e+00,-1.86393583e+00,-6.76068125e+00,1.76523623e+01,1.82351887e+01,8.26060309e+00,-5.52134831e+00,1.12095527e+01,-1.28465088e+00,4.49445052e+00,1.49355291e+01,-3.07318205e-01,-2.24313462e+00,-5.59181526e+00,-1.25806286e+01,2.13819075e+01,1.02635695e+01,-1.34025180e+01,-3.77393315e+00,5.71312875e+00,-2.52733147e+00,1.40320712e+01,3.40510103e+00,1.79860455e+01,6.30530297e+00,-5.68002288e+00,4.59736620e+00,-1.35255296e+00,-6.39224002e+00,3.60156228e+00,4.17265948e+00,2.00249062e+01,1.73083785e+01,1.24072458e+01,1.59916311e+01,1.63397618e+00,-6.15907335e+00,3.13069583e+00,-7.66523182e+00,-1.18642390e+01,-1.26235183e+01,-6.44086757e+00,-2.44699149e+01,-7.43959078e+00,-1.89827573e+01,4.37249051e+00,-1.03200853e+01,1.03249880e+01,-2.13279801e+01,-6.79938257e+00,1.01606050e+01,4.81728907e+00,-1.93251186e+01,1.29800957e+01,-5.98497850e+00,1.20706481e+01,-6.12921175e+00,-1.70258404e+01,3.54996305e+00,-1.40644755e+01,-2.10541100e+00,-1.92414487e-01,9.43690357e+00,2.81143741e+01,-9.96673780e+00,-8.12417871e+00,-1.06978502e+00,-2.38897977e+00,-1.78511142e+01,-1.29843435e+01,1.14942743e+01,-4.77626509e+00,4.27313021e+00,-1.10207356e+01,-3.00937978e+00,-9.36674550e+00,1.12431614e+01,3.49539833e+00,-5.50584554e+00,-3.34009055e+00,2.56679314e+00,-1.70517205e+00,9.12994098e+00,-6.01540264e+00,1.41753261e+00,7.53167530e+00,3.49711888e+00,-4.47063547e+00,3.47968404e+01,1.26322544e+01,1.44115806e+00,2.12872861e+00,-1.35608061e+01,7.15792655e+00,-1.67874557e+01,-6.77267622e+00,-1.29934846e+01,-4.27221997e+00,1.28791467e+01,-1.27250016e+01,4.82692237e+00,-9.53444626e-01,4.56833381e-01,-8.01011315e+00,-9.64048756e+00,-1.21214262e+00,-8.58482816e+00,-4.94369873e+00,-9.04241256e+00,-1.64833233e+00,-7.40069028e+00,-1.10336452e+01,5.11116802e+00,-3.45799104e+00,4.73986936e+00,2.18193551e+00,-1.64487519e+01,-1.16873069e+01,-9.91524317e+00,7.33706627e+00,-6.47864995e-01,-1.38763097e+01,1.26947890e+01,-9.31504405e+00,1.24123753e+01,-6.61919146e+00,-1.08502409e+01,6.10581017e+00,-1.56285878e+01,-7.82794289e+00,1.40502617e+01,4.71485832e+00,-8.68311175e+00,1.21367449e+01,-3.51266361e+00,-7.72771702e+00,-6.76963848e+00,-1.15992776e+01,5.37006596e+00,-1.99303129e+01,-1.80746539e+01,-1.33557515e+00,-6.49528056e+00,-1.31100256e+01,1.67540413e+01,3.00052890e+01,-6.11439256e+00,-6.02567852e-01,-1.40394942e+01,1.46017642e+01,4.43047546e+00,-4.04470980e+00,-8.47689422e+00,3.12352175e+00,-1.33550363e+01,-3.14198845e+00,-1.96056023e+01,7.26460989e+00,3.26600072e+00,-3.77729802e-01,-2.08807280e+00,-8.17806399e+00,-2.49983861e+00,2.95341289e+01,-3.73762626e+00,-1.03065546e+01,-1.51589341e+01,2.84246251e+00,-8.02460365e+00,1.74535554e+00,6.88542631e+00,1.44932517e+00,7.33489887e+00,3.57687347e+00,1.34837367e+01,6.12464034e+00,-7.66887170e+00,1.01029876e+01,7.98983639e+00,2.80805610e+00,9.25225993e+00,-5.94764293e+00,1.63787831e+01,4.72901057e+00,-7.13770425e+00,-1.53837056e+00,-3.74344541e+00,4.41660286e+00,-5.78868865e+00,-1.53640511e+00,-2.37196412e+00,1.80828282e+01,1.23448191e+01,-1.50132384e+01,-1.38162776e+00,-1.18369269e+01,-3.36209089e+00,-5.12966986e+00,1.85394468e+00,-5.22518823e-01,-6.03208084e+00,2.80420011e+00,-1.96650022e+00,-2.30508094e+00,1.92725325e+01,3.73217340e+00,-1.80849694e+01,-9.63004089e+00,2.05954210e+01,5.34942026e+00,-2.07124862e+00,2.40951477e+01,-4.28554286e+00,-2.11464789e+00,-2.23367192e+00,3.11162078e+00,6.72362502e+00,9.55337009e-01,6.56843386e+00,-3.14077611e+00,-7.88499343e+00,-8.94522556e+00,-1.07561714e+01,9.83090811e+00,3.15271804e+00,8.56297872e+00,3.53693783e+00,1.97468112e+01,4.04251829e+00,-1.77261992e+01,-7.42157145e+00,1.60692602e+00,-6.44663995e+00,1.40272016e+01,-2.88775687e+00,3.73464090e+00,1.16519580e+01,-1.73707152e+01,3.31385319e+01,4.36698520e+00,5.54997882e+00,8.09551883e+00,1.31766221e+00,-6.05975324e-01,7.71954604e+00,-7.72218907e+00,1.84364823e+01,1.60438604e+01,-8.71324199e+00,3.70725832e+00,1.56157509e+01,-4.90430105e+00,4.07284571e+00,8.48664344e+00,9.64515729e+00,-1.68810065e+01,-1.97395077e+00,-6.81231148e+00,-1.24610377e+00,-1.55533949e+00,2.52723541e-01,-3.83989350e+00,-6.20647470e+00,2.55202961e+00,1.89423767e+00,1.19334229e+01,-9.68210127e+00,8.88825161e+00,1.09496300e+01,-3.06332315e+00,1.78606590e+01,-1.51093135e+01,-2.30867265e+01,-1.31363808e+00,-1.05012643e+00,7.01812106e-01,1.71338338e+01,-1.26080902e+00,9.05536689e+00,1.19172021e+01,8.86990884e+00,-1.54283479e+00,1.40273143e+01,-3.56448746e+00,-7.75607894e+00,-9.69084155e+00,1.51845681e+00,8.63527347e+00,-1.16489579e+00,8.42193681e+00,-1.17966761e-01,1.31964891e+01,4.18418802e+00,1.76802243e+00,-1.12855275e+00,6.96794109e+00,8.63841379e+00,4.25251670e+00,-3.78161383e-01,-1.19093903e+01,6.32758709e+00,4.49016963e+00,8.23565951e+00,6.60862784e+00,7.82147237e+00,-1.53196763e+00,6.54523158e+00,-6.60110620e+00,-4.08433898e-01,-1.22999767e+01,-7.37829191e+00,9.26515030e+00,-2.02155145e+01,5.96058468e+00,3.78113356e+00,1.91198277e+01,-4.70759363e+00,7.22057904e+00,-2.86198045e+00,-1.06274463e+01,-1.59540582e+01,-2.40784941e+00,-2.00177437e+01,3.24052400e+00,-5.06828359e+00,6.84139172e+00,5.19677396e+00,-5.80187702e+00,-6.05220055e+00,9.23900906e+00,-1.26158892e+01,-2.77027970e+00,-3.88331177e+00,5.33077213e+00,-5.21710509e-01,9.97991772e-01,-3.97754939e+00,1.23108274e+01,-1.17836139e+01,1.81033486e+00,1.32479838e+01,-7.51285543e+00,6.40127547e-01,-8.15979502e-01,-1.51348154e+01,-9.96225719e+00,-1.16316555e+00,6.36389524e+00,7.14255136e+00,1.26964109e+00,-2.08475767e+00,4.00956496e+00,-9.73383303e+00,-3.07534269e-01,-1.18247847e+01,-6.06882806e+00,1.07022104e+01,-6.87248243e+00,1.46968355e+01,-4.86240673e+00,7.72619860e+00,5.71197508e+00,-1.35271064e+01,-6.10233143e+00,1.82312968e+00,-8.67724940e+00,-8.75320244e+00,-1.93462690e+01,-1.26109312e+01,-1.10899909e+01,-9.62514241e+00,1.32151509e-01,3.99726593e+00,1.30985632e+00,4.86524509e+00,-1.30062900e+01,2.82177845e+00,5.76970119e+00,-1.51778114e+01,-1.38199343e+01,-9.01439501e+00,-5.95113945e+00,3.64464619e+00,2.63309828e-01,-9.57238232e+00,7.43849080e+00,-4.68176212e+00,1.17403402e+01,-1.95094260e+01,1.33674045e+01,-1.24999645e+00,-9.38250373e+00,-5.86980359e+00,-3.34075435e-02,9.79005389e+00,-1.61239551e+01,-2.90156373e+00,-4.09309592e+00,1.02833744e+01,1.81408343e+01,-2.21500833e+01,2.07702449e+01,9.44477496e+00,-1.66631438e+01,-7.63981242e+00,1.71889070e+01,1.33866608e+01,-4.31045899e+00,-1.19153974e+00,3.17874811e+00,1.61478075e+01,-1.24254832e+01,3.55072993e+00,-1.40585382e+00,6.94201920e+00,-1.61260569e+01,-1.07924819e+00,-6.93627591e+00,1.04630437e+01,9.17233408e+00,-1.97570165e+01,-1.08426852e+01,-5.20307673e+00,-8.61955860e+00,-2.95419068e+00,-4.87195742e+00,1.00796258e+01,9.60786777e+00,-1.08177683e+00,-9.53083589e+00,-1.90240073e+01,1.06596542e+01,-1.09149716e+01,-7.33584052e+00,1.55363232e+00,-7.66799247e+00,-9.15067336e+00,-6.37825514e+00,-1.01672952e+01,-5.46457378e+00,-1.09311043e+01,1.27862153e+01,1.39689550e+01,-1.55376399e+00,-4.99517609e+00,-4.34238441e-01,9.16253350e+00,-1.94396002e+01,-4.75093519e+00,1.16150456e+01,1.50147282e+01,-3.67213882e+00,2.32585058e+00,1.17256533e+01,3.63956668e+00,-6.60444932e-01,-8.85653688e+00,4.19373942e+00,-7.48147438e+00,-3.20983144e+00,-4.26348359e+00,-3.81136747e+00,4.71764864e+00,1.77990788e+01,-7.36665215e-01,5.74967793e-01,-2.03323453e+01,-4.00643844e+00,-8.19996793e+00,7.11094053e-01,-9.51184162e+00,1.82084175e+01,1.90104746e+01,3.90028937e+00,-4.16620157e+00,3.39906326e+00,5.57282602e+00,-1.04247920e+01,-1.97786412e+00,3.44962456e+00,2.90990849e+00,1.17595930e+01,9.29794894e+00,-4.61665799e+00,6.01290757e+00,-2.17926918e+01,-8.13943120e-01,1.96640264e+01,3.32945058e+00,1.02945336e-02,6.70783462e+00,-5.44323273e+00,2.04830585e+01,-3.66842586e+00,1.85391873e+01,8.36636915e+00,-9.70796826e+00,7.26929944e+00,-6.58728737e+00,-1.49927646e+01,-1.53459958e+00,-1.21519655e+01,-1.22451283e+01,-5.78025829e-01,7.29956599e+00,-1.90234995e+00,-7.76459108e+00,1.69046586e+00,-1.56040176e+01,-1.43969007e+00,-1.92136638e+01,1.18674894e+01,-5.67608798e-01,-1.09893553e+01,-4.64817686e+00,3.91515640e+00,-7.56999633e+00,-1.00954851e+01,1.99254618e+01,-5.36572261e+00,-9.94367974e+00,6.45948607e+00,-3.54546288e+00,1.15149041e+01,-1.86691470e-01,1.30776537e+00,2.34135748e+01,-3.40321797e+00,-8.01983098e+00,-8.94401113e+00,-1.21445087e+01,-7.86971996e+00,6.00375643e+00,5.78345741e+00,5.57485283e+00,1.66458118e+01,6.38610778e-01,4.36421972e+00,-1.42568561e+01,1.89115983e-01,-4.74371874e+00,-6.56256872e+00,7.13311591e-02,7.44034645e+00,8.68576428e+00,-2.38689461e-01,2.22795821e+00,6.59840957e+00,8.43033624e+00,-4.91484969e+00,-2.64536786e+00,2.06434208e-01,-5.83074977e+00,-1.87369056e+00,-7.02252225e+00,1.70225657e+01,1.41551504e+01,-3.75552309e+00,3.18524745e+00,-8.76036293e-01,-5.90203570e+00,7.74455669e+00,-2.15640265e+00,7.90950226e+00,-1.14520498e+01,4.09123611e+00,-2.38844022e+00,-1.21688403e+01,-5.98918606e+00,5.60585517e+00,-2.08591846e+01,8.56797359e+00,1.06672411e+01,-1.88176368e+00,-1.23447486e+00,-7.12390383e-01,5.30189288e+00,-7.39520458e+00,7.84062203e+00,6.56799245e+00,-2.26111311e+01,-7.33120128e+00,5.30031969e+00,-2.23994066e+00,9.48584463e+00,-1.36098741e+01,-1.17896029e+00,-8.88432238e+00,-2.83755819e+01,1.72724295e+01,-1.32191362e+01,-1.38226442e+01,1.87359703e+00,2.88167810e+01,6.30218182e-01,-5.99963538e+00,-1.25654298e-01,-1.20864887e+00,-1.94831703e+01,-1.33011843e+01,1.84813622e+01,-1.88331198e+00,-8.37369281e+00,1.17244160e+01,-7.50299752e+00,8.11022884e+00,1.16214333e+01,-1.28361024e+01,-5.88497123e+00,-7.12028807e+00,-3.47950854e+00,-4.66007177e+00,-2.86662080e+00,3.62149322e+00,-7.53637750e+00,6.66339441e+00,1.29933584e+01,-2.58231943e+00,-4.18078328e+00,3.25785699e+00,1.24004618e+01,1.13959465e+01,1.26885866e+00,-1.15384689e+00,-1.69252199e+00,-1.16229831e+01,8.92039021e+00,-5.54391878e+00,4.25168620e+00,-3.57564178e+00,6.39163726e+00,3.66631353e+00,-1.80456288e+01,-6.39334816e+00,-1.73630531e+01,-7.62151073e+00,1.21029406e+00,-3.92043682e+00,7.16581799e+00,-6.40902399e+00,5.02593920e-01,1.89228049e+00,1.65327206e+01,8.48775371e+00,-6.45624517e+00,-1.62418900e-01,2.90914615e+00,8.34919156e+00,-6.54101753e-02,1.22446745e+01,6.01341526e+00,2.00707364e+01,8.78496627e-01,1.50524752e+01,-5.71468797e+00,-8.65419535e+00,1.64339375e+00,1.53715227e+00,6.05113473e+00,-2.54002760e+00,-3.13452289e+00,5.28620625e+00,-1.04119339e+01,-1.22065875e+01,1.71665648e+01,-1.64884499e+00,-9.36330513e+00,-7.86155560e-01,-3.39682256e+00,8.44977653e+00,7.83810894e+00,-4.60881343e+00,-2.14660938e-01,-5.99812715e+00,-7.90313350e+00,-5.58791653e+00,-2.14921076e+01,-5.57286482e-01,-1.49170082e+01,-1.25904198e+01,-9.13036618e+00,4.28190797e+00,-8.59079272e+00,4.75952670e+00,-1.35701836e+01,8.63612050e-02,-9.04467462e+00,1.31813970e+00,2.06111453e+00,7.13146106e+00,-4.62916079e+00,-3.93216770e+00,6.43672706e+00,1.35729772e+01,7.03305791e+00,2.11678997e+00,-1.58611962e+01,-3.35683459e+00,-6.83543192e+00,-1.38632524e+01,9.96208865e+00,-7.84973137e+00,-1.16709442e+00,-5.87109681e+00,-2.26828338e+01,1.18388937e+01,-4.27705862e+00,9.18992592e+00,-1.61510893e+01,1.46500960e+01,8.71804109e-01,-6.45676350e+00,1.48724244e+00,-5.08687071e+00,-1.52955469e+01,3.61479103e+00,7.34471949e+00,1.95550209e-01,-7.52001739e+00,-3.07866650e+00,4.05354637e+00,7.21620914e+00,1.41541118e+01,5.79208337e+00,-4.90059596e+00,2.04732019e+01,5.53015791e+00,9.51559164e+00,-3.68534155e+00,6.43257653e+00,4.39019542e+00,-1.41735132e+01,-4.56045471e+00,-8.85952142e+00,-7.94237570e+00,-2.14782161e+00,-3.26136546e+00,-9.25319301e+00,-2.53243176e+01,-6.30972948e+00,3.66630608e+00,1.32644166e+00,2.34409888e+00,1.01418794e+01,3.40898773e+00,6.82648105e+00,-9.74467762e+00,1.04450359e+01,-9.82736193e+00,-1.63455186e+01,3.84607484e+00,-8.76014360e+00,-9.30558778e+00,-3.55820881e+01,-2.32181122e+00,1.83866164e+01,9.93154907e+00,-2.64328465e+00,-2.31152055e+00,7.68850068e+00,1.47794345e+01,-9.11275437e+00,-2.15562363e+00,-7.53676978e+00,-8.05606966e+00,-7.16869435e+00,3.24835595e+00,1.60121913e+01,-1.48785934e+01,-1.19122903e+01,3.26905593e-01,-2.51236238e+00,-3.84653717e+00,-2.04279057e+01,1.30731041e+01,5.40322750e+00,1.56873433e+00,1.10821676e+01,-6.91174905e+00,7.12590409e+00,6.14890341e+00,1.09227507e+00,-1.69337158e+00,2.54804575e+00,-3.39090518e+00,1.05795427e+01,-9.44519683e+00,9.53449683e+00,2.11991720e+00,3.26080245e+00,5.11132065e+00,-1.85667233e+01,1.87412953e+00,-1.49102579e+01,-1.11094040e+01,-1.10247514e+01,-1.08467510e+01,7.03926390e-01,3.54151139e+00,1.06934006e+01,1.97604133e+00,3.28564699e+00,-1.59561339e+01,-6.01102336e+00,7.38781610e+00,1.12737765e-01,-7.32915943e-04,-1.79819088e+00,8.02787246e+00,-2.06396994e+01,2.59224191e+00,5.00274953e+00,9.36841015e+00,8.45889450e+00,-1.27466572e+01,2.53696879e+00,1.36567790e+00,1.43439506e+00,3.67304907e-01,-4.84881599e+00,-8.14065488e+00,3.62434232e+00,1.35979027e+01,-1.84137257e+00,2.40457201e+00,2.97707332e+00,-6.10992233e+00,-6.19169307e+00,-2.63490148e+01,-9.00229539e+00,-1.21986083e+01,-1.97377687e+00,-1.48324302e+01,1.71895333e+01,-7.21931361e+00,-1.20540440e+01,-3.55553874e+01,1.48794062e+01,3.26866393e+00,1.98413144e-01,-1.38160301e+01,1.61333698e+00,-3.90329610e+00,-7.22697870e+00,1.79597045e+00,7.35459433e+00,1.66422599e+00,-3.82209627e+00,-2.79341657e-01,2.70897813e-01,3.58280175e+00,-1.46209255e+01,1.59150580e+01,-9.18186852e+00,-6.01165492e+00,-9.95074942e+00,-2.27971026e+01,1.47629514e+00,-1.10890442e+01,-4.94074021e+00,7.52745157e+00,-5.26127721e+00,-7.17575539e-01,-2.47901344e+00,-5.69283044e+00,3.41325081e-01,1.19962366e+01,-1.18883905e+01,2.17047209e+01,-4.74175276e+00,7.71963132e+00,-2.34320344e+00,3.02399461e+00,-2.63620081e+00,1.00128023e+01,1.40980853e+01,4.08679094e+00,1.15514937e+01,-7.66147223e+00,-1.01552106e+00,-5.65090581e+00,1.48806233e+01,1.29548463e+01,9.66149072e+00,-3.14932757e+00,-6.06712540e+00,5.44650679e+00,-5.96245364e+00,-3.41436771e+00,-1.48133808e+00,-6.90494246e+00,1.13065290e+01,-1.80169763e+00,8.20471109e+00,3.76131536e+00,3.74744952e+00,-7.57794492e+00,6.72266075e+00,-3.52859010e+00,-2.58660425e+00,-3.69989669e-01,-1.15784093e+01,1.75292268e+01,-6.14709744e+00,3.20341529e-02,4.89284786e+00,4.49020188e+00,1.65388456e+01,-4.33280493e+00,1.71408465e+01,1.53070825e+01,-2.18805880e+01,1.67010620e+00,-4.28951115e+00,2.74746174e+00,1.61238558e+00,3.69184774e+00,1.38762007e+01,2.08629461e+01,-1.72561241e+01,1.75074010e+01,-2.14580370e+01,-1.78271664e+01,-2.86189890e+00,1.70612632e-01,1.66298949e+01,8.49114964e+00,-3.66073217e+00,-2.01029625e+01,1.52169624e+01,-9.80920420e+00,-1.05956706e-01,-1.12102145e+00,2.83483984e+01,-5.58585184e+00,-2.37536150e+01,6.62277609e+00,-3.57308936e+01,2.78517545e+00,-8.22596019e+00,-3.92925611e+00,-5.76411533e+00,-1.28070080e+01,8.55823864e+00,-7.76044462e+00,-2.14022736e+00,-1.74116482e+01,-1.01708763e+00,-1.12403120e+01,-1.69510166e+01,-2.62921344e+01,2.47446903e+00,-7.33917189e+00,2.88556669e-01,-2.64317346e+00,-1.85044015e+01,-1.41056206e+01,-1.27992888e+01,-1.22615612e+01,1.19486193e+01,1.80544336e+00,-1.04719633e+01,-4.93923274e+00,-5.71988080e+00,8.69634074e+00,-7.02860570e+00,-2.07859419e+00,-5.94067679e+00,-8.39047919e+00,-8.72504123e+00,8.75688653e+00,-3.38070771e+00,-2.03413619e+01,1.75668304e+01,1.01703735e+01,1.20233320e+00,-1.72912893e+01,-1.69726206e+01,2.08201962e+00,7.12479666e-01,-7.08055163e+00,-1.05267439e+01,7.78776819e+00,-1.27541227e+00,5.90033665e+00,1.09999001e+01,7.95160080e+00,6.45758324e+00,5.22434710e+00,-5.07272949e+00,-2.90156640e+00,-4.27281855e+00,-8.06926573e+00,-1.05964535e+01,-1.40027898e+01,-8.31433118e+00,-2.19826494e+00,-1.79000270e+01,-2.21249479e+00,7.45276110e+00,-1.68245976e+01,6.67861133e+00,5.61568109e+00,-1.56111365e+01,-1.26505332e+01,-4.32715956e+00,3.66269515e+00,-9.03361537e+00,1.60193779e+01,1.40902164e+01,-1.72071805e+01,1.06391405e+01,8.12434675e+00,2.20515588e+00,4.83222395e+00,-9.42685122e+00,-3.16082266e+00,9.68001141e-01,4.26516512e+00,9.73073288e+00,-1.20489062e+01,-1.56315036e+00,3.73535484e+00,5.38618352e-01,-6.97230786e+00,4.47303074e+00,-5.97004862e+00,-4.37358717e+00,5.11247472e-01,-1.36322014e+01,1.22820791e-01,-4.19961851e+00,-2.76611671e+00,1.56644171e+00,-1.23923913e+01,1.24979284e+01,-5.71331379e+00,-2.90337459e+01,-1.90503361e+01,8.28041797e+00,-8.11779057e+00,-4.16230971e+00,-6.05209541e+00,-3.87623781e+00,-2.27049054e+01,-1.80787326e+00,-1.41250740e+01,-6.97932940e+00,5.40623474e+00,1.71797130e+01,4.56913627e-01,5.77676155e-02,1.30889909e+01,-1.15698982e+01,7.21663103e+00,1.66471918e+00,-1.06448684e+01,-5.12285644e+00,4.82533363e+00,4.04434655e-01,2.93054968e+00,2.80790451e+00,-4.98189583e+00,-6.87515747e+00,-1.13468578e+01,1.08061593e+01,-1.46140714e+01,-1.09087440e+01,2.88049725e+00,-1.95891408e+01,4.72642663e+00,1.30935155e+01,-1.90853570e+00,2.57262730e+00,-6.40784696e+00,-4.59611314e+00,1.90253833e+00,8.23569153e+00,-8.47456768e+00,5.86810767e+00,-2.87796016e+00,-2.84564603e-01,5.47922695e+00,3.80539073e+00,-2.24897379e+00,-2.72109347e-01,3.84092440e+00,6.31645851e+00,-1.57878818e+01,9.83782562e-01,1.18185159e+01,-2.10802476e+01,7.24515773e+00,-2.60118332e+01,-2.16127048e+00,-3.24016645e+00,-1.66409598e+00,-2.20249224e+00,-6.10757764e+00,-1.14040903e+00,3.01595084e+00,-5.35932854e+00,2.71835781e+00,1.98401126e+01,-1.33907261e+01,-5.72234918e+00,8.56466526e+00,5.24177941e+00,9.13016431e+00,3.72906083e+00,5.45826507e+00,-3.62702290e+00,-1.08183596e+01,-1.01679114e+01,-5.73868189e+00,6.90143986e-01,-9.41865149e+00,-2.90748107e+00,1.43801563e+00,4.97614456e+00,-1.78065724e+00,1.29643475e+01,-1.24724884e+01,-1.11184978e+00,-1.16705731e+00,6.45196642e+00,-9.41808484e+00,-5.95879473e+00,4.69904313e+00,1.09453552e+01,1.59981558e+01,7.81623183e+00,9.65691756e+00,-6.05486620e+00,1.42804967e+01,1.43736413e+01,-1.26282366e+00,7.78847442e+00,8.42314512e+00,-4.66144410e+00,1.72480102e+00,1.41588312e+01,-5.78006814e+00,-2.68823875e+00,-1.39535309e+01,5.51167533e+00,-2.55816601e+00,4.22224065e+00,1.28118361e+00,-8.92726893e+00,1.05709189e+01,8.94393880e+00,-5.92521070e+00,3.78493994e+00,-1.31161740e+01,-1.17958630e+01,5.09474646e+00,-1.50787184e+01,-6.72242890e+00,1.20437505e+00,1.87176908e+01,-4.60466359e+00,-2.68542088e+00,-3.58077486e+00,2.53340526e+01,3.85280097e+00,-9.14007044e+00,1.55637997e+01,1.39676113e+01,7.10104233e+00,1.70726999e+01,1.82384124e+01,-1.92260277e+00,-6.50259329e+00,-7.13761730e+00,5.92946985e+00,8.15783228e+00,-1.42827600e+00,-5.04308014e+00,-1.34614525e+01,-5.72190998e+00,-1.02105373e+01,6.64650907e+00,3.78521485e+00,1.33218192e+01,1.93333429e+00,-5.49666026e+00,-1.59443389e+00,8.93684345e+00,2.89254930e+00,1.24390356e+01,1.28750001e+01,-2.60833191e+00,-1.96455734e+00,-2.15390045e+01,1.13601335e+01,-1.03196160e+00,1.20379138e+01,-4.90981590e+00,-1.39398728e+01,4.17478995e+00,1.56056788e+01,-5.73421320e+00,1.52772367e+01,-1.62062328e+01,-5.21515022e+00,-1.80441518e+01,4.35113529e+00,1.93916094e+00,7.74710743e-01,-1.35949269e+01,1.96662836e+01,1.20731932e+01,1.71051933e+00,-1.06422264e+01,5.01101977e+00,-5.46386475e+00,-2.62301220e+00,-5.17656203e+00,4.26535873e+00,-2.80374055e+00,-4.17420938e+00,4.87273944e+00,5.35829395e+00,-1.91206048e+01,4.27583697e+00,1.46263371e+01,9.29872792e+00,-3.00434031e+00,4.80371022e-01,-8.23527753e+00,1.26204736e+01,3.19349816e+00,-1.41026937e+00,-1.48090828e+00,2.38234270e+01,-4.52534716e-01,6.26104086e+00,1.61103351e+01,2.18106269e+01,1.36101256e+01,9.42955655e+00,-1.37337769e+01,-1.01287563e+01,7.65578194e+00,4.19557315e-01,6.75757870e+00,3.51647354e+00,1.39048134e+01,-1.74459296e+01,-1.08140457e+01,-2.09056618e+00,-1.88852861e+01,3.76250412e+00,9.04752146e+00,2.12445652e+00,-5.01014228e+00,5.26385215e+00,3.11158198e+01,6.31957848e+00,3.39651892e+00,-1.07472226e+01,-1.39901916e+01,-3.57630786e+00,6.53165806e+00,-1.13589472e+00,5.23126422e+00,7.92015173e+00,-1.37914528e+01,5.63159200e+00,1.00665376e+01,1.29287547e+01,-1.77131809e+00,2.46386800e-01,-1.85922814e+00,-1.06148503e+01,-1.57855027e+01,1.75080429e+01,-1.67491411e+00,-1.24895979e+01,8.67302354e-01,-6.03025134e+00,1.98953409e+01,-5.17070666e+00,-8.08833142e+00,7.79594408e+00,-3.14018646e+00,9.71045909e+00,-5.13378550e-01,2.16134136e+01,1.09199344e+01,9.69255550e-01,-8.22518077e+00,5.75241015e+00,-1.20381911e+01,-1.73306278e+00,1.40639623e+01,-5.74801437e+00,-9.97517092e+00,-4.83697859e+00,1.17272943e+01,2.84816206e+00,-1.85510744e+01,7.36910294e+00,2.60060662e+00,1.88450600e+00,-1.12739378e+01,1.35717002e+00,7.82334080e+00,1.10778247e+01,1.41129341e+01,6.85529443e+00,1.27570324e+00,-1.17130374e+01,-1.00639357e+01,-1.56541072e+01,-2.13260311e+00,7.61439498e+00,-5.60967997e-01,1.21070740e+01,-6.86805513e+00,3.82930039e+00,-3.98100651e+00,-6.19184294e+00,1.30708335e+01,1.64125531e+00,1.33838821e+01,1.07678385e+00,5.08422712e+00,-3.83239985e+00,1.34360993e+01,-2.94723604e+00,-9.94324229e-02,-1.75282473e+01,-2.17556465e+00,1.60316569e+01,1.50146797e+01,5.27367037e+00,-2.89172610e+00,7.51643026e-01,-4.57611521e+00,-2.34042431e+00,1.97591731e+01,1.13287347e+00,-5.40797117e+00,-2.42348653e+01,-1.09943818e+01,-8.45017163e+00,-1.39892797e+01,-1.28605093e+01,-1.58840143e+01,-1.00771717e+01,-7.71730690e+00,-1.02370588e+01,1.01256079e+01,-5.34498566e+00,-2.09873858e+01,9.42306597e+00,-6.93060771e+00,-1.76884850e+01,2.20468625e+01,-5.17906867e+00,4.23437192e+00,9.33783065e+00,1.35446623e+00,5.53892754e+00,4.29760417e-01,6.75036069e-02,-2.99355399e+00,-1.60257294e+01,2.52712176e+00,-2.81255330e+01,1.49857458e+01,-9.10426471e+00,-3.50444834e+00,-4.10199663e+00,3.65241728e+00,-4.33130840e+00,6.54353447e+00,-1.21555232e+01,8.61292320e+00,8.96725842e+00,3.01016304e+00,2.00514274e+00,4.55655821e+00,1.53992579e+00,7.09506334e+00,-1.53409120e+00,-1.46145843e+01,2.06755231e+00,-6.40934281e+00,-4.46393940e-01,1.17177417e+01,-1.82877465e+01,2.35470392e-01,6.41590093e-01,2.12390741e+00,7.02299910e+00,-2.96283669e+00,1.88177223e+01,9.44368145e+00,-3.58620903e+00,-2.27200683e+00,7.68620582e-01,1.77119745e+01,-1.19151342e+01,-2.31114067e+01,6.58092265e+00,-2.21755466e+00,-3.15651039e+00,3.88541927e+00,1.69803812e+01,9.73076888e+00,-4.03267740e+00,-1.16100236e+01,-2.05483040e+00,6.36955389e+00,-3.20997647e+00,-1.70712155e+01,-1.30573307e+00,-2.08966430e+01,-1.08767303e+01,1.84653028e+01,-1.14234391e+01,-1.50985609e+01,-1.19961453e+01,-8.43849126e+00,7.51616542e+00,1.87031134e+01,-1.60972963e+00,5.94578506e+00,-4.08368324e+00,-1.50678257e+01,1.13092540e+01,-1.03083654e+01,6.25262064e+00,7.23481957e+00,-2.59384886e+00,8.78105176e+00,9.15087930e+00,2.50572350e+01,-3.26527010e+00,-1.11330802e+01,-1.46892155e+01,-3.48905111e+00,-7.57946536e+00,2.21524791e+01,-1.02804946e+01,2.02151417e+00,1.35613887e+00,-5.10401365e+00,-1.82237993e+01,-1.45432940e+00,2.22385894e+01,3.40329806e+00,1.63825928e+00,-1.21456677e+01,-1.27677423e+01,-2.67881740e+00,1.05959968e+01,-5.53654459e+00,2.32479859e+01,-9.84353204e+00,3.81291305e+00,-4.26239518e+00,-1.45977728e+01,9.21955280e-01,-1.22028309e+01,-1.68107200e+01,1.71121823e+00,3.11178919e-01,1.09736737e+01,5.26843530e+00,-7.64774651e+00,4.93838675e+00,-1.87121002e+01,-1.13442696e+01,2.06631877e+01,1.80740798e+00,-2.67183847e+00,-6.39000060e+00,-9.51634468e-02,-2.18756216e+00,1.95761102e+01,9.19954481e+00,-2.89976556e+00,-1.24251326e+00,-8.95247139e+00,-3.55098677e+00,-1.44981805e+01,1.12652483e+01,1.48547944e+00,2.56073018e+00,3.69905928e+00,-2.04759171e+00,-4.45950836e+00,4.61902481e-01,-2.37263078e+01,-3.40118179e+00,-1.73208900e+00,-1.61727984e+00,1.16654474e+01,1.39787139e+01,3.79743729e+00,-2.10486368e+01,1.44352178e+01,-5.24610547e+00,-8.17153214e+00,-1.92834912e+01,-7.37943530e+00,1.32075011e+01,6.53548794e+00,2.96685329e+00,7.00958903e+00,-1.25398308e+01,-9.97836737e+00,1.32808899e+01,9.02213380e+00,1.10355217e+01,7.69284630e-01,1.95474207e+00,1.21180081e+01,2.18936912e+01,-5.17409960e+00,8.02511850e+00,-4.33075653e+00,-9.53235713e+00,-7.35711773e+00,-6.81940388e+00,-3.12942790e+00,-1.11281564e+01,-4.87815263e+00,-2.97456741e+01,7.58758110e+00,5.58059683e+00,-6.39425713e-01,-8.29753280e+00,-4.48022927e+00,-1.20134016e+01,2.21606714e+00,1.80456430e+01,-4.62929210e+00,-4.13042372e+00,4.16472461e+00,-1.10737116e+01,1.95757629e+01,3.72127911e+00,2.92005605e+00,1.17258925e+01,-2.84679497e-01,1.28233498e+01,3.95351195e+00,-1.56636432e+00,2.72019733e+00,-1.27955510e+00,1.58609801e+01,1.81812539e+00,3.83922086e+00,-2.11872908e+00,2.52528591e+00,-2.08620770e+01,-7.85013616e+00,-1.07169164e+01,1.15509985e+01,-7.38377125e+00,-1.35621106e+01,1.26878172e+01,-3.14557347e+00,9.78666116e+00,-1.98849368e+01,5.08556526e+00,1.31248584e+00,1.44622798e+00,-2.39905057e+00,-1.27544013e+00,1.10825437e+01,4.54753115e-01,-1.12042775e+01,-4.54048065e+00,5.01487697e+00,-2.62772379e+01,-2.02409183e+01,4.62647157e-01,2.96629504e+00,-1.06473300e+01,-3.60358435e-01,2.41433280e+01,6.73989891e+00,-1.26744801e+01,1.68145703e+00,-2.11198484e+00,2.81283812e+00,-7.80800505e+00,4.57388184e+00,5.72372817e+00,-1.55214626e+00,2.47357934e+01,-1.92790824e+00,-6.86502836e+00,5.25025075e+00,9.94833370e+00,-7.72994234e+00,-3.79602295e-01,2.18966150e+01,-7.44275967e-01,1.22419368e+01,3.68495114e+00,-1.89604298e+00,-4.80212084e+00,1.15404163e+01,-1.24880920e+01,-6.38206075e-01,-4.20146205e+00,-9.31966983e+00,3.01710376e+00,5.33256902e+00,7.56908542e-01,-2.50303530e-01,-8.90095468e+00,3.82382462e+00,-8.55629174e-01,-5.26441395e+00,-4.73975505e+00,4.52362113e+00,-6.11732661e-01,-8.48895560e+00,-2.37887568e+01,1.36251160e+00,4.54649111e+00,-1.00442238e+01,-5.41397572e+00,1.82667378e+01,2.08856961e+00,8.26420013e+00,1.61754362e+00,8.15576625e+00,7.33594457e-01,-8.68304272e+00,-1.36463639e+00,1.69264197e+00,6.19956531e+00,1.72368399e+01,1.11349115e+01,3.76245809e-01,2.84575486e+00,1.37415249e+01,5.83370075e+00,-1.62910348e+01,-6.30392321e+00,3.04494697e+00,1.99555661e+00,5.56549846e+00,-1.18842451e+01,1.66549610e+00,8.84241671e+00,1.09030302e+01,-9.66594067e+00,-5.68508406e-01,-2.99324618e-01,-3.92976715e+00,-6.54718974e+00,-3.40879446e+00,-1.62703249e+00,2.33872419e+00,9.30661965e+00,-7.00482164e+00,1.84396828e+01,7.37603660e+00,5.42773063e+00,8.03620997e+00,6.32189129e+00,7.53214947e+00,1.22799703e+01,-1.03363408e+01,1.41119612e+01,-2.50016363e+01,6.96620706e+00,-2.36387836e+01,1.84281372e+01,1.67718974e+01,-2.13368005e+00,-1.09452077e+01,-9.65513576e+00,-1.29381147e+01,-1.44245797e+01,1.22928012e+01,9.36710966e+00,5.46341891e+00,6.95534681e+00,9.31467265e+00,-9.08090623e+00,-3.78623193e+00,1.25355720e+01,-2.68021053e+00,1.14265544e+01,1.65736011e+01,-7.71240023e-01,-1.66241941e+01,5.62214804e-01,2.51085927e-01,-1.97450955e+00,4.81058075e-01,-1.48908583e+01,-3.28134678e+00,2.42637005e+00,2.60156908e+00,1.07728373e+01,-8.79260256e+00,1.33303965e+01,-8.89047458e+00,5.25062000e+00,9.10164631e+00]
