name = '*C_19'
composition = {'H':0, 'C':1, 'N':0, 'O':0, 'Pt':1}
facet = ['Ni111'] 
coverage = 1
DFT_energy = [-86.09531, 'eV']
ZPE_energy = [0.1, 'eV']
frequencies = [531.9, 538.4, 550.2, 'cm-1']
gas_DFT_energy = [0.919315, 'eV']
gas_ZPE_energy = [0, 'eV']
sites = 1
BEE = [-4.95002799e+02, -3.94257997e+01, -1.14707097e+02,  3.83471763e+02,    -1.80937379e+02, -1.59032438e+02, -3.37346956e+02, -7.53186050e+02,    -3.61465679e+02, -4.05042556e+02, -3.29708023e+02,  3.85450213e+01,     1.20556791e+01,  2.63504589e+01,  2.64122859e+01,  3.99201759e+02,    -1.76470181e+02, -1.56734992e+02,  1.48282747e+02, -9.41378822e+02,     4.95556259e+02, -2.27148506e+02, -4.30024818e+01, -1.02180133e+02,    -4.90202691e+01, -4.95411222e+01,  7.31657808e+02, -1.80222393e+02,    -6.99475468e+01, -4.45156528e+02,  6.56043776e+02, -1.16614813e+02,    -3.30188834e+02,  2.03480540e+02, -3.59831346e+01,  1.64534764e+02,    -2.71807735e+01,  6.07384613e+01,  2.30579991e+02, -8.62265788e+02,     4.58548910e+02,  1.08652745e+02, -4.81471071e+01, -2.86168021e+02,     9.52789485e+01, -1.52385738e+02,  3.71031583e+02,  3.13257427e+02,    -2.33994993e+02, -2.47463599e+02, -2.53154285e+02, -2.86475634e+02,     9.56696167e+01, -4.20701403e+02,  1.15473750e+02,  5.07410369e+02,     5.78635459e+02,  2.94309200e+02,  1.36230586e+02,  2.31548935e+02,     7.59196538e+02,  1.78868882e+02, -4.66505540e+02, -1.05293750e+02,    -1.98875480e+02,  5.17115612e+02, -6.34366252e+02, -5.30937867e+02,    -2.28670820e+02, -8.13634024e+01, -3.71523033e+02,  2.26715086e+02,     8.13430469e+01,  1.10616390e+02, -3.26496915e+02, -2.94668236e+02,    -4.76902698e+02,  3.18015951e+02, -2.76773518e+02,  2.22419110e+02,    -5.56208541e+01, -2.48565200e+02, -4.93624694e+02, -1.47376404e+02,    -9.54271553e+01, -1.34782930e+02,  3.33445992e+02,  5.98362332e+02,    -3.56863596e+02, -6.77464977e+02, -1.68346312e+02,  9.38221114e+02,    -4.83545301e+02,  2.80779338e+02, -8.93035676e+01, -5.26186475e+02,     2.03352425e+02,  3.23746207e+02, -1.48629853e+02,  2.99113606e+02,    -2.27131593e+02, -4.32992964e+02,  7.52436268e+02,  3.93843982e+02,     2.63262095e+02,  1.24197679e+02,  2.07612057e+02,  6.89211372e+02,    -2.10280595e+02,  4.90321453e+01, -1.16964784e+03,  1.56019395e+02,    -5.77470622e+02,  1.22626820e+02,  1.82461546e+02, -2.88338042e+02,    -4.53281539e+02,  5.34738522e+01, -2.48503920e+02,  2.99718137e+02,    -4.30267080e+02, -2.19466123e+01, -3.00085755e+02, -3.53931596e+01,    -2.81594304e+01,  1.41925727e+02,  1.10310919e+01, -5.03505259e+01,     5.10658977e+02,  7.71463621e+02,  4.04251726e+02,  6.61378696e+02,    -1.00625355e+02,  1.14841851e+02,  4.63859977e+02, -7.75661490e+01,    -6.45229690e+02, -3.15610347e+02, -4.23901080e+02, -2.42465222e+02,     2.36986401e+02, -9.95947160e+02, -1.63309822e+02,  3.62789278e+02,    -3.07883282e+02, -3.11811621e+02,  4.57479536e+02,  3.71510668e+02,    -2.92682164e+02,  1.62284797e+02, -2.07494621e+02,  2.93732237e+02,     3.31531313e+01,  1.29795994e+02, -7.33867551e+02, -4.10069343e+02,    -6.46300623e+01,  3.14726087e+00, -3.26204304e+02,  9.01116392e+02,    -1.88644998e+02, -2.84304558e+02,  3.17875164e+02, -4.05959533e+02,    -2.75392328e+02,  2.58485132e+02,  9.34952839e+01,  1.09637114e+02,     1.01840525e+02, -9.55284186e+01,  1.64842435e+02,  4.92305178e+02,    -2.50092701e+02,  1.45745525e+02,  7.68696224e+02,  2.83321584e+02,    -7.38915906e+01, -1.61752805e+02,  1.30019612e+03, -1.48107196e+02,     2.98283564e+02,  1.82452905e+02,  2.91716372e+02,  7.51202389e+02,     4.22209492e+02, -2.45739683e+01,  1.91149402e+02,  3.99289132e+02,     3.28144550e+02, -4.68951300e+02,  7.90135831e+02, -7.03174488e+02,    -1.50236889e+02,  4.86177405e+02,  6.99286247e+01,  5.88677955e+01,     2.65166152e+02,  2.07621871e+02,  3.02685677e+02, -5.40251598e+02,     4.29981730e+01, -2.31526318e+02, -9.26540457e+01, -2.85432322e+01,    -7.49765882e+01, -4.66421307e+01,  6.91506557e+02, -7.19539755e+01,    -2.33938036e+02, -1.90351856e+01,  9.86570374e+01, -4.97083813e+02,    -3.76842320e+02, -3.08428427e+02, -5.33129843e+02, -1.39228207e+02,    -3.52114802e+02,  1.63798671e+02, -1.03122545e+01, -8.95279670e+01,    -7.23838636e+01,  5.53882707e+01, -1.70366676e+02,  5.65835353e+02,    -6.93422518e+02, -1.36658627e+02, -1.33096706e+02,  1.42357357e+02,     1.55398492e+02, -3.90623798e+02, -1.55893800e+02,  3.53041581e+02,    -1.88916007e+02,  1.33870136e+02,  3.12509193e+02, -3.62466176e+01,     9.55449525e+02, -1.75419611e+02, -2.72096656e+02,  5.51661297e+01,    -1.91147302e+02,  4.49225938e+02, -3.03305174e+02,  7.17473515e+01,     5.30532131e+02, -1.10548994e+02,  1.01645588e+03,  1.08475335e+03,    -5.54340371e+02,  4.91299791e+02,  1.40920002e+02, -4.51639472e+02,     1.49066146e+02,  3.05738037e+02,  3.20271772e+02,  1.97924406e+01,     9.91512935e+01,  6.00593520e+02, -1.95178436e+02,  1.38337817e+02,     6.44496564e+02, -3.15824590e+02, -1.24897391e+02,  4.39556336e+02,     2.26141557e+02,  6.45210707e+02,  2.16082465e+02,  5.64741169e+01,     2.22148459e+02,  3.27995490e+02, -4.08231835e+02,  2.83262848e+01,     1.53932478e+02,  1.03930069e+02,  1.85160347e+02, -4.95208117e+02,     2.90624359e+02, -3.76420709e+02, -2.67029739e+02,  1.48034973e+02,    -1.19973707e+02,  4.63106739e+02, -2.06268009e+02,  2.45426523e+02,     2.76685438e+02,  6.73704400e+02,  4.68991444e+02,  3.99972498e+02,    -7.56222378e+01, -5.71872868e+01, -2.67411190e+02,  6.46945113e+02,     6.64156292e+02,  3.15390385e+02, -1.93894190e+02,  4.25481927e+02,    -7.70144521e+01,  1.79834010e+02,  5.24915308e+02,  7.11031981e+00,    -6.50328298e+01, -2.10494365e+02, -4.47885218e+02,  8.19165505e+02,     3.80381894e+02, -4.71754262e+02, -1.30104460e+02,  2.35757877e+02,    -8.90958136e+01,  5.25782405e+02,  1.03324596e+02,  6.72799807e+02,     2.61281125e+02, -2.40935613e+02,  2.10462674e+02, -3.56860840e+01,    -2.69691465e+02,  1.42157885e+02,  1.59527027e+02,  7.66611050e+02,     6.75077843e+02,  4.43799624e+02,  5.89574479e+02,  6.10863415e+01,    -2.31716943e+02,  1.32450591e+02, -2.80711365e+02, -4.26147670e+02,    -4.88807428e+02, -2.29886321e+02, -9.09398365e+02, -2.61840841e+02,    -7.19925841e+02,  1.80886202e+02, -3.88413408e+02,  3.44336350e+02,    -8.06347769e+02, -2.73560615e+02,  4.18530429e+02,  1.89882150e+02,    -7.26435242e+02,  5.25299652e+02, -2.03301798e+02,  4.39340009e+02,    -2.16882761e+02, -6.65203416e+02,  1.02284494e+02, -5.36342112e+02,    -1.14243968e+02,  2.79871389e+00,  3.58478203e+02,  1.05504489e+03,    -3.84014649e+02, -2.95320121e+02, -2.08823896e+00, -1.18209874e+02,    -6.84379787e+02, -4.69324264e+02,  4.17923403e+02, -2.15056642e+02,     1.41349361e+02, -4.10632974e+02, -1.25800967e+02, -3.38320246e+02,     4.52204143e+02,  1.30258708e+02, -1.88775518e+02, -1.12342420e+02,     8.45198615e+01, -7.04429040e+01,  3.66599588e+02, -2.11443738e+02,     4.23354026e+01,  2.88958294e+02,  1.48545458e+02, -1.46240277e+02,     1.30462239e+03,  4.55703073e+02,  2.80589105e+01,  8.98533628e+01,    -5.19377115e+02,  2.60471389e+02, -6.31024028e+02, -2.15712692e+02,    -4.63014579e+02, -1.61033346e+02,  4.67821735e+02, -4.75218197e+02,     1.51903801e+02, -2.29615092e+01,  2.77615248e+01, -3.14184100e+02,    -3.77136667e+02, -2.01175270e+00, -3.61557372e+02, -1.86768513e+02,    -3.44431927e+02, -8.82795479e+01, -3.02402739e+02, -4.32650320e+02,     1.89349993e+02, -1.46069898e+02,  1.77975715e+02,  8.55654243e+01,    -6.18571687e+02, -4.61779319e+02, -3.33359922e+02,  3.00216330e+02,    -8.17847738e+00, -5.32675798e+02,  4.89526886e+02, -3.34574012e+02,     4.60175291e+02, -2.53069267e+02, -4.09485989e+02,  2.24250160e+02,    -5.70426951e+02, -3.26918405e+02,  5.37698397e+02,  1.51790643e+02,    -3.39848954e+02,  4.40628364e+02, -1.43871149e+02, -3.17142955e+02,    -2.57561831e+02, -4.08416346e+02,  1.99537964e+02, -7.64714602e+02,    -7.01589418e+02, -8.14194211e+01, -2.54289910e+02, -4.63030397e+02,     6.06398809e+02,  1.11134777e+03, -2.79300046e+02, -2.73299877e+01,    -5.31289775e+02,  5.56552945e+02,  1.55223106e+02, -1.63859653e+02,    -3.25211739e+02,  1.42659294e+02, -5.12412204e+02, -1.69955985e+02,    -7.47536783e+02,  2.93886408e+02,  1.11000512e+02,  5.56134979e+00,    -5.74864861e+01, -2.86001070e+02, -7.47567243e+01,  1.07284408e+03,    -1.62907292e+02, -3.88088403e+02, -5.70669029e+02,  1.09238419e+02,    -3.02010753e+02,  7.39638150e+01,  2.44927229e+02,  5.68112476e+01,     2.36331751e+02,  1.00287621e+02,  5.02453912e+02,  2.60440425e+02,    -2.84785710e+02,  3.54586733e+02,  2.92544269e+02,  9.36997187e+01,     3.77083338e+02, -2.05906371e+02,  6.12330199e+02,  1.55105486e+02,    -2.52889785e+02, -4.84463973e+01, -1.61179502e+02,  2.03773894e+02,    -2.22177018e+02, -2.39369778e+01, -9.01515883e+01,  6.99393783e+02,     4.50336422e+02, -5.69179732e+02, -3.43779794e+01, -4.55174189e+02,    -1.48987070e+02, -1.91304928e+02,  6.16070710e+01, -1.21664346e+01,    -2.17611449e+02,  1.06094888e+02, -5.79188962e+01, -8.88993829e+01,     7.30787193e+02,  1.52751081e+02, -6.82452015e+02, -3.74045396e+02,     7.77302792e+02,  2.30972384e+02, -7.22384228e+01,  8.94995715e+02,    -1.56476405e+02, -9.61741623e+01, -4.87212796e+01,  1.13011231e+02,     2.38967588e+02,  3.46288604e+01,  2.25751407e+02, -1.34538446e+02,    -2.60518400e+02, -3.64493585e+02, -4.03093312e+02,  3.78652307e+02,     1.06682658e+02,  3.18036837e+02,  1.16151449e+02,  7.45525800e+02,     1.47765555e+02, -6.89853189e+02, -2.89323277e+02,  8.40775741e+01,    -2.33870128e+02,  5.22641276e+02, -1.04473212e+02,  1.54932255e+02,     4.19212632e+02, -6.17438957e+02,  1.25121018e+03,  1.63301799e+02,     2.01067353e+02,  2.94790270e+02,  6.79887526e+01, -6.19132502e+00,     3.04032657e+02, -2.98610486e+02,  6.87630452e+02,  5.93005433e+02,    -3.48562391e+02,  1.25208022e+02,  5.84086790e+02, -1.82524177e+02,     1.33928107e+02,  3.60734605e+02,  3.59424204e+02, -6.59899607e+02,    -1.17552331e+02, -2.95823433e+02, -2.49772963e+01, -3.47955706e+01,    -2.33991554e+01, -1.37914538e+02, -2.46788905e+02,  6.86867855e+01,     8.62998291e+01,  4.50142878e+02, -3.53438305e+02,  3.24512156e+02,     3.75637353e+02, -1.40867776e+02,  7.46478097e+02, -5.74999435e+02,    -8.86401128e+02, -5.58538164e+01, -7.04819887e+01,  5.83345445e-01,     6.63053949e+02, -6.18642256e+01,  3.42032951e+02,  4.00572098e+02,     3.19813401e+02, -8.94500299e+01,  5.32474597e+02, -1.34194035e+02,    -2.71044786e+02, -3.90102972e+02,  4.49649936e+01,  3.23685402e+02,    -4.26531089e+01,  3.22782480e+02, -2.60144833e+01,  5.38961196e+02,     1.67906674e+02,  7.50585720e+01, -4.73313876e+01,  2.85391757e+02,     3.17673269e+02,  1.68072505e+02, -6.68524423e+00, -4.50984549e+02,     2.52770571e+02,  1.65966557e+02,  3.10639686e+02,  2.60764992e+02,     2.97697642e+02, -4.99959984e+01,  2.26701678e+02, -2.07015412e+02,    -8.60101646e+00, -4.67572856e+02, -2.61855010e+02,  3.28531087e+02,    -7.60832920e+02,  2.47478551e+02,  1.43080336e+02,  6.94839539e+02,    -2.20691857e+02,  2.55598787e+02, -9.87836714e+01, -4.06351098e+02,    -6.05801369e+02, -6.75288887e+01, -7.37778310e+02,  1.36240038e+02,    -1.73452148e+02,  2.51478470e+02,  1.71301860e+02, -2.14014897e+02,    -2.09382336e+02,  3.24000353e+02, -5.03329123e+02, -1.02053059e+02,    -1.74908847e+02,  1.96174326e+02, -4.59904021e+01,  4.89608064e+01,    -1.81641321e+02,  4.77844924e+02, -3.98207336e+02,  8.11223806e+01,     5.03604317e+02, -2.86959876e+02,  1.49800402e+01, -3.24685342e+01,    -5.75953494e+02, -3.90912950e+02, -6.77473165e+01,  2.20928515e+02,     2.70001545e+02,  4.07715156e+01, -6.76991640e+01,  1.85854208e+02,    -3.79297509e+02,  2.96967414e+00, -4.22236357e+02, -2.31056139e+02,     3.94043406e+02, -2.46690500e+02,  5.37374603e+02, -1.78096738e+02,     2.95380501e+02,  2.14286032e+02, -5.22657953e+02, -2.39791553e+02,     7.21447022e+01, -3.34132754e+02, -2.92910846e+02, -7.27759085e+02,    -4.67323928e+02, -4.38513403e+02, -3.60442831e+02,  1.90354427e+01,     1.09655816e+02,  7.49374638e+00,  1.74827976e+02, -4.78054086e+02,     1.21031265e+02,  1.73437495e+02, -5.57455743e+02, -5.41272642e+02,    -3.44970485e+02, -1.94036843e+02,  1.64301242e+02,  7.89795372e+00,    -3.73045654e+02,  2.99647313e+02, -1.67240789e+02,  4.19523983e+02,    -7.49006966e+02,  5.05634499e+02, -3.04545851e+01, -3.06180099e+02,    -2.19429798e+02,  2.76219526e+01,  3.55572011e+02, -6.32856320e+02,    -1.18669802e+02, -1.72190913e+02,  4.12125591e+02,  7.04961026e+02,    -8.14201546e+02,  7.84442083e+02,  3.83603686e+02, -6.26138891e+02,    -2.95952026e+02,  6.39104190e+02,  5.08013883e+02, -1.49605423e+02,    -3.00615847e+01,  8.66467835e+01,  5.93443569e+02, -4.41559361e+02,     1.37116296e+02, -6.35827087e+01,  2.56015805e+02, -6.20794481e+02,    -6.41908076e+01, -2.82880349e+02,  3.96513075e+02,  3.58716901e+02,    -7.18740885e+02, -4.15978553e+02, -1.91177357e+02, -3.25485049e+02,    -1.23022894e+02, -1.94358916e+02,  3.59431388e+02,  3.48509260e+02,    -4.96129258e+01, -3.87352875e+02, -7.01027934e+02,  3.64447191e+02,    -4.26712992e+02, -2.62813029e+02,  4.01685718e+01, -2.88895675e+02,    -3.50044582e+02, -2.15875360e+02, -3.52520702e+02, -2.25813915e+02,    -4.27327211e+02,  4.88958669e+02,  5.42531801e+02, -2.77576251e+01,    -2.00906287e+02, -1.36480289e+01,  3.56441391e+02, -7.40333908e+02,    -1.74283642e+02,  4.20654827e+02,  5.63152911e+02, -1.56017561e+02,     9.48170618e+01,  4.59842425e+02,  1.30938891e+02, -5.72681630e+01,    -3.71969547e+02,  1.90804858e+02, -3.01867448e+02, -1.34846053e+02,    -1.62643241e+02, -1.57962727e+02,  1.67032127e+02,  6.56222102e+02,     7.27675399e+00,  3.50588254e+01, -7.61353096e+02, -1.45554461e+02,    -3.18934575e+02,  3.96886132e+01, -3.54500264e+02,  6.59193092e+02,     6.83804241e+02,  1.23546354e+02, -1.24589231e+02,  1.21725081e+02,     2.14498101e+02, -4.02145900e+02, -6.49263719e+01,  1.16134685e+02,     1.17012439e+02,  4.77676071e+02,  3.79694077e+02, -1.74890023e+02,     2.39497521e+02, -8.12602936e+02, -3.63458007e+01,  7.17059891e+02,     8.04471527e+01, -5.84796727e+00,  2.80125917e+02, -2.45125639e+02,     7.81608282e+02, -1.02748222e+02,  7.17099895e+02,  3.12509102e+02,    -3.22425828e+02,  2.57580800e+02, -2.60553593e+02, -5.79408506e+02,    -3.35633414e+01, -4.77693103e+02, -4.50030447e+02, -4.54153453e+01,     2.70304384e+02, -4.76167111e+01, -2.84457189e+02,  6.34483068e+01,    -6.14844339e+02, -7.84290620e+01, -6.98611476e+02,  4.39433624e+02,    -1.11532775e+01, -4.32508592e+02, -1.60243972e+02,  1.46383488e+02,    -2.70845227e+02, -3.98365870e+02,  7.59789235e+02, -1.88528615e+02,    -3.75816098e+02,  2.11954281e+02, -9.92778619e+01,  4.32328660e+02,    -1.31762461e+01,  7.42716325e+01,  8.60083832e+02, -1.52334914e+02,    -2.94670002e+02, -3.13478958e+02, -4.49537738e+02, -2.78609271e+02,     2.39664285e+02,  1.76304407e+02,  1.78824275e+02,  6.33668023e+02,     1.97389260e+01,  1.40659047e+02, -5.61860141e+02,  2.06680523e+01,    -1.98312078e+02, -2.26034905e+02,  1.60391541e+01,  2.97187638e+02,     3.24584017e+02,  6.87238938e+00,  7.92116403e+01,  2.49964199e+02,     3.16946646e+02, -2.03995896e+02, -1.11709792e+02,  1.45137748e+01,    -1.98330211e+02, -6.68943024e+01, -2.28041605e+02,  6.40927177e+02,     5.51217392e+02, -1.07807956e+02,  1.01677810e+02, -2.01120282e+01,    -2.00529977e+02,  2.82570745e+02, -7.51202387e+01,  3.30600063e+02,    -4.56612943e+02,  1.60559319e+02, -9.45854292e+01, -4.63051985e+02,    -2.15196607e+02,  2.32433723e+02, -7.24990191e+02,  3.58296166e+02,     4.17944121e+02, -6.04632655e+01, -4.34886139e+01, -2.77551604e+01,     2.06429768e+02, -2.79929467e+02,  3.09250837e+02,  2.39953213e+02,    -8.88001491e+02, -2.80123867e+02,  1.92009173e+02, -7.75354092e+01,     3.23545368e+02, -5.21647671e+02, -4.05288522e+00, -3.52915586e+02,    -1.04797709e+03,  6.36548201e+02, -5.03718346e+02, -4.87887438e+02,     7.53708646e+01,  1.08578629e+03, -1.41500617e-01, -1.81695645e+02,    -1.78677325e+01, -6.04254844e+01, -7.51703075e+02, -5.24971388e+02,     6.59546634e+02, -4.33293958e+01, -3.36404847e+02,  4.27707672e+02,    -2.93173270e+02,  3.35773002e+02,  4.62896005e+02, -5.23292366e+02,    -2.17599708e+02, -2.92431188e+02, -1.26988379e+02, -1.64098900e+02,    -5.58796761e+01,  1.16264572e+02, -2.84835158e+02,  2.52095505e+02,     5.07370059e+02, -1.37830969e+02, -1.50778178e+02,  1.17137295e+02,     4.86974852e+02,  4.12190356e+02,  3.03564634e+01, -1.33478932e+01,    -4.50471226e+01, -4.31168274e+02,  3.20354221e+02, -2.03303864e+02,     1.67290960e+02, -1.34463386e+02,  2.47089794e+02,  1.48948023e+02,    -6.67935654e+02, -2.36579601e+02, -6.70170647e+02, -2.74304299e+02,     6.35513114e+01, -1.45821953e+02,  2.53502056e+02, -2.45380858e+02,     1.61711548e+01,  8.92243640e+01,  6.32694881e+02,  3.17588479e+02,    -2.28325286e+02,  1.76155725e+01,  9.36804628e+01,  3.39424412e+02,    -5.56413366e+00,  4.29182360e+02,  2.05790263e+02,  7.56639896e+02,     2.17208430e+01,  5.81034013e+02, -2.21398801e+02, -3.26904521e+02,     7.08185021e+01,  6.16341518e+01,  2.59278511e+02, -5.29159113e+01,    -1.35712217e+02,  2.21025491e+02, -3.88922671e+02, -4.39144265e+02,     6.51557118e+02, -5.05189122e+01, -3.63766289e+02, -3.90900091e+00,    -1.20052399e+02,  2.96186955e+02,  2.80795384e+02, -1.66752453e+02,     9.67683480e+00, -2.29936724e+02, -2.76331941e+02, -2.42449510e+02,    -8.11856000e+02, -2.95069270e+01, -5.47795837e+02, -4.67540527e+02,    -3.35339367e+02,  1.48665293e+02, -3.20234819e+02,  1.85208533e+02,    -4.78843434e+02,  8.87369035e+00, -3.45148310e+02,  6.35939724e+01,     1.00522027e+02,  2.45900983e+02, -1.67863578e+02, -1.24348104e+02,     2.20456195e+02,  5.10698860e+02,  2.76267550e+02,  6.62484433e+01,    -5.79159655e+02, -1.17604264e+02, -2.62903390e+02, -5.15566055e+02,     3.51686128e+02, -2.93913521e+02, -3.69706449e+01, -1.94236782e+02,    -8.60665737e+02,  4.22727790e+02, -1.41365017e+02,  3.50303050e+02,    -5.89194744e+02,  5.56568191e+02,  3.59684780e+01, -2.64882352e+02,     3.94223325e+01, -1.99402246e+02, -5.80768668e+02,  1.19730258e+02,     2.36976166e+02,  2.80055754e+01, -3.07038633e+02, -1.10277427e+02,     1.37309641e+02,  2.47689038e+02,  5.44681382e+02,  2.16425595e+02,    -1.99505159e+02,  7.48669579e+02,  2.45680073e+02,  3.31226371e+02,    -1.44248206e+02,  2.25173019e+02,  1.46508355e+02, -5.23748473e+02,    -1.59468981e+02, -3.34229719e+02, -2.64824733e+02, -8.79953408e+01,    -1.49976372e+02, -3.14588808e+02, -9.64189557e+02, -2.58809618e+02,     1.31213667e+02,  8.55945254e+01,  7.87990261e+01,  4.21793769e+02,     1.57857211e+02,  2.71936969e+02, -3.58103807e+02,  3.92612342e+02,    -4.18644782e+02, -6.51057515e+02,  1.62237904e+02, -3.42411957e+02,    -3.56031706e+02, -1.33797017e+03, -1.01790315e+02,  6.78502512e+02,     3.96029573e+02, -8.68941021e+01, -1.00751077e+02,  2.49399241e+02,     5.78048725e+02, -3.42884054e+02, -8.06092117e+01, -2.69055560e+02,    -3.05620108e+02, -2.89710486e+02,  1.35164460e+02,  6.08586204e+02,    -5.57750892e+02, -4.49245526e+02,  2.08104016e+01, -7.24878456e+01,    -1.19841980e+02, -7.90805988e+02,  4.79961541e+02,  2.14310397e+02,     7.59137818e+01,  4.11036777e+02, -2.57371735e+02,  2.51426570e+02,     2.28791084e+02,  4.50013932e+01, -3.91086927e+01,  1.04629026e+02,    -1.37282424e+02,  3.98703965e+02, -3.70692999e+02,  3.56467744e+02,     7.87897279e+01,  9.43130562e+01,  2.01405118e+02, -7.31047802e+02,     5.42884624e+01, -5.42796297e+02, -4.29172191e+02, -4.16427471e+02,    -3.81340015e+02,  1.20803662e+01,  1.09968253e+02,  4.09414808e+02,     8.24128200e+01,  1.16626354e+02, -6.04038540e+02, -2.12213398e+02,     2.79256537e+02,  1.21490994e+01,  1.63600583e+01, -6.87068482e+01,     3.11315222e+02, -7.73928983e+02,  8.90155428e+01,  2.01294283e+02,     3.86580988e+02,  3.29783531e+02, -4.81891691e+02,  6.35109111e+01,     3.59141672e+01,  3.62869368e+01,  1.60115913e+01, -1.64889148e+02,    -2.65406956e+02,  1.33472221e+02,  5.32193583e+02, -7.70326893e+01,     8.03560944e+01,  1.51502313e+02, -2.09261459e+02, -2.07607477e+02,    -9.79092551e+02, -3.25164418e+02, -4.28833789e+02, -6.46229123e+01,    -5.37605607e+02,  6.36984945e+02, -2.49883003e+02, -4.47588630e+02,    -1.32732967e+03,  5.54884266e+02,  1.16100465e+02, -1.36076216e+01,    -5.20732255e+02,  8.95145763e+01, -1.47215320e+02, -2.76296047e+02,     9.98447381e+01,  2.71779331e+02,  6.73395361e+01, -1.45467580e+02,    -2.89021661e+01,  6.68493109e+00,  1.64303109e+02, -5.14920111e+02,     5.91932750e+02, -3.55143899e+02, -2.29654022e+02, -3.54482394e+02,    -8.20880537e+02,  8.08468923e+01, -4.03982972e+02, -1.87195974e+02,     2.89431149e+02, -2.03307650e+02,  6.30392740e+00, -8.26808371e+01,    -2.18066275e+02,  1.37408959e+01,  4.49774031e+02, -4.40259623e+02,     7.77275699e+02, -1.66861970e+02,  2.88017501e+02, -6.46975174e+01,     1.26687286e+02, -1.00003603e+02,  3.97186040e+02,  5.29423276e+02,     1.68924046e+02,  4.64521893e+02, -3.30658987e+02, -2.71863468e+01,    -1.92688646e+02,  5.77939046e+02,  4.88882799e+02,  3.74974540e+02,    -1.25786115e+02, -2.56118582e+02,  2.28365665e+02, -2.18687290e+02,    -1.16813197e+02, -6.15804036e+01, -2.18785584e+02,  4.34371844e+02,    -4.85291378e+01,  3.34876677e+02,  1.18676353e+02,  1.44462315e+02,    -2.89380165e+02,  2.75008996e+02, -1.54936114e+02, -1.11276204e+02,    -2.56801872e+01, -4.30801724e+02,  6.49852898e+02, -2.38882721e+02,    -3.56825049e+01,  1.67181329e+02,  1.44322771e+02,  5.97846484e+02,    -1.38362714e+02,  6.49554704e+02,  5.89330933e+02, -8.22378328e+02,     7.40351908e+01, -1.73445179e+02,  1.23886414e+02,  7.40984372e+01,     1.47832559e+02,  5.10173407e+02,  7.82280791e+02, -6.63864360e+02,     6.48815712e+02, -7.79262987e+02, -6.49247275e+02, -1.03344138e+02,    -1.01427070e+01,  5.92614227e+02,  3.28489806e+02, -1.56109252e+02,    -7.84334536e+02,  5.95295791e+02, -3.80577923e+02, -1.03771337e+01,    -4.30735224e+01,  1.04708694e+03, -2.40086812e+02, -8.91052600e+02,     2.61054740e+02, -1.36753817e+03,  9.38938359e+01, -3.01301738e+02,    -1.53380470e+02, -2.31184409e+02, -4.95952962e+02,  3.47679965e+02,    -3.06121104e+02, -7.65500427e+01, -6.62631588e+02, -5.68509113e+01,    -4.03454654e+02, -6.30065242e+02, -1.03751454e+03,  8.61526651e+01,    -2.72165111e+02, -8.26773106e+00, -1.14267219e+02, -6.69521402e+02,    -5.33891336e+02, -4.46370200e+02, -4.50195545e+02,  4.63752447e+02,     7.92878802e+01, -4.04241422e+02, -1.54571555e+02, -1.89044576e+02,     3.13822514e+02, -2.82283749e+02, -1.05152526e+02, -1.89551128e+02,    -3.02897005e+02, -3.16308228e+02,  3.23579287e+02, -1.48766481e+02,    -7.69552377e+02,  6.51769180e+02,  3.97767914e+02,  5.26313393e+01,    -6.12264958e+02, -6.38585066e+02,  9.19385421e+01,  1.20677376e+01,    -2.50851055e+02, -4.11304002e+02,  3.00957991e+02, -6.68897323e+01,     2.30805541e+02,  4.18277843e+02,  2.84526782e+02,  2.99111517e+02,     2.16031362e+02, -1.71612289e+02, -1.05568656e+02, -1.86436803e+02,    -2.94890597e+02, -3.86520729e+02, -5.47337457e+02, -3.31091682e+02,    -6.76778897e+01, -6.74705447e+02, -7.21232888e+01,  2.74908910e+02,    -6.02193509e+02,  2.09041099e+02,  1.82693201e+02, -5.95376741e+02,    -4.80210871e+02, -1.31266832e+02,  1.79933893e+02, -3.35570832e+02,     5.91420602e+02,  5.30321522e+02, -6.34067724e+02,  4.29099599e+02,     2.99508577e+02,  6.40104827e+01,  2.14627357e+02, -3.60108200e+02,    -1.20195313e+02,  4.51959677e+01,  1.49038897e+02,  3.82450694e+02,    -4.26887976e+02, -3.51909264e+01,  1.49938502e+02, -1.34730794e+01,    -2.21418257e+02,  1.66858767e+02, -2.25373279e+02, -1.70308240e+02,     3.28120418e+01, -5.06165905e+02,  3.11800142e+01, -2.00123947e+02,    -1.05560546e+02,  2.81585991e+00, -4.79350774e+02,  4.75051092e+02,    -2.27159369e+02, -1.08884806e+03, -7.13140067e+02,  3.29642589e+02,    -2.98800160e+02, -1.42821361e+02, -2.45729737e+02, -1.40115261e+02,    -8.40869818e+02, -9.50591308e+01, -5.40014147e+02, -2.81020762e+02,     2.17346725e+02,  6.25673620e+02, -3.50249887e+00, -2.75055855e+01,     4.90489806e+02, -4.26085694e+02,  3.03249819e+02,  7.84850868e+01,    -3.49692337e+02, -1.50146637e+02,  2.06796481e+02,  1.55557001e+01,     8.23578077e+01,  9.61763819e+01, -1.98174145e+02, -2.34550735e+02,    -4.45336744e+02,  4.21060320e+02, -5.33785523e+02, -3.92576886e+02,     7.95394559e+01, -7.52677570e+02,  1.62008052e+02,  5.27743435e+02,    -3.94161669e+01,  5.76466821e+01, -2.08693109e+02, -1.72036495e+02,     8.60237667e+01,  3.15220597e+02, -3.40764438e+02,  2.61025439e+02,    -9.29977505e+01, -3.47482663e+01,  2.27669762e+02,  1.62161045e+02,    -7.54396406e+01, -3.71116021e+00,  2.05444610e+02,  2.36360950e+02,    -6.04314939e+02,  5.73044768e+01,  4.53666936e+02, -8.19003928e+02,     2.73132097e+02, -1.00404271e+03, -7.74049098e+01, -1.25164106e+02,    -7.26769268e+01, -7.50913034e+01, -2.17235555e+02, -2.96844430e+01,     1.39188538e+02, -2.03077778e+02,  1.18807778e+02,  7.29924965e+02,    -5.41210532e+02, -2.24505732e+02,  3.07288938e+02,  2.09110005e+02,     3.48019129e+02,  1.37247603e+02,  2.39307079e+02, -1.57768719e+02,    -4.11395471e+02, -3.56931356e+02, -1.72933787e+02,  4.94874365e+00,    -3.53393385e+02, -1.28474020e+02,  5.60842755e+01,  1.94292579e+02,    -8.44736310e+01,  4.72382404e+02, -4.24723608e+02, -4.49530574e+01,    -2.24759858e+01,  2.33830501e+02, -3.42163308e+02, -2.14896557e+02,     2.31760978e+02,  4.20595949e+02,  5.86009950e+02,  2.95612594e+02,     3.46571496e+02, -2.50369806e+02,  5.25856528e+02,  5.66248839e+02,    -5.44810460e+01,  3.32035842e+02,  3.19478775e+02, -2.14222994e+02,     1.27706336e+01,  5.15291615e+02, -2.34367738e+02, -1.04940985e+02,    -5.08290010e+02,  2.26518250e+02, -6.30166606e+01,  1.47216260e+02,     8.09615493e+01, -3.50270344e+02,  3.85962034e+02,  3.42055553e+02,    -1.99127151e+02,  1.54737028e+02, -4.82626345e+02, -4.33975777e+02,     1.95883247e+02, -5.79332965e+02, -2.26125944e+02,  8.09558228e+01,     6.78035659e+02, -2.04613810e+02, -8.78749459e+01, -1.22389974e+02,     9.63731120e+02,  1.18421077e+02, -3.64701783e+02,  5.74488453e+02,     5.28880768e+02,  2.51853840e+02,  6.12476125e+02,  6.78456211e+02,    -8.87577616e+01, -2.51844838e+02, -2.73236294e+02,  2.25555595e+02,     3.18289048e+02, -4.10023174e+01, -1.72540062e+02, -5.17027676e+02,    -2.53747985e+02, -3.71532190e+02,  2.47503845e+02,  1.26510928e+02,     5.24869431e+02,  4.73529820e+01, -2.11512781e+02, -6.62453276e+01,     3.35598607e+02,  1.10505340e+02,  4.26852926e+02,  4.82423442e+02,    -1.16567624e+02, -7.54809622e+01, -8.09262187e+02,  4.48041741e+02,    -4.61837571e+01,  4.21078309e+02, -1.53135214e+02, -4.87617358e+02,     1.66057671e+02,  5.79591290e+02, -2.05091325e+02,  5.72990469e+02,    -6.05316414e+02, -1.88198460e+02, -6.55072863e+02,  1.85610602e+02,     9.71344199e+01,  6.02160391e+00, -5.01545607e+02,  7.35086222e+02,     4.41028041e+02,  6.91842245e+01, -3.83351379e+02,  1.82826076e+02,    -2.29140477e+02, -7.29141789e+01, -1.82526290e+02,  1.74965881e+02,    -8.41253310e+01, -1.70849226e+02,  1.59804552e+02,  2.19936511e+02,    -7.11838706e+02,  1.63469905e+02,  5.60796415e+02,  3.50888129e+02,    -1.10223220e+02,  2.89260802e+01, -2.99267952e+02,  4.92520978e+02,     1.47371822e+02, -5.68317395e+01, -5.85034262e+01,  9.10189040e+02,     7.92306348e+00,  2.58928053e+02,  6.03956178e+02,  8.13992126e+02,     5.34040385e+02,  3.54206628e+02, -5.30511415e+02, -3.61517032e+02,     2.88409884e+02,  1.34972708e+01,  2.70252973e+02,  1.54875334e+02,     4.89305621e+02, -6.45806385e+02, -4.09389320e+02, -5.26520170e+01,    -7.22129115e+02,  1.63332481e+02,  3.27480098e+02,  1.18316130e+02,    -1.90224234e+02,  1.97522848e+02,  1.18767439e+03,  2.15112565e+02,     1.26166694e+02, -4.08907150e+02, -5.52915297e+02, -1.31047257e+02,     2.59323819e+02, -4.33190846e+01,  1.74167313e+02,  2.93787169e+02,    -4.98929483e+02,  2.05915918e+02,  4.39701914e+02,  4.88591630e+02,    -4.65477423e+01,  9.12910956e+00, -7.77018944e+01, -4.21574024e+02,    -5.54787368e+02,  6.96676462e+02, -5.56837187e+01, -4.93829080e+02,     1.79959962e+01, -1.89722894e+02,  7.62448196e+02, -1.99826275e+02,    -2.87438062e+02,  2.60103267e+02, -1.21149900e+02,  3.60641844e+02,    -4.72766428e+01,  8.39591151e+02,  4.19649673e+02, -1.17151147e+01,    -3.00363112e+02,  2.05593417e+02, -4.62337570e+02, -9.81512364e+01,     5.06898730e+02, -2.34201254e+02, -3.93962855e+02, -1.85696993e+02,     4.33328354e+02,  1.21835758e+02, -6.92185326e+02,  2.54540501e+02,     1.25318745e+02,  5.70215676e+01, -4.27295109e+02,  1.32282028e+01,     2.92468997e+02,  4.25917815e+02,  5.33878842e+02,  2.16152676e+02,     3.38569039e+01, -4.23189099e+02, -3.99904048e+02, -6.21324736e+02,    -7.61277648e+01,  2.63215977e+02, -2.05780236e+01,  4.47631020e+02,    -2.64045189e+02,  1.53651169e+02, -9.87764436e+01, -2.48639015e+02,     4.93214132e+02,  6.38526091e+01,  5.11433348e+02,  2.37464388e+01,     2.08432277e+02, -1.67109217e+02,  5.22189356e+02, -9.97516594e+01,    -3.26523727e+00, -6.52329843e+02, -9.04953994e+01,  6.07249764e+02,     5.55462618e+02,  2.20565847e+02, -1.25956166e+02,  3.22757276e+01,    -1.47176579e+02, -4.65347570e+01,  7.50487317e+02,  1.48798814e+01,    -1.96884341e+02, -9.20976173e+02, -4.53622554e+02, -3.13694813e+02,    -5.59901620e+02, -4.67955995e+02, -5.92901509e+02, -3.87326413e+02,    -3.18928881e+02, -4.00951646e+02,  3.98352798e+02, -2.13214606e+02,    -8.09529944e+02,  3.32446666e+02, -2.40295496e+02, -6.85801192e+02,     8.09309815e+02, -2.00958986e+02,  1.65290879e+02,  3.40237417e+02,     6.31891768e+00,  2.18164618e+02,  6.98448690e+00, -1.25422227e+01,    -1.14150542e+02, -6.04231717e+02,  8.84356916e+01, -1.08915709e+03,     5.45010092e+02, -3.66342292e+02, -1.15757337e+02, -1.48810727e+02,     8.54505958e+01, -1.57705283e+02,  2.39305623e+02, -4.49048372e+02,     3.16202075e+02,  3.25805535e+02,  1.30260023e+02,  8.22352904e+01,     1.65672461e+02,  6.18199594e+01,  2.52670929e+02, -7.93811043e+01,    -5.21970383e+02,  8.15422073e+01, -1.91195997e+02, -3.76955211e+01,     4.15715056e+02, -6.77092680e+02,  7.95065837e+00,  1.11818934e+01,     7.23012729e+01,  2.77757481e+02, -1.15432999e+02,  7.03002039e+02,     4.05376136e+02, -1.46780547e+02, -8.88700559e+01,  1.56599911e+01,     6.51081378e+02, -4.66725447e+02, -8.70515483e+02,  2.41444745e+02,    -1.02218772e+02, -1.05012277e+02,  1.40328238e+02,  6.53888207e+02,     3.99212894e+02, -1.47028778e+02, -4.21673978e+02, -4.99815580e+01,     2.45938581e+02, -1.09391028e+02, -6.22041851e+02, -2.32247414e+01,    -7.76839861e+02, -4.07939576e+02,  6.64654569e+02, -4.28543303e+02,    -5.55295930e+02, -4.34513981e+02, -2.95467196e+02,  2.79497908e+02,     6.89035374e+02, -4.23400614e+01,  2.30608670e+02, -1.50169628e+02,    -5.83862041e+02,  3.90651364e+02, -3.81111146e+02,  2.37330280e+02,     3.03800997e+02, -6.13437563e+01,  3.45060979e+02,  3.67298784e+02,     8.98781019e+02, -1.24937846e+02, -3.85235924e+02, -5.33554329e+02,    -1.26448174e+02, -2.15214750e+02,  8.50391204e+02, -3.70618085e+02,     8.54900097e+01,  6.26367409e+01, -2.19931829e+02, -6.78514451e+02,    -5.42236343e+01,  8.17982266e+02,  9.07417258e+01,  5.91976283e+01,    -4.48496280e+02, -5.08850118e+02, -8.15678538e+01,  4.06307103e+02,    -1.86629698e+02,  8.92998751e+02, -3.67141671e+02,  1.41943078e+02,    -1.74686847e+02, -5.75235672e+02,  2.53578547e+01, -4.28031439e+02,    -6.24400419e+02,  6.87348071e+01,  2.00882396e+01,  4.33725728e+02,     1.75118870e+02, -2.83528616e+02,  1.89182837e+02, -6.91103372e+02,    -4.44254412e+02,  7.59474509e+02,  1.10182691e+02, -1.19934014e+02,    -2.71371196e+02, -3.93169356e+01, -6.54646717e+01,  7.11809410e+02,     3.43007606e+02, -1.24005634e+02, -5.95682228e+01, -3.37884371e+02,    -1.71218975e+02, -5.64825666e+02,  4.00883814e+02,  6.26459687e+01,     1.16832001e+02,  1.27187724e+02, -4.52534486e+01, -1.53131960e+02,    -5.38997127e+00, -8.91325528e+02, -1.60928602e+02, -6.77343734e+01,    -7.73804907e+01,  4.61034067e+02,  5.29829810e+02,  1.35738828e+02,    -8.03547899e+02,  5.37092481e+02, -1.67074817e+02, -3.24018203e+02,    -7.32140626e+02, -2.73955040e+02,  4.94420410e+02,  2.28073629e+02,     5.67025384e+01,  2.56928442e+02, -4.89693707e+02, -3.72215187e+02,     4.62738418e+02,  3.19947361e+02,  4.34349031e+02, -2.76715301e+00,     5.71622020e+01,  4.65201136e+02,  8.29055792e+02, -2.07670780e+02,     3.16742012e+02, -1.40144070e+02, -3.51767749e+02, -2.87145042e+02,    -2.56665568e+02, -1.26239790e+02, -4.29289183e+02, -1.97124528e+02,    -1.17139768e+03,  2.86347501e+02,  1.62669086e+02, -3.11372244e+01,    -3.48634549e+02, -1.88404797e+02, -4.52527515e+02,  9.89012421e+01,     6.91651331e+02, -1.74563287e+02, -1.37579582e+02,  1.84475424e+02,    -4.06503184e+02,  7.28484981e+02,  1.39289590e+02,  1.57241435e+02,     4.33471297e+02,  1.59603678e+01,  4.71199187e+02,  1.37728550e+02,    -7.28466988e+01,  7.85144139e+01, -1.75546955e+01,  5.84146153e+02,     7.59191470e+01,  1.23383275e+02, -7.53626021e+01,  1.11853966e+02,    -7.76811367e+02, -3.12106761e+02, -3.87441483e+02,  4.30771305e+02,    -2.44909448e+02, -5.41670833e+02,  4.93461614e+02, -1.00795478e+02,     3.67338024e+02, -7.67471477e+02,  2.08286788e+02,  6.47479962e+01,     4.99790712e+01, -7.43430029e+01, -5.46183570e+01,  4.13782240e+02,    -2.57695072e+00, -4.15215677e+02, -1.33816851e+02,  2.13144548e+02,    -9.80897506e+02, -7.80948007e+02,  1.28632076e+01,  9.34237796e+01,    -3.64286928e+02, -3.59425720e+01,  9.12309481e+02,  2.76843766e+02,    -4.71954687e+02,  7.92389945e+01, -7.51636638e+01,  8.66920984e+01,    -2.88177306e+02,  1.55647496e+02,  2.39222388e+02, -5.65997074e+01,     9.46344118e+02, -9.04581186e+01, -2.70033140e+02,  1.58797524e+02,     3.47162591e+02, -2.97929401e+02, -2.50634630e+01,  8.05733972e+02,    -2.00789787e+01,  4.96428940e+02,  1.19787937e+02, -8.14011848e+01,    -2.23099998e+02,  4.80008305e+02, -4.61522729e+02, -1.76276149e+01,    -1.25715490e+02, -3.55525892e+02,  1.41852030e+02,  2.00155178e+02,     7.59560105e+01, -1.35144028e+01, -3.25311788e+02,  1.56061660e+02,    -1.48640662e+01, -2.11243673e+02, -1.82087168e+02,  1.65826824e+02,    -4.20097297e+01, -3.07737222e+02, -8.95292672e+02,  7.75696921e+01,     1.97344083e+02, -3.93482684e+02, -1.89630407e+02,  6.93706125e+02,     6.06294909e+01,  2.95506258e+02,  5.44613023e+01,  3.10193879e+02,     4.34378436e+01, -3.31660145e+02, -3.15560121e+01,  7.03211287e+01,     2.33790283e+02,  6.75629658e+02,  4.14375740e+02,  1.74673514e+01,     1.44969807e+02,  5.07861415e+02,  2.20337867e+02, -6.11417323e+02,    -2.25255180e+02,  1.13382531e+02,  7.19797413e+01,  2.22560106e+02,    -4.42519406e+02,  1.07920715e+02,  3.38013425e+02,  4.15849187e+02,    -3.77689432e+02, -4.50479579e+01, -1.93097667e+01, -1.13348557e+02,    -2.80966956e+02, -1.67500132e+02, -2.64811163e+01,  6.69143367e+01,     3.48027747e+02, -2.61794423e+02,  6.73773554e+02,  2.99760327e+02,     2.12112334e+02,  2.79542843e+02,  2.56500790e+02,  2.76224432e+02,     4.54989368e+02, -3.71903711e+02,  5.32771146e+02, -9.37171078e+02,     2.61757294e+02, -9.16219875e+02,  7.10314899e+02,  6.11297818e+02,    -9.83955796e+01, -4.14419792e+02, -3.56028661e+02, -4.85501099e+02,    -5.21708017e+02,  4.84498537e+02,  3.61965142e+02,  2.03737280e+02,     2.68490190e+02,  3.42368377e+02, -3.23757792e+02, -1.70895996e+02,     4.83968707e+02, -1.04749185e+02,  4.46683442e+02,  6.15686761e+02,    -3.65326773e+01, -6.06609207e+02,  1.11689537e+01, -1.16181663e+01,    -8.26316136e+01,  6.30982377e+00, -5.65928985e+02, -1.56759443e+02,     4.88273815e+01,  7.41175848e+01,  4.07889444e+02, -3.36994877e+02,     5.16906646e+02, -3.41146176e+02,  1.86411973e+02,  3.27704396e+02]
gas_BEE = [-3.09422465e+00,1.63723730e-01,-5.40255740e-01,1.96775545e+00,-1.09789895e+00,-6.77361444e-01,-2.09920148e+00,-4.43879772e+00,-1.56730029e+00,-1.90896553e+00,-1.42316962e+00,4.46012670e-02,2.80505472e-03,8.51986789e-02,9.54257388e-02,2.27028573e+00,-1.02866199e+00,-4.96812152e-01,1.37221339e+00,-5.18294548e+00,2.35766942e+00,-1.11608846e+00,-3.06289579e-01,-4.50782420e-01,4.14783436e-02,-2.05547449e-01,4.37921696e+00,-8.23037702e-01,-1.94127645e-01,-2.52244243e+00,3.57303744e+00,-2.87387811e-01,-2.05844183e+00,6.69755014e-01,-8.65118589e-02,1.29479347e+00,-1.41966348e-01,9.41400416e-03,1.86482141e+00,-4.79831810e+00,2.72452422e+00,4.40647540e-01,-4.17705257e-01,-1.19236146e+00,7.11238391e-01,-5.72168583e-01,2.41584281e+00,1.72022305e+00,-1.19802081e+00,-1.45906183e+00,-1.60634574e+00,-1.87636950e+00,1.37096272e+00,-2.30868604e+00,5.34273465e-01,2.72702051e+00,3.26650875e+00,1.53572968e+00,7.89971949e-01,1.43420136e+00,4.57809281e+00,9.58255373e-01,-2.60183945e+00,-6.85877577e-01,-1.55132395e+00,2.93345477e+00,-3.49848733e+00,-3.09665249e+00,-1.65459284e+00,-6.87524239e-01,-1.81813966e+00,1.42943303e+00,8.96305090e-01,5.90058995e-01,-2.02510266e+00,-1.55401297e+00,-2.63930808e+00,1.72938545e+00,-1.51489279e+00,1.73283548e+00,-4.88938611e-01,-1.56675871e+00,-2.27354656e+00,-6.92654716e-01,-8.27126265e-01,-5.03556548e-01,2.03833196e+00,3.52045736e+00,-1.84180165e+00,-3.53428027e+00,-9.26319531e-01,5.19187306e+00,-2.81979936e+00,1.58383206e+00,-1.75195700e-01,-2.97670602e+00,1.33965889e+00,1.45557159e+00,-7.08200168e-01,1.55198767e+00,-1.49998213e+00,-2.53484175e+00,4.75322995e+00,2.07519358e+00,1.01815821e+00,2.71932384e-01,6.38535120e-01,3.90290693e+00,-1.42540920e+00,1.45596689e-01,-6.73291866e+00,9.91574766e-01,-3.25196256e+00,5.31380588e-01,9.32615700e-01,-1.46186862e+00,-2.53684301e+00,2.38177289e-01,-1.60062799e+00,1.97872050e+00,-2.02170979e+00,-4.73269258e-01,-1.83506012e+00,1.30744470e-01,1.62533626e-01,9.49408534e-01,1.88146083e-01,-3.91773039e-01,3.06939206e+00,4.31742074e+00,2.39030754e+00,3.21779355e+00,-7.31933243e-01,1.79691976e-01,2.24922283e+00,1.60895854e-01,-3.50883754e+00,-2.18305499e+00,-2.40734509e+00,-1.41897866e+00,1.37936182e+00,-5.66241468e+00,-5.94125443e-01,1.94422733e+00,-2.11957054e+00,-1.68768407e+00,2.47392167e+00,2.38197695e+00,-1.43495468e+00,1.51749644e+00,-1.34237217e+00,1.84881720e+00,3.46351912e-01,6.47409876e-01,-3.92268008e+00,-2.19994926e+00,-4.96255008e-01,-4.50126599e-01,-1.74271240e+00,5.44079451e+00,-4.29979878e-01,-1.45829842e+00,1.80796692e+00,-2.07881772e+00,-1.86629155e+00,1.48003816e+00,5.32471407e-01,3.48847691e-01,6.50821896e-01,-6.42438237e-01,5.44929638e-01,2.77050832e+00,-1.30069958e+00,9.47265397e-01,4.28434712e+00,1.51809947e+00,8.51645975e-02,-8.02983049e-01,7.06337866e+00,-1.27233237e+00,2.01893025e+00,1.37914102e+00,1.36862104e+00,4.53297131e+00,2.23777449e+00,-7.57422259e-02,9.76747245e-01,2.61661650e+00,1.52592822e+00,-2.74116298e+00,4.63070903e+00,-4.31575657e+00,-5.69454139e-01,2.56399670e+00,6.03194028e-01,1.95370811e-01,1.36558343e+00,9.02019728e-01,1.33940038e+00,-2.93543154e+00,1.87317408e-01,-1.18559730e+00,-7.06656549e-03,-3.53459074e-02,-6.76636264e-01,-2.57603693e-01,4.10641817e+00,-9.95611828e-02,-1.40663320e+00,-1.36561618e-01,7.26284060e-01,-2.89042488e+00,-2.44536987e+00,-1.52421242e+00,-2.96988950e+00,-7.90422301e-01,-2.00400028e+00,6.53721639e-01,-7.50481464e-02,-5.96273861e-01,-3.90378433e-01,3.91716165e-01,-1.05719455e+00,3.07076430e+00,-4.07819965e+00,-4.18959147e-01,-7.26566018e-01,9.03900804e-01,9.92469902e-01,-2.45408386e+00,-6.43874121e-01,2.23627816e+00,-1.23627698e+00,5.95493269e-01,1.74612447e+00,1.77822949e-02,5.48687135e+00,-5.78184627e-01,-1.94067058e+00,-2.27902691e-01,-1.58454800e+00,2.14934364e+00,-2.44703129e+00,9.98905515e-01,2.01075109e+00,-5.99596938e-01,5.63791146e+00,5.71667891e+00,-3.70721304e+00,2.78198970e+00,1.11449573e+00,-2.54983304e+00,1.13233622e+00,2.04517911e+00,2.07022413e+00,2.05012003e-01,1.36884079e+00,3.43474535e+00,-1.17927402e+00,4.30826307e-01,2.77834302e+00,-1.56204434e+00,-1.04439685e+00,2.89435420e+00,1.57244610e+00,3.68995662e+00,1.64854352e+00,6.90713724e-01,1.01032283e+00,2.15564649e+00,-2.37600165e+00,2.26496486e-01,1.14880352e+00,1.53283621e-01,1.25150716e+00,-3.07828432e+00,1.73568104e+00,-2.01702074e+00,-1.63502946e+00,9.68180627e-01,-5.94606870e-01,2.90358468e+00,-8.84850276e-01,1.18854944e+00,1.49081986e+00,3.74976396e+00,2.54901274e+00,2.56166287e+00,-3.50303755e-01,-4.40035286e-01,-1.46623826e+00,3.89831321e+00,3.94351737e+00,1.66045525e+00,-1.22416079e+00,2.35788127e+00,-1.85470125e-01,9.64464500e-01,3.32433014e+00,-2.31024151e-01,-5.78263566e-01,-1.44437632e+00,-2.89118176e+00,4.62733117e+00,2.28852227e+00,-3.09280263e+00,-8.07074184e-01,9.38317476e-01,-6.32785575e-01,2.85170582e+00,9.28986110e-01,3.74697552e+00,1.19583648e+00,-9.99218008e-01,7.58032087e-01,-3.95508989e-01,-1.09779680e+00,8.45178149e-01,1.07431210e+00,4.32609189e+00,3.45518277e+00,2.90506414e+00,3.61302126e+00,5.94487614e-01,-1.51796411e+00,6.15238906e-01,-1.61795808e+00,-2.50816650e+00,-2.44906723e+00,-1.47885435e+00,-5.34334171e+00,-1.79312911e+00,-3.90300264e+00,8.24283852e-01,-2.21248754e+00,2.43710654e+00,-4.44570047e+00,-1.46922504e+00,2.01305380e+00,9.39658631e-01,-4.06477269e+00,2.44682939e+00,-1.38172033e+00,2.53910280e+00,-1.24004813e+00,-3.30125399e+00,8.06026443e-01,-2.68237357e+00,-2.05220276e-01,-1.28038919e-01,1.87756152e+00,6.03896841e+00,-2.13874902e+00,-1.79075625e+00,-6.14705719e-01,-2.70598836e-01,-3.69012404e+00,-2.93317434e+00,2.58578720e+00,-8.42067938e-01,9.75096366e-01,-2.26217642e+00,-5.12133332e-01,-2.15843460e+00,2.25039038e+00,7.27873117e-01,-1.30918707e+00,-6.43647212e-01,5.45265348e-01,-2.52150177e-01,1.53552149e+00,-1.38998084e+00,4.38235607e-01,1.66221810e+00,6.06693071e-01,-1.09266772e+00,7.49597989e+00,2.79861306e+00,3.40683738e-01,4.15197368e-01,-2.80895995e+00,1.58580817e+00,-3.42061010e+00,-1.67031383e+00,-2.93191220e+00,-9.86759618e-01,3.00537842e+00,-2.76001442e+00,1.06735600e+00,-4.05243073e-01,8.12659707e-03,-1.60819215e+00,-2.05756603e+00,-6.50173847e-01,-1.59517302e+00,-9.48214780e-01,-1.70417997e+00,-1.93828718e-01,-1.42929681e+00,-2.18243590e+00,1.10033906e+00,-5.15989827e-01,1.12770522e+00,5.61402653e-01,-3.53068987e+00,-2.42832740e+00,-2.46551055e+00,1.30696669e+00,-2.65967796e-01,-2.78891625e+00,2.74847386e+00,-2.09488122e+00,2.55667874e+00,-1.44299470e+00,-2.21841045e+00,1.24380925e+00,-3.29195110e+00,-1.45191487e+00,3.19672249e+00,1.30117127e+00,-1.76181124e+00,2.69954946e+00,-6.93102530e-01,-1.50434815e+00,-1.34121623e+00,-2.70518615e+00,1.34514597e+00,-4.46133528e+00,-3.72286245e+00,-1.84898522e-01,-1.45689831e+00,-3.05283189e+00,3.55622766e+00,6.54453788e+00,-1.07583282e+00,-1.31601575e-01,-3.05024823e+00,3.16768012e+00,9.33861774e-01,-7.30123960e-01,-1.93730407e+00,4.75975214e-01,-2.70963742e+00,-3.71534092e-01,-4.03708227e+00,1.22481028e+00,9.17610328e-01,-7.09072700e-03,-6.79904817e-01,-1.70782799e+00,-8.10225468e-01,6.57648963e+00,-7.92903128e-01,-2.27704456e+00,-3.24421168e+00,6.40232101e-01,-1.75545418e+00,2.16028547e-01,1.40849020e+00,4.48423917e-01,1.87000045e+00,9.94118083e-01,3.01547362e+00,1.24895400e+00,-1.65568078e+00,2.27389322e+00,1.81697248e+00,6.32302767e-01,1.96557364e+00,-1.29232696e+00,3.39992230e+00,1.11998547e+00,-1.47695199e+00,-5.28737824e-01,-7.41511340e-01,8.56242040e-01,-1.11814121e+00,-5.05030971e-01,-4.04644923e-01,3.75239203e+00,2.68948583e+00,-3.12428729e+00,-3.98150836e-01,-2.54111193e+00,-5.67073871e-01,-1.28339256e+00,2.60477358e-01,-1.02568087e-01,-1.32474567e+00,5.92236445e-01,-3.18857434e-01,-4.78523489e-01,4.01882681e+00,7.16471310e-01,-4.05848923e+00,-2.24105300e+00,4.50369453e+00,9.53872076e-01,-5.22879763e-01,5.16967693e+00,-7.84976130e-01,-4.41105201e-01,-8.27664590e-01,6.71288443e-01,1.53095061e+00,2.87353532e-01,1.50202315e+00,-6.44173952e-01,-1.82432022e+00,-1.76909344e+00,-2.21271764e+00,2.24025399e+00,7.71364171e-01,1.81880984e+00,9.18254549e-01,4.25378105e+00,7.08486491e-01,-3.66729652e+00,-1.61556547e+00,2.13372921e-01,-1.36587863e+00,2.99030351e+00,-3.36337331e-01,5.20645601e-01,2.53652687e+00,-3.75445677e+00,7.03581171e+00,1.11401981e+00,1.31713517e+00,1.82416924e+00,1.54887703e-01,-2.56404757e-01,1.47258835e+00,-1.71006388e+00,3.90846145e+00,3.57517493e+00,-1.68220056e+00,9.60641688e-01,3.16244315e+00,-1.04571433e+00,1.04531190e+00,1.57162869e+00,2.09843489e+00,-3.38309652e+00,-2.61462386e-01,-1.13996545e+00,-2.68730149e-01,-5.95505490e-01,2.60923223e-01,-9.06357527e-01,-1.24632015e+00,8.17769762e-01,3.54433144e-01,2.57795551e+00,-2.02449686e+00,1.99847701e+00,2.57578192e+00,-2.78682886e-01,3.23992574e+00,-3.18277419e+00,-4.79004801e+00,-2.13873916e-01,-2.58790093e-02,4.63542428e-01,3.65613085e+00,-1.59243765e-01,2.02922316e+00,2.63236868e+00,2.03093406e+00,-1.21081019e-01,2.94387890e+00,-8.44970219e-01,-1.62093697e+00,-2.06403954e+00,2.88998416e-01,1.72190831e+00,-2.54116013e-01,1.69596855e+00,1.21370498e-01,2.62958541e+00,6.74849285e-01,3.88305475e-01,-4.44664120e-01,1.31675115e+00,1.92256083e+00,8.37424572e-01,-9.18771660e-02,-2.50931363e+00,1.18659813e+00,9.19706245e-01,1.67450113e+00,1.31497801e+00,1.69143375e+00,-3.02343297e-01,1.48701764e+00,-1.91767512e+00,-8.25823931e-02,-2.64793547e+00,-1.61739851e+00,1.98783421e+00,-4.37247934e+00,1.16249147e+00,8.42347918e-01,4.34294272e+00,-8.62843907e-01,1.66717150e+00,-8.81717542e-01,-2.25776080e+00,-3.39336104e+00,-6.88792497e-01,-4.48125199e+00,7.03694781e-01,-1.15410477e+00,1.58536928e+00,1.47478359e+00,-1.21909967e+00,-1.47518661e+00,2.11930625e+00,-2.55953456e+00,-6.56916933e-01,-6.42531957e-01,9.95714680e-01,-9.17605835e-02,1.53049059e-01,-6.35674301e-01,2.51188470e+00,-2.92784915e+00,4.03123031e-01,2.73517677e+00,-1.41233121e+00,1.30737900e-01,-3.90418019e-01,-3.20750455e+00,-2.02815494e+00,-1.13942890e-01,1.44123229e+00,1.60385833e+00,5.32289217e-01,-3.30452298e-01,5.45671638e-01,-1.95885004e+00,4.63504475e-03,-2.72493581e+00,-1.48211820e+00,2.30534198e+00,-1.46569705e+00,3.22754024e+00,-1.15397241e+00,1.49193357e+00,1.27617642e+00,-2.90933516e+00,-1.22293173e+00,4.10896890e-01,-1.85216222e+00,-2.02509711e+00,-4.19723118e+00,-2.75551440e+00,-2.21007401e+00,-1.91697997e+00,-9.03947769e-02,1.08135586e+00,6.74455351e-01,1.11330929e+00,-2.81651766e+00,4.74200227e-01,1.65915139e+00,-3.28185843e+00,-2.90917738e+00,-2.01708322e+00,-1.33545160e+00,6.54978727e-01,1.85229095e-01,-1.64602293e+00,1.46863980e+00,-9.88252090e-01,2.71451061e+00,-4.05576288e+00,2.90075737e+00,-4.49418181e-01,-2.35407952e+00,-1.02440652e+00,-1.94131961e-01,1.88749574e+00,-3.28455570e+00,-4.85740964e-01,-8.22903077e-01,2.14577090e+00,3.83879188e+00,-4.99775548e+00,4.42850741e+00,1.75411697e+00,-3.56758827e+00,-1.58970067e+00,3.70467174e+00,2.96464526e+00,-1.08650125e+00,-3.09069221e-01,6.91503442e-01,3.42155525e+00,-2.68310506e+00,6.85885086e-01,-1.49180045e-01,1.53387775e+00,-3.36075049e+00,-9.45153292e-02,-1.40309056e+00,2.13030038e+00,1.79313510e+00,-4.46224119e+00,-2.27038347e+00,-1.17208479e+00,-1.77395033e+00,-5.19494836e-01,-8.55679979e-01,2.36984322e+00,1.89589346e+00,-1.23273897e-01,-1.75626939e+00,-4.36044657e+00,2.49689460e+00,-2.27360568e+00,-1.55518003e+00,4.56879792e-01,-1.66247970e+00,-1.86315490e+00,-1.54465598e+00,-2.34069921e+00,-9.50864465e-01,-2.07167447e+00,2.60199811e+00,2.77768563e+00,-4.25204558e-01,-9.50904899e-01,-2.57281973e-01,1.80135600e+00,-3.99085533e+00,-8.52574012e-01,2.78247161e+00,3.30711382e+00,-8.55022522e-01,2.53435328e-01,2.39184091e+00,8.70449443e-01,6.29449156e-02,-1.63858533e+00,8.52467222e-01,-1.50355417e+00,-6.00507537e-01,-8.62490299e-01,-7.90068685e-01,1.21115949e+00,4.08849893e+00,-3.88113028e-01,1.39710665e-01,-4.30824621e+00,-8.44310905e-01,-1.66670896e+00,-7.71340423e-02,-2.03781638e+00,3.87246843e+00,4.17698748e+00,9.28301733e-01,-1.12211173e+00,8.44897954e-01,1.23220051e+00,-2.13714105e+00,-5.98438415e-01,7.03605842e-01,5.17706812e-01,2.30081349e+00,1.73829908e+00,-7.72239924e-01,1.19264369e+00,-4.81407890e+00,-7.29762021e-02,4.27957299e+00,9.42411875e-01,1.14266135e-01,1.25789784e+00,-1.07156908e+00,4.35536188e+00,-9.33281935e-01,3.96253394e+00,1.83842438e+00,-2.42202706e+00,1.59960182e+00,-1.30643342e+00,-3.17183803e+00,-4.33551131e-01,-2.55381363e+00,-2.73019051e+00,-2.33000945e-03,1.60093422e+00,-5.37485796e-01,-1.77637226e+00,3.39432898e-01,-3.18656716e+00,-1.12549507e-01,-4.36963648e+00,2.38435914e+00,2.82568859e-03,-2.23316175e+00,-1.12681792e+00,9.21886538e-01,-1.72205676e+00,-1.97258816e+00,4.25588362e+00,-1.22953783e+00,-2.09164504e+00,1.72385462e+00,-1.06762441e+00,2.41616417e+00,8.71131245e-02,6.85567760e-02,5.12865007e+00,-6.55516378e-01,-1.62631315e+00,-1.73175804e+00,-2.68898049e+00,-1.82006137e+00,9.84616553e-01,1.49784620e+00,1.28623860e+00,3.41003953e+00,3.50600835e-02,1.06316972e+00,-2.95320411e+00,-1.07619121e-01,-1.07826905e+00,-1.78397800e+00,1.06498341e-01,1.45008930e+00,1.94931560e+00,-1.82771460e-01,5.12766073e-01,1.54834852e+00,1.84275420e+00,-8.28160962e-01,-4.38681946e-01,-5.86010855e-02,-1.36198230e+00,-4.33818538e-01,-1.56762692e+00,3.61782013e+00,3.13682725e+00,-1.35302195e+00,8.18713960e-01,-3.58067152e-01,-1.40730498e+00,1.61351989e+00,-4.87678373e-01,1.40557419e+00,-2.26279948e+00,8.26557074e-01,-6.29392489e-01,-2.51150417e+00,-1.39034387e+00,1.12495592e+00,-4.71792606e+00,1.55012006e+00,2.12717071e+00,-3.97787162e-01,-3.24583549e-01,-1.57924657e-01,9.30162949e-01,-1.79376102e+00,1.75552231e+00,1.28432137e+00,-4.85215489e+00,-1.56384137e+00,1.17621619e+00,-3.36224324e-01,2.17854025e+00,-2.86919934e+00,-6.39241322e-01,-1.89261781e+00,-6.17773744e+00,3.72451260e+00,-2.58291970e+00,-3.07936514e+00,4.78393669e-01,5.98554827e+00,1.94212648e-01,-1.48870098e+00,-1.95439399e-02,2.97601629e-03,-4.00903686e+00,-2.58584599e+00,4.05780445e+00,-8.12232489e-01,-1.68859165e+00,2.64645923e+00,-1.54054420e+00,1.47555638e+00,2.56833991e+00,-2.42609501e+00,-1.22363658e+00,-1.18311151e+00,-8.54536184e-01,-1.05905129e+00,-8.77765990e-01,7.43712719e-01,-1.62765324e+00,1.44563529e+00,2.73923761e+00,-2.53781084e-01,-9.77052211e-01,8.30425890e-01,2.60490196e+00,2.30749249e+00,4.75707671e-01,-3.98061313e-01,-4.48098993e-01,-2.51874347e+00,2.09702150e+00,-1.11387639e+00,8.69638409e-01,-9.75468758e-01,1.26459058e+00,7.45013999e-01,-3.78049858e+00,-1.50724791e+00,-3.67867137e+00,-1.53802243e+00,4.71932448e-02,-7.58414806e-01,1.53628880e+00,-1.37106861e+00,1.58803667e-01,3.05546498e-01,3.36861863e+00,1.69667592e+00,-1.25303309e+00,-3.95525747e-01,6.85596451e-01,1.81577962e+00,-1.54023222e-02,2.86013457e+00,1.35228393e+00,4.24635704e+00,2.76540430e-01,3.31205104e+00,-9.80679575e-01,-1.74787781e+00,3.26650367e-01,4.91017478e-02,1.13838742e+00,-9.23627706e-01,-6.21496774e-01,1.19700426e+00,-2.44063646e+00,-2.62413063e+00,3.47956610e+00,-4.91075446e-01,-1.94588351e+00,-3.57242081e-01,-7.04234843e-01,1.96392010e+00,1.79343297e+00,-1.18458879e+00,1.83283209e-02,-1.27713181e+00,-1.80014062e+00,-8.09055407e-01,-4.32126373e+00,8.36889023e-02,-3.25066570e+00,-2.64006049e+00,-1.94788376e+00,1.01100261e+00,-1.87830841e+00,9.81176138e-01,-3.04618275e+00,1.47895534e-02,-1.77293079e+00,1.92061987e-01,3.89664246e-01,1.86489288e+00,-1.26267913e+00,-9.26474274e-01,1.45164449e+00,3.12292602e+00,1.40544871e+00,5.85242429e-01,-3.55032542e+00,-9.32000980e-01,-1.45788696e+00,-3.09342689e+00,2.31897740e+00,-1.85348920e+00,-2.46530328e-01,-1.59998359e+00,-4.74648437e+00,2.55923518e+00,-1.12729444e+00,1.98769359e+00,-3.47728451e+00,3.18651942e+00,1.11274137e-02,-1.26828395e+00,4.17236154e-01,-1.07401811e+00,-3.36596666e+00,8.47489481e-01,1.89917664e+00,-4.73232307e-02,-1.48083480e+00,-7.51040898e-01,1.01913957e+00,1.63277774e+00,2.96870936e+00,1.35344827e+00,-9.23139646e-01,4.56362318e+00,8.79512604e-01,2.31777576e+00,-8.43286572e-01,1.22355004e+00,1.02445096e+00,-3.27511408e+00,-9.84230585e-01,-1.83541767e+00,-1.96992442e+00,-4.73070200e-01,-5.14604565e-01,-2.26226015e+00,-5.36553374e+00,-1.25482091e+00,7.88881759e-01,-2.79529830e-02,6.87134481e-01,1.90122001e+00,4.20942694e-01,1.25838992e+00,-2.05377698e+00,2.31041247e+00,-1.65524576e+00,-3.35791200e+00,5.02388977e-01,-1.83482632e+00,-1.95167028e+00,-7.68811813e+00,-5.85600774e-01,4.04155060e+00,1.96994639e+00,-8.24406245e-01,-2.33726749e-01,1.79489844e+00,2.94980757e+00,-2.11949479e+00,-2.27978679e-01,-1.56704655e+00,-1.78762969e+00,-1.53185395e+00,4.06120914e-01,3.26338927e+00,-3.21041711e+00,-2.51230413e+00,9.64394024e-02,-5.54996750e-01,-9.60476170e-01,-4.22031662e+00,3.04544698e+00,1.23614289e+00,1.15754458e-01,2.33434568e+00,-1.51607722e+00,1.64415091e+00,1.21829972e+00,7.14874224e-02,-4.06027479e-01,5.35451425e-01,-6.78373560e-01,2.13123262e+00,-1.90778878e+00,1.98199818e+00,4.93959377e-01,8.69331012e-01,1.16394106e+00,-3.82167935e+00,4.98754961e-01,-3.32551708e+00,-2.33070767e+00,-2.25234934e+00,-2.44182918e+00,4.05513476e-01,9.04837629e-01,2.20992762e+00,3.93979180e-01,7.49005058e-01,-3.40389687e+00,-1.22722021e+00,1.69376962e+00,-2.62625848e-02,-1.11018020e-01,-3.76440860e-01,1.57229363e+00,-4.46990731e+00,5.39165987e-01,1.04804564e+00,1.94313845e+00,1.60265899e+00,-2.65363437e+00,7.39198290e-01,4.62998910e-01,2.74937201e-01,1.31958948e-01,-1.40154565e+00,-1.87576425e+00,7.41621288e-01,2.97268854e+00,-5.63953297e-01,4.83338011e-01,5.24736059e-01,-1.40204984e+00,-1.39756422e+00,-5.58657930e+00,-1.94089492e+00,-2.80994405e+00,-6.51782530e-01,-3.28769257e+00,3.76573093e+00,-1.75136935e+00,-2.58478476e+00,-7.79293272e+00,3.16805186e+00,7.63454812e-01,2.81888825e-01,-2.96297970e+00,3.78077083e-01,-8.92022392e-01,-1.48038161e+00,6.39341739e-02,1.67435003e+00,3.97131578e-01,-7.63932539e-01,3.45264243e-02,1.14537204e-01,5.12790011e-01,-3.38420999e+00,3.44196378e+00,-1.82804317e+00,-1.35906791e+00,-2.23921492e+00,-5.04894179e+00,1.06506160e-01,-2.43008013e+00,-9.82595710e-01,1.67434599e+00,-9.55840038e-01,-2.15691922e-01,-4.35123934e-01,-1.18874797e+00,-1.17375369e-02,2.69350229e+00,-2.64651471e+00,4.72530376e+00,-1.21747347e+00,1.70559042e+00,-5.51464309e-01,4.63972293e-01,-5.39639535e-01,2.03133002e+00,2.89786136e+00,8.62676464e-01,2.25384722e+00,-1.40103549e+00,-2.87494467e-01,-1.27330854e+00,3.19390315e+00,3.01972720e+00,2.13175762e+00,-6.46065325e-01,-1.09847238e+00,1.15021573e+00,-1.35481927e+00,-9.38826897e-01,-2.65278995e-01,-1.67165333e+00,2.34189450e+00,-6.38437821e-01,1.51961796e+00,9.17162162e-01,7.55656872e-01,-1.51551971e+00,1.38708462e+00,-6.77701064e-01,-6.19805325e-01,8.15230542e-03,-2.57133916e+00,3.80880519e+00,-1.16095805e+00,1.50340934e-01,1.00786396e+00,1.08985199e+00,3.67355912e+00,-8.79326029e-01,3.61554692e+00,3.22335613e+00,-4.81128618e+00,8.65247115e-02,-8.09301720e-01,7.07585543e-01,4.88488456e-01,6.42107078e-01,2.97612253e+00,4.47360327e+00,-3.70771487e+00,3.86094786e+00,-4.53516686e+00,-3.93446413e+00,-6.09152723e-01,3.26416097e-02,3.70974922e+00,1.95367966e+00,-7.00061173e-01,-4.01393432e+00,3.01926803e+00,-2.02123295e+00,-1.59433933e-01,-4.05143063e-01,5.97691811e+00,-9.79800336e-01,-5.08916094e+00,1.27492334e+00,-7.29634614e+00,6.27523168e-01,-1.80153508e+00,-8.08032290e-01,-9.49760364e-01,-2.60912092e+00,1.65131315e+00,-1.67678843e+00,-1.71599078e-01,-3.81732886e+00,4.27897586e-02,-2.31379147e+00,-3.69401581e+00,-5.41032195e+00,7.47009913e-01,-1.65999229e+00,9.88924660e-02,-5.22204350e-01,-4.15644389e+00,-2.89809874e+00,-2.95035783e+00,-2.76763532e+00,2.56857146e+00,2.38836436e-01,-2.12279815e+00,-1.24908254e+00,-1.43569975e+00,1.90996841e+00,-1.24249032e+00,-3.23940050e-01,-1.60967982e+00,-1.74288568e+00,-1.89782328e+00,1.74983759e+00,-5.51538365e-01,-4.27427799e+00,3.66615206e+00,2.00362753e+00,1.76055202e-01,-3.93562319e+00,-3.55829963e+00,3.72657129e-01,3.55521581e-01,-1.63506741e+00,-2.08368133e+00,1.69867843e+00,-6.65118784e-02,1.23420971e+00,2.37872359e+00,1.71601207e+00,1.13293344e+00,9.57406478e-01,-1.18094658e+00,-7.22571792e-01,-8.71051136e-01,-1.86623080e+00,-2.13380463e+00,-2.81059960e+00,-1.62877393e+00,-4.16690321e-01,-3.90736259e+00,-4.50275659e-01,1.86162418e+00,-3.69779934e+00,1.69321189e+00,1.68000860e+00,-3.28206696e+00,-2.60328787e+00,-9.74904277e-01,4.83646978e-01,-2.02692113e+00,3.55697060e+00,3.01514021e+00,-3.97927712e+00,2.23967359e+00,1.70772651e+00,6.85161731e-01,7.90468717e-01,-2.02068589e+00,-7.45275131e-01,1.32745231e-01,9.05111990e-01,1.97578307e+00,-2.70834351e+00,-4.26672581e-01,6.98905402e-01,5.52546514e-01,-1.65079703e+00,1.20972537e+00,-1.23574104e+00,-1.04369278e+00,1.24073925e-01,-3.03452351e+00,-1.26506712e-01,-8.12913898e-01,-4.34220004e-01,5.30935330e-01,-2.52704888e+00,2.65741315e+00,-1.28471251e+00,-6.13792754e+00,-4.08483864e+00,1.65997112e+00,-1.69150879e+00,-7.20232010e-01,-1.05267015e+00,-8.43094162e-01,-4.88924905e+00,-3.09949408e-01,-3.04890618e+00,-1.38405355e+00,8.93095127e-01,3.91757812e+00,2.11741759e-01,1.66190851e-02,2.70156682e+00,-2.65494214e+00,1.38177833e+00,2.18520678e-01,-2.45008306e+00,-1.35752676e+00,8.27033880e-01,6.92905328e-02,8.13681299e-01,4.91788410e-01,-9.44932036e-01,-1.65496102e+00,-2.30252596e+00,2.23509536e+00,-3.15845796e+00,-2.51783657e+00,5.64090434e-01,-4.05593542e+00,1.18785341e+00,2.62878873e+00,-6.84128527e-01,6.58131315e-01,-1.66353040e+00,-9.74040558e-01,2.55192657e-01,1.71273490e+00,-1.62174210e+00,1.02008374e+00,-7.14933982e-01,1.02213316e-01,1.20670209e+00,9.23884325e-01,-6.81829234e-01,-1.31783371e-01,2.78711966e-01,1.51062362e+00,-3.24717323e+00,2.59112351e-01,2.25034846e+00,-4.33928096e+00,1.52432917e+00,-5.34905422e+00,-4.62103396e-01,-6.49427139e-01,-6.26061659e-01,-4.92061362e-01,-1.35771471e+00,-1.52088874e-01,2.46856581e-01,-1.25115413e+00,6.40117033e-01,4.43681417e+00,-2.58823243e+00,-1.20396674e+00,1.97154198e+00,1.04590476e+00,2.12839123e+00,8.44606326e-01,1.01491074e+00,-7.41427211e-01,-2.27844466e+00,-2.39946768e+00,-1.28252294e+00,3.09107423e-01,-1.94262007e+00,-4.50089981e-01,1.82313903e-01,9.07438797e-01,-2.90691249e-01,2.94212076e+00,-2.80019537e+00,-3.76669547e-01,-3.32122459e-01,1.30884252e+00,-1.92246166e+00,-1.18666979e+00,6.66300922e-01,2.32600761e+00,3.45876593e+00,1.67490524e+00,2.13370767e+00,-1.15661557e+00,3.20370531e+00,2.85956260e+00,-2.45710397e-01,1.27122010e+00,1.69226155e+00,-7.03325617e-01,6.45031032e-01,3.02688409e+00,-1.21346963e+00,-6.07302497e-01,-3.10942629e+00,9.36044565e-01,-7.47840272e-01,9.60814812e-01,8.57472134e-02,-1.82085225e+00,2.51857050e+00,1.76426316e+00,-1.26688166e+00,6.74849542e-01,-2.95301578e+00,-2.66582809e+00,9.03233381e-01,-3.09357202e+00,-1.43055896e+00,-2.11180334e-01,4.22847922e+00,-8.35245465e-01,-8.48342175e-01,-7.74872223e-01,5.52192770e+00,8.27013433e-01,-1.82209295e+00,3.52403119e+00,3.01792678e+00,1.51429300e+00,3.82080582e+00,3.79925955e+00,-3.08866480e-01,-1.25831468e+00,-1.72990116e+00,1.27209537e+00,1.63579686e+00,-4.15649546e-01,-1.01766615e+00,-2.85688431e+00,-9.35527968e-01,-2.19106848e+00,1.28110910e+00,9.43503443e-01,2.74201529e+00,6.01474282e-01,-1.29307475e+00,-2.67430855e-01,1.84388895e+00,7.37641108e-01,2.98693020e+00,2.80509414e+00,-4.17253576e-01,-3.67098658e-01,-4.54842565e+00,2.31692362e+00,-2.77401086e-01,2.89314724e+00,-1.38858229e+00,-3.03466479e+00,7.62115563e-01,3.29697334e+00,-1.17530035e+00,3.15590021e+00,-3.43045049e+00,-1.18978195e+00,-4.05384433e+00,7.00902744e-01,3.79798550e-01,2.21373616e-01,-3.00147293e+00,4.36458166e+00,2.67804689e+00,3.67915710e-01,-2.41786987e+00,1.15286535e+00,-1.08301370e+00,-7.08838478e-01,-1.07409554e+00,9.37679127e-01,-8.11224616e-01,-8.31795579e-01,1.13986623e+00,1.08023320e+00,-4.12277656e+00,8.96990837e-01,3.11065800e+00,1.96768868e+00,-5.98605645e-01,4.01606675e-02,-1.80069274e+00,2.60611334e+00,5.13326665e-01,-3.71152011e-01,-3.84385792e-01,4.89345072e+00,-7.32988646e-02,1.05075996e+00,3.51034478e+00,4.49005238e+00,2.73437130e+00,2.05108792e+00,-2.87018536e+00,-2.24659257e+00,1.46060286e+00,3.38512104e-01,1.48776433e+00,4.94521914e-01,3.20575346e+00,-3.70996049e+00,-2.31931627e+00,-5.51880896e-01,-3.97494287e+00,6.53430796e-01,1.93869501e+00,1.32595943e-01,-1.12087391e+00,1.11998723e+00,6.51636190e+00,1.45421157e+00,6.20280162e-01,-2.16952162e+00,-2.84708572e+00,-1.03037406e+00,1.40354835e+00,-1.81286050e-01,1.36498693e+00,1.85277482e+00,-2.85293407e+00,1.15435320e+00,1.87947672e+00,2.58227235e+00,-5.35292964e-01,-4.35439382e-02,-4.11692462e-01,-2.16945556e+00,-3.66775301e+00,3.43227560e+00,-2.70188496e-01,-2.43428149e+00,2.67918520e-01,-1.41818662e+00,4.22427156e+00,-1.12645782e+00,-1.85907588e+00,2.05747093e+00,-5.55269735e-01,1.96001067e+00,2.61253323e-01,4.42998278e+00,2.18406812e+00,3.55280992e-01,-1.69812748e+00,1.15619825e+00,-2.46585883e+00,-2.18226273e-01,3.18359708e+00,-1.19973405e+00,-1.98571784e+00,-1.05116975e+00,2.55512143e+00,2.93525450e-01,-3.94872428e+00,1.74626149e+00,4.00697075e-01,5.41778601e-01,-2.56963597e+00,4.68040135e-01,1.54931136e+00,2.19482138e+00,2.98248659e+00,1.65144421e+00,1.20945816e-01,-2.68040387e+00,-2.18373950e+00,-3.10329129e+00,-4.90072088e-01,1.85881866e+00,-3.13183634e-01,2.71134200e+00,-1.40999351e+00,7.64605760e-01,-1.20488279e+00,-1.27010648e+00,2.72161188e+00,3.33717178e-01,2.77393167e+00,1.84793922e-01,1.12166403e+00,-6.85618714e-01,2.59965323e+00,-7.06614815e-01,6.89993909e-02,-3.80441727e+00,-5.25627722e-01,3.31734020e+00,3.25123975e+00,9.68191895e-01,-3.27545834e-01,2.90208087e-01,-1.11880748e+00,-5.99932070e-01,4.17894591e+00,4.95488098e-01,-9.88967878e-01,-5.02723651e+00,-2.13709004e+00,-1.83399501e+00,-2.56725922e+00,-2.90752141e+00,-3.43676638e+00,-2.13714799e+00,-1.66155385e+00,-2.02449884e+00,2.22373298e+00,-1.18921362e+00,-4.27965208e+00,2.11317772e+00,-1.66187825e+00,-3.51128822e+00,4.81762886e+00,-1.16676196e+00,8.65493163e-01,2.05075835e+00,6.65095482e-01,1.27470589e+00,7.29839066e-02,8.65986768e-02,-7.46999549e-01,-3.44401987e+00,5.43598960e-01,-5.83193233e+00,3.42500532e+00,-1.93885579e+00,-8.59052224e-01,-8.56327498e-01,1.00836233e+00,-1.07207185e+00,1.34180170e+00,-2.54954587e+00,1.85725571e+00,2.07257890e+00,5.59646915e-01,5.52216105e-01,9.54554989e-01,2.53038792e-01,1.64573927e+00,-1.48631412e-01,-3.27834682e+00,3.45376700e-01,-1.53988129e+00,1.17656104e-01,2.75014059e+00,-4.01193405e+00,1.49892960e-01,1.37470161e-01,5.97586397e-01,1.36604060e+00,-7.16848247e-01,4.12050812e+00,1.67529866e+00,-5.67261473e-01,-4.02908991e-01,2.03131067e-01,3.81960372e+00,-2.43517021e+00,-4.96528669e+00,1.51461473e+00,-3.84003519e-01,-9.29718789e-01,7.47540031e-01,3.39009876e+00,1.85027401e+00,-8.36087178e-01,-2.70214978e+00,-6.53900125e-01,1.31622454e+00,-7.34626470e-01,-3.78947623e+00,-4.62632708e-01,-4.50191844e+00,-2.31482543e+00,4.13047688e+00,-2.41609514e+00,-3.14371693e+00,-2.70074711e+00,-1.94852735e+00,1.70652115e+00,3.89804086e+00,-5.65361955e-01,1.31649681e+00,-8.26840770e-01,-3.11980291e+00,2.78546076e+00,-2.18585949e+00,1.35591724e+00,1.16396441e+00,-5.86277186e-01,1.61883822e+00,1.77101527e+00,5.56421332e+00,-6.84971591e-01,-2.72836778e+00,-3.18624268e+00,-6.07194315e-01,-1.86325200e+00,4.76794969e+00,-2.55666516e+00,3.19527582e-01,2.31258368e-01,-9.72919172e-01,-3.86502712e+00,-4.02626204e-01,4.79933187e+00,8.69699362e-01,2.96586489e-01,-2.60912270e+00,-2.51781577e+00,-6.32965715e-01,2.31145796e+00,-1.22914110e+00,4.84045565e+00,-2.29512132e+00,5.59195203e-01,-8.68893476e-01,-3.12091525e+00,2.18431544e-01,-2.99112273e+00,-3.61221640e+00,1.98876939e-01,2.70914996e-02,2.15450867e+00,1.12407353e+00,-1.78714911e+00,1.01283695e+00,-4.05250442e+00,-2.34094618e+00,4.56342612e+00,-7.05558954e-02,-6.43347081e-01,-1.10418626e+00,2.28807974e-01,-5.20358850e-01,4.38400734e+00,2.07613894e+00,-4.79511452e-01,-3.60641533e-01,-1.90336694e+00,-4.01947077e-01,-2.94311494e+00,2.54472694e+00,3.09979146e-01,6.28039301e-01,7.88139833e-01,-5.76272664e-01,-1.06332948e+00,1.98174384e-01,-5.04098276e+00,-6.41944020e-01,-4.67038136e-01,-3.34816641e-01,2.31646450e+00,3.06351296e+00,9.25563736e-01,-4.42743452e+00,3.15410280e+00,-1.32086505e+00,-1.60611625e+00,-3.99473833e+00,-1.62603051e+00,2.82494664e+00,1.56440143e+00,8.43170185e-01,1.46830891e+00,-2.66384373e+00,-2.07159834e+00,3.12115859e+00,2.01000260e+00,2.26083427e+00,4.67242855e-01,5.61377528e-01,2.59971836e+00,4.53240653e+00,-1.13135428e+00,1.57489259e+00,-1.04540992e+00,-1.97681823e+00,-1.56271465e+00,-1.44727224e+00,-6.58508760e-01,-2.23273289e+00,-9.94570970e-01,-6.13265351e+00,1.87033599e+00,1.40246138e+00,-1.13389553e-01,-1.40962555e+00,-5.88757992e-01,-2.71134551e+00,4.36924749e-01,3.78077628e+00,-1.09661565e+00,-9.64840315e-01,7.13814238e-01,-2.55677489e+00,4.26881943e+00,7.44535057e-01,4.87967643e-01,2.41571493e+00,-2.69192302e-01,2.82897832e+00,8.71000760e-01,-3.31783184e-01,6.51416619e-01,-4.37154070e-01,3.56834681e+00,3.68098633e-01,8.91468217e-01,-5.01596393e-01,4.12750683e-01,-4.43470463e+00,-1.38893343e+00,-2.43722795e+00,2.40615405e+00,-1.78955680e+00,-2.79400605e+00,2.42210007e+00,-6.78344367e-01,2.20916688e+00,-3.95259685e+00,9.65287847e-01,8.58657257e-02,4.36836240e-01,-7.36791777e-01,-2.28142548e-01,2.32095114e+00,8.06236091e-02,-2.34447925e+00,-1.26885371e+00,8.30739615e-01,-5.82501754e+00,-4.27358946e+00,2.29999735e-01,6.57232089e-01,-2.55891194e+00,1.04756743e-01,5.26523253e+00,1.10140566e+00,-2.85465675e+00,2.16371834e-01,-3.51909204e-01,7.47115396e-01,-1.74243895e+00,1.13022551e+00,1.15182141e+00,-2.44171174e-01,5.18351099e+00,-5.65862568e-01,-1.21709346e+00,1.03104966e+00,2.38918878e+00,-1.56021489e+00,1.04802776e-01,4.82534463e+00,-1.88983668e-01,2.38751716e+00,7.82279470e-01,-2.70032408e-01,-8.52922469e-01,2.08590840e+00,-2.49074199e+00,-1.54772219e-01,-9.99965823e-01,-1.92172112e+00,5.44592433e-01,1.22811501e+00,-8.15135780e-02,-2.20215336e-02,-1.90012655e+00,6.85394852e-01,-3.06785417e-01,-9.12302623e-01,-9.35753282e-01,8.47307336e-01,-9.21400073e-02,-1.84143331e+00,-4.97434731e+00,1.88008876e-01,8.42187509e-01,-1.86635747e+00,-1.35865650e+00,3.83928091e+00,5.09706683e-01,1.72422964e+00,2.94338915e-01,1.50060444e+00,2.58893669e-02,-1.81405439e+00,-4.57396128e-01,3.33735672e-01,1.25790472e+00,3.30538614e+00,2.39318364e+00,-1.22904364e-01,5.43550276e-01,2.99456541e+00,1.16605322e+00,-3.57963120e+00,-1.36575444e+00,7.27584689e-01,4.03161162e-01,1.10313030e+00,-2.56424730e+00,3.04596122e-02,1.81744033e+00,2.29567049e+00,-1.89226602e+00,-1.53174741e-01,4.05977477e-03,-8.33462727e-01,-1.18514016e+00,-5.24851187e-01,-5.31689972e-01,5.48336380e-01,1.98285786e+00,-1.30271655e+00,4.15619370e+00,1.20305229e+00,1.03579160e+00,1.99843020e+00,1.26532131e+00,1.77299250e+00,2.61907625e+00,-2.19562915e+00,3.07292963e+00,-5.45372648e+00,1.44099217e+00,-4.89655494e+00,3.77257756e+00,3.52685071e+00,-3.95292007e-01,-2.21777680e+00,-2.24479292e+00,-2.77872974e+00,-3.28528803e+00,2.39315555e+00,1.96106559e+00,1.01283546e+00,1.57942682e+00,1.96988868e+00,-2.00700045e+00,-6.96294831e-01,2.83045672e+00,-6.63437174e-01,2.57003065e+00,3.67242364e+00,-2.80216849e-01,-3.64609754e+00,2.90245861e-01,8.05637878e-02,-2.89860101e-01,-4.86025899e-02,-3.20397465e+00,-5.11881276e-01,7.62407168e-01,7.20660360e-01,2.36259426e+00,-1.88033228e+00,2.80189960e+00,-1.92414226e+00,1.21885753e+00,1.96886383e+00]
