name = '*CO2_19'
composition = {'H':0, 'C':1, 'N':0, 'O':2, 'Pt':1}
facet = ['Ni111'] 
coverage = 1
DFT_energy = [-97.910152, 'eV']
ZPE_energy = [0.325, 'eV']
frequencies = [38.1, 56.2, 68.5, 78.0, 89.4, 618.3, 627.7, 1314.8, 2354.8, 'cm-1']
gas_DFT_energy = [-18.404459, 'eV']
gas_ZPE_energy = [0.305, 'eV']
sites = 1
BEE = [-5.09039566e+02, -4.01046004e+01, -1.17797546e+02,  3.93875926e+02,    -1.86208348e+02, -1.63041285e+02, -3.47563790e+02, -7.74820195e+02,    -3.70755093e+02, -4.14909425e+02, -3.37986396e+02,  3.99014698e+01,     1.23898401e+01,  2.64336486e+01,  2.72060318e+01,  4.09976303e+02,    -1.81227267e+02, -1.59889359e+02,  1.52285465e+02, -9.67218980e+02,     5.08529162e+02, -2.32261104e+02, -4.44310041e+01, -1.04907606e+02,    -4.90408057e+01, -5.06798080e+01,  7.52070284e+02, -1.85099760e+02,    -7.19294887e+01, -4.57108744e+02,  6.72694388e+02, -1.18783926e+02,    -3.39033067e+02,  2.08422042e+02, -3.69521515e+01,  1.69685519e+02,    -2.74672236e+01,  6.19762461e+01,  2.37759886e+02, -8.85509565e+02,     4.71519179e+02,  1.11538666e+02, -5.03550660e+01, -2.93523030e+02,     9.79715877e+01, -1.56979204e+02,  3.81476877e+02,  3.21586218e+02,    -2.39401340e+02, -2.54156909e+02, -2.59595480e+02, -2.94822522e+02,     9.95551806e+01, -4.32414831e+02,  1.19108543e+02,  5.21530364e+02,     5.94920082e+02,  3.02551992e+02,  1.40236964e+02,  2.38616206e+02,     7.80226772e+02,  1.83017215e+02, -4.79373431e+02, -1.07941335e+02,    -2.05027407e+02,  5.31016509e+02, -6.51828666e+02, -5.44898577e+02,    -2.35765583e+02, -8.51129495e+01, -3.80880342e+02,  2.33076458e+02,     8.38255986e+01,  1.13741084e+02, -3.35603043e+02, -3.02816456e+02,    -4.89930047e+02,  3.25789534e+02, -2.84364213e+02,  2.29189805e+02,    -5.73711525e+01, -2.55210987e+02, -5.06278689e+02, -1.50716545e+02,    -9.81981311e+01, -1.38332361e+02,  3.42761877e+02,  6.15496044e+02,    -3.67006524e+02, -6.95951183e+02, -1.72816169e+02,  9.63733749e+02,    -4.96736315e+02,  2.87925408e+02, -9.17077359e+01, -5.40469929e+02,     2.09639173e+02,  3.31804594e+02, -1.52071948e+02,  3.06243038e+02,    -2.32902887e+02, -4.45985838e+02,  7.74058735e+02,  4.03740427e+02,     2.69768672e+02,  1.27051974e+02,  2.12793845e+02,  7.08133836e+02,    -2.16565532e+02,  5.02147076e+01, -1.20134808e+03,  1.60418115e+02,    -5.92805259e+02,  1.26047575e+02,  1.87506125e+02, -2.96491435e+02,    -4.65307475e+02,  5.41403469e+01, -2.55307009e+02,  3.08458482e+02,    -4.41255676e+02, -2.28213236e+01, -3.08538447e+02, -3.61670228e+01,    -2.81459366e+01,  1.46494021e+02,  1.09582265e+01, -5.20450757e+01,     5.25476898e+02,  7.92660047e+02,  4.15205773e+02,  6.78100995e+02,    -1.03927547e+02,  1.17071835e+02,  4.76605993e+02, -7.82501194e+01,    -6.63338706e+02, -3.25401347e+02, -4.35627439e+02, -2.49366371e+02,     2.43139854e+02, -1.02324980e+03, -1.66886747e+02,  3.72908667e+02,    -3.16874128e+02, -3.19114441e+02,  4.70236848e+02,  3.82166092e+02,    -3.00259818e+02,  1.67988260e+02, -2.13449510e+02,  3.02192437e+02,     3.44371241e+01,  1.32998912e+02, -7.53903200e+02, -4.21423405e+02,    -6.71431540e+01,  2.52504065e+00, -3.35822000e+02,  9.25752172e+02,    -1.92664889e+02, -2.91698230e+02,  3.26609588e+02, -4.16540503e+02,    -2.83328319e+02,  2.65607799e+02,  9.57845149e+01,  1.12757031e+02,     1.04850008e+02, -9.77804253e+01,  1.68533172e+02,  5.05708190e+02,    -2.56661923e+02,  1.50031247e+02,  7.89708614e+02,  2.90591593e+02,    -7.54695731e+01, -1.66158038e+02,  1.33579888e+03, -1.52647044e+02,     3.06935143e+02,  1.88446309e+02,  2.98851372e+02,  7.71852445e+02,     4.32963798e+02, -2.53317419e+01,  1.96386724e+02,  4.10263930e+02,     3.37024684e+02, -4.82607547e+02,  8.11709041e+02, -7.23221256e+02,    -1.53512696e+02,  4.99155524e+02,  7.26627110e+01,  5.94882716e+01,     2.72129411e+02,  2.12417306e+02,  3.10769116e+02, -5.54357696e+02,     4.36946455e+01, -2.37424445e+02, -9.42421574e+01, -2.89590629e+01,    -7.73418997e+01, -4.80439684e+01,  7.10997952e+02, -7.36163467e+01,    -2.40571552e+02, -1.97159893e+01,  1.01401140e+02, -5.10895617e+02,    -3.88175516e+02, -3.16327830e+02, -5.47389850e+02, -1.42940814e+02,    -3.61317494e+02,  1.68285258e+02, -1.02218181e+01, -9.23616342e+01,    -7.43661044e+01,  5.67536877e+01, -1.74467375e+02,  5.81160791e+02,    -7.13079460e+02, -1.39902856e+02, -1.36610543e+02,  1.46299662e+02,     1.59839985e+02, -4.01462349e+02, -1.58892794e+02,  3.63212907e+02,    -1.94117156e+02,  1.37319988e+02,  3.21031425e+02, -3.65550199e+01,     9.81457486e+02, -1.78678041e+02, -2.79824978e+02,  5.60410718e+01,    -1.97008313e+02,  4.61283699e+02, -3.12777306e+02,  7.39989031e+01,     5.43415422e+02, -1.14048097e+02,  1.04380716e+03,  1.11436123e+03,    -5.70212802e+02,  5.04425270e+02,  1.45183601e+02, -4.64276241e+02,     1.53026636e+02,  3.14913451e+02,  3.30039394e+02,  2.06717150e+01,     1.02339099e+02,  6.17812198e+02, -2.00240683e+02,  1.41452605e+02,     6.61421099e+02, -3.24422792e+02, -1.29579097e+02,  4.52302830e+02,     2.32888055e+02,  6.62292052e+02,  2.23062185e+02,  5.88530537e+01,     2.27884936e+02,  3.37412817e+02, -4.20032235e+02,  2.94906576e+01,     1.59119971e+02,  1.06478895e+02,  1.90387779e+02, -5.09299037e+02,     2.97890180e+02, -3.86312112e+02, -2.74279634e+02,  1.52165999e+02,    -1.22845736e+02,  4.75778423e+02, -2.10716665e+02,  2.51808813e+02,     2.83336045e+02,  6.91695730e+02,  4.81739092e+02,  4.11827495e+02,    -7.71012769e+01, -5.88863261e+01, -2.74951420e+02,  6.65064407e+02,     6.82611281e+02,  3.24124069e+02, -1.99705691e+02,  4.36815585e+02,    -7.84284070e+01,  1.84482878e+02,  5.40146457e+02,  6.63803023e+00,    -6.74245619e+01, -2.15536991e+02, -4.61227608e+02,  8.41232095e+02,     3.91411068e+02, -4.85445067e+02, -1.34067668e+02,  2.41913964e+02,    -9.19045064e+01,  5.40345675e+02,  1.06254890e+02,  6.90796377e+02,     2.68246920e+02, -2.46466991e+02,  2.14997028e+02, -3.67702025e+01,    -2.76034523e+02,  1.45590222e+02,  1.63190958e+02,  7.87532947e+02,     6.93069759e+02,  4.56366944e+02,  6.05112975e+02,  6.28714274e+01,    -2.37902520e+02,  1.35470611e+02, -2.88515238e+02, -4.38711680e+02,    -5.02243439e+02, -2.36607570e+02, -9.34415903e+02, -2.69384790e+02,    -7.40108852e+02,  1.85585554e+02, -3.99274547e+02,  3.54653113e+02,    -8.28720084e+02, -2.80446824e+02,  4.28707783e+02,  1.94739816e+02,    -7.46502181e+02,  5.38438371e+02, -2.09620681e+02,  4.51816827e+02,    -2.23068356e+02, -6.83455431e+02,  1.05638501e+02, -5.51322116e+02,    -1.16676557e+02,  2.55490800e+00,  3.68308017e+02,  1.08375242e+03,    -3.94132124e+02, -3.03281202e+02, -2.67104417e+00, -1.21328993e+02,    -7.02744063e+02, -4.82502802e+02,  4.29473930e+02, -2.20203583e+02,     1.45441767e+02, -4.21755679e+02, -1.29116437e+02, -3.47577325e+02,     4.63801819e+02,  1.33191663e+02, -1.94166005e+02, -1.15936186e+02,     8.72882960e+01, -7.26383209e+01,  3.76401604e+02, -2.17284204e+02,     4.43045418e+01,  2.96978591e+02,  1.51882867e+02, -1.51179645e+02,     1.34002716e+03,  4.69059251e+02,  2.94809616e+01,  9.12393410e+01,    -5.33943866e+02,  2.67559722e+02, -6.48239457e+02, -2.22198929e+02,    -4.76288053e+02, -1.65228604e+02,  4.80812468e+02, -4.88448720e+02,     1.56966163e+02, -2.38389568e+01,  2.81339806e+01, -3.22264007e+02,    -3.86843406e+02, -2.82657786e+00, -3.70451571e+02, -1.91852876e+02,    -3.53889524e+02, -9.01078920e+01, -3.10210753e+02, -4.44376980e+02,     1.94916982e+02, -1.49702800e+02,  1.82788624e+02,  8.79953424e+01,    -6.35657719e+02, -4.73989270e+02, -3.43547053e+02,  3.08491980e+02,    -8.68473734e+00, -5.47220015e+02,  5.02940887e+02, -3.44226980e+02,     4.73074261e+02, -2.60204844e+02, -4.20760590e+02,  2.29927544e+02,    -5.86435786e+02, -3.35656746e+02,  5.52174952e+02,  1.56431076e+02,    -3.49587601e+02,  4.53624358e+02, -1.48058337e+02, -3.25939673e+02,    -2.64897911e+02, -4.19946454e+02,  2.05121350e+02, -7.85262261e+02,    -7.20434252e+02, -8.32419390e+01, -2.60755322e+02, -4.76465818e+02,     6.23170390e+02,  1.14207738e+03, -2.85997308e+02, -2.77010706e+01,    -5.46121893e+02,  5.71163210e+02,  1.60066908e+02, -1.68933861e+02,    -3.33789365e+02,  1.46023946e+02, -5.26306822e+02, -1.74010679e+02,    -7.67987665e+02,  3.02081198e+02,  1.14058718e+02,  5.05366526e+00,    -5.93409196e+01, -2.95074380e+02, -7.70938325e+01,  1.10355985e+03,    -1.66377324e+02, -3.99330797e+02, -5.86228870e+02,  1.12547121e+02,    -3.10418248e+02,  7.61918337e+01,  2.52232846e+02,  5.81928292e+01,     2.43791122e+02,  1.03893678e+02,  5.15974696e+02,  2.66821941e+02,    -2.92824217e+02,  3.65241228e+02,  3.00516088e+02,  9.64238325e+01,     3.87099383e+02, -2.12020437e+02,  6.28949467e+02,  1.59736269e+02,    -2.60315905e+02, -5.02458377e+01, -1.65388358e+02,  2.08236032e+02,    -2.28035247e+02, -2.53966245e+01, -9.31992348e+01,  7.17741908e+02,     4.63285492e+02, -5.84482870e+02, -3.57881671e+01, -4.67184256e+02,    -1.52133658e+02, -1.96752483e+02,  6.38732693e+01, -1.25124968e+01,    -2.24076122e+02,  1.08960721e+02, -5.99906579e+01, -9.13762351e+01,     7.50404176e+02,  1.56647817e+02, -7.01150216e+02, -3.83810849e+02,     7.98722855e+02,  2.37001265e+02, -7.40246687e+01,  9.20219743e+02,    -1.60478657e+02, -9.81977759e+01, -5.07395797e+01,  1.16625332e+02,     2.45988823e+02,  3.54568307e+01,  2.32189676e+02, -1.37486529e+02,    -2.68796753e+02, -3.74168178e+02, -4.14719472e+02,  3.88728333e+02,     1.09769545e+02,  3.27102083e+02,  1.19775348e+02,  7.65930259e+02,     1.51820668e+02, -7.07962883e+02, -2.97052877e+02,  8.58107933e+01,    -2.40309521e+02,  5.37069013e+02, -1.08218560e+02,  1.58811198e+02,     4.31063883e+02, -6.35140235e+02,  1.28531306e+03,  1.67745619e+02,     2.06194529e+02,  3.03257338e+02,  6.98917343e+01, -6.35624801e+00,     3.11903657e+02, -3.07134359e+02,  7.06919562e+02,  6.09835789e+02,    -3.58022219e+02,  1.29489540e+02,  6.00536800e+02, -1.87360968e+02,     1.37753406e+02,  3.69711389e+02,  3.69150969e+02, -6.77978639e+02,    -1.20163533e+02, -3.03238163e+02, -2.66703353e+01, -3.64079288e+01,    -2.27838244e+01, -1.41537257e+02, -2.54086672e+02,  7.13986787e+01,     8.84275366e+01,  4.62628218e+02, -3.63709122e+02,  3.34067657e+02,     3.86896707e+02, -1.44189597e+02,  7.65657817e+02, -5.90489899e+02,    -9.10487386e+02, -5.71853672e+01, -7.23699714e+01,  7.71592787e-01,     6.80999860e+02, -6.32353043e+01,  3.51484465e+02,  4.13077915e+02,     3.28369045e+02, -9.10150192e+01,  5.46517206e+02, -1.37888887e+02,    -2.79372276e+02, -4.00366906e+02,  4.64307969e+01,  3.32608990e+02,    -4.37013009e+01,  3.31118791e+02, -2.59883221e+01,  5.52610041e+02,     1.72217207e+02,  7.67590934e+01, -4.81514311e+01,  2.92842858e+02,     3.26242951e+02,  1.72231402e+02, -6.94068581e+00, -4.63276093e+02,     2.59562026e+02,  1.70534267e+02,  3.19049720e+02,  2.67883596e+02,     3.05492158e+02, -5.11509444e+01,  2.33776884e+02, -2.12925026e+02,    -9.42088636e+00, -4.80163417e+02, -2.68918867e+02,  3.37971962e+02,    -7.81780082e+02,  2.53934057e+02,  1.46801027e+02,  7.14504299e+02,    -2.25466745e+02,  2.63161679e+02, -1.01196022e+02, -4.17314354e+02,    -6.21624815e+02, -7.01166268e+01, -7.58744344e+02,  1.39262650e+02,    -1.78658401e+02,  2.58457878e+02,  1.76210962e+02, -2.20519536e+02,    -2.16110670e+02,  3.33294698e+02, -5.16807278e+02, -1.05281199e+02,    -1.79215166e+02,  2.01935923e+02, -4.62054302e+01,  4.99302148e+01,    -1.86097590e+02,  4.90550715e+02, -4.10259767e+02,  8.35918269e+01,     5.17938292e+02, -2.95077353e+02,  1.57379060e+01, -3.28481994e+01,    -5.91815429e+02, -4.00950659e+02, -6.90995559e+01,  2.27448028e+02,     2.77149204e+02,  4.22201930e+01, -6.95363084e+01,  1.90525368e+02,    -3.89258212e+02,  2.31968397e+00, -4.34183582e+02, -2.36945413e+02,     4.05239112e+02, -2.53559846e+02,  5.52867472e+02, -1.83466166e+02,     3.03445223e+02,  2.20417371e+02, -5.36765154e+02, -2.46163501e+02,     7.36042739e+01, -3.43167081e+02, -3.01723476e+02, -7.47240456e+02,    -4.80341702e+02, -4.50516226e+02, -3.70532657e+02,  1.95272844e+01,     1.13575251e+02,  8.78975887e+00,  1.79942417e+02, -4.91410790e+02,     1.24620206e+02,  1.79314740e+02, -5.72998197e+02, -5.55363474e+02,    -3.54147948e+02, -2.00388611e+02,  1.68488476e+02,  7.83517888e+00,    -3.82890466e+02,  3.07224869e+02, -1.71895975e+02,  4.31242502e+02,    -7.69089937e+02,  5.19677436e+02, -3.17150065e+01, -3.15872704e+02,    -2.25426645e+02,  2.77179851e+01,  3.65674175e+02, -6.49890076e+02,    -1.21560452e+02, -1.76731406e+02,  4.22819929e+02,  7.23745494e+02,    -8.36891426e+02,  8.05645480e+02,  3.93225769e+02, -6.43312604e+02,    -3.03806376e+02,  6.56867766e+02,  5.21414119e+02, -1.54688547e+02,    -3.12004006e+01,  9.00409979e+01,  6.10354969e+02, -4.54498125e+02,     1.40827687e+02, -6.51677323e+01,  2.62812020e+02, -6.37662697e+02,    -6.53839752e+01, -2.90214337e+02,  4.07406652e+02,  3.68036840e+02,    -7.38814101e+02, -4.27285645e+02, -1.96205521e+02, -3.34661556e+02,    -1.26219525e+02, -1.99275501e+02,  3.69596227e+02,  3.58178627e+02,    -5.09711301e+01, -3.97515135e+02, -7.20438269e+02,  3.74727864e+02,    -4.37982918e+02, -2.70520670e+02,  4.15593662e+01, -2.97084397e+02,    -3.59414540e+02, -2.22630413e+02, -3.63585236e+02, -2.31506518e+02,    -4.39034423e+02,  5.02423163e+02,  5.57268759e+02, -2.89137645e+01,    -2.06322431e+02, -1.38550449e+01,  3.66616508e+02, -7.60787134e+02,    -1.79706352e+02,  4.31846984e+02,  5.79133614e+02, -1.59554259e+02,     9.77918510e+01,  4.72718152e+02,  1.34727346e+02, -5.76108756e+01,    -3.81814226e+02,  1.95585751e+02, -3.10024713e+02, -1.38580307e+02,    -1.66840130e+02, -1.61871141e+02,  1.71671480e+02,  6.74439381e+02,     6.57816478e+00,  3.56178266e+01, -7.82872802e+02, -1.50352599e+02,    -3.27356537e+02,  4.03554157e+01, -3.64076830e+02,  6.78212401e+02,     7.03080179e+02,  1.27433186e+02, -1.29087101e+02,  1.24963081e+02,     2.20147123e+02, -4.13018219e+02, -6.67653321e+01,  1.20300549e+02,     1.19965542e+02,  4.90373876e+02,  3.89727176e+02, -1.79934500e+02,     2.45578336e+02, -8.35618253e+02, -3.73585357e+01,  7.37093236e+02,     8.33904659e+01, -6.30737900e+00,  2.87819484e+02, -2.50921256e+02,     8.02647862e+02, -1.06463984e+02,  7.36230640e+02,  3.21052608e+02,    -3.32109046e+02,  2.64876142e+02, -2.67101573e+02, -5.95344068e+02,    -3.46315664e+01, -4.90486560e+02, -4.62532879e+02, -4.60872965e+01,     2.78483360e+02, -4.94458692e+01, -2.91936208e+02,  6.53484918e+01,    -6.30917600e+02, -8.00834603e+01, -7.17857330e+02,  4.51654781e+02,    -1.16750748e+01, -4.44465545e+02, -1.64901269e+02,  1.50150902e+02,    -2.78701896e+02, -4.08837325e+02,  7.80978833e+02, -1.94205555e+02,    -3.85391089e+02,  2.18490738e+02, -1.02970787e+02,  4.44412619e+02,    -1.42139520e+01,  7.51834335e+01,  8.84001195e+02, -1.55791808e+02,    -3.03134919e+02, -3.23667771e+02, -4.61641634e+02, -2.86328214e+02,     2.46378550e+02,  1.82054179e+02,  1.84484225e+02,  6.50353270e+02,     2.02027336e+01,  1.45149068e+02, -5.76689369e+02,  2.12245719e+01,    -2.03328985e+02, -2.32338403e+02,  1.54842363e+01,  3.05436382e+02,     3.33352512e+02,  6.66756987e+00,  8.11369879e+01,  2.56731312e+02,     3.25250090e+02, -2.08944924e+02, -1.14240033e+02,  1.47477331e+01,    -2.03850674e+02, -6.86402505e+01, -2.35662551e+02,  6.58534356e+02,     5.65634025e+02, -1.11083042e+02,  1.05214992e+02, -2.09336613e+01,    -2.07075280e+02,  2.90790391e+02, -7.68331201e+01,  3.39238915e+02,    -4.68507017e+02,  1.64533879e+02, -9.67235044e+01, -4.74975731e+02,    -2.20367104e+02,  2.38205257e+02, -7.46226376e+02,  3.67716069e+02,     4.29013244e+02, -6.24283974e+01, -4.45120349e+01, -2.81771878e+01,     2.12259980e+02, -2.87234855e+02,  3.17503889e+02,  2.46972337e+02,    -9.10956719e+02, -2.87698744e+02,  1.97390080e+02, -8.00258127e+01,     3.33596143e+02, -5.36289098e+02, -4.47470708e+00, -3.61998219e+02,    -1.07746131e+03,  6.54008242e+02, -5.17855066e+02, -5.01962554e+02,     7.74296551e+01,  1.11613463e+03,  7.90470589e-02, -1.88026089e+02,    -1.83006894e+01, -6.17837986e+01, -7.71839835e+02, -5.39154940e+02,     6.78421746e+02, -4.51776789e+01, -3.45021044e+02,  4.39064554e+02,    -3.01005841e+02,  3.44923807e+02,  4.74900724e+02, -5.36921624e+02,    -2.24128754e+02, -3.00140555e+02, -1.30592364e+02, -1.69038845e+02,    -5.85704957e+01,  1.19475184e+02, -2.92896686e+02,  2.58990766e+02,     5.20890959e+02, -1.40531494e+02, -1.55035826e+02,  1.20511840e+02,     4.99865450e+02,  4.24016776e+02,  3.19219513e+01, -1.46836240e+01,    -4.70892682e+01, -4.43338102e+02,  3.29621777e+02, -2.09217679e+02,     1.72406075e+02, -1.37638153e+02,  2.53286802e+02,  1.52961095e+02,    -6.86908934e+02, -2.42755864e+02, -6.88426269e+02, -2.82589149e+02,     6.51418111e+01, -1.49857387e+02,  2.60714107e+02, -2.51887876e+02,     1.66174278e+01,  9.14437371e+01,  6.49545414e+02,  3.26469908e+02,    -2.35350355e+02,  1.76265329e+01,  9.70150994e+01,  3.48195834e+02,    -5.41577523e+00,  4.41532617e+02,  2.11805877e+02,  7.77092095e+02,     2.24159335e+01,  5.96599343e+02, -2.27267857e+02, -3.35877268e+02,     7.23500239e+01,  6.40699012e+01,  2.65670921e+02, -5.59224423e+01,    -1.39052715e+02,  2.26747294e+02, -4.00094755e+02, -4.51693621e+02,     6.69270228e+02, -5.15221466e+01, -3.73489519e+02, -4.35679714e+00,    -1.23197076e+02,  3.05195672e+02,  2.88502894e+02, -1.71030746e+02,     9.80215080e+00, -2.36175140e+02, -2.84285570e+02, -2.48819754e+02,    -8.34081051e+02, -2.97051793e+01, -5.62793503e+02, -4.80416085e+02,    -3.44117456e+02,  1.52898519e+02, -3.28760368e+02,  1.90550129e+02,    -4.92627955e+02,  9.33072463e+00, -3.54573378e+02,  6.51151100e+01,     1.03130842e+02,  2.53557636e+02, -1.72488692e+02, -1.28471040e+02,     2.26996112e+02,  5.24892203e+02,  2.83888438e+02,  6.77624512e+01,    -5.95376094e+02, -1.20977737e+02, -2.69528379e+02, -5.29648099e+02,     3.61285318e+02, -3.01774673e+02, -3.80690481e+01, -2.00298076e+02,    -8.84029434e+02,  4.35013490e+02, -1.45691836e+02,  3.59547353e+02,    -6.05616188e+02,  5.72002751e+02,  3.71735840e+01, -2.71773742e+02,     4.05127703e+01, -2.04165602e+02, -5.96228389e+02,  1.23404242e+02,     2.44673276e+02,  2.84561905e+01, -3.15461456e+02, -1.13676003e+02,     1.41803509e+02,  2.54887572e+02,  5.59478596e+02,  2.21952534e+02,    -2.04949252e+02,  7.70080710e+02,  2.51526811e+02,  3.41090284e+02,    -1.47835172e+02,  2.31688685e+02,  1.51087387e+02, -5.38257987e+02,    -1.63816479e+02, -3.43520642e+02, -2.72905551e+02, -9.06419491e+01,    -1.53294818e+02, -3.24204092e+02, -9.90702023e+02, -2.65617281e+02,     1.34676908e+02,  8.79503717e+01,  8.14401685e+01,  4.32211480e+02,     1.61722115e+02,  2.79102584e+02, -3.68541668e+02,  4.03052345e+02,    -4.29438858e+02, -6.67809092e+02,  1.66953149e+02, -3.51864823e+02,    -3.65779255e+02, -1.37465061e+03, -1.04299195e+02,  6.97234074e+02,     4.06453928e+02, -8.91636598e+01, -1.03552081e+02,  2.57367786e+02,     5.93692182e+02, -3.52344581e+02, -8.31259922e+01, -2.76702926e+02,    -3.13436222e+02, -2.97469528e+02,  1.38641608e+02,  6.24608171e+02,    -5.73528719e+02, -4.61941556e+02,  2.14706394e+01, -7.47589163e+01,    -1.23807919e+02, -8.11611365e+02,  4.93560164e+02,  2.19556433e+02,     7.78339052e+01,  4.22210919e+02, -2.64455720e+02,  2.58579492e+02,     2.35267240e+02,  4.64096548e+01, -4.07424504e+01,  1.07210054e+02,    -1.41176355e+02,  4.09523134e+02, -3.80323783e+02,  3.66374277e+02,     8.12821406e+01,  9.75883633e+01,  2.06178876e+02, -7.50709601e+02,     5.59855759e+01, -5.58160171e+02, -4.40839352e+02, -4.27774454e+02,    -3.92201401e+02,  1.21606879e+01,  1.13398966e+02,  4.20464797e+02,     8.43739780e+01,  1.20037750e+02, -6.20088255e+02, -2.18242024e+02,     2.87106255e+02,  1.20615865e+01,  1.63530277e+01, -7.10748948e+01,     3.19430339e+02, -7.95091474e+02,  9.15391723e+01,  2.06287867e+02,     3.96638739e+02,  3.38748949e+02, -4.94942647e+02,  6.62520935e+01,     3.73123145e+01,  3.81431098e+01,  1.67139324e+01, -1.69792223e+02,    -2.73778960e+02,  1.37305135e+02,  5.45934842e+02, -7.83802209e+01,     8.31944757e+01,  1.55146581e+02, -2.15737284e+02, -2.13825904e+02,    -1.00665871e+03, -3.34536019e+02, -4.41863350e+02, -6.63597124e+01,    -5.52970426e+02,  6.54333678e+02, -2.57008805e+02, -4.59797439e+02,    -1.36338410e+03,  5.70405885e+02,  1.19454251e+02, -1.33142043e+01,    -5.34786005e+02,  9.19200632e+01, -1.51193418e+02, -2.83683275e+02,     1.01892249e+02,  2.79238704e+02,  6.91194449e+01, -1.50045927e+02,    -2.88472956e+01,  7.29238047e+00,  1.67453324e+02, -5.30038851e+02,     6.08518417e+02, -3.64603506e+02, -2.35892788e+02, -3.65346008e+02,    -8.44728746e+02,  8.25397822e+01, -4.15464381e+02, -1.92022120e+02,     2.96964029e+02, -2.09305654e+02,  5.22051372e+00, -8.54274259e+01,    -2.23589143e+02,  1.42407483e+01,  4.62349640e+02, -4.52367449e+02,     8.00080857e+02, -1.72004297e+02,  2.95723652e+02, -6.73397650e+01,     1.30051193e+02, -1.02305552e+02,  4.07703485e+02,  5.43985288e+02,     1.73399830e+02,  4.76960246e+02, -3.38732472e+02, -2.80674308e+01,    -1.98163453e+02,  5.93195851e+02,  5.02039926e+02,  3.84697036e+02,    -1.29797139e+02, -2.62846763e+02,  2.34241727e+02, -2.24756421e+02,    -1.19959753e+02, -6.31957899e+01, -2.25848775e+02,  4.45967426e+02,    -5.03117828e+01,  3.43498365e+02,  1.22407918e+02,  1.48146780e+02,    -2.97047554e+02,  2.81832667e+02, -1.58324240e+02, -1.13970464e+02,    -2.62375370e+01, -4.42362801e+02,  6.67331571e+02, -2.45272796e+02,    -3.59261814e+01,  1.72424326e+02,  1.48593620e+02,  6.14705168e+02,    -1.43241084e+02,  6.67151964e+02,  6.05693119e+02, -8.44999340e+02,     7.56304415e+01, -1.77654961e+02,  1.26891646e+02,  7.57232781e+01,     1.52277681e+02,  5.24354770e+02,  8.04312787e+02, -6.81712489e+02,     6.66270576e+02, -8.01422197e+02, -6.67903728e+02, -1.06673585e+02,    -9.90484836e+00,  6.10259929e+02,  3.36605084e+02, -1.59424989e+02,    -8.05157996e+02,  6.11353467e+02, -3.91185195e+02, -9.84389674e+00,    -4.41166529e+01,  1.07673705e+03, -2.46229610e+02, -9.15334718e+02,     2.68413938e+02, -1.40517863e+03,  9.67382079e+01, -3.09791237e+02,    -1.57501389e+02, -2.37076375e+02, -5.09361122e+02,  3.56442687e+02,    -3.14328184e+02, -7.91231750e+01, -6.80607494e+02, -5.81793804e+01,    -4.15130227e+02, -6.47041943e+02, -1.06470819e+03,  8.84548569e+01,    -2.79951561e+02, -7.67514605e+00, -1.17384992e+02, -6.88231817e+02,    -5.48678542e+02, -4.59125735e+02, -4.62764385e+02,  4.76365222e+02,     8.10862968e+01, -4.15173376e+02, -1.58909931e+02, -1.94745723e+02,     3.22781839e+02, -2.89649322e+02, -1.07156065e+02, -1.95259300e+02,    -3.11530368e+02, -3.25193775e+02,  3.32508146e+02, -1.52041540e+02,    -7.90491064e+02,  6.69431095e+02,  4.08135924e+02,  5.34444329e+01,    -6.29372008e+02, -6.55992930e+02,  9.46516748e+01,  1.24231371e+01,    -2.58855049e+02, -4.22273720e+02,  3.08766756e+02, -6.85134253e+01,     2.37433145e+02,  4.29132571e+02,  2.92591158e+02,  3.06337243e+02,     2.21543772e+02, -1.76750027e+02, -1.08674554e+02, -1.91151016e+02,    -3.02962386e+02, -3.97108743e+02, -5.61940770e+02, -3.39650749e+02,    -6.94923206e+01, -6.92323247e+02, -7.49529918e+01,  2.82831161e+02,    -6.20304960e+02,  2.15597766e+02,  1.88612561e+02, -6.11291995e+02,    -4.93050744e+02, -1.35497820e+02,  1.83872650e+02, -3.44527918e+02,     6.08041766e+02,  5.45167715e+02, -6.51340818e+02,  4.39548412e+02,     3.07565009e+02,  6.62005288e+01,  2.19420477e+02, -3.70044780e+02,    -1.23813339e+02,  4.68668000e+01,  1.53353064e+02,  3.92496720e+02,    -4.39244356e+02, -3.71932482e+01,  1.53621872e+02, -1.29815441e+01,    -2.28813136e+02,  1.71427617e+02, -2.31221476e+02, -1.75002145e+02,     3.29950802e+01, -5.19923434e+02,  3.14001930e+01, -2.04033391e+02,    -1.08770079e+02,  4.54933796e+00, -4.92017553e+02,  4.88469431e+02,    -2.33106153e+02, -1.11953720e+03, -7.32836593e+02,  3.38407162e+02,    -3.07519741e+02, -1.47476253e+02, -2.52271465e+02, -1.44102219e+02,    -8.64918947e+02, -9.65728629e+01, -5.54373226e+02, -2.88837962e+02,     2.22724512e+02,  6.43413320e+02, -3.25147876e+00, -2.75551896e+01,     5.04256161e+02, -4.38414478e+02,  3.10567664e+02,  7.99955460e+01,    -3.60254365e+02, -1.55595747e+02,  2.12356657e+02,  1.59628450e+01,     8.52392013e+01,  9.87095279e+01, -2.03696241e+02, -2.40874649e+02,    -4.56689179e+02,  4.32938845e+02, -5.48949247e+02, -4.03670193e+02,     8.23108989e+01, -7.73182360e+02,  1.66818861e+02,  5.42029754e+02,    -4.14266863e+01,  6.00936628e+01, -2.14983047e+02, -1.76538209e+02,     8.84943271e+01,  3.23995846e+02, -3.49649385e+02,  2.67247438e+02,    -9.54895897e+01, -3.45257562e+01,  2.33417874e+02,  1.66078464e+02,    -7.79350570e+01, -3.52765707e+00,  2.10249405e+02,  2.42588084e+02,    -6.20514074e+02,  5.75304821e+01,  4.65921282e+02, -8.40477917e+02,     2.80695291e+02, -1.03107562e+03, -7.98987844e+01, -1.28489245e+02,    -7.37388830e+01, -7.74787942e+01, -2.23496369e+02, -3.11965563e+01,     1.42268047e+02, -2.08882757e+02,  1.21963592e+02,  7.50230304e+02,    -5.55323461e+02, -2.30588263e+02,  3.15782061e+02,  2.14294751e+02,     3.57846915e+02,  1.41382306e+02,  2.44901279e+02, -1.61516450e+02,    -4.22749519e+02, -3.67172746e+02, -1.79001298e+02,  6.00578417e+00,    -3.62686593e+02, -1.31629872e+02,  5.75356285e+01,  1.99847780e+02,    -8.63958666e+01,  4.85647890e+02, -4.37809749e+02, -4.57048394e+01,    -2.35125299e+01,  2.40651089e+02, -3.51458571e+02, -2.20791960e+02,     2.36844611e+02,  4.31611431e+02,  6.02681746e+02,  3.03429920e+02,     3.56450671e+02, -2.56820998e+02,  5.40023544e+02,  5.81879273e+02,    -5.51482398e+01,  3.39877555e+02,  3.28163389e+02, -2.19350546e+02,     1.41816979e+01,  5.29425106e+02, -2.40246164e+02, -1.07116914e+02,    -5.22664070e+02,  2.32019180e+02, -6.53339757e+01,  1.51981304e+02,     8.26525663e+01, -3.59812938e+02,  3.96643485e+02,  3.51182047e+02,    -2.04853884e+02,  1.58732891e+02, -4.95793941e+02, -4.45976953e+02,     2.01566673e+02, -5.95256907e+02, -2.32754804e+02,  8.27055162e+01,     6.97270045e+02, -2.09726516e+02, -9.04922122e+01, -1.26488242e+02,     9.89933323e+02,  1.22381191e+02, -3.74486198e+02,  5.90413802e+02,     5.43399215e+02,  2.59402167e+02,  6.29762054e+02,  6.97543169e+02,    -9.07136863e+01, -2.58390392e+02, -2.80367734e+02,  2.31723817e+02,     3.26438087e+02, -4.23875299e+01, -1.77878373e+02, -5.30998696e+02,    -2.59822431e+02, -3.81591515e+02,  2.54283788e+02,  1.30080215e+02,     5.39416217e+02,  4.91875019e+01, -2.16704999e+02, -6.78124183e+01,     3.44918944e+02,  1.12996641e+02,  4.39370460e+02,  4.95344820e+02,    -1.19288816e+02, -7.76807830e+01, -8.32287386e+02,  4.59893475e+02,    -4.67391877e+01,  4.33131393e+02, -1.58064924e+02, -5.02054471e+02,     1.70308427e+02,  5.96039225e+02, -2.11069478e+02,  5.88345232e+02,    -6.21914892e+02, -1.93438065e+02, -6.73119603e+02,  1.90112101e+02,     9.91859948e+01,  7.00555185e+00, -5.15186569e+02,  7.54951418e+02,     4.53299557e+02,  7.04746091e+01, -3.94429400e+02,  1.87831024e+02,    -2.34753219e+02, -7.52870039e+01, -1.87573409e+02,  1.79506392e+02,    -8.68505852e+01, -1.75428149e+02,  1.64523890e+02,  2.25837110e+02,    -7.32052549e+02,  1.67497315e+02,  5.75859722e+02,  3.60295975e+02,    -1.13303368e+02,  2.94739813e+01, -3.07771568e+02,  5.06185627e+02,     1.50633748e+02, -5.80705273e+01, -5.96905857e+01,  9.35140886e+02,     7.10459152e+00,  2.65745860e+02,  6.20709923e+02,  8.36666340e+02,     5.48197285e+02,  3.63598066e+02, -5.45083266e+02, -3.71787192e+02,     2.96469873e+02,  1.44192766e+01,  2.77470345e+02,  1.58389396e+02,     5.03382428e+02, -6.64001709e+02, -4.20418901e+02, -5.46643217e+01,    -7.41907825e+02,  1.67605193e+02,  3.37192229e+02,  1.20099785e+02,    -1.95155344e+02,  2.02709418e+02,  1.21929940e+03,  2.21990712e+02,     1.29953575e+02, -4.19844242e+02, -5.67300268e+02, -1.34693808e+02,     2.66592377e+02, -4.48844617e+01,  1.79866199e+02,  3.01684366e+02,    -5.12643592e+02,  2.12252764e+02,  4.49721562e+02,  5.01696111e+02,    -4.79149977e+01,  9.64180820e+00, -7.96146017e+01, -4.32726756e+02,    -5.70616565e+02,  7.15133173e+02, -5.74250518e+01, -5.07181458e+02,     1.87450049e+01, -1.95863698e+02,  7.83047033e+02, -2.04925555e+02,    -2.95452465e+02,  2.67830192e+02, -1.24767209e+02,  3.70998480e+02,    -4.76882073e+01,  8.61878106e+02,  4.30912875e+02, -1.08734557e+01,    -3.08870062e+02,  2.11875912e+02, -4.75041062e+02, -9.99992557e+01,     5.21234294e+02, -2.40444433e+02, -4.04203213e+02, -1.90472407e+02,     4.44923927e+02,  1.24862424e+02, -7.11221016e+02,  2.62231028e+02,     1.28592288e+02,  5.91360090e+01, -4.38534608e+02,  1.43082455e+01,     3.00515306e+02,  4.37530338e+02,  5.48707058e+02,  2.23169638e+02,     3.49003494e+01, -4.35118016e+02, -4.10242903e+02, -6.37526907e+02,    -7.88641708e+01,  2.70908383e+02, -2.12136766e+01,  4.59618496e+02,    -2.71595073e+02,  1.57185646e+02, -1.02726810e+02, -2.55316613e+02,     5.06927406e+02,  6.54123120e+01,  5.25803619e+02,  2.52293832e+01,     2.13686909e+02, -1.70770115e+02,  5.36202205e+02, -1.03185771e+02,    -3.22990994e+00, -6.70157859e+02, -9.26573825e+01,  6.23714343e+02,     5.70716127e+02,  2.26246636e+02, -1.28951535e+02,  3.29928263e+01,    -1.51663243e+02, -4.88683196e+01,  7.71019626e+02,  1.54015668e+01,    -2.02911549e+02, -9.46029101e+02, -4.64961042e+02, -3.22426050e+02,    -5.74830287e+02, -4.81523887e+02, -6.09099930e+02, -3.97974803e+02,    -3.26637181e+02, -4.11483694e+02,  4.08941135e+02, -2.18258973e+02,    -8.30761146e+02,  3.42369413e+02, -2.47666305e+02, -7.04102983e+02,     8.31755211e+02, -2.06432051e+02,  1.69463515e+02,  3.49676808e+02,     7.79580484e+00,  2.23683478e+02,  7.26202867e+00, -1.27503561e+01,    -1.17554096e+02, -6.21386563e+02,  9.11139301e+01, -1.11817406e+03,     5.60503322e+02, -3.76008192e+02, -1.18851343e+02, -1.52533960e+02,     8.92572648e+01, -1.61866623e+02,  2.45853496e+02, -4.61452057e+02,     3.25117539e+02,  3.35489315e+02,  1.33163855e+02,  8.46860504e+01,     1.70483958e+02,  6.36152655e+01,  2.59652427e+02, -8.15711441e+01,    -5.37256205e+02,  8.40609191e+01, -1.97668814e+02, -3.87213717e+01,     4.27772790e+02, -6.95989183e+02,  8.72116648e+00,  1.16532432e+01,     7.41932794e+01,  2.85138867e+02, -1.18581823e+02,  7.21777419e+02,     4.15323139e+02, -1.50459204e+02, -9.09056038e+01,  1.64474529e+01,     6.68904238e+02, -4.78572055e+02, -8.94104483e+02,  2.48400417e+02,    -1.04868900e+02, -1.08480515e+02,  1.44436827e+02,  6.71923310e+02,     4.09672625e+02, -1.51136572e+02, -4.33430129e+02, -5.18030732e+01,     2.52635740e+02, -1.12842531e+02, -6.39065052e+02, -2.45440865e+01,    -7.98404184e+02, -4.18812576e+02,  6.83827929e+02, -4.40487537e+02,    -5.71354109e+02, -4.47033767e+02, -3.03949931e+02,  2.87671444e+02,     7.08442674e+02, -4.39807010e+01,  2.36749932e+02, -1.54488826e+02,    -5.99484913e+02,  4.02325740e+02, -3.92141068e+02,  2.43784813e+02,     3.11568412e+02, -6.40857852e+01,  3.54407078e+02,  3.76782554e+02,     9.24644593e+02, -1.28126070e+02, -3.96554509e+02, -5.48396529e+02,    -1.29960066e+02, -2.22945259e+02,  8.73255049e+02, -3.81222846e+02,     8.74109134e+01,  6.37952528e+01, -2.25302300e+02, -6.97997173e+02,    -5.58674402e+01,  8.40897750e+02,  9.40586442e+01,  6.08536906e+01,    -4.61087897e+02, -5.21692012e+02, -8.41842823e+01,  4.16975093e+02,    -1.92555845e+02,  9.16934629e+02, -3.77754614e+02,  1.46055924e+02,    -1.78649563e+02, -5.90143669e+02,  2.64412266e+01, -4.39946358e+02,    -6.41307673e+02,  7.09824909e+01,  2.02440712e+01,  4.45322854e+02,     1.80521929e+02, -2.91549025e+02,  1.94618811e+02, -7.10729861e+02,    -4.55642008e+02,  7.80707581e+02,  1.12137302e+02, -1.22203515e+02,    -2.78179069e+02, -4.01012426e+01, -6.73341793e+01,  7.32691914e+02,     3.52805379e+02, -1.26697293e+02, -6.04402823e+01, -3.46993315e+02,    -1.75290903e+02, -5.79604077e+02,  4.12803455e+02,  6.45255042e+01,     1.19284750e+02,  1.30920766e+02, -4.72738520e+01, -1.57672561e+02,    -4.95336019e+00, -9.15869591e+02, -1.64901435e+02, -6.98500266e+01,    -7.90819298e+01,  4.72804385e+02,  5.44476933e+02,  1.39241157e+02,    -8.25275003e+02,  5.51570458e+02, -1.72132026e+02, -3.32706813e+02,    -7.52271226e+02, -2.81489408e+02,  5.08323227e+02,  2.35539734e+02,     6.00963014e+01,  2.64377969e+02, -5.02455451e+02, -3.82638227e+02,     4.76384442e+02,  3.29032052e+02,  4.45651884e+02, -2.02875804e+00,     5.94883538e+01,  4.77554689e+02,  8.52050263e+02, -2.12867161e+02,     3.25898600e+02, -1.45044342e+02, -3.61846494e+02, -2.95242581e+02,    -2.64074862e+02, -1.29276325e+02, -4.40505984e+02, -2.02037538e+02,    -1.20264554e+03,  2.94110472e+02,  1.67911769e+02, -3.18039937e+01,    -3.57901290e+02, -1.93394858e+02, -4.64737482e+02,  1.01636232e+02,     7.10400572e+02, -1.78741750e+02, -1.41820113e+02,  1.89145257e+02,    -4.18115156e+02,  7.48651256e+02,  1.43197679e+02,  1.59912136e+02,     4.45393051e+02,  1.53515145e+01,  4.84066040e+02,  1.41760400e+02,    -7.44368428e+01,  8.08918981e+01, -1.94673651e+01,  5.99923679e+02,     7.83299832e+01,  1.27676914e+02, -7.78418737e+01,  1.14784700e+02,    -7.98122957e+02, -3.20970715e+02, -3.98000221e+02,  4.42565503e+02,    -2.52201700e+02, -5.55636026e+02,  5.07262952e+02, -1.03833878e+02,     3.77377712e+02, -7.88601641e+02,  2.13898821e+02,  6.60343159e+01,     5.10741867e+01, -7.62796596e+01, -5.61931810e+01,  4.25359624e+02,    -2.17443826e+00, -4.26695322e+02, -1.38269395e+02,  2.18395067e+02,    -1.00810605e+03, -8.02013165e+02,  1.29896754e+01,  9.64116824e+01,    -3.75271881e+02, -3.67621564e+01,  9.36715008e+02,  2.84206673e+02,    -4.84746383e+02,  8.11031784e+01, -7.71593307e+01,  8.97770533e+01,    -2.96322528e+02,  1.60378137e+02,  2.45158879e+02, -5.79370429e+01,     9.71937094e+02, -9.23850994e+01, -2.77582306e+02,  1.64392413e+02,     3.56867480e+02, -3.06371935e+02, -2.55765250e+01,  8.28405730e+02,    -2.03883191e+01,  5.09209540e+02,  1.23616279e+02, -8.32368681e+01,    -2.28017764e+02,  4.92263167e+02, -4.74593157e+02, -1.82973782e+01,    -1.29729109e+02, -3.65393270e+02,  1.45324792e+02,  2.06017775e+02,     7.72894737e+01, -1.41635124e+01, -3.34296799e+02,  1.59693700e+02,    -1.54605251e+01, -2.16539484e+02, -1.86952710e+02,  1.70296754e+02,    -4.34278692e+01, -3.16434714e+02, -9.20411021e+02,  7.90928977e+01,     2.02353671e+02, -4.04260205e+02, -1.94855004e+02,  7.12907674e+02,     6.28355022e+01,  3.04395986e+02,  5.62067094e+01,  3.18821486e+02,     4.46229524e+01, -3.40749006e+02, -3.31089028e+01,  7.20437271e+01,     2.40336963e+02,  6.93786048e+02,  4.25517131e+02,  1.82253725e+01,     1.48677355e+02,  5.22090225e+02,  2.26434738e+02, -6.27983845e+02,    -2.31613738e+02,  1.16805225e+02,  7.38748134e+01,  2.28274630e+02,    -4.54594629e+02,  1.09759102e+02,  3.47645740e+02,  4.26878432e+02,    -3.87615313e+02, -4.54465579e+01, -1.98807491e+01, -1.17245307e+02,    -2.87543537e+02, -1.71360236e+02, -2.80295142e+01,  6.91567235e+01,     3.57683281e+02, -2.68757802e+02,  6.92453889e+02,  3.07880677e+02,     2.18375576e+02,  2.87989756e+02,  2.63051088e+02,  2.84116884e+02,     4.67545266e+02, -3.82678401e+02,  5.47387219e+02, -9.63295338e+02,     2.68890037e+02, -9.40676055e+02,  7.29073527e+02,  6.28929838e+02,    -1.00541142e+02, -4.25631088e+02, -3.65867813e+02, -4.98700439e+02,    -5.36358109e+02,  4.97762762e+02,  3.71706270e+02,  2.09323116e+02,     2.75267665e+02,  3.51773892e+02, -3.32809891e+02, -1.74707042e+02,     4.97155296e+02, -1.07879171e+02,  4.58608097e+02,  6.32679038e+02,    -3.74953929e+01, -6.23546437e+02,  1.22703912e+01, -1.14128657e+01,    -8.49076242e+01,  6.44865191e+00, -5.81156891e+02, -1.59983275e+02,     5.12801524e+01,  7.68370639e+01,  4.19045921e+02, -3.45964949e+02,     5.30430638e+02, -3.50329597e+02,  1.92126448e+02,  3.37047155e+02]
gas_BEE = [-1.73981077e+01,-6.18276128e-01,-3.93818520e+00,1.23452883e+01,-6.14029530e+00,-4.94410807e+00,-1.19697296e+01,-2.62706805e+01,-1.13190827e+01,-1.21289102e+01,-9.89000020e+00,8.76831491e-01,6.51909849e-01,4.23751381e-01,9.41497403e-01,1.31981186e+01,-6.04154625e+00,-4.48668773e+00,5.83096122e+00,-3.12817728e+01,1.54697049e+01,-6.50472661e+00,-1.64593197e+00,-3.00592557e+00,-5.86022932e-01,-1.80313910e+00,2.50858573e+01,-5.14494079e+00,-2.47135001e+00,-1.49567216e+01,2.12629034e+01,-3.13274294e+00,-1.13251232e+01,6.01649303e+00,-8.84507457e-01,6.36824479e+00,-4.89979343e-01,1.29557334e+00,8.92556236e+00,-2.88423861e+01,1.56218566e+01,3.28733873e+00,-2.00283903e+00,-9.03750943e+00,3.40265211e+00,-4.39094827e+00,1.30587061e+01,1.01935036e+01,-7.00136852e+00,-8.49478190e+00,-8.43713701e+00,-1.01194573e+01,4.86409358e+00,-1.44894198e+01,3.94807623e+00,1.69960186e+01,1.94335926e+01,9.54011937e+00,4.95006179e+00,8.23249186e+00,2.54527361e+01,5.76831577e+00,-1.56314702e+01,-3.54073699e+00,-7.66492979e+00,1.75803101e+01,-2.14589077e+01,-1.73667000e+01,-8.28031450e+00,-3.41969487e+00,-1.21058398e+01,7.73886421e+00,3.44597402e+00,3.63828419e+00,-1.09490910e+01,-9.87688104e+00,-1.56733409e+01,1.01017521e+01,-8.92055242e+00,8.08467093e+00,-1.91569706e+00,-8.64037255e+00,-1.55403545e+01,-4.51618722e+00,-3.95771895e+00,-4.33048715e+00,1.12045768e+01,2.03014062e+01,-1.18887700e+01,-2.25130311e+01,-5.55549495e+00,3.12723357e+01,-1.58328114e+01,9.10108184e+00,-2.71689927e+00,-1.77892820e+01,7.75246908e+00,9.85256604e+00,-4.32681746e+00,9.12635807e+00,-7.77299386e+00,-1.52830616e+01,2.64239758e+01,1.25840311e+01,7.68848437e+00,3.48584259e+00,5.57653498e+00,2.33389344e+01,-7.52179286e+00,1.17601951e+00,-3.95025259e+01,5.63412415e+00,-1.92503003e+01,3.75665301e+00,5.89631976e+00,-9.66223935e+00,-1.48845373e+01,1.37526372e+00,-8.45990486e+00,1.08090099e+01,-1.32012446e+01,-1.17750853e+00,-1.05522352e+01,-8.53379979e-01,1.88997623e-01,5.21137870e+00,1.35579066e-01,-2.05212233e+00,1.76181213e+01,2.56771681e+01,1.35881949e+01,2.07137345e+01,-3.84877868e+00,2.89994573e+00,1.49104263e+01,-8.24394466e-01,-2.12388286e+01,-1.15817505e+01,-1.40177830e+01,-8.27033249e+00,7.69555592e+00,-3.35603543e+01,-4.08209783e+00,1.22677902e+01,-1.13796494e+01,-9.32054742e+00,1.51506744e+01,1.31702462e+01,-8.75446747e+00,6.64137518e+00,-7.14002321e+00,1.04359447e+01,2.02433548e+00,4.30603474e+00,-2.39769534e+01,-1.36858597e+01,-2.67898296e+00,-3.98115378e-01,-1.12431260e+01,3.04919576e+01,-4.59705911e+00,-8.87285114e+00,1.12065578e+01,-1.31641523e+01,-1.00172780e+01,8.76639497e+00,3.02552731e+00,3.20142790e+00,3.55169475e+00,-3.14404314e+00,4.30866260e+00,1.65796184e+01,-8.26927596e+00,5.46535494e+00,2.54003650e+01,8.90696530e+00,-1.46879797e+00,-5.23245046e+00,4.30625717e+01,-5.85211311e+00,1.06215864e+01,7.25188881e+00,9.08678428e+00,2.58919194e+01,1.36415962e+01,-1.17465624e+00,6.33859775e+00,1.39520525e+01,1.06339366e+01,-1.62450386e+01,2.64189129e+01,-2.41143160e+01,-4.30692386e+00,1.61063726e+01,2.92413469e+00,1.33745694e+00,8.74895316e+00,5.86516799e+00,9.44942490e+00,-1.76050840e+01,1.05603014e+00,-7.13823927e+00,-2.02228480e+00,-3.95424857e-01,-2.89870605e+00,-1.54747905e+00,2.36915977e+01,-1.82944633e+00,-8.21147781e+00,-8.02469075e-01,3.76323159e+00,-1.70693115e+01,-1.33450562e+01,-9.80448918e+00,-1.75530992e+01,-4.95210612e+00,-1.16495206e+01,5.09849429e+00,-1.80382574e-01,-3.30783152e+00,-2.45374950e+00,1.84317660e+00,-5.79204681e+00,1.84005419e+01,-2.36102661e+01,-3.63671615e+00,-4.51221980e+00,4.81859664e+00,5.36816384e+00,-1.37588948e+01,-4.27482981e+00,1.24551625e+01,-6.65785506e+00,4.03373505e+00,1.03678864e+01,-3.29360778e-01,3.22920261e+01,-4.69400099e+00,-1.00115190e+01,7.22873911e-01,-7.38454285e+00,1.46337620e+01,-1.17678052e+01,3.42851436e+00,1.55697098e+01,-3.90212449e+00,3.32795372e+01,3.55595982e+01,-1.96021722e+01,1.61039553e+01,5.39566796e+00,-1.51250331e+01,5.66506799e+00,1.08364595e+01,1.17137590e+01,1.16190867e+00,4.54053631e+00,2.02372231e+01,-6.50074528e+00,3.42318409e+00,1.98901435e+01,-1.02953681e+01,-5.29793317e+00,1.55507512e+01,8.46466151e+00,2.17369082e+01,8.19950539e+00,2.82276748e+00,7.10319895e+00,1.15195103e+01,-1.35658303e+01,1.24440342e+00,5.59703926e+00,2.74634061e+00,6.41492911e+00,-1.69554464e+01,9.62210261e+00,-1.22814783e+01,-8.89171421e+00,4.81370721e+00,-3.71972107e+00,1.59256863e+01,-5.95041055e+00,7.66576689e+00,8.86870342e+00,2.23328317e+01,1.53337572e+01,1.40780361e+01,-2.38583826e+00,-2.12252346e+00,-8.76818654e+00,2.20662366e+01,2.28913219e+01,1.04202874e+01,-6.88629926e+00,1.40885160e+01,-2.05713132e+00,5.81412123e+00,1.85396769e+01,-4.13846825e-01,-3.00867001e+00,-7.18305366e+00,-1.57517491e+01,2.69257085e+01,1.29673006e+01,-1.69459236e+01,-4.73346002e+00,7.18368017e+00,-3.33979408e+00,1.75904111e+01,4.37280451e+00,2.24457909e+01,7.69986479e+00,-7.24742513e+00,5.97274332e+00,-1.65901837e+00,-8.03451101e+00,4.54964945e+00,5.40289693e+00,2.51655749e+01,2.16996722e+01,1.56109209e+01,1.99287738e+01,2.06326796e+00,-7.67314292e+00,3.91324834e+00,-9.79161175e+00,-1.47194065e+01,-1.61697395e+01,-8.27725355e+00,-3.06762023e+01,-9.26372750e+00,-2.39220575e+01,5.37839792e+00,-1.30684360e+01,1.27681644e+01,-2.66904035e+01,-8.63594642e+00,1.30969326e+01,6.05903103e+00,-2.42448365e+01,1.62925967e+01,-7.66312989e+00,1.51217695e+01,-7.94555957e+00,-2.15617885e+01,4.39346153e+00,-1.78182011e+01,-2.93947426e+00,-1.05763530e-01,1.20060383e+01,3.52409031e+01,-1.26196719e+01,-1.03975253e+01,-1.19856925e+00,-3.06901024e+00,-2.25643873e+01,-1.64455635e+01,1.46086607e+01,-6.38267324e+00,5.14049855e+00,-1.37445237e+01,-3.84161873e+00,-1.18972624e+01,1.42814803e+01,4.38377503e+00,-6.76967070e+00,-4.04049147e+00,2.98883679e+00,-2.26187534e+00,1.15371684e+01,-7.40263907e+00,1.76622464e+00,9.27684718e+00,4.32726930e+00,-5.58575961e+00,4.37373169e+01,1.57445322e+01,1.81928783e+00,2.58189622e+00,-1.70832684e+01,8.89845728e+00,-2.09075319e+01,-8.40985281e+00,-1.61713418e+01,-5.27726844e+00,1.61742046e+01,-1.59260923e+01,5.83336118e+00,-1.03417416e+00,7.18238215e-01,-1.00835473e+01,-1.21947677e+01,-1.18946710e+00,-1.10393871e+01,-6.47503833e+00,-1.12601908e+01,-2.15163934e+00,-9.29879092e+00,-1.40384620e+01,6.56922751e+00,-4.58914052e+00,5.83966437e+00,2.87272932e+00,-2.07122237e+01,-1.49581907e+01,-1.24999108e+01,9.77258525e+00,-7.12870235e-01,-1.76649847e+01,1.60096182e+01,-1.18444798e+01,1.54876872e+01,-8.30916228e+00,-1.34985102e+01,7.71327550e+00,-1.97038338e+01,-9.97699348e+00,1.78813252e+01,5.81231031e+00,-1.08788633e+01,1.51272898e+01,-4.65064983e+00,-9.79318672e+00,-8.62974511e+00,-1.44233925e+01,6.76089850e+00,-2.52124303e+01,-2.27691013e+01,-1.87684791e+00,-8.22091698e+00,-1.65269894e+01,2.07917494e+01,3.78118311e+01,-8.01115226e+00,-6.16444419e-01,-1.78588704e+01,1.82905313e+01,5.59402848e+00,-5.14519967e+00,-1.08828564e+01,4.03461033e+00,-1.69826891e+01,-4.04186569e+00,-2.50114112e+01,9.20706417e+00,4.29333976e+00,-5.93028940e-01,-2.34739879e+00,-1.02762792e+01,-2.96488091e+00,3.71067431e+01,-4.70938013e+00,-1.29603210e+01,-1.90479436e+01,3.62855872e+00,-1.00184398e+01,2.03819769e+00,8.58084916e+00,1.81405010e+00,9.21661458e+00,4.36347230e+00,1.69871879e+01,8.11047399e+00,-9.61935850e+00,1.25708009e+01,1.01180602e+01,3.51023807e+00,1.18668683e+01,-7.25529802e+00,2.04712627e+01,5.84242985e+00,-8.88951592e+00,-2.00801455e+00,-4.81514705e+00,5.65184589e+00,-7.42728054e+00,-1.65389692e+00,-3.09991410e+00,2.27049900e+01,1.55679152e+01,-1.91221304e+01,-1.53720120e+00,-1.49779361e+01,-4.16412716e+00,-6.65798924e+00,2.26527705e+00,-7.06648804e-01,-7.50302283e+00,3.28276090e+00,-2.27244150e+00,-3.00727792e+00,2.42713862e+01,4.86201998e+00,-2.27758899e+01,-1.21207099e+01,2.61806275e+01,6.88017111e+00,-2.47904732e+00,3.03890550e+01,-5.38414569e+00,-2.67734973e+00,-2.64423455e+00,3.94979048e+00,8.32791136e+00,1.31587788e+00,8.16276295e+00,-4.11589173e+00,-9.79266398e+00,-1.11838138e+01,-1.37575010e+01,1.24929741e+01,4.09677844e+00,1.07873240e+01,4.37638186e+00,2.47604775e+01,4.94516943e+00,-2.21320368e+01,-9.34947634e+00,2.30121467e+00,-8.05604010e+00,1.75764222e+01,-3.77389657e+00,4.60134144e+00,1.45914181e+01,-2.16058089e+01,4.17031025e+01,5.55269473e+00,6.96358768e+00,1.02806689e+01,1.87318259e+00,-7.85361951e-01,9.59445464e+00,-9.83521645e+00,2.31107382e+01,2.02553900e+01,-1.09085442e+01,4.91259718e+00,1.97661781e+01,-6.24000725e+00,4.99284456e+00,1.08595885e+01,1.21690642e+01,-2.14094714e+01,-2.91621262e+00,-8.79843576e+00,-1.59346892e+00,-1.95511754e+00,2.61940006e-01,-4.87348317e+00,-8.07699975e+00,3.16208298e+00,2.64057548e+00,1.51085691e+01,-1.20706293e+01,1.12519387e+01,1.36343442e+01,-4.06332160e+00,2.26882315e+01,-1.90401799e+01,-2.91034811e+01,-1.56582181e+00,-1.49887100e+00,8.88459394e-01,2.15918813e+01,-1.68925814e+00,1.15876779e+01,1.47608408e+01,1.09729279e+01,-1.56976240e+00,1.76102219e+01,-4.49863670e+00,-9.81419625e+00,-1.23355449e+01,1.76331963e+00,1.08239629e+01,-1.50717089e+00,1.05328211e+01,-1.18128984e-01,1.68337684e+01,5.25381347e+00,2.23748142e+00,-1.45756022e+00,8.83556257e+00,1.09766792e+01,5.38649592e+00,-5.41546123e-01,-1.50167870e+01,7.95245111e+00,5.50349375e+00,1.04173153e+01,8.50512892e+00,1.00088849e+01,-1.90968014e+00,8.16319174e+00,-8.16024604e+00,-7.35492599e-01,-1.54895595e+01,-9.32764453e+00,1.16273755e+01,-2.55541730e+01,7.77874223e+00,4.48814769e+00,2.40791461e+01,-6.32159132e+00,9.03721933e+00,-3.67160973e+00,-1.34129027e+01,-2.01406127e+01,-2.92218865e+00,-2.53305017e+01,4.15256130e+00,-6.46164294e+00,8.78533092e+00,6.32778258e+00,-7.28027465e+00,-7.77299912e+00,1.17111396e+01,-1.57608045e+01,-3.58376597e+00,-4.93899178e+00,6.39977180e+00,-8.77200759e-01,1.24580628e+00,-5.06488202e+00,1.53938449e+01,-1.43622865e+01,2.56713508e+00,1.66870967e+01,-9.32016296e+00,7.87779596e-01,-1.21519889e+00,-1.92383511e+01,-1.26851713e+01,-1.60971363e+00,7.85834832e+00,8.89524769e+00,1.85670912e+00,-2.15815189e+00,5.09987850e+00,-1.22129856e+01,-2.67932492e-01,-1.48361654e+01,-7.76768085e+00,1.36009714e+01,-8.52681464e+00,1.85020624e+01,-6.11942836e+00,9.91392427e+00,7.24229141e+00,-1.71880333e+01,-7.91736649e+00,2.25168316e+00,-1.06942345e+01,-1.09469269e+01,-2.40009117e+01,-1.58519021e+01,-1.41814527e+01,-1.21856643e+01,2.16769364e-01,4.97568769e+00,1.61325658e+00,5.99021228e+00,-1.62483393e+01,3.60779541e+00,7.06951313e+00,-1.91579651e+01,-1.75132436e+01,-1.11359254e+01,-7.14556612e+00,4.85452671e+00,1.91328145e-01,-1.20595023e+01,9.42999361e+00,-5.73940383e+00,1.48019593e+01,-2.44895854e+01,1.68976136e+01,-1.47052306e+00,-1.17711582e+01,-7.33502634e+00,1.06419683e-01,1.21475482e+01,-2.03371775e+01,-3.60083060e+00,-5.17267412e+00,1.30891993e+01,2.29495542e+01,-2.76169057e+01,2.61166256e+01,1.20673608e+01,-2.10755427e+01,-9.71970169e+00,2.15112488e+01,1.68270710e+01,-5.53090190e+00,-1.66622723e+00,3.76961704e+00,2.01793329e+01,-1.55514060e+01,4.44932418e+00,-1.61154548e+00,8.83545921e+00,-2.03114336e+01,-1.39156971e+00,-8.93018462e+00,1.32176034e+01,1.16210002e+01,-2.45823875e+01,-1.36496856e+01,-6.48932854e+00,-1.06904510e+01,-3.68536085e+00,-6.21743088e+00,1.25892068e+01,1.19462922e+01,-1.56049865e+00,-1.17743185e+01,-2.39126441e+01,1.30861844e+01,-1.38678275e+01,-9.18914410e+00,1.95419517e+00,-9.61256505e+00,-1.14515221e+01,-7.92862191e+00,-1.26888495e+01,-6.96377464e+00,-1.37466963e+01,1.61447624e+01,1.77110005e+01,-1.62679689e+00,-6.63143125e+00,-3.68006298e-01,1.18140903e+01,-2.46048840e+01,-5.97084432e+00,1.46390700e+01,1.88728159e+01,-4.73545041e+00,3.11936864e+00,1.47287097e+01,4.72738512e+00,-1.00738351e+00,-1.13338194e+01,5.67952470e+00,-9.61878248e+00,-4.31786305e+00,-5.14033010e+00,-4.84268364e+00,5.82139893e+00,2.25944128e+01,-9.75906960e-01,9.55842002e-01,-2.56130548e+01,-5.18693261e+00,-1.02725438e+01,8.66849121e-01,-1.17425185e+01,2.27434510e+01,2.37996144e+01,4.92707648e+00,-5.19677519e+00,4.23159141e+00,7.14671932e+00,-1.30607787e+01,-2.27370514e+00,4.24899891e+00,3.87339751e+00,1.49118941e+01,1.19286277e+01,-5.82573130e+00,7.75644849e+00,-2.74193815e+01,-1.02062987e+00,2.46877371e+01,4.10366501e+00,4.55774375e-02,8.53332696e+00,-6.97985311e+00,2.60338996e+01,-4.37186618e+00,2.34518746e+01,1.05093881e+01,-1.20128263e+01,9.01624281e+00,-8.33327103e+00,-1.91144673e+01,-1.84234629e+00,-1.54685049e+01,-1.52720441e+01,-8.75437985e-01,9.26413715e+00,-2.33302449e+00,-9.75918133e+00,2.27863984e+00,-1.96457951e+01,-1.80780203e+00,-2.41509497e+01,1.51468074e+01,-6.73934132e-01,-1.38273314e+01,-6.02442839e+00,5.01982082e+00,-9.35208664e+00,-1.26222516e+01,2.49601481e+01,-6.86472523e+00,-1.23829252e+01,8.09469324e+00,-4.31350985e+00,1.43984561e+01,-2.53480505e-01,1.75446013e+00,2.91797631e+01,-4.44895328e+00,-1.01242420e+01,-1.11880717e+01,-1.53183637e+01,-9.77137167e+00,7.68296680e+00,6.93527054e+00,7.05163902e+00,2.07896438e+01,5.43629377e-01,5.45402080e+00,-1.80712954e+01,2.74570758e-01,-6.39641066e+00,-8.17845375e+00,2.72991593e-01,9.46189485e+00,1.07620807e+01,-2.32725943e-01,2.52450158e+00,8.53149404e+00,1.08263888e+01,-6.05955129e+00,-3.12547185e+00,3.41487493e-01,-7.05924362e+00,-2.37319180e+00,-8.52236238e+00,2.12205938e+01,1.77367982e+01,-4.61385457e+00,3.96121699e+00,-1.11719288e+00,-7.20076798e+00,9.56032036e+00,-2.56035938e+00,9.93444928e+00,-1.45472088e+01,5.12852098e+00,-2.88995619e+00,-1.52594819e+01,-7.23694200e+00,7.22659313e+00,-2.61338010e+01,1.09477325e+01,1.34078730e+01,-2.30784674e+00,-1.57503018e+00,-7.99229321e-01,6.75668336e+00,-9.37887837e+00,1.00054140e+01,8.31093842e+00,-2.87912347e+01,-9.36426757e+00,6.71894770e+00,-2.82346538e+00,1.17362652e+01,-1.72163726e+01,-1.11610880e+00,-1.13916169e+01,-3.56080605e+01,2.17896446e+01,-1.68162108e+01,-1.73868912e+01,2.52192295e+00,3.61981584e+01,6.99610314e-01,-7.43802788e+00,-2.94700455e-01,-1.37680405e+00,-2.47708483e+01,-1.68408801e+01,2.32792122e+01,-2.50972202e+00,-1.07949506e+01,1.47446526e+01,-9.49967856e+00,1.04203399e+01,1.48378279e+01,-1.64015041e+01,-7.44221960e+00,-9.04295703e+00,-4.12844503e+00,-5.92780354e+00,-3.20413864e+00,4.28348346e+00,-9.53783383e+00,8.34787379e+00,1.66339524e+01,-3.46839856e+00,-5.06154492e+00,3.94475271e+00,1.55437513e+01,1.42648604e+01,1.40061302e+00,-1.42925990e+00,-2.00070691e+00,-1.45708567e+01,1.11468183e+01,-7.05707653e+00,5.41731626e+00,-4.51127153e+00,8.04268907e+00,4.62363499e+00,-2.27009614e+01,-8.02248226e+00,-2.20057864e+01,-9.64122505e+00,1.58573007e+00,-4.73837152e+00,8.88493351e+00,-8.03292886e+00,6.28954901e-01,2.54904654e+00,2.08337822e+01,1.08823996e+01,-7.80669046e+00,-1.87138804e-01,3.72845174e+00,1.06548066e+01,4.24034857e-02,1.52327745e+01,7.69659585e+00,2.49834089e+01,1.26990359e+00,1.91942582e+01,-7.16857480e+00,-1.10007708e+01,2.08276776e+00,1.92985721e+00,7.68839696e+00,-3.15043000e+00,-3.98595550e+00,6.72769324e+00,-1.32834803e+01,-1.51310114e+01,2.13487077e+01,-1.94173890e+00,-1.19605166e+01,-9.59105777e-01,-4.01696811e+00,1.04190142e+01,9.75992717e+00,-5.71926616e+00,-1.79799386e-01,-7.74539583e+00,-9.67953658e+00,-7.39541949e+00,-2.68895819e+01,-7.69540211e-01,-1.90151132e+01,-1.57416275e+01,-1.15828416e+01,5.06320450e+00,-1.08841127e+01,5.84063439e+00,-1.69482733e+01,2.13395437e-01,-1.13791460e+01,1.66478584e+00,2.59583277e+00,9.03201360e+00,-5.78297739e+00,-5.16164341e+00,8.01797650e+00,1.73981356e+01,8.88521707e+00,2.32022351e+00,-2.00267267e+01,-4.06899606e+00,-8.49553223e+00,-1.74693932e+01,1.24213942e+01,-9.78545315e+00,-1.38214629e+00,-7.33354142e+00,-2.84557845e+01,1.50020778e+01,-5.10620544e+00,1.15190034e+01,-2.03578313e+01,1.85936224e+01,1.13986662e+00,-8.33300845e+00,1.61495725e+00,-6.48658973e+00,-1.95276788e+01,4.65107503e+00,8.92783998e+00,5.61179890e-01,-9.76974053e+00,-3.88788856e+00,5.16366399e+00,8.84095333e+00,1.79370398e+01,7.21296096e+00,-6.27046915e+00,2.55275199e+01,7.14222584e+00,1.18360874e+01,-4.52668905e+00,7.97934418e+00,5.24502157e+00,-1.79439833e+01,-5.70552715e+00,-1.10459308e+01,-9.75541539e+00,-2.83035040e+00,-3.99237162e+00,-1.13268299e+01,-3.21657688e+01,-7.97864889e+00,4.48751257e+00,1.74230248e+00,2.93517196e+00,1.27859027e+01,4.33781979e+00,8.75301164e+00,-1.23259154e+01,1.29979387e+01,-1.24369478e+01,-2.05538390e+01,4.85647344e+00,-1.10224839e+01,-1.17310364e+01,-4.48874133e+01,-3.00544643e+00,2.29339672e+01,1.27862754e+01,-3.32005521e+00,-2.82637908e+00,9.48997599e+00,1.84615141e+01,-1.17494167e+01,-2.79407529e+00,-9.21661273e+00,-1.00553349e+01,-9.20755359e+00,4.09452305e+00,2.02975353e+01,-1.88892351e+01,-1.51213250e+01,5.11688137e-01,-2.88456282e+00,-4.94070174e+00,-2.57114696e+01,1.62794988e+01,6.86826993e+00,1.78172478e+00,1.40384131e+01,-8.67097452e+00,8.98503670e+00,7.83794959e+00,1.53082967e+00,-2.05858703e+00,3.34232546e+00,-4.17577066e+00,1.30609549e+01,-1.19205905e+01,1.17750362e+01,2.81032530e+00,3.90348879e+00,6.35626769e+00,-2.34811424e+01,2.12754306e+00,-1.86938804e+01,-1.40785153e+01,-1.38706144e+01,-1.34127399e+01,7.70393034e-01,4.27247118e+00,1.35371983e+01,2.56616863e+00,4.07380874e+00,-2.00377160e+01,-7.48780004e+00,9.55288371e+00,4.13874644e-01,-5.42693942e-03,-2.51652572e+00,1.00763595e+01,-2.60151198e+01,3.23629593e+00,6.67440953e+00,1.19345802e+01,1.05734526e+01,-1.60609438e+01,3.28941243e+00,1.60283684e+00,1.85113063e+00,5.14602443e-01,-6.17243394e+00,-1.00303542e+01,4.59786468e+00,1.71617393e+01,-2.32136813e+00,3.07728362e+00,3.87847049e+00,-7.71120947e+00,-7.51112630e+00,-3.31886288e+01,-1.13381055e+01,-1.50687603e+01,-2.52870986e+00,-1.84973350e+01,2.16457403e+01,-8.97464554e+00,-1.50931591e+01,-4.47488232e+01,1.89720331e+01,3.91820876e+00,4.03883555e-02,-1.73875774e+01,2.30488901e+00,-4.80834025e+00,-9.17168296e+00,2.13151829e+00,9.19702715e+00,2.12916825e+00,-4.86269602e+00,-2.43328707e-01,4.10580463e-01,4.54525409e+00,-1.84314005e+01,2.00055420e+01,-1.15955304e+01,-7.63211502e+00,-1.24554479e+01,-2.85446099e+01,1.92313364e+00,-1.40593700e+01,-6.32516706e+00,9.52131307e+00,-6.64048865e+00,-9.64258065e-01,-3.03049919e+00,-7.21726260e+00,3.20180058e-01,1.50738876e+01,-1.51618881e+01,2.71383792e+01,-6.07092974e+00,9.92127997e+00,-2.61218867e+00,3.81173638e+00,-3.27352921e+00,1.30003279e+01,1.78120683e+01,5.17853887e+00,1.48102358e+01,-9.90892724e+00,-1.14891331e+00,-7.00248655e+00,1.86865776e+01,1.61607165e+01,1.20250747e+01,-4.28141525e+00,-7.77388131e+00,6.99485455e+00,-7.54299391e+00,-4.11583981e+00,-2.00974683e+00,-8.49083984e+00,1.43178515e+01,-2.26473227e+00,1.02627587e+01,4.56173661e+00,4.90738406e+00,-9.52157356e+00,8.64098114e+00,-4.33853335e+00,-3.16482632e+00,-5.89653321e-01,-1.46258222e+01,2.21166013e+01,-7.82522802e+00,-1.36682149e-01,5.95895822e+00,5.59738947e+00,2.08821219e+01,-5.45466154e+00,2.15894772e+01,1.93555730e+01,-2.74733978e+01,2.08870953e+00,-5.40950794e+00,3.35258557e+00,2.08259327e+00,4.62173787e+00,1.74845716e+01,2.60243536e+01,-2.18532873e+01,2.18674003e+01,-2.67148452e+01,-2.23502023e+01,-3.51868858e+00,2.71416300e-01,2.08437524e+01,1.08013179e+01,-4.75703096e+00,-2.53832435e+01,1.91671353e+01,-1.27234121e+01,-1.16152430e-02,-1.45545953e+00,3.58676707e+01,-7.29002344e+00,-2.97826071e+01,8.50129749e+00,-4.50436589e+01,3.60202059e+00,-1.03331235e+01,-4.91281417e+00,-7.31507330e+00,-1.62122497e+01,1.08543953e+01,-9.79583871e+00,-2.54981117e+00,-2.20182957e+01,-1.38175946e+00,-1.40140959e+01,-2.12286064e+01,-3.34346216e+01,3.29213843e+00,-9.24031128e+00,1.86439972e-01,-3.47221493e+00,-2.31372260e+01,-1.77064217e+01,-1.58995920e+01,-1.52392800e+01,1.51990945e+01,2.46173840e+00,-1.31882394e+01,-6.06758533e+00,-7.09539097e+00,1.08099537e+01,-8.86798938e+00,-2.89345081e+00,-7.25278007e+00,-1.06619543e+01,-1.07682345e+01,1.10603557e+01,-4.15288622e+00,-2.52909627e+01,2.21407855e+01,1.30136632e+01,1.51281899e+00,-2.15471047e+01,-2.11716208e+01,2.91514748e+00,9.00168187e-01,-9.22463397e+00,-1.33165058e+01,9.94030972e+00,-1.77951352e+00,7.56998230e+00,1.36028221e+01,9.99007959e+00,8.33809166e+00,6.61347101e+00,-6.23544352e+00,-3.70468927e+00,-5.40627592e+00,-1.00281312e+01,-1.31845351e+01,-1.78840771e+01,-1.05467328e+01,-2.59681785e+00,-2.25685567e+01,-2.77475353e+00,9.31734803e+00,-2.10122897e+01,8.29447612e+00,7.12387873e+00,-1.93326940e+01,-1.58583879e+01,-5.15468952e+00,4.84713253e+00,-1.13346716e+01,2.03459279e+01,1.78594071e+01,-2.16957842e+01,1.35415846e+01,1.01261770e+01,2.99713008e+00,6.12720056e+00,-1.19508684e+01,-4.10597729e+00,1.30555637e+00,5.22095420e+00,1.23859193e+01,-1.52518070e+01,-1.91395471e+00,4.90387207e+00,3.78657037e-01,-8.64694212e+00,5.76292563e+00,-7.53453428e+00,-5.53991100e+00,7.20700165e-01,-1.71775826e+01,1.68359972e-01,-5.52571199e+00,-3.46627925e+00,1.76906301e+00,-1.55353843e+01,1.57202985e+01,-7.22831140e+00,-3.64821867e+01,-2.42344314e+01,1.05665232e+01,-1.00830381e+01,-5.26768479e+00,-7.78514773e+00,-4.84152882e+00,-2.86832180e+01,-2.28799266e+00,-1.76638966e+01,-8.82511745e+00,6.73226119e+00,2.14640736e+01,4.59918981e-01,-7.72183872e-02,1.64172141e+01,-1.44201821e+01,9.29900191e+00,2.13323297e+00,-1.29221157e+01,-6.24411669e+00,6.24522220e+00,3.74886967e-01,3.67061006e+00,3.51281447e+00,-6.39300523e+00,-8.10863352e+00,-1.40724969e+01,1.36489299e+01,-1.83542015e+01,-1.37377533e+01,3.67378971e+00,-2.46861065e+01,5.72591207e+00,1.65505221e+01,-2.29029080e+00,3.04279378e+00,-7.78230761e+00,-5.64310275e+00,2.54569935e+00,1.04023448e+01,-1.07094363e+01,7.58755489e+00,-3.53037819e+00,-6.58331778e-01,7.09630790e+00,5.00092002e+00,-2.73258644e+00,-3.09640988e-01,5.15087106e+00,7.93118541e+00,-1.98407490e+01,1.16653436e+00,1.49435932e+01,-2.65101231e+01,9.16330904e+00,-3.30141636e+01,-2.57220108e+00,-4.21078004e+00,-2.14896623e+00,-2.78116857e+00,-7.58038314e+00,-1.45195819e+00,3.94612063e+00,-6.66325904e+00,3.57359541e+00,2.48780549e+01,-1.71732816e+01,-7.43299607e+00,1.05959719e+01,6.57473211e+00,1.15014768e+01,4.49517752e+00,7.14303070e+00,-4.50431322e+00,-1.36750484e+01,-1.25929714e+01,-6.82260727e+00,7.55371873e-01,-1.15546442e+01,-3.65371237e+00,1.86042061e+00,6.36739724e+00,-2.31418782e+00,1.62493241e+01,-1.55540661e+01,-1.49847127e+00,-1.51488452e+00,8.08161861e+00,-1.20029238e+01,-7.41220106e+00,6.19245659e+00,1.40674220e+01,1.99831044e+01,9.92162374e+00,1.20211874e+01,-7.72235559e+00,1.79275687e+01,1.81531601e+01,-1.50865722e+00,9.91061291e+00,1.07217276e+01,-5.89683170e+00,1.75263189e+00,1.76684149e+01,-7.30566849e+00,-3.27488902e+00,-1.77375659e+01,6.94411027e+00,-3.01593989e+00,5.44428377e+00,1.85496673e+00,-1.13261428e+01,1.33822720e+01,1.11856575e+01,-7.25313197e+00,4.59503411e+00,-1.62992505e+01,-1.50160478e+01,6.56576527e+00,-1.91184745e+01,-8.37668585e+00,1.75354809e+00,2.36394767e+01,-5.98214694e+00,-3.37018014e+00,-4.40716429e+00,3.21609853e+01,4.84882809e+00,-1.15439259e+01,1.93874916e+01,1.76352882e+01,8.95880756e+00,2.13528679e+01,2.27478759e+01,-2.55306114e+00,-8.21111293e+00,-8.97905094e+00,7.33089688e+00,1.01858928e+01,-1.65115373e+00,-6.31275892e+00,-1.69956099e+01,-7.28501450e+00,-1.26497243e+01,8.25306805e+00,4.55717102e+00,1.69320997e+01,2.26014161e+00,-6.97723733e+00,-2.00251544e+00,1.13509762e+01,3.60830247e+00,1.55008315e+01,1.62066807e+01,-3.50796555e+00,-2.29397465e+00,-2.72622666e+01,1.43711693e+01,-1.29517008e+00,1.51602460e+01,-6.13665197e+00,-1.73609024e+01,5.21540577e+00,1.95915456e+01,-7.13091722e+00,1.90163552e+01,-2.03242504e+01,-6.56043921e+00,-2.26229915e+01,5.73729213e+00,2.90894231e+00,8.07021262e-01,-1.70231422e+01,2.46073480e+01,1.49725487e+01,2.11338412e+00,-1.30533778e+01,6.24034803e+00,-7.04149773e+00,-3.04995495e+00,-6.09183786e+00,5.51537456e+00,-3.28153907e+00,-5.36300062e+00,5.82703207e+00,6.85446221e+00,-2.43120625e+01,5.39744996e+00,1.84483483e+01,1.16753032e+01,-3.85545987e+00,7.50130600e-01,-1.02844307e+01,1.62142979e+01,4.07244531e+00,-1.82559164e+00,-1.68941249e+00,3.01942372e+01,-3.92858565e-01,8.10325089e+00,2.02144569e+01,2.74982549e+01,1.70043607e+01,1.19587763e+01,-1.72152673e+01,-1.26284002e+01,9.57535873e+00,4.71139764e-01,8.69856540e+00,4.40176068e+00,1.74066811e+01,-2.20449443e+01,-1.35922290e+01,-2.59188890e+00,-2.37421850e+01,4.75055328e+00,1.12353696e+01,2.84788000e+00,-6.24284960e+00,6.62165915e+00,3.89644328e+01,7.93940291e+00,4.34668029e+00,-1.35596582e+01,-1.76055845e+01,-4.64564689e+00,8.26518074e+00,-1.54031577e+00,6.36268229e+00,9.72955340e+00,-1.74344433e+01,7.16264092e+00,1.29214528e+01,1.61601384e+01,-2.16220774e+00,2.61462870e-01,-2.30458397e+00,-1.33238873e+01,-1.99720745e+01,2.21423941e+01,-2.12649603e+00,-1.59266577e+01,1.05490723e+00,-7.45339768e+00,2.50446870e+01,-6.14579875e+00,-1.01395478e+01,9.70517464e+00,-3.92913617e+00,1.22736098e+01,-6.20149517e-01,2.73483176e+01,1.36526060e+01,9.35375750e-01,-1.01731330e+01,7.25238554e+00,-1.52464649e+01,-2.26218681e+00,1.76854005e+01,-7.42056157e+00,-1.24692320e+01,-5.97039078e+00,1.47027031e+01,3.56427627e+00,-2.34923214e+01,9.30771910e+00,3.52901327e+00,2.39986072e+00,-1.40151418e+01,1.40632458e+00,9.70665929e+00,1.41083029e+01,1.76730046e+01,8.48786275e+00,1.44879052e+00,-1.46143083e+01,-1.27156213e+01,-1.99256376e+01,-2.65978242e+00,9.45846309e+00,-8.15449985e-01,1.51498591e+01,-8.90245532e+00,4.80678212e+00,-4.77796105e+00,-7.69488278e+00,1.63116321e+01,1.93394248e+00,1.69830189e+01,1.47118648e+00,6.61366862e+00,-4.64680231e+00,1.68272009e+01,-3.53165364e+00,-2.14256682e-01,-2.20235106e+01,-2.81396936e+00,2.00699262e+01,1.90249598e+01,6.57019843e+00,-3.56393477e+00,8.18473583e-01,-5.56330994e+00,-2.62529153e+00,2.48686173e+01,1.08904213e+00,-6.75255548e+00,-3.06675111e+01,-1.41651310e+01,-1.05362535e+01,-1.78949289e+01,-1.63655177e+01,-1.99915936e+01,-1.26462805e+01,-9.82800384e+00,-1.27398741e+01,1.29298774e+01,-6.79448593e+00,-2.67518014e+01,1.20238575e+01,-8.72099527e+00,-2.21790169e+01,2.77925969e+01,-6.52892671e+00,5.39246265e+00,1.17900328e+01,1.57742583e+00,6.85773231e+00,4.59300087e-01,9.12376583e-02,-3.78022797e+00,-2.02058315e+01,3.22359169e+00,-3.54366211e+01,1.86334377e+01,-1.16996899e+01,-4.31182432e+00,-4.96425574e+00,4.34240060e+00,-5.55837680e+00,8.37543412e+00,-1.53689755e+01,1.07870240e+01,1.11470729e+01,4.00025845e+00,2.59207343e+00,5.75322064e+00,1.93489547e+00,9.03842253e+00,-1.96619245e+00,-1.81962419e+01,2.67723537e+00,-7.75955639e+00,-5.01982582e-01,1.45025850e+01,-2.31272199e+01,2.85653749e-01,5.24329958e-01,2.61218962e+00,8.85055568e+00,-3.84153792e+00,2.36541318e+01,1.21411101e+01,-4.61679561e+00,-2.94536821e+00,9.79325945e-01,2.21653043e+01,-1.49127866e+01,-2.90723057e+01,8.36814006e+00,-2.80827175e+00,-3.96896477e+00,4.80195232e+00,2.16825569e+01,1.24283813e+01,-4.92695270e+00,-1.45793696e+01,-2.54472312e+00,8.13992145e+00,-4.10332336e+00,-2.11833350e+01,-1.56527111e+00,-2.61617605e+01,-1.35630433e+01,2.31257172e+01,-1.41797875e+01,-1.90419487e+01,-1.51483928e+01,-1.05041534e+01,9.45434245e+00,2.34038253e+01,-1.81860027e+00,7.71852425e+00,-5.03043985e+00,-1.89734718e+01,1.44173696e+01,-1.30532536e+01,8.24100085e+00,9.21533259e+00,-3.20809079e+00,1.12818922e+01,1.15838894e+01,3.11664625e+01,-4.01936610e+00,-1.39173369e+01,-1.82937906e+01,-4.18599241e+00,-9.15282927e+00,2.80606562e+01,-1.29882438e+01,2.51382875e+00,1.73614063e+00,-6.51836940e+00,-2.29715482e+01,-1.98986210e+00,2.78985900e+01,4.12733157e+00,2.19161517e+00,-1.50700526e+01,-1.57869422e+01,-3.20773246e+00,1.33213469e+01,-6.95473770e+00,2.92839232e+01,-1.23577223e+01,4.62930962e+00,-5.48456036e+00,-1.84176925e+01,1.30453564e+00,-1.52182910e+01,-2.09242273e+01,2.09085382e+00,4.02992149e-01,1.38067700e+01,6.46442110e+00,-9.65328234e+00,6.58084621e+00,-2.33812516e+01,-1.42220746e+01,2.61434636e+01,2.32940339e+00,-3.36581695e+00,-8.20792464e+00,-2.19658968e-01,-2.42514413e+00,2.45852942e+01,1.16056025e+01,-3.55988094e+00,-1.78671155e+00,-1.14037531e+01,-4.75044170e+00,-1.82842560e+01,1.40499720e+01,1.89138386e+00,3.29855747e+00,4.42078407e+00,-2.40910098e+00,-5.56214125e+00,2.31128304e-01,-2.97178083e+01,-4.51906351e+00,-2.23350256e+00,-2.14198369e+00,1.49160020e+01,1.75524011e+01,4.64801369e+00,-2.65183015e+01,1.81790746e+01,-6.58870979e+00,-1.04353494e+01,-2.43352082e+01,-9.46356153e+00,1.63974856e+01,8.38053605e+00,3.75302329e+00,8.88171283e+00,-1.56357524e+01,-1.25738287e+01,1.66023692e+01,1.13925298e+01,1.39869377e+01,6.44853916e-01,2.55203294e+00,1.52653065e+01,2.77363701e+01,-6.84196350e+00,1.02942345e+01,-5.16796645e+00,-1.19500094e+01,-9.27984514e+00,-8.52210160e+00,-3.76292579e+00,-1.39895352e+01,-6.16224036e+00,-3.77242619e+01,9.56054640e+00,7.02731114e+00,-7.12510173e-01,-1.06161801e+01,-5.69602728e+00,-1.50913993e+01,2.98002016e+00,2.27142986e+01,-5.71370120e+00,-5.07384131e+00,5.49657636e+00,-1.39109690e+01,2.48319041e+01,4.71794224e+00,3.72459071e+00,1.46372162e+01,-3.61002878e-01,1.61008884e+01,4.76320723e+00,-2.09182198e+00,3.34222841e+00,-1.46008261e+00,2.01330919e+01,2.40950709e+00,4.81325045e+00,-2.77458892e+00,3.14501707e+00,-2.61359259e+01,-1.00380480e+01,-1.32144850e+01,1.46058384e+01,-9.22230552e+00,-1.71653994e+01,1.60719887e+01,-3.91189033e+00,1.24112228e+01,-2.53013237e+01,6.49889582e+00,1.69222000e+00,1.52188522e+00,-2.88292013e+00,-1.81085756e+00,1.38449475e+01,6.33235478e-01,-1.38110763e+01,-5.62743491e+00,6.45657029e+00,-3.32000623e+01,-2.57316092e+01,6.62032518e-01,3.63417054e+00,-1.31893243e+01,-5.24570458e-01,3.04085459e+01,8.88950251e+00,-1.58645881e+01,2.21059869e+00,-2.63380984e+00,3.43488338e+00,-9.62079596e+00,5.72813740e+00,7.12463414e+00,-1.80126296e+00,3.10907057e+01,-2.67006275e+00,-8.85698064e+00,6.50846396e+00,1.24859026e+01,-9.92626523e+00,-4.23805544e-01,2.74994170e+01,-7.74604013e-01,1.53310453e+01,4.43409588e+00,-2.45843868e+00,-6.03211329e+00,1.47094345e+01,-1.57272333e+01,-8.92488406e-01,-5.10425720e+00,-1.18006437e+01,3.80600403e+00,6.60045942e+00,1.25631106e+00,-4.85010263e-01,-1.10055777e+01,4.98410049e+00,-1.05257109e+00,-6.64088172e+00,-5.98654858e+00,5.76030382e+00,-9.84284623e-01,-1.05151923e+01,-2.99021655e+01,1.68969221e+00,5.91955566e+00,-1.22666001e+01,-6.59861485e+00,2.29520434e+01,2.48414218e+00,1.05037004e+01,1.90951040e+00,1.00036397e+01,9.90403615e-01,-1.10468123e+01,-1.51471904e+00,2.10523298e+00,7.83922473e+00,2.19532811e+01,1.39452338e+01,3.58561674e-01,3.61953200e+00,1.72379671e+01,7.28837066e+00,-2.07596894e+01,-7.78800057e+00,4.15012667e+00,2.35179442e+00,7.10157322e+00,-1.49951766e+01,2.09009151e+00,1.09858377e+01,1.38131772e+01,-1.20753066e+01,-8.35053757e-01,-5.65311274e-01,-4.95279852e+00,-8.48463812e+00,-4.54119549e+00,-1.72930512e+00,2.63721377e+00,1.17336226e+01,-8.69397780e+00,2.30949711e+01,9.37072090e+00,6.76030256e+00,1.01447685e+01,8.18335921e+00,9.36677569e+00,1.54597469e+01,-1.29802210e+01,1.77764998e+01,-3.16222564e+01,8.81180514e+00,-2.97871411e+01,2.30508401e+01,2.10478777e+01,-2.65627483e+00,-1.36747394e+01,-1.21266291e+01,-1.63749169e+01,-1.81325676e+01,1.53957632e+01,1.19204340e+01,6.76308803e+00,8.95148725e+00,1.13741372e+01,-1.12318423e+01,-4.69835355e+00,1.59296037e+01,-3.42181507e+00,1.44702939e+01,2.08381043e+01,-1.03472316e+00,-2.06987568e+01,6.88158556e-01,3.27115108e-01,-2.63744755e+00,4.06418431e-01,-1.86522696e+01,-4.34907647e+00,2.99691997e+00,2.98166055e+00,1.35912974e+01,-1.10753479e+01,1.69296900e+01,-1.12946115e+01,6.65448311e+00,1.14190383e+01]
