name = '*CO_19'
composition = {'H':0, 'C':1, 'N':0, 'O':1, 'Pt':1}
facet = ['Ni111'] 
coverage = 1
DFT_energy = [-93.052308, 'eV']
ZPE_energy = [0.184, 'eV']
frequencies = [139.6, 157.4, 276.0, 292.1, 333.3, 1769.9, 'cm-1']
gas_DFT_energy = [-12.070108, 'eV']
gas_ZPE_energy = [0.134, 'eV']
sites = 1
BEE = [-5.02021557e+02, -3.98345948e+01, -1.16256430e+02,  3.88717989e+02, -1.83471708e+02, -1.61040869e+02, -3.42379396e+02, -7.63968897e+02, -3.66042285e+02, -4.10088539e+02, -3.34015089e+02,  3.91469109e+01,  1.22557108e+01,  2.63588780e+01,  2.68205658e+01,  4.04641248e+02, -1.78848114e+02, -1.58403636e+02,  1.50470829e+02, -9.54260300e+02,  5.02194782e+02, -2.29843916e+02, -4.37021806e+01, -1.03506959e+02, -4.91732704e+01, -5.01540340e+01,  7.41784886e+02, -1.82759317e+02, -7.08989668e+01, -4.51297254e+02,  6.64516460e+02, -1.17723473e+02, -3.34758019e+02,  2.05976143e+02, -3.64616251e+01,  1.67191575e+02, -2.73219008e+01,  6.12539424e+01,  2.34192342e+02, -8.73948959e+02,  4.64951970e+02,  1.10077870e+02, -4.91899406e+01, -2.89863721e+02,  9.66290690e+01, -1.54594504e+02,  3.76397894e+02,  3.17444431e+02, -2.36760618e+02, -2.50923521e+02, -2.56550166e+02, -2.90584619e+02,  9.75014594e+01, -4.26594009e+02,  1.17252195e+02,  5.14404963e+02,  5.86856871e+02,  2.98306473e+02,  1.38155271e+02,  2.35006813e+02,  7.69693063e+02,  1.81048764e+02, -4.72926670e+02, -1.06585410e+02, -2.01903742e+02,  5.24172763e+02, -6.42979879e+02, -5.37984588e+02, -2.32171244e+02, -8.30300748e+01, -3.76278100e+02,  2.29867419e+02,  8.26246795e+01,  1.12232925e+02, -3.31008373e+02, -2.98757636e+02, -4.83504772e+02,  3.22041013e+02, -2.80649085e+02,  2.25746001e+02, -5.64632051e+01, -2.51897744e+02, -5.00020756e+02, -1.49197719e+02, -9.69217228e+01, -1.36592679e+02,  3.38020921e+02,  6.06911239e+02, -3.61927757e+02, -6.86732546e+02, -1.70554050e+02,  9.50990759e+02, -4.90128990e+02,  2.84450158e+02, -9.05533022e+01, -5.33257835e+02,  2.06354494e+02,  3.27797121e+02, -1.50472673e+02,  3.02796627e+02, -2.30068562e+02, -4.39448999e+02,  7.63286132e+02,  3.99041802e+02,  2.66474683e+02,  1.25739484e+02,  2.10352256e+02,  6.98627269e+02, -2.13306067e+02,  4.95670149e+01, -1.18557797e+03,  1.58181014e+02, -5.85229535e+02,  1.24280733e+02,  1.84989362e+02, -2.92414868e+02, -4.59323366e+02,  5.39372902e+01, -2.51945696e+02,  3.04186088e+02, -4.35837928e+02, -2.24664300e+01, -3.04327174e+02, -3.58201028e+01, -2.82097952e+01,  1.44179152e+02,  1.10699190e+01, -5.10981708e+01,  5.18006986e+02,  7.82079954e+02,  4.09822393e+02,  6.69796325e+02, -1.02133136e+02,  1.16106318e+02,  4.70147329e+02, -7.79631010e+01, -6.54193291e+02, -3.20367880e+02, -4.29698772e+02, -2.45856777e+02,  2.40074670e+02, -1.00971178e+03, -1.65205939e+02,  3.67903305e+02, -3.12306367e+02, -3.15668353e+02,  4.63893326e+02,  3.76845497e+02, -2.96464457e+02,  1.65136198e+02, -2.10395138e+02,  2.97939126e+02,  3.37451178e+01,  1.31313953e+02, -7.43781673e+02, -4.15680454e+02, -6.56817674e+01,  2.91936721e+00, -3.30924208e+02,  9.13569182e+02, -1.90709312e+02, -2.87916192e+02,  3.22281040e+02, -4.11315818e+02, -2.79359566e+02,  2.62036070e+02,  9.47358802e+01,  1.11051718e+02,  1.03384328e+02, -9.67317600e+01,  1.66652795e+02,  4.98997983e+02, -2.53377547e+02,  1.47910160e+02,  7.79151053e+02,  2.87071879e+02, -7.47040181e+01, -1.64027616e+02,  1.31806144e+03, -1.50447374e+02,  3.02570168e+02,  1.85406553e+02,  2.95335350e+02,  7.61602835e+02,  4.27703604e+02, -2.49785521e+01,  1.93849187e+02,  4.04910447e+02,  3.32653168e+02, -4.75713886e+02,  8.00960368e+02, -7.13053888e+02, -1.51953700e+02,  4.92731999e+02,  7.12989414e+01,  5.94147037e+01,  2.68611138e+02,  2.10039914e+02,  3.06699997e+02, -5.47474977e+02,  4.34570669e+01, -2.34498804e+02, -9.36069200e+01, -2.88599076e+01, -7.62150281e+01, -4.73414508e+01,  7.01104693e+02, -7.27526145e+01, -2.37226214e+02, -1.92729190e+01,  1.00072988e+02, -5.04103771e+02, -3.82519188e+02, -3.12444474e+02, -5.40409273e+02, -1.41197620e+02, -3.56789485e+02,  1.66037118e+02, -1.02990464e+01, -9.08870379e+01, -7.33626465e+01,  5.60599834e+01, -1.72386310e+02,  5.73495437e+02, -7.03227861e+02, -1.38369945e+02, -1.34810063e+02,  1.44242185e+02,  1.57649402e+02, -3.96124564e+02, -1.57617849e+02,  3.58036193e+02, -1.91409009e+02,  1.35609258e+02,  3.16688139e+02, -3.65377672e+01,  9.68577651e+02, -1.77240855e+02, -2.75955360e+02,  5.56264674e+01, -1.94049894e+02,  4.55356888e+02, -3.08026102e+02,  7.29082897e+01,  5.37120075e+02, -1.12151399e+02,  1.03025517e+03,  1.09961628e+03, -5.62223482e+02,  4.97965759e+02,  1.43099058e+02, -4.57964490e+02,  1.51053455e+02,  3.10302883e+02,  3.25095293e+02,  2.01873629e+01,  1.00732210e+02,  6.09092206e+02, -1.97775052e+02,  1.39885187e+02,  6.52961023e+02, -3.20084529e+02, -1.27125245e+02,  4.45944884e+02,  2.29442379e+02,  6.53939681e+02,  2.19465532e+02,  5.76052868e+01,  2.25060441e+02,  3.32676811e+02, -4.14079108e+02,  2.88992567e+01,  1.56529265e+02,  1.05289566e+02,  1.87781410e+02, -5.02221248e+02,  2.94401318e+02, -3.81457345e+02, -2.70666429e+02,  1.50146192e+02, -1.21351017e+02,  4.69611829e+02, -2.08603317e+02,  2.48744090e+02,  2.80194550e+02,  6.82775879e+02,  4.75305899e+02,  4.05738599e+02, -7.63626300e+01, -5.81441876e+01, -2.71074072e+02,  6.56047309e+02,  6.73416406e+02,  3.19791219e+02, -1.96830432e+02,  4.31236708e+02, -7.76627230e+01,  1.82127093e+02,  5.32471775e+02,  6.99694662e+00, -6.60803105e+01, -2.13113091e+02, -4.54500461e+02,  8.30358375e+02,  3.85888404e+02, -4.78621784e+02, -1.32180819e+02,  2.38845227e+02, -9.03868999e+01,  5.33117659e+02,  1.04840147e+02,  6.81972659e+02,  2.64832719e+02, -2.43910306e+02,  2.12942015e+02, -3.62556802e+01, -2.73009065e+02,  1.44032674e+02,  1.61497491e+02,  7.77100963e+02,  6.84143991e+02,  4.50071479e+02,  5.97455493e+02,  6.19165777e+01, -2.34839376e+02,  1.34092904e+02, -2.84549200e+02, -4.32358259e+02, -4.95506462e+02, -2.33249713e+02, -9.21871740e+02, -2.65678791e+02, -7.29955424e+02,  1.83296272e+02, -3.93740914e+02,  3.49496063e+02, -8.17550386e+02, -2.77146810e+02,  4.23711841e+02,  1.92413634e+02, -7.36590330e+02,  5.32027457e+02, -2.06363934e+02,  4.45535654e+02, -2.19949346e+02, -6.74356058e+02,  1.03913115e+02, -5.43817407e+02, -1.15378735e+02,  2.75480551e+00,  3.63368154e+02,  1.06948346e+03, -3.89134334e+02, -2.99406711e+02, -2.36551659e+00, -1.19646082e+02, -6.93675799e+02, -4.75823706e+02,  4.23691356e+02, -2.17649160e+02,  1.43484800e+02, -4.16231882e+02, -1.27520915e+02, -3.42968655e+02,  4.58106364e+02,  1.31856363e+02, -1.91470591e+02, -1.14122626e+02,  8.58811498e+01, -7.14333734e+01,  3.71475342e+02, -2.14364883e+02,  4.32513556e+01,  2.92958806e+02,  1.50285784e+02, -1.48604199e+02,  1.32246170e+03,  4.62275470e+02,  2.87705975e+01,  9.06955380e+01, -5.26545928e+02,  2.64084512e+02, -6.39772891e+02, -2.19008508e+02, -4.69649429e+02, -1.63171896e+02,  4.74395247e+02, -4.81850572e+02,  1.54402686e+02, -2.33707765e+01,  2.80031947e+01, -3.18197730e+02, -3.82092137e+02, -2.33342095e+00, -3.66075798e+02, -1.89340903e+02, -3.49109677e+02, -8.92301175e+01, -3.06339143e+02, -4.38499608e+02,  1.91986759e+02, -1.47831883e+02,  1.80469841e+02,  8.67234796e+01, -6.27150140e+02, -4.67930409e+02, -3.38436596e+02,  3.04253388e+02, -8.51936538e+00, -5.39907972e+02,  4.96234833e+02, -3.39342845e+02,  4.66687711e+02, -2.56608670e+02, -4.15131248e+02,  2.27157291e+02, -5.78478496e+02, -3.31202125e+02,  5.44861756e+02,  1.54021040e+02, -3.44708303e+02,  4.46964670e+02, -1.45879801e+02, -3.21540988e+02, -2.61128797e+02, -4.14171866e+02,  2.02358587e+02, -7.75041704e+02, -7.10966497e+02, -8.24288625e+01, -2.57654666e+02, -4.69660872e+02,  6.14862997e+02,  1.12682250e+03, -2.82632038e+02, -2.76481204e+01, -5.38561946e+02,  5.64085891e+02,  1.57553835e+02, -1.66263916e+02, -3.29553496e+02,  1.44451578e+02, -5.19410381e+02, -1.71953715e+02, -7.57720487e+02,  2.97924184e+02,  1.12460651e+02,  5.34707817e+00, -5.84648112e+01, -2.90385062e+02, -7.59558392e+01,  1.08809306e+03, -1.64845671e+02, -3.93632631e+02, -5.78532007e+02,  1.10853507e+02, -3.06260150e+02,  7.50614042e+01,  2.48531659e+02,  5.74971200e+01,  2.39990601e+02,  1.01991564e+02,  5.09279634e+02,  2.63720681e+02, -2.88832240e+02,  3.60002803e+02,  2.96512358e+02,  9.50327678e+01,  3.81983298e+02, -2.09020894e+02,  6.20629370e+02,  1.57487828e+02, -2.56598027e+02, -4.91782917e+01, -1.63304013e+02,  2.06121079e+02, -2.25186288e+02, -2.46620529e+01, -9.15534174e+01,  7.08815579e+02,  4.56791629e+02, -5.76834532e+02, -3.50187054e+01, -4.61199650e+02, -1.50738811e+02, -1.93903611e+02,  6.26827748e+01, -1.23872324e+01, -2.20759763e+02,  1.07661805e+02, -5.88803338e+01, -9.00238163e+01,  7.40758456e+02,  1.54725465e+02, -6.91937578e+02, -3.78939981e+02,  7.88106319e+02,  2.33991418e+02, -7.31615837e+01,  9.07550580e+02, -1.58515033e+02, -9.72819204e+01, -4.96761778e+01,  1.14728199e+02,  2.42495031e+02,  3.50159839e+01,  2.28909121e+02, -1.36125186e+02, -2.64572848e+02, -3.69385272e+02, -4.08763307e+02,  3.83696550e+02,  1.08228990e+02,  3.22473478e+02,  1.17885781e+02,  7.55828448e+02,  1.49869098e+02, -6.99049841e+02, -2.93222416e+02,  8.49200134e+01, -2.37061323e+02,  5.29861918e+02, -1.06191556e+02,  1.56980422e+02,  4.25154917e+02, -6.26294319e+02,  1.26831633e+03,  1.65528155e+02,  2.03726391e+02,  2.98999414e+02,  6.87781472e+01, -6.31239648e+00,  3.08001199e+02, -3.02767730e+02,  6.97337449e+02,  6.01414685e+02, -3.53270945e+02,  1.27141688e+02,  5.92297332e+02, -1.84974778e+02,  1.35916241e+02,  3.65253934e+02,  3.64309371e+02, -6.68868455e+02, -1.18856215e+02, -2.99516068e+02, -2.56090100e+01, -3.54495121e+01, -2.31829439e+01, -1.39700804e+02, -2.50321108e+02,  7.00201440e+01,  8.73400291e+01,  4.56356061e+02, -3.58552233e+02,  3.29308693e+02,  3.81154222e+02, -1.42480518e+02,  7.56155413e+02, -5.82825638e+02, -8.98521459e+02, -5.66339293e+01, -7.14401946e+01,  6.16354184e-01,  6.72112697e+02, -6.24874438e+01,  3.46795615e+02,  4.06690212e+02,  3.24202314e+02, -9.03797229e+01,  5.39578732e+02, -1.36092987e+02, -2.75131145e+02, -3.95090082e+02,  4.57262301e+01,  3.28045211e+02, -4.31654288e+01,  3.26994443e+02, -2.61864799e+01,  5.45926355e+02,  1.70076919e+02,  7.59942027e+01, -4.76944007e+01,  2.89140247e+02,  3.22098260e+02,  1.70164749e+02, -6.86498867e+00, -4.57170184e+02,  2.56266649e+02,  1.68293246e+02,  3.14773691e+02,  2.64350216e+02,  3.01744038e+02, -5.07028190e+01,  2.30166811e+02, -2.10007694e+02, -8.85441498e+00, -4.73873028e+02, -2.65529736e+02,  3.33238896e+02, -7.71256911e+02,  2.50711833e+02,  1.44909438e+02,  7.04633659e+02, -2.23115030e+02,  2.59278997e+02, -1.00081876e+02, -4.11943823e+02, -6.13810286e+02, -6.88121158e+01, -7.48167183e+02,  1.37775846e+02, -1.75922700e+02,  2.55024361e+02,  1.73782822e+02, -2.17165965e+02, -2.12581496e+02,  3.28644433e+02, -5.10109840e+02, -1.03600036e+02, -1.77118146e+02,  1.99010256e+02, -4.61460452e+01,  4.95623645e+01, -1.83882755e+02,  4.84284561e+02, -4.04227367e+02,  8.22365374e+01,  5.10680185e+02, -2.91009893e+02,  1.52992973e+01, -3.26661153e+01, -5.83832400e+02, -3.95956528e+02, -6.84207008e+01,  2.24198330e+02,  2.73744856e+02,  4.13711127e+01, -6.87409946e+01,  1.88251522e+02, -3.84306818e+02,  2.73136863e+00, -4.28137738e+02, -2.34105683e+02,  3.99642013e+02, -2.50151018e+02,  5.45082610e+02, -1.80706708e+02,  2.99392862e+02,  2.17304682e+02, -5.29734466e+02, -2.42972286e+02,  7.30506232e+01, -3.38782598e+02, -2.97247140e+02, -7.37760133e+02, -4.73805504e+02, -4.44505988e+02, -3.65514331e+02,  1.92696033e+01,  1.11664730e+02,  8.07470532e+00,  1.77489861e+02, -4.84743924e+02,  1.22717061e+02,  1.76217019e+02, -5.65225545e+02, -5.48350944e+02, -3.49592150e+02, -1.97190527e+02,  1.66391946e+02,  7.84925655e+00, -3.78029203e+02,  3.03462910e+02, -1.69601061e+02,  4.25387298e+02, -7.59195974e+02,  5.12748103e+02, -3.11641740e+01, -3.10826636e+02, -2.22514167e+02,  2.77549367e+01,  3.60718373e+02, -6.41363661e+02, -1.20210696e+02, -1.74424732e+02,  4.17472954e+02,  7.14442936e+02, -8.25571586e+02,  7.95112972e+02,  3.88510982e+02, -6.34803265e+02, -2.99863605e+02,  6.47998901e+02,  5.14799130e+02, -1.51929105e+02, -3.06057190e+01,  8.82314390e+01,  6.01936942e+02, -4.47973311e+02,  1.38932086e+02, -6.44504994e+01,  2.59354323e+02, -6.29228092e+02, -6.48451825e+01, -2.86507783e+02,  4.02008233e+02,  3.63407286e+02, -7.28805188e+02, -4.21655048e+02, -1.93690507e+02, -3.30156582e+02, -1.24658071e+02, -1.96796406e+02,  3.64489275e+02,  3.53371584e+02, -5.02066904e+01, -3.92561093e+02, -7.10778239e+02,  3.69664031e+02, -4.32376773e+02, -2.66662309e+02,  4.08368459e+01, -2.93021054e+02, -3.54817916e+02, -2.19147431e+02, -3.57888209e+02, -2.28739041e+02, -4.33160694e+02,  4.95652303e+02,  5.49822409e+02, -2.84023916e+01, -2.03575177e+02, -1.36296234e+01,  3.61400225e+02, -7.50485304e+02, -1.76926074e+02,  4.26349869e+02,  5.71141129e+02, -1.57742009e+02,  9.61818553e+01,  4.66181897e+02,  1.32743465e+02, -5.76060038e+01, -3.76881501e+02,  1.93104997e+02, -3.05917200e+02, -1.36515239e+02, -1.64883825e+02, -1.59935339e+02,  1.69450350e+02,  6.65287030e+02,  6.96835951e+00,  3.54079787e+01, -7.71993322e+02, -1.47732957e+02, -3.23218396e+02,  4.00271033e+01, -3.59453819e+02,  6.68763272e+02,  6.93488931e+02,  1.25480061e+02, -1.26726216e+02,  1.23459371e+02,  2.17305109e+02, -4.07601805e+02, -6.58913024e+01,  1.18064305e+02,  1.18516312e+02,  4.84019879e+02,  3.84729147e+02, -1.77338331e+02,  2.42478372e+02, -8.23951521e+02, -3.68106617e+01,  7.27125875e+02,  8.19314611e+01, -6.07234137e+00,  2.83819050e+02, -2.48182008e+02,  7.92128595e+02, -1.04533923e+02,  7.26682178e+02,  3.16796209e+02, -3.27165455e+02,  2.61238706e+02, -2.63941451e+02, -5.87333906e+02, -3.41048614e+01, -4.84154138e+02, -4.56211848e+02, -4.58243904e+01,  2.74330609e+02, -4.85757172e+01, -2.88209439e+02,  6.43173198e+01, -6.22971954e+02, -7.92567435e+01, -7.08354666e+02,  4.45558212e+02, -1.14300861e+01, -4.38444750e+02, -1.62397412e+02,  1.48340217e+02, -2.74805023e+02, -4.03688113e+02,  7.70324274e+02, -1.91377085e+02, -3.80650131e+02,  2.15200221e+02, -1.01083985e+02,  4.38481318e+02, -1.35029933e+01,  7.48826773e+01,  8.72154323e+02, -1.54039399e+02, -2.98872042e+02, -3.18397692e+02, -4.55617385e+02, -2.82541135e+02,  2.43055479e+02,  1.79143551e+02,  1.81639808e+02,  6.42223880e+02,  2.01086565e+01,  1.42852605e+02, -5.69237782e+02,  2.09477061e+01, -2.00770894e+02, -2.29164550e+02,  1.58094387e+01,  3.01256564e+02,  3.29020768e+02,  6.80893197e+00,  8.03285210e+01,  2.53318922e+02,  3.21125428e+02, -2.06667566e+02, -1.13013044e+02,  1.46289559e+01, -2.01149328e+02, -6.76729657e+01, -2.31773061e+02,  6.49816052e+02,  5.58559440e+02, -1.09470063e+02,  1.03328579e+02, -2.05249805e+01, -2.03680021e+02,  2.86657078e+02, -7.60733802e+01,  3.35012765e+02, -4.62596229e+02,  1.62659439e+02, -9.57016805e+01, -4.69227715e+02, -2.17970516e+02,  2.35411717e+02, -7.35525259e+02,  3.63033692e+02,  4.23573796e+02, -6.14087139e+01, -4.41029325e+01, -2.80937792e+01,  2.09386286e+02, -2.83748194e+02,  3.13284852e+02,  2.43436080e+02, -8.99543396e+02, -2.84050524e+02,  1.94697770e+02, -7.87907911e+01,  3.28498731e+02, -5.28872573e+02, -4.39307805e+00, -3.57597184e+02, -1.06268921e+03,  6.45363877e+02, -5.10739016e+02, -4.94980929e+02,  7.63232317e+01,  1.10085103e+03,  8.77216476e-02, -1.84706347e+02, -1.80732011e+01, -6.11088502e+01, -7.61874003e+02, -5.31942420e+02,  6.68928470e+02, -4.41970412e+01, -3.40826728e+02,  4.33437067e+02, -2.97094465e+02,  3.40254847e+02,  4.68948768e+02, -5.30142735e+02, -2.20761301e+02, -2.96328265e+02, -1.28796991e+02, -1.66475733e+02, -5.71753832e+01,  1.18049299e+02, -2.88867522e+02,  2.55534786e+02,  5.14145197e+02, -1.39308337e+02, -1.52932987e+02,  1.18817767e+02,  4.93538670e+02,  4.18119973e+02,  3.10796117e+01, -1.39433427e+01, -4.59816073e+01, -4.37236984e+02,  3.24932392e+02, -2.06198290e+02,  1.69822617e+02, -1.36138955e+02,  2.50268069e+02,  1.50985976e+02, -6.77321905e+02, -2.39697146e+02, -6.79380518e+02, -2.78446308e+02,  6.43250445e+01, -1.47927552e+02,  2.57179799e+02, -2.48688717e+02,  1.64412718e+01,  9.03175116e+01,  6.41200556e+02,  3.21960901e+02, -2.31757962e+02,  1.76843340e+01,  9.52495818e+01,  3.43920498e+02, -5.57525247e+00,  4.35336933e+02,  2.08783273e+02,  7.66984163e+02,  2.20618376e+01,  5.88781292e+02, -2.24450116e+02, -3.31447446e+02,  7.15710532e+01,  6.27312091e+01,  2.62499884e+02, -5.43187901e+01, -1.37403268e+02,  2.23956684e+02, -3.94410454e+02, -4.45498460e+02,  6.60549514e+02, -5.11312741e+01, -3.68563041e+02, -4.11430773e+00, -1.21652534e+02,  3.00624942e+02,  2.84753747e+02, -1.69005504e+02,  9.78414909e+00, -2.33047621e+02, -2.80261145e+02, -2.45627932e+02, -8.23064922e+02, -2.96728705e+01, -5.55267552e+02, -4.74103328e+02, -3.39791878e+02,  1.50882588e+02, -3.24616527e+02,  1.87885424e+02, -4.85737172e+02,  8.99212672e+00, -3.49922851e+02,  6.44564893e+01,  1.01809088e+02,  2.49612099e+02, -1.70203877e+02, -1.26287606e+02,  2.23714399e+02,  5.17725456e+02,  2.80088663e+02,  6.71822412e+01, -5.87340686e+02, -1.19267144e+02, -2.66291472e+02, -5.22660244e+02,  3.56549019e+02, -2.97877639e+02, -3.76033798e+01, -1.97132732e+02, -8.72405110e+02,  4.28829805e+02, -1.43426936e+02,  3.54968802e+02, -5.97448386e+02,  5.64238498e+02,  3.65848810e+01, -2.68305338e+02,  4.00683482e+01, -2.01901477e+02, -5.88500452e+02,  1.21545408e+02,  2.40723838e+02,  2.82089573e+01, -3.11235721e+02, -1.11935881e+02,  1.39464840e+02,  2.51384746e+02,  5.52077645e+02,  2.19222372e+02, -2.02243911e+02,  7.59427990e+02,  2.48724548e+02,  3.36174807e+02, -1.46145056e+02,  2.28399341e+02,  1.48812252e+02, -5.30973024e+02, -1.61715915e+02, -3.38888474e+02, -2.68858243e+02, -8.92974637e+01, -1.51638802e+02, -3.19332826e+02, -9.77409343e+02, -2.62240177e+02,  1.32965052e+02,  8.67027854e+01,  8.01431287e+01,  4.27136293e+02,  1.59754010e+02,  2.75609958e+02, -3.63194448e+02,  3.97842399e+02, -4.24038898e+02, -6.59556241e+02,  1.64538959e+02, -3.47180542e+02, -3.60897096e+02, -1.35640694e+03, -1.02997091e+02,  6.87979775e+02,  4.01243757e+02, -8.80356672e+01, -1.02094342e+02,  2.53425302e+02,  5.85857970e+02, -3.47550785e+02, -8.18767794e+01, -2.72905438e+02, -3.09630407e+02, -2.93572910e+02,  1.36861762e+02,  6.16726488e+02, -5.65490495e+02, -4.55520164e+02,  2.11660244e+01, -7.36631723e+01, -1.21732144e+02, -8.01410034e+02,  4.86762787e+02,  2.16957884e+02,  7.69450332e+01,  4.16770914e+02, -2.60968139e+02,  2.55024834e+02,  2.32032237e+02,  4.55466864e+01, -3.98360117e+01,  1.05928242e+02, -1.39188233e+02,  4.04301900e+02, -3.75597941e+02,  3.61544795e+02,  7.99136200e+01,  9.58697705e+01,  2.03919939e+02, -7.40873415e+02,  5.51546281e+01, -5.50381592e+02, -4.34992094e+02, -4.22084392e+02, -3.86819641e+02,  1.21533009e+01,  1.11684148e+02,  4.15037845e+02,  8.34335891e+01,  1.18304048e+02, -6.12169062e+02, -2.15255415e+02,  2.83100013e+02,  1.20958447e+01,  1.63564781e+01, -6.98066820e+01,  3.15486967e+02, -7.84532260e+02,  9.03322308e+01,  2.03882169e+02,  3.91617378e+02,  3.34266611e+02, -4.88465365e+02,  6.47821367e+01,  3.65567511e+01,  3.70169635e+01,  1.63576133e+01, -1.67232595e+02, -2.69584577e+02,  1.35362493e+02,  5.39239716e+02, -7.77235160e+01,  8.17160499e+01,  1.53362677e+02, -2.12460857e+02, -2.10793827e+02, -9.92870642e+02, -3.29723475e+02, -4.35191439e+02, -6.54640564e+01, -5.45219839e+02,  6.45722821e+02, -2.53479475e+02, -4.53773051e+02, -1.34551821e+03,  5.62610407e+02,  1.17769698e+02, -1.33711884e+01, -5.27812595e+02,  9.05772702e+01, -1.49174437e+02, -2.79988918e+02,  1.01000509e+02,  2.75520923e+02,  6.81611960e+01, -1.47666333e+02, -2.89373983e+01,  6.88195890e+00,  1.66059758e+02, -5.22341357e+02,  6.00212537e+02, -3.59946285e+02, -2.32750464e+02, -3.59816536e+02, -8.32741060e+02,  8.17234975e+01, -4.09870956e+02, -1.89622119e+02,  2.93239321e+02, -2.06273743e+02,  5.79061729e+00, -8.39883076e+01, -2.20832355e+02,  1.40051593e+01,  4.55941896e+02, -4.46269606e+02,  7.88546690e+02, -1.69422896e+02,  2.91886204e+02, -6.60270253e+01,  1.28355594e+02, -1.01288728e+02,  4.02547375e+02,  5.36706473e+02,  1.71183565e+02,  4.70618948e+02, -3.34761511e+02, -2.76679758e+01, -1.95387078e+02,  5.85634554e+02,  4.95483225e+02,  3.79887174e+02, -1.27570615e+02, -2.59497361e+02,  2.31383360e+02, -2.21793615e+02, -1.18442359e+02, -6.23857969e+01, -2.22234924e+02,  4.40240784e+02, -4.94089316e+01,  3.39318809e+02,  1.20569821e+02,  1.46316692e+02, -2.93307771e+02,  2.78485543e+02, -1.56768280e+02, -1.12563095e+02, -2.59452834e+01, -4.36610660e+02,  6.58742780e+02, -2.42103117e+02, -3.59379876e+01,  1.69719235e+02,  1.46439242e+02,  6.06297967e+02, -1.40649051e+02,  6.58403270e+02,  5.97427951e+02, -8.33623468e+02,  7.49531698e+01, -1.75673241e+02,  1.25456426e+02,  7.49388995e+01,  1.50072335e+02,  5.17310158e+02,  7.93337624e+02, -6.72795636e+02,  6.57648437e+02, -7.90324208e+02, -6.58605125e+02, -1.04938442e+02, -1.01426901e+01,  6.01284941e+02,  3.32654005e+02, -1.57969176e+02, -7.94718839e+02,  6.03331735e+02, -3.85754066e+02, -1.03108306e+01, -4.36214259e+01,  1.06181630e+03, -2.43161831e+02, -9.03251257e+02,  2.64680897e+02, -1.38640240e+03,  9.52933968e+01, -3.05561396e+02, -1.55475246e+02, -2.34246429e+02, -5.02792548e+02,  3.52207267e+02, -3.10287049e+02, -7.78055685e+01, -6.71616761e+02, -5.75471381e+01, -4.09238863e+02, -6.38757135e+02, -1.05111931e+03,  8.72526764e+01, -2.76092631e+02, -7.94213797e+00, -1.15873756e+02, -6.78898797e+02, -5.41279142e+02, -4.52709217e+02, -4.56570675e+02,  4.70055339e+02,  8.02371166e+01, -4.09819025e+02, -1.56848137e+02, -1.91888380e+02,  3.18326923e+02, -2.86038917e+02, -1.06238763e+02, -1.92472525e+02, -3.07243368e+02, -3.20801827e+02,  3.28131953e+02, -1.50528138e+02, -7.80129935e+02,  6.60687856e+02,  4.03106750e+02,  5.31579260e+01, -6.20934103e+02, -6.47305300e+02,  9.31248274e+01,  1.22201952e+01, -2.54631446e+02, -4.16779706e+02,  3.04890447e+02, -6.77067945e+01,  2.34081763e+02,  4.23854730e+02,  2.88542417e+02,  3.02786073e+02,  2.18826737e+02, -1.74135198e+02, -1.07134667e+02, -1.88828742e+02, -2.99022352e+02, -3.91879422e+02, -5.54643473e+02, -3.35463543e+02, -6.87078452e+01, -6.83651262e+02, -7.34981318e+01,  2.78830504e+02, -6.11134480e+02,  2.12384628e+02,  1.85569559e+02, -6.03533704e+02, -4.86702649e+02, -1.33397652e+02,  1.81970730e+02, -3.40198349e+02,  5.99774062e+02,  5.37798815e+02, -6.42775512e+02,  4.34499962e+02,  3.03620774e+02,  6.50410757e+01,  2.17220752e+02, -3.65079622e+02, -1.21971737e+02,  4.59289784e+01,  1.51202392e+02,  3.87527066e+02, -4.32964591e+02, -3.60955913e+01,  1.51884012e+02, -1.31837330e+01, -2.24938404e+02,  1.69089634e+02, -2.28358394e+02, -1.72582756e+02,  3.29886725e+01, -5.13138391e+02,  3.13802381e+01, -2.02173208e+02, -1.07152757e+02,  3.54025454e+00, -4.85755467e+02,  4.81725259e+02, -2.30086236e+02, -1.10413737e+03, -7.23023077e+02,  3.34025419e+02, -3.03163794e+02, -1.45052400e+02, -2.48930652e+02, -1.42142158e+02, -8.52749207e+02, -9.58850197e+01, -5.47296342e+02, -2.84948748e+02,  2.20074375e+02,  6.34486107e+02, -3.36762647e+00, -2.76115728e+01,  4.97350295e+02, -4.32294999e+02,  3.07031798e+02,  7.93422770e+01, -3.54971090e+02, -1.52796703e+02,  2.09499285e+02,  1.58297026e+01,  8.38026683e+01,  9.75339648e+01, -2.00909538e+02, -2.37857748e+02, -4.51246727e+02,  4.26953897e+02, -5.41356164e+02, -3.98132731e+02,  8.08357524e+01, -7.62875709e+02,  1.64415472e+02,  5.34897648e+02, -4.03320868e+01,  5.89606371e+01, -2.11893603e+02, -1.74392288e+02,  8.72646162e+01,  3.19529498e+02, -3.45273582e+02,  2.64235784e+02, -9.43780752e+01, -3.46920212e+01,  2.30488268e+02,  1.64029872e+02, -7.66644620e+01, -3.69864418e+00,  2.07809427e+02,  2.39547228e+02, -6.12522232e+02,  5.75994871e+01,  4.59870367e+02, -8.29852436e+02,  2.76957143e+02, -1.01760915e+03, -7.86198808e+01, -1.26836753e+02, -7.33315488e+01, -7.62813499e+01, -2.20345207e+02, -3.03799410e+01,  1.40881504e+02, -2.05943789e+02,  1.20359114e+02,  7.40143403e+02, -5.48353911e+02, -2.27527779e+02,  3.11646768e+02,  2.11775448e+02,  3.52901275e+02,  1.39287441e+02,  2.42125733e+02, -1.59747644e+02, -4.17107100e+02, -3.61964161e+02, -1.75950720e+02,  5.30336446e+00, -3.58178462e+02, -1.30090809e+02,  5.68280860e+01,  1.97068305e+02, -8.54463464e+01,  4.79001862e+02, -4.31218843e+02, -4.53473113e+01, -2.30030174e+01,  2.37242393e+02, -3.46905844e+02, -2.17929812e+02,  2.34358829e+02,  4.26182901e+02,  5.94321887e+02,  2.99482503e+02,  3.51554465e+02, -2.53624145e+02,  5.33036544e+02,  5.73975942e+02, -5.49083688e+01,  3.36150535e+02,  3.23852641e+02, -2.16929852e+02,  1.34542882e+01,  5.22527087e+02, -2.37332782e+02, -1.06043938e+02, -5.15411864e+02,  2.29368692e+02, -6.41691364e+01,  1.49479880e+02,  8.17749694e+01, -3.55039303e+02,  3.91268351e+02,  3.46666967e+02, -2.02119659e+02,  1.56768736e+02, -4.89289525e+02, -4.40037693e+02,  1.98686082e+02, -5.87316907e+02, -2.29505015e+02,  8.17685433e+01,  6.87613658e+02, -2.07277759e+02, -8.91324563e+01, -1.24375687e+02,  9.76901510e+02,  1.20302766e+02, -3.69677408e+02,  5.82477693e+02,  5.36135354e+02,  2.55513999e+02,  6.21169210e+02,  6.88059636e+02, -8.96955839e+01, -2.55236158e+02, -2.76698799e+02,  2.28669605e+02,  3.22609466e+02, -4.16653071e+01, -1.75110602e+02, -5.23971906e+02, -2.56835165e+02, -3.76678842e+02,  2.51044098e+02,  1.28332543e+02,  5.32058626e+02,  4.83521169e+01, -2.14234688e+02, -6.71454855e+01,  3.40243036e+02,  1.11815204e+02,  4.33165872e+02,  4.88952737e+02, -1.17917755e+02, -7.65245813e+01, -8.20708945e+02,  4.54044739e+02, -4.65476643e+01,  4.27153099e+02, -1.55583427e+02, -4.94731764e+02,  1.68238913e+02,  5.87770546e+02, -2.07977992e+02,  5.80767445e+02, -6.13622358e+02, -1.90911032e+02, -6.64306572e+02,  1.87900330e+02,  9.81888105e+01,  6.45597704e+00, -5.08458897e+02,  7.45286034e+02,  4.47166757e+02,  6.99274146e+01, -3.88972281e+02,  1.85275886e+02, -2.31935780e+02, -7.41174919e+01, -1.85212732e+02,  1.77223383e+02, -8.55358369e+01, -1.73104348e+02,  1.62171507e+02,  2.22863688e+02, -7.21940571e+02,  1.65629135e+02,  5.68426388e+02,  3.55712577e+02, -1.11787305e+02,  2.91128011e+01, -3.03482917e+02,  4.99250311e+02,  1.48986015e+02, -5.74347425e+01, -5.91913236e+01,  9.22769011e+02,  7.61548217e+00,  2.62248107e+02,  6.12378023e+02,  8.25257127e+02,  5.41196804e+02,  3.58910539e+02, -5.37838208e+02, -3.66631197e+02,  2.92506216e+02,  1.38767549e+01,  2.73919713e+02,  1.56696612e+02,  4.96327467e+02, -6.54874609e+02, -4.15003452e+02, -5.35547926e+01, -7.32147851e+02,  1.65562026e+02,  3.32309799e+02,  1.19319620e+02, -1.92711545e+02,  2.00083502e+02,  1.20367736e+03,  2.18419691e+02,  1.28046404e+02, -4.14461241e+02, -5.60215925e+02, -1.32792106e+02,  2.62834937e+02, -4.40226075e+01,  1.76908608e+02,  2.97827779e+02, -5.05858975e+02,  2.08967987e+02,  4.44869755e+02,  4.95213180e+02, -4.73256284e+01,  9.41503447e+00, -7.86396437e+01, -4.27153392e+02, -5.62715141e+02,  7.05999168e+02, -5.65924793e+01, -5.00454294e+02,  1.84538435e+01, -1.92708405e+02,  7.72712023e+02, -2.02488278e+02, -2.91508557e+02,  2.63928286e+02, -1.22906963e+02,  3.65806123e+02, -4.75661202e+01,  8.50794720e+02,  4.25440160e+02, -1.12681813e+01, -3.04664645e+02,  2.08639718e+02, -4.68707135e+02, -9.91613528e+01,  5.14078168e+02, -2.37321761e+02, -3.99197335e+02, -1.88206335e+02,  4.39234166e+02,  1.23393058e+02, -7.01661417e+02,  2.58266415e+02,  1.26816613e+02,  5.80235197e+01, -4.33016374e+02,  1.37729718e+01,  2.96519697e+02,  4.31643514e+02,  5.41325201e+02,  2.19595977e+02,  3.44642468e+01, -4.29192594e+02, -4.05118947e+02, -6.29467863e+02, -7.74708740e+01,  2.67011147e+02, -2.07662424e+01,  4.53721418e+02, -2.67753722e+02,  1.55620778e+02, -1.00665349e+02, -2.51960221e+02,  5.00024077e+02,  6.46292234e+01,  5.18595076e+02,  2.42737653e+01,  2.11077450e+02, -1.69125885e+02,  5.29270954e+02, -1.01359340e+02, -3.27825035e+00, -6.61293148e+02, -9.15669325e+01,  6.15477633e+02,  5.63062254e+02,  2.23522911e+02, -1.27609626e+02,  3.27298756e+01, -1.49441255e+02, -4.77331315e+01,  7.60796974e+02,  1.52422471e+01, -1.99890955e+02, -9.33528973e+02, -4.59369390e+02, -3.18043402e+02, -5.67378645e+02, -4.74651558e+02, -6.01047329e+02, -3.92645885e+02, -3.22861561e+02, -4.06369297e+02,  4.03673782e+02, -2.15768185e+02, -8.20143394e+02,  3.37211599e+02, -2.43914011e+02, -6.95097702e+02,  8.20597323e+02, -2.03759244e+02,  1.67360931e+02,  3.44823030e+02,  6.98146384e+00,  2.21071203e+02,  7.05055631e+00, -1.26242469e+01, -1.15754119e+02, -6.12697867e+02,  8.96753271e+01, -1.10373831e+03,  5.52807058e+02, -3.71226254e+02, -1.17438996e+02, -1.50874063e+02,  8.72328080e+01, -1.59765064e+02,  2.42569773e+02, -4.55385297e+02,  3.20560265e+02,  3.30532476e+02,  1.31764325e+02,  8.33812972e+01,  1.68048046e+02,  6.27584056e+01,  2.56144433e+02, -8.03355934e+01, -5.29660336e+02,  8.27330496e+01, -1.94412428e+02, -3.81797743e+01,  4.21706905e+02, -6.86441723e+02,  8.23839523e+00,  1.14343605e+01,  7.32793867e+01,  2.81480797e+02, -1.17018266e+02,  7.12593798e+02,  4.10412134e+02, -1.48636221e+02, -8.99569050e+01,  1.60381612e+01,  6.60058033e+02, -4.72771988e+02, -8.82328522e+02,  2.44823703e+02, -1.03486067e+02, -1.06623430e+02,  1.42411123e+02,  6.62843664e+02,  4.04475016e+02, -1.49076653e+02, -4.27619411e+02, -5.09357643e+01,  2.49263647e+02, -1.11111244e+02, -6.30632281e+02, -2.38512055e+01, -7.87741965e+02, -4.13553790e+02,  6.74227186e+02, -4.34526372e+02, -5.63256178e+02, -4.40657753e+02, -2.99738049e+02,  2.83444620e+02,  6.98685726e+02, -4.31494465e+01,  2.33745611e+02, -1.52322009e+02, -5.91793127e+02,  3.96366187e+02, -3.86570039e+02,  2.40470534e+02,  3.07658510e+02, -6.25991824e+01,  3.49694402e+02,  3.72080611e+02,  9.11779641e+02, -1.26476436e+02, -3.90962797e+02, -5.41048106e+02, -1.28320251e+02, -2.18941545e+02,  8.61806102e+02, -3.75835557e+02,  8.65627442e+01,  6.32476514e+01, -2.22670988e+02, -6.88157860e+02, -5.50045121e+01,  8.29415203e+02,  9.24224310e+01,  6.00110611e+01, -4.54869315e+02, -5.15484648e+02, -8.29929966e+01,  4.11754255e+02, -1.89473457e+02,  9.05035295e+02, -3.72380193e+02,  1.44017255e+02, -1.76762006e+02, -5.82801849e+02,  2.58999160e+01, -4.34091291e+02, -6.32928109e+02,  6.98439015e+01,  2.02859180e+01,  4.39568876e+02,  1.77810442e+02, -2.87536114e+02,  1.91822914e+02, -7.00910553e+02, -4.50081388e+02,  7.70089317e+02,  1.11239309e+02, -1.21133729e+02, -2.74770111e+02, -3.97131759e+01, -6.64924484e+01,  7.22071677e+02,  3.47808026e+02, -1.25399220e+02, -6.00165078e+01, -3.42407333e+02, -1.73240844e+02, -5.72335545e+02,  4.06711095e+02,  6.35331321e+01,  1.18135232e+02,  1.29076013e+02, -4.62804028e+01, -1.55415283e+02, -5.09665260e+00, -9.03772291e+02, -1.62846157e+02, -6.87677917e+01, -7.82872584e+01,  4.67077009e+02,  5.37188953e+02,  1.37591238e+02, -8.14470336e+02,  5.44439091e+02, -1.69573374e+02, -3.28422653e+02, -7.42241990e+02, -2.77552361e+02,  5.01407221e+02,  2.31623178e+02,  5.80969983e+01,  2.60653423e+02, -4.96225709e+02, -3.77497225e+02,  4.69521061e+02,  3.24496132e+02,  4.40104591e+02, -2.39106101e+00,  5.82165999e+01,  4.71445703e+02,  8.40548922e+02, -2.10239519e+02,  3.21310654e+02, -1.42605565e+02, -3.56728787e+02, -2.91172465e+02, -2.60354388e+02, -1.27877236e+02, -4.35005560e+02, -1.99632594e+02, -1.18710513e+03,  2.90179377e+02,  1.65290765e+02, -3.15181079e+01, -3.53308659e+02, -1.90876802e+02, -4.58804813e+02,  1.00105039e+02,  7.01070634e+02, -1.76752936e+02, -1.39654404e+02,  1.86892935e+02, -4.12242842e+02,  7.38519749e+02,  1.41202622e+02,  1.58721868e+02,  4.39498550e+02,  1.57568073e+01,  4.77754689e+02,  1.39797307e+02, -7.35844658e+01,  7.97934476e+01, -1.82963491e+01,  5.92075718e+02,  7.69691606e+01,  1.25438149e+02, -7.64627468e+01,  1.13279950e+02, -7.87534752e+02, -3.16453996e+02, -3.92839668e+02,  4.36692471e+02, -2.48563128e+02, -5.48701889e+02,  5.00381011e+02, -1.02265257e+02,  3.72347441e+02, -7.77989856e+02,  2.10994005e+02,  6.54416568e+01,  5.06426714e+01, -7.54538221e+01, -5.53715693e+01,  4.19514230e+02, -2.47791247e+00, -4.21061259e+02, -1.35955596e+02,  2.15757769e+02, -9.94430119e+02, -7.91506756e+02,  1.29596962e+01,  9.49087524e+01, -3.69724568e+02, -3.62539136e+01,  9.24590352e+02,  2.80533731e+02, -4.78384485e+02,  8.02201986e+01, -7.62124506e+01,  8.80892022e+01, -2.92246939e+02,  1.57995565e+02,  2.42267284e+02, -5.74149584e+01,  9.59338331e+02, -9.13970266e+01, -2.73740470e+02,  1.61554868e+02,  3.51956799e+02, -3.02001270e+02, -2.53298861e+01,  8.16999314e+02, -2.02215913e+01,  5.02905970e+02,  1.21606640e+02, -8.23868512e+01, -2.25643013e+02,  4.86221456e+02, -4.68067844e+02, -1.79096671e+01, -1.27653734e+02, -3.60402474e+02,  1.43569022e+02,  2.03024921e+02,  7.65835863e+01, -1.37834460e+01, -3.29892002e+02,  1.57970316e+02, -1.50737743e+01, -2.13985010e+02, -1.84530134e+02,  1.68006276e+02, -4.25333908e+01, -3.12093944e+02, -9.07749150e+02,  7.84420075e+01,  1.99754066e+02, -3.98977303e+02, -1.92329995e+02,  7.03311664e+02,  6.17077893e+01,  3.00000239e+02,  5.54011609e+01,  3.14589600e+02,  4.39392580e+01, -3.36261550e+02, -3.23232138e+01,  7.11799415e+01,  2.37112072e+02,  6.84730028e+02,  4.20015217e+02,  1.77873510e+01,  1.46766172e+02,  5.14935851e+02,  2.23457253e+02, -6.19711311e+02, -2.28378634e+02,  1.14937815e+02,  7.30165088e+01,  2.25542610e+02, -4.48543624e+02,  1.09007776e+02,  3.42779502e+02,  4.21480301e+02, -3.82746808e+02, -4.52978059e+01, -1.95945365e+01, -1.15254527e+02, -2.84406281e+02, -1.69458907e+02, -2.72562067e+01,  6.79862281e+01,  3.52848887e+02, -2.65409531e+02,  6.83115220e+02,  3.03844812e+02,  2.15179214e+02,  2.83658635e+02,  2.59778634e+02,  2.80148312e+02,  4.61307895e+02, -3.77220350e+02,  5.40103237e+02, -9.50217896e+02,  2.65350314e+02, -9.28612077e+02,  7.19844330e+02,  6.20054547e+02, -9.95521275e+01, -4.20006906e+02, -3.60964508e+02, -4.92030343e+02, -5.29057308e+02,  4.91123250e+02,  3.66948128e+02,  2.06557583e+02,  2.71886153e+02,  3.47188720e+02, -3.28311105e+02, -1.72933569e+02,  4.90535322e+02, -1.06255565e+02,  4.52677073e+02,  6.24330701e+02, -3.70105360e+01, -6.15122116e+02,  1.16236772e+01, -1.15694255e+01, -8.37963605e+01,  6.44767340e+00, -5.73608801e+02, -1.58441564e+02,  4.99246417e+01,  7.54080780e+01,  4.13555914e+02, -3.41625355e+02,  5.23606066e+02, -3.45757224e+02,  1.89241861e+02,  3.32430110e+02]
gas_BEE = [-1.03725684e+01,-2.58139803e-01,-2.27236142e+00,7.26251985e+00,-3.60249095e+00,-2.83723754e+00,-7.23629709e+00,-1.56662065e+01,-6.44230261e+00,-6.98753413e+00,-5.72157723e+00,4.63735160e-01,3.55091661e-01,1.31770523e-01,5.62237446e-01,7.77616762e+00,-3.60531062e+00,-2.46590499e+00,3.61455026e+00,-1.84041784e+01,9.06774293e+00,-3.69649891e+00,-1.03085858e+00,-1.70838621e+00,-1.73118796e-01,-1.07775103e+00,1.48644810e+01,-2.98138037e+00,-1.42624605e+00,-8.88885349e+00,1.24236011e+01,-1.64044382e+00,-6.80545971e+00,3.37504355e+00,-4.90011465e-01,3.96673405e+00,-2.18626666e-01,5.58830500e-01,5.47047466e+00,-1.70046809e+01,9.24479809e+00,1.85604368e+00,-1.27864850e+00,-5.17014169e+00,2.03289647e+00,-2.50801098e+00,7.91950137e+00,5.97647220e+00,-3.99040148e+00,-5.06269669e+00,-5.00222511e+00,-6.02954623e+00,3.11964272e+00,-8.60735656e+00,2.34832315e+00,9.95340114e+00,1.15775723e+01,5.54218941e+00,2.96398516e+00,4.92983247e+00,1.50875079e+01,3.39677284e+00,-9.23358888e+00,-2.04778242e+00,-4.68904180e+00,1.04142668e+01,-1.26235606e+01,-1.01888155e+01,-5.03396646e+00,-2.12689528e+00,-7.02388862e+00,4.59386704e+00,2.20644965e+00,2.20471737e+00,-6.47745467e+00,-5.82114968e+00,-9.27795880e+00,5.91325137e+00,-5.29173652e+00,4.91279665e+00,-1.15163441e+00,-5.13490159e+00,-9.01458040e+00,-2.62512300e+00,-2.50818853e+00,-2.54923847e+00,6.61713449e+00,1.20836574e+01,-7.01291859e+00,-1.32437509e+01,-3.23389690e+00,1.84271956e+01,-9.31781616e+00,5.33110227e+00,-1.54577994e+00,-1.04349857e+01,4.62789664e+00,5.61384814e+00,-2.46837322e+00,5.23149785e+00,-4.60948958e+00,-9.15188810e+00,1.58328080e+01,7.41796893e+00,4.31011196e+00,1.93736848e+00,3.15442296e+00,1.37181526e+01,-4.47914970e+00,5.90494637e-01,-2.33311476e+01,3.38332330e+00,-1.13275046e+01,2.13847881e+00,3.46086333e+00,-5.70385361e+00,-8.73078628e+00,7.87393843e-01,-5.03872224e+00,6.60445614e+00,-7.60110434e+00,-8.81493769e-01,-6.28545704e+00,-4.20433934e-01,2.29532546e-01,3.12375807e+00,8.31343613e-02,-1.21055430e+00,1.04896100e+01,1.51519761e+01,8.06297623e+00,1.19474681e+01,-2.32073945e+00,1.55295032e+00,8.68003237e+00,-2.00398451e-01,-1.25124330e+01,-6.95847256e+00,-8.20439910e+00,-4.91615219e+00,4.45312232e+00,-1.98618464e+01,-2.25266207e+00,7.25824643e+00,-6.81611133e+00,-5.43673185e+00,8.91825500e+00,7.92825805e+00,-5.00972275e+00,4.21814935e+00,-4.23399033e+00,6.26036883e+00,1.29433548e+00,2.41248926e+00,-1.40044734e+01,-8.04091203e+00,-1.59925781e+00,-4.03539352e-01,-6.66716353e+00,1.81247478e+01,-2.46942898e+00,-5.05248598e+00,6.69393792e+00,-7.69216544e+00,-5.98851468e+00,5.13646814e+00,1.78883786e+00,1.72480453e+00,2.14320181e+00,-1.87486988e+00,2.30058456e+00,9.78209843e+00,-4.85354596e+00,3.29683311e+00,1.49124872e+01,5.21465058e+00,-7.18393870e-01,-3.07209951e+00,2.53337076e+01,-3.65283300e+00,6.36098611e+00,4.47901543e+00,5.24638073e+00,1.54250973e+01,7.95057230e+00,-7.29050150e-01,3.74966129e+00,8.36863570e+00,6.25431687e+00,-9.70878854e+00,1.56215227e+01,-1.43407934e+01,-2.42118502e+00,9.46598941e+00,1.82748617e+00,7.28969680e-01,5.08391231e+00,3.22305547e+00,5.46955489e+00,-1.03582379e+01,6.14564665e-01,-4.09357439e+00,-1.06770234e+00,-1.86941032e-01,-1.83916820e+00,-9.39562402e-01,1.39852004e+01,-9.32982487e-01,-4.90298467e+00,-4.23056136e-01,2.27528291e+00,-1.01870053e+01,-8.04841251e+00,-5.68624593e+00,-1.03625575e+01,-2.97145561e+00,-6.86022872e+00,2.95775012e+00,-8.33050148e-02,-2.00099761e+00,-1.43788244e+00,1.07795412e+00,-3.37601649e+00,1.07492802e+01,-1.40306869e+01,-2.04853804e+00,-2.63732411e+00,2.82941369e+00,3.16362828e+00,-8.21986716e+00,-2.41967674e+00,7.41442054e+00,-3.90688328e+00,2.28147988e+00,6.06825857e+00,-1.07169500e-01,1.91067685e+01,-2.59695172e+00,-6.01525409e+00,2.60677528e-01,-4.53415487e+00,8.56285977e+00,-7.25885117e+00,2.18614563e+00,8.83693383e+00,-2.30024195e+00,1.95848508e+01,2.09220808e+01,-1.17526437e+01,9.48740227e+00,3.31139715e+00,-8.94690331e+00,3.40996530e+00,6.51726852e+00,7.07229060e+00,7.34121148e-01,2.87406186e+00,1.19797077e+01,-3.85190587e+00,1.82656138e+00,1.14614935e+01,-5.99466315e+00,-3.29311209e+00,9.35298616e+00,5.07436738e+00,1.28470445e+01,5.02198697e+00,1.83433969e+00,4.11031560e+00,6.91295289e+00,-8.02302379e+00,7.88055729e-01,3.46143636e+00,1.52809489e+00,3.85500849e+00,-1.01088579e+01,5.68141578e+00,-7.22358921e+00,-5.23343205e+00,2.86880606e+00,-2.07897149e+00,9.53144664e+00,-3.37974802e+00,4.52384678e+00,5.14889595e+00,1.31381755e+01,8.96217065e+00,8.41763968e+00,-1.34625424e+00,-1.35274849e+00,-5.11811124e+00,1.31384925e+01,1.35913164e+01,6.15664238e+00,-4.18562203e+00,8.28610973e+00,-1.00093111e+00,3.39306460e+00,1.10814157e+01,-3.50762888e-01,-1.83455675e+00,-4.27407383e+00,-9.46093532e+00,1.59345609e+01,7.74133437e+00,-1.02147910e+01,-2.96088450e+00,4.14421300e+00,-2.01086669e+00,1.04305856e+01,2.69262200e+00,1.32484972e+01,4.45293686e+00,-4.20803649e+00,3.39910104e+00,-1.04302793e+00,-4.58473852e+00,2.75863032e+00,3.23118835e+00,1.47741584e+01,1.26721727e+01,9.32740981e+00,1.17756970e+01,1.25233715e+00,-4.56055905e+00,2.25782942e+00,-5.74710982e+00,-8.76647933e+00,-9.49747464e+00,-4.98283124e+00,-1.81185167e+01,-5.62473235e+00,-1.40840012e+01,3.10519122e+00,-7.67501815e+00,7.74579809e+00,-1.57398732e+01,-5.07309105e+00,7.52153595e+00,3.57519881e+00,-1.43705220e+01,9.39822845e+00,-4.61155341e+00,8.95522956e+00,-4.76446592e+00,-1.26576871e+01,2.70910298e+00,-1.04753275e+01,-1.50807318e+00,-6.16302670e-02,7.05785442e+00,2.07958652e+01,-7.42925883e+00,-6.22059884e+00,-9.01631458e-01,-1.64585455e+00,-1.32667683e+01,-9.74385358e+00,8.68325866e+00,-3.59879602e+00,3.12184415e+00,-8.09378695e+00,-2.24743664e+00,-7.06494086e+00,8.28274910e+00,2.61402358e+00,-4.06002011e+00,-2.40355045e+00,1.81034730e+00,-1.30472260e+00,6.62309065e+00,-4.42350269e+00,1.15374318e+00,5.44334568e+00,2.46955318e+00,-3.41313305e+00,2.58427870e+01,9.35849653e+00,1.22413805e+00,1.40412306e+00,-1.00088521e+01,5.28430316e+00,-1.23573299e+01,-5.17432478e+00,-9.69282908e+00,-3.07697205e+00,9.66142965e+00,-9.44728626e+00,3.55865737e+00,-6.57440176e-01,3.86552673e-01,-5.77075722e+00,-7.11489617e+00,-8.24177266e-01,-6.35029377e+00,-3.85279741e+00,-6.51542948e+00,-1.12710930e+00,-5.38139141e+00,-8.19404804e+00,3.88891593e+00,-2.55858788e+00,3.50790718e+00,1.71066043e+00,-1.22333189e+01,-8.76618681e+00,-7.61097030e+00,5.67149107e+00,-5.81238786e-01,-1.03788890e+01,9.40420454e+00,-7.08605973e+00,9.15562150e+00,-4.91566983e+00,-7.96867694e+00,4.52388103e+00,-1.17370414e+01,-5.72760736e+00,1.05036318e+01,3.53345488e+00,-6.42390235e+00,9.00266146e+00,-2.69368243e+00,-5.74968107e+00,-5.05784770e+00,-8.62614121e+00,4.02330634e+00,-1.48536146e+01,-1.33030367e+01,-1.05664376e+00,-4.85486137e+00,-9.86517814e+00,1.23335582e+01,2.24516232e+01,-4.48466610e+00,-3.71061408e-01,-1.05198732e+01,1.08338831e+01,3.35436325e+00,-2.96205743e+00,-6.42805958e+00,2.32049183e+00,-1.00253530e+01,-2.13812239e+00,-1.46926948e+01,5.30583316e+00,2.56700405e+00,-4.44927358e-01,-1.49009124e+00,-6.12817390e+00,-1.89578252e+00,2.21199750e+01,-2.72333893e+00,-7.69125068e+00,-1.12360115e+01,2.17424117e+00,-5.96007447e+00,1.15947000e+00,5.13271975e+00,1.03064743e+00,5.65362752e+00,2.72197037e+00,1.00370183e+01,4.71905949e+00,-5.72661447e+00,7.67074120e+00,5.98321220e+00,2.09759143e+00,6.83034516e+00,-4.38680068e+00,1.19883773e+01,3.58615252e+00,-5.32148830e+00,-1.22184816e+00,-2.78585084e+00,3.17296999e+00,-4.41513780e+00,-1.16062348e+00,-1.83204858e+00,1.33850306e+01,9.29761775e+00,-1.12509021e+01,-9.51533222e-01,-8.78542303e+00,-2.38128121e+00,-3.91191194e+00,1.38248347e+00,-4.90462664e-01,-4.44476272e+00,1.99906933e+00,-1.33681257e+00,-1.69894461e+00,1.43375901e+01,2.83585976e+00,-1.35204900e+01,-7.13440023e+00,1.54947044e+01,3.92285753e+00,-1.45938238e+00,1.80187297e+01,-3.14691894e+00,-1.51602174e+00,-1.74749659e+00,2.37827582e+00,4.99630461e+00,7.42897217e-01,4.83091818e+00,-2.35313841e+00,-5.93017652e+00,-6.49083821e+00,-8.10205465e+00,7.36322487e+00,2.50029286e+00,6.34554863e+00,2.67056626e+00,1.46639647e+01,2.93365005e+00,-1.29121137e+01,-5.50412951e+00,1.21420066e+00,-4.72596816e+00,1.03841782e+01,-2.22752033e+00,2.65589724e+00,8.70614564e+00,-1.29155848e+01,2.45780729e+01,3.30328146e+00,4.14541305e+00,6.14327838e+00,9.74354879e-01,-5.43795603e-01,5.55500979e+00,-5.78172119e+00,1.37402217e+01,1.20811163e+01,-6.32739849e+00,2.98178715e+00,1.16927021e+01,-3.70287380e+00,3.07788728e+00,6.21053092e+00,7.21745592e+00,-1.25015878e+01,-1.55320518e+00,-4.99878164e+00,-1.00583445e+00,-1.19802638e+00,3.55323167e-01,-2.87907920e+00,-4.71452689e+00,2.05402067e+00,1.51244380e+00,8.92578629e+00,-7.18123709e+00,6.75293353e+00,8.19329310e+00,-2.20070903e+00,1.30514399e+01,-1.12017130e+01,-1.71392245e+01,-9.00643704e-01,-8.40140194e-01,6.06290402e-01,1.27011288e+01,-8.51373025e-01,6.87364845e+00,8.90607187e+00,6.54138471e+00,-7.49933351e-01,1.03715354e+01,-2.71676513e+00,-5.88420515e+00,-7.13615400e+00,1.06263525e+00,6.34828648e+00,-8.84526047e-01,6.14389793e+00,-7.53340043e-03,9.76798036e+00,3.02360132e+00,1.29315075e+00,-7.54823529e-01,5.10616836e+00,6.60321994e+00,3.07651831e+00,-3.66962037e-01,-8.84143346e+00,4.68613208e+00,3.27661884e+00,6.05607865e+00,5.05114767e+00,5.92508622e+00,-1.16356860e+00,4.94181366e+00,-4.99367637e+00,-4.46092695e-01,-9.10351876e+00,-5.62333331e+00,6.95684541e+00,-1.50383760e+01,4.49758242e+00,2.59278993e+00,1.43401959e+01,-3.51876308e+00,5.35363885e+00,-2.25477311e+00,-7.95568332e+00,-1.18085248e+01,-1.87783323e+00,-1.50891353e+01,2.33293597e+00,-3.82572675e+00,5.27289609e+00,3.83161065e+00,-4.31857358e+00,-4.66938498e+00,7.02507749e+00,-9.18441306e+00,-2.15062175e+00,-2.80218383e+00,3.75189846e+00,-3.78668292e-01,7.29183151e-01,-2.84832623e+00,9.02267747e+00,-8.73805383e+00,1.52354263e+00,9.81331970e+00,-5.46399414e+00,4.63475677e-01,-6.90153557e-01,-1.13537285e+01,-7.38450533e+00,-8.29328385e-01,4.74324836e+00,5.32085939e+00,1.12818261e+00,-1.31183984e+00,2.92622387e+00,-7.12638921e+00,-2.19019429e-01,-8.82525719e+00,-4.57637900e+00,8.07823220e+00,-5.05933388e+00,1.10284271e+01,-3.62242145e+00,5.80943682e+00,4.29913545e+00,-1.00872995e+01,-4.65270651e+00,1.35401085e+00,-6.32789695e+00,-6.61219481e+00,-1.42522390e+01,-9.40882606e+00,-8.29542228e+00,-7.20474142e+00,1.00184484e-01,3.19146988e+00,1.19422859e+00,3.68341277e+00,-9.65376825e+00,2.03958898e+00,4.30491289e+00,-1.13625569e+01,-1.01829522e+01,-6.51365851e+00,-4.40138723e+00,2.79462103e+00,5.93632163e-02,-7.02274372e+00,5.45904222e+00,-3.38032159e+00,8.83582865e+00,-1.44098675e+01,1.00136362e+01,-1.00652304e+00,-7.14992747e+00,-4.35572175e+00,-6.12597564e-02,7.25214502e+00,-1.18632373e+01,-2.10700106e+00,-2.94392021e+00,7.60043538e+00,1.34508937e+01,-1.64073776e+01,1.53889470e+01,6.97491602e+00,-1.25091393e+01,-5.69040588e+00,1.27320718e+01,9.89079395e+00,-3.31543353e+00,-1.05288024e+00,2.35896830e+00,1.20381341e+01,-9.29612440e+00,2.58647852e+00,-9.17142888e-01,5.17503357e+00,-1.19049350e+01,-7.44094332e-01,-5.15742339e+00,7.80468483e+00,6.71822705e+00,-1.46147623e+01,-8.03733049e+00,-3.80190741e+00,-6.36857986e+00,-2.16855847e+00,-3.56747374e+00,7.52673526e+00,7.06526644e+00,-8.61501170e-01,-6.84942785e+00,-1.42207662e+01,7.87688237e+00,-8.10031760e+00,-5.48154110e+00,1.23735334e+00,-5.71931086e+00,-6.75867393e+00,-4.80894603e+00,-7.65640421e+00,-4.01807118e+00,-8.02934833e+00,9.47759654e+00,1.03513248e+01,-1.09699520e+00,-3.84439971e+00,-1.38082733e-01,6.87844226e+00,-1.44671659e+01,-3.58621254e+00,8.74165326e+00,1.11899474e+01,-2.64530329e+00,1.79414909e+00,8.61178535e+00,2.76277027e+00,-4.54927868e-01,-6.49262276e+00,3.17714126e+00,-5.61282019e+00,-2.44324943e+00,-3.08419125e+00,-2.78114944e+00,3.53699667e+00,1.34362287e+01,-7.73852514e-01,5.35814813e-01,-1.51308935e+01,-3.04497625e+00,-6.05309108e+00,4.24274366e-01,-6.97364400e+00,1.35972044e+01,1.42270015e+01,3.04017919e+00,-3.23122164e+00,2.57996326e+00,4.19969680e+00,-7.64745335e+00,-1.38103222e+00,2.52363376e+00,2.23181607e+00,8.65104234e+00,6.95392531e+00,-3.39707836e+00,4.43830274e+00,-1.61971675e+01,-5.95269319e-01,1.46757487e+01,2.64386163e+00,4.15657819e-02,4.87006121e+00,-3.98717788e+00,1.53104250e+01,-2.70819356e+00,1.37470334e+01,6.21259254e+00,-7.27379344e+00,5.35725575e+00,-4.82215470e+00,-1.11967059e+01,-1.16378783e+00,-9.11460077e+00,-9.02734602e+00,-4.04619865e-01,5.54192909e+00,-1.51941466e+00,-5.76538226e+00,1.28695021e+00,-1.14562054e+01,-9.15316490e-01,-1.44302415e+01,9.01051627e+00,-4.55233371e-01,-8.10374423e+00,-3.55578866e+00,2.94874110e+00,-5.62354684e+00,-7.37851371e+00,1.46701717e+01,-4.18616458e+00,-7.21797114e+00,4.97483165e+00,-2.74915989e+00,8.56023238e+00,-4.75612920e-02,8.73933424e-01,1.73242796e+01,-2.49849626e+00,-6.01159445e+00,-6.71531677e+00,-9.09098040e+00,-5.88953764e+00,4.52956774e+00,4.26580336e+00,4.33533045e+00,1.22608837e+01,3.39233869e-01,3.30844264e+00,-1.05056202e+01,1.00877715e-01,-3.71977304e+00,-4.90752680e+00,9.01059454e-02,5.52737573e+00,6.36631433e+00,-2.26957003e-01,1.52802062e+00,5.06159857e+00,6.39126663e+00,-3.49014568e+00,-1.72308405e+00,1.78521440e-01,-4.26784676e+00,-1.34963416e+00,-5.18473895e+00,1.25089267e+01,1.04254446e+01,-2.90357660e+00,2.38387525e+00,-7.42795455e-01,-4.35207754e+00,5.69687978e+00,-1.51710393e+00,5.72621565e+00,-8.41540077e+00,2.99054227e+00,-1.65867034e+00,-8.98471738e+00,-4.26197175e+00,4.16128096e+00,-1.56841003e+01,6.29764449e+00,7.86743542e+00,-1.37286521e+00,-9.90392836e-01,-4.77657009e-01,4.00799115e+00,-5.62502919e+00,5.78782149e+00,4.94232854e+00,-1.67952376e+01,-5.58914127e+00,3.97128026e+00,-1.73916858e+00,7.11385474e+00,-1.01274022e+01,-8.68831466e-01,-6.68895467e+00,-2.11062334e+01,1.29318489e+01,-9.89824597e+00,-1.04618506e+01,1.43041460e+00,2.13061617e+01,5.79743456e-01,-4.56851248e+00,-1.41614213e-01,-7.12360218e-01,-1.46180946e+01,-9.71779766e+00,1.38763545e+01,-1.65936770e+00,-6.30779274e+00,8.71773149e+00,-5.53458265e+00,5.99250721e+00,8.66486767e+00,-9.51212458e+00,-4.42245826e+00,-5.18329869e+00,-2.47055332e+00,-3.55205650e+00,-2.15903382e+00,2.65863177e+00,-5.66722032e+00,4.91150079e+00,9.73140715e+00,-1.89476751e+00,-3.01570722e+00,2.37287275e+00,9.13406417e+00,8.46474190e+00,9.15459852e-01,-1.01957192e+00,-1.27072759e+00,-8.68048795e+00,6.67634218e+00,-4.20587244e+00,3.25859965e+00,-2.67879566e+00,4.68485274e+00,2.71342121e+00,-1.34290726e+01,-4.73490422e+00,-1.29892638e+01,-5.81895885e+00,8.68240645e-01,-2.84236714e+00,5.32176212e+00,-4.69925328e+00,3.74814978e-01,1.39519779e+00,1.22507532e+01,6.37300946e+00,-4.63673572e+00,-2.24175501e-01,2.29491339e+00,6.28240817e+00,1.69517298e-02,9.11695163e+00,4.68033364e+00,1.47485003e+01,8.20138493e-01,1.12584123e+01,-4.18042746e+00,-6.51334664e+00,1.16017371e+00,1.12283324e+00,4.40468643e+00,-2.13172134e+00,-2.28672370e+00,3.92197413e+00,-7.87637026e+00,-9.05853845e+00,1.25757417e+01,-1.18709223e+00,-6.97224827e+00,-6.67616153e-01,-2.36039189e+00,6.24418270e+00,5.89346361e+00,-3.42295504e+00,-1.22565443e-01,-4.56470913e+00,-5.75852882e+00,-4.21444191e+00,-1.58352753e+01,-3.63047900e-01,-1.12534776e+01,-9.37069175e+00,-6.82392613e+00,3.09461252e+00,-6.49183397e+00,3.47153353e+00,-1.01308493e+01,9.21006313e-02,-6.71381483e+00,9.31088275e-01,1.44735234e+00,5.46162503e+00,-3.48477537e+00,-3.14085656e+00,4.81604381e+00,1.03361903e+01,5.21248581e+00,1.48627163e+00,-1.19427571e+01,-2.43359861e+00,-4.91081349e+00,-1.03946990e+01,7.41504129e+00,-5.77946316e+00,-9.32223246e-01,-4.41578996e+00,-1.67588357e+01,8.96914347e+00,-3.06196027e+00,6.75006425e+00,-1.21085052e+01,1.09420436e+01,6.63979173e-01,-4.81158292e+00,1.03317479e+00,-3.81116561e+00,-1.14700667e+01,2.84507722e+00,5.43975060e+00,2.37357177e-01,-5.70372183e+00,-2.30457049e+00,3.16633621e+00,5.38879238e+00,1.05451683e+01,4.22827776e+00,-3.68812814e+00,1.52680144e+01,4.07498422e+00,7.18065424e+00,-2.63803768e+00,4.71953428e+00,3.22341798e+00,-1.06293704e+01,-3.42731383e+00,-6.48398080e+00,-5.94765441e+00,-1.68001153e+00,-2.15725986e+00,-6.86603142e+00,-1.89648148e+01,-4.63647450e+00,2.67045117e+00,8.70706721e-01,1.85893883e+00,7.34298438e+00,2.40247184e+00,5.10599017e+00,-7.32475741e+00,7.60680434e+00,-7.08882022e+00,-1.19493358e+01,2.77221393e+00,-6.48281055e+00,-6.92415916e+00,-2.65490708e+01,-1.70053577e+00,1.36428590e+01,7.43064562e+00,-2.00694747e+00,-1.53601609e+00,5.80645763e+00,1.07485345e+01,-6.90724893e+00,-1.66273650e+00,-5.48991801e+00,-5.89395283e+00,-5.41651151e+00,2.28710714e+00,1.19114525e+01,-1.11493489e+01,-8.89027746e+00,3.37132447e-01,-1.81657483e+00,-3.04935422e+00,-1.51248287e+01,9.68711399e+00,3.95886446e+00,9.80043081e-01,8.37861774e+00,-5.13700666e+00,5.42932212e+00,4.64051928e+00,8.01991344e-01,-1.27632620e+00,1.95260896e+00,-2.44472216e+00,7.75099116e+00,-7.00641730e+00,7.01694656e+00,1.67311936e+00,2.40605836e+00,3.68961745e+00,-1.36747976e+01,1.30621160e+00,-1.10552654e+01,-8.27955852e+00,-8.12618787e+00,-8.03947011e+00,5.08892208e-01,2.61845503e+00,7.99534713e+00,1.46978231e+00,2.41846259e+00,-1.18098463e+01,-4.48285858e+00,5.62825530e+00,1.72141728e-01,-1.31948151e-01,-1.50910542e+00,5.93818863e+00,-1.53440431e+01,1.98121550e+00,3.95167818e+00,6.93439337e+00,6.19519656e+00,-9.46412373e+00,2.11259287e+00,1.00525834e+00,1.13398278e+00,3.34294101e-01,-3.74735155e+00,-6.18317330e+00,2.68705369e+00,1.00936908e+01,-1.28128961e+00,1.87247808e+00,2.15638830e+00,-4.70764477e+00,-4.59878468e+00,-1.96939552e+01,-6.70604563e+00,-9.04637673e+00,-1.54185580e+00,-1.09833780e+01,1.28091738e+01,-5.41174322e+00,-8.93800636e+00,-2.64997084e+01,1.12322696e+01,2.35760257e+00,2.12201595e-01,-1.02269411e+01,1.24527394e+00,-2.74738841e+00,-5.34802663e+00,1.09373949e+00,5.42061936e+00,1.20857675e+00,-2.86168894e+00,-1.70728886e-02,2.17491513e-01,2.48743689e+00,-1.10268843e+01,1.18553219e+01,-6.78853961e+00,-4.46052514e+00,-7.50005115e+00,-1.70360811e+01,9.89516471e-01,-8.47013426e+00,-3.67533076e+00,5.57826673e+00,-3.91751587e+00,-8.01166633e-01,-1.79429285e+00,-4.22150434e+00,1.83602685e-01,8.85280856e+00,-8.96936645e+00,1.61950533e+01,-3.70545568e+00,5.84319054e+00,-1.70541950e+00,2.21338594e+00,-1.96583123e+00,7.66201973e+00,1.05318649e+01,3.03829607e+00,8.60939397e+00,-5.63048337e+00,-7.30571194e-01,-4.18672212e+00,1.08996000e+01,9.52424555e+00,7.02625656e+00,-2.47545530e+00,-4.47871939e+00,4.11598873e+00,-4.49712457e+00,-2.52994059e+00,-1.16636283e+00,-5.22025340e+00,8.42022278e+00,-1.48645546e+00,5.95439167e+00,2.81120588e+00,2.84427110e+00,-5.63100202e+00,5.04045543e+00,-2.44437992e+00,-1.75269713e+00,-2.76090927e-01,-8.65330586e+00,1.31372366e+01,-4.60745770e+00,4.89456696e-02,3.56977585e+00,3.36667227e+00,1.24557587e+01,-3.32422605e+00,1.27267007e+01,1.13946753e+01,-1.62185002e+01,1.20236768e+00,-3.15657036e+00,1.92814907e+00,1.20678152e+00,2.75461547e+00,1.03855950e+01,1.54348398e+01,-1.28571869e+01,1.29448830e+01,-1.58409351e+01,-1.33590739e+01,-2.08900644e+00,1.86563901e-01,1.25025350e+01,6.29959464e+00,-2.80352783e+00,-1.47493120e+01,1.11660885e+01,-7.44735873e+00,-3.35054668e-02,-8.62311995e-01,2.12660043e+01,-4.18088703e+00,-1.75528590e+01,4.97854253e+00,-2.65408229e+01,2.17671009e+00,-6.18319701e+00,-2.86424197e+00,-4.23474587e+00,-9.58778945e+00,6.32279753e+00,-5.76959819e+00,-1.50024257e+00,-1.29560755e+01,-7.47329825e-01,-8.32035243e+00,-1.26015421e+01,-1.94626189e+01,1.94823570e+00,-5.52526029e+00,2.47146392e-01,-2.01132102e+00,-1.37432100e+01,-1.04060219e+01,-9.47642054e+00,-9.09409591e+00,8.93343167e+00,1.43676905e+00,-7.77371015e+00,-3.70863516e+00,-4.33014153e+00,6.43092650e+00,-5.18023144e+00,-1.59113985e+00,-4.46512551e+00,-6.38716367e+00,-6.41497719e+00,6.58725579e+00,-2.31849428e+00,-1.48912163e+01,1.30747367e+01,7.66642511e+00,8.62082753e-01,-1.28758376e+01,-1.24848575e+01,1.64034586e+00,5.71746684e-01,-5.53599631e+00,-7.77943532e+00,5.83147046e+00,-9.79282894e-01,4.47797643e+00,7.99316620e+00,5.97036031e+00,4.68953906e+00,3.80048427e+00,-3.73945385e+00,-2.24384157e+00,-3.09898401e+00,-6.01694613e+00,-7.85683547e+00,-1.04486539e+01,-6.15827716e+00,-1.60264557e+00,-1.32589173e+01,-1.75012848e+00,5.55080893e+00,-1.26020304e+01,5.14736200e+00,4.40118994e+00,-1.14316546e+01,-9.32381775e+00,-3.18579137e+00,2.66057555e+00,-6.76007556e+00,1.21510537e+01,1.06333292e+01,-1.29045053e+01,7.91104187e+00,6.00175772e+00,1.84171613e+00,3.48009246e+00,-7.05055908e+00,-2.50442381e+00,7.17068194e-01,3.11094584e+00,7.24999992e+00,-9.10725135e+00,-1.26490987e+00,2.88295985e+00,4.58010112e-01,-5.26468860e+00,3.40489724e+00,-4.42655892e+00,-3.21538380e+00,3.70425812e-01,-1.02115943e+01,4.69959225e-03,-3.01278236e+00,-2.06533185e+00,1.28800910e+00,-9.08648864e+00,9.25546829e+00,-4.17728653e+00,-2.15717141e+01,-1.43436963e+01,6.14425126e+00,-6.00014699e+00,-3.14697266e+00,-4.45321974e+00,-2.87958249e+00,-1.70108053e+01,-1.17470652e+00,-1.04306757e+01,-5.15642904e+00,3.86331470e+00,1.27403622e+01,3.48289709e-01,5.18004545e-02,9.69187706e+00,-8.63916547e+00,5.32891543e+00,1.18510880e+00,-7.81411524e+00,-3.91300580e+00,3.56233711e+00,2.72709915e-01,2.32671753e+00,2.14083102e+00,-3.74982768e+00,-4.85210173e+00,-8.25916793e+00,8.04048818e+00,-1.09372717e+01,-8.21105826e+00,2.20411523e+00,-1.44665246e+01,3.43883322e+00,9.62605487e+00,-1.54708139e+00,2.05656482e+00,-4.80025433e+00,-3.35666947e+00,1.49068605e+00,6.08123960e+00,-6.21522546e+00,4.29112641e+00,-2.19968802e+00,-2.06289225e-01,4.05938538e+00,2.83426808e+00,-1.66813470e+00,-2.11440638e-01,2.72809907e+00,4.70850616e+00,-1.16462509e+01,5.44191254e-01,8.79957756e+00,-1.54893312e+01,5.45859494e+00,-1.93610962e+01,-1.53848567e+00,-2.46082269e+00,-1.23873352e+00,-1.66738642e+00,-4.56593157e+00,-8.76242850e-01,2.25651794e+00,-3.91108251e+00,2.08544129e+00,1.48069570e+01,-9.98059734e+00,-4.36381548e+00,6.36644166e+00,3.77543534e+00,6.80857328e+00,2.66251499e+00,4.05483420e+00,-2.60379353e+00,-8.09528605e+00,-7.48385920e+00,-4.26159798e+00,5.30717686e-01,-6.80251765e+00,-2.03811284e+00,1.03135642e+00,3.75523724e+00,-1.27268527e+00,9.63857419e+00,-9.44029761e+00,-8.42177116e-01,-1.04547289e+00,4.84857016e+00,-7.15718158e+00,-4.42936208e+00,3.42300390e+00,8.30813789e+00,1.18433634e+01,5.79629172e+00,7.22489054e+00,-4.44779268e+00,1.06081740e+01,1.05944678e+01,-8.48645062e-01,5.66769775e+00,6.32047027e+00,-3.35321577e+00,1.26899184e+00,1.05702802e+01,-4.20870009e+00,-1.86312198e+00,-1.05689082e+01,3.99441424e+00,-1.88995326e+00,3.28100076e+00,9.25900590e-01,-6.64664730e+00,7.96847480e+00,6.55141431e+00,-4.40141407e+00,2.63920603e+00,-9.63314612e+00,-8.95625574e+00,3.85027839e+00,-1.12730141e+01,-5.07255326e+00,7.78663700e-01,1.41075452e+01,-3.45239098e+00,-2.01586870e+00,-2.67443730e+00,1.89975356e+01,2.97438696e+00,-6.77979694e+00,1.15080470e+01,1.04082498e+01,5.32132558e+00,1.27833818e+01,1.34606067e+01,-1.37509344e+00,-4.85687966e+00,-5.23265136e+00,4.30434549e+00,6.03802688e+00,-1.02247182e+00,-3.73173000e+00,-9.92883392e+00,-4.11542530e+00,-7.51937975e+00,4.94201183e+00,2.73143713e+00,9.89230040e+00,1.52515358e+00,-4.14222709e+00,-1.20302200e+00,6.69354177e+00,2.10168607e+00,9.42569374e+00,9.55489768e+00,-1.94974493e+00,-1.28543868e+00,-1.61312537e+01,8.42708756e+00,-7.30618186e-01,9.11236841e+00,-3.83428727e+00,-1.03804172e+01,3.01755853e+00,1.15950426e+01,-4.18105582e+00,1.12064444e+01,-1.19717019e+01,-3.98612793e+00,-1.35506102e+01,3.27092854e+00,1.61951221e+00,5.96975226e-01,-1.00974862e+01,1.46689368e+01,8.86281692e+00,1.18249332e+00,-7.84655026e+00,3.64886810e+00,-3.99123217e+00,-1.91542460e+00,-3.68937386e+00,3.22120255e+00,-2.07467829e+00,-3.11000270e+00,3.52720511e+00,3.97353708e+00,-1.44971585e+01,3.17989907e+00,1.08777518e+01,6.94397049e+00,-2.32648674e+00,3.27969836e-01,-6.12015014e+00,9.51180144e+00,2.19928578e+00,-1.02775232e+00,-9.78256729e-01,1.78602822e+01,-3.29363153e-01,4.64977422e+00,1.19731997e+01,1.61931809e+01,9.95637205e+00,7.02559282e+00,-1.01151246e+01,-7.51928425e+00,5.67671262e+00,3.07713566e-01,5.14884496e+00,2.42555447e+00,1.04330173e+01,-1.30783438e+01,-8.05474213e+00,-1.57463596e+00,-1.40825295e+01,2.78810990e+00,6.72183240e+00,1.40138983e+00,-3.65677031e+00,3.83052737e+00,2.28962227e+01,4.77406557e+00,2.60575966e+00,-8.00582562e+00,-1.03056510e+01,-2.76717297e+00,4.78046554e+00,-9.03242904e-01,3.87319461e+00,5.79974504e+00,-1.03784383e+01,4.25863974e+00,7.27740772e+00,9.52797486e+00,-1.41861937e+00,1.71696022e-01,-1.30917713e+00,-7.76892273e+00,-1.19914508e+01,1.29431279e+01,-1.29895065e+00,-9.27489779e+00,7.22696637e-01,-4.56975502e+00,1.46586731e+01,-3.62187830e+00,-6.07154256e+00,5.88664256e+00,-2.27072757e+00,7.30266097e+00,-2.31301922e-01,1.60112973e+01,8.04560304e+00,8.04921147e-01,-6.07549674e+00,4.32199412e+00,-8.99221418e+00,-1.18145755e+00,1.05875738e+01,-4.32768102e+00,-7.30742634e+00,-3.51663296e+00,8.72267514e+00,2.00330649e+00,-1.38437757e+01,5.59660926e+00,1.94156710e+00,1.51730776e+00,-8.27588589e+00,1.06825515e+00,5.72239519e+00,8.22859636e+00,1.04141531e+01,5.22632940e+00,9.18314282e-01,-8.73086192e+00,-7.39131480e+00,-1.15917825e+01,-1.63920547e+00,5.69989658e+00,-4.97560028e-01,8.97196832e+00,-5.23864401e+00,2.85710567e+00,-3.07659849e+00,-4.47096134e+00,9.57778098e+00,1.09373765e+00,1.00019180e+01,8.62801792e-01,3.85231395e+00,-2.65445876e+00,9.86962548e+00,-2.11600295e+00,-1.29336367e-01,-1.30261414e+01,-1.61048170e+00,1.17870303e+01,1.12532865e+01,3.79898890e+00,-2.03551295e+00,5.10986263e-01,-3.39460897e+00,-1.75611804e+00,1.46302192e+01,7.97044314e-01,-4.04566881e+00,-1.80280847e+01,-8.18582997e+00,-6.22451186e+00,-1.03982826e+01,-9.76410688e+00,-1.18792751e+01,-7.45345714e+00,-5.66445030e+00,-7.48144668e+00,7.59275532e+00,-3.91574992e+00,-1.56393083e+01,7.14887282e+00,-5.28802433e+00,-1.30011860e+01,1.65575821e+01,-3.89714082e+00,3.09460564e+00,6.90059304e+00,1.19165903e+00,4.06991427e+00,2.06240194e-01,9.73775093e-02,-2.20047916e+00,-1.19215198e+01,1.87044459e+00,-2.07576775e+01,1.11405636e+01,-6.85797859e+00,-2.61813709e+00,-2.99216871e+00,2.81336947e+00,-3.27283731e+00,4.95796522e+00,-9.16314910e+00,6.37984632e+00,6.64497288e+00,2.28761552e+00,1.52191077e+00,3.40989720e+00,1.15862174e+00,5.41011187e+00,-1.03170400e+00,-1.09322819e+01,1.56715610e+00,-4.88403156e+00,-2.02259625e-01,8.66325709e+00,-1.36641877e+01,2.11124540e-01,3.31748613e-01,1.58631458e+00,5.16641644e+00,-2.29737340e+00,1.40270321e+01,6.91293592e+00,-2.63965852e+00,-1.74592515e+00,6.68088812e-01,1.31380288e+01,-8.66204735e+00,-1.71266008e+01,4.93070414e+00,-1.50281005e+00,-2.40496481e+00,2.88041748e+00,1.27269114e+01,7.21002448e+00,-2.92040439e+00,-8.72135970e+00,-1.67620394e+00,4.76003644e+00,-2.52386024e+00,-1.25615937e+01,-1.06519739e+00,-1.55477433e+01,-8.05565032e+00,1.38299459e+01,-8.37804344e+00,-1.13067128e+01,-9.01258189e+00,-6.31296685e+00,5.56499474e+00,1.38105409e+01,-1.19886842e+00,4.57893635e+00,-2.95277145e+00,-1.11406809e+01,8.71923479e+00,-7.74265102e+00,4.82814336e+00,5.21774176e+00,-2.03977332e+00,6.58323874e+00,6.72539391e+00,1.86742170e+01,-2.31013690e+00,-8.44966971e+00,-1.08924963e+01,-2.49996788e+00,-5.69230347e+00,1.64874789e+01,-7.78455010e+00,1.44367595e+00,9.28994207e-01,-3.73318636e+00,-1.35972952e+01,-1.19942450e+00,1.65093390e+01,2.62703528e+00,1.28752844e+00,-8.93239285e+00,-9.16491809e+00,-2.05062358e+00,7.83363203e+00,-4.16332732e+00,1.71645062e+01,-7.34218497e+00,2.68635875e+00,-3.17650714e+00,-1.07469168e+01,8.53792083e-01,-9.21365133e+00,-1.23328458e+01,1.20262385e+00,2.17002818e-01,8.03295558e+00,3.91614093e+00,-5.77682344e+00,3.88254235e+00,-1.38649378e+01,-8.33414595e+00,1.55468064e+01,1.11408789e+00,-1.84633484e+00,-4.63840356e+00,1.97396685e-02,-1.51347084e+00,1.46389466e+01,6.85863174e+00,-1.96519641e+00,-9.65046430e-01,-6.69884677e+00,-2.62747294e+00,-1.07142840e+01,8.38997205e+00,1.09884413e+00,1.89818450e+00,2.62391340e+00,-1.62539157e+00,-3.38633378e+00,2.67328157e-01,-1.76527065e+01,-2.48404927e+00,-1.33960237e+00,-1.22469684e+00,8.74460806e+00,1.03841318e+01,2.79413437e+00,-1.55833824e+01,1.07757111e+01,-4.00807047e+00,-6.10961196e+00,-1.43429442e+01,-5.48565725e+00,9.71403491e+00,5.08687674e+00,2.43785384e+00,5.30066384e+00,-9.19463187e+00,-7.48616204e+00,1.00375496e+01,6.81488893e+00,8.19017718e+00,5.50487414e-01,1.59536450e+00,8.96029116e+00,1.63871569e+01,-3.94258613e+00,6.10930023e+00,-3.22815266e+00,-7.05306154e+00,-5.49038929e+00,-5.02382634e+00,-2.22205916e+00,-8.19263509e+00,-3.61367269e+00,-2.20363579e+01,5.63381510e+00,4.36273744e+00,-3.81138545e-01,-6.13045499e+00,-3.23912089e+00,-8.99873127e+00,1.62091740e+00,1.33465399e+01,-3.31262785e+00,-3.05382840e+00,3.13337803e+00,-8.26592955e+00,1.47008081e+01,2.79328937e+00,1.95919761e+00,8.67469255e+00,-3.70264778e-01,9.61860602e+00,2.86609223e+00,-1.15858060e+00,2.11468061e+00,-1.00631711e+00,1.19343158e+01,1.36120613e+00,2.96528081e+00,-1.57615623e+00,1.74282574e+00,-1.54752557e+01,-5.86909285e+00,-7.88151982e+00,8.67974271e+00,-5.60186792e+00,-9.98837221e+00,9.46843685e+00,-2.35369203e+00,7.36248968e+00,-1.48496598e+01,3.75508539e+00,9.02713579e-01,9.38540105e-01,-1.84173823e+00,-1.03237589e+00,8.16802466e+00,3.92864008e-01,-8.19283561e+00,-3.47154763e+00,3.65347889e+00,-1.96586045e+01,-1.51385580e+01,4.08641343e-01,2.20974038e+00,-7.97805739e+00,-1.85698239e-01,1.79017238e+01,5.18394029e+00,-9.37833272e+00,1.24179174e+00,-1.55163362e+00,2.08681699e+00,-5.70491503e+00,3.45616508e+00,4.10571349e+00,-1.11875226e+00,1.83810043e+01,-1.50913119e+00,-5.14797549e+00,4.03340761e+00,7.43054172e+00,-5.79063509e+00,-1.55545631e-01,1.62929866e+01,-4.31773547e-01,8.81641951e+00,2.65281036e+00,-1.40729260e+00,-3.30103019e+00,8.46585861e+00,-9.34758606e+00,-5.47449761e-01,-3.08807351e+00,-6.95218852e+00,2.09941769e+00,3.88397423e+00,4.96226999e-01,-3.22413468e-01,-6.53561812e+00,2.86779967e+00,-5.96106838e-01,-3.83639471e+00,-3.52099690e+00,3.36210777e+00,-4.74445784e-01,-6.25862811e+00,-1.76049573e+01,8.86381161e-01,3.33627440e+00,-7.21600315e+00,-3.99859274e+00,1.35385824e+01,1.54973639e+00,6.35665489e+00,1.19043742e+00,5.88847896e+00,4.62803606e-01,-6.55622900e+00,-1.01903044e+00,1.20919858e+00,4.64079953e+00,1.28465963e+01,8.23037573e+00,1.64256569e-01,1.98501542e+00,1.01807076e+01,4.33416829e+00,-1.22624405e+01,-4.61287696e+00,2.45259809e+00,1.43603338e+00,4.18834811e+00,-8.83663562e+00,1.08704470e+00,6.44806907e+00,8.16605145e+00,-7.06892308e+00,-3.98910402e-01,-3.32972222e-01,-3.04515564e+00,-4.84195984e+00,-2.50726023e+00,-1.17740709e+00,1.59970461e+00,6.93032425e+00,-5.11575283e+00,1.36913205e+01,5.43712602e+00,3.96184993e+00,6.11928283e+00,4.73948299e+00,5.54822890e+00,9.16559618e+00,-7.71624038e+00,1.05338074e+01,-1.87127698e+01,5.20668044e+00,-1.75199469e+01,1.34902704e+01,1.25271803e+01,-1.51477090e+00,-8.01424707e+00,-7.21179823e+00,-9.60188864e+00,-1.08226349e+01,8.97717192e+00,7.06879609e+00,3.95660306e+00,5.20281457e+00,6.73774107e+00,-6.69005042e+00,-2.65896358e+00,9.37980820e+00,-2.02933933e+00,8.48611815e+00,1.24486547e+01,-5.97078799e-01,-1.23120756e+01,4.97445051e-01,2.80901176e-01,-1.54254936e+00,2.81536579e-01,-1.10126572e+01,-2.38160401e+00,1.96497988e+00,1.83625293e+00,8.08540849e+00,-6.56308747e+00,9.84323324e+00,-6.62985755e+00,4.01696924e+00,6.86542842e+00]
