name = '*O_19'
composition = {'H':0, 'C':0, 'N':0, 'O':1, 'Pt':1}
facet = ['Ni111'] 
coverage = 1
DFT_energy = [-84.879429, 'eV']
ZPE_energy = [0.079, 'eV']
frequencies = [391.4, 392.0, 485.4, 'cm-1']
gas_DFT_energy = [-5.386692, 'eV']
gas_ZPE_energy = [0.099, 'eV']
sites = 1
BEE = [-4.99031084e+02, -3.97147173e+01, -1.15446773e+02,  3.86224268e+02,       -1.82320080e+02, -1.59912243e+02, -3.40454685e+02, -7.59255326e+02,       -3.63678897e+02, -4.07219209e+02, -3.32137629e+02,  3.93673410e+01,        1.23291879e+01,  2.57410236e+01,  2.66304629e+01,  4.02224456e+02,       -1.77415481e+02, -1.57065094e+02,  1.49556071e+02, -9.48439099e+02,        4.99214117e+02, -2.28296814e+02, -4.33074277e+01, -1.02778059e+02,       -4.87223883e+01, -4.97756516e+01,  7.37080844e+02, -1.82201357e+02,       -7.03899482e+01, -4.48688748e+02,  6.59929097e+02, -1.16635338e+02,       -3.32518420e+02,  2.04643461e+02, -3.62424824e+01,  1.66355044e+02,       -2.70129908e+01,  6.08169574e+01,  2.32942220e+02, -8.68250932e+02,        4.61937953e+02,  1.09637920e+02, -4.93369224e+01, -2.88054779e+02,        9.60475086e+01, -1.53915482e+02,  3.74003597e+02,  3.15510436e+02,       -2.34995442e+02, -2.49507997e+02, -2.54900915e+02, -2.88947366e+02,        9.70619371e+01, -4.23820280e+02,  1.16625090e+02,  5.11478560e+02,        5.83575743e+02,  2.96418580e+02,  1.37204083e+02,  2.33750171e+02,        7.65010219e+02,  1.79525735e+02, -4.69862187e+02, -1.05729259e+02,       -2.00534975e+02,  5.20729026e+02, -6.38628177e+02, -5.34464730e+02,       -2.30846025e+02, -8.31552921e+01, -3.73828861e+02,  2.28514230e+02,        8.19460778e+01,  1.11811487e+02, -3.28894314e+02, -2.96880154e+02,       -4.80792756e+02,  3.19609181e+02, -2.79015143e+02,  2.24457057e+02,       -5.63057248e+01, -2.50008361e+02, -4.96677585e+02, -1.48229282e+02,       -9.62405611e+01, -1.35634368e+02,  3.35877509e+02,  6.03509185e+02,       -3.60093655e+02, -6.82373437e+02, -1.69490663e+02,  9.44847313e+02,       -4.87038045e+02,  2.82578110e+02, -9.02433769e+01, -5.29784775e+02,        2.05095481e+02,  3.25783907e+02, -1.49526093e+02,  3.00782112e+02,       -2.28377035e+02, -4.37109046e+02,  7.58845405e+02,  3.96536100e+02,        2.64512424e+02,  1.25133175e+02,  2.09613556e+02,  6.94305535e+02,       -2.12043990e+02,  4.93277162e+01, -1.17800192e+03,  1.56897565e+02,       -5.81409925e+02,  1.23496584e+02,  1.83931729e+02, -2.90836337e+02,       -4.56256278e+02,  5.33736286e+01, -2.50384747e+02,  3.02468834e+02,       -4.33251637e+02, -2.25288471e+01, -3.02479249e+02, -3.56763933e+01,       -2.77782938e+01,  1.43587842e+02,  1.09675551e+01, -5.07511161e+01,        5.15028075e+02,  7.77261930e+02,  4.07291591e+02,  6.65245193e+02,       -1.01453169e+02,  1.15302237e+02,  4.67238646e+02, -7.71262604e+01,       -6.50173054e+02, -3.18372478e+02, -4.27101001e+02, -2.44266024e+02,        2.38603216e+02, -1.00361232e+03, -1.64188081e+02,  3.65844145e+02,       -3.10313366e+02, -3.13335452e+02,  4.61535395e+02,  3.74599638e+02,       -2.94627841e+02,  1.64678434e+02, -2.08929248e+02,  2.95910585e+02,        3.33839311e+01,  1.30373099e+02, -7.39205409e+02, -4.13153062e+02,       -6.51395436e+01,  2.96463981e+00, -3.29089878e+02,  9.08065845e+02,       -1.89402458e+02, -2.85968980e+02,  3.19908019e+02, -4.08681932e+02,       -2.77721395e+02,  2.60734499e+02,  9.42395064e+01,  1.10683918e+02,        1.03030616e+02, -9.60001006e+01,  1.65591306e+02,  4.95984863e+02,       -2.51486335e+02,  1.47246018e+02,  7.74319999e+02,  2.85222753e+02,       -7.43647427e+01, -1.63126317e+02,  1.31024764e+03, -1.49579941e+02,        3.00721817e+02,  1.84423308e+02,  2.93244322e+02,  7.56691139e+02,        4.24913314e+02, -2.48193206e+01,  1.92719289e+02,  4.02280915e+02,        3.30418308e+02, -4.72858446e+02,  7.96127133e+02, -7.08501747e+02,       -1.50609866e+02,  4.89565345e+02,  7.13200739e+01,  5.92503194e+01,        2.66686696e+02,  2.08681253e+02,  3.04835618e+02, -5.44100575e+02,        4.32551327e+01, -2.33061437e+02, -9.29933212e+01, -2.89760719e+01,       -7.57294009e+01, -4.70672970e+01,  6.96701494e+02, -7.24939125e+01,       -2.35507293e+02, -1.91498388e+01,  9.94177129e+01, -5.01026935e+02,       -3.80621838e+02, -3.10647172e+02, -5.36916102e+02, -1.40217252e+02,       -3.54476041e+02,  1.65080123e+02, -9.98191907e+00, -9.03737658e+01,       -7.28402755e+01,  5.55983188e+01, -1.70793388e+02,  5.70148565e+02,       -6.99099047e+02, -1.37635305e+02, -1.33826846e+02,  1.43318586e+02,        1.56911424e+02, -3.93728658e+02, -1.56436395e+02,  3.55727787e+02,       -1.89840660e+02,  1.34726569e+02,  3.14539991e+02, -3.63603975e+01,        9.62390200e+02, -1.75786857e+02, -2.73966447e+02,  5.52451047e+01,       -1.92729822e+02,  4.52849742e+02, -3.06325208e+02,  7.25048122e+01,        5.33713647e+02, -1.11400150e+02,  1.02376688e+03,  1.09286788e+03,       -5.58589769e+02,  4.94885363e+02,  1.42493927e+02, -4.55355659e+02,        1.49799395e+02,  3.08637349e+02,  3.23344964e+02,  2.00918708e+01,        1.00153262e+02,  6.05561839e+02, -1.96515072e+02,  1.39070972e+02,        6.49070656e+02, -3.18264748e+02, -1.26578210e+02,  4.43268670e+02,        2.27952890e+02,  6.49842482e+02,  2.18463858e+02,  5.73103096e+01,        2.23778659e+02,  3.30605030e+02, -4.11950157e+02,  2.89182842e+01,        1.56059945e+02,  1.04678844e+02,  1.86669406e+02, -4.99162580e+02,        2.92312897e+02, -3.79031533e+02, -2.68929569e+02,  1.49392815e+02,       -1.20433284e+02,  4.66704168e+02, -2.06770711e+02,  2.47328159e+02,        2.78494163e+02,  6.78309713e+02,  4.72314303e+02,  4.03229195e+02,       -7.54530576e+01, -5.79173827e+01, -2.69339787e+02,  6.52194130e+02,        6.69220769e+02,  3.17958471e+02, -1.95757652e+02,  4.28558456e+02,       -7.68174842e+01,  1.80732233e+02,  5.29395027e+02,  6.87010506e+00,       -6.55215165e+01, -2.11259005e+02, -4.51905003e+02,  8.25047602e+02,        3.83795928e+02, -4.75620774e+02, -1.31406460e+02,  2.37554133e+02,       -8.97471704e+01,  5.30015108e+02,  1.03932437e+02,  6.77898017e+02,        2.63741181e+02, -2.42140887e+02,  2.11391615e+02, -3.61119604e+01,       -2.71190479e+02,  1.43107703e+02,  1.60089052e+02,  7.72551292e+02,        6.80051098e+02,  4.47250323e+02,  5.93435027e+02,  6.15624612e+01,       -2.33163099e+02,  1.33202007e+02, -2.82771633e+02, -4.29956127e+02,       -4.92345020e+02, -2.32035961e+02, -9.16236406e+02, -2.64180122e+02,       -7.25637296e+02,  1.82398289e+02, -3.91345838e+02,  3.47619193e+02,       -8.12894117e+02, -2.75187682e+02,  4.20621559e+02,  1.91205305e+02,       -7.32282523e+02,  5.28643441e+02, -2.04984859e+02,  4.43002707e+02,       -2.18407462e+02, -6.70331831e+02,  1.03467201e+02, -5.40810952e+02,       -1.14388606e+02,  2.51143762e+00,  3.61116871e+02,  1.06294689e+03,       -3.86543049e+02, -2.97423386e+02, -2.39088002e+00, -1.18936014e+02,       -6.89380650e+02, -4.72694373e+02,  4.20741863e+02, -2.16019041e+02,        1.42771179e+02, -4.13807871e+02, -1.27010638e+02, -3.40812644e+02,        4.55219733e+02,  1.30580860e+02, -1.90175310e+02, -1.13723509e+02,        8.56337960e+01, -7.11854951e+01,  3.69429792e+02, -2.13093159e+02,        4.32530828e+01,  2.91194521e+02,  1.49279718e+02, -1.47894618e+02,        1.31417443e+03,  4.59719795e+02,  2.85759430e+01,  9.01921757e+01,       -5.23447076e+02,  2.62670595e+02, -6.36078276e+02, -2.17679871e+02,       -4.66649291e+02, -1.62134728e+02,  4.71282362e+02, -4.78927158e+02,        1.53839912e+02, -2.31446920e+01,  2.78035481e+01, -3.16157479e+02,       -3.79706185e+02, -2.46799897e+00, -3.63470839e+02, -1.87909035e+02,       -3.47115718e+02, -8.87082368e+01, -3.04517767e+02, -4.35781756e+02,        1.90716873e+02, -1.46800347e+02,  1.79688886e+02,  8.60036208e+01,       -6.23420833e+02, -4.64954075e+02, -3.36446689e+02,  3.02251345e+02,       -8.52694027e+00, -5.36632817e+02,  4.93228295e+02, -3.37012869e+02,        4.63979377e+02, -2.55145897e+02, -4.12798713e+02,  2.25519152e+02,       -5.74893498e+02, -3.28981317e+02,  5.41322207e+02,  1.52860299e+02,       -3.43008197e+02,  4.44425253e+02, -1.45066820e+02, -3.19763216e+02,       -2.59578521e+02, -4.11563103e+02,  2.01309255e+02, -7.70087746e+02,       -7.06448960e+02, -8.20240830e+01, -2.56032492e+02, -4.66864770e+02,        6.11189513e+02,  1.11994075e+03, -2.80567606e+02, -2.75577221e+01,       -5.35066709e+02,  5.60594205e+02,  1.56728174e+02, -1.65726296e+02,       -3.27213506e+02,  1.43568497e+02, -5.16096265e+02, -1.70960137e+02,       -7.52961028e+02,  2.96428794e+02,  1.11412501e+02,  5.16824414e+00,       -5.82275353e+01, -2.89004381e+02, -7.54801767e+01,  1.08142483e+03,       -1.63821911e+02, -3.91324153e+02, -5.75167055e+02,  1.10238077e+02,       -3.04488686e+02,  7.49640054e+01,  2.47140135e+02,  5.71046851e+01,        2.38422349e+02,  1.01434832e+02,  5.05913084e+02,  2.61752556e+02,       -2.87083231e+02,  3.58114967e+02,  2.94600407e+02,  9.45344706e+01,        3.79464115e+02, -2.07986214e+02,  6.16988563e+02,  1.56887147e+02,       -2.55226324e+02, -4.87510411e+01, -1.62217411e+02,  2.04666495e+02,       -2.23651271e+02, -2.47969713e+01, -9.12302337e+01,  7.04408075e+02,        4.54131789e+02, -5.73120587e+02, -3.50860121e+01, -4.58348443e+02,       -1.49806045e+02, -1.92630986e+02,  6.24783585e+01, -1.22727039e+01,       -2.19606977e+02,  1.07495553e+02, -5.87576782e+01, -8.94179596e+01,        7.36237934e+02,  1.53491254e+02, -6.87567390e+02, -3.76134148e+02,        7.83320457e+02,  2.32662520e+02, -7.27511425e+01,  9.01871102e+02,       -1.57414495e+02, -9.65418661e+01, -4.93621176e+01,  1.14222535e+02,        2.41129271e+02,  3.47731564e+01,  2.27557562e+02, -1.34995603e+02,       -2.63104084e+02, -3.67071536e+02, -4.06279208e+02,  3.80955365e+02,        1.07517496e+02,  3.20506480e+02,  1.17067242e+02,  7.51313470e+02,        1.49171526e+02, -6.94737282e+02, -2.91487684e+02,  8.41637435e+01,       -2.35737517e+02,  5.26731404e+02, -1.05779305e+02,  1.56167310e+02,        4.22720453e+02, -6.22446877e+02,  1.26068127e+03,  1.64496090e+02,        2.02349513e+02,  2.97126284e+02,  6.83544946e+01, -6.13073475e+00,        3.06295541e+02, -3.00993199e+02,  6.93148177e+02,  5.97794897e+02,       -3.51259677e+02,  1.26317553e+02,  5.88782292e+02, -1.83758996e+02,        1.35077217e+02,  3.62838778e+02,  3.61893307e+02, -6.64739107e+02,       -1.17921730e+02, -2.97579323e+02, -2.54256321e+01, -3.53705440e+01,       -2.29669360e+01, -1.38433971e+02, -2.48965683e+02,  6.97705368e+01,        8.65169917e+01,  4.53486012e+02, -3.56541924e+02,  3.27465247e+02,        3.78884155e+02, -1.41509619e+02,  7.51413665e+02, -5.79212407e+02,       -8.92926350e+02, -5.64605422e+01, -7.11651445e+01,  2.39962538e-01,        6.68044735e+02, -6.19939647e+01,  3.44713105e+02,  4.04611025e+02,        3.22056963e+02, -9.01981614e+01,  5.36112974e+02, -1.35232088e+02,       -2.73637577e+02, -3.92371284e+02,  4.58752590e+01,  3.26000954e+02,       -4.25827567e+01,  3.24842847e+02, -2.58132092e+01,  5.42449449e+02,        1.68973279e+02,  7.55035883e+01, -4.71280132e+01,  2.87386087e+02,        3.19992659e+02,  1.68914971e+02, -6.86582225e+00, -4.54485935e+02,        2.54739236e+02,  1.67269180e+02,  3.12742234e+02,  2.62599455e+02,        2.99854912e+02, -5.06793036e+01,  2.28952442e+02, -2.08435113e+02,       -8.70304930e+00, -4.70859757e+02, -2.63751493e+02,  3.31240194e+02,       -7.66366008e+02,  2.49035842e+02,  1.43968974e+02,  7.00039300e+02,       -2.21338676e+02,  2.57774026e+02, -9.90936501e+01, -4.09417373e+02,       -6.09710994e+02, -6.85489518e+01, -7.43457413e+02,  1.36595194e+02,       -1.74546569e+02,  2.53360101e+02,  1.72684234e+02, -2.16048333e+02,       -2.11355462e+02,  3.26655748e+02, -5.07292982e+02, -1.02852502e+02,       -1.76036688e+02,  1.98308405e+02, -4.54178320e+01,  4.90375164e+01,       -1.82775058e+02,  4.81217916e+02, -4.02136946e+02,  8.14425076e+01,        5.07549052e+02, -2.89553875e+02,  1.52194522e+01, -3.19985847e+01,       -5.79985079e+02, -3.93069711e+02, -6.78947147e+01,  2.22927158e+02,        2.72100873e+02,  4.09678296e+01, -6.86339536e+01,  1.87133931e+02,       -3.81977335e+02,  2.44938640e+00, -4.25498086e+02, -2.32468790e+02,        3.97142829e+02, -2.48529313e+02,  5.41898078e+02, -1.79769325e+02,        2.97431511e+02,  2.15936313e+02, -5.26510348e+02, -2.41270605e+02,        7.25859333e+01, -3.36876433e+02, -2.95549848e+02, -7.33346342e+02,       -4.70757595e+02, -4.41721020e+02, -3.63415732e+02,  1.91677472e+01,        1.11124326e+02,  8.09483847e+00,  1.76712681e+02, -4.81746929e+02,        1.22117548e+02,  1.75179272e+02, -5.61808497e+02, -5.44751990e+02,       -3.47547482e+02, -1.96278489e+02,  1.65200900e+02,  7.52708867e+00,       -3.75851287e+02,  3.01235471e+02, -1.68894812e+02,  4.22621172e+02,       -7.54573372e+02,  5.09712915e+02, -3.12349514e+01, -3.08901976e+02,       -2.21270086e+02,  2.75531771e+01,  3.58849699e+02, -6.37427571e+02,       -1.19434398e+02, -1.73401570e+02,  4.14618642e+02,  7.10035934e+02,       -8.20498869e+02,  7.90228956e+02,  3.86050584e+02, -6.30899143e+02,       -2.97748709e+02,  6.44296442e+02,  5.11546380e+02, -1.51099575e+02,       -3.05122083e+01,  8.80060077e+01,  5.98632284e+02, -4.45466123e+02,        1.37833486e+02, -6.42608049e+01,  2.57469938e+02, -6.25267498e+02,       -6.42258760e+01, -2.84576190e+02,  3.99659196e+02,  3.61231516e+02,       -7.24230412e+02, -4.18873339e+02, -1.92366694e+02, -3.28552877e+02,       -1.23800796e+02, -1.95535836e+02,  3.62343924e+02,  3.51357725e+02,       -4.96707751e+01, -3.90454733e+02, -7.06289879e+02,  3.67582534e+02,       -4.29613320e+02, -2.65365292e+02,  4.05337617e+01, -2.91271174e+02,       -3.52467102e+02, -2.17914665e+02, -3.56021641e+02, -2.27360057e+02,       -4.30845697e+02,  4.92545637e+02,  5.46387610e+02, -2.84462450e+01,       -2.02146579e+02, -1.34181303e+01,  3.59460708e+02, -7.45807294e+02,       -1.75902455e+02,  4.23462641e+02,  5.67761430e+02, -1.56657266e+02,        9.56460481e+01,  4.63473173e+02,  1.31899388e+02, -5.69292478e+01,       -3.74733918e+02,  1.91675841e+02, -3.04000487e+02, -1.35347721e+02,       -1.64035748e+02, -1.58835011e+02,  1.68481391e+02,  6.61119499e+02,        6.97018330e+00,  3.51134746e+01, -7.67284843e+02, -1.46913315e+02,       -3.21183710e+02,  3.96513071e+01, -3.57692275e+02,  6.65185350e+02,        6.89084062e+02,  1.24592901e+02, -1.26125989e+02,  1.22774955e+02,        2.15511940e+02, -4.05168091e+02, -6.53623844e+01,  1.17687803e+02,        1.17715807e+02,  4.81072760e+02,  3.82188114e+02, -1.76400068e+02,        2.40845554e+02, -8.18972761e+02, -3.65353619e+01,  7.22719709e+02,        8.13531539e+01, -6.15917735e+00,  2.82032098e+02, -2.46695619e+02,        7.86940494e+02, -1.04083814e+02,  7.21847371e+02,  3.15045034e+02,       -3.25064832e+02,  2.59698484e+02, -2.62387451e+02, -5.83963661e+02,       -3.39727587e+01, -4.81167501e+02, -4.53235333e+02, -4.55955217e+01,        2.72865757e+02, -4.84504919e+01, -2.86208146e+02,  6.39598544e+01,       -6.19008337e+02, -7.87807231e+01, -7.03797752e+02,  4.42580253e+02,       -1.14746532e+01, -4.35751301e+02, -1.61030603e+02,  1.47346732e+02,       -2.73288803e+02, -4.01234259e+02,  7.65868646e+02, -1.90233833e+02,       -3.78117401e+02,  2.13688267e+02, -1.00674023e+02,  4.36048336e+02,       -1.36432553e+01,  7.44768856e+01,  8.67168433e+02, -1.52769592e+02,       -2.97226967e+02, -3.16946252e+02, -4.52629466e+02, -2.80798592e+02,        2.41648879e+02,  1.78344626e+02,  1.80461830e+02,  6.38257955e+02,        2.00909750e+01,  1.42142683e+02, -5.65657279e+02,  2.08681045e+01,       -1.99062793e+02, -2.27430940e+02,  1.52965742e+01,  2.99412783e+02,        3.26948613e+02,  6.71067377e+00,  8.00980842e+01,  2.51477510e+02,        3.18859991e+02, -2.05559071e+02, -1.12452930e+02,  1.45565954e+01,       -1.99846298e+02, -6.70248278e+01, -2.30998435e+02,  6.46109215e+02,        5.55055631e+02, -1.08619351e+02,  1.02807168e+02, -2.04148091e+01,       -2.02902917e+02,  2.85105458e+02, -7.56871073e+01,  3.33217541e+02,       -4.59735033e+02,  1.61524959e+02, -9.49208647e+01, -4.66313485e+02,       -2.16465302e+02,  2.33882938e+02, -7.31127183e+02,  3.61040899e+02,        4.20824989e+02, -6.12728474e+01, -4.38110651e+01, -2.78309702e+01,        2.08263937e+02, -2.81831268e+02,  3.11252486e+02,  2.42148950e+02,       -8.93558978e+02, -2.82405380e+02,  1.93524740e+02, -7.83369810e+01,        3.26731812e+02, -5.25779879e+02, -4.45094757e+00, -3.55375385e+02,       -1.05642549e+03,  6.41482147e+02, -5.07567513e+02, -4.92052327e+02,        7.57649034e+01,  1.09425363e+03,  8.74983464e-02, -1.83912615e+02,       -1.80440522e+01, -6.09082142e+01, -7.57069785e+02, -5.28804007e+02,        6.64939426e+02, -4.39744761e+01, -3.38520344e+02,  4.30540910e+02,       -2.95476869e+02,  3.38079499e+02,  4.65873537e+02, -5.26784277e+02,       -2.19647254e+02, -2.94708932e+02, -1.28279697e+02, -1.65270441e+02,       -5.69651499e+01,  1.17354928e+02, -2.87087994e+02,  2.53742099e+02,        5.10761006e+02, -1.38075214e+02, -1.52144520e+02,  1.18124245e+02,        4.90418494e+02,  4.15829772e+02,  3.12332089e+01, -1.40482028e+01,       -4.59394006e+01, -4.34539231e+02,  3.22784234e+02, -2.04828158e+02,        1.68722205e+02, -1.35034321e+02,  2.48646342e+02,  1.50151808e+02,       -6.73336931e+02, -2.38084181e+02, -6.75173644e+02, -2.77036922e+02,        6.39880630e+01, -1.47062473e+02,  2.55748067e+02, -2.47161308e+02,        1.63706845e+01,  8.97957698e+01,  6.37064727e+02,  3.19778893e+02,       -2.30738728e+02,  1.75687528e+01,  9.46773603e+01,  3.41642116e+02,       -5.44833839e+00,  4.32775701e+02,  2.07219072e+02,  7.62515089e+02,        2.17671048e+01,  5.84813512e+02, -2.23267838e+02, -3.29363515e+02,        7.09322000e+01,  6.26825806e+01,  2.60792687e+02, -5.42201616e+01,       -1.36438275e+02,  2.22580606e+02, -3.91990997e+02, -4.42915794e+02,        6.56834402e+02, -5.06827982e+01, -3.66007343e+02, -4.23849179e+00,       -1.20994128e+02,  2.99288193e+02,  2.82892043e+02, -1.67822401e+02,        9.62228024e+00, -2.31566779e+02, -2.78699098e+02, -2.44185433e+02,       -8.18260014e+02, -2.94054150e+01, -5.51639042e+02, -4.71248221e+02,       -3.37461129e+02,  1.50126509e+02, -3.22431673e+02,  1.86911261e+02,       -4.82925333e+02,  8.96900967e+00, -3.47962417e+02,  6.41221057e+01,        1.01245876e+02,  2.48072817e+02, -1.69070938e+02, -1.25437280e+02,        2.22501552e+02,  5.14250076e+02,  2.78401050e+02,  6.69047155e+01,       -5.83774958e+02, -1.18688302e+02, -2.64702376e+02, -5.19344609e+02,        3.54115107e+02, -2.96117181e+02, -3.72970685e+01, -1.96054435e+02,       -8.66901032e+02,  4.26238795e+02, -1.42519717e+02,  3.52727298e+02,       -5.93825646e+02,  5.60820251e+02,  3.63189739e+01, -2.66532757e+02,        4.01308597e+01, -2.00521492e+02, -5.84463724e+02,  1.20716098e+02,        2.39598865e+02,  2.79730405e+01, -3.09354718e+02, -1.11354538e+02,        1.38550053e+02,  2.49989598e+02,  5.48625983e+02,  2.17661228e+02,       -2.01125978e+02,  7.55184300e+02,  2.47017891e+02,  3.34114992e+02,       -1.45278157e+02,  2.27157099e+02,  1.47980020e+02, -5.27460656e+02,       -1.60874518e+02, -3.36887127e+02, -2.67438519e+02, -8.87825065e+01,       -1.50648264e+02, -3.17538975e+02, -9.71084581e+02, -2.60546562e+02,        1.31975321e+02,  8.63309051e+01,  7.98413423e+01,  4.24524275e+02,        1.58708965e+02,  2.73952012e+02, -3.60947841e+02,  3.95363215e+02,       -4.21465269e+02, -6.55294759e+02,  1.64001864e+02, -3.45269472e+02,       -3.58489849e+02, -1.34794037e+03, -1.02261712e+02,  6.83758735e+02,        3.98418976e+02, -8.72617656e+01, -1.01888713e+02,  2.52251939e+02,        5.82328506e+02, -3.45255539e+02, -8.16101243e+01, -2.71393149e+02,       -3.07671884e+02, -2.91475113e+02,  1.35995471e+02,  6.12944563e+02,       -5.61916523e+02, -4.52918474e+02,  2.10857454e+01, -7.34337848e+01,       -1.20747831e+02, -7.96376769e+02,  4.84105835e+02,  2.15449270e+02,        7.66900783e+01,  4.14190619e+02, -2.59438815e+02,  2.53472750e+02,        2.30615935e+02,  4.52231184e+01, -3.96731740e+01,  1.04913762e+02,       -1.38390476e+02,  4.02234046e+02, -3.73142872e+02,  3.59436184e+02,        7.94232529e+01,  9.54529899e+01,  2.02554070e+02, -7.36395952e+02,        5.49131811e+01, -5.47031507e+02, -4.32226527e+02, -4.19594393e+02,       -3.84776228e+02,  1.18501559e+01,  1.11159058e+02,  4.12645165e+02,        8.28318410e+01,  1.17533884e+02, -6.08331418e+02, -2.14027890e+02,        2.81260470e+02,  1.16823017e+01,  1.62264128e+01, -6.93485322e+01,        3.13537385e+02, -7.79594840e+02,  8.99006302e+01,  2.02344842e+02,        3.89122698e+02,  3.32252273e+02, -4.85475155e+02,  6.44014649e+01,        3.63922903e+01,  3.68184007e+01,  1.65531681e+01, -1.65906929e+02,       -2.68144431e+02,  1.34787471e+02,  5.35668657e+02, -7.67979807e+01,        8.13054847e+01,  1.52456701e+02, -2.11087471e+02, -2.09615632e+02,       -9.87020320e+02, -3.27481169e+02, -4.32691564e+02, -6.48580121e+01,       -5.42081642e+02,  6.41644044e+02, -2.51942945e+02, -4.50968274e+02,       -1.33684695e+03,  5.59073571e+02,  1.16982159e+02, -1.28829999e+01,       -5.24512415e+02,  8.98709670e+01, -1.48427983e+02, -2.78271507e+02,        1.00703809e+02,  2.73851230e+02,  6.76678963e+01, -1.47056750e+02,       -2.86562412e+01,  6.86377383e+00,  1.64926516e+02, -5.19054685e+02,        5.96633066e+02, -3.57874282e+02, -2.31460362e+02, -3.58092353e+02,       -8.27932623e+02,  8.13852658e+01, -4.07503271e+02, -1.88193662e+02,        2.91275862e+02, -2.05239921e+02,  5.57853273e+00, -8.36354385e+01,       -2.19027511e+02,  1.41584362e+01,  4.53158559e+02, -4.43245324e+02,        7.84198033e+02, -1.68405498e+02,  2.89912162e+02, -6.62027095e+01,        1.27492532e+02, -1.00685370e+02,  3.99748299e+02,  5.33402592e+02,        1.70064554e+02,  4.67213020e+02, -3.32567859e+02, -2.77379601e+01,       -1.94162005e+02,  5.82044354e+02,  4.92317680e+02,  3.77529611e+02,       -1.26754252e+02, -2.57800056e+02,  2.29809552e+02, -2.20442244e+02,       -1.17453444e+02, -6.19243384e+01, -2.20982002e+02,  4.37420501e+02,       -4.91290177e+01,  3.37297043e+02,  1.20219524e+02,  1.45427362e+02,       -2.91502062e+02,  2.76406710e+02, -1.55931346e+02, -1.11805933e+02,       -2.57842413e+01, -4.33604630e+02,  6.54376355e+02, -2.40623226e+02,       -3.56728107e+01,  1.68902952e+02,  1.45505238e+02,  6.02613657e+02,       -1.39831857e+02,  6.54290215e+02,  5.93631887e+02, -8.28133249e+02,        7.43747207e+01, -1.74500719e+02,  1.24758893e+02,  7.41231030e+01,        1.49463176e+02,  5.14253959e+02,  7.88845671e+02, -6.68375558e+02,        6.53391779e+02, -7.85931172e+02, -6.54708413e+02, -1.04481586e+02,       -1.00646471e+01,  5.97643254e+02,  3.30219429e+02, -1.56497350e+02,       -7.89720904e+02,  5.99738099e+02, -3.83045173e+02, -9.97911202e+00,       -4.33758759e+01,  1.05533959e+03, -2.41541241e+02, -8.97737166e+02,        2.63158885e+02, -1.37815115e+03,  9.46102582e+01, -3.03720557e+02,       -1.54481111e+02, -2.32959641e+02, -4.99772699e+02,  3.49983967e+02,       -3.08501189e+02, -7.77424145e+01, -6.67435433e+02, -5.71904048e+01,       -4.07111613e+02, -6.34698041e+02, -1.04403451e+03,  8.63874261e+01,       -2.74564585e+02, -7.39570801e+00, -1.15168595e+02, -6.74612153e+02,       -5.38132088e+02, -4.49802283e+02, -4.53911040e+02,  4.66948564e+02,        7.94684876e+01, -4.07523466e+02, -1.55992988e+02, -1.90730061e+02,        3.16530508e+02, -2.84334459e+02, -1.05249630e+02, -1.91407760e+02,       -3.05307996e+02, -3.19019037e+02,  3.26010112e+02, -1.49581233e+02,       -7.75498148e+02,  6.56689765e+02,  4.00422817e+02,  5.26608613e+01,       -6.17315394e+02, -6.43380916e+02,  9.22330198e+01,  1.18733633e+01,       -2.52987059e+02, -4.14182275e+02,  3.02614650e+02, -6.71940621e+01,        2.32468007e+02,  4.21209571e+02,  2.86644367e+02,  3.00863685e+02,        2.17435426e+02, -1.73015605e+02, -1.06582315e+02, -1.87757723e+02,       -2.97260330e+02, -3.89322798e+02, -5.51237149e+02, -3.33324610e+02,       -6.84768471e+01, -6.79111744e+02, -7.35640418e+01,  2.77217321e+02,       -6.07884544e+02,  2.11189380e+02,  1.84498371e+02, -6.00138570e+02,       -4.83721988e+02, -1.32664958e+02,  1.80779882e+02, -3.38029776e+02,        5.96068015e+02,  5.34530584e+02, -6.38785066e+02,  4.31499440e+02,        3.01777293e+02,  6.44556934e+01,  2.15787636e+02, -3.62802678e+02,       -1.21112055e+02,  4.59225911e+01,  1.50398821e+02,  3.84997031e+02,       -4.30246648e+02, -3.58334714e+01,  1.50726266e+02, -1.28177550e+01,       -2.23768773e+02,  1.68012063e+02, -2.26905116e+02, -1.71473629e+02,        3.26020965e+01, -5.09956888e+02,  3.13613947e+01, -2.00475944e+02,       -1.06717367e+02,  3.90812447e+00, -4.82708917e+02,  4.78976949e+02,       -2.28501239e+02, -1.09775379e+03, -7.18558109e+02,  3.31849369e+02,       -3.01775454e+02, -1.44397701e+02, -2.47343308e+02, -1.41297037e+02,       -8.47531812e+02, -9.50452824e+01, -5.43883091e+02, -2.83305838e+02,        2.18689287e+02,  6.30824014e+02, -3.23012966e+00, -2.72926922e+01,        4.94486580e+02, -4.29839033e+02,  3.04899726e+02,  7.88694686e+01,       -3.53142861e+02, -1.52230022e+02,  2.08136324e+02,  1.56921397e+01,        8.32659397e+01,  9.69792926e+01, -1.99791710e+02, -2.36731709e+02,       -4.48386625e+02,  4.24294937e+02, -5.38124515e+02, -3.95576170e+02,        8.05469978e+01, -7.58165062e+02,  1.63520552e+02,  5.31930204e+02,       -4.00806183e+01,  5.88683176e+01, -2.10807910e+02, -1.73510075e+02,        8.68808813e+01,  3.17583552e+02, -3.43172318e+02,  2.62456802e+02,       -9.36675230e+01, -3.40090990e+01,  2.28688662e+02,  1.62693001e+02,       -7.63711493e+01, -3.55558917e+00,  2.06587240e+02,  2.37971835e+02,       -6.08861246e+02,  5.70390460e+01,  4.57061802e+02, -8.24586479e+02,        2.75106700e+02, -1.01130094e+03, -7.82559796e+01, -1.26028647e+02,       -7.24491456e+01, -7.59866877e+01, -2.18980976e+02, -3.06611071e+01,        1.39981539e+02, -2.04726283e+02,  1.19401343e+02,  7.35575659e+02,       -5.44839047e+02, -2.26132097e+02,  3.09961906e+02,  2.10547486e+02,        3.50852564e+02,  1.38799580e+02,  2.40216189e+02, -1.58652878e+02,       -4.14644120e+02, -3.59855781e+02, -1.75368289e+02,  5.56027801e+00,       -3.56150328e+02, -1.29304122e+02,  5.65614210e+01,  1.96011866e+02,       -8.49936237e+01,  4.76212317e+02, -4.29002784e+02, -4.48590354e+01,       -2.28050141e+01,  2.35817349e+02, -3.44579043e+02, -2.16618374e+02,        2.32523235e+02,  4.23186838e+02,  5.91032383e+02,  2.97401875e+02,        3.49380391e+02, -2.52012935e+02,  5.29674395e+02,  5.70513381e+02,       -5.44133567e+01,  3.33957470e+02,  3.21902958e+02, -2.15749422e+02,        1.37598631e+01,  5.19278340e+02, -2.35610823e+02, -1.05223382e+02,       -5.12105350e+02,  2.27937076e+02, -6.40426804e+01,  1.48662254e+02,        8.11508024e+01, -3.52764083e+02,  3.88676700e+02,  3.44664793e+02,       -2.01119123e+02,  1.56019366e+02, -4.86469532e+02, -4.37319338e+02,        1.97644357e+02, -5.83759692e+02, -2.28392806e+02,  8.11806630e+01,        6.83317166e+02, -2.06228437e+02, -8.84923941e+01, -1.23894302e+02,        9.70579566e+02,  1.19488629e+02, -3.67472425e+02,  5.78997863e+02,        5.32814921e+02,  2.54100583e+02,  6.17404311e+02,  6.84304375e+02,       -8.89683241e+01, -2.53575876e+02, -2.74719060e+02,  2.27472112e+02,        3.20706973e+02, -4.14889228e+01, -1.74212911e+02, -5.20688986e+02,       -2.55122904e+02, -3.74473008e+02,  2.49672256e+02,  1.27622995e+02,        5.28997098e+02,  4.79756917e+01, -2.12704434e+02, -6.68351100e+01,        3.38111260e+02,  1.10994987e+02,  4.30550387e+02,  4.85770408e+02,       -1.17184782e+02, -7.62867321e+01, -8.15889721e+02,  4.51142345e+02,       -4.58483894e+01,  4.24407598e+02, -1.54612608e+02, -4.91958482e+02,        1.67433434e+02,  5.84544615e+02, -2.06923806e+02,  5.77183156e+02,       -6.09960594e+02, -1.89690950e+02, -6.60276937e+02,  1.86674902e+02,        9.72032705e+01,  6.75447553e+00, -5.05527428e+02,  7.40906034e+02,        4.44576503e+02,  6.95505634e+01, -3.86992130e+02,  1.84007906e+02,       -2.30266200e+02, -7.38796662e+01, -1.84336739e+02,  1.75935387e+02,       -8.52674610e+01, -1.72139676e+02,  1.61279123e+02,  2.21523791e+02,       -7.17415018e+02,  1.64614431e+02,  5.64992769e+02,  3.53408673e+02,       -1.10830400e+02,  2.88346017e+01, -3.01525153e+02,  4.96205528e+02,        1.48081443e+02, -5.68409277e+01, -5.88970692e+01,  9.17114888e+02,        7.26047708e+00,  2.60327902e+02,  6.08767970e+02,  8.20142881e+02,        5.38039788e+02,  3.56569188e+02, -5.34826823e+02, -3.64525460e+02,        2.90797346e+02,  1.40453311e+01,  2.72162729e+02,  1.55709524e+02,        4.93224086e+02, -6.50818212e+02, -4.12404872e+02, -5.35391385e+01,       -7.27693290e+02,  1.64671083e+02,  3.30580907e+02,  1.18191199e+02,       -1.91452782e+02,  1.98800259e+02,  1.19611238e+03,  2.17424953e+02,        1.27337268e+02, -4.11877628e+02, -5.56420784e+02, -1.31667170e+02,        2.61403963e+02, -4.38016404e+01,  1.75862648e+02,  2.95906624e+02,       -5.02488886e+02,  2.07804379e+02,  4.41745689e+02,  4.92204699e+02,       -4.70153463e+01,  9.75315181e+00, -7.83174723e+01, -4.24577990e+02,       -5.59186893e+02,  7.01661977e+02, -5.63230405e+01, -4.97192240e+02,        1.84874257e+01, -1.91674782e+02,  7.67963405e+02, -2.01301346e+02,       -2.89663605e+02,  2.62257066e+02, -1.22299785e+02,  3.63742515e+02,       -4.71548590e+01,  8.45444535e+02,  4.23069753e+02, -1.09743829e+01,       -3.02912506e+02,  2.07577982e+02, -4.65746322e+02, -9.84422898e+01,        5.10840175e+02, -2.35807757e+02, -3.96785652e+02, -1.87216278e+02,        4.36364767e+02,  1.22760895e+02, -6.97333233e+02,  2.56745198e+02,        1.25679006e+02,  5.77185133e+01, -4.30297588e+02,  1.37663332e+01,        2.94717591e+02,  4.28901379e+02,  5.38123441e+02,  2.18280132e+02,        3.43174356e+01, -4.26731598e+02, -4.02554929e+02, -6.25408457e+02,       -7.72044247e+01,  2.65236079e+02, -2.06129601e+01,  4.50620147e+02,       -2.66165228e+02,  1.54549378e+02, -1.00208045e+02, -2.50500364e+02,        4.97223475e+02,  6.43093033e+01,  5.15512167e+02,  2.42375535e+01,        2.09499686e+02, -1.68119869e+02,  5.26136510e+02, -1.01105647e+02,       -3.20847255e+00, -6.57129575e+02, -9.09116727e+01,  6.11765408e+02,        5.59328033e+02,  2.22277766e+02, -1.27156146e+02,  3.26184331e+01,       -1.48671761e+02, -4.80223092e+01,  7.56334882e+02,  1.52609742e+01,       -1.98918379e+02, -9.27656958e+02, -4.56165019e+02, -3.16130173e+02,       -5.63884643e+02, -4.71667390e+02, -5.97217789e+02, -3.90168202e+02,       -3.20429979e+02, -4.04205529e+02,  4.01135022e+02, -2.14053458e+02,       -8.14579464e+02,  3.34996384e+02, -2.42406708e+02, -6.90980988e+02,        8.15491620e+02, -2.02637722e+02,  1.66174436e+02,  3.42595877e+02,        7.30879299e+00,  2.19764015e+02,  7.26697006e+00, -1.25347601e+01,       -1.15081479e+02, -6.09112473e+02,  8.91910988e+01, -1.09674561e+03,        5.49770593e+02, -3.68827347e+02, -1.16837820e+02, -1.50062609e+02,        8.68209772e+01, -1.58463368e+02,  2.40936867e+02, -4.52612669e+02,        3.18459040e+02,  3.28787899e+02,  1.30547536e+02,  8.29543724e+01,        1.67136139e+02,  6.24800047e+01,  2.54252274e+02, -7.99501293e+01,       -5.26854369e+02,  8.23126100e+01, -1.93277019e+02, -3.82415137e+01,        4.19350874e+02, -6.82082459e+02,  8.16208113e+00,  1.14641219e+01,        7.27895751e+01,  2.79714445e+02, -1.16130953e+02,  7.08118746e+02,        4.07933932e+02, -1.47701963e+02, -8.92507958e+01,  1.60515053e+01,        6.55974936e+02, -4.69798392e+02, -8.76889906e+02,  2.43431945e+02,       -1.02809551e+02, -1.06141664e+02,  1.41635608e+02,  6.58795672e+02,        4.01896730e+02, -1.48131447e+02, -4.24983727e+02, -5.06058228e+01,        2.47634811e+02, -1.10544753e+02, -6.26720704e+02, -2.37227987e+01,       -7.83115341e+02, -4.11226762e+02,  6.70093936e+02, -4.32069954e+02,       -5.59948457e+02, -4.37835598e+02, -2.97873443e+02,  2.81960276e+02,        6.94673842e+02, -4.28788493e+01,  2.32105017e+02, -1.51687757e+02,       -5.88238750e+02,  3.93628321e+02, -3.84286474e+02,  2.38734823e+02,        3.05730684e+02, -6.23509915e+01,  3.47503420e+02,  3.69791215e+02,        9.06631294e+02, -1.25582689e+02, -3.88703195e+02, -5.37673844e+02,       -1.27805814e+02, -2.17970236e+02,  8.55992253e+02, -3.73262420e+02,        8.62428586e+01,  6.27328558e+01, -2.21079784e+02, -6.84233922e+02,       -5.45904318e+01,  8.24398345e+02,  9.22390802e+01,  5.96935224e+01,       -4.52455423e+02, -5.12359860e+02, -8.28393620e+01,  4.08945425e+02,       -1.88485830e+02,  8.99373976e+02, -3.70425826e+02,  1.43487249e+02,       -1.75099578e+02, -5.78987624e+02,  2.57624628e+01, -4.31219524e+02,       -6.29072140e+02,  6.97643199e+01,  2.01137469e+01,  4.37111957e+02,        1.76912320e+02, -2.85664458e+02,  1.90528611e+02, -6.97017101e+02,       -4.47094514e+02,  7.65184667e+02,  1.10504084e+02, -1.20121328e+02,       -2.73062466e+02, -3.96869891e+01, -6.62930556e+01,  7.17886700e+02,        3.45669429e+02, -1.24559766e+02, -5.93109241e+01, -3.40271127e+02,       -1.72108030e+02, -5.68661739e+02,  4.04238522e+02,  6.32399788e+01,        1.17160973e+02,  1.28501384e+02, -4.61589469e+01, -1.54602553e+02,       -4.67134118e+00, -8.98565824e+02, -1.61502222e+02, -6.84576607e+01,       -7.77039840e+01,  4.63768171e+02,  5.34017326e+02,  1.36832070e+02,       -8.09547100e+02,  5.40907053e+02, -1.68442679e+02, -3.26400888e+02,       -7.37761196e+02, -2.75586559e+02,  4.98701695e+02,  2.30354847e+02,        5.77642116e+01,  2.59290796e+02, -4.93393507e+02, -3.75416774e+02,        4.66555029e+02,  3.22471837e+02,  4.37178157e+02, -2.23119527e+00,        5.77507346e+01,  4.68589211e+02,  8.35320938e+02, -2.08548801e+02,        3.19496951e+02, -1.42447898e+02, -3.54778431e+02, -2.89457818e+02,       -2.59100572e+02, -1.27128041e+02, -4.32128722e+02, -1.98225397e+02,       -1.17975153e+03,  2.88283993e+02,  1.64206781e+02, -3.14611408e+01,       -3.51182097e+02, -1.89666894e+02, -4.55957347e+02,  9.93426347e+01,        6.96742129e+02, -1.75782336e+02, -1.38711763e+02,  1.85617204e+02,       -4.09836728e+02,  7.33756776e+02,  1.40220837e+02,  1.57590707e+02,        4.36705022e+02,  1.55395559e+01,  4.74796381e+02,  1.39125333e+02,       -7.27468967e+01,  7.90925798e+01, -1.83659210e+01,  5.88035509e+02,        7.64758055e+01,  1.24891772e+02, -7.60925493e+01,  1.12860976e+02,       -7.82795447e+02, -3.14572594e+02, -3.90625317e+02,  4.33777959e+02,       -2.47063071e+02, -5.45199199e+02,  4.97410336e+02, -1.01660288e+02,        3.69700399e+02, -7.73350631e+02,  2.09303713e+02,  6.49584957e+01,        5.02662454e+01, -7.50734880e+01, -5.49876632e+01,  4.17246966e+02,       -2.33241311e+00, -4.18600124e+02, -1.35073459e+02,  2.14312628e+02,       -9.88049668e+02, -7.86273243e+02,  1.27613668e+01,  9.44741306e+01,       -3.67545565e+02, -3.60255259e+01,  9.18646401e+02,  2.78591457e+02,       -4.75218609e+02,  7.98258866e+01, -7.58228475e+01,  8.76005198e+01,       -2.90476580e+02,  1.57158918e+02,  2.40718632e+02, -5.71672973e+01,        9.53535159e+02, -9.05712199e+01, -2.72211138e+02,  1.60944033e+02,        3.49736932e+02, -3.00110689e+02, -2.51942663e+01,  8.12051516e+02,       -2.02306338e+01,  4.99981132e+02,  1.20860918e+02, -8.17646076e+01,       -2.24114781e+02,  4.83144352e+02, -4.65428342e+02, -1.76903795e+01,       -1.27034829e+02, -3.58083685e+02,  1.42630820e+02,  2.01966383e+02,        7.58938596e+01, -1.35587669e+01, -3.27889718e+02,  1.56823925e+02,       -1.49528012e+01, -2.12662416e+02, -1.83312552e+02,  1.66861774e+02,       -4.21322821e+01, -3.10274947e+02, -9.02408698e+02,  7.81242031e+01,        1.98340196e+02, -3.97071656e+02, -1.91178723e+02,  6.99029492e+02,        6.15871979e+01,  2.98362442e+02,  5.52044534e+01,  3.13128071e+02,        4.38185625e+01, -3.34139968e+02, -3.25870319e+01,  7.05029181e+01,        2.35963053e+02,  6.80388124e+02,  4.17477508e+02,  1.79307917e+01,        1.45980154e+02,  5.11739277e+02,  2.22171458e+02, -6.15545737e+02,       -2.27106865e+02,  1.13950481e+02,  7.26332424e+01,  2.23987327e+02,       -4.45714506e+02,  1.08241720e+02,  3.40975673e+02,  4.18747764e+02,       -3.80397986e+02, -4.46093747e+01, -1.94095702e+01, -1.14720817e+02,       -2.82343536e+02, -1.68149898e+02, -2.73923938e+01,  6.77310039e+01,        3.50717370e+02, -2.63821244e+02,  6.78797696e+02,  3.01971894e+02,        2.14082399e+02,  2.81867660e+02,  2.57935301e+02,  2.78570674e+02,        4.58511102e+02, -3.74996066e+02,  5.36704658e+02, -9.44471868e+02,        2.63831235e+02, -9.22973605e+02,  7.15540431e+02,  6.16454841e+02,       -9.88680779e+01, -4.17525592e+02, -3.58697499e+02, -4.88706512e+02,       -5.25702194e+02,  4.88236799e+02,  3.64625436e+02,  2.05363106e+02,        2.69827132e+02,  3.45378358e+02, -3.26362798e+02, -1.71875959e+02,        4.87203583e+02, -1.05578667e+02,  4.49852034e+02,  6.20494548e+02,       -3.68117383e+01, -6.11385728e+02,  1.16871586e+01, -1.17053167e+01,       -8.33646884e+01,  6.52322799e+00, -5.70058896e+02, -1.57163698e+02,        4.96148186e+01,  7.51793078e+01,  4.10992879e+02, -3.39694638e+02,        5.20030096e+02, -3.43504118e+02,  1.88236131e+02,  3.30537513e+02]
gas_BEE = [-1.38630126e+01,-5.10021069e-01,-3.09408020e+00,9.81950654e+00,-4.95416377e+00,-3.72907998e+00,-9.44821289e+00,-2.08772992e+01,-8.82449514e+00,-9.57163119e+00,-7.98974320e+00,9.30927537e-01,4.87436494e-01,1.96225523e-01,6.76283107e-01,1.05822008e+01,-4.61599670e+00,-3.24106110e+00,4.84838820e+00,-2.47600983e+01,1.23466886e+01,-5.21082269e+00,-1.27788392e+00,-2.36095173e+00,-4.55533064e-01,-1.35031533e+00,1.98327405e+01,-4.24396611e+00,-1.67873271e+00,-1.18632607e+01,1.67908257e+01,-2.28014509e+00,-9.05561220e+00,4.71425960e+00,-6.94664862e-01,5.30374381e+00,-3.17929213e-01,9.26564530e-01,7.22985868e+00,-2.27288996e+01,1.22045945e+01,2.56146431e+00,-1.74565756e+00,-7.09797847e+00,2.73234384e+00,-3.63253985e+00,1.05015164e+01,8.28176210e+00,-5.53118992e+00,-7.00650445e+00,-6.79610110e+00,-8.04825221e+00,4.01450337e+00,-1.12826161e+01,3.00166544e+00,1.35071595e+01,1.55997429e+01,7.54787902e+00,3.74793293e+00,6.46731743e+00,2.02669277e+01,4.46890617e+00,-1.23208360e+01,-2.81717708e+00,-6.16196954e+00,1.38323015e+01,-1.67695648e+01,-1.38529050e+01,-6.66614813e+00,-2.93624247e+00,-9.49119877e+00,6.18450175e+00,2.81417919e+00,3.05424321e+00,-8.67646562e+00,-7.70998164e+00,-1.25008984e+01,7.95672026e+00,-7.23520948e+00,6.50417870e+00,-1.60610910e+00,-6.74760420e+00,-1.21871898e+01,-3.62653299e+00,-3.32420020e+00,-3.36833805e+00,8.79041375e+00,1.62653064e+01,-9.62779711e+00,-1.77452454e+01,-4.36646615e+00,2.47491356e+01,-1.25520168e+01,7.16090632e+00,-2.07449260e+00,-1.40019141e+01,6.10917737e+00,7.78675806e+00,-3.45130179e+00,7.26190046e+00,-6.27713317e+00,-1.22294397e+01,2.12448189e+01,1.00572144e+01,5.84438359e+00,2.76173540e+00,4.59968347e+00,1.85256962e+01,-5.96881989e+00,9.13146267e-01,-3.11908800e+01,4.24006936e+00,-1.51705786e+01,2.94035853e+00,4.65464172e+00,-7.57468798e+00,-1.17465467e+01,1.18688782e+00,-6.83118656e+00,8.68319776e+00,-1.04529547e+01,-1.12845728e+00,-8.40552241e+00,-5.99720320e-01,1.67177825e-01,4.20005933e+00,2.94909436e-01,-1.75220530e+00,1.40984477e+01,2.04019995e+01,1.07748132e+01,1.61723808e+01,-3.07712405e+00,2.37940233e+00,1.16724494e+01,-4.48959376e-01,-1.68650945e+01,-9.29492933e+00,-1.11849963e+01,-6.58385139e+00,6.14760315e+00,-2.67958342e+01,-3.26070668e+00,9.83171288e+00,-9.08117625e+00,-7.43122748e+00,1.19896493e+01,1.06002734e+01,-6.94592758e+00,5.58363419e+00,-5.53989949e+00,8.20119804e+00,1.42008743e+00,3.30954532e+00,-1.89791564e+01,-1.08684442e+01,-1.90369683e+00,-3.79638823e-01,-8.80552393e+00,2.44468697e+01,-3.33508073e+00,-6.88582235e+00,8.40650813e+00,-1.03000188e+01,-7.98741250e+00,7.26296972e+00,2.43295171e+00,2.50265455e+00,2.86967695e+00,-2.44896510e+00,3.41741825e+00,1.30801304e+01,-6.32723294e+00,4.52424503e+00,2.01170176e+01,7.03807495e+00,-9.56646357e-01,-4.22242093e+00,3.42611321e+01,-4.70944978e+00,8.56742723e+00,5.78970082e+00,7.02789564e+00,2.05081688e+01,1.07625459e+01,-9.01471571e-01,4.92742477e+00,1.11818203e+01,8.32187624e+00,-1.27043590e+01,2.11245065e+01,-1.90570841e+01,-3.20654806e+00,1.26111753e+01,2.63654826e+00,1.26230831e+00,6.79231859e+00,4.67065411e+00,7.32354870e+00,-1.40875126e+01,9.95786869e-01,-5.73564251e+00,-1.56727997e+00,-6.70127811e-01,-2.30831253e+00,-1.19164274e+00,1.86473151e+01,-1.46936701e+00,-6.41288903e+00,-6.84164027e-01,2.96617986e+00,-1.35897982e+01,-1.10112693e+01,-7.81106607e+00,-1.39071538e+01,-3.88051160e+00,-9.06257909e+00,4.02219037e+00,-3.46081537e-02,-2.52872367e+00,-1.83234216e+00,1.43156165e+00,-4.28148166e+00,1.47128340e+01,-1.86707067e+01,-2.95932514e+00,-3.45850091e+00,3.88057273e+00,4.42054372e+00,-1.12235392e+01,-3.22149729e+00,9.84264023e+00,-5.10392833e+00,3.11467704e+00,8.18696162e+00,-3.58768139e-01,2.57165951e+01,-3.55378212e+00,-7.98025679e+00,4.19649866e-01,-5.93049101e+00,1.15739266e+01,-9.46938986e+00,2.91497441e+00,1.20801008e+01,-2.96190307e+00,2.65799372e+01,2.80340547e+01,-1.57679235e+01,1.27927260e+01,4.51626328e+00,-1.21472465e+01,4.26778790e+00,8.62952325e+00,9.34796840e+00,1.05275685e+00,3.73602273e+00,1.60593872e+01,-5.12718143e+00,2.73362696e+00,1.56402405e+01,-8.26685866e+00,-4.37171958e+00,1.24214229e+01,6.74635660e+00,1.73004612e+01,6.82054173e+00,2.13399880e+00,5.50730801e+00,9.21163039e+00,-1.09383844e+01,9.59546426e-01,4.76000311e+00,2.07882141e+00,5.14231379e+00,-1.34572253e+01,7.65767729e+00,-9.83363585e+00,-6.98744445e+00,3.86438761e+00,-2.87100144e+00,1.26622709e+01,-4.49460650e+00,5.98052566e+00,7.06334784e+00,1.75026724e+01,1.21212594e+01,1.12193315e+01,-1.71253833e+00,-1.86393583e+00,-6.76068125e+00,1.76523623e+01,1.82351887e+01,8.26060309e+00,-5.52134831e+00,1.12095527e+01,-1.28465088e+00,4.49445052e+00,1.49355291e+01,-3.07318205e-01,-2.24313462e+00,-5.59181526e+00,-1.25806286e+01,2.13819075e+01,1.02635695e+01,-1.34025180e+01,-3.77393315e+00,5.71312875e+00,-2.52733147e+00,1.40320712e+01,3.40510103e+00,1.79860455e+01,6.30530297e+00,-5.68002288e+00,4.59736620e+00,-1.35255296e+00,-6.39224002e+00,3.60156228e+00,4.17265948e+00,2.00249062e+01,1.73083785e+01,1.24072458e+01,1.59916311e+01,1.63397618e+00,-6.15907335e+00,3.13069583e+00,-7.66523182e+00,-1.18642390e+01,-1.26235183e+01,-6.44086757e+00,-2.44699149e+01,-7.43959078e+00,-1.89827573e+01,4.37249051e+00,-1.03200853e+01,1.03249880e+01,-2.13279801e+01,-6.79938257e+00,1.01606050e+01,4.81728907e+00,-1.93251186e+01,1.29800957e+01,-5.98497850e+00,1.20706481e+01,-6.12921175e+00,-1.70258404e+01,3.54996305e+00,-1.40644755e+01,-2.10541100e+00,-1.92414487e-01,9.43690357e+00,2.81143741e+01,-9.96673780e+00,-8.12417871e+00,-1.06978502e+00,-2.38897977e+00,-1.78511142e+01,-1.29843435e+01,1.14942743e+01,-4.77626509e+00,4.27313021e+00,-1.10207356e+01,-3.00937978e+00,-9.36674550e+00,1.12431614e+01,3.49539833e+00,-5.50584554e+00,-3.34009055e+00,2.56679314e+00,-1.70517205e+00,9.12994098e+00,-6.01540264e+00,1.41753261e+00,7.53167530e+00,3.49711888e+00,-4.47063547e+00,3.47968404e+01,1.26322544e+01,1.44115806e+00,2.12872861e+00,-1.35608061e+01,7.15792655e+00,-1.67874557e+01,-6.77267622e+00,-1.29934846e+01,-4.27221997e+00,1.28791467e+01,-1.27250016e+01,4.82692237e+00,-9.53444626e-01,4.56833381e-01,-8.01011315e+00,-9.64048756e+00,-1.21214262e+00,-8.58482816e+00,-4.94369873e+00,-9.04241256e+00,-1.64833233e+00,-7.40069028e+00,-1.10336452e+01,5.11116802e+00,-3.45799104e+00,4.73986936e+00,2.18193551e+00,-1.64487519e+01,-1.16873069e+01,-9.91524317e+00,7.33706627e+00,-6.47864995e-01,-1.38763097e+01,1.26947890e+01,-9.31504405e+00,1.24123753e+01,-6.61919146e+00,-1.08502409e+01,6.10581017e+00,-1.56285878e+01,-7.82794289e+00,1.40502617e+01,4.71485832e+00,-8.68311175e+00,1.21367449e+01,-3.51266361e+00,-7.72771702e+00,-6.76963848e+00,-1.15992776e+01,5.37006596e+00,-1.99303129e+01,-1.80746539e+01,-1.33557515e+00,-6.49528056e+00,-1.31100256e+01,1.67540413e+01,3.00052890e+01,-6.11439256e+00,-6.02567852e-01,-1.40394942e+01,1.46017642e+01,4.43047546e+00,-4.04470980e+00,-8.47689422e+00,3.12352175e+00,-1.33550363e+01,-3.14198845e+00,-1.96056023e+01,7.26460989e+00,3.26600072e+00,-3.77729802e-01,-2.08807280e+00,-8.17806399e+00,-2.49983861e+00,2.95341289e+01,-3.73762626e+00,-1.03065546e+01,-1.51589341e+01,2.84246251e+00,-8.02460365e+00,1.74535554e+00,6.88542631e+00,1.44932517e+00,7.33489887e+00,3.57687347e+00,1.34837367e+01,6.12464034e+00,-7.66887170e+00,1.01029876e+01,7.98983639e+00,2.80805610e+00,9.25225993e+00,-5.94764293e+00,1.63787831e+01,4.72901057e+00,-7.13770425e+00,-1.53837056e+00,-3.74344541e+00,4.41660286e+00,-5.78868865e+00,-1.53640511e+00,-2.37196412e+00,1.80828282e+01,1.23448191e+01,-1.50132384e+01,-1.38162776e+00,-1.18369269e+01,-3.36209089e+00,-5.12966986e+00,1.85394468e+00,-5.22518823e-01,-6.03208084e+00,2.80420011e+00,-1.96650022e+00,-2.30508094e+00,1.92725325e+01,3.73217340e+00,-1.80849694e+01,-9.63004089e+00,2.05954210e+01,5.34942026e+00,-2.07124862e+00,2.40951477e+01,-4.28554286e+00,-2.11464789e+00,-2.23367192e+00,3.11162078e+00,6.72362502e+00,9.55337009e-01,6.56843386e+00,-3.14077611e+00,-7.88499343e+00,-8.94522556e+00,-1.07561714e+01,9.83090811e+00,3.15271804e+00,8.56297872e+00,3.53693783e+00,1.97468112e+01,4.04251829e+00,-1.77261992e+01,-7.42157145e+00,1.60692602e+00,-6.44663995e+00,1.40272016e+01,-2.88775687e+00,3.73464090e+00,1.16519580e+01,-1.73707152e+01,3.31385319e+01,4.36698520e+00,5.54997882e+00,8.09551883e+00,1.31766221e+00,-6.05975324e-01,7.71954604e+00,-7.72218907e+00,1.84364823e+01,1.60438604e+01,-8.71324199e+00,3.70725832e+00,1.56157509e+01,-4.90430105e+00,4.07284571e+00,8.48664344e+00,9.64515729e+00,-1.68810065e+01,-1.97395077e+00,-6.81231148e+00,-1.24610377e+00,-1.55533949e+00,2.52723541e-01,-3.83989350e+00,-6.20647470e+00,2.55202961e+00,1.89423767e+00,1.19334229e+01,-9.68210127e+00,8.88825161e+00,1.09496300e+01,-3.06332315e+00,1.78606590e+01,-1.51093135e+01,-2.30867265e+01,-1.31363808e+00,-1.05012643e+00,7.01812106e-01,1.71338338e+01,-1.26080902e+00,9.05536689e+00,1.19172021e+01,8.86990884e+00,-1.54283479e+00,1.40273143e+01,-3.56448746e+00,-7.75607894e+00,-9.69084155e+00,1.51845681e+00,8.63527347e+00,-1.16489579e+00,8.42193681e+00,-1.17966761e-01,1.31964891e+01,4.18418802e+00,1.76802243e+00,-1.12855275e+00,6.96794109e+00,8.63841379e+00,4.25251670e+00,-3.78161383e-01,-1.19093903e+01,6.32758709e+00,4.49016963e+00,8.23565951e+00,6.60862784e+00,7.82147237e+00,-1.53196763e+00,6.54523158e+00,-6.60110620e+00,-4.08433898e-01,-1.22999767e+01,-7.37829191e+00,9.26515030e+00,-2.02155145e+01,5.96058468e+00,3.78113356e+00,1.91198277e+01,-4.70759363e+00,7.22057904e+00,-2.86198045e+00,-1.06274463e+01,-1.59540582e+01,-2.40784941e+00,-2.00177437e+01,3.24052400e+00,-5.06828359e+00,6.84139172e+00,5.19677396e+00,-5.80187702e+00,-6.05220055e+00,9.23900906e+00,-1.26158892e+01,-2.77027970e+00,-3.88331177e+00,5.33077213e+00,-5.21710509e-01,9.97991772e-01,-3.97754939e+00,1.23108274e+01,-1.17836139e+01,1.81033486e+00,1.32479838e+01,-7.51285543e+00,6.40127547e-01,-8.15979502e-01,-1.51348154e+01,-9.96225719e+00,-1.16316555e+00,6.36389524e+00,7.14255136e+00,1.26964109e+00,-2.08475767e+00,4.00956496e+00,-9.73383303e+00,-3.07534269e-01,-1.18247847e+01,-6.06882806e+00,1.07022104e+01,-6.87248243e+00,1.46968355e+01,-4.86240673e+00,7.72619860e+00,5.71197508e+00,-1.35271064e+01,-6.10233143e+00,1.82312968e+00,-8.67724940e+00,-8.75320244e+00,-1.93462690e+01,-1.26109312e+01,-1.10899909e+01,-9.62514241e+00,1.32151509e-01,3.99726593e+00,1.30985632e+00,4.86524509e+00,-1.30062900e+01,2.82177845e+00,5.76970119e+00,-1.51778114e+01,-1.38199343e+01,-9.01439501e+00,-5.95113945e+00,3.64464619e+00,2.63309828e-01,-9.57238232e+00,7.43849080e+00,-4.68176212e+00,1.17403402e+01,-1.95094260e+01,1.33674045e+01,-1.24999645e+00,-9.38250373e+00,-5.86980359e+00,-3.34075435e-02,9.79005389e+00,-1.61239551e+01,-2.90156373e+00,-4.09309592e+00,1.02833744e+01,1.81408343e+01,-2.21500833e+01,2.07702449e+01,9.44477496e+00,-1.66631438e+01,-7.63981242e+00,1.71889070e+01,1.33866608e+01,-4.31045899e+00,-1.19153974e+00,3.17874811e+00,1.61478075e+01,-1.24254832e+01,3.55072993e+00,-1.40585382e+00,6.94201920e+00,-1.61260569e+01,-1.07924819e+00,-6.93627591e+00,1.04630437e+01,9.17233408e+00,-1.97570165e+01,-1.08426852e+01,-5.20307673e+00,-8.61955860e+00,-2.95419068e+00,-4.87195742e+00,1.00796258e+01,9.60786777e+00,-1.08177683e+00,-9.53083589e+00,-1.90240073e+01,1.06596542e+01,-1.09149716e+01,-7.33584052e+00,1.55363232e+00,-7.66799247e+00,-9.15067336e+00,-6.37825514e+00,-1.01672952e+01,-5.46457378e+00,-1.09311043e+01,1.27862153e+01,1.39689550e+01,-1.55376399e+00,-4.99517609e+00,-4.34238441e-01,9.16253350e+00,-1.94396002e+01,-4.75093519e+00,1.16150456e+01,1.50147282e+01,-3.67213882e+00,2.32585058e+00,1.17256533e+01,3.63956668e+00,-6.60444932e-01,-8.85653688e+00,4.19373942e+00,-7.48147438e+00,-3.20983144e+00,-4.26348359e+00,-3.81136747e+00,4.71764864e+00,1.77990788e+01,-7.36665215e-01,5.74967793e-01,-2.03323453e+01,-4.00643844e+00,-8.19996793e+00,7.11094053e-01,-9.51184162e+00,1.82084175e+01,1.90104746e+01,3.90028937e+00,-4.16620157e+00,3.39906326e+00,5.57282602e+00,-1.04247920e+01,-1.97786412e+00,3.44962456e+00,2.90990849e+00,1.17595930e+01,9.29794894e+00,-4.61665799e+00,6.01290757e+00,-2.17926918e+01,-8.13943120e-01,1.96640264e+01,3.32945058e+00,1.02945336e-02,6.70783462e+00,-5.44323273e+00,2.04830585e+01,-3.66842586e+00,1.85391873e+01,8.36636915e+00,-9.70796826e+00,7.26929944e+00,-6.58728737e+00,-1.49927646e+01,-1.53459958e+00,-1.21519655e+01,-1.22451283e+01,-5.78025829e-01,7.29956599e+00,-1.90234995e+00,-7.76459108e+00,1.69046586e+00,-1.56040176e+01,-1.43969007e+00,-1.92136638e+01,1.18674894e+01,-5.67608798e-01,-1.09893553e+01,-4.64817686e+00,3.91515640e+00,-7.56999633e+00,-1.00954851e+01,1.99254618e+01,-5.36572261e+00,-9.94367974e+00,6.45948607e+00,-3.54546288e+00,1.15149041e+01,-1.86691470e-01,1.30776537e+00,2.34135748e+01,-3.40321797e+00,-8.01983098e+00,-8.94401113e+00,-1.21445087e+01,-7.86971996e+00,6.00375643e+00,5.78345741e+00,5.57485283e+00,1.66458118e+01,6.38610778e-01,4.36421972e+00,-1.42568561e+01,1.89115983e-01,-4.74371874e+00,-6.56256872e+00,7.13311591e-02,7.44034645e+00,8.68576428e+00,-2.38689461e-01,2.22795821e+00,6.59840957e+00,8.43033624e+00,-4.91484969e+00,-2.64536786e+00,2.06434208e-01,-5.83074977e+00,-1.87369056e+00,-7.02252225e+00,1.70225657e+01,1.41551504e+01,-3.75552309e+00,3.18524745e+00,-8.76036293e-01,-5.90203570e+00,7.74455669e+00,-2.15640265e+00,7.90950226e+00,-1.14520498e+01,4.09123611e+00,-2.38844022e+00,-1.21688403e+01,-5.98918606e+00,5.60585517e+00,-2.08591846e+01,8.56797359e+00,1.06672411e+01,-1.88176368e+00,-1.23447486e+00,-7.12390383e-01,5.30189288e+00,-7.39520458e+00,7.84062203e+00,6.56799245e+00,-2.26111311e+01,-7.33120128e+00,5.30031969e+00,-2.23994066e+00,9.48584463e+00,-1.36098741e+01,-1.17896029e+00,-8.88432238e+00,-2.83755819e+01,1.72724295e+01,-1.32191362e+01,-1.38226442e+01,1.87359703e+00,2.88167810e+01,6.30218182e-01,-5.99963538e+00,-1.25654298e-01,-1.20864887e+00,-1.94831703e+01,-1.33011843e+01,1.84813622e+01,-1.88331198e+00,-8.37369281e+00,1.17244160e+01,-7.50299752e+00,8.11022884e+00,1.16214333e+01,-1.28361024e+01,-5.88497123e+00,-7.12028807e+00,-3.47950854e+00,-4.66007177e+00,-2.86662080e+00,3.62149322e+00,-7.53637750e+00,6.66339441e+00,1.29933584e+01,-2.58231943e+00,-4.18078328e+00,3.25785699e+00,1.24004618e+01,1.13959465e+01,1.26885866e+00,-1.15384689e+00,-1.69252199e+00,-1.16229831e+01,8.92039021e+00,-5.54391878e+00,4.25168620e+00,-3.57564178e+00,6.39163726e+00,3.66631353e+00,-1.80456288e+01,-6.39334816e+00,-1.73630531e+01,-7.62151073e+00,1.21029406e+00,-3.92043682e+00,7.16581799e+00,-6.40902399e+00,5.02593920e-01,1.89228049e+00,1.65327206e+01,8.48775371e+00,-6.45624517e+00,-1.62418900e-01,2.90914615e+00,8.34919156e+00,-6.54101753e-02,1.22446745e+01,6.01341526e+00,2.00707364e+01,8.78496627e-01,1.50524752e+01,-5.71468797e+00,-8.65419535e+00,1.64339375e+00,1.53715227e+00,6.05113473e+00,-2.54002760e+00,-3.13452289e+00,5.28620625e+00,-1.04119339e+01,-1.22065875e+01,1.71665648e+01,-1.64884499e+00,-9.36330513e+00,-7.86155560e-01,-3.39682256e+00,8.44977653e+00,7.83810894e+00,-4.60881343e+00,-2.14660938e-01,-5.99812715e+00,-7.90313350e+00,-5.58791653e+00,-2.14921076e+01,-5.57286482e-01,-1.49170082e+01,-1.25904198e+01,-9.13036618e+00,4.28190797e+00,-8.59079272e+00,4.75952670e+00,-1.35701836e+01,8.63612050e-02,-9.04467462e+00,1.31813970e+00,2.06111453e+00,7.13146106e+00,-4.62916079e+00,-3.93216770e+00,6.43672706e+00,1.35729772e+01,7.03305791e+00,2.11678997e+00,-1.58611962e+01,-3.35683459e+00,-6.83543192e+00,-1.38632524e+01,9.96208865e+00,-7.84973137e+00,-1.16709442e+00,-5.87109681e+00,-2.26828338e+01,1.18388937e+01,-4.27705862e+00,9.18992592e+00,-1.61510893e+01,1.46500960e+01,8.71804109e-01,-6.45676350e+00,1.48724244e+00,-5.08687071e+00,-1.52955469e+01,3.61479103e+00,7.34471949e+00,1.95550209e-01,-7.52001739e+00,-3.07866650e+00,4.05354637e+00,7.21620914e+00,1.41541118e+01,5.79208337e+00,-4.90059596e+00,2.04732019e+01,5.53015791e+00,9.51559164e+00,-3.68534155e+00,6.43257653e+00,4.39019542e+00,-1.41735132e+01,-4.56045471e+00,-8.85952142e+00,-7.94237570e+00,-2.14782161e+00,-3.26136546e+00,-9.25319301e+00,-2.53243176e+01,-6.30972948e+00,3.66630608e+00,1.32644166e+00,2.34409888e+00,1.01418794e+01,3.40898773e+00,6.82648105e+00,-9.74467762e+00,1.04450359e+01,-9.82736193e+00,-1.63455186e+01,3.84607484e+00,-8.76014360e+00,-9.30558778e+00,-3.55820881e+01,-2.32181122e+00,1.83866164e+01,9.93154907e+00,-2.64328465e+00,-2.31152055e+00,7.68850068e+00,1.47794345e+01,-9.11275437e+00,-2.15562363e+00,-7.53676978e+00,-8.05606966e+00,-7.16869435e+00,3.24835595e+00,1.60121913e+01,-1.48785934e+01,-1.19122903e+01,3.26905593e-01,-2.51236238e+00,-3.84653717e+00,-2.04279057e+01,1.30731041e+01,5.40322750e+00,1.56873433e+00,1.10821676e+01,-6.91174905e+00,7.12590409e+00,6.14890341e+00,1.09227507e+00,-1.69337158e+00,2.54804575e+00,-3.39090518e+00,1.05795427e+01,-9.44519683e+00,9.53449683e+00,2.11991720e+00,3.26080245e+00,5.11132065e+00,-1.85667233e+01,1.87412953e+00,-1.49102579e+01,-1.11094040e+01,-1.10247514e+01,-1.08467510e+01,7.03926390e-01,3.54151139e+00,1.06934006e+01,1.97604133e+00,3.28564699e+00,-1.59561339e+01,-6.01102336e+00,7.38781610e+00,1.12737765e-01,-7.32915943e-04,-1.79819088e+00,8.02787246e+00,-2.06396994e+01,2.59224191e+00,5.00274953e+00,9.36841015e+00,8.45889450e+00,-1.27466572e+01,2.53696879e+00,1.36567790e+00,1.43439506e+00,3.67304907e-01,-4.84881599e+00,-8.14065488e+00,3.62434232e+00,1.35979027e+01,-1.84137257e+00,2.40457201e+00,2.97707332e+00,-6.10992233e+00,-6.19169307e+00,-2.63490148e+01,-9.00229539e+00,-1.21986083e+01,-1.97377687e+00,-1.48324302e+01,1.71895333e+01,-7.21931361e+00,-1.20540440e+01,-3.55553874e+01,1.48794062e+01,3.26866393e+00,1.98413144e-01,-1.38160301e+01,1.61333698e+00,-3.90329610e+00,-7.22697870e+00,1.79597045e+00,7.35459433e+00,1.66422599e+00,-3.82209627e+00,-2.79341657e-01,2.70897813e-01,3.58280175e+00,-1.46209255e+01,1.59150580e+01,-9.18186852e+00,-6.01165492e+00,-9.95074942e+00,-2.27971026e+01,1.47629514e+00,-1.10890442e+01,-4.94074021e+00,7.52745157e+00,-5.26127721e+00,-7.17575539e-01,-2.47901344e+00,-5.69283044e+00,3.41325081e-01,1.19962366e+01,-1.18883905e+01,2.17047209e+01,-4.74175276e+00,7.71963132e+00,-2.34320344e+00,3.02399461e+00,-2.63620081e+00,1.00128023e+01,1.40980853e+01,4.08679094e+00,1.15514937e+01,-7.66147223e+00,-1.01552106e+00,-5.65090581e+00,1.48806233e+01,1.29548463e+01,9.66149072e+00,-3.14932757e+00,-6.06712540e+00,5.44650679e+00,-5.96245364e+00,-3.41436771e+00,-1.48133808e+00,-6.90494246e+00,1.13065290e+01,-1.80169763e+00,8.20471109e+00,3.76131536e+00,3.74744952e+00,-7.57794492e+00,6.72266075e+00,-3.52859010e+00,-2.58660425e+00,-3.69989669e-01,-1.15784093e+01,1.75292268e+01,-6.14709744e+00,3.20341529e-02,4.89284786e+00,4.49020188e+00,1.65388456e+01,-4.33280493e+00,1.71408465e+01,1.53070825e+01,-2.18805880e+01,1.67010620e+00,-4.28951115e+00,2.74746174e+00,1.61238558e+00,3.69184774e+00,1.38762007e+01,2.08629461e+01,-1.72561241e+01,1.75074010e+01,-2.14580370e+01,-1.78271664e+01,-2.86189890e+00,1.70612632e-01,1.66298949e+01,8.49114964e+00,-3.66073217e+00,-2.01029625e+01,1.52169624e+01,-9.80920420e+00,-1.05956706e-01,-1.12102145e+00,2.83483984e+01,-5.58585184e+00,-2.37536150e+01,6.62277609e+00,-3.57308936e+01,2.78517545e+00,-8.22596019e+00,-3.92925611e+00,-5.76411533e+00,-1.28070080e+01,8.55823864e+00,-7.76044462e+00,-2.14022736e+00,-1.74116482e+01,-1.01708763e+00,-1.12403120e+01,-1.69510166e+01,-2.62921344e+01,2.47446903e+00,-7.33917189e+00,2.88556669e-01,-2.64317346e+00,-1.85044015e+01,-1.41056206e+01,-1.27992888e+01,-1.22615612e+01,1.19486193e+01,1.80544336e+00,-1.04719633e+01,-4.93923274e+00,-5.71988080e+00,8.69634074e+00,-7.02860570e+00,-2.07859419e+00,-5.94067679e+00,-8.39047919e+00,-8.72504123e+00,8.75688653e+00,-3.38070771e+00,-2.03413619e+01,1.75668304e+01,1.01703735e+01,1.20233320e+00,-1.72912893e+01,-1.69726206e+01,2.08201962e+00,7.12479666e-01,-7.08055163e+00,-1.05267439e+01,7.78776819e+00,-1.27541227e+00,5.90033665e+00,1.09999001e+01,7.95160080e+00,6.45758324e+00,5.22434710e+00,-5.07272949e+00,-2.90156640e+00,-4.27281855e+00,-8.06926573e+00,-1.05964535e+01,-1.40027898e+01,-8.31433118e+00,-2.19826494e+00,-1.79000270e+01,-2.21249479e+00,7.45276110e+00,-1.68245976e+01,6.67861133e+00,5.61568109e+00,-1.56111365e+01,-1.26505332e+01,-4.32715956e+00,3.66269515e+00,-9.03361537e+00,1.60193779e+01,1.40902164e+01,-1.72071805e+01,1.06391405e+01,8.12434675e+00,2.20515588e+00,4.83222395e+00,-9.42685122e+00,-3.16082266e+00,9.68001141e-01,4.26516512e+00,9.73073288e+00,-1.20489062e+01,-1.56315036e+00,3.73535484e+00,5.38618352e-01,-6.97230786e+00,4.47303074e+00,-5.97004862e+00,-4.37358717e+00,5.11247472e-01,-1.36322014e+01,1.22820791e-01,-4.19961851e+00,-2.76611671e+00,1.56644171e+00,-1.23923913e+01,1.24979284e+01,-5.71331379e+00,-2.90337459e+01,-1.90503361e+01,8.28041797e+00,-8.11779057e+00,-4.16230971e+00,-6.05209541e+00,-3.87623781e+00,-2.27049054e+01,-1.80787326e+00,-1.41250740e+01,-6.97932940e+00,5.40623474e+00,1.71797130e+01,4.56913627e-01,5.77676155e-02,1.30889909e+01,-1.15698982e+01,7.21663103e+00,1.66471918e+00,-1.06448684e+01,-5.12285644e+00,4.82533363e+00,4.04434655e-01,2.93054968e+00,2.80790451e+00,-4.98189583e+00,-6.87515747e+00,-1.13468578e+01,1.08061593e+01,-1.46140714e+01,-1.09087440e+01,2.88049725e+00,-1.95891408e+01,4.72642663e+00,1.30935155e+01,-1.90853570e+00,2.57262730e+00,-6.40784696e+00,-4.59611314e+00,1.90253833e+00,8.23569153e+00,-8.47456768e+00,5.86810767e+00,-2.87796016e+00,-2.84564603e-01,5.47922695e+00,3.80539073e+00,-2.24897379e+00,-2.72109347e-01,3.84092440e+00,6.31645851e+00,-1.57878818e+01,9.83782562e-01,1.18185159e+01,-2.10802476e+01,7.24515773e+00,-2.60118332e+01,-2.16127048e+00,-3.24016645e+00,-1.66409598e+00,-2.20249224e+00,-6.10757764e+00,-1.14040903e+00,3.01595084e+00,-5.35932854e+00,2.71835781e+00,1.98401126e+01,-1.33907261e+01,-5.72234918e+00,8.56466526e+00,5.24177941e+00,9.13016431e+00,3.72906083e+00,5.45826507e+00,-3.62702290e+00,-1.08183596e+01,-1.01679114e+01,-5.73868189e+00,6.90143986e-01,-9.41865149e+00,-2.90748107e+00,1.43801563e+00,4.97614456e+00,-1.78065724e+00,1.29643475e+01,-1.24724884e+01,-1.11184978e+00,-1.16705731e+00,6.45196642e+00,-9.41808484e+00,-5.95879473e+00,4.69904313e+00,1.09453552e+01,1.59981558e+01,7.81623183e+00,9.65691756e+00,-6.05486620e+00,1.42804967e+01,1.43736413e+01,-1.26282366e+00,7.78847442e+00,8.42314512e+00,-4.66144410e+00,1.72480102e+00,1.41588312e+01,-5.78006814e+00,-2.68823875e+00,-1.39535309e+01,5.51167533e+00,-2.55816601e+00,4.22224065e+00,1.28118361e+00,-8.92726893e+00,1.05709189e+01,8.94393880e+00,-5.92521070e+00,3.78493994e+00,-1.31161740e+01,-1.17958630e+01,5.09474646e+00,-1.50787184e+01,-6.72242890e+00,1.20437505e+00,1.87176908e+01,-4.60466359e+00,-2.68542088e+00,-3.58077486e+00,2.53340526e+01,3.85280097e+00,-9.14007044e+00,1.55637997e+01,1.39676113e+01,7.10104233e+00,1.70726999e+01,1.82384124e+01,-1.92260277e+00,-6.50259329e+00,-7.13761730e+00,5.92946985e+00,8.15783228e+00,-1.42827600e+00,-5.04308014e+00,-1.34614525e+01,-5.72190998e+00,-1.02105373e+01,6.64650907e+00,3.78521485e+00,1.33218192e+01,1.93333429e+00,-5.49666026e+00,-1.59443389e+00,8.93684345e+00,2.89254930e+00,1.24390356e+01,1.28750001e+01,-2.60833191e+00,-1.96455734e+00,-2.15390045e+01,1.13601335e+01,-1.03196160e+00,1.20379138e+01,-4.90981590e+00,-1.39398728e+01,4.17478995e+00,1.56056788e+01,-5.73421320e+00,1.52772367e+01,-1.62062328e+01,-5.21515022e+00,-1.80441518e+01,4.35113529e+00,1.93916094e+00,7.74710743e-01,-1.35949269e+01,1.96662836e+01,1.20731932e+01,1.71051933e+00,-1.06422264e+01,5.01101977e+00,-5.46386475e+00,-2.62301220e+00,-5.17656203e+00,4.26535873e+00,-2.80374055e+00,-4.17420938e+00,4.87273944e+00,5.35829395e+00,-1.91206048e+01,4.27583697e+00,1.46263371e+01,9.29872792e+00,-3.00434031e+00,4.80371022e-01,-8.23527753e+00,1.26204736e+01,3.19349816e+00,-1.41026937e+00,-1.48090828e+00,2.38234270e+01,-4.52534716e-01,6.26104086e+00,1.61103351e+01,2.18106269e+01,1.36101256e+01,9.42955655e+00,-1.37337769e+01,-1.01287563e+01,7.65578194e+00,4.19557315e-01,6.75757870e+00,3.51647354e+00,1.39048134e+01,-1.74459296e+01,-1.08140457e+01,-2.09056618e+00,-1.88852861e+01,3.76250412e+00,9.04752146e+00,2.12445652e+00,-5.01014228e+00,5.26385215e+00,3.11158198e+01,6.31957848e+00,3.39651892e+00,-1.07472226e+01,-1.39901916e+01,-3.57630786e+00,6.53165806e+00,-1.13589472e+00,5.23126422e+00,7.92015173e+00,-1.37914528e+01,5.63159200e+00,1.00665376e+01,1.29287547e+01,-1.77131809e+00,2.46386800e-01,-1.85922814e+00,-1.06148503e+01,-1.57855027e+01,1.75080429e+01,-1.67491411e+00,-1.24895979e+01,8.67302354e-01,-6.03025134e+00,1.98953409e+01,-5.17070666e+00,-8.08833142e+00,7.79594408e+00,-3.14018646e+00,9.71045909e+00,-5.13378550e-01,2.16134136e+01,1.09199344e+01,9.69255550e-01,-8.22518077e+00,5.75241015e+00,-1.20381911e+01,-1.73306278e+00,1.40639623e+01,-5.74801437e+00,-9.97517092e+00,-4.83697859e+00,1.17272943e+01,2.84816206e+00,-1.85510744e+01,7.36910294e+00,2.60060662e+00,1.88450600e+00,-1.12739378e+01,1.35717002e+00,7.82334080e+00,1.10778247e+01,1.41129341e+01,6.85529443e+00,1.27570324e+00,-1.17130374e+01,-1.00639357e+01,-1.56541072e+01,-2.13260311e+00,7.61439498e+00,-5.60967997e-01,1.21070740e+01,-6.86805513e+00,3.82930039e+00,-3.98100651e+00,-6.19184294e+00,1.30708335e+01,1.64125531e+00,1.33838821e+01,1.07678385e+00,5.08422712e+00,-3.83239985e+00,1.34360993e+01,-2.94723604e+00,-9.94324229e-02,-1.75282473e+01,-2.17556465e+00,1.60316569e+01,1.50146797e+01,5.27367037e+00,-2.89172610e+00,7.51643026e-01,-4.57611521e+00,-2.34042431e+00,1.97591731e+01,1.13287347e+00,-5.40797117e+00,-2.42348653e+01,-1.09943818e+01,-8.45017163e+00,-1.39892797e+01,-1.28605093e+01,-1.58840143e+01,-1.00771717e+01,-7.71730690e+00,-1.02370588e+01,1.01256079e+01,-5.34498566e+00,-2.09873858e+01,9.42306597e+00,-6.93060771e+00,-1.76884850e+01,2.20468625e+01,-5.17906867e+00,4.23437192e+00,9.33783065e+00,1.35446623e+00,5.53892754e+00,4.29760417e-01,6.75036069e-02,-2.99355399e+00,-1.60257294e+01,2.52712176e+00,-2.81255330e+01,1.49857458e+01,-9.10426471e+00,-3.50444834e+00,-4.10199663e+00,3.65241728e+00,-4.33130840e+00,6.54353447e+00,-1.21555232e+01,8.61292320e+00,8.96725842e+00,3.01016304e+00,2.00514274e+00,4.55655821e+00,1.53992579e+00,7.09506334e+00,-1.53409120e+00,-1.46145843e+01,2.06755231e+00,-6.40934281e+00,-4.46393940e-01,1.17177417e+01,-1.82877465e+01,2.35470392e-01,6.41590093e-01,2.12390741e+00,7.02299910e+00,-2.96283669e+00,1.88177223e+01,9.44368145e+00,-3.58620903e+00,-2.27200683e+00,7.68620582e-01,1.77119745e+01,-1.19151342e+01,-2.31114067e+01,6.58092265e+00,-2.21755466e+00,-3.15651039e+00,3.88541927e+00,1.69803812e+01,9.73076888e+00,-4.03267740e+00,-1.16100236e+01,-2.05483040e+00,6.36955389e+00,-3.20997647e+00,-1.70712155e+01,-1.30573307e+00,-2.08966430e+01,-1.08767303e+01,1.84653028e+01,-1.14234391e+01,-1.50985609e+01,-1.19961453e+01,-8.43849126e+00,7.51616542e+00,1.87031134e+01,-1.60972963e+00,5.94578506e+00,-4.08368324e+00,-1.50678257e+01,1.13092540e+01,-1.03083654e+01,6.25262064e+00,7.23481957e+00,-2.59384886e+00,8.78105176e+00,9.15087930e+00,2.50572350e+01,-3.26527010e+00,-1.11330802e+01,-1.46892155e+01,-3.48905111e+00,-7.57946536e+00,2.21524791e+01,-1.02804946e+01,2.02151417e+00,1.35613887e+00,-5.10401365e+00,-1.82237993e+01,-1.45432940e+00,2.22385894e+01,3.40329806e+00,1.63825928e+00,-1.21456677e+01,-1.27677423e+01,-2.67881740e+00,1.05959968e+01,-5.53654459e+00,2.32479859e+01,-9.84353204e+00,3.81291305e+00,-4.26239518e+00,-1.45977728e+01,9.21955280e-01,-1.22028309e+01,-1.68107200e+01,1.71121823e+00,3.11178919e-01,1.09736737e+01,5.26843530e+00,-7.64774651e+00,4.93838675e+00,-1.87121002e+01,-1.13442696e+01,2.06631877e+01,1.80740798e+00,-2.67183847e+00,-6.39000060e+00,-9.51634468e-02,-2.18756216e+00,1.95761102e+01,9.19954481e+00,-2.89976556e+00,-1.24251326e+00,-8.95247139e+00,-3.55098677e+00,-1.44981805e+01,1.12652483e+01,1.48547944e+00,2.56073018e+00,3.69905928e+00,-2.04759171e+00,-4.45950836e+00,4.61902481e-01,-2.37263078e+01,-3.40118179e+00,-1.73208900e+00,-1.61727984e+00,1.16654474e+01,1.39787139e+01,3.79743729e+00,-2.10486368e+01,1.44352178e+01,-5.24610547e+00,-8.17153214e+00,-1.92834912e+01,-7.37943530e+00,1.32075011e+01,6.53548794e+00,2.96685329e+00,7.00958903e+00,-1.25398308e+01,-9.97836737e+00,1.32808899e+01,9.02213380e+00,1.10355217e+01,7.69284630e-01,1.95474207e+00,1.21180081e+01,2.18936912e+01,-5.17409960e+00,8.02511850e+00,-4.33075653e+00,-9.53235713e+00,-7.35711773e+00,-6.81940388e+00,-3.12942790e+00,-1.11281564e+01,-4.87815263e+00,-2.97456741e+01,7.58758110e+00,5.58059683e+00,-6.39425713e-01,-8.29753280e+00,-4.48022927e+00,-1.20134016e+01,2.21606714e+00,1.80456430e+01,-4.62929210e+00,-4.13042372e+00,4.16472461e+00,-1.10737116e+01,1.95757629e+01,3.72127911e+00,2.92005605e+00,1.17258925e+01,-2.84679497e-01,1.28233498e+01,3.95351195e+00,-1.56636432e+00,2.72019733e+00,-1.27955510e+00,1.58609801e+01,1.81812539e+00,3.83922086e+00,-2.11872908e+00,2.52528591e+00,-2.08620770e+01,-7.85013616e+00,-1.07169164e+01,1.15509985e+01,-7.38377125e+00,-1.35621106e+01,1.26878172e+01,-3.14557347e+00,9.78666116e+00,-1.98849368e+01,5.08556526e+00,1.31248584e+00,1.44622798e+00,-2.39905057e+00,-1.27544013e+00,1.10825437e+01,4.54753115e-01,-1.12042775e+01,-4.54048065e+00,5.01487697e+00,-2.62772379e+01,-2.02409183e+01,4.62647157e-01,2.96629504e+00,-1.06473300e+01,-3.60358435e-01,2.41433280e+01,6.73989891e+00,-1.26744801e+01,1.68145703e+00,-2.11198484e+00,2.81283812e+00,-7.80800505e+00,4.57388184e+00,5.72372817e+00,-1.55214626e+00,2.47357934e+01,-1.92790824e+00,-6.86502836e+00,5.25025075e+00,9.94833370e+00,-7.72994234e+00,-3.79602295e-01,2.18966150e+01,-7.44275967e-01,1.22419368e+01,3.68495114e+00,-1.89604298e+00,-4.80212084e+00,1.15404163e+01,-1.24880920e+01,-6.38206075e-01,-4.20146205e+00,-9.31966983e+00,3.01710376e+00,5.33256902e+00,7.56908542e-01,-2.50303530e-01,-8.90095468e+00,3.82382462e+00,-8.55629174e-01,-5.26441395e+00,-4.73975505e+00,4.52362113e+00,-6.11732661e-01,-8.48895560e+00,-2.37887568e+01,1.36251160e+00,4.54649111e+00,-1.00442238e+01,-5.41397572e+00,1.82667378e+01,2.08856961e+00,8.26420013e+00,1.61754362e+00,8.15576625e+00,7.33594457e-01,-8.68304272e+00,-1.36463639e+00,1.69264197e+00,6.19956531e+00,1.72368399e+01,1.11349115e+01,3.76245809e-01,2.84575486e+00,1.37415249e+01,5.83370075e+00,-1.62910348e+01,-6.30392321e+00,3.04494697e+00,1.99555661e+00,5.56549846e+00,-1.18842451e+01,1.66549610e+00,8.84241671e+00,1.09030302e+01,-9.66594067e+00,-5.68508406e-01,-2.99324618e-01,-3.92976715e+00,-6.54718974e+00,-3.40879446e+00,-1.62703249e+00,2.33872419e+00,9.30661965e+00,-7.00482164e+00,1.84396828e+01,7.37603660e+00,5.42773063e+00,8.03620997e+00,6.32189129e+00,7.53214947e+00,1.22799703e+01,-1.03363408e+01,1.41119612e+01,-2.50016363e+01,6.96620706e+00,-2.36387836e+01,1.84281372e+01,1.67718974e+01,-2.13368005e+00,-1.09452077e+01,-9.65513576e+00,-1.29381147e+01,-1.44245797e+01,1.22928012e+01,9.36710966e+00,5.46341891e+00,6.95534681e+00,9.31467265e+00,-9.08090623e+00,-3.78623193e+00,1.25355720e+01,-2.68021053e+00,1.14265544e+01,1.65736011e+01,-7.71240023e-01,-1.66241941e+01,5.62214804e-01,2.51085927e-01,-1.97450955e+00,4.81058075e-01,-1.48908583e+01,-3.28134678e+00,2.42637005e+00,2.60156908e+00,1.07728373e+01,-8.79260256e+00,1.33303965e+01,-8.89047458e+00,5.25062000e+00,9.10164631e+00]
