Ea	delta_Ea
32.35917567484648	0.03683768354494532
32.94123084463263	0.61889285333109
34.10682391744558	1.7844859261440433
30.169277531946136	-2.1530604593554017
32.42566802314059	0.10333003183905021
32.633316575645495	0.31097858434395675
34.31473606697	1.9923980756684614
38.164175148529466	5.841837157227928
31.600872947557946	-0.7214650437435921
32.30718116265416	-0.015156828647377552
32.14408050652128	-0.1782574847802607
34.7701065089459	2.447768517644363
32.23143655895183	-0.09090143234971038
34.48303617431338	2.1606981830118457
31.161819161123276	-1.1605188301782619
31.44568020204315	-0.8766577892583882
33.60341950850079	1.2810815171992544
33.05968475549457	0.7373467641930347
31.78565445858112	-0.5366835327204171
31.88101068056858	-0.4413273107329587
31.99508229096682	-0.3272557003347174
29.118843407240092	-3.2034945840614455
35.720769161576754	3.3984311702752166
32.02717522815465	-0.29516276314689094
30.515209081137073	-1.8071289101644652
34.97543540767401	2.653097416372475
29.92413230334205	-2.3982056879594893
28.95679713919526	-3.365540852106278
35.122759782153025	2.8004217908514875
33.328290118875884	1.0059521275743464
30.951699386561813	-1.3706386047397245
31.792771578121233	-0.5295664131803051
34.71902799639793	2.3966900050963886
31.490162199159386	-0.8321757921421522
32.373693280721454	0.05135528941991652
29.83602499940025	-2.4863129919012863
31.285129847080498	-1.0372081442210401
33.071322563928334	0.7489845726267959
32.81493492242589	0.49259693112435343
36.34818937851378	4.025851387212242
32.600894142189645	0.27855615088810737
33.18403664968173	0.8616986583801918
32.42646540412534	0.10412741282380011
33.67887415547375	1.356536164172212
32.04041438848799	-0.2819236028135492
31.52884506184455	-0.7934929294569883
28.723843272771774	-3.598494718529764
32.26671902008093	-0.05561897122061055
29.990097457594857	-2.332240533706681
34.959757974910644	2.6374199836091066
32.42000068721063	0.0976626959090936
30.72994839347666	-1.5923895978248765
34.77737519677066	2.455037205469125
37.25423823549863	4.931900244197095
31.504923632282953	-0.817414359018585
34.10148607778683	1.7791480864852929
30.422396570393175	-1.8999414209083625
32.75516429813433	0.4328263068327942
30.07003325390906	-2.2523047373924783
32.8541449791519	0.5318069878503593
34.002307699011	1.6799697077094606
30.7524200394364	-1.5699179518651363
35.85506525334131	3.5327272620397707
30.29587000079505	-2.0264679905064895
34.42834638259046	2.106008391288924
29.254068678499607	-3.068269312801931
34.627823427486874	2.305485436185336
28.312104727530823	-4.010233263770715
30.791366499141077	-1.530971492160461
30.28361932929147	-2.0387186620100692
34.95382704196345	2.631489050661912
33.39333268356131	1.0709946922597737
31.47263958725489	-0.8496984040466486
30.096656552928835	-2.2256814383727033
29.61671227876286	-2.7056257125386765
35.23126290551045	2.90892491420891
32.15989632772835	-0.16244166357319045
31.010745119030616	-1.3115928722709214
32.08325549415713	-0.239082497144409
34.830924931389745	2.5085869400882075
28.412100257067323	-3.910237734234215
33.76329110112874	1.4409531098272055
34.58828387448375	2.265945883182212
33.63439215835001	1.3120541670484727
37.13035422602661	4.8080162347250734
37.132785908536334	4.8104479172347965
34.94670992242027	2.6243719311187306
32.944031562976306	0.6216935716747685
33.66114725587977	1.3388092645782308
37.30656224397535	4.984224252673812
31.271047176283446	-1.051290815018092
27.71729805189534	-4.605039939406197
28.753366139011632	-3.5689718522899057
32.65684260967828	0.33450461837674084
33.67982969467221	1.3574917033706697
32.20648710101159	-0.11585089028994844
30.01072392440983	-2.311614066891707
34.18300345622629	1.8606654649247503
30.84349280984702	-1.478845181454517
37.34162064762859	5.01928265632705
32.7073873382642	0.3850493469626599
35.35930515797736	3.0369671666758222
26.90469433850376	-5.4176436527977785
31.301822128370986	-1.0205158629305515
34.600541135907406	2.278203144605868
31.714615061689983	-0.6077229296115547
34.24323537529199	1.9208973839904502
30.883032362849917	-1.4393056284516206
31.107287527610424	-1.2150504636911137
34.412411942730614	2.0900739514290763
33.8479057445511	1.525567753249561
30.212705140980688	-2.1096328503208497
31.86143860183074	-0.46089938947079645
34.00013302360094	1.6777950322994002
33.103244163052295	0.7809061717507575
33.14199292499143	0.8196549336898897
31.936497853279434	-0.38584013802210393
31.604424917404685	-0.7179130738968524
30.442891238700213	-1.879446752601325
26.830953072152624	-5.4913849191489135
29.53585389287764	-2.786484098423898
32.754030830954434	0.4316928396528965
32.952664365373494	0.6303263740719558
33.76032563465651	1.4379876433549725
32.28827466638904	-0.03406332491249486
33.86405106202437	1.5417130707228353
32.327287025349506	0.004949034047967871
33.693088624778284	1.3707506334767459
31.889313986699563	-0.4330240046019753
31.41892510450998	-0.903412886791557
32.731638264100184	0.4093002727986459
34.36989374340919	2.0475557521076553
32.881295472209786	0.5589574809082478
29.231860629563016	-3.0904773617385217
31.583541443491413	-0.738796547810125
31.037322288577798	-1.28501570272374
31.95883770072396	-0.3635002905775764
33.43300403507601	1.1106660437744722
31.074206101598975	-1.248131889702563
34.01100640067489	1.6886684093733493
36.16894340490762	3.8466054136060848
34.97774847152323	2.65541048022169
31.11842450170525	-1.2039134895962889
28.757715489842667	-3.564622501458871
33.70345457759322	1.3811165862916823
31.570493391007403	-0.7518446002941346
35.63252346919762	3.310185477896084
29.32662375826112	-2.9957142330404167
28.73867060514567	-3.5836673861558666
32.435552911389095	0.1132149200875574
31.44970005659252	-0.8726379347090187
29.69460519817585	-2.6277327931256877
30.199386901551406	-2.1229510897501314
32.86561144952066	0.5432734582191188
31.795407548321236	-0.5269304429803015
32.5674173206462	0.24507932934466226
31.050324211588304	-1.2720137797132338
30.554121932222188	-1.76821605907935
34.47961600298186	2.1572780116803187
32.044770329244784	-0.27756766205675376
28.983354538962885	-3.3389834523386526
27.7400991941322	-4.582238797169339
28.296354805588635	-4.025983185712903
32.98976564594341	0.6674276546418696
32.03178817600383	-0.29054981529770885
32.59054795914926	0.26820996784772433
33.670327022102356	1.347989030800818
37.70749331139268	5.385155320091144
32.63147139650755	0.30913340520601196
30.605853506390076	-1.7164844849114615
35.16826321772896	2.8459252264274255
31.989151358022355	-0.3331866332791833
33.91004874201553	1.5877107507139954
29.36168216191436	-2.9606558293871785
33.67894005472772	1.3566020634261804
33.67347041656467	1.3511324252631312
31.127274771651173	-1.1950632196503648
33.45725496091109	1.1349169696095487
30.361176162507036	-1.961161828794502
32.90462380848135	0.5822858171798089
33.10166258093159	0.7793245896300505
28.796266554018075	-3.5260714372834627
31.429996179344016	-0.8923418119575217
28.46769286858762	-3.8546451227139187
32.16009402549389	-0.16224396580764733
35.712841481198666	3.390503489897128
31.678106874423975	-0.6442311168775632
29.635954861216305	-2.6863831300852326
27.764679616244393	-4.557658375057144
34.514344910359796	2.192006919058258
33.818712374595634	1.4963743832940963
32.938364227047714	0.6160262357461761
33.187199813921325	0.8648618226197868
30.65119878375117	-1.6711392075503682
33.16671832546672	0.8443803341651801
33.3937544387918	1.0714164474902645
30.46819655262152	-1.854141438680017
36.64071617145237	4.31837818015083
30.041630675001215	-2.2807073163003224
33.28763027855166	0.9652922872501222
32.29519408816486	-0.027143903136675362
30.36176925579275	-1.9605687355087866
35.264403640850105	2.9420656495485673
31.68319429690746	-0.6391436943940789
32.57494960549275	0.2526116141912098
32.16322424010286	-0.15911375119867444
33.505229618545854	1.1828916272443166
30.498207073347203	-1.824130917954335
34.61800443848006	2.295666447178519
32.422142412998255	0.09980442169671733
32.83292541904302	0.5105874277414841
37.13285180778985	4.81051381648831
32.87516684149887	0.5528288501973293
30.098106336543424	-2.224231654758114
34.61134861372193	2.289010622420392
35.90897084393032	3.5866328526287816
31.33694643128365	-0.985391560017888
30.426548223462305	-1.8957897678392328
32.63375810065372	0.3114201093521842
31.355233474547276	-0.9671045167542616
33.60953495936565	1.2871969680641087
33.04852801162451	0.7261900203229743
31.65491033665967	-0.6674276546418696
34.671646432048874	2.349308440747336
32.34981798064109	0.027479989339553867
31.32930211770679	-0.9930358735947493
32.43225794864054	0.1099199573390024
34.570556974878855	2.248218983577317
34.08053011469747	1.7581921233959292
36.200509148049605	3.878171156748067
32.58435342918074	0.26201543787919945
31.563705767744977	-0.7586322235565603
30.726982927005338	-1.5953550642962
34.15288749669344	1.8305495053919003
33.33270536896089	1.0103673776593496
32.2033371166217	-0.11900087467984122
26.251435023688828	-6.07090296761271
32.60603428407421	0.2836962927726745
35.49070827244759	3.1683702811460535
32.5859679609257	0.2636299696241622
33.20327923214245	0.8809412408409116
30.637557637965074	-1.684780353336464
32.513775327073745	0.191437335772207
34.40478080900357	2.082442817702031
31.918968651450996	-0.403369339850542
32.57598422379522	0.25364623249367924
30.794134267853224	-1.5282037234483141
30.479794821498217	-1.8425431698033208
35.14882293749906	2.8264849461975246
33.28202884186612	0.9596908505645843
32.30454519244813	-0.017792798853406566
33.350761764835624	1.0284237735340866
32.05248054207186	-0.2698574492296757
33.07629136776086	0.7539533764593216
29.745281725270615	-2.5770562660309224
29.850404216847892	-2.471933774453646
36.14344039322168	3.821102401920143
33.892255943166674	1.5699179518651363
31.162379304789283	-1.1599586865122546
35.889728261474374	3.5673902701728366
31.936695551034063	-0.38564244026747474
32.675228501826496	0.3528905105249578
34.13357901497558	1.811241023674043
31.575501734390855	-0.746836256910683
31.129890972071735	-1.1924470192298031
29.040027898256085	-3.282310093045453
30.713605378241482	-1.6087326130600559
33.41899385345641	1.0966558621548756
33.28927775991906	0.9669397686175216
32.18184077964543	-0.14049721165611118
29.87648714198076	-2.4458508493207773
33.33129512490268	1.0089571336011431
32.63213038905815	0.3097923977566097
30.201568166892685	-2.1207698244088533
34.3810966167548	2.0587586254532653
30.18522515164659	-2.1371128396549466
31.5605426035072	-0.7617953877943364
34.16105900431285	1.838721013011309
29.677075996345593	-2.645261994955945
36.52124082213777	4.198902830836232
30.379430256135436	-1.9429077351661022
31.578071805328364	-0.7442661859731743
33.366511686774174	1.0441736954726366
32.08055362470259	-0.24178436659894942
33.28637819268988	0.9640402013883431
30.98267203639989	-1.3396659549016476
32.96617371265165	0.6438357213501149
31.986185891546484	-0.3361520997550542
34.56017784221831	2.237839850916771
34.55312662193319	2.2307886306316504
28.680152066708615	-3.6421859245929227
31.146563483598584	-1.175774507702954
29.453809320402797	-2.8685286708987405
29.587584808061365	-2.734753183240173
33.24802482628547	0.9256868349839351
31.475664363060787	-0.846673628240751
30.00402197017638	-2.318316021125156
32.10309116991266	-0.21924682138887874
31.068209269396903	-1.2541287219046353
31.46170558286576	-0.8606324084357766
33.04041581333286	0.7180778220313186
32.5038904388266	0.18155244752506405
32.01656544810248	-0.3057725431990548
30.719734008962405	-1.602603982339133
34.45147702108807	2.129139029786529
36.57949576355895	4.257157772257415
36.50173464265566	4.179396651354125
30.952885573147796	-1.3694524181537417
33.931663697655495	1.6093257063539568
29.183885971935524	-3.1384520193660137
30.102982881411663	-2.219355109889875
29.691771530204278	-2.63056646109726
35.290967630538944	2.968629639237406
35.58883226314174	3.2664942718402017
29.66429154087382	-2.658046450427719
32.622568407155086	0.30023041585354804
32.486295337743286	0.1639573464417481
31.34360225603814	-0.978735735263399
31.18386246191949	-1.138475529382049
34.16896691492002	1.846628923618482
32.59726968317409	0.2749316918725526
33.92283319748094	1.6004952061794029
31.567330226775084	-0.7550077645264537
34.86630624139616	2.543968250094622
31.881669673118267	-0.44066831818327046
33.53205061533299	1.2097126240314537
33.8747267413346	1.5523887500330602
35.70224488099484	3.379906889693302
35.96070175910063	3.638363767799092
31.516983195942885	-0.8053547953586531
31.81642941066093	-0.5059085806406074
31.965493525472993	-0.35684446582854434
33.25421935625491	0.9318813649533695
33.30351199899451	0.9811740076929709
31.602915824467345	-0.7194221668341925
31.35230095770021	-0.9700370336013293
31.59230604441109	-0.730031946890449
33.437419285157375	1.1150812938558374
33.21098944498226	0.8886514536807226
30.206642409528285	-2.1156955817732523
34.90163483200013	2.579296840698589
30.82141655941814	-1.5009214318833983
34.06451659573486	1.7421786044333203
31.110516591113992	-1.2118214001875458
36.79340474528635	4.471066753984815
35.09735561935668	2.7750176280551386
30.371785942556016	-1.9505520487455215
34.93794532150059	2.6156073301990546
31.637974228124904	-0.6843637631766342
29.03571347403522	-3.2866245172663184
30.108716116596042	-2.2136218747054954
32.231397019393626	-0.09094097190791217
32.83358441158998	0.5112464202884439
35.84689374572008	3.524555754418543
30.573956289992566	-1.748381701308972
30.96738340924435	-1.3549545820571893
33.7665860638881	1.4442480725865607
32.65928088211513	0.33694289081358875
29.512855052882514	-2.8094829384190234
29.839847156194082	-2.4824908351074555
30.740821770556067	-1.5815162207454705
32.23014493355731	-0.09219305774422537
32.031985873770886	-0.29035211753065227
32.10513404682206	-0.2172039444794791
33.49903508857824	1.1766970972767012
28.602522744316957	-3.719815246984581
33.822995826162696	1.5006578348611583
30.593998230413945	-1.728339760887593
31.00296241702199	-1.3193755742795474
31.80932547097609	-0.5130125203254465
30.612186424790707	-1.710151566510831
31.848390549340365	-0.47394744196117244
35.56276910778797	3.240431116486434
33.76526807877963	1.4429300874780893
30.893773941410473	-1.4285640498910652
32.93566235758681	0.6133243662852692
30.368425080552697	-1.9539129107488407
33.77324188863713	1.4509038973355928
26.71605772105795	-5.606280270243587
33.603307479766954	1.2809694884654164
30.889490489840682	-1.4328475014608557
32.06084974746045	-0.26148824384108593
35.69842272419919	3.3760847328976524
36.46436976506902	4.142031773767485
35.53644235541651	3.2141043641149736
30.16637796472014	-2.155960026581397
30.809225197248452	-1.513112794053086
33.31207890214864	0.9897409108471038
31.70598225928552	-0.616355732016018
32.331260750427646	0.008922759126107849
32.44502263433424	0.12268464303269866
29.86732714553	-2.4550108457715396
32.33499064826174	0.012652656960199238
29.03394407903852	-3.288393912263018
33.04176015813573	0.7194221668341925
36.847969328425734	4.525631337124196
32.84683016184863	0.5244921705470915
31.29968699250867	-1.0226509987928694
30.150825740540313	-2.171512250761225
33.0708876288445	0.7485496375429648
31.878242911854613	-0.4440950794469245
33.39834102694158	1.076003035640042
33.86793911807035	1.5456011267688154
32.1775309683635	-0.14480702293803915
32.38085652974041	0.05851853843887511
33.31880062615528	0.9964626348537422
32.14203762962279	-0.1803003616787464
30.09138461252951	-2.2309533787720284
34.48880960804581	2.166471616744275
33.749584056095046	1.4272460647935077
34.36778496723127	2.0454469759297353
35.67845524994118	3.3561172586396424
30.25408987312403	-2.0682481181775074
31.059971862519888	-1.2623661287816503
35.03620111070995	2.7138631194084155
29.73038849364457	-2.5919494976569695
37.2006621411856	4.878324149884065
31.567923320055343	-0.7544146712461952
36.178630595401046	3.856292604099508
32.68175252806759	0.35941453676605306
30.384833995045483	-1.937503996256055
31.970633667362563	-0.351704323938975
31.306830471749436	-1.0155075195521022
32.02519825050331	-0.29713974079822947
32.37558458933927	0.05324659803773102
32.89434352470198	0.5720055334004428
36.4415027235882	4.119164732286663
29.301450242841383	-3.0208877484601544
31.478563930271775	-0.8437740610297624
31.34118375338221	-0.981154237919327
32.3920594030933	0.06972141179176106
31.076644374035823	-1.2456936172657151
30.100544608991186	-2.221793382310352
29.231003939246875	-3.0913340520546626
30.619105846571983	-1.7032321447295544
32.133523445873834	-0.1888145454277037
32.19436163809223	-0.12797635320930567
30.62457548474049	-1.6977625065610482
31.62116991810035	-0.7011680732011882
27.899179995698887	-4.423157995602651
31.831520340059797	-0.49081765124174126
31.023727272269753	-1.2986107190317853
35.38289709127639	3.060559099974853
29.803141271161167	-2.5191967201403713
33.38278880275902	1.0604508114574855
31.92318620376318	-0.3991517875383579
32.76122702959947	0.4388890382979298
35.36042083236316	3.038082841061623
30.294973770927754	-2.0273642203737836
31.76041504391287	-0.5619229473886662
31.403814405333378	-0.9185235859681598
30.132505747649702	-2.1898322436518356
31.58301424945512	-0.7393237418464196
31.935641162963293	-0.3866968283382448
31.861570400342316	-0.4607675909592217
32.15923733517411	-0.1631006561274262
31.01898252590763	-1.3033554653939063
32.011003550980604	-0.31133444032093394
29.11772311990717	-3.2046148713943694
35.98082739158235	3.658489400280814
31.736757211372606	-0.5855807799289323
31.842723213409045	-0.4796147778924933
32.04180486276164	-0.28053312853990064
30.799801603785454	-1.5225363875160838
33.241962094825794	0.9196241035242565
28.372534344369342	-3.949803646932196
32.69928172989603	0.37694373859449115
31.214209068850323	-1.1081289224512147
37.26801117980358	4.945673188502042
33.397154840350595	1.074816849049057
33.3779122578926	1.0555742665910657
32.16701344726971	-0.15532454403182783
35.688801432976106	3.3664634416745685
30.901378715438113	-1.4209592758634244
32.64511254228955	0.3227745509880151
34.27012227133673	1.9477842800351937
38.07099360196935	5.748655610667811
32.50665161760935	0.18431362630781223
32.644960974003425	0.32262298270188694
28.982893244166917	-3.339444747134621
30.919145154592115	-1.4031928367094224
34.27005637208276	1.9477183807812253
29.82760307461649	-2.494734916685047
30.890676676426665	-1.431661314874873
33.05111785234703	0.7287798610454956
28.292993943581678	-4.02934404771986
30.111253237913843	-2.211084753387695
34.3825398104409	2.0602018191393654
30.894037538430894	-1.4283004528706442
33.68454149140598	1.3622035001044424
34.809553802989285	2.487215811687747
31.420005852286067	-0.9023321390154706
29.763997113688674	-2.5583408776128636
30.22397391359118	-2.0983640777103574
31.981243447429733	-0.3410945438718045
30.249015630495705	-2.0733223608058324
33.34239255943976	1.020054568138221
34.09140349177687	1.7690655004753353
30.74555992699061	-1.576778064310929
29.047606312597054	-3.274731678704484
35.48945618660059	3.1671181952990537
32.4271243966748	0.104786405373261
32.78396227257508	0.4616242812735436
32.4627693037055	0.14043131240396178
32.028229616236786	-0.2941083750647522
35.41475279113365	3.092414799832113
32.264676143175166	-0.057661848126372206
32.35759409272646	0.035256101424920416
33.54015622370207	1.217818232400532
30.68632308666929	-1.6360149046322476
33.69126321541262	1.3689252241110808
33.62101460959093	1.2986766182893916
31.79376006694838	-0.5285779243531579
32.275417721743	-0.046920269558540895
31.833101922180504	-0.48923606912103423
31.515072117552336	-0.807265873749202
31.184850950747204	-1.1374870405543334
31.124355434658355	-1.1979825566431828
30.812586059248133	-1.5097519320534047
33.296216951466704	0.9738789601651661
31.253649772967037	-1.0686882183345006
32.274099736634525	-0.04823825466701237
37.407322204865295	5.084984213563757
30.316166971337225	-2.006171019964313
30.157679263058526	-2.164658728243012
38.509355446229165	6.187017454927627
33.53224831310217	1.2099103218006348
34.849969816081284	2.5276318247797462
33.322293286670174	0.9999552953686361
31.589999570489454	-0.7323384208120842
34.97554084648618	2.653202855184645
34.21760386006281	1.8952658687612711
33.114249338636	0.7919113473344623
29.086882268567933	-3.2354557227336045
29.690783041376562	-2.6315549499249755
31.207915689999936	-1.1144223013016017
31.477575441454974	-0.8447625498465641
33.67656768154848	1.3542296902469388
29.043520558778255	-3.278817432523283
34.09614823813581	1.7738102468342731
31.814188835993264	-0.5081491553082742
33.41349785559214	1.0911598642906029
29.94680164705278	-2.375536344248758
32.94528364881262	0.6229456575110817
30.05105426847058	-2.271283722830958
33.33718651829986	1.0148485269983212
35.77752818990666	3.4551901986051234
28.6333306460283	-3.6890073452732395
31.101633371531534	-1.2207046197700038
34.35355072816492	2.031212736863381
30.224764704648805	-2.0975732866527323
33.43651646535909	1.114178474057553
30.925702130456557	-1.396635860844981
32.46968872547586	0.14735073417432432
33.95927548550026	1.636937494198719
34.014103665656876	1.691765674355338
32.01030501888454	-0.31203297241700056
33.4900727898995	1.1677347985979623
32.311860009758675	-0.010477981542862835
32.52860265945492	0.20626466815338063
34.58123265419272	2.25889466289118
31.717837535260514	-0.6045004560410234
32.09568409365329	-0.22665389764824795
32.4232462255186	0.10090823421705863
33.84928962889535	1.526951637593811
31.870559058722392	-0.4517789325791455
32.44609679219502	0.12375880089348357
30.364471125241835	-1.9578668660597032
30.909787460379448	-1.4125505309220898
28.574396942281055	-3.7479410490204828
30.568758815759793	-1.753579175541745
33.74226923878575	1.4199312474842145
34.36995964265952	2.0476216513579857
29.940409419326897	-2.3819285719746404
33.95644181753414	1.6341038262326038
30.43313814895737	-1.8891998423441692
33.8815077746749	1.5591697833733633
31.90592059895789	-0.4164173923436465
34.11029021825834	1.7879522269568042
33.390367217078165	1.0680292257766268
28.565026068223233	-3.757311923078305
32.00987667371555	-0.31246131758598494
27.659313297425797	-4.663024693875741
32.90811646899601	0.5857784776944754
28.070518058699236	-4.251819932602302
32.2219075266803	-0.10043046462124039
33.092426800341855	0.7700888090403168
30.04439844371882	-2.2779395475827187
29.757077691916493	-2.565260299385045
30.15596588243352	-2.1663721088680177
33.95499203392319	1.6326540426216525
29.00094964004529	-3.321388351256246
32.77519767166086	0.45285968035932456
33.062808380183014	0.7404703888814765
31.940715405595256	-0.3816225857062818
31.76614827909907	-0.5561897122024675
32.36170225228216	0.03936426098061929
31.52970175216251	-0.7926362391390285
36.94424813998012	4.62191014867858
31.484890258769155	-0.8374477325323824
31.16092952118197	-1.161408470119568
32.15363589849949	-0.16870209280205017
35.1871104046586	2.864772413357059
30.88098948593688	-1.4413485053646582
31.726213330571227	-0.596124660730311
33.6548209273933	1.3324829360917647
33.55394234784626	1.2316043565447217
35.193634430910606	2.8712964396090683
32.058016079496156	-0.2643219118053821
33.13126452627648	0.8089265349749439
33.00630635894777	0.68396836764623
33.22107203098858	0.8987340396870422
33.00637225819992	0.6840342668983794
31.41450985442134	-0.9078281368801981
33.90451320459397	1.5821752132924303
31.96430733888701	-0.35803065241452714
30.10403726948971	-2.218300721811829
30.38489989429945	-1.9374380970020866
27.11511065970626	-5.207227331595277
33.113656245339826	0.7913182540382877
32.44530600112921	0.12296800982767309
34.07861903630692	1.7562810450053803
30.864705780029908	-1.4576322112716298
29.88311660702857	-2.439221384272969
31.864272269794128	-0.45806572150740976
31.295100404364348	-1.02723758693719
30.893642142898898	-1.42869584840264
31.50185931692249	-0.8204786743790464
32.984098310014815	0.6617603187132772
33.28295143143441	0.9606134401328745
32.18456241887179	-0.1377755724297458
31.329078060238317	-0.9932599310632213
34.82090824463012	2.4985702533285803
34.52350490681056	2.2011669155090203
32.85388797205587	0.5315499807543347
30.919013356073265	-1.403324635228273
32.69684345746646	0.3745054661649192
36.552562738035704	4.230224746734166
35.971581726105796	3.6492437348042586
30.061400451508234	-2.2609375397933036
32.69256000589667	0.3702220145951287
32.38908405172697	0.06674606042543019
30.739306087692967	-1.5830319036085712
29.087870757390192	-3.234467233911346
29.057293503072287	-3.2650444882292504
33.71571183902415	1.3933738477226143
31.015687563151005	-1.3066504281505331
29.115614343746984	-3.206723647554554
28.466111286466912	-3.8562267048346257
32.75727307430134	0.4349350829998002
29.832136943365185	-2.4902010479363526
34.780973296095	2.458635304793461
32.645007103481475	0.32266911217993766
31.76885014855725	-0.5534878427442891
35.21742406195881	2.895086070657271
35.16318897509336	2.8408509837918245
33.65442553186949	1.3320875405679544
34.2911441336837	1.9688061423821637
33.49600372285022	1.173665731548681
31.76141012266453	-0.5609278686370089
29.50962598939259	-2.812712001908949
32.52772685835225	0.2053888670507149
31.89933067345919	-0.42300731784234813
34.947698411247984	2.625360419946446
31.98025495859838	-0.3420830327031581
37.280268441230874	4.957930449929336
32.29531929675795	-0.027018694543585298
29.696516276573675	-2.625821714727863
29.460465145157286	-2.8618728461442515
34.46656795048693	2.1442299591853953
30.71195789686317	-1.6103800944383693
33.63181220251681	1.3094742112152744
36.06132992149287	3.7389919301913324
30.810806779361883	-1.511531211939655
30.111352086793886	-2.210985904507652
31.325216363889922	-0.9971216274116159
33.41376145261165	1.0914234613101144
32.259206505012116	-0.06313148628942145
31.551995470126712	-0.7703425211748254
32.26718031486598	-0.055157676435555913
37.43783355992946	5.115495568627921
33.05270602439123	0.7303680330896896
28.309402858074463	-4.012935133227074
30.268587709229905	-2.0537502820716327
34.56488963895049	2.242551647648952
30.472875399726036	-1.8494625915755023
33.76236851156136	1.4400305202598247
35.376636662040255	3.054298670738717
31.672044142971572	-0.6502938483299658
31.251277399787796	-1.071060591513742
31.505714423343306	-0.8166235679582314
33.7085288202361	1.3861908289345592
32.773286593266675	0.45094860196513764
34.18194906813733	1.8596110768357903
34.357043388677994	2.034705397376456
30.024365070195245	-2.297972921106293
32.123243162094695	-0.1990948292068424
30.92851602864721	-1.3938219626543287
31.07071344108408	-1.251624550217457
34.14484778757833	1.8225097962767904
30.730146091245842	-1.5921919000556954
32.852135051872665	0.5297970605711271
31.4671633591679	-0.8551746321336395
32.505669718706486	0.18333172740494774
32.60650875871124	0.28417076740970515
31.8961675092105	-0.42617048209103814
32.62086161645857	0.29852362515703135
32.57670911560126	0.2543711242997233
34.78743142308667	2.465093431785135
33.74352132463537	1.421183333333829
32.205762209205204	-0.11657578209633357
31.277900698800295	-1.044437292501243
34.95883538534045	2.636497394038912
31.90091225557535	-0.4214257357261886
34.06174882702544	1.739410835723902
29.67239714923562	-2.6499408420659165
34.91229733145974	2.5899593401582024
31.674877810928592	-0.6474601803729456
30.551163714662835	-1.7711742766387033
32.84320570281852	0.5208677115169849
32.141839931860886	-0.18049805944065156
31.512963341390787	-0.809374649910751
31.09213728888608	-1.230200702415459
33.121959551468535	0.7996215601669974
34.69879692511131	2.376458933809772
32.30961943508646	-0.012718556215077115
32.48695433028661	0.1646163389850699
34.65616010712438	2.3338221158228407
33.078202446155046	0.7558644548535085
29.326953254523687	-2.9953847367778508
31.105310549966816	-1.2170274413347215
33.999671728814064	1.6773337375125266
32.90409661443846	0.5817586231369205
29.51646633205928	-2.805871659242257
35.01050040126211	2.6881624099605688
33.38595196700771	1.0636139757061756
37.15710273363129	4.834764742329753
32.36260243610741	0.04026444480587088
33.44183453523874	1.1194965439372027
26.588707410769985	-5.733630580531553
29.68955072531753	-2.632787265984007
34.25483364417596	1.9324956528744224
34.90341411188638	2.5810761205848394
34.61502579215448	2.2926878008529457
29.550944822272868	-2.77139316902867
36.72078376627542	4.3984457749738795
31.90664549075882	-0.41569250054271834
32.677139580219546	0.35480158891800784
33.113194950556135	0.7908569592545973
31.05226164968599	-1.2700763416155496
32.38210861558764	0.05977062428610225
34.330551888167975	2.0082138968664367
35.70495202238999	3.382614031088451
32.88512421892665	0.5627862276251108
33.17158169049071	0.8492436991891736
31.06590279546981	-1.2564351958317275
35.04351592801868	2.7211779367171403
30.064062781406392	-2.258275209895146
31.495829535091616	-0.8265084562099219
30.077348071215965	-2.2449899200855725
26.347252540457703	-5.975085450843835
27.880135111001437	-4.442202880300101
31.83521069834117	-0.4871272929603663
33.38166851542337	1.0593305241218332
29.926834172798408	-2.39550381850313
30.77475988688093	-1.5475781044206087
31.943364555645985	-0.37897343565555275
33.88447983107835	1.5621418397768139
31.818340489062393	-0.5039975022391445
32.75305552197824	0.43071753067670215
30.069374261358462	-2.252963729943076
34.064318897971134	1.7419809066695962
33.45204891976391	1.129710928462373
31.08152091892407	-1.2408170723774674
35.275362686956214	2.953024695654676
29.518456489560776	-2.8038815017407615
27.432244234471	-4.890093756830538
32.498234305768165	0.1758963144666268
34.37865834432523	2.0563203530236933
29.789895520902974	-2.532442470398564
31.329961110262957	-0.9923768810385809
32.521551439164796	0.1992134478632579
31.86657874372031	-0.4557592475812271
34.714019653012656	2.391681661711118
33.03905828868301	0.716720297381471
32.54250740225689	0.22016941095535003
31.648979403715202	-0.6733585875863355
28.394149300002027	-3.9281886912995105
32.81156088056923	0.48922288926769397
31.885821326177393	-0.4365166651241452
33.97212584022782	1.6497878489262803
31.108559383232205	-1.2137786080693331
34.57108416891788	2.24874617761634
32.369567987359005	0.04722999605746736
33.3699384480351	1.0476004567335622
34.22380168499694	1.9014636936954048
32.41057709375309	0.08823910245155275
31.066686996604858	-1.2556509946966798
34.641200976242544	2.3188629849410063
25.804242679259914	-6.518095312041623
35.9049378095242	3.5825998182226613
33.26957388266965	0.9472358913681092
33.19932527683932	0.8769872855377798
31.967009208339732	-0.3553287829618057
32.23554867246639	-0.08678931883514451
32.811178664891486	0.488840673589948
36.18179375962791	3.85945576832637
34.354605116242965	2.032267124941427
32.0518215495249	-0.2705164417766355
31.112032273969817	-1.210305717331721
30.901457794542694	-1.4208801967588442
29.60148955085606	-2.7208484404454794
30.0004106910028	-2.3219273002987393
33.3386824313875	1.016344440085959
31.387622958383872	-0.9347150329176657
31.512567945861747	-0.8097700454397909
33.350827664085955	1.028489672784417
35.610513118041126	3.2881751267395884
34.21872085243376	1.8963828611322242
33.90774226808935	1.5854042767878127
27.791171116754413	-4.531166874547125
32.803929746842186	0.4815917555406486
27.208094508518116	-5.114243482783422
29.358980292461638	-2.9633576988399
29.753110556765023	-2.569227434536515
33.38588606774283	1.0635480764412932
28.68127235404245	-3.6410656372590893
32.226197568181306	-0.0961404231202323
30.85601366829269	-1.4663243230088483
31.068868261944772	-1.253469729356766
33.91682977535493	1.594491784053389
31.738931886782666	-0.5834061045188719
32.72531193562463	0.40297394432309375
31.829060320871577	-0.4932776704299613
33.21049520056113	0.8881572092595889
33.31425357756234	0.9919155862608022
30.93660845715931	-1.3857295341422287
34.166265045457294	1.8439270541557562
30.44348433199582	-1.8788536593057188
31.74759763881775	-0.5747403524837864
34.36053604919471	2.038198057893169
33.66603698060089	1.3436989892993552
32.28714778913036	-0.03519020217117941
33.415540732508816	1.0932027412072785
35.55838680732995	3.236048816028415
29.83806787630965	-2.4842701149918867
34.91066302993568	2.5883250386341388
32.09012219653141	-0.2322157947701271
30.0158640662994	-2.3064739250021375
31.336616935004713	-0.9857210562968248
31.606770930883158	-0.7155670604183797
33.714591551681224	1.392253560379686
30.909326165590755	-1.4130118257107824
30.741744360126177	-1.5805936311753612
29.97986989322021	-2.3424680980813264
33.77937051935078	1.4570325280492398
32.91431099896636	0.5919730076648193
33.19398743718193	0.8716494458803936
35.90079933631205	3.57846134501051
34.09957499939628	1.777237008094744
29.913522523282154	-2.408815468019384
32.46706593513136	0.14472794382982102
34.314110024047295	1.9917720327457573
33.35787888436971	1.0355408930681733
28.836333301056584	-3.486004690244954
32.35357423817004	0.03123624686850235
36.247693014629476	3.9253550233279384
30.859110933284683	-1.4632270580168552
29.644455865120108	-2.67788212618143
34.21199912842167	1.8896611371201288
31.969974674815603	-0.3523633164859348
36.04049257705947	3.7181545857579295
30.426680021970242	-1.895657969331296
29.348897706444404	-2.9734402848571335
32.14304061628172	-0.17929737501981435
32.08193750906503	-0.24040048223650956
32.76847594764695	0.4461379563454102
31.210156264663965	-1.1121817266375729
35.45472727921515	3.132389287913611
36.83459177966142	4.512253788359885
34.97486208416012	2.6525240928585845
30.78095441684127	-1.5413835744602693
28.810500259311084	-3.511837731990454
31.775901368840096	-0.5464366224614423
28.616348408014346	-3.7059895832871916
34.1207418401018	1.7984038488002625
35.389355218248966	3.067017226947428
30.495808340459917	-1.8265296508416213
30.332839482849522	-1.9894985084520158
29.65332590484377	-2.6690120864577693
33.771330810241125	1.4489928189395869
30.797297432094638	-1.5250405592069
30.018368237988398	-2.3039697533131402
33.169077518799895	0.8467395274983573
35.09933259700483	2.776994605703294
33.55854211583937	1.236204124537835
32.512193744956676	0.18985575365513796
32.48319807275402	0.16086008145248343
28.9504708107157	-3.371867180585838
33.28578509939962	0.9634471080980802
34.96168223315726	2.6393442418557242
26.284252852668942	-6.038085138632596
33.837427763008236	1.5150897717066982
31.804831141787872	-0.5175068495136657
31.90447081534512	-0.41786717595641676
35.24101599524988	2.9186780039483438
32.21604249298548	-0.106295498316058
32.958265802051756	0.6359278107502178
31.036511727739708	-1.2858262635618303
28.71382658600487	-3.6085114052966674
36.03269010526674	3.7103521139652003
33.837144396209624	1.5148064049080858
32.17076311487472	-0.151574876426821
33.928368734905234	1.6060307436036965
31.526736285690276	-0.7956017056112614
35.33340675076124	3.011068759459704
30.438410089358513	-1.883927901943025
31.771683816519158	-0.5506541747823803
30.84448129867087	-1.4778566926306667
33.58048656776009	1.2581485764585523
32.324446767466725	0.0021087761651870096
31.464922784496594	-0.8574152068049443
32.348763592563046	0.026425601261507836
35.79008858790985	3.4677505966083118
31.360116609344914	-0.9622213819566241
35.1741282514256	2.851790260124062
29.44497882023643	-2.877359171065109
31.623674089791166	-0.6986639015103719
33.93551221414782	1.6131742228462826
36.14308453724516	3.8207465459436207
27.879805614727957	-4.442532376573581
29.875828149422887	-2.446509841878651
33.63096539709295	1.3086274057914125
29.608053116658994	-2.7142848746425443
29.267222169801244	-3.0551158215002943
33.742269238780864	1.419931247479326
32.35502995271327	0.0326919614117287
32.574007246141264	0.2516692548397259
29.014920282108505	-3.3074177091930324
33.514191917231074	1.1918539259295358
30.089809620336382	-2.2325283709651558
33.5169596859414	1.1946216946398636
35.00114270705126	2.6788047157497203
36.31589874355632	3.99356075225478
32.319458193858736	-0.002879797442801646
31.04345091929281	-1.2788870720087289
32.76906904093994	0.4467310496384016
30.645775275069354	-1.6765627162321834
32.68346590869908	0.361127917397539
35.02137377833424	2.699035787032699
28.815311438709614	-3.507026552591924
35.75970903135385	3.4373710400523123
32.02941580281913	-0.29292218848240736
32.189149007020205	-0.13318898428133252
32.155151581368045	-0.16718640993349254
31.750302144244415	-0.5720358470571227
32.53690596558039	0.21456797427885022
35.63061239081435	3.308274399512811
27.978786295738246	-4.343551695563292
32.23640536277935	-0.08593262852218686
32.23682184607242	-0.08551614522912132
32.10572714011596	-0.2166108511855782
31.71988700208931	-0.6024509892122296
33.72902348852949	1.4066854972279543
36.28683717211243	3.96449918081089
33.92878390021178	1.6064459089102456
33.910048742010986	1.587710750709448
35.03718959953767	2.714851608236131
35.36240242296117	3.04006443165963
31.918836852932145	-0.4035011383693927
34.25733781586496	1.9349998245634197
33.22014944142211	0.897811450120571
32.906600786129275	0.5842627948277368
34.3359885767095	2.0136505854079587
33.808300292299464	1.485962300997926
32.02901381736956	-0.2933241739319783
33.06429770334762	0.7419597120460821
35.01274097593341	2.6904029846318736
29.9958306927806	-2.326507298520937
34.45589227117931	2.133554279877771
31.52462750952691	-0.7977104817746294
32.72564143189811	0.40330344059657364
31.855309971120732	-0.46702802018080547
31.70693779848625	-0.6154001928152866
31.732078364264453	-0.590259627037085
26.66692982645418	-5.655408164847358
29.818759394596782	-2.503578596704756
33.69324019307169	1.37090220177015
31.941901592188515	-0.38043639911302307
29.53848986308003	-2.783848128221507
36.61605008030347	4.293712089001929
27.6110684528403	-4.711269538461238
33.48697552491649	1.1646375336149504
29.530845549503283	-2.7914924417982547
29.980146670090676	-2.342191321210862
33.452510214548965	1.1301722232474276
35.52879804182885	3.206460050527312
33.95505793317716	1.6327199418756209
29.85663828637007	-2.465699704931467
32.764324294581456	0.4419863032799185
33.94875137447707	1.6264133831755316
34.21654617702188	1.8942081857203448
33.100212797326094	0.7778748060245562
31.15282391281289	-1.1695140784886462
34.88667570112011	2.564337709818574
33.32622747219466	1.0038894808931218
30.819769078047102	-1.5025689132544358
29.900210873774995	-2.422127117526543
31.639028616205906	-0.6833093750956323
28.721075504061446	-3.601262487240092
31.935641162963293	-0.3866968283382448
33.617653747580334	1.2953157562787965
33.22911174010187	0.9067737488003331
32.79391306007892	0.4715750687773834
28.562258299509267	-3.7600796917922708
31.270849478518358	-1.0514885127831803
31.65418544485601	-0.6681525464455262
29.3017797391185	-3.0205582521830365
32.09281088613352	-0.22952710516801744
31.54143181955078	-0.7809061717507575
33.618576337149534	1.2962383458479962
32.89968136435709	0.5773433730555553
31.65003379179143	-0.6723041995101084
32.33832515056429	0.01598715926274963
30.448360876865536	-1.873977114436002
31.428744093502246	-0.8935938977992919
33.982208426241414	1.6598704349398758
31.69814024793959	-0.6241977433619468
29.16101893044106	-3.161319060860478
32.95178790528371	0.629449913982171
33.84139489815789	1.519056906856349
32.35284934636729	0.030511355065755197
31.23460488827186	-1.0877331030296773
31.761403532742406	-0.5609344585591316
34.334374044961805	2.0120360536602675
34.58241884078598	2.2600808494844387
31.83138854155186	-0.490949449749678
31.450161351371207	-0.8721766399303306
34.77379027729694	2.4514522859954013
29.98910896876805	-2.3332290225334873
34.597312072412024	2.2749740811104857
35.40642312528507	3.0840851339835353
30.084794687029216	-2.2375433042723216
30.93311579663714	-1.3892221946643986
29.62389529756183	-2.6984426937397075
30.292575038045015	-2.0297629532565225
29.11943650053604	-3.2029014907654982
30.217845282870258	-2.1044927084312803
32.73414243579464	0.41180444449310016
30.69778955703987	-1.6245484342616692
37.617428799582285	5.295090808280747
34.09384176421008	1.7715037729085452
31.662093355455	-0.6602446358465386
34.39361747520525	2.0712794839037088
29.550417628233845	-2.771920363067693
31.102410982734	-1.219927008567538
32.22177572816872	-0.10056226313281513
30.563948170136428	-1.7583898211651103
32.76447586287213	0.44213787157059414
32.97557753633964	0.6532395450381046
35.621056998835684	3.298719007534146
33.97489360893087	1.6525556176293321
36.53712254259881	4.214784551297271
35.02994068148837	2.7076026901868318
31.934791062569275	-0.38754692873226304
27.834730524307815	-4.4876074669937225
30.26581994051594	-2.0565180507855985
30.578182409215515	-1.744155582086023
30.822536846761068	-1.49980114454047
31.91846122718198	-0.4038767641195591
33.08881222620494	0.7664742349033986
31.15078103590895	-1.1715569553925889
32.63713873243705	0.3148007411355138
31.841207530538668	-0.4811304607628699
35.35126544886407	3.0289274575625313
29.16958583358428	-3.1527521577172593
34.582122294134024	2.259784302832486
32.86117642965837	0.5388384383568336
34.220763729339524	1.8984257380379859
28.55197801572649	-3.7703599755750474
33.08396204103883	0.7616240497372928
30.85291640331343	-1.4694215879881085
32.89460712172513	0.5722691304235923
32.60326651536525	0.28092852406371094
31.34287736424085	-0.9794606270606891
33.797585073432856	1.4752470821313182
32.62448607547594	0.3021480841744051
32.004110488909646	-0.3182275023918919
31.998377253721628	-0.3239607375799096
32.92426178647111	0.6019237951695686
32.102563975873636	-0.21977401542790176
34.84588406226885	2.5235460709673134
33.6148200796124	1.2924820883108623
30.80420367401348	-1.5181343172880588
33.12843744823658	0.8060994569350441
33.115587093512204	0.793249102210666
29.649530107759347	-2.672807883542191
33.002484202159394	0.6801462108578562
31.020959503561244	-1.301378487740294
32.36991725341068	0.047579262109138654
34.720873175538145	2.398535184236607
30.04327815637953	-2.279059834922009
33.60025634426711	1.277918352965571
30.735582779783726	-1.5867552115178114
33.62606249251803	1.303724501216493
30.66226326867036	-1.6600747226311796
35.041538950365066	2.719200959063528
31.93893612570946	-0.38340186559207723
38.26612129602472	5.943783304723183
34.00375748262377	1.681419491322231
32.85737404264364	0.5350360513421037
31.06185658121285	-1.260481410088687
30.05771668315174	-2.264621308149799
35.576904497986106	3.2545665066845686
35.145330276990535	2.822992285688997
35.173271561110596	2.850933569809058
37.27677578071598	4.954437789414442
33.690801920627564	1.3684639293260261
32.81776859038655	0.49543059908501164
30.552178563193138	-1.7701594281083999
32.15409719329182	-0.16824079800971958
31.09430537436856	-1.2280326169329783
33.687704655646485	1.365366664344947
34.30280830181073	1.9804703105091903
36.69014061271446	4.36780262141292
30.541608322695538	-1.780729668606
31.6172159628004	-0.7051220285011368
34.12571723385463	1.803379242553092
31.910928942335886	-0.4114090489656519
35.948365418567846	3.6260274272663082
28.414907565331532	-3.9074304259700057
32.548306536698874	0.22596854539733613
33.01575631211199	0.6934183208104514
33.879076092161995	1.556738100860457
34.996048694638375	2.6737107033368375
29.68043685835096	-2.6419011329505793
31.71384404040691	-0.6084939508946263
33.5548543935347	1.2325164022331592
31.6729008332768	-0.6494371580247389
32.55483056293815	0.2324925716366124
32.287015990616055	-0.035322000685482635
31.96364834634005	-0.3586896449614869
27.238012770284513	-5.084325221017025
29.35318115802147	-2.969156833280067
32.822315638986765	0.49997764768522757
34.19717179604777	1.8748338047462312
34.799425087494456	2.4770870961929177
34.332726563585766	2.010388572284228
33.65007618103846	1.3277381897369196
34.598761856022975	2.276423864721437
38.00701135629788	5.684673364996343
34.59394462047885	2.271606629177313
34.06939314060401	1.7470551493024686
31.110239814235683	-1.2120981770658545
36.28624407880852	3.9639060875069845
32.53090913338019	0.2085711420786538
31.93030332330818	-0.3920346679933573
32.34573222682411	0.02339423552257358
30.71999760597828	-1.6023403853232594
32.843152983416985	0.5208149921154472
29.325767067937704	-2.9965709233638336
33.02423095630638	0.7018929650048449
29.944231576111633	-2.3781064151899045
29.634834573895205	-2.687503417406333
31.931094114363077	-0.39124387693846074
29.53354741896328	-2.7887905723382573
30.61653577562356	-1.705802215677977
29.969049235548482	-2.3532887557530557
33.50371393568457	1.181375944383035
36.078990921829245	3.756652930527707
35.21030694242654	2.8879689511250035
35.06928253672231	2.7469445454207744
29.522015049331088	-2.8003229419704496
33.04670260225976	0.7243646109582187
32.42309795219262	0.1007599608910823
32.849993326087315	0.5276553347857771
33.69053832361021	1.3682003323086747
34.37703063272238	2.054692641420843
33.79011209791497	1.467774106613433
30.372379035849008	-1.94995895545253
32.72725596364762	0.40491797234608384
31.344393047093035	-0.9779449442085024
34.168637418637445	1.8462994273359072
32.77704285080108	0.4547048594995431
34.46076881605222	2.138430824750685
31.355464121941623	-0.9668738693599153
29.553778490239893	-2.7685595010616453
27.625632188194686	-4.696705803106852
31.629466634304663	-0.692871356996875
34.43500220734495	2.112664216043413
27.281110883050133	-5.041227108251405
35.64992087252449	3.327582881222952
29.446619711684434	-2.8757182796171037
31.343865853064926	-0.9784721382366115
31.75441821170898	-0.5679197795925575
30.751365651361994	-1.5709723399395443
36.50081205308402	4.178474061782481
31.62743034732557	-0.6949076439759665
31.171736998992856	-1.1506009923086822
34.09772982026334	1.7753918289618014
27.641256901555607	-4.6810810897459305
35.834834182056056	3.5124961907545185
36.62173718601116	4.299399194709622
34.53527451375521	2.212936522453674
30.47570906769033	-1.8466289236112061
30.863789780392835	-1.4585482109087025
32.19838149264979	-0.12395649865175074
32.533545103578945	0.21120711227740685
30.2258190927314	-2.096518898570139
32.93177430155629	0.6094363102547504
34.33588972783036	2.013551736528825
30.70464307956172	-1.617694911739818
31.681223909183245	-0.6411140821182926
29.13380253813375	-3.1885354531677876
33.470698408928	1.1483604176264635
35.71806070219395	3.3957227108924144
30.404801469318045	-1.917536521983493
32.746860992010625	0.4245230007090868
33.146539973589825	0.8242019822882867
32.64954756215138	0.3272095708498455
30.22000018851304	-2.1023378027884974
27.30542770815373	-5.0169102831478085
34.244487461139215	1.9221494698376773
32.22052364232513	-0.10181434897640429
32.212088537682575	-0.11024945361896243
37.416350402796525	5.094012411494987
31.28118248170358	-1.0411555095979566
33.75228592554777	1.4299479342462291
32.30507238649125	-0.017265604810290824
35.66375971607613	3.341421724774591
34.79586652772923	2.4735285364276933
31.359154480214784	-0.9631835110867542
30.257648432892893	-2.064689558408645
34.6980456736037	2.3757076823021634
29.433248752851796	-2.889089238449742
34.48028158545549	2.1579435941539487
32.23943672851237	-0.08290126278916432
35.97394750936655	3.6516095180650154
32.41986888871179	0.09753089741025178
33.86383359448337	1.5414956031818292
31.443637325126474	-0.8787006661750638
34.17589885754296	1.8535608662414234
32.18579473494083	-0.13654325636071007
32.00654876135377	-0.31578922994776804
31.632504589957534	-0.6898334013440035
32.93276279035854	0.6104247990570002
31.791519492278894	-0.5308184990226437
32.738689484394854	0.4163514930933161
29.837580221821554	-2.484757769479984
32.67891886009966	0.3565808687981189
32.40194429134158	0.07960630004004088
33.94543664194953	1.6230986506479894
32.454465997576335	0.13212800627479737
34.88746649217501	2.5651285008734703
33.60183792638145	1.2794999350799117
29.915499500934857	-2.406838490366681
36.709383195160626	4.387045203859088
31.504923632281134	-0.8174143590204039
27.479138144331955	-4.843199846969583
32.524714603404846	0.2023766121033077
32.48095749808999	0.1586195067884546
30.35893558782118	-1.9634024034803588
28.504266955103958	-3.81807103619758
30.708972660613654	-1.6133653306878841
32.19805199637631	-0.12428599492523063
32.82989405331318	0.5075560620116448
31.9167807961785	-0.4055571951230377
32.75790570714889	0.43556771584735543
32.038773497035436	-0.283564494266102
31.612800712708122	-0.709537278593416
31.509272983115807	-0.8130650081857311
34.82817034252594	2.5058323512243987
30.844349500159296	-1.4779884911422414
32.692098711107974	0.3697607198064361
28.055888424089062	-4.266449567212476
35.015047449858685	2.6927094585571467
32.179600204970484	-0.14273778633105394
34.10227686885037	1.7799388775488296
31.424921936710916	-0.8974160545906216
30.277747705671572	-2.0445902856299654
32.88399734166342	0.5616593503618788
37.74578077853948	5.423442787237946
31.929710230007913	-0.39262776129362464
34.35407792220758	2.031739930906042
34.692648524619926	2.3703105333183885
32.79509924667218	0.4727612553706422
32.178598536294885	-0.14373945500665286
35.81961145414971	3.4972734628481703
32.05926816535066	-0.263069825950879
28.815575035729125	-3.5067629555724125
36.36156692726945	4.0392289359679125
31.66986946754332	-0.6524685237582162
33.044066632057365	0.7217286407558277
34.45648536447641	2.1341473731748692
32.76155652587477	0.4392185345732287
34.69767663777566	2.3753386464741197
31.60008215650305	-0.7222558347984886
30.144565311311453	-2.1777726799900847
29.86284599618375	-2.459491995117787
31.39190640996094	-0.9304315813405992
30.590373771396116	-1.7319642199054215
33.02357855367882	0.7012405623772793
30.791827793924313	-1.5305101973772253
31.4612324262107	-0.8611055650908384
34.26188486446034	1.939546873158804
34.090474312279184	1.7681363209776464
32.04707680316642	-0.2752611881351186
31.329236218451115	-0.993101772850423
34.115127223576565	1.7927892322750267
35.80308392099505	3.480745929693512
28.887405223682435	-3.4349327676191024
33.48473495024609	1.162396958944555
33.73541571626447	1.4130777249629318
35.774799960752716	3.4524619694511784
33.21046225093505	0.8881242596335142
27.95980731029931	-4.362530681002227
32.8205561288778	0.4982181375762593
32.39693594795608	0.07459795665454294
33.10274332871268	0.780405337411139
29.505606134837763	-2.8167318564637753
33.748925063541265	1.4265870722397267
31.837471042785182	-0.4848669485163555
33.83149683005831	1.5091588387567754
34.61609336008405	2.293755368782513
29.549495038664645	-2.7728429526368927
32.1615438091103	-0.1607941821912391
34.251934076957696	1.9295960856561578
32.29749397216801	-0.024844019133524853
31.796330137887708	-0.5260078534138302
35.27080245851039	2.9484644672088507
33.858581423860414	1.5362434325588765
32.376704876674694	0.05436688537315604
33.771330810239306	1.4489928189377679
30.798661546668427	-1.5236764446331108
31.391708712195395	-0.9306292791061423
32.344084745449436	0.021746754147898173
30.29804467620852	-2.0242933150930185
35.814669010018406	3.492331018716868
33.768798301872266	1.4464603105707283
28.50221748827971	-3.820120503021826
31.87982449397532	-0.4425134973262175
31.210024466156028	-1.1123135251455096
32.940275305434625	0.6179373141330871
32.37823373938954	0.05589574808800535
31.925492677688453	-0.3968453136130847
32.972829537405005	0.650491546103467
33.13197623823362	0.8096382469320815
31.139031198745215	-1.1833067925563228
30.900034370635694	-1.4223036206658435
28.498184453876092	-3.8241535374254454
33.45468488996357	1.1323468986620355
29.62277501022527	-2.6995629810762694
35.33004588875701	3.007707897455475
31.520871251988865	-0.8014667393126729
33.21250512784536	0.8901671365438233
33.746091395572876	1.4237534042713378
30.45678939157915	-1.8655485997223877
31.380439939603093	-0.9418980516984448
34.62775752822199	2.3054195369204535
36.623977760682465	4.301639769380927
33.94236573666694	1.6200277453654053
28.343275075145357	-3.979062916156181
31.49899269933212	-0.8233452919694173
31.821635451811744	-0.5007025394897937
30.482061755872564	-1.8402762354289735
32.27838318821159	-0.043954803089945926
32.165168268124035	-0.15716972317750333
32.474894766626676	0.152556775325138
35.264561799061994	2.942223807760456
34.52252300791133	2.200185016609794
34.99817724057357	2.6758392492720304
36.60427388344033	4.28193589213879
28.999704144124735	-3.322633847176803
32.61232766292869	0.28998967162715417
32.67199943833111	0.34966144702957536
32.51357762931002	0.19123963800848287
32.7873890338451	0.4650510425435641
34.268375941077466	1.9460379497759277
26.24280222127709	-6.0795357700244494
33.576400813952205	1.254062822650667
29.51384354171023	-2.808494449591308
33.19945707535226	0.8771190840507188
32.16713865584961	-0.15519933545192544
31.776626260644807	-0.5457117306567305
29.608125605838723	-2.7142123854628153
32.261809525582976	-0.060528465718562074
35.15864192649951	2.836303935197975
31.25880309470631	-1.063534896595229
26.943772596707277	-5.378565394594261
28.9654958408546	-3.356842150446937
33.338240906376086	1.0159029150745482
31.49958579262602	-0.8227521986755164
33.21949044887151	0.8971524575699732
31.46386839641673	-0.8584695948848093
32.930983510475926	0.608645519174388
34.65965276764109	2.3373147763395536
35.82738756624531	3.5050495749437687
35.465996051822	3.1436580605204654
32.66626620314128	0.34392821183973865
31.724236352921707	-0.5981016383798305
33.73330694010292	1.4109689488013828
29.870029014986358	-2.45230897631518
34.21147193438719	1.8891339430856533
35.27773110618	2.9553931148784613
33.02317656822379	0.7008385769222514
31.82993875793963	-0.4923992333619083
32.8204111505147	0.4980731592131633
32.252748378014076	-0.06958961328746227
30.928002014457434	-1.3943359768441042
34.34399533620308	2.0216573449015414
34.452267812157515	2.1299298208559776
31.5283376375819	-0.794000353719639
36.38223952356475	4.059901532263211
28.86809674196411	-3.4542412493374286
37.61193939164332	5.28960140034178
36.51260801972876	4.190270028427221
31.404624966173287	-0.9177130251282506
29.29426722405333	-3.0280707672482094
32.8867651103792	0.5644271190776635
32.00740545165536	-0.31493253964617907
30.20374284231002	-2.118595148991517
32.29947094981435	-0.022867041487188544
32.994049097520474	0.671711106218936
33.288091573318525	0.9657535820169869
32.820444100143504	0.4981061088419665
28.78710655757095	-3.535231433730587
29.769796248125203	-2.5525417431763344
31.760810439446686	-0.5615275518548515
32.23484355043729	-0.08749444086424774
26.71292750644352	-5.609410484858017
31.344261248588737	-0.9780767427128012
31.977816686159258	-0.34452130514227974
33.349114283450035	1.0267762921484973
30.060807358211605	-2.261530633089933
31.750174299688297	-0.5721636916132411
30.481244605110987	-1.8410933861905505
32.49954767792042	0.17720968661888037
33.65574351696887	1.333405525667331
33.61765374758397	1.2953157562824344
30.74352364000515	-1.578814351296387
36.33665700888105	4.01431901757951
35.01761752079983	2.6952795294982934
29.189816904872714	-3.1325210864288238
33.85772473354518	1.5353867422436451
29.83984715619954	-2.4824908351019985
34.75098913507827	2.428651143776733
34.87336405160568	2.551026060304139
30.192144573427868	-2.13019341787367
30.357749401242472	-1.9645885900590656
30.371785942556016	-1.9505520487455215
29.128925993255507	-3.193411998046031
32.6891332446298	0.366795253328263
30.864580571447732	-1.457757419853806
28.540709243126912	-3.781628748174626
33.82576359487393	1.5034256035723956
32.993719601246994	0.6713816099454561
33.30720235728222	0.9848643659806839
32.26487384094435	-0.0574641503571911
31.38076943586202	-0.9415685554395168
32.40088990325603	0.07855191195449152
31.789819291496315	-0.5325186998052232
34.92977381388482	2.607435822583284
29.166488568605928	-3.15584942269561
33.37797815714657	1.055640165845034
30.020081618615222	-2.3022563726863154
32.10685401737646	-0.21548397392507468
32.94983069741056	0.6274927061090239
31.34386585305765	-0.9784721382438875
32.91958293936659	0.5972449480650539
35.621715991388555	3.2993780000870174
28.058656192803028	-4.26368179849851
33.06330921452172	0.7409712232201855
35.17610522907489	2.8537672377733543
29.024930378940553	-3.297407612360985
31.642389478211044	-0.6799485130904941
33.68576062762304	1.363422636321502
30.691199631546624	-1.6311383597549138
33.403415269576726	1.0810772782751883
29.565969852417766	-2.756368138883772
31.981309346680064	-0.3410286446214741
30.646717634415836	-1.6756203568857018
29.50480875385074	-2.817529237450799
32.68840835282754	0.36607036152599903
30.794793260400183	-1.5275447309013543
33.26797253077439	0.9456345394728487
31.652933359007875	-0.6694046322936629
32.33044359966584	0.008105608364303407
34.10273816363406	1.78040017233252
34.84871773023406	2.526379738932519
32.45070974004193	0.12837174874039192
31.21865726856049	-1.1036807227410463
30.129737978939374	-2.1926000123621634
31.796659634164826	-0.5256783571367123
35.07000742852324	2.7476694372217025
36.32657442287746	4.004236431575919
31.362515342229017	-0.959822649072521
31.92870197141019	-0.3936360198913462
32.113769485196826	-0.20856850610471156
31.146958879115118	-1.1753791121864197
33.32776292483322	1.0054249335316854
33.97640929179761	1.6540713004960708
34.898748444631565	2.576410453330027
31.842591414904746	-0.4797465763967921
34.89069555567039	2.5683575643688528
32.12345403971176	-0.198883951589778
32.97237483254594	0.6500368412444004
34.38136021377568	2.059022222474141
31.855837165159755	-0.46650082614178245
30.029149356108064	-2.2931886351934736
30.465560582422768	-1.85677740887877
30.750179464765097	-1.572158526536441
33.296394879453146	0.9740568881516083
35.72919767629355	3.406859684992014
31.922395412704645	-0.3999425785968924
32.38784185076656	0.06550385946502502
28.702821410424804	-3.6195165808767342
37.091994269690304	4.769656278388766
33.82923648560973	1.5068984943081887
33.90714917479818	1.5848111834966403
32.23429658662644	-0.08804140467509569
34.51770577237039	2.195367781068853
30.63520503456766	-1.6871329567338762
31.126299462677707	-1.1960385286238306
29.372753236762946	-2.9495847545385914
33.90786615869001	1.5855281673884747
30.61989663762506	-1.7024413536764769
31.97808028318832	-0.34425770811321854
28.803185975790257	-3.519152015511281
33.51570760009781	1.1933696087962744
32.93190610005331	0.6095681087517733
29.848216361580853	-2.4741216297206847
32.880043386367106	0.5577053950655682
27.79888132958513	-4.523456661716409
37.88845925554597	5.56612126424443
33.748200171736244	1.4258621804347058
32.12305864418158	-0.19927934711995476
31.87896780365554	-0.44337018764599634
34.63658802838472	2.314250037083184
33.76698145941555	1.444643468114009
30.715081521551838	-1.6072564697497
35.869892585717025	3.5475545944154874
30.561971192484634	-1.7603667988169036
32.64056549369343	0.3182275023918919
31.32515046463959	-0.9971875266619463
32.05972946012753	-0.26260853117400984
35.23982980866276	2.917491817361224
29.384549203401548	-2.93778878789999
33.800458280955354	1.4781202896538161
30.352082065310242	-1.970255925991296
35.872660354423715	3.550322363122177
35.78119218848951	3.458854197187975
29.33980360925443	-2.982534382047106
37.22352918267279	4.901191191371254
31.896167509216866	-0.4261704820846717
32.336242734108964	0.013904742807426373
31.181555987994216	-1.1407820033073222
39.644799609879556	7.322461618578018
31.432368552526896	-0.8899694387746422
33.9636907355889	1.64135274428736
28.571879590745084	-3.750458400556454
34.52749840166325	2.2051604103617137
32.54428141019889	0.2219434188973537
29.734019542590886	-2.588318448710652
32.12464022630229	-0.19769776499924774
34.96806128104072	2.6457232897391805
30.02845082400745	-2.2938871672940877
35.320681604619494	2.9983436133179566
35.536178758404276	3.213840767102738
31.606698441702974	-0.7156395495985635
34.682717506892004	2.3603795155904663
33.73871067901928	1.4163726877177396
32.026186739330115	-0.29615125197142333
33.880855372048245	1.5585173807467072
34.38076712048132	2.0584291291797854
32.7255755326446	0.40323754134306
29.4855727613176	-2.836765229983939
34.90691336232612	2.5845753710245845
31.314474785329367	-1.0078632059721713
31.662159254716244	-0.6601787365852942
28.24322682620459	-4.079111165096947
35.32984819098965	3.007510199688113
31.76160123050795	-0.5607367607935885
35.42184355097197	3.0995055596704333
32.67727796865529	0.3549399773537516
29.796090050876956	-2.5262479404245823
31.85570536664818	-0.4666326246533572
34.112623051889386	1.7902850605878484
31.521200748265528	-0.8011372430360097
29.432457961789623	-2.8898800295119145
29.970327681097842	-2.3520103102036956
32.06519909828785	-0.2571388930136891
33.62938381497224	1.3070458236707054
32.55034941360282	0.2280114223012788
33.47794073705518	1.1556027457536402
30.917827169483644	-1.4045108218178939
29.21012046534088	-3.1122175259606593
28.619854248379852	-3.702483742921686
31.055029418392223	-1.2673085729093145
32.038444000761956	-0.28389399053958186
28.713892485266115	-3.608445506035423
26.988353442717198	-5.33398454858434
31.310850326306536	-1.011487664995002
27.731729988750885	-4.590608002550653
33.60612137794669	1.2837833866451547
33.16207242798873	0.8397344366871948
32.152515611163835	-0.16982238013770257
27.735150160079684	-4.587187831221854
30.776011972731794	-1.5463260185697436
33.637753020357195	1.3154150290556572
28.95956490790195	-3.3627730833995884
32.561644545908166	0.2393065546066282
28.894785940238762	-3.4275520510627757
34.083890976704424	1.7615529854028864
32.99994708083614	0.6776090895345988
31.66420213161473	-0.6581358596868085
33.13119862702297	0.8088606357214303
32.63384376968679	0.3115057783852535
31.28495191909178	-1.037386072209756
30.43241325715644	-1.8899247341450973
30.257068519450286	-2.065269471851252
34.763900776101764	2.441562784800226
32.93546465982217	0.6131266685206356
30.94097757776626	-1.3813604135352762
31.8133321456844	-0.5090058456171391
30.947152337961597	-1.3751856533399405
32.67601929288503	0.3536813015834923
32.541057618645084	0.2187196273435461
35.320859532608665	2.9985215413071273
32.96465802978514	0.6423200384836036
33.28733373189243	0.9649957405908935
33.9667221013151	1.6443841100135614
33.06232072569583	0.7399827343942889
35.93210148243361	3.609763491132071
35.643924040326965	3.321586049025427
32.18790351110147	-0.13443448020007054
30.406448950685444	-1.9158890406160936
34.692734193646174	2.3703962023446365
32.85585835978054	0.5335203684790031
32.59924666081497	0.27690866951343196
32.31647295760558	-0.00586503369595448
31.57906029415608	-0.7432776971454587
31.81603401513712	-0.5063039761644177
35.71469984019495	3.3923618488934153
32.23093572461403	-0.09140226668750984
34.2930552120888	1.9707172207872645
32.24115010914102	-0.08118788216052053
34.313418081868804	1.9910800905672659
35.31218719064782	2.9898491993462812
29.688278869689384	-2.634059121612154
32.90706208091342	0.5847240896118819
31.746773898132233	-0.5755640931693051
33.021133691323485	0.6987957000219467
34.47560339734264	2.1532654060411005
33.647440210836066	1.3251022195345286
35.21663458888543	2.894296597583889
31.452098789472075	-0.8702392018294631
29.918333168899835	-2.4040048224017028
30.517752792380634	-1.804585198920904
33.88032158808346	1.5579835967819236
32.54837243595102	0.22603444464948552
34.384259780999855	2.0619217896983173
31.3603406668135	-0.9619973244880384
32.12147706205917	-0.2008609292423671
35.21676506940912	2.894427078107583
29.15958232667981	-3.162755664621727
31.25575854912404	-1.066579442177499
29.965385236970178	-2.3569527543313598
34.93636373938716	2.6140257480856235
30.65271446661427	-1.6696235246872675
34.98334990820149	2.6610119168999518
30.325326967777073	-1.9970110235244647
35.963897872974485	3.641559881672947
32.78514845916652	0.46281046786498337
32.38960795080493	0.06726995950339187
29.878595918133215	-2.4437420731683233
30.735991355163605	-1.5863466361379324
32.225268388687255	-0.09706960261428321
30.77054892448723	-1.5517890668143082
37.96265522674821	5.640317235446673
30.148143640861235	-2.1741943504403025
34.76028093002242	2.43794293872088
32.89368453215138	0.571346540849845
33.66062599277393	1.3382880014723924
31.865537535491967	-0.45680045580957085
33.77212819122724	1.449790199925701
30.08927583636978	-2.2330621549317584
33.3597240635105	1.0373860722089603
29.962946964536968	-2.3593910267645697
35.12925085877214	2.8069128674706008
32.33110259221348	0.008764600911945308
35.68287708995149	3.3605390986499515
32.5687484855971	0.24641049429556006
30.004727092200483	-2.317610899101055
32.9078528719765	0.5855148806749639
31.557247640746937	-0.7650903505546012
34.21041754630642	1.8880795550048788
29.799780409154437	-2.522557582147101
28.135956018915067	-4.186381972386471
26.984234739273234	-5.338103252028304
28.743085855225218	-3.5792521360763203
33.728891690021555	1.4065536987200176
34.6721736260904	2.3498356347888603
32.578290697725606	0.2559527064240683
32.95990010357491	0.6375621122733719
30.915388897046796	-1.4069490942547418
32.56721962287929	0.2448816315777549
32.96149486554714	0.6391568742456002
32.559338071981074	0.23700008067953604
33.88711580128438	1.5647778099828429
32.430083273229684	0.10774528192814614
28.411942098857253	-3.910395892444285
33.1568202573726	0.8344822660710633
35.51601358636617	3.193675595064633
32.86956540482424	0.5472274135227053
33.3597899627639	1.0374519714623602
36.722365348396124	4.4000273570945865
31.23645006740844	-1.0858879238930967
32.3013424886567	-0.02099550264483696
31.36080196158946	-0.9615360297120787
29.77526588629553	-2.5470721050060092
32.725377834885876	0.4030398435843381
30.14456531131873	-2.1777726799828088
33.02462635183474	0.7022883605332026
31.207849790735054	-1.114488200566484
30.519927467794332	-1.8024105235072057
34.32433758842399	2.001999597122449
28.55395499338192	-3.768382997919616
32.30375440139687	-0.018583589904665132
28.862231708262698	-3.46010628303884
34.00481187070436	1.6824738794028207
32.98673428021357	0.6643962889120303
36.2163249692494	3.8939869779478613
36.040967051696015	3.718629060394477
34.96990646018094	2.647568468879399
31.69655866582616	-0.6257793254753778
30.249345126765547	-2.0729928645359905
33.736463514418574	1.4141255231170362
32.00376122285343	-0.31857676844811067
32.11528253209144	-0.20705545921009616
32.21637198926328	-0.10596600203825801
31.128546627272954	-1.1937913640285842
31.40996280582476	-0.9123751854767761
31.362844838500678	-0.9594931528008601
32.254619916862794	-0.06771807443874422
33.29652667796472	0.974188686663183
32.10895620361407	-0.2133817876874673
34.15334879147531	1.8310108001737717
31.090087822041824	-1.2322501692597143
32.951675876551235	0.6293378852496971
30.567572629151982	-1.7547653621495556
27.777134575446325	-4.545203415855212
31.265709336632426	-1.0566286546691117
33.07813654689562	0.7557985555940832
30.37593759561787	-1.9464003956836677
29.681418757250867	-2.6409192340506706
34.577937691447005	2.255599700145467
32.7638629997964	0.44152500849486387
32.629889814385024	0.30755182308348594
31.333018835686744	-0.989319155614794
34.00158280721371	1.6792448159121705
30.288621082741884	-2.0337169085596543
32.778558533666	0.45622054236446274
31.142148233509943	-1.1801897577915952
30.89001768387243	-1.4323203074291087
34.51362001855887	2.19128202725733
29.803602565953042	-2.5187354253484955
31.312431908427243	-1.009906082874295
29.66231456322481	-2.6600234280767268
29.591604662609825	-2.730733328691713
29.859808040533608	-2.46252995076793
32.52453008549173	0.20219209419019535
35.30731064577412	2.9849726544725854
33.6256275574342	1.303289566132662
32.697238852995326	0.37490086169378856
30.7201623541132	-1.6021756371883384
30.550438822860087	-1.7718991684414505
32.42836989259558	0.10603190129404538
32.72702531626055	0.4046873249590135
31.202248354071344	-1.120089637230194
32.172357876845126	-0.14998011445641168
34.672832618638495	2.350494627336957
32.33426575645353	0.011927765151995118
35.7859632945474	3.4636253032458626
32.30592907680557	-0.01640891449596893
33.12847830577539	0.8061403144738506
34.28277492830239	1.9604369370008499
30.01342579386437	-2.3089121974371665
30.068326463206176	-2.2540115280953614
31.345190428085516	-0.9771475632160218
27.74253746656177	-4.579800524739767
33.05065655755607	0.7283185662545293
32.67232893460459	0.34999094330305525
31.982429634015716	-0.3399083572858217
28.650958696744055	-3.6713792945574824
34.2009280535849	1.8785900622833651
33.62259619170618	1.3002582004046417
34.193810934055364	1.871472942753826
32.12292684567183	-0.19941114562971052
32.3156821665616	-0.0066558247399370885
32.97744248525851	0.6551044939569692
29.257455900207788	-3.06488209109375
31.782820790616825	-0.5395172006847133
29.457763275710022	-2.864574715591516
33.381470817661466	1.059132826359928
29.396806464836118	-2.92553152646542
30.19359435703518	-2.128743634266357
31.10333357231866	-1.2190044189828768
33.64567872375392	1.3233407324523796
32.041396287386306	-0.2809417039152322
33.113260849808285	0.7909228585067467
29.615591991438123	-2.706745999863415
32.21347242204047	-0.10886556926107005
30.487570933593815	-1.8347670577077224
29.661787369186413	-2.6605506221151245
32.28438002042276	-0.037957970878778724
32.76755335807866	0.4452153667771199
29.720042310606004	-2.6022956806955335
31.737020808390188	-0.5853171829113499
34.36429230673457	2.0419543154330313
33.379691537776125	1.0573535464745873
29.517665698498604	-2.804672292802934
36.904049594431854	4.581711603130316
28.604236124941963	-3.718101866359575
29.89569677480904	-2.4266412164924986
34.3105185146469	1.9881805233453633
35.60649326347993	3.2841552721783955
32.324051371924725	0.001713380623186822
35.584153416035406	3.261815424733868
32.82600599727448	0.5036680059729406
26.67681471470587	-5.645523276595668
34.04046336765953	1.718125376357989
32.419934787954844	0.09759679665330623
29.892632459454035	-2.429705531847503
31.44423041842674	-0.8781075728747965
30.740360475771013	-1.5819775155305251
37.58913824940828	5.266800258106741
26.83174386320752	-5.490594128094017
32.960361398359964	0.6380234070584265
28.72582025041629	-3.596517740885247
31.768718350049312	-0.5536196412522258
32.41132175532721	0.0889837640256701
27.637896039552288	-4.68444195174925
31.823329062663106	-0.4990089286384318
29.841824133844057	-2.480513857457481
33.95551922796403	1.6331812366624945
30.935224572807783	-1.3871134184937546
29.198818743107495	-3.123519248194043
36.50496370615292	4.182625714851383
34.64792270025646	2.3255847089549206
34.98493149031674	2.662593499015202
31.61023064177425	-0.7121073495272867
27.96936270227161	-4.352975289029928
34.01430136342515	1.6919633721236096
30.86794143345105	-1.4543965578504867
28.24989583081333	-4.072442160488208
33.618576337149534	1.2962383458479962
30.202029461681377	-2.1203085296201607
34.73939086619066	2.417052874889123
29.563663378492492	-2.7586746128090454
31.312530757310014	-1.0098072339915234
31.30818799640292	-1.0141499948986166
31.374653984996257	-0.9476840063052805
32.08025048813215	-0.24208750316938676
35.16654983710032	2.8442118457987817
32.36202449963821	0.03968650833667198
33.639268703223934	1.3169307119223959
32.070998232729835	-0.251339758571703
31.79408956322004	-0.528248428081497
31.67033076233929	-0.6520072289622476
33.30225991316547	0.9799219218639337
32.9593070102801	0.6369690189785615
30.23948000829114	-2.082857983010399
32.21736047808372	-0.10497751321781834
30.82490263001	-1.4974353612915365
31.572536267907708	-0.7498017233938299
26.457963288852625	-5.864374702448913
32.41341076171375	0.09107277041221096
32.73237633576355	0.41003834446200926
33.57223598103519	1.249897989733654
34.492334559196024	2.1699965678944864
31.718503117732325	-0.6038348735692125
33.78668533665768	1.4643473453561455
33.14021364510336	0.8178756538018206
35.351832182457656	3.029494191156118
30.707476747542387	-1.614861243759151
27.895179910921797	-4.427158080379741
32.9289406335738	0.6066026422722643
27.358740205447248	-4.96359778585429
34.008634027497465	1.6862960361959267
32.65190016555425	0.3295621742527146
34.42968413746712	2.1073461461655825
32.24918981825613	-0.07314817304541066
30.040806934318425	-2.2815310569831126
35.60003513649281	3.2776971451912686
30.615679085312877	-1.706658905988661
36.08213431629338	3.7597963249918394
29.41459926368225	-2.9077387276192894
30.92303321063082	-1.3993047806707182
36.69468766128921	4.3723496699876705
31.46546315838623	-0.8568748329153095
33.81535151258055	1.4930135212790105
34.00276899380515	1.6804310025036102
35.11429172788485	2.7919537365833094
34.722718354674726	2.4003803633731877
34.592857282774276	2.2705192914727377
34.08882024097966	1.7664822496781198
35.058409159644725	2.7360711683431873
30.196098528725997	-2.1262394625755405
29.756346210185256	-2.5659917811162813
34.75329560899627	2.4309576176947303
32.745806603931214	0.4234686126296765
28.274146756652044	-4.048191234649494
29.665418418134323	-2.6569195731672153
32.9429771748928	0.6206391835912655
30.10963870616979	-2.212699285131748
34.72916330181397	2.4068253105124313
31.870400900512323	-0.4519370907892153
33.65653430803286	1.3341963167313224
32.40833651907451	0.08599852777297201
32.368137973528064	0.04579998222652648
32.66252971538597	0.3401917240844341
27.48744145046294	-4.834896540838599
30.90918777715342	-1.4131502141481178
30.125190930342796	-2.1971470609587413
34.597569079505774	2.2752310882042366
34.41503473307603	2.092696741774489
29.837738380035262	-2.484599611266276
31.143406909275654	-1.1789310820258834
33.57000858621541	1.2476705949138704
29.30527239962248	-3.0170655916790565
31.98921725727996	-0.33312073402157694
31.989724681538064	-0.3326133097634738
37.73115114393295	5.40881315263141
30.78464477512898	-1.5376932161725563
30.82649080205374	-1.4958471892477974
33.995585975008	1.6732479837064602
30.370072561925554	-1.9522654293759842
32.63845671753552	0.31611872623398085
31.203750857077466	-1.1185871342240716
29.12128167967603	-3.201056311625507
32.215317601181596	-0.10702039011994202
32.54026682759104	0.21792883628950221
34.302808301818004	1.9804703105164663
31.728651603007165	-0.5936863882943726
35.160750702656514	2.8384127113549766
31.385112196764567	-0.9372257945369711
33.42507635469428	1.1027383633927457
34.719752888200105	2.3974148968985673
33.02370376226645	0.7013657709649124
31.99172142896441	-0.3306165623371271
31.812192088569645	-0.5101459027318924
33.070742650483226	0.7484046591816877
33.2730665431809	0.9507285518793651
35.167274728908524	2.844936737606986
32.631471396496636	0.309133405195098
27.491659002775123	-4.830678988526415
32.58033357463137	0.25799558332982997
34.18478273611254	1.8624447448110004
32.687222166237916	0.36488417493637826
34.77820552738558	2.4558675360840425
30.667475899746933	-1.6548620915546053
34.004680072197516	1.6823420808959781
32.54962452179461	0.22728653049307468
30.399859025179467	-1.9224789661220711
31.43434553017869	-0.8879924611228489
32.580004078365164	0.25766608706362604
32.18698092152772	-0.13535706977381778
29.67266074626241	-2.649677245039129
32.91696673894194	0.5946287476403995
33.29646077871439	0.9741227874128526
31.349730886751786	-0.972607104549752
32.86758842717245	0.545250435870912
33.950379086072644	1.6280410947711061
33.70714493587002	1.3848069445684814
30.244468581902765	-2.0778694093987724
29.650518596579786	-2.6718193947217515
33.72994607809596	1.4076080867944256
31.750530155663	-0.5718078356385377
33.809750075910415	1.4874120846088772
30.376267091895443	-1.9460708994060951
33.9672492953614	1.6449113040598604
31.125541621245702	-1.1967963700558357
36.197214185296616	3.874876193995078
30.15537278913689	-2.166965202164647
30.423002843541326	-1.8993351477602118
34.24732112910351	1.9249831378019735
34.81054888174003	2.488210890438495
27.749272370425388	-4.57306562087615
33.51235332801616	1.1900153367146231
28.331832328507517	-3.990505662794021
32.86659993834837	0.5442619470468344
32.28003066959127	-0.0423073217102683
30.473890248253156	-1.848447743048382
34.4261453474719	2.103807356170364
30.829390369275643	-1.4929476220258948
32.68208202434835	0.3597440330468089
32.65031858343718	0.32798059213564557
32.90548049879362	0.5831425074920844
31.67349392656979	-0.6488440647317475
29.862252902894397	-2.4600850884071406
