dH	delta_dH
-411.7365271522748	12.801865102274007
-410.1873083019399	11.252646251939098
-405.53656303572245	6.60190098572167
-427.034309733909	28.099647683908245
-349.4472361792631	-49.487425870737695
-398.112316765992	-0.8223452840088044
-393.3756088180097	-5.559053231991072
-396.2386881730662	-2.6959738769346018
-360.6345920253542	-38.30007002464657
-374.5119243093567	-24.422737740644095
-391.6505662180906	-7.284095831910179
-413.51591295363585	14.581250903635066
-347.9879314388371	-50.94673061116367
-438.4424034946777	39.507741444676924
-389.0215189711497	-9.913143078851078
-385.79245624274597	-13.142205807254811
-382.78879058114796	-16.145871468852818
-423.15239345843713	24.21773140843635
-331.92275184961807	-67.01191020038272
-373.1321646314635	-25.802497418537257
-396.652317741219	-2.2823443087817736
-401.5587844959108	2.624122445910018
-392.9686486711397	-5.966013378861078
-371.2306110230119	-27.704051026988907
-409.63619333063787	10.701531280637084
-438.39337807183153	39.45871602183075
-411.31764315153384	12.382981101533062
-403.8538858353098	4.919223785309043
-391.74078422227115	-7.1938778277296365
-452.8214017344045	53.88673968440372
-401.1605370778026	2.2258750278018056
-396.7304683053559	-2.204193744644897
-425.14390353159354	26.209241481592755
-425.9051831329572	26.970521082956395
-375.1674704057715	-23.767191644229285
-366.51131433250805	-32.42334771749273
-379.9190028093591	-19.015659240641696
-445.91626071142593	46.98159866142515
-368.2748043882758	-30.65985766172497
-401.6420066241818	2.707344574181036
-409.68095934365294	10.746297293652162
-400.28981120905985	1.3551491590590672
-387.5054865306066	-11.429175519394164
-396.18923394842307	-2.7454281015777156
-373.31650141013495	-25.618160639865835
-343.8193573977942	-55.11530465220659
-371.42869975281326	-27.505962297187523
-411.47898244272335	12.544320392722568
-382.53545540044513	-16.39920664955565
-439.06743090094267	40.132768850941886
-433.1920694596919	34.2574074096911
-395.19605708400275	-3.738604965998036
-375.6276451221719	-23.307016927828897
-424.04824462569275	25.113582575691964
-413.28763408594284	14.35297203594206
-408.84590706073766	9.911245010736877
-384.7004638213574	-14.234198228643379
-464.9314577041904	65.99679565418961
-406.6334066509834	7.698744600982593
-404.1774157789722	5.242753728971422
-414.42791756311897	15.493255513118186
-404.51044897413055	5.575786924129773
-382.38025508533144	-16.55440696466934
-394.4472829489863	-4.487379101014483
-391.25797041694784	-7.67669163305294
-379.10615200404106	-19.828510045959717
-363.3546562915243	-35.58000575847649
-388.63272810624665	-10.301933943754136
-372.1993287010972	-26.735333348903566
-371.04799272170646	-27.886669328294317
-432.0018277872995	33.067165737298694
-413.00293756853614	14.068275518535359
-381.845713053567	-17.08894899643377
-401.28594882013465	2.3512867701338678
-361.9839521324601	-36.95070991754068
-387.30462739614893	-11.630034653851851
-394.65319465525715	-4.281467394743629
-398.95201217251486	0.017350122514073973
-394.3321183683805	-4.602543681620261
-411.27886012702254	12.344198077021758
-385.5456908990085	-13.38897115099229
-413.90143340617067	14.966771356169886
-367.6659806457359	-31.268681404264896
-417.7217690922951	18.787107042294338
-427.782777380129	28.848115330128223
-407.6176139900836	8.68295194008283
-427.43945939682123	28.504797346820453
-418.40837104767013	19.47370899766935
-381.0349958238115	-17.899666226189254
-398.9329460417433	-0.001716008257460544
-393.0887666580817	-5.8458953919191
-423.51223901422816	24.577576964227376
-361.35138186851566	-37.58328018148512
-396.2358689436393	-2.6987931063615065
-417.8668415215626	18.932179471561824
-382.38087158313886	-16.553790466861926
-404.2613358817458	5.32667383174504
-426.1909510822685	27.256289032267716
-416.6001774368019	17.665515386801133
-400.2105948898375	1.2759328398367416
-390.94072815513897	-7.9939338948618115
-404.2037670171909	5.269104967190117
-381.04003811619134	-17.89462393380944
-361.8468701803091	-37.08779186969167
-443.4457169481126	44.51105489811181
-393.09754308045973	-5.837118969541052
-384.7991008848172	-14.13556116518356
-397.52896432595537	-1.4056977240454103
-368.30428038853586	-30.630381661464924
-427.1550166601577	28.220354610156903
-411.5858904387063	12.651228388705533
-404.74753445028944	5.812872400288654
-400.75197095629517	1.817308906294386
-437.9314440032689	38.99678195326811
-405.44809994524655	6.513437895245772
-401.27293010888604	2.3382680588852622
-372.74931382147076	-26.185348228530017
-399.50208790046815	0.567425850467373
-408.82148050254125	9.886818452540467
-369.3531555095582	-29.581506540442604
-384.8157390915334	-14.118922958467408
-434.4480822836907	35.51342023368994
-402.71691691233934	3.7822548623385615
-401.01025670157776	2.075594651576978
-349.9164965346059	-49.018165515394855
-392.244255678847	-6.690406371153756
-398.5745430669946	-0.3601189830062026
-382.65929819345786	-16.275363856542924
-413.17461767760926	14.23995562760848
-439.1204650326714	40.18580298267062
-379.9737752141615	-18.96088683583929
-425.73878921204835	26.804127162047564
-353.94246406462264	-44.99219798537814
-395.0925872708709	-3.8420747791298595
-444.1196363265577	45.18497427655694
-358.15998454569365	-40.774677504307135
-323.92880607429345	-75.00585597570733
-378.63834186481165	-20.29632018518913
-362.5474280470431	-36.387234002957655
-372.2138711621716	-26.720790887829196
-379.8332237064569	-19.10143834354386
-415.9348762420559	17.000214192055125
-382.67717199336516	-16.257490056635618
-386.86809608303156	-12.066565966969222
-398.8409217198532	-0.09374033014756833
-402.92384690737526	3.9891848573744824
-379.0907235781269	-19.843938471873855
-394.8652569353435	-4.069405114657286
-346.13032269560244	-52.80433935439834
-382.36233787714445	-16.572324172856327
-377.315800097017	-21.618861952983764
-405.8465436489714	6.911881598970638
-374.4886215849765	-24.446040465024282
-414.79584525277096	15.861183202770178
-342.5643808577588	-56.370281192241976
-369.92960854631383	-29.005053503686952
-347.9423886639304	-50.992273386070394
-376.35922825912144	-22.575433790879345
-389.21357497579606	-9.721087074204718
-379.38984167768444	-19.544820372316337
-361.13274969056624	-37.80191235943454
-368.7465712074843	-30.188090842516488
-376.1823589117573	-22.752303138243462
-409.9520445350697	11.017382485068936
-415.53570753005783	16.601045480057053
-401.29275571922494	2.3580936692241607
-375.86336330328754	-23.07129874671324
-437.95848359063325	39.02382154063247
-373.85827962589224	-25.076382424108544
-430.8030583584148	31.868396308413992
-427.30616867245567	28.371506622454888
-384.50212000020633	-14.43254204979445
-381.06718405904746	-17.86747799095332
-378.48875432487955	-20.44590772512123
-430.24314871362265	31.308486663621863
-393.2649680517924	-5.669693998208402
-380.4431522182366	-18.491509831764176
-419.0422376234436	20.10757557344283
-408.8011980491964	9.866535999195605
-437.2909148726893	38.35625282268853
-393.1514799774585	-5.7831820725422745
-386.971442882509	-11.963219167491786
-411.55082626993214	12.616164219931363
-381.26514280491654	-17.669519245084246
-372.3590417693657	-26.575620280635064
-441.1776903641156	42.24302831411484
-375.58020004212347	-23.354462007877316
-358.9577988687114	-39.97686318128939
-390.5946263763825	-8.340035673618274
-393.8943156941376	-5.040346355863164
-417.7382555299581	18.80359347995733
-353.91732956301246	-45.01733248698832
-385.0649337308496	-13.869728319151193
-408.04928787672804	9.114625826727263
-380.0994640698199	-18.835197980180908
-338.6262479203441	-60.30841412965668
-397.54722269566525	-1.3874393543355268
-433.09434160048374	34.15967955048296
-419.64961476624273	20.714952716241953
-427.10006793176115	28.165405881760364
-372.633044764906	-26.30161728509478
-397.78130908807987	-1.1533529619209162
-408.57465643705916	9.63999438705838
-405.3042950344387	6.369632984437942
-398.40116055785256	-0.5335014921482184
-398.9280299660695	-0.006632083931265242
-427.6012603380077	28.666598288006924
-387.1674444304499	-11.767217619550877
-373.09235729857664	-25.842304751424138
-391.2789280549923	-7.655733995008461
-370.8153168499757	-28.119345200025066
-423.0671301827351	24.132468132734346
-391.2536918622536	-7.680970187747164
-417.1534375908759	18.21877554087513
-413.0747018138245	14.140039763823722
-439.9959048051292	41.06124275512843
-413.87829113119915	14.943629081198367
-425.53006850320526	26.595406453204475
-388.6987144167124	-10.23594763328839
-389.3296504634541	-9.60501158654671
-383.8756443152479	-15.0590177347529
-405.2462457426682	6.311583692667398
-391.0697826305318	-7.864879419468991
-424.8158071182406	25.881145068239846
-393.47956503358	-5.45509701642078
-411.94491437790407	13.010252327903288
-388.05716806151366	-10.877493988487117
-423.51962785114665	24.58496580114587
-375.85500790485094	-23.079654145149846
-437.7887763866602	38.85411433665939
-437.38882123219094	38.45415918219015
-410.04085843943176	11.106196389430977
-363.2219422038902	-35.71271984611059
-419.94145344320714	21.006791393206356
-438.8057034248159	39.87104137481509
-407.9546086137743	9.019946563773544
-367.470220473081	-31.464441576919796
-424.15942482925345	25.22476277925267
-413.35612741067496	14.421465360674176
-423.03348444256414	24.098822392563363
-397.01699213304835	-1.917669916952434
-386.58115732965496	-12.353504720345825
-417.9010516927236	18.966389642722845
-356.3654125551592	-42.569249494841586
-400.8948390069371	1.9601769569363228
-379.5705368799689	-19.364125170031855
-425.5256757337728	26.59101368377202
-428.4207169830578	29.486054933057005
-368.54409789521276	-30.390564154788024
-399.12404398367187	0.18938193367108624
-359.6464742646266	-39.28818778537419
-392.03312504201574	-6.901537007985041
-363.67435746043236	-35.26030458956842
-400.57984010666667	1.645178056665884
-385.01823976992716	-13.916422280073618
-401.00306479725157	2.0684027472507864
-363.0584947561773	-35.87616729382347
-452.47201422560727	53.537352175606486
-417.0277704521076	18.093108402106793
-436.9322071278392	37.997545077838424
-433.26231621911836	34.32765416911758
-388.2374785836208	-10.697183466379954
-394.89175478277105	-4.042907267229737
-394.91859593068045	-4.016066119320328
-392.25581128562305	-6.678850764377728
-361.54973307771695	-37.38492897228383
-406.66627257667903	7.731610526678253
-384.5869252930687	-14.347736756932079
-361.42641259502386	-37.50824945497692
-413.70193738530986	14.76727533530908
-377.3284937226407	-21.60616832736008
-389.6004253476084	-9.334236702392388
-399.6727068365898	0.7380447865890005
-413.5093433310893	14.574681281088544
-394.5080090813743	-4.426652968626456
-373.4884501037985	-25.446211946202254
-368.96011740959773	-29.974544640403053
-415.15632411183185	16.22166206183107
-403.57097924802736	4.636317198026575
-395.8428011498935	-3.0918609001072923
-368.4904459612011	-30.444216088799692
-362.60545643195917	-36.32920561804161
-384.4317570707225	-14.502904979278298
-374.7037472634646	-24.230914786536175
-337.7528967739007	-61.181765276100066
-403.54116798285656	4.606505932855782
-434.30159875996003	35.36693670995925
-439.0488418451813	40.11417979518052
-387.3537415412965	-11.58092050870431
-434.0344638513433	35.099801801342494
-363.2253802511376	-35.709281798863174
-396.04340583634155	-2.891256213659233
-372.3789285007032	-26.5557335492976
-396.7077825204241	-2.2268795295767063
-408.37157161331504	9.43690956331426
-391.4594542002259	-7.475207849774904
-379.2082975116572	-19.726364538343603
-435.1179096044424	36.18324755444161
-395.5892881138378	-3.3453739361629573
-381.1007079150048	-17.833954134995963
-376.0823839584598	-22.852278091540995
-422.1495672139433	23.214905163942547
-383.17995498168034	-15.754707068320442
-408.507096912768	9.572434862767238
-391.0699678967992	-7.864694153201583
-435.44983726272926	36.51517521272848
-417.1683905464005	18.233728496399692
-411.7173154420468	12.78265339204603
-365.82826815952353	-33.10639389047725
-405.93799561922583	7.003333569225049
-367.3112507282765	-31.62341132172429
-372.9054140050482	-26.029248044952567
-396.8088501766449	-2.1258118733558717
-433.70847147993186	34.77380942993108
-367.14882855745395	-31.78583349254683
-421.90723931671687	22.972577266716087
-384.8722894674047	-14.062372582596083
-375.54905160235285	-23.385610447647935
-373.3776015626063	-25.557060487394494
-414.876565363782	15.94190331378121
-412.23536107900145	13.300699029000668
-408.99243468588975	10.057772635888966
-384.4911976417934	-14.443464408207376
-413.3910989959604	14.456436945959638
-371.1429567475179	-27.791705302482853
-395.9491495499242	-2.985512500076595
-405.93429856837247	6.9996365183716875
-376.88014415617727	-22.054517893823515
-371.48393188780756	-27.450730162193224
-436.5738844135785	37.639222363577744
-377.83145901827083	-21.103203031729947
-418.91882584281484	19.98416379281406
-347.83068179311783	-51.10398025688295
-405.88504914942575	6.950387099424972
-370.17256847136275	-28.76209357863803
-367.9743867375536	-30.96027531244721
-373.4553108795325	-25.479351170468306
-416.4839193123124	17.54925726231164
-403.2484218632188	4.3137598132180415
-391.5365864142285	-7.398075635772273
-395.7007752623639	-3.233886787636891
-409.6304977634162	10.69583571341542
-400.2911139834049	1.3564519334041165
-408.1685943667352	9.23393231673441
-400.9795434580027	2.0448814080019133
-388.6914594681683	-10.243202581832463
-369.39176084984945	-29.542901200151334
-393.23171243856166	-5.702949611439124
-339.27926088234983	-59.65540116765095
-395.06625493291256	-3.868407117088225
-413.0358291561887	14.101167106187916
-400.9029011893971	1.968239139396303
-391.5073366169771	-7.427325433023668
-458.89015575991186	59.95549370991108
-420.4868229613811	21.552160911380327
-335.3220886029227	-63.61257344707809
-404.1830699250521	5.248407875051328
-403.79106821931316	4.856406169312379
-400.84739212510146	1.9127300751006828
-384.54207791570286	-14.39258413429792
-355.21109089907884	-43.72357115092194
-416.33013939001364	17.39547734001286
-412.34774243187644	13.413080381875659
-422.84823581782337	23.913573767822584
-380.8461352864906	-18.088526763510174
-388.6813737557459	-10.2532882942549
-398.3487189538437	-0.5859430961571093
-403.9435129797894	5.0088509297885935
-409.75812984139156	10.823467791390783
-392.43952839386566	-6.495133656135124
-409.84442839469557	10.909766344694788
-404.72551829036365	5.790856240362871
-401.3302886218444	2.395626571843593
-442.74020530300186	43.805543253001076
-401.14244825722926	2.20778620722848
-382.86027355524135	-16.074388494759432
-384.12064532928343	-14.814016720717348
-433.66987935132056	34.73521730131978
-381.77600813009485	-17.15865391990593
-348.66373108451444	-50.27093096548634
-342.65370197524317	-56.280960074757616
-375.9864843521864	-22.9481776978144
-418.0362943389482	19.101632288947428
-443.4301885195964	44.49552646959563
-368.4698846928404	-30.464777357160358
-412.7046219936906	13.769959943689798
-381.0451303660884	-17.889531683912367
-383.41631938091086	-15.518342669089918
-372.37412619138195	-26.560535858618834
-394.0658611403014	-4.86880090969936
-389.7770090510803	-9.157652998920469
-395.7977184447209	-3.136943605279896
-409.0398524307384	10.10519038073761
-414.34762921873516	15.412967168734383
-368.66216937981517	-30.272492670185613
-402.3354178042405	3.4007557542396967
-372.9823498126683	-25.952312237332478
-407.9601054384219	9.025443388421138
-383.06490361979775	-15.869758430203035
-378.73085224656495	-20.20380980343583
-424.87460163408866	25.93993958408788
-402.2514043481114	3.3167422981106256
-373.862800936757	-25.071861113243756
-421.6358902848282	22.701228234827397
-392.02334554827064	-6.911316501730141
-401.56556414554177	2.630902095540989
-430.1554199342503	31.220757884249508
-437.90252837884	38.96786632883919
-415.44112634342525	16.50646429342447
-401.3833662582987	2.4487042082978974
-415.57240560295065	16.63774355294987
-377.89757974415113	-21.03708230584965
-376.1628751458362	-22.77178690416457
-387.90544668196856	-11.029215368032226
-389.2919864770289	-9.642675572971882
-378.45348570226145	-20.481176347739336
-410.98704132221485	12.052379272214068
-347.3356714844746	-51.59899056552621
-426.9099249264715	27.97526287647071
-417.70120905194074	18.766547001939955
-361.44038290612355	-37.494279143877236
-463.3663690031268	64.43170695312602
-378.78878529808867	-20.145876751912112
-358.44032324548664	-40.49433880451414
-358.94530198289124	-39.989360067109544
-412.6757455329995	13.741083482998704
-381.71639257945446	-17.218269470546318
-379.32017857924313	-19.614483470757648
-333.42703604195646	-65.50762600804433
-412.95605430918624	14.021392259185461
-429.68648129632277	30.751819246321986
-406.9059219517136	7.971259901712813
-370.91606535905396	-28.018596690946822
-392.29798432057083	-6.636677729429948
-352.14664840174066	-46.78801364826012
-419.4146763548639	20.48001430486312
-338.6018211823563	-60.33284086764451
-380.7675498845225	-18.167112165478272
-412.41801661134247	13.483354561341685
-372.0691816100533	-26.865480439947476
-392.331346521784	-6.603315528216797
-399.8117425475381	0.8770804975372926
-395.07643332975806	-3.858228720242721
-344.9273734411471	-54.007288608853685
-374.9541787308193	-23.980483319181474
-424.79735881752674	25.86269676752596
-401.99465560492933	3.0599935549285533
-417.9858681950303	19.05120614502954
-407.56305276236014	8.628390712359362
-392.7568884357155	-6.177773614285286
-407.41298291489545	8.47832086489467
-439.2479410881573	40.31327903815651
-420.3855001884227	21.450838138421943
-362.1884730026908	-36.74618904731
-419.90878432895295	20.974122278952166
-422.03066764957873	23.09600559957795
-387.59211354280194	-11.342548507198842
-424.3525730752157	25.41791102521489
-403.3052830713717	4.370621021370937
-393.99364930233094	-4.941012747669845
-379.12205469960725	-19.812607350393534
-407.11144736129324	8.176785311292463
-394.2990005527489	-4.635661497251874
-398.28110670704234	-0.6535553429584411
-392.63934546328244	-6.295316586718343
-387.7968149602192	-11.137847089781587
-387.4113211366447	-11.523340913356094
-381.5915579021902	-17.343104147810607
-447.1670842142147	48.232422164213915
-427.8867607740775	28.952098724076734
-397.70498148237937	-1.2296805676214149
-354.451274143771	-44.48338790622978
-394.5629731479729	-4.37168890202787
-369.96458834009525	-28.970073709905535
-380.52788592414333	-18.406776125857448
-403.5362700182367	4.601607968235896
-406.03376755387023	7.099105503869453
-426.89865104434455	27.963988994343765
-377.59259531463374	-21.34206673536704
-373.70086877841356	-25.233793271587217
-398.4472900030113	-0.487372046989492
-416.9866148152822	18.05195276528144
-401.9375821313614	3.002920081360628
-403.2889408933869	4.354278843386112
-404.10703817859735	5.172376128596568
-384.34330567434824	-14.591356375652538
-420.1837562545069	21.249094204506093
-427.27867156505533	28.34400951505455
-371.63647565807594	-27.298186391924844
-375.45463635768726	-23.480025692313518
-380.8523711828674	-18.082290867133395
-367.14392781265167	-31.790734237349113
-357.62350634937786	-41.31115570062292
-416.6627938134162	17.728131763415433
-398.12028198602377	-0.814380063977012
-355.54575507721813	-43.38890697278265
-370.2528235516994	-28.681838498301374
-429.70858388406225	30.77392183406147
-416.30299778709934	17.368335737098562
-429.1289606061665	30.194298556165734
-403.7832511722264	4.848589122225633
-410.8566796518422	11.922017601841446
-403.9670740421617	5.032411992160917
-422.8709885783984	23.936326528397615
-396.3101635700742	-2.624498479926558
-412.61455743097315	13.679895380972368
-382.31799091793175	-16.61667113206903
-410.32186613544064	11.387204085439862
-376.5525747182936	-22.38208733170717
-364.15593523462746	-34.77872681537332
-368.978447483746	-29.9562145662548
-438.49701662769337	39.56235457769259
-378.8906613024145	-20.044000747586267
-439.92842673230086	40.99376468230008
-414.6459396640993	15.711277614098492
-394.08939010340225	-4.84527194659853
-365.333831269966	-33.600830780034755
-403.3934983635435	4.45883631354269
-392.1983287828433	-6.736333267157477
-412.7661173783862	13.831455328385402
-391.95301220974204	-6.98164984025874
-406.1086265743096	7.173964524308815
-371.8653763425144	-27.069285707486358
-383.58403211767916	-15.350629932321624
-363.2746875958468	-35.659974454153996
-410.1835853582446	11.248923308243832
-398.13877266625	-0.7958893837507617
-392.6033833910618	-6.33127865893897
-352.00723850265365	-46.92742354734713
-411.8556111363936	12.920949086392795
-432.08918530301287	33.15452325301209
-420.03312110382046	21.09845905381968
-389.22104100391095	-9.713621046089827
-366.8769112178919	-32.057750832108866
-421.5147649128552	22.580102862854403
-414.3677850734306	15.4331230234298
-362.99799127818494	-35.93667077181584
-446.6275411243581	47.692879074357336
-397.40857905820246	-1.5260829917983187
-405.2590079744913	6.324345924490501
-362.416798012158	-36.5178640378428
-433.00940877112737	34.07474672112659
-403.22587434439777	4.291212294396985
-354.8343674915028	-44.10029455849798
-365.7460648783109	-33.18859717168988
-390.7625339585753	-8.172128091425463
-351.73463690880146	-47.20002514119932
-390.16216057769327	-8.77250147230751
-398.440819660848	-0.4938423891528032
-394.4400666433928	-4.494595406607971
-363.44826621579125	-35.48639583420953
-383.99651803987547	-14.938144010125313
-407.122917277347	8.188255227346247
-423.4372834694092	24.5026214194084
-381.8349387441191	-17.099723305881696
-388.6132453241495	-10.321416725851293
-405.72048354869855	6.785821498697771
-382.60430833994315	-16.330353710057636
-457.9482838114485	59.01362176144772
-410.2272594591044	11.292597409103621
-366.69821843823536	-32.236443611765424
-435.6554979973947	36.72083594739394
-367.5523846751861	-31.38227737481469
-392.0317978242923	-6.90286422570847
-402.6972161380103	3.7625540880094945
-394.8418002931397	-4.092861756861055
-384.7773507162341	-14.1573113337667
-411.43636746110076	12.501705411099977
-368.9760908261336	-29.95857122386718
-414.4225085749375	15.487846524936742
-395.74488619936835	-3.1897758506324294
-403.4994196792868	4.564757629286021
-386.0180211984656	-12.916640851535192
-340.41530503519186	-58.51935701480892
-357.62185026180066	-41.31281178820012
-427.7733366162496	28.838674566248812
-372.25588629345145	-26.678775756549328
-419.50945730286855	20.574795252867773
-408.66287251982556	9.728210469824774
-396.9268009558431	-2.007861094157704
-387.3995897784656	-11.53507227153517
-386.7101660696784	-12.224495980322388
-387.2972606640809	-11.637401385919873
-418.6074750068723	19.672812956871496
-351.9077513475635	-47.026910702437306
-416.83808795532184	17.903425905321058
-418.6592994176875	19.72463736768674
-399.7138113497707	0.7791492997699265
-380.41059074422884	-18.52407130577194
-401.54550124464805	2.6108391946472693
-416.385950999659	17.451288949658192
-413.0418163438488	14.107154293847998
-352.8879212301152	-46.0467408198856
-478.65889943674193	79.72423738674115
-404.5614492924986	5.626787242497812
-427.647500439455	28.71283838945419
-357.2179555930405	-41.71670645696031
-393.5391934909065	-5.395468559094297
-447.1219734357954	48.1873113857946
-395.0446322841206	-3.890029765880172
-363.44346630944057	-35.491195740560215
-427.6026451389742	28.667983088973415
-428.18101239582467	29.246350345823885
-425.7300242860554	26.795362236054643
-378.16990372582137	-20.76475832417941
-426.11087151549424	27.176209465493457
-422.90257487988316	23.96791282988238
-416.3578766708261	17.42321462082532
-402.4022403266236	3.4675782766228167
-416.4262385524981	17.49157650249731
-365.62677267427995	-33.30788937572083
-412.3022052917468	13.367543241746034
-363.39910606442305	-35.53555598557773
-385.37025718526917	-13.564404864731614
-397.2904831932638	-1.6441788567369713
-381.3003714738816	-17.634290576119156
-366.0980915697274	-32.836570480273394
-386.2641185826279	-12.670543467372909
-364.3776959878115	-34.556966062189304
-360.09450284393193	-38.84015920606885
-371.502455559127	-27.432206490873796
-414.5417550005703	15.607092950569495
-385.65054374350603	-13.284118306494747
-396.68195810867365	-2.252703941327127
-363.099240089882	-35.835421960118765
-423.58266828220513	24.648006232204352
-405.15970579603965	6.225043746038864
-450.7568874887591	51.82222543875832
-441.57604812803476	42.641386078033975
-399.8040818106245	0.869419760623714
-413.54272659350755	14.60806454350677
-406.587733819403	7.653071769402231
-358.13794072630554	-40.79672132369524
-393.3673290373743	-5.567333012626477
-380.357091647931	-18.577570402069796
-396.82464875342777	-2.1100132965730154
-361.23796516823205	-37.69669688176873
-422.8334750260245	23.89881297602369
-428.39500506421047	29.460343014209684
-437.9865576223354	39.051895572334615
-384.2964410542816	-14.638220995719166
-398.0259655895159	-0.9086964604848617
-389.33790472933543	-9.596757320665347
-418.96297580196625	20.02831375196547
-382.6932333696066	-16.241428680394165
-409.28684208150463	10.352180031503849
-407.65954451966246	8.72488246966168
-378.4780652074731	-20.456596842527688
-387.46215791789365	-11.472504132107133
-430.0709743457781	31.136312295777316
-397.14630909273257	-1.7883529572682164
-383.95091627127823	-14.98374577872255
-344.08832749166913	-54.84633455833165
-405.35361682000485	6.4189547700040634
-414.24132365286505	15.306661602864267
-434.89885940272916	35.96419735272838
-371.5462080744842	-27.388453975516597
-389.99781281237347	-8.936849237627314
-400.77511145624203	1.8404494062412482
-414.987011442729	16.052349392728217
-350.0928089038139	-48.84185314618691
-394.3260257610568	-4.608636288943956
-380.0240821655175	-18.910579884483298
-387.8810518922587	-11.053610157742071
-425.03558744475276	26.100925394751982
-423.0927902953049	24.158128245304113
-403.62719092664383	4.692528876643053
-388.91371569212833	-10.020946357872447
-375.85994057522885	-23.074721474771934
-396.78156407901315	-2.1530979709876306
-418.05452833512436	19.119866285123578
-415.47055917411535	16.53589712411457
-405.90751610647976	6.97285405647898
-436.63869049749746	37.70402844749668
-428.81816839747535	29.883506347474565
-391.21808486338387	-7.716577186616917
-390.07867129331544	-8.855990756685344
-391.28672936465273	-7.647932685348053
-438.20778396271317	39.273121912712384
-377.804602165525	-21.13005988447577
-411.58150475295633	12.646842702955553
-403.48053147763903	4.545869427638252
-363.4447493294324	-35.489912720568384
-355.59479243855867	-43.33986961144211
-392.83718875528336	-6.0974732947174175
-382.0231256120327	-16.911536437968095
-435.49298862073863	36.55832657073785
-404.3676112464012	5.432949196400443
-375.227816058817	-23.706845991183798
-402.1124762639296	3.177814213928798
-388.2503969910971	-10.68426505890369
-408.0082465595618	9.073584509561044
-363.29155558563923	-35.64310646436155
-408.50639163737594	9.57172958737516
-397.12282573119535	-1.8118363188054332
-358.89603998931955	-40.038622060681234
-418.7476750909967	19.81301304099594
-419.62632112482004	20.691659074819256
-386.63101122553724	-12.303650824463546
-396.9704486571276	-1.964213392873205
-414.8259343160747	15.89127226607394
-406.0223983994223	7.087736349421505
-409.78294490266796	10.848282852667182
-369.3758582356562	-29.55880381434457
-374.4632112622161	-24.471450787784704
-388.09026860294705	-10.844393447053733
-391.87911756961637	-7.0555444803844125
-384.6840111404957	-14.250650909505055
-381.8210206426005	-17.11364140740028
-388.6267219488467	-10.307940101154088
-398.4572588575469	-0.47740319245389173
-408.82755396733717	9.892891917336385
-372.04615906318134	-26.888502986819447
-404.52338750354	5.588725453539212
-398.7354694847303	-0.19919256527049356
-382.6607306750151	-16.273931374985693
-351.79941600799384	-47.13524604200694
-391.1253839264032	-7.809278123597608
-392.0082472050967	-6.926414844904059
-356.06502926606163	-42.86963278393915
-385.1264187045567	-13.808243345444055
-429.75495241927865	30.82029036927787
-391.23642567886463	-7.698236371136147
-390.65292674048624	-8.281735309514545
-375.5453210779292	-23.38934097207158
-385.37693560369325	-13.557726446307527
-375.0006485496474	-23.934013500353387
-417.33630002751806	18.401637977517282
-381.42094696262257	-17.513715087378216
-444.49579939074874	45.56113734074796
-431.8207296903024	32.88606764030163
-430.983448315465	32.04878626546423
-374.54872654314977	-24.385935506851013
-371.37011345645124	-27.564548593549546
-421.491758033972	22.557095983971237
-361.12098412398745	-37.81367792601333
-363.071533991822	-35.8631280581788
-385.87744665633045	-13.057215393670333
-413.3270194428592	14.3923573928584
-384.61300391685324	-14.321658133147537
-421.43213160974165	22.497469559740864
-477.3645281237009	78.42986607370011
-409.91827855892234	10.983616508921557
-421.875976172611	22.94131412261021
-361.6475776287848	-37.28708442121598
-443.6393361291307	44.704674079129916
-374.6721386082395	-24.26252344176129
-328.2063275322393	-70.72833451776148
-398.5214812670778	-0.413180782923007
-389.87739390947	-9.057268140530766
-375.6690677461878	-23.265594303812975
-403.6597862276243	4.725124177623513
-415.4745714101131	16.53990936011229
-397.99117955213603	-0.9434824978647498
-342.81572682785134	-56.118935222149446
-349.1654097960514	-49.76925225394939
-386.93266664529745	-12.001995404703337
-428.99091611576966	30.056254065768883
-443.09349491266164	44.15883286266086
-375.0355756757557	-23.899086374245087
-386.26643857297984	-12.668223477020945
-407.0112947252013	8.076632675200528
-390.4951545714264	-8.439507478574399
-366.9996898430321	-31.934972206968666
-418.06042871029	19.12576666028923
-393.45006003688775	-5.484602013113033
-393.9314360711254	-5.003225978875378
-427.35852342502346	28.423861375022682
-369.0637611472988	-29.870900902701976
-445.42558501864494	46.490922968644156
-430.74820700574435	31.813544955743566
-386.1791425127916	-12.755519537209182
-391.86752218502386	-7.067139864976923
-351.68012556544943	-47.25453648455135
-380.85408450614193	-18.08057754385885
-390.1415095023689	-8.793152547631905
-357.72745284001337	-41.20720920998741
-393.7239491293361	-5.210712920664662
-467.6970506035717	68.76238855357093
-402.81404224330197	3.8793801933011878
-392.86780257857527	-6.066859471425516
-401.15991421389845	2.2252521638976646
-439.1883770305699	40.2537149805691
-392.1493630641103	-6.785298985890506
-384.7287896088451	-14.205872441155691
-409.7285284693294	10.793866419328594
-424.0107811902294	25.076119140228627
-391.66884372681443	-7.265818323186352
-428.02000368315885	29.085341633158066
-402.23249134976277	3.297829299761986
-370.09586695768076	-28.838795092320026
-412.35986214119794	13.425200091197155
-409.6854802459652	10.750818195964428
-437.21709117950877	38.28242912950799
-402.79399387830154	3.8593318283007534
-403.96091874778494	5.026256697784163
-368.9657489980068	-29.96891305199398
-387.95925504688466	-10.975407003116118
-422.12575782512204	23.191095775121255
-397.45200231837725	-1.482659731623528
-402.94232363556466	4.007661585563881
-357.43833441380184	-41.49632763619894
-372.7191988021757	-26.215463247825085
-365.9392925773768	-32.99536947262396
-389.6363036819653	-9.298358368035508
-399.02929655572507	0.09463450572428656
-450.29799823420535	51.36333618420457
-416.81170575237365	17.877043702372873
-392.7516441310431	-6.18301791895766
-418.82242775735494	19.887765707354163
-398.87420773806434	-0.06045431193643935
-373.23030211961077	-25.704359930390012
-333.0603299743949	-65.87433207560588
-360.6327626560402	-38.30189939396058
-367.7037043084298	-31.23095774157099
-369.1089899947575	-29.825672055243274
-393.7774331457082	-5.1572289042925945
-382.13400073523974	-16.800661314761044
-405.6940274843024	6.759365434301628
-426.5174888295047	27.582826779503932
-393.5775832848218	-5.357078765178983
-391.76976790572974	-7.164894144271045
-392.31289262939265	-6.621769420608132
-374.69298893754114	-24.241673112459637
-373.2975199524868	-25.63714209751396
-404.0775523330327	5.142890283031932
-359.84391047904376	-39.090751570957025
-406.00344953084334	7.068787480842559
-354.7054893533806	-44.229172696620196
-390.97549322079124	-7.9591688292095455
-395.65954606457	-3.275115985430773
-443.7275428966192	44.7928808466184
-399.76215094699603	0.8274888969952485
-414.2229603225702	15.28829827256942
-357.2476088073332	-41.68705324266756
-407.35047671112864	8.415814661127854
-380.07050524664976	-18.864156803351023
-442.4795078602234	43.544845810222625
-401.0948440520941	2.160182002093336
-397.6913276557485	-1.2433343942522583
-394.1743759050838	-4.760286144916961
-383.15676647419116	-15.777895575809623
-399.08720559938195	0.1525435493811642
-389.32048960110353	-9.61417244889725
-391.525856791804	-7.4088052581967645
-430.7840709590073	31.849408909006513
-419.3291916628873	20.394529612886515
-411.9444180322421	13.009755982241302
-367.1045395185097	-31.8301225314911
-421.7573693413774	22.822707291376616
-434.0626315551367	35.12796950513592
-405.9434140235803	7.008751973579535
-381.9303132726759	-17.00434877732488
-388.212537716679	-10.722124333321801
-400.85436047414214	1.9196984241413588
-454.8819652948782	55.947303244877446
-432.3143734660057	33.37971141600491
-399.15835235433906	0.22369030433827675
-408.25953135989175	9.324869309890971
-399.35274223845545	0.41808018845466677
-391.52636685865355	-7.408295191347236
-411.5655482592824	12.630886209281641
-437.32267717259265	38.38801512259187
-424.22337034882685	25.288708298826066
-392.43546996264695	-6.499192087353833
-440.5411292069689	41.60646715696811
-429.1036562596032	30.16899420960243
-391.49124204257305	-7.443420007427733
-372.8818973359789	-26.052764714021862
-448.17621175245176	49.24154970245098
-390.66329310508945	-8.27136894491133
-398.2071417988195	-0.7275202511812608
-401.11737609746115	2.1827140474603652
-370.58475848774606	-28.349903562254724
-451.0905553086027	52.15589325860191
-429.81631063238956	30.881648582388777
-368.32236881157826	-30.612293238422524
-372.9685835955703	-25.966078454430487
-378.14340647875963	-20.79125557124115
-436.29154430736037	37.35688225735959
-407.9638067421607	9.029144692159946
-469.70732064772403	70.77265859772325
-352.9563325999103	-45.978329450090484
-392.6787439982819	-6.255918051718879
-383.76794744835445	-15.166714601646333
-396.5475389395448	-2.3871231104560025
-404.75730272364547	5.822640673644685
-362.6758150425145	-36.25884700748628
-370.51762330026634	-28.417038749734445
-426.6560769313925	27.721414881391695
-411.2081638411861	12.27350179118531
-369.8800725474963	-29.054589502504484
-390.31016939085987	-8.624492659140913
-463.769703008306	64.83504095830523
-405.2396886991943	6.305026649193508
-369.32802078237967	-29.606641267621114
-372.45173746909006	-26.48292458091072
-415.82311278972213	16.88845073972135
-393.890040272679	-5.044621777321765
-366.93590318185727	-31.99875886814351
-384.6279839517525	-14.306678098248256
-355.39856908597596	-43.53609296402482
-389.7637222528398	-9.170939797160997
-426.81242518672536	27.87776313672458
-399.99255428918934	1.0578922391885612
-403.77953836079325	4.844876310792472
-400.5164943351506	1.581832285149801
-409.70486849520114	10.770206445200358
-398.17552294315567	-0.7591391068451117
-384.4596022027155	-14.475059847285308
-405.813157930049	6.878495880048206
-400.83846383177763	1.9038017817768491
-373.51004332447985	-25.42461872552093
-387.14743286581245	-11.787229184188334
-428.72454596245836	29.789883912457583
-377.5189092404954	-21.415752809505364
-425.9028773377878	26.968215287787018
-417.3921873777737	18.45752532777294
-387.5520855150545	-11.382576534946281
-407.9654593673923	9.030797317391546
-362.9119957720951	-36.02266627790567
-421.01309238298484	22.078430332984055
-380.4329323280664	-18.501729721934396
-402.36741959931635	3.4327575493155678
-405.4015999547147	6.466937904713916
-411.8140658404767	12.87940379047592
-376.58035997586296	-22.35430207413782
-415.45977025657805	16.525108206577272
-378.2004415245184	-20.734220525482385
-425.4161770107795	26.481514960778725
-395.97464913044416	-2.9600129195566183
-407.71275444652304	8.778092396522254
-363.4127470656314	-35.5219149843694
-414.07003641299445	15.135374362993673
-419.04637788416505	20.111715834164272
-406.41228167016845	7.477619620167673
-390.8422785875292	-8.09238346247156
-395.4556117227522	-3.479050327248558
-395.76483962295345	-3.169822427047336
-390.49475326791173	-8.439908782089049
-366.97145665244454	-31.963205397556237
-432.03031569839834	33.09565364839756
-426.82103482641753	27.88637277641675
-408.6795547597204	9.744892709719636
-412.64736212856144	13.712700078560658
-451.0889789458098	52.15431689580902
-419.7107588082773	20.776096758276537
-393.9930540971683	-4.9416079528324985
-371.74642772572435	-27.188234324276436
-425.62570958961544	26.691047539614658
-373.5249387770865	-25.409723272914277
-414.8374316466553	15.902769596654537
-378.7929057932389	-20.14175625676188
-446.3459545566467	47.41129250664591
-365.79319605652665	-33.14146599347413
-434.60368373093763	35.66902168093685
-388.3147212510079	-10.6199407989929
-414.2602425758877	15.325580525886892
-380.22646419938144	-18.708197850619342
-426.82714987798875	27.892487827987964
-403.09244050112727	4.1577784511264895
-413.643044090334	14.70838204033322
-394.39271110067864	-4.541950949322143
-389.1837205025912	-9.750941547409582
-388.1235907748004	-10.81107127520039
-425.5963676142063	26.661705564205533
-426.1019063200828	27.167244270081994
-418.92638149887614	19.991719448875358
-419.18065108772214	20.24598903772136
-401.9696058944236	3.0349438444227985
-414.0122215108121	15.077559460811301
-416.66601142338084	17.731349373380056
-401.84826952779025	2.913607477789469
-431.92688497779767	32.99222292779689
-413.6633340958792	14.728672045878398
-392.5243333965149	-6.410328653485863
-427.6093329282298	28.674670878228994
-435.5110456549059	36.57638360490512
-392.3022677158771	-6.63239433412366
-392.56291274599874	-6.371749304002037
-377.8303475771367	-21.104314472864075
-441.91397017916955	42.97930812916877
-420.6583889636799	21.723726913679116
-365.9378765383621	-32.99678551163868
-410.7612786866752	11.82661663667443
-400.6510970103563	1.7164349603555138
-417.76858781993855	18.833925769937764
-403.3065112432136	4.3718491932128245
-375.7015295542855	-23.233132495715267
-415.6609541793545	16.726292129353737
-409.8782380842271	10.94357603422634
-388.0997079217304	-10.834954128270397
-368.56392412566987	-30.37073792433091
-406.6166896339832	7.6820275839824035
-365.07126090786403	-33.86340114213675
-401.6286705946672	2.694008544666417
-409.2075011620704	10.272839112069619
-424.05288964345294	25.11822759345216
-410.76753950148435	11.832877451483569
-385.563099143977	-13.371562906023769
-349.96221260319675	-48.972449446804035
-439.54541020823484	40.61074815823406
-391.29883556453336	-7.635826485467419
-386.950876683853	-11.9837853661478
-396.626057235582	-2.3086048144188
-416.886445978336	17.951783928335203
-375.6890337826314	-23.245628267369398
-392.0113482037281	-6.923313846272663
-413.08469420786395	14.150032157863166
-382.77928227640194	-16.15537977359884
-417.4377863458864	18.50312429588564
-400.16187458794565	1.2272125379448653
-377.25295986780765	-21.681702182193135
-408.34430108244095	9.409639032440168
-409.6981110571866	10.76344900718584
-411.80680365408233	12.872141604081548
-413.54673592592303	14.612073875922249
-398.1262451614745	-0.808416888526267
-405.238135038038	6.303472988037242
-379.6745915113676	-19.26007053863316
-421.52197183974744	22.587309789746655
-391.5037775188552	-7.43088453114558
-412.7093772276016	13.774715177600797
-391.2702043100016	-7.664457739999193
-366.0825614061967	-32.85210064380408
-397.38903129358863	-1.5456307564121516
-348.7111907199846	-50.223471330016196
-373.9033433128547	-25.03131873714608
-392.64396411331967	-6.290697936681113
-464.7303970046591	65.79573495465831
-384.7363360023914	-14.198326047609385
-397.7145114492209	-1.2201506007799026
-427.05630429608703	28.121642246086253
-386.6860991516382	-12.248562898362593
-356.4904893662128	-42.444172683788
-403.4728080135441	4.538145963543343
-330.9902567906605	-67.94440525934027
-374.7408093514599	-24.193852698540866
-421.35552199977553	22.42085994977475
-391.7566270300607	-7.178035019940069
-357.52716000790076	-41.40750204210002
-404.957241390642	6.022579340641244
-373.9666279025413	-24.96803414745949
-386.6665329307501	-12.26812911925066
-414.30086842463004	15.366206374629257
-416.9486374728143	18.01397542281353
-384.6570255572241	-14.277636492776708
-364.38469403722354	-34.54996801277724
-434.51723957263255	35.582577522631766
-401.8071082935761	2.8724462435753253
-414.9691010974642	16.034439047463422
-403.32555469934175	4.3908926493409695
-406.2307788328668	7.296116782866022
-371.1476862019987	-27.7869758480021
-419.17935715811257	20.244695108111785
-353.81527072651227	-45.119391323488514
-341.31743570650144	-57.61722634349934
-401.74635618589457	2.811694135893788
-405.098604172557	6.163942122556193
-422.2678478874792	23.333185837478425
-370.1832772340721	-28.751384815928702
-413.46078342387193	14.526121373871149
-400.8960083237631	1.9613462737623308
-402.39884890187534	3.464186851874558
-403.0744780842866	4.139816034285843
-371.8475875720993	-27.087074477901467
-407.6573172187924	8.722655168791619
-376.0216014317863	-22.9130606182145
-382.23645356599025	-16.698208484010536
-436.43868323764707	37.50402118764629
-397.06177091006373	-1.8728911399370531
-411.38424896696904	12.449586916968258
-353.1616406673793	-45.773021382621494
-370.0306661933786	-28.903995856622203
-393.3792280796582	-5.555433970342563
-392.40320578615444	-6.531456263846337
-414.4958733245961	15.561211274595337
-410.51891073732384	11.584248687323054
-386.8663923539965	-12.068269696004279
-374.73842733095023	-24.19623471905055
-388.237820883512	-10.69684116648881
-398.07928287437915	-0.8553791756216356
-368.99853378461864	-29.936128265382138
-388.9978136989406	-9.936848351060178
-413.0800805256762	14.145418475675399
-387.38831678568874	-11.546345264312038
-384.1080109058306	-14.826651144170171
-381.17234606335785	-17.762315986642932
-390.6066133483049	-8.328048701695877
-431.3068630182346	32.37220096823381
-412.05300512725387	13.118343077253087
-410.1517358160712	11.217073766070428
-397.42227847917036	-1.5123835708304227
-398.34514316659386	-0.5895188834069245
-407.05408435127663	8.119422301275847
-382.34038091849413	-16.594281131506648
-375.24860323268456	-23.686058817316223
-397.40104808448757	-1.5336139655132115
-375.8737587647423	-23.060903285258462
-379.09542157462363	-19.839240475377153
-419.8902325319912	20.955570481990435
-430.47707908581725	31.54241703581647
-398.85108983015454	-0.0835722198462463
-389.91840326237326	-9.016258787627521
-401.5654520644046	2.6307900144038285
-449.0686497012146	50.13398765121383
-392.32615366442116	-6.608508385579626
-374.325671616133	-24.608990433867802
-397.9706837580987	-0.9639782919020945
-388.9678813328472	-9.966780717153597
-399.60499735632476	0.6703353063239774
-396.5176098970749	-2.417052152925862
-400.43083867118986	1.496176621189079
-441.38626959780305	42.45160754780227
-383.7556218269345	-15.179040223066295
-413.47391512799624	14.539253077995454
-383.3142760570763	-15.620385992924469
-369.9899430985761	-28.944718951424704
-353.8790423972923	-45.05561965270846
-404.75152477652864	5.816862726527859
-386.3262464982172	-12.608415551783594
-402.69350755859983	3.7588455085990518
-413.92787437638344	14.993212326382661
-407.4876984877001	8.55303643769929
-397.88216712205667	-1.0524949279441103
-412.22380318518753	13.289141135186753
-421.90401226924865	22.969350219247872
-368.9931712985517	-29.941490751449066
-397.92966715725834	-1.0049948927424452
-468.55230259628024	69.61764054627946
-392.5885783835062	-6.346083666494565
-403.7520831495977	4.817421099596913
-372.50000010678815	-26.43466194321263
-394.4267433582798	-4.507918691720988
-420.34627513353627	21.411613083535485
-379.82191792457616	-19.112744125424626
-396.8060692251045	-2.128592824896259
-434.0708160664297	35.13615401642892
-357.0795355746748	-41.85512647532596
-374.5442629875841	-24.39039906241669
-401.7729801960275	2.8383181460267224
-424.88025981859647	25.94559776859569
-405.99116696373295	7.056504913732169
-384.3373166363352	-14.597345413665607
-381.21529930729304	-17.719362742707744
-406.9773675257209	8.04270547572014
-448.84689796336244	49.912235913361656
-402.5721977165866	3.6375356665857908
-388.92436242019613	-10.01029962980465
-396.1690037999677	-2.765658250033084
-416.48336117025684	17.54869912025606
-391.7067862795664	-7.227875770434366
-374.4788130172345	-24.45584903276631
-406.334498088271	7.399836038270223
-441.85694199006394	42.92227994006316
-388.648170898651	-10.286491151349765
-401.91913595518855	2.9844739051877696
-405.33048677380776	6.395824723806982
-384.8036007105846	-14.131061339416192
-420.6430384051162	21.708376355115433
-419.770790386531	20.836128336530237
-441.23197085037356	42.297308800372775
-384.1882043392878	-14.746457710713003
-398.1447629091679	-0.7898991408328584
-403.1009599000831	4.166297850082344
-493.68581433289773	94.75115228289695
-390.6331704452682	-8.301491604732576
-423.922414838074	24.987752788073237
-388.6203068986897	-10.314355151311076
-416.712972701735	17.778310651734216
-421.02510058455346	22.090438534552675
-406.5078207505471	7.573158700546344
-337.0161649967139	-61.9184970532869
-374.33836597518575	-24.59629607481503
-418.73966184230494	19.80499979230416
-425.3985145497877	26.463852499786924
-384.1158692939773	-14.81879275602347
-410.6270754356151	11.692413385614316
-385.1149050415529	-13.81975700844788
-385.3015774328419	-13.633084617158886
-391.9216807144069	-7.012981335593906
-406.84808571024973	7.913423660248952
-371.09276053030976	-27.84190151969102
-375.61333428861167	-23.321327761389114
-409.62499473733465	10.690332687333864
-436.10971819968677	37.175056149685986
-419.7569683520046	20.822306302003824
-359.27228715556544	-39.662374894435345
-386.12628981772673	-12.808372232274053
-406.55850045198736	7.623838401986575
-371.8310809826892	-27.10358106731161
-404.60322693488183	5.66856488488105
-396.09020668122525	-2.8444553687755274
-427.6696963930756	28.7350343430748
-380.19037229984156	-18.744289750159226
-373.6191276240154	-25.31553442598539
-356.6455291844101	-42.28913286559066
-412.7573918947013	13.822729844700518
-464.85823328552885	65.92357123552807
-342.2621814267835	-56.67248062321727
-379.8719823246096	-19.062679725391206
-430.003018746845	31.068356696844205
-409.14968435173375	10.215022301732972
-422.8973321312509	23.96267008125011
-400.9165252354318	1.9818631854309956
-393.08015996176925	-5.854502088231527
-417.7145067374362	18.7798446874354
-371.8854389734182	-27.049223076582564
-376.43441592092074	-22.50024612908004
-412.29237959255204	13.357717542551256
-393.43705258006173	-5.49760946993905
-373.3757154241674	-25.558946625833357
-390.98593636300336	-7.94872568699742
-454.2386501282084	55.303988078207624
-378.69359521000604	-20.241066839994744
-418.7264264504623	19.791764400461545
-356.2629534395886	-42.67170861041217
-431.14100708150306	32.20634503150228
-355.83453138363564	-43.100130666365146
-426.56286498926	27.62820293925921
-400.96890396933793	2.0342419193371484
-423.901208487266	24.966546437265208
-385.01145387984286	-13.92320817015792
-404.5220632343693	5.5874011843685025
-412.14395035678115	13.209288306780365
-383.16717614515744	-15.76748590484334
-389.27960738703166	-9.655054662969121
-395.5382185014745	-3.3964435485262925
-375.6651987855005	-23.269463264500303
-433.88800075052905	34.95333870052826
-410.9436279294282	12.008965879427421
-390.22547209687446	-8.709189953126327
-397.59334024434656	-1.3413218056542178
-414.47739938818313	15.542737338182349
-383.4138216945835	-15.520840355417306
-388.561242611991	-10.373419438009762
-397.14652531709044	-1.7881367329103455
-438.8395599510809	39.90489790108012
-339.0681572593717	-59.86650479062911
-401.6391415219009	2.704479471900129
-392.1945675020838	-6.740094547916954
-385.02425941841875	-13.91040263158203
-390.34787857033734	-8.586783479663438
-399.24204104493083	0.3073789949300476
-377.1630806080434	-21.77158144195738
-407.2020670032912	8.267404953290395
-409.5856651714571	10.651003121456313
-431.9346258491464	32.99996379914563
-387.39537683419667	-11.539285215804114
-427.0205677279232	28.085905677922426
-461.0877544429093	62.15309239290849
-405.12211733887534	6.18745528887456
-380.5412721282596	-18.393389921741175
-406.6957316675948	7.761069617594046
-413.9732629660016	15.038600916000803
-442.0504137495709	43.115751699570126
-403.9334500456994	4.998787995698592
-421.9080292276253	22.97336717762454
-379.7626720663543	-19.171989983646483
-398.98934076013643	0.05467871013564718
-375.2751319140219	-23.659530135978855
-372.35756381653425	-26.57709823346653
-372.16416021333805	-26.77050183666273
-377.3221716092643	-21.612490440736508
-450.75257777564127	51.81791572564049
-395.776312108704	-3.1583499412967626
-461.76146760054087	62.82680555054009
-399.972979651547	1.0383176015462254
-340.4748721292566	-58.459789920744186
-382.23392071781507	-16.700741332185714
-411.88968802805846	12.955025978057677
-392.31793267299906	-6.616729377001718
-430.69291623516926	31.758254185168482
-400.5581683727863	1.6235063227855449
-404.0244991822177	5.089837132216928
-427.6068438962278	28.672181846227033
-392.9393301042104	-5.995331945790383
-390.1359287812546	-8.798733268746162
-413.5586524841409	14.623990434140126
-389.3437952056819	-9.590866844318896
-416.8124588813474	17.877796831346643
-414.5444137211738	15.609751671173
-393.6067014382346	-5.327960611766173
-399.5361577435609	0.601495693560139
-438.00155568604384	39.06689363604306
-437.08136198500085	38.14669993500007
-411.6140576028878	12.679395552887001
-421.29064814627	22.35598609626919
-358.5671020666699	-40.367559983330864
-360.7567449746233	-38.17791707537748
-407.74152519578945	8.806863145788668
-413.3954520876463	14.460790037645495
-398.42111266049994	-0.5135493895008381
-409.28402204172806	10.349359991727283
-398.58586395568216	-0.3487980943186244
-423.04132415638685	24.106662106386068
-378.0425033416535	-20.892158708347267
-413.3560899510479	14.421427901047139
-428.68894042416593	29.754278374165153
-381.4088849514004	-17.525777098600372
-369.80459749423915	-29.130064555761635
-400.93148622952265	1.996824179521866
-384.3817848484608	-14.552877201539957
-389.13401585196823	-9.800646198032553
-371.37632461531996	-27.558337434680823
-437.1384468299997	38.2037847799989
-389.67466633171296	-9.259995718287826
-400.3647211723577	1.4300591223569086
-374.34555582455084	-24.58910622544994
-376.07376693861295	-22.860895111387833
-383.1598739855357	-15.774788064465099
-388.2066684904124	-10.727993559588356
-367.6765906175982	-31.258071432402573
-411.87021450942063	12.935552459419853
-409.89060463917974	10.95594258917896
-361.81411899600937	-37.12054305399141
-377.0946182093097	-21.840043840691067
-433.97626217623053	35.04160012622975
-389.3212232594427	-9.613438790558064
-399.73555977617514	0.8008977261743553
-380.7254785840954	-18.20918346590537
-395.70033489695686	-3.234327153043921
-388.4335654864475	-10.50109656355329
-424.43383669426055	25.499174644259767
-352.3503184330941	-46.584343616906665
-365.38249569975073	-33.55216635025005
-416.5003310387276	17.565668988726827
-423.7472029985131	24.81254094851232
-401.3603419563717	2.425679906370931
-408.8580386526467	9.92337660264593
-372.6794682817738	-26.255193768227002
-408.89140369240346	9.956741642402676
-337.5434631011833	-61.391198948817475
-403.9602078519158	5.02554580191503
-393.70015337189966	-5.234508678101122
-375.8926542001957	-23.04200784980509
-398.41857650891893	-0.5160855410818499
-422.38833984953294	23.45367779953216
-380.16896939995627	-18.765692650044514
-388.9296362287462	-10.005025821254605
-402.3866146801852	3.451952630184394
-402.08053087666167	3.1458688266608874
-389.33276161564254	-9.601900434358242
-379.4078463192295	-19.52681573077126
-408.61584670804086	9.681184658040081
-414.8612851107191	15.926623060718327
-443.33227089171896	44.39760884171818
-404.57977375759447	5.645111707593685
-368.2093918761934	-30.72527017380736
-372.83449624636205	-26.10016580363873
-398.67567036392893	-0.25899168607185175
-451.671464910562	52.73680286056123
-406.0389920272287	7.104329977227906
-462.1684405107194	63.23377846071861
-382.56580729474126	-16.36885475525952
-398.209172759151	-0.7254892908497936
-354.9297539967605	-44.004908053240285
-360.6022464913834	-38.332415558617356
-402.41911700536673	3.4844549553659476
-439.95915939785425	41.02449734785347
-383.07467532729277	-15.859986722708015
-372.2534220104038	-26.681240039596958
-414.5520165862557	15.617354536254936
-422.37481364355824	23.44015159355746
-395.91204088071333	-3.022621169287447
-431.3084680292626	32.37380597926182
-396.35612571864965	-2.578536331351131
-411.07261776290704	12.137955712906262
-419.62101175786063	20.686349707859847
-418.91419021331274	19.979528163311954
-432.27562740162773	33.34096535162695
-436.9646718478938	38.030009797893
-379.0614464608701	-19.873215589130666
-431.8174156754934	32.882753625492626
-441.12178354101286	42.18712149101208
-379.5427153565864	-19.391946693414354
-405.2746418655073	6.339979815506524
-380.79581682841615	-18.13884522158463
-392.0537706175231	-6.880891432477654
-392.9517427841996	-5.982919265801172
-395.46204598902057	-3.472616060980215
-393.1903935749209	-5.744268475079878
-383.67473123591697	-15.259930814083816
-414.06824668285697	15.133584632856184
-407.26964065818845	8.334978608187669
-426.05300679619756	27.118344746196783
-383.7927080715557	-15.141953978445088
-415.15946385831046	16.224801808309678
-364.0460290171145	-34.888633032886275
-389.7976415591161	-9.137020490884709
-434.61302570867383	35.67836365867305
-399.71634366173066	0.7816816117298799
-383.4103756829868	-15.524286367013985
-407.690318056219	8.755656006218203
-366.46729859276866	-32.467363457232125
-390.6824950780797	-8.252166971921099
-412.8301777817801	13.895515731779312
-411.17409751564674	12.239435465645954
-435.1702093733916	36.23554732339079
-395.37434602440226	-3.5603160255985244
-388.8841840052087	-10.0504780447921
-401.47611440836636	2.541452358365575
-400.752374909649	1.8177128596482248
-419.71894274018496	20.784280690184175
-402.58289422805	3.648232178049227
-391.11976613024945	-7.814895919751336
-384.45367919536557	-14.480982854635215
-407.31235067867283	8.377688628672047
-400.4176889309938	1.483026880993009
-406.5667144453223	7.632052395321523
-413.85094577985774	14.916283729856957
-408.94192762820194	10.007265578201157
-407.99726178109677	9.062599731095986
-417.31664769125973	18.38198564125895
-440.06804467084885	41.13338262084807
-419.79090837593276	20.856246325931977
-423.08096414187503	24.146302091874247
-401.69248907779956	2.7578270277987826
-393.67587306174073	-5.258788988260051
-412.45458584894413	13.519923798943353
-380.52155545261195	-18.413106597388833
-389.90516023335095	-9.029501816649827
-373.0921723109612	-25.842489739039593
-460.5724850115046	61.63782296150384
-411.17476176498695	12.240099714986172
-392.12662754634295	-6.8080345036578365
-380.958246391391	-17.976415658609767
-393.56847669990185	-5.366185350098931
-362.7035701440407	-36.23109190596006
-378.8938100936983	-20.040851956302504
-377.344640273959	-21.590021776041795
-403.49316960993184	4.5585075599310585
-383.20392762232296	-15.730734427677817
-397.44447186627514	-1.4901901837256446
-427.9744824070529	29.039820357052122
-413.1255262673338	14.190864217333
-418.6496505557141	19.714988505713336
-386.4177313320859	-12.516930717914875
-406.6099423766835	7.675280326682696
-392.2309179484117	-6.703744101589109
-437.4622907952915	38.52762874529071
-418.57454230616423	19.63988025616345
-423.8801328565867	24.945470806585945
-430.25611145175645	31.32144940175567
-384.78320561846414	-14.151456431536644
-392.99360700530525	-5.941055044695531
-455.24972072430666	56.315058674305874
-439.3247223899387	40.39006033993792
-390.3759188112352	-8.5587432387656
-426.57098085222316	27.636318802222377
-382.6505600514318	-16.284101998568985
-376.3573017975098	-22.577360252490962
-399.1929676929203	0.25830564291953806
-415.60462014202403	16.66995809202325
-389.03146513194685	-9.903196918053936
-395.3626495551207	-3.5720124948800844
-408.4715572584528	9.536895208451995
-428.50939472465234	29.574732674651557
-384.97132796146525	-13.963334088535532
-389.9914724846158	-8.943189565384955
-371.5208199996614	-27.413842050339383
-420.1178681587626	21.183206108761794
-363.9456697263222	-34.98899232367859
-403.273808932433	4.339146882432203
-354.0640495991638	-44.87061245083697
-414.2581363061309	15.323474256130112
-390.74773227840615	-8.186929771594635
-372.48855733274013	-26.446104717260653
-365.17442139487395	-33.760240655126836
-441.11010271258675	42.17544066258597
-374.57861871130154	-24.356043338699237
-389.4510386758382	-9.483623374162562
-439.21220129466093	40.27753924466015
-399.60115569415103	0.6664936441502505
-426.9589323658245	28.024270315823742
-426.26743993767724	27.332777887676457
-392.60335618407845	-6.331305865922332
-385.6756765688704	-13.258985481130367
-376.93182533338114	-22.00283671661964
-393.5377136999494	-5.396948350051389
-385.81961678526164	-13.115045264739138
-385.1132328503807	-13.82142919962007
-366.4881419884594	-32.44652006154138
-407.92225190533355	8.987589855332772
-394.5488088788892	-4.385853171111592
-377.7510473924116	-21.183614657589203
-408.27422163214123	9.339559582140453
-393.1568801903735	-5.777781859627282
-371.0827148706661	-27.851947179334672
-413.29877436569893	14.36411231569815
-387.1499011025775	-11.784760947423308
-392.56278203467025	-6.371880015330532
-384.4056866342029	-14.528975415797902
-429.4959512412237	30.561289191222897
-468.50898233790883	69.57432028790805
-398.9950309879599	0.06036893795914011
-388.9937714265137	-9.940890623487064
-410.1572631074972	11.222601057496433
-425.5079631318398	26.57330108183902
-343.57289359599906	-55.36176845400172
-386.3116417081686	-12.62302034183216
-365.26855217161517	-33.66610987838561
-413.7880774187719	14.853415368771095
-421.18854458471776	22.25388253471698
-378.02928425588595	-20.905377794114827
-443.8032477197379	44.868585669737115
-424.9786409522975	26.043978902296715
-419.67350404767365	20.738841997672864
-405.57075825597065	6.636096205969864
-393.6565339370808	-5.278128112920001
-392.2039656584524	-6.730696391548406
-415.3326424541368	16.397980404136035
-371.4928701372768	-27.441791912724
-366.4158206263486	-32.51884142365219
-384.61817575756083	-14.316486292439947
-383.6186183620879	-15.316043687912895
-377.7839090437261	-21.15075300627467
-420.097157069407	21.162495019406208
-382.0716147949312	-16.863047255069603
-437.6323033806708	38.697641330670024
-399.74503193398925	0.8103698839884714
-397.8597402621323	-1.0749217878685045
-409.98047637415823	11.045814324157448
-401.00421858444463	2.069556534443848
-379.0478011466181	-19.886860903382683
-465.10649350781534	66.17183145781456
-402.679410961298	3.744748911297222
-426.87288145622153	27.938219406220753
-404.4310397129972	5.4963776629963945
-400.90281081027354	1.9681487602727543
-383.63140206415994	-15.303259985840839
-405.88819505741196	6.953533007411181
-385.3060585820889	-13.628603467911887
-430.47027258884316	31.535610538842377
-401.6962114878801	2.761549437879296
-395.0549422821599	-3.879719767840868
-385.6879788983782	-13.246683151622562
-397.64723656489457	-1.287425485106212
-416.1257485999698	17.191086549969043
-420.3293923790228	21.394730329022025
-371.57277396837105	-27.36188808162973
-404.03814151234053	5.103479462339749
-406.33225466914826	7.397592619147474
-392.57533888616615	-6.359323163834631
-394.626920625093	-4.307741424907761
-412.8588492196244	13.924187169623622
-396.6735024530784	-2.2611595969223686
-403.0598076797754	4.125145629774636
-386.7913620670571	-12.143299982943688
-418.93933650897645	20.00467445897567
-368.80315708045066	-30.13150496955012
-370.33036390922837	-28.604298140772414
-429.5884936586573	30.653831608656503
-392.79516436353526	-6.139497686465518
-439.9966284097628	41.06196635976204
-401.11583164715023	2.1811695971494487
-410.0540474823048	11.119385432304
-429.5730742070356	30.638412157034793
-404.31007468025757	5.37541263025679
-394.9368482769479	-3.997813773052883
-428.782974593467	29.848312543466193
-397.05560271731895	-1.879059332681834
-388.62940513015667	-10.305256919844112
-361.78856962035036	-37.14609242965042
-422.7562483894761	23.821586339475346
-427.99352237175833	29.05886032175755
-425.09043140040546	26.155769350404682
-363.2251309167367	-35.70953113326408
-361.07736882161214	-37.85729322838864
-414.8123133659641	15.877651315963305
-423.96640921309506	25.03174716309428
-386.93748937482076	-11.997172675180025
-416.3132340361443	17.378571986143527
-404.7354879667581	5.800825916757333
-389.639276871172	-9.29538517882878
-408.11132663931846	9.176664589317681
-375.0212065555369	-23.913455494463904
-420.5279324383481	21.59327038834732
-364.32516375882176	-34.60949829117902
-371.0689879307373	-27.865674119263474
-384.1751897850262	-14.75947226497459
-409.9191746105097	10.984512560508904
-383.6262763052399	-15.30838574476087
-396.9232203651212	-2.0114416848795713
-400.3708531832052	1.4361911332044315
-403.9504943023147	5.015832252313942
-393.05501402062134	-5.879648029379439
-425.2997986153399	26.365136565339128
-372.99826192626267	-25.93640012373811
-408.20587576108653	9.27121371108575
-398.42132965102417	-0.5133323989766154
-410.0803728576865	11.145710807685703
-457.9597007703122	59.02503872031144
-413.37220390734535	14.43754185734457
-397.75696023067565	-1.1777018193251365
-391.72211417046844	-7.2125478795323374
-398.15167934543194	-0.7829827045688376
-438.30535335382217	39.37069130382139
-411.9203092560018	12.985647206001033
-401.9550834625842	3.020421412583403
-360.5468404931888	-38.38782155681196
-420.05731915267086	21.122657102670075
-386.5024765024208	-12.43218554757999
-378.95917834512863	-19.975483704872147
-374.5240357816191	-24.41062626838169
-424.6337405855628	25.699078535562023
-384.9831092335461	-13.951552816454694
-403.01571065417727	4.0810486041764875
-380.7831711306152	-18.151490919385594
-372.9938417524935	-25.940820297507287
-396.06625035109107	-2.8684116989097106
-361.5767766542657	-37.35788539573508
-407.2594872134391	8.324825163438334
-411.71266592278835	12.778003872787565
-423.7016283531152	24.76696630311443
-428.41515119600945	29.480489146008665
-404.9740043935376	6.039342343536816
-425.8816467196252	26.94698466962444
-403.47751787172774	4.54285582172696
-372.76100000586894	-26.173662044131845
-410.2265605778989	11.291898527898127
-413.37712058514035	14.442458535139565
-393.3183659302217	-5.616296119779065
-418.578125950869	19.6434639008682
-394.1412071699119	-4.793454880088859
-406.4000360314526	7.465373981451819
-433.2493104655415	34.31464841554072
-389.79966582754923	-9.134996222451548
-402.44935838689577	3.5146963368949855
-448.1160114430416	49.18134939304082
-398.9758924393985	0.041230389397696854
-359.7767066954978	-39.157955354502974
-392.2089249704298	-6.72573707957099
-404.5266846403549	5.592022590354134
-389.7582513042774	-9.176410745723388
-387.565180722809	-11.369481327191806
-370.6193259800869	-28.315336069913883
-386.39999009258946	-12.53467195741132
-399.30011181120176	0.3654497612009777
-379.48629473113516	-19.44836731886562
-372.6065364463514	-26.32812560364937
-437.460992577396	38.5263305273952
-406.9954020660164	8.060740016015643
-387.71757793317397	-11.217084116826811
-375.27804397119445	-23.656618078806332
-440.28510680806113	41.35044475806035
-379.15557431481676	-19.77908773518402
-401.8084766903133	2.873814640312503
-374.67670006436066	-24.257961985640122
-421.3276394278076	22.3929773778068
-406.3631482352769	7.428486185276142
-415.84218081206683	16.907518762066047
-371.48904009070185	-27.445621959298933
-390.18914147960214	-8.74552057039864
-395.9789461841004	-2.9557158659004017
-378.5522409890103	-20.38242106099051
-358.7532591690238	-40.181402880976975
-370.91527025458464	-28.01939179541614
-394.7070205720186	-4.227641477982161
-353.30199438658866	-45.63266766341212
-372.8965056490281	-26.038156400972696
-392.1784038749204	-6.756258175080404
-458.9466233135156	60.01196126351482
-445.3919807401337	46.45731869013292
-405.4410984268627	6.506436376861927
-412.761647801306	13.826985751305244
-383.87732985694424	-15.057332193056538
-434.5195924085285	35.58493035852774
-425.37024537098955	26.43558332098877
-440.6937903377777	41.759128287776946
-397.05067498264657	-1.8839870673542123
-425.81296044555825	26.878298395557465
-388.7278890250393	-10.206773024961478
-403.04256382617064	4.107901776169854
-400.9666962587628	2.0320342087620133
-346.1817603783013	-52.752901671699476
-402.2447504741601	3.3100884241593462
-419.58888192588597	20.65421987588519
-397.7486616752474	-1.1860003747534051
-377.0159809983204	-21.91868105168038
-394.8306816369429	-4.1039804130578545
-384.97771520515994	-13.956946844840843
-441.760597154597	42.825935104596226
-397.7530700560608	-1.1815919939400032
-376.5116036048737	-22.423058445127083
-420.95987048218626	22.02520843218548
-385.7343510007163	-13.200311049284494
-357.42865561589747	-41.50600643410331
-400.2056475600027	1.2709855100019354
-412.2693499592095	13.334687909208697
-418.6743065728026	19.739644522801825
-387.227349248006	-11.70731280199476
-377.2726285008548	-21.662033549145974
-424.06777133934975	25.133109289348965
-392.7006523905229	-6.234009659477863
-417.44935177634125	18.514689726340464
-359.3857875322319	-39.548874517768866
-395.42671575544773	-3.507946294553051
-400.3278113428905	1.3931492928897455
-424.2749278955971	25.34026584559632
-414.3650742675318	15.430412217531
-387.19534590658924	-11.739316143411543
-425.3116650465754	26.377002996574618
-433.9524056511509	35.01774360115013
-399.74169136722503	0.8070293172242486
-417.7426754894234	18.80801343942261
-398.14282977707353	-0.7918322729272518
-395.9502007873134	-2.9844612626873754
-399.5390926926592	0.6044306426584285
-448.4260890317963	49.49142698179554
-407.263801702098	8.32913965209724
-377.94656442609255	-20.98809762390823
-371.6723404223993	-27.262321627601466
-375.9521101157951	-22.982551934205674
-407.80128263859467	8.86662058859389
-434.7405902865429	35.805928236542115
-394.6492194250567	-4.285442624944096
-391.066715487187	-7.867946562813756
-399.7857197892189	0.8510577392181062
-408.2468595566261	9.312197506625296
-401.9776375021901	3.042975452189296
-435.1103851764309	36.175723126430114
-379.76530804779384	-19.169354002206944
-401.0912083456932	2.156546295692408
-414.2102991921819	15.275637142181097
-408.86241637201135	9.927754322010571
-419.83463628001834	20.899974230017563
-410.10648901560114	11.17182696560036
-376.32914696268915	-22.60551508731163
-393.35045142377373	-5.584210626227048
-426.22747455528577	27.292812505284985
-401.0354739179164	2.1008118679156382
-418.99324205561686	20.05858000561608
-417.6031100423787	18.668447992377935
-449.9169322650595	50.98227021505869
-368.93764794494916	-29.99701410505162
-352.0684408160213	-46.8662212339795
-403.25435339948297	4.319691349482184
-371.8428961454591	-27.09176590454166
-367.7358495331463	-31.198812516854503
-377.34623707112564	-21.58842497887514
-418.1927565533831	19.258094503382324
-350.4694668188192	-48.46519523118155
-381.79364699417124	-17.14101505582954
-404.9727146407738	6.03805259077302
-412.42527464289265	13.490612592891864
-441.621965903659	42.68730385365819
-394.9203388229423	-4.014323227058469
-379.26459048067704	-19.67007156932374
-422.4274658116326	23.49280376163182
-385.78584228589057	-13.148819764110215
-400.6235912107611	1.688929160760324
-386.56070055281066	-12.373961497190123
-401.0242791323351	2.089617082334314
-377.3276971389903	-21.606964911010493
-422.72089323733485	23.786231187334067
-390.76737451015015	-8.167287539850633
-408.8325356472624	9.897873597261594
-380.3115027357735	-18.62315931422728
-408.53909666405616	9.604434614055378
-387.4809372870559	-11.453724762944887
-402.21965805706077	3.2849960070599877
-405.9586518827973	7.023989832796531
-393.93930999283566	-4.995352057165121
-385.81479778911034	-13.119864260890438
-413.6446897094147	14.710027659413925
-402.4435045772125	3.508842527211698
-401.5213850386531	2.5867229886522978
-370.7162368491636	-28.218425200837203
-381.06001613669105	-17.874645913309735
-423.1903051904683	24.255643140467498
-450.26532451711773	51.33066246711695
-413.8168368809455	14.882174830944734
-402.1991986120164	3.2645365620156213
-412.27913415020146	13.344472100200676
-402.4036169437003	3.468954893699504
-368.67995243949633	-30.25470961050445
-408.81919230129995	9.884530251299168
-433.08672338525855	34.15206133525777
-421.99021336783323	23.055551317832453
-401.63840725448597	2.7037452044851875
-404.1511272391216	5.216465189120811
-414.4889521554313	15.554290105430539
-414.83206774946484	15.89740569946406
-365.4521955849558	-33.48246646504498
-428.8441076774142	29.90944562741339
-349.5287967150276	-49.40586533497316
-385.6678775768586	-13.266784473142195
-384.0863729259198	-14.848289124080964
-396.59122955012197	-2.3434324998788156
-401.5133295839295	2.5786675339286944
-369.58553637440843	-29.349125675592347
-391.9887870898564	-6.945874960144408
-391.85282163846193	-7.081840411538849
-422.58950585792184	23.654843807921054
-399.7199191282615	0.7852570782607131
-380.6791416553132	-18.255520394687608
-373.0507572822679	-25.883904767732872
-410.26749761165036	11.332835561649574
-441.8060685265226	42.87140647652183
-430.4745279996713	31.539865949670514
-398.7414506720014	-0.1932113779993756
-405.51731466875924	6.582652618758459
-414.4052705426128	15.47060849261203
-395.3098489476851	-3.62481310231567
-384.01597835604656	-14.918683693954222
-401.3716356716049	2.4369736216041247
-402.8785878241378	3.9439257741370284
-415.3090988181229	16.37443676812211
-406.307954587095	7.373292537094244
-416.6950501907722	17.760388140771397
-382.08625833913624	-16.848403710864545
-416.90978829531554	17.975126245314755
-427.0203007093542	28.085638659353435
-391.2214663657159	-7.7131956842848695
-378.0754640338818	-20.859198016118967
-385.2334284240132	-13.701233625987584
-412.37226851754355	13.437606467542764
-402.48575348230037	3.551091432299586
-388.8578830095652	-10.076779040435554
-355.0514195023588	-43.883242547642
-431.1750561106291	32.24039406062832
-358.74292833625975	-40.19173371374103
-401.74671352920717	2.8120514792063886
-364.64413212187895	-34.29052992812183
-382.627619427973	-16.30704262202778
-430.58116955532563	31.64650750532485
-455.7723836571803	56.8377216071795
-401.8055442023341	2.8708821523333086
-435.10804852989526	36.173386479894475
-390.1402819809136	-8.794380069087197
-403.7283922789083	4.7937302289075205
-375.15197666935813	-23.782685380642647
-427.8778065612513	28.943144511250523
-411.91841501330595	12.983752963305164
-388.93850435287635	-9.996157697124431
-387.23095220921005	-11.703709840790737
-401.627334697424	2.692672647423194
-368.85050027478337	-30.08416177521741
-388.4239625745422	-10.51069947545858
-352.17363298573036	-46.76102906427042
-389.27947838769705	-9.655183662303727
-350.35497154789937	-48.579690502101414
-381.5248810255498	-17.40978102445098
-434.98614143830946	36.05147938830868
-419.4824082638579	20.547746213857124
-389.87451065185905	-9.060151398141727
-428.3570914187103	29.422429368709516
-401.08104847856066	2.146386428559879
-372.3367248462555	-26.59793720374529
-430.4654932097319	31.53083115973112
-398.80915988175457	-0.1255021682462143
-409.4393374880247	10.504675438023924
-386.5161320421167	-12.418530007884101
-425.9155287243912	26.980866674390427
-406.83162567439336	7.896963624392583
-420.27939138656717	21.344729336566388
-395.74303590283586	-3.191626147164925
-462.53835288862234	63.60369083862156
-391.3636736172967	-7.570988432704098
-376.0019070943609	-22.932754955639894
-454.900959569216	55.96629751921523
-394.9124810675285	-4.022180982472264
-412.04635050735584	13.111688457355058
-378.8637780047803	-20.07088404522051
-411.47805691680975	12.543394866808967
-397.26020009579196	-1.674461954208823
-402.79933881769017	3.8646767676893887
-344.3069337923752	-54.62772825762556
-371.44227972938273	-27.49238232061805
-373.2826117933709	-25.652050256629877
-378.891520249268	-20.04314180073277
-373.6644074715695	-25.270254578431263
-364.2034496105725	-34.731212439428305
-400.2576288683503	1.3229668183495278
-410.5439693575917	11.609307307590939
-370.7599238229031	-28.17473822709769
-395.5831758277745	-3.351486222226299
-428.98925750785924	30.054595457858454
-436.4848552429302	37.55019319292944
-376.2182984109858	-22.716363639014958
-404.58907794539294	5.654415895392162
-407.80438218991725	8.869720139916467
-428.7335222719693	29.79886022196854
-380.58829584082	-18.346366209180758
-388.52360873306304	-10.411053316937739
-392.54992412746276	-6.384737922538022
-383.1655510160835	-15.769111033917284
-379.61111859412074	-19.323543455880042
-371.2330253243307	-27.701636725670085
-385.22489282020246	-13.709769229798326
-417.44722349653773	18.51256144653695
-403.8077558991844	4.87309384918359
-417.2608195765587	18.326157526557893
-423.4607182848757	24.526056234874943
-410.9637730820481	12.029111032047297
-366.8892472350744	-32.0454148149264
-424.3345928721627	25.399930822161934
-406.39165758604383	7.456995536043053
-384.69541764535086	-14.239244404649924
-396.8133653731284	-2.121296676872362
-365.29517165841486	-33.63949039158592
-439.21448877869904	40.279826728698254
-428.3278555681164	29.393193518115595
-439.2755415146849	40.34087946468412
-392.2182802754115	-6.716381774589308
-408.56551620307533	9.630854153074552
-366.97504552766173	-31.959616522339047
-392.31463506909955	-6.62002698090123
-423.5988501475877	24.66418809758693
-392.9802271087138	-5.954434941286991
-405.09784971519827	6.1631876651974835
-323.6790565292968	-75.25560552070397
-408.35035249800336	9.415690448002579
-355.1697660873388	-43.76489596266197
-389.91511462976547	-9.019547420235313
-430.1550667191468	31.220404669146035
-399.4117456330159	0.4770835830151441
-413.2079032331885	14.273241183187736
-429.5034547167006	30.568792666699835
-382.123613201823	-16.81104884817779
-381.732026679746	-17.202635370254768
-390.5670064615724	-8.367655588428363
-384.86843222472	-14.0662298252808
-408.9214685909401	9.986806540939313
-410.5525805652969	11.61791851529614
-421.9852393751253	23.050577325124493
-425.5447770385754	26.610114988574594
-363.9133989913453	-35.02126305865551
-436.9146000538958	37.97993800389503
-373.6258381853104	-25.308823864690396
-408.40289369558104	9.46823164558026
-442.5315802914462	43.596918241445394
-428.1526673526911	29.2180053026903
-394.93446413199274	-4.000197918008041
-395.09076704528854	-3.8438950047122376
-382.2219321618428	-16.71272988815798
-445.9176852568577	46.9830232068569
-387.2825056617381	-11.652156388262654
-384.7868530225293	-14.14780902747151
-384.94852975095057	-13.986132299050212
-421.30104106504007	22.366379015039286
-436.14732856743433	37.21266651743355
-387.32238665285115	-11.61227539714963
-395.1311429826816	-3.8035190673192005
-391.85083127070504	-7.083830779295738
-394.74025456082256	-4.194407489178218
-421.48192720995746	22.54726515995668
-395.1570329463717	-3.7776291036290672
-373.46468257199524	-25.46997947800554
-415.84265842784464	16.90799637784386
-406.06812042335116	7.133458373350379
-399.889274884839	0.9546128348382013
-442.46536208336113	43.53070003336035
-402.3283323377851	3.393670287784346
-418.9442581072668	20.009596057266037
-423.6733565748415	24.738694524840696
-432.0711590979132	33.13649704791243
-407.4015564359303	8.466894385929493
-407.17941164137085	8.244749591370066
-376.93424547339384	-22.000416576606938
-398.7535214259657	-0.1811406240350948
-420.03775186147834	21.10308981147756
-386.1324848424571	-12.802177207543707
-369.08714497353446	-29.847517076466318
-406.4946008770779	7.559938827077133
-392.2027265745413	-6.731935475459466
-417.98199257844624	19.047330528445457
-394.30404603681916	-4.630616013181623
-405.9595905048076	7.024928454806798
-388.44933407721817	-10.485327972782613
-374.4686447991984	-24.466017250802395
-403.4329041536579	4.498242103657105
-459.97237421353145	61.03771216353067
-393.6514921501142	-5.283169899886559
-399.6706002843815	0.7359382343807397
-385.8654574949936	-13.069204555007161
-381.8153146891958	-17.119347360804966
-405.2749170145629	6.340254964562121
-399.8140668569039	0.8794048069030964
-430.3229451040403	31.388283054039505
-376.64257854266873	-22.292083507332052
-411.0730128247757	12.138350774774892
-377.4290052258817	-21.505656824119058
-387.1463446313661	-11.788317418634676
-410.29743103169824	11.362768981697457
-432.4845570501035	33.54989500010271
-407.0026564456126	8.067994395611834
-391.77142284648846	-7.163239203512319
-379.90521270960164	-19.02944934039914
-391.6202621126773	-7.314399937323458
-396.28264554874306	-2.6520165012577195
-398.36589385019545	-0.5687681998053336
-422.5801016514703	23.64543960146949
-384.1146507978425	-14.820011252158281
-435.0193555879247	36.0846935379239
-413.15065305479396	14.215991004793182
-401.6073574333895	2.6726953833887137
-397.1284133357785	-1.8062487142223063
-389.2440645187798	-9.690597531220988
