Ea	delta_Ea
84.38572552112237	5.9378523717732605
72.88072385672604	-5.567149292623071
82.28545036501964	3.8375772156705352
111.02556525413092	32.57769210478182
56.65386923351525	-21.794003915833855
75.51443371227924	-2.9334394370698647
60.169726286270816	-18.27814686307829
52.388012759598496	-26.05986038975061
63.90476426116402	-14.543108888185088
48.30133636002574	-30.146536789323363
64.7575006208699	-13.690372528479202
96.74431364561315	18.29644049626404
55.32306672841696	-23.124806420932146
94.94413051692572	16.496257367576618
77.46567770320144	-0.9821954461476707
79.86918828119087	1.4213151318417658
74.7096720102204	-3.738201139128705
90.51929868025195	12.071425530902843
44.260657640454156	-34.18721550889495
49.536947391272406	-28.9109257580767
103.05663194400404	24.608758794654932
71.7656886923487	-6.682184457000403
61.28113699162532	-17.16673615772379
60.66041213900462	-17.787461010344487
87.09633980726358	8.648466657914469
97.68478168349338	19.236908534144277
97.58191953635105	19.134046387001945
74.74795947737584	-3.6999136719732633
79.84560952775246	1.3977363784033514
94.3442232389607	15.896350089611587
82.9244095414906	4.476536392141497
79.01256386544424	0.5646907160951287
86.01949985108149	7.571626701732384
84.10380850823276	5.655935358883653
63.41238479758067	-15.035488351768436
73.69561427427834	-4.7522588750707655
76.41293051465072	-2.034942634698382
96.67929085070682	18.231417701357714
65.72193621778933	-12.725936931559772
63.67846621948411	-14.769406929865
96.50585060146113	18.057977452112027
78.50718247885015	0.059309329501047614
67.85788923055225	-10.589983918796861
76.3348794370304	-2.112993712318712
74.5702555463431	-3.8776176030060014
31.93070933218496	-46.517163817164146
77.70821991122648	-0.739653238122628
87.44391224790888	8.996039098559777
73.8446783890895	-4.603194760259612
83.55328613196616	5.105412982617054
91.09763054212999	12.649757392780884
77.17687421816481	-1.2709989311842946
64.88405355016766	-13.563819599181443
74.84621526657793	-3.6016578827711783
90.65788481351774	12.210011664168633
86.68686160647485	8.238988457125743
96.67330060842505	18.225427459075945
113.90984384697003	35.46197069762093
81.03949315073623	2.5916200013871276
83.90110239985734	5.45322925050823
105.73392097688338	27.286047827534276
77.98222901351619	-0.4656441358329175
55.52112693931849	-22.926746210030615
84.4555787314257	6.007705582076596
74.57985047787042	-3.868022671478684
69.26468016659055	-9.183192982758555
53.26104608984315	-25.18682705950596
67.10891783777333	-11.338955311575774
66.13413605781534	-12.313737091533767
53.536241378719296	-24.91163177062981
91.18705583116389	12.739182681814782
86.51881850621794	8.070945356868833
72.74929438255458	-5.698578766794526
84.76042868505101	6.312555535701904
59.825666275915864	-18.622206873433242
65.29220717593307	-13.155665973416035
69.44122427073307	-9.006648878616033
83.67019141033234	5.222318260983229
62.65650057295352	-15.791372576395588
84.97176759583817	6.5238944464890665
77.10581505149821	-1.3420580978508951
78.84689313837316	0.39901998902405467
51.27971908900872	-27.168154060340385
87.15323063410449	8.705357484755382
91.73423052528051	13.286357375931402
66.37420704377894	-12.073666105570169
94.1798704969915	15.731997347642391
104.26318140378862	25.815308254439515
64.1149169853561	-14.332956163993003
57.67959113758843	-20.768282011760675
77.19433752074042	-1.253535628608688
111.4211584818986	32.973285332549494
56.01326257565961	-22.434610573689497
77.04843657017409	-1.399436579175017
83.17400955973744	4.726136410388335
64.37278077017982	-14.075092379169291
81.68504225271681	3.2371691033677052
82.23648721854988	3.7886140692007757
79.67307209831097	1.2251989489618609
73.6382819224309	-4.809591226918201
82.40011506872088	3.9522419193717724
61.97694745539775	-16.470925693951358
87.15902976853977	8.71115661919066
66.91392194222863	-11.53395120712048
104.05777342596048	25.60990027661137
72.85757344844387	-5.590299700905234
87.58816571710486	9.14029256775575
87.7249066712393	9.27703352189019
71.05522882419518	-7.392644325153924
88.5261888926234	10.078315743274288
73.47050241919351	-4.977370730155599
82.23846419620168	3.790591046852569
80.98051331751412	2.532640168165017
96.03526402151329	17.58739087216418
89.20777170723886	10.759898557889755
71.07974334705432	-7.3681298022947885
66.04405177622903	-12.403821373120081
78.5263459822072	0.07847283285809681
72.50474883717379	-5.943124312175314
74.56317796635267	-3.8846951829964382
68.30367133092659	-10.144201818422516
80.03862844564628	1.590755296297175
80.738728950917	2.2908558015678864
77.69304990272849	-0.7548232466206173
59.53946581145374	-18.90840733789537
75.84168941261305	-2.6061837367360567
80.20937341534955	1.7615002660004393
68.5666686677032	-9.88120448164591
99.40719710135454	20.959323952005434
108.76601159867278	30.31813844932367
76.27504291349032	-2.1728302358587825
95.5926846249422	17.144811475593087
58.80772048393419	-19.640152665414917
81.10730348413199	2.6594303347828827
116.7917500666299	38.343876917280795
56.351615710531405	-22.0962574388177
24.812733101876802	-53.635140047472305
53.75680618520528	-24.69106696414383
51.8651680704279	-26.582705078921208
60.05769755277561	-18.3901755965735
72.279373385074	-6.168499764275111
65.93228663974878	-12.515586509600325
61.62412284412517	-16.82375030522394
86.96489056331484	8.517017413965732
79.097376206626	0.6495030572768883
60.45414747085124	-17.993725678497867
80.14161580135988	1.6937426520107692
84.62368773092749	6.175814581578379
50.876283849900574	-27.571589299448533
73.25468235907101	-5.193190790278095
65.04752324212131	-13.400349907227792
91.12036578510742	12.672492635758317
68.0993375109465	-10.348535638402609
76.5599253928558	-1.887947756493304
35.88723470313562	-42.56063844621349
56.124698215866374	-22.323174933482733
58.304507182829184	-20.143365966519923
58.96612515914967	-19.481747990199437
64.16803178488772	-14.27984136446139
84.71232222889375	6.264449079544647
60.22916741428662	-18.218705735062485
57.0617856219651	-21.386087527384007
70.73607873222863	-7.711794417120473
80.34471730527366	1.8968441559245548
91.45684738113778	13.00897423178867
78.40998107771884	-0.03789207163026731
61.5052933075076	-16.942579841841507
92.35063897669897	13.902765827349867
73.93014972282435	-4.5177234265247534
88.25529682509796	9.80742367574885
94.10184577907421	15.653972629725104
76.28235773079359	-2.1655154185555148
73.70536736401573	-4.742505785333378
63.45137738676567	-14.996495762583436
107.3077269847854	28.859853835436297
81.13498117123163	2.6871080218825227
68.51357363795069	-9.934299511398422
71.5992271742191	-6.848645975130012
109.23930004809517	30.791426898746067
94.72498913435084	16.27711598500173
89.65377786508179	11.205904715732686
73.21850366807848	-5.2293694812706235
84.73644135623545	6.288568206886339
81.07132249089045	2.6234493415413453
70.83334603261028	-7.614527116738827
93.11580181642967	14.66792866708056
76.59735616969556	-1.8505169796535483
74.71059459979006	-3.7372785495590506
96.64773169748514	18.199858548136035
61.69898439780809	-16.748888751541017
102.82802742839704	24.38015427904793
38.342640944436425	-40.10523220491268
71.08916694051857	-7.35870620883054
79.72111265520653	1.2732395058574184
78.13238046603692	-0.3154926833121863
52.473582942217035	-25.97429020713207
78.21498518217777	-0.23288796717133664
86.58168639548967	8.133813246140562
97.2363438431421	18.788470693792988
81.83305197944355	3.3851788300944463
72.94668242105581	-5.501190728293295
71.67870167574983	-6.769171473599272
76.8241418658522	-1.6237312834969089
74.96095245946071	-3.486920689888393
78.06219116953707	-0.3856819798120341
68.7196076587079	-9.728265490641206
99.94302394374972	21.495150794400615
74.42589663833769	-4.021976511011417
63.80248861740438	-14.645384531944728
71.85680100231093	-6.591072147038176
62.81755835217518	-15.630314797173924
73.75024475667306	-4.697628392676052
69.9238045150978	-8.524068634251307
83.9331953370438	5.485322187694692
63.98423876269953	-14.463634386649574
91.78212610381271	13.334252954463608
88.60242115081019	10.15454800146108
92.08822814328596	13.640354993936853
79.24156377657164	0.7936906272225315
81.20335164829203	2.755478498942921
77.85996612571853	-0.5879070236305779
75.40870494755836	-3.039168201790744
81.54816950007853	3.1002963507294226
100.25920856924495	21.81133541989584
62.971762608875	-15.47611054047411
69.25196161037435	-9.195911538974755
75.50889817486177	-2.938974974487337
89.81786701002784	11.369993860678733
73.85001622874915	-4.597856920599952
86.40514229134351	7.957269141994402
95.38826513592403	16.940391986574923
86.2195040900042	7.771630940655086
68.75817849265968	-9.689694656689426
88.88901701080613	10.441143861457022
101.49409470869796	23.04622155934885
75.89722930472362	-2.5506438446254833
93.12778889090987	14.679915741560762
90.86625825782403	12.418385108474922
82.10139374580467	3.6535205964555644
93.04778719534261	14.5999140459935
76.92968611266133	-1.5181870366877774
80.355722480861	1.9078493315118976
83.96291590104374	5.5150427516946365
52.39800967658266	-26.049863472766447
94.81210794945218	16.364234800103077
64.09053426100945	-14.357338888339655
118.31889940200199	39.87102625265288
119.17690770210174	40.72903455275264
59.951995147748676	-18.49587800160043
84.53353755009448	6.085664400745372
62.226178437802446	-16.22169471154666
64.60678902468135	-13.84108412466776
62.35955852992265	-16.088314619426455
85.08320323604494	6.635330086695831
81.1341903801731	2.686317230823988
83.23347045752416	4.785597308175056
57.653363234097924	-20.794509915251183
113.48914300305478	35.04126985370567
84.37267746863517	5.924804319286068
98.41317273893583	19.96529958958672
121.17101915839885	42.72314600904974
64.41021154701593	-14.037661602333174
65.71040384816445	-12.73746930118466
83.42972502884368	4.98185187949457
81.59232200092447	3.144448851575362
60.597939645267616	-17.84993350408149
92.82326843355986	14.375395284210754
72.16827383106829	-6.279599318280816
66.99273745120809	-11.45513569814102
93.94783922013448	15.499966070785376
49.54063774956376	-28.90723539978535
70.9285309165316	-7.5193422328175075
92.93984421565256	14.49197106630345
91.71477706520272	13.266903915853618
80.37700794022021	1.9291347908711032
59.09846799699517	-19.34940515235394
72.36444932328232	-6.083423826066792
70.43399654731184	-8.013876602037271
78.00423936468906	-0.4436337846600509
79.69534604649743	1.2474728971483273
75.98838115424064	-2.459491995108465
66.33051583771885	-12.117357311630258
70.49323997755346	-7.954633171795649
73.53745606228404	-4.9104170870650705
51.60763378188858	-26.840239367460526
87.4799591403862	9.032085991037093
108.54538089295238	30.097507743603273
108.84265243225673	30.39477928290762
80.45056468865096	2.00269153930185
83.88060114162454	5.4327279922754315
59.66994633635295	-18.777926812996157
90.67554581385048	12.22767266450137
85.51642493841064	7.06855178906153
87.630934333607	9.183061184257895
72.46547288119245	-5.982400268156653
78.69545665039186	0.2475835010427545
82.58399375994577	4.136120610596663
88.15634909371511	9.708475944366
88.96295597491553	10.515082825566424
74.88423452376628	-3.5636386255828256
77.42109685719424	-1.0267762921548638
88.02059662841293	9.572723479063825
53.88188297119996	-24.56599017814915
106.2154468331646	27.7675736838155
90.42242677540344	11.97455362605433
79.10027577385335	0.6524026245042478
75.55081010104067	-2.897063048308439
91.78818883527128	13.340315685922178
67.48899838091211	-10.958874768437
99.82387809071224	21.376004941363135
53.60326092105606	-24.844612228293045
75.621849497933	-2.826023651416108
88.33968082112915	9.891807671780043
83.03617467797994	4.588301528630836
74.87145468124436	-3.576418468104748
95.63719957168723	17.189326422338127
74.00481357873468	-4.443059570614423
69.90317804828373	-8.544695101065372
63.77988517293488	-14.667987976414224
102.28350188432523	23.835628734976126
101.69699851483892	23.249125365489817
79.07872671746736	0.6308535681182548
78.58672287964146	0.1388497302923497
88.1144042179094	9.666531068560289
63.2634986107596	-15.184374538589509
76.79894199073897	-1.6489311586101394
83.26326351070747	4.815390361358368
50.338084634317056	-28.10978851503205
59.650506056128506	-18.7973670932206
93.38525728019795	14.93738413084884
51.707339354703436	-26.74053379464567
80.23552223973638	1.7876490903872764
35.90015095710987	-42.547722192239235
87.47778446497978	9.02991131563067
61.15030720067443	-17.297565948674674
69.01722846406483	-9.430644685284278
45.66760673470708	-32.78026641464203
73.02192619041489	-5.425946958934219
77.05878275319992	-1.3890903961491858
82.03503319602169	3.5871600466725795
62.297151935439615	-16.150721213909492
93.53418959650298	15.086316447153877
75.40161418771913	-3.046258961629974
88.54324361982435	10.095370470475245
79.71392963641028	1.266056487061178
41.02493832070468	-37.42293482864443
64.03610147637846	-14.411771672970644
62.35916313439884	-16.088710014950266
57.01137269188939	-21.436500457459715
74.91047494811573	-3.5373982012333727
89.28138117507478	10.833508025725678
98.28420789689699	19.83633474754788
70.20822569968368	-8.239647449665426
97.01907399941047	18.57120085006136
98.28048656597093	19.832613416621825
45.65040702914325	-32.797466120205854
70.86477997724432	-7.583093172104782
74.68640957320895	-3.7614635761401587
79.30983540474699	0.8619622553978843
70.64144740205029	-7.806425747298817
72.2708064819235	-6.177066667425606
76.25461414443998	-2.193259004909123
82.3301959591638	3.8823228098146956
89.47321390638353	11.025340757034428
86.94353920469439	8.495666055345282
76.35319942991919	-2.0946737194299203
72.40583405541929	-6.042039093929816
76.84454427519881	-1.603328874150293
92.79971603982449	14.351842890475382
64.4752607016253	-13.972612447723805
96.9683974723157	18.520524322966594
84.28938081031447	5.8415076609653624
85.27454831286377	6.826675163514665
107.0837354170435	28.635862267694392
83.92851648993383	5.48064334058472
61.2417094673591	-17.206163681990006
102.90967660535534	24.461803456006237
100.74449068307149	22.296617533722383
74.9438252430864	-3.504047906262713
46.20653743201365	-32.24133571733546
47.09933394883046	-31.348539200518644
64.94617018792997	-13.501702961419142
69.33914632474625	-9.108726824602854
96.8985442620151	18.450671112665987
52.05930727566374	-26.388565873685366
78.60425208146489	0.15637893211578557
76.32334706740221	-2.1245260819468967
60.9147832633098	-17.533089886039306
77.17212947180087	-1.2757436775482347
67.4194812568121	-11.028391892537002
68.8804216106837	-9.56745153866541
74.1639602795658	-4.2839128697833075
80.6712481137929	2.223374964443792
84.47861513399403	6.030741984644919
63.407949777720205	-15.039923371628902
78.3008519114419	-0.1470212379072109
63.57619057573538	-14.871682573613725
80.52223012846252	2.0743569791134178
62.81953532982698	-15.62833781952213
58.060884227019415	-20.386988922329692
98.31926630056114	19.871393151212033
81.01992107200147	2.5720479226523594
71.43223846205001	-7.015634687299098
92.36835928636901	13.920486137019907
69.11983360410886	-9.328039545240244
65.82058740252978	-12.627285746819325
84.87173252674802	6.423859377398912
98.70174557658174	20.253872427232636
82.49305212905347	4.04517897970436
65.25049294752534	-13.197380201823762
99.71514431996911	21.267271170620006
61.506690371714285	-16.941182777634822
92.37811896604398	13.930245816694878
65.53511182986676	-12.912761319482343
57.30620595876462	-21.141667190584485
67.37923658178624	-11.068636567562862
70.91730168348658	-7.530571465862522
34.22341031289034	-44.22446283645877
95.01507765486167	16.567204505512564
93.4976814092297	15.049808259880592
50.010301739943316	-28.43757140940579
120.8715729436808	42.4236997943317
68.0261036688654	-10.421769480483704
40.66163572787809	-37.786237421471014
59.0870015266255	-19.360871622723607
74.0075154481965	-4.440357701152607
71.7341229492049	-6.713750200144204
56.501773752963345	-21.946099396385762
41.04062234338926	-37.40725080595985
78.14034109604108	-0.307532053308023
87.80886232209832	9.360989172749214
79.56908307392223	1.1212099245731224
77.20758327100339	-1.2402898783457204
90.66493603380513	12.217062884456027
55.43789618025221	-23.009976969096897
90.47898810596507	12.031114956615966
42.44598985551784	-36.00188329383127
77.70558394102409	-0.742289208325019
84.07692161219529	5.629048462846185
59.73136444201373	-18.71650870733538
78.95753798752048	0.5096648381713749
78.31502025126974	-0.1328528980793635
65.2929320677431	-13.154941081606012
43.18083244801892	-35.26704070133019
62.342688320655725	-16.105184828693382
97.1090264824852	18.6611533331361
73.19431864149374	-5.25355450785537
87.66503060813557	9.21715745878646
82.99814421791962	4.55027106857051
62.281204315730065	-16.166668833619042
80.01655219522036	1.5686790458712494
124.18986402994778	45.74199088059868
93.2970840770106	14.849210927661488
45.056391144571535	-33.39148200477757
77.5600124867342	-0.8878606626149121
95.81265633812654	17.364783188777437
65.00126196510973	-13.446611184239373
90.93336346919023	12.48549031984112
93.37003455229569	14.922161402946585
75.04200195318481	-3.4058711961642985
83.60040409928843	5.152530949939319
85.6532317917954	7.205358642446299
82.85033877888054	4.402465629531434
80.99909690741697	2.551223758067863
68.72417447707812	-9.723698672270984
84.03243961507542	5.584566465726311
74.68818885308792	-3.7596842962611845
68.2943334064912	-10.153539742857902
106.60840409072989	28.160530941380784
77.01700262553277	-1.4308705238163384
85.04122541060497	6.593352261255859
58.59097783423931	-19.856895315109796
71.00316841274434	-7.444704736604763
57.84101795263723	-20.606855196711876
61.29943721474001	-17.148435934609097
83.55592210216855	5.108048952819445
78.218346044182	-0.22952710516710795
80.1279417059477	1.6800685565985987
64.13852209850074	-14.309351050848363
88.91175225378538	10.463879104436273
94.3959541541335	15.948081004784399
80.51915263325645	2.0712794839073467
78.76742522677068	0.31955207742157654
77.30386208255368	-1.1440110667954286
82.35530357531854	3.9074304259694372
71.82486622333909	-6.623006926010021
91.59864280811598	13.150769658766876
88.01335430028848	9.565481150939377
64.98221708041456	-13.46565606893455
66.01709898093395	-12.430774168415155
68.56125833886836	-9.88661481048075
71.27403412057174	-7.1738390287773655
78.78580452899769	0.33793137964858033
91.09163370992246	12.643760560573355
61.377066537126666	-17.07080661222244
54.41520564191342	-24.03266750743569
83.53088038526039	5.083007235911282
97.41690780184217	18.969034652493065
90.13281931945039	11.684946170101284
110.93212011053402	32.48424696118491
88.57401857190553	10.12614542255642
81.0024841291247	2.554610979775589
73.57380609133816	-4.874067058010951
92.01409148141465	13.566218332065546
87.82013109470063	9.372257945351521
71.26307507446472	-7.184798074884384
69.68933496581303	-8.758538183536075
87.15573480579394	8.707861656444834
66.81059191039094	-11.637281238958167
41.89915783752804	-36.54871531182107
52.691083433350286	-25.75678971599882
104.98517364158033	26.537300492231225
69.39259062054407	-9.055282528805037
95.51966825039563	17.07179510104652
91.25690904146177	12.80903589211266
96.8477359364042	18.3998627870551
70.03411986796709	-8.413753281382014
59.5111950310602	-18.93667811828891
69.2297535614398	-9.218119587909314
83.83510429597482	5.387231146625709
83.73912203106192	5.291248881712818
88.98134186706011	10.533468717711003
61.15979669339367	-17.288076455955434
80.9832151869632	2.5353420376141003
74.86618274084321	-3.5816904085058923
62.929718884184695	-15.518154265164412
100.73829615308205	22.29042300373294
75.50290134265742	-2.944971806691683
55.74287793239273	-22.704995216956377
86.3797710781655	7.931897928816397
89.73093271283506	11.28305956348595
88.99228312036576	10.544409971016648
85.77969246213615	7.331819312787047
49.084219509426475	-29.36365363992263
108.61530000250059	30.167426853151483
99.34953525323363	20.90166210388452
54.67142194534608	-23.776451204003024
94.82258593100414	16.374712781655035
97.05802045911696	18.610147309767854
82.16867688516004	3.7208037358109323
72.69065063552625	-5.757222513822853
99.11032095758128	20.662447808232173
84.14525913963007	5.697385990280964
40.4448271789297	-38.00304597041941
58.48797729867442	-19.959895850674684
55.49351515147464	-22.954357997874467
50.45892409820863	-27.98894905114048
86.23408100521556	7.786207855866451
87.89627768385617	9.448404534507063
74.49951928602377	-3.9483538633253374
54.28861317305564	-24.15925997629347
72.73341925202476	-5.714453897324347
89.98350478747125	11.53563163812214
91.16741785317572	12.719544703826614
57.36057284413255	-21.08730030521656
85.22620461939368	6.778331470044577
98.85713601986936	20.40926287052025
65.55099355031977	-12.896879599029333
129.69976663973648	51.251893490387374
70.55782124745383	-7.890051901895276
41.150015106686624	-37.29785804266248
84.459710614713	6.011837465363897
56.72788068680438	-21.719992462544724
69.34679623975535	-9.101076909593758
102.00738400588307	23.55951085653396
72.55872032701973	-5.889152822329379
69.96696852712194	-8.480904622227172
95.0724100067091	16.62453685736
73.91064354334594	-4.537229606003166
77.47348676491993	-0.9743863844291809
85.86279142269632	7.414918273347212
78.20042144682651	-0.2474517025225964
71.58716761055439	-6.8607055387947184
41.407944790760666	-37.03992835858844
54.68771883111185	-23.760154318237255
95.67136833540644	17.223495186057335
65.10392641447379	-13.343946734875317
87.54262933189602	9.094756182546917
69.83893945451018	-8.608933694838925
84.56154473345669	6.113671584107578
87.67113287914981	9.223259729800702
71.81788749223597	-6.629985657113139
82.00951041455755	3.5616372652084465
91.99570558927007	13.547832439920967
66.97586724192661	-11.4720059074225
80.08672172194201	1.6388485725929058
92.64723570763272	14.19936255828361
76.12485851134625	-2.32301463800286
90.96761131201856	12.519738162669455
87.16687177988933	8.718998630540227
84.96827493532692	6.5204017859778105
97.0002268124772	18.552353663128088
61.22174199309666	-17.22613115625245
112.42523907062787	33.97736592127876
91.23825955229768	12.79038640294857
97.76604205483454	19.318168905485436
63.916333534372825	-14.531539614976282
61.705508424049185	-16.74236472529992
93.1134228533283	14.665549703979195
81.58566617617544	3.13779302682633
53.48596024715516	-24.961912902193944
91.83886536236605	13.390992213016943
94.41084738576319	15.962974236414084
106.39568129560212	27.94780814625301
76.41534242738544	-2.032530721963667
87.00021256399486	8.552339414645758
90.5256250087291	12.077751859379987
73.92738195411948	-4.520491195229624
79.164461648219	0.7165884988698963
76.30094791063038	-2.1469252387187225
45.292837671528105	-33.155035477821
80.31236077106587	1.864487621716762
69.64406217762507	-8.803810971724033
74.32238208858689	-4.125491060762215
79.3556353869717	0.9077622376225918
58.90169282156694	-19.546180327782167
62.43092742309091	-16.0169457262582
67.30404553182962	-11.143827617519491
53.50579592291251	-24.942077226436595
55.59091425036422	-22.856958898984885
65.2375107942853	-13.210362355063808
89.18490466575167	10.737031516402567
81.4135966314434	2.9657234820942904
86.10176189110098	7.653888741751871
57.55616183297434	-20.891711316374767
98.51129672962998	20.06342358028087
68.82809760221062	-9.619775547138488
109.59325153663121	31.145378387282108
124.57866963445849	46.130796485109386
64.27781994371799	-14.17005320563112
83.83019480147414	5.382321652125029
88.55119765989912	10.10332451055001
45.685004138016666	-32.76286901133244
61.2406550792839	-17.20721807006521
69.59261462924678	-8.855258520102325
89.09449088789188	10.646617738542773
75.60669266927653	-2.8411804800725804
81.34049458787376	2.8926214385246567
78.96074728123767	0.5128741318885659
108.01186052447156	29.56398737512245
69.29202835741853	-9.155844791930576
67.66591481584692	-10.781958333502189
71.51158116507577	-6.936291984273339
92.3762078876407	13.928334738291596
86.37489453330636	7.927021383957253
73.76349050692988	-4.684382642419223
98.39577533560805	19.947902186258943
66.14942468497429	-12.298448464374815
82.66727064848965	4.219397499140541
95.98030404284509	17.532430893495984
73.54424368554828	-4.903629463800826
68.40752855680512	-10.040344592543988
58.486191428863094	-19.961681720486013
62.78823318369541	-15.659639965653696
80.25410582964105	1.8062326802919415
70.89852039580728	-7.549352753541825
57.59682167330902	-20.851051476040084
54.57000299190986	-23.877870157439247
70.02548706556627	-8.42238608378284
96.00921404601286	17.56134089666375
63.14382556367855	-15.30404758567056
68.72004259379173	-9.727830555557375
79.3129985689884	0.8651254196392983
57.08122590219136	-21.366647247157744
107.34094020931661	28.893067059967507
85.63787726537339	7.190004116024284
77.70288207157137	-0.7449910777777404
72.03132858926256	-6.41654456008655
63.07397235337885	-15.373900795970258
57.014733553895894	-21.433139595453213
94.47865771916258	16.030784569813477
86.91512542291821	8.467252273569102
74.67362511774081	-3.7742480316082947
97.58145824158055	19.133585092231442
92.27261425877964	13.824741109430533
74.845490374777	-3.6023827745721064
58.3256015343577	-20.122271614991405
83.40988935308997	4.962016203740859
91.06133982240135	12.613466673052244
61.543659853770805	-16.9042132955783
76.65870837609873	-1.789164773250377
75.57536416345283	-2.8725089858962747
74.5289762530083	-3.9188968963408115
46.79303421158693	-31.65483893776218
70.53759017616972	-7.910282973179392
61.347411872380235	-17.100461276968872
106.69868607009266	28.250812920743556
93.45959163983935	15.011718490490239
52.947761031573464	-25.500112117775643
86.62241213507514	8.17453898572603
76.09045910023997	-2.3574140491091384
69.78231881461397	-8.665554334735134
59.220447517996945	-19.227425631352162
92.61799225423601	14.170119104886908
75.18691441493138	-3.260958734417727
52.978206487379566	-25.46966666196954
100.11763060980866	21.66975746045955
88.597788433186	10.14991528383689
89.52922827311704	11.081355123767935
71.89544432544426	-6.552428823904847
99.4585326209999	21.010659471650797
72.97534859698044	-5.472524552368668
78.9144398747485	0.4665667253993888
45.18845325159782	-33.259419897751286
63.26214108610657	-15.18573206324254
58.11531701165222	-20.332556137696884
87.16212703353813	8.71425388418902
78.69262298242393	0.24474983307482034
56.551461791248585	-21.896411358100522
57.56584902346003	-20.882024125889075
77.26392713402083	-1.1839460153282744
70.41890561791479	-8.028967531434319
63.14995419439515	-15.297918954953957
78.78811100291568	0.34023785356657754
80.80779137015634	2.3599182208072307
78.66283651915728	0.21496336980817432
57.806974397503836	-20.64089875184527
54.867735825995624	-23.580137323353483
64.47373842883098	-13.974134720518123
62.18024665707344	-16.267626492275667
70.85924443982367	-7.588628709525437
80.11110444629594	1.663231296946833
73.81257227205424	-4.635300877294867
62.798645265986124	-15.649227883362983
61.98076961218612	-16.467103537162984
64.41581298368965	-14.032060165659459
52.80989979011247	-25.63797335923664
76.0111822964709	-2.4366908528782005
58.98920703220574	-19.458666117143366
108.71981622093881	30.271943071589703
108.6009339649172	30.153060815568097
98.13772044296002	19.68984729361091
70.81489424121082	-7.632978908138284
65.57348496605118	-12.874388183297924
89.32645626549493	10.878583116145819
41.97309680163016	-36.474776347718944
50.68260593945297	-27.765267209896138
66.0978914675652	-12.349981681783902
103.80070043219894	25.35282728284983
83.86241953716944	5.414546387820337
98.88490596592783	20.43703281657872
126.04407136788359	47.59619821853448
78.04272452960868	-0.40514861974043015
86.33861699342197	7.890743844072858
58.823668103645105	-19.624205045704002
92.27538202748838	13.82750887813927
60.94555821539143	-17.502314933957678
45.513995571293094	-32.93387757805601
76.97298192319431	-1.4748912261547957
70.66833429808935	-7.779538851259758
71.66789419792622	-6.7799789514228905
80.94901347362611	2.501140324277003
87.09111201936321	8.643238870014102
67.37459727423266	-11.073275875116451
34.832648925359535	-43.61522422398957
55.98749596695285	-22.460377182396257
65.51613284442465	-12.93174030492446
91.00575380080772	12.557880651458618
93.0978706291462	14.649997479797094
84.9496254461701	6.501752296820996
97.79444463373511	19.346571484386004
82.24920577476951	3.8013326254204003
69.07614239803479	-9.371730751314317
64.90280847813847	-13.545064671210639
96.2228792005044	17.775006051155287
61.415551702051744	-17.032321447297363
71.32755749548141	-7.120315653867692
98.06370898966998	19.61583584032087
65.92266534852024	-12.525207800828866
110.67933056835318	32.23145741900407
107.04050550577085	28.592632356421745
64.35063862049492	-14.097234528854187
75.15106522021597	-3.296807929133138
34.63396267154167	-43.81391047780744
61.26101135914905	-17.186861790200055
88.50640593627759	10.058532786928481
65.95533160922423	-12.492541540124876
60.998483225064774	-17.449389924284333
120.83051770781094	42.382644558461834
77.79883138685454	-0.6490417624945621
93.38782735113637	14.939954201787259
73.4166627278646	-5.031210421484502
109.25346838793484	30.805595238585738
74.29753806945155	-4.150335079897559
69.2310056472852	-9.216867502063906
78.45762623908377	0.009753089734658715
92.01264169780188	13.564768548452776
71.29918786620328	-7.148685283145824
103.68046065153067	25.23258750218156
64.8873880524734	-13.56048509687571
55.248172225110466	-23.19970092423864
85.83485013857444	7.386976989225332
96.7809140918398	18.333040942490697
91.74348937060768	13.29561622125857
82.66786374178082	4.219990592431714
75.47345096559548	-2.9744221837536315
53.1304996656836	-25.317373483665506
63.7880632704846	-14.659809878864507
76.2550754392214	-2.1927977101277065
88.58186058325373	10.133987433904622
85.35028632663307	6.902413177283961
35.716687431184255	-42.73118571816485
72.13485631885942	-6.313016830489687
59.16753041623815	-19.280342733110956
69.92222293297527	-8.525650216373833
61.77720681349092	-16.670666335858186
117.51683956939087	39.06896642004176
78.14420938230887	-0.30366376704023423
79.81758916452964	1.3697160151805292
91.65283176550292	13.204958616153817
77.00125270358876	-1.4466204457603453
85.21856030581694	6.7706871564678295
45.95020250991547	-32.497670639433636
45.62118070955148	-32.826692439797625
84.036393570379	5.588520421029898
66.6671292322552	-11.7807439170939
72.51259084852063	-5.935282300828476
47.34704924837388	-31.10082390097523
76.4708296000972	-1.9770435492519027
85.0486061271713	6.60073297782219
96.24363746582821	17.795764316479108
78.1662856327348	-0.2815875166143087
79.20518738780811	0.7573142384590028
80.90670615190902	2.4588330025599134
75.97354064201318	-2.47433250733593
73.98122164544839	-4.466651503900721
58.841658600264054	-19.606214549085053
87.22971989938378	8.781846750034674
66.84848398201348	-11.59938916733563
70.07649308893451	-8.371380060414594
66.3862929671468	-12.061580182202306
106.79213121367502	28.344258064325913
90.01141312196341	11.563539972614308
84.93903741285976	6.491164263510655
66.13335844660469	-12.314514702744418
86.26616076254504	7.818287613195935
74.67336152071584	-3.774511628633263
84.00627761083433	5.558404461485225
81.08292075977943	2.6350476104303198
73.98567643508795	-4.462196714261154
76.08248529038156	-2.3653878589675514
69.35994412961827	-9.087929019730836
68.99422962407152	-9.453643525277585
86.6600406096768	8.212167460327692
90.19764441659936	11.749771267250253
91.20181726428405	12.753944114934939
92.36171005153847	13.91383690218936
83.33962097747826	4.891747828129155
61.93292675305565	-16.514946396293453
97.32912999418477	18.88125684483566
97.30904390126125	18.86117075191214
96.8633540598421	18.415480910492988
72.75542960319581	-5.692443546153299
72.02375017492886	-6.424122974420243
75.97435120285127	-2.47352194649784
95.51334192192007	17.065468772570966
98.3136648638856	19.8657917145365
74.30175562177101	-4.146117527578099
76.91169561604329	-1.5361775333058176
89.01969523348089	10.571822084131782
99.61702032927133	21.16914717992222
84.31974059709228	5.8718674477431705
98.5380847767874	20.090211627438293
85.98347931830176	7.535606168952654
87.50987740216442	9.062004252815314
82.14034020550935	3.6924670561602397
94.88281785006984	16.434944700720735
82.91406335847205	4.466190209122942
63.46126227500645	-14.98661087434266
88.37533231807902	9.92745916872991
75.02691102379322	-3.4209621255558886
68.930122828805	-9.51775032054411
97.57183695034837	19.123963800999263
47.72043442721042	-30.727438722138686
103.93111835281161	25.483245203462502
87.26479807282158	8.81692492347247
49.06998527032556	-29.377887879023547
72.54633126708359	-5.901541882265519
50.79186690424831	-27.656006245100798
78.25564502251291	-0.1922281268361985
78.50680026317241	0.058927113823301625
132.70207079828833	54.254197648939225
63.16628231640425	-15.281590832944858
76.79024328907917	-1.6576298602699353
74.24092401948019	-4.206949129868917
62.28569864492056	-16.16217450442855
60.454213370110665	-17.993659779238442
52.476713156833284	-25.971159992515823
79.45527506052167	1.0074019111725647
92.3333799618149	13.885506812465792
76.43175134187913	-2.016121807469972
66.1330816697373	-12.314791479611813
79.97581327577791	1.5279401264288026
111.83006335916798	33.38219020981887
88.1530541309694	9.705180981620288
54.00893673484097	-24.438936414508134
63.7303289331785	-14.717544216170609
77.47684762692552	-0.971025522423588
71.19645092766132	-7.25142222168779
56.924319776035645	-21.52355337331346
74.09075938711067	-4.357113762238441
61.55341294351092	-16.894460205838186
59.907974445417494	-18.539898703931613
97.83088692175079	19.383013772401682
89.78630126689677	11.338428117547664
67.58609434322919	-10.861778806119915
78.15442376683484	-0.2934493825142681
92.25969800480016	13.81182485545105
103.45644272407662	25.008569574727517
80.1747631266262	1.7268899772770965
88.83066981042793	10.382796661078828
81.51518033302818	3.067307183679077
67.389747512957	-11.058125636392106
54.97890786917924	-23.46896528016987
104.05441256395352	25.606539414604413
59.05662197007132	-19.391251179277788
118.58638447804333	40.13851132869422
85.9691528202651	7.5212796709159875
74.14260892094171	-4.305264228407395
82.52716883235917	4.079295683010059
50.187834332908096	-28.26003881644101
84.12469857207088	5.676825422721777
54.45336131055956	-23.99451183878955
68.19994590355236	-10.247927245796745
94.71480110952689	16.26692796017778
73.07899494524548	-5.368878204103623
71.91903625873601	-6.528836890613093
78.82798005218865	0.3801069028395432
67.95551897683436	-10.492354172514752
83.08467652966283	4.636803380313722
91.80795861176739	13.360085462418283
90.52424112437802	12.076367975028916
51.99110154673235	-26.456771602616755
86.64345376720121	8.195580617852102
94.18282937353979	15.734956224190682
89.48533936929744	11.037466219948328
77.803912219415	-0.64396092993411
79.78641881690419	1.3385456675550813
85.78087864872577	7.333005499376668
93.5047326295171	15.056859480167986
66.88778629769513	-11.560086851653978
101.74945432182722	23.30158117247811
81.745405970295	3.2975328209458894
70.47795135039632	-7.969921798952782
81.42430526038152	2.976432111032409
106.84725594048359	28.399382791134485
95.0910594958732	16.64318634652409
74.23809694143893	-4.209776207910181
61.204344589775474	-17.243528559573633
93.75257972756663	15.30470657821752
63.47905507386895	-14.968818075480158
70.14318313499462	-8.304690014354492
90.76635498723044	12.318481837881336
94.39478773732117	15.94691458797206
56.094911752603366	-22.35296139674574
102.75885891136386	24.310985762014752
75.21755756850462	-3.23031558084449
88.57533655700536	10.12746340765625
79.4361642765798	0.9882911272306956
88.48182551416085	10.03395236481174
92.94866483093756	14.500791681588453
81.31956498448471	2.871691835135607
70.12275436594427	-8.325118783404832
66.19318179029688	-12.25469135905223
59.452149298573204	-18.995723850775903
95.86886181271439	17.42098866336528
88.00300152732962	9.555128377980509
69.8465046889869	-8.60136846036221
93.31467917809277	14.866806028743667
82.64802806602893	4.200154916679821
84.58230299879506	6.134429849445951
103.50296759811681	25.055094448767704
80.98044741826016	2.5325742689110484
90.0431627240323	11.595289574683193
74.91593667836787	-3.531936470981236
81.79600341828336	3.3481302689342556
102.70637740367238	24.25850425432327
91.44162465322734	12.99375150387823
76.65528161483894	-1.7925915345101657
78.73651188624922	0.2886387369001113
75.52418680201663	-2.9236863473324775
102.10451950776041	23.656646358411308
99.04073134430291	20.592858194953806
63.941957800689124	-14.505915348659983
83.45628242860766	5.008409279258558
76.84652125284856	-1.601351896500546
90.32502767651022	11.87715452716111
70.09896473488334	-8.348908414465768
75.03719130757963	-3.410681841769474
80.9832151869632	2.5353420376141003
76.2141783615707	-2.233694787778404
78.60049582393049	0.15262267458138012
46.156908703072986	-32.29096444627612
81.35106482837	2.9031916790208925
58.233540275121385	-20.214332874227722
82.86154165223707	4.413668502887958
82.61007009514651	4.162196945797405
97.14421668466093	18.696343535311826
88.54398169147498	10.096108542125876
65.10788695969859	-13.339986189650517
56.93861332444612	-21.509259824902983
90.1173791240044	11.669505974655294
75.0405521695684	-3.4073209797807067
76.15378828428948	-2.294084865059631
88.51200737295221	10.064134223603105
81.24163252552171	2.793759376172602
57.39391786716442	-21.05395528218469
73.92553677497472	-4.52233637437439
97.88307913171593	19.435205982366824
81.33155864889704	2.883685499547937
100.16161177260074	21.71373862325163
78.84801342571154	0.40014027636243554
64.79361341260301	-13.654259736746098
104.33072814016487	25.88285499081576
89.00111164355985	10.553238494210746
89.63005413327483	11.182180983925718
85.7468746331487	7.2990014837996
73.7040493789209	-4.743823770428207
96.46624514921496	18.01837199986585
66.78891105549701	-11.658962093852097
99.21239890357265	20.76452575422354
62.98876461666441	-15.459108532684695
77.74551888956194	-0.702354259787171
66.61645929508495	-11.831413854264156
58.738592165440195	-19.70928098390891
58.26543551454051	-20.182437634808593
34.394946073654864	-44.05292707569424
57.484858839065055	-20.963014310284052
85.06033619456139	6.61246304521228
120.9462961089248	42.49842295957569
78.369630963889	-0.07824218546011252
91.1619482150054	12.714075065656289
104.38654480915648	25.93867165980737
75.73499851876477	-2.712874630584338
49.65345727411841	-28.794415875230698
82.29375367115426	3.8458805218051566
42.01065937698513	-36.437213772363975
50.36820059384627	-28.07967255550284
94.53823064567769	16.09035749632858
64.50998301908112	-13.937890130267988
49.488445539600434	-28.959427609748673
44.655394177898415	-33.79247897145069
73.01316158949885	-5.434711559850257
95.62345957701473	17.17558642766562
101.52493556003901	23.077062410689905
83.88359955772603	5.435726408376922
67.9750976454934	-10.4727755038557
69.84979965172897	-8.598073497620135
117.67249360970163	39.224620460352526
75.96241684776942	-2.4854563015796884
82.8321571744259	4.384284025076795
74.28613749833494	-4.161735651014169
86.98900969064198	8.541136541292872
48.79254940679857	-29.655323742550536
93.25609474039811	14.808221591049005
57.86476804414997	-20.583105105199138
43.151507279540965	-35.29636586980814
70.34147399329231	-8.106399156056796
81.28652309802783	2.8386499486787216
84.40079668074213	5.952923531393026
73.95888179800454	-4.488991351344566
63.38350115411595	-15.06437199523316
83.82320948044799	5.375336331098879
79.06462427689621	0.6167511275471043
95.62685338864867	17.178980239299563
69.13116827596241	-9.316704873386698
84.29148958647329	5.843616437124183
73.27313415048411	-5.174738998864996
81.45768982296431	3.009816673615205
86.98878563317885	8.540912483829743
82.96510233146273	4.517229182113624
86.52059778610419	8.072724636755083
53.63113630591916	-24.816736843429943
76.26996867085836	-2.1779044784907455
65.88404838508723	-12.56382476426188
92.6098866458633	14.162013496514192
91.00088384586343	12.55301069651432
78.39998416074195	-0.047888988607155625
64.50938992579177	-13.938483223557341
50.366091817690176	-28.08178133165893
78.949406019452	0.501532870102892
65.25866445514112	-13.189208694207991
55.949076701286685	-22.49879644806242
70.70543557865312	-7.742437570695984
87.75884478755324	9.310971638204137
63.705405834938574	-14.742467314410533
67.46114935575315	-10.986723793595957
78.8847193107431	0.43684616139398713
74.3008462120506	-4.147026937298506
91.56195669285808	13.114083543508968
79.52308539393925	1.0752122445901477
79.09375174760589	0.6458785982567861
84.21649623428675	5.768623084937644
67.97511082534584	-10.47276232400327
83.30056907896324	4.8526959296141285
69.79284292563807	-8.655030223711037
82.61949368861679	4.171620539267678
55.716584129666444	-22.731289019682663
68.56494869714697	-9.882924452202133
69.38138774719118	-9.066485402157923
102.87494769796467	24.427074548615565
104.72335590146031	26.275482752111202
70.27168668225204	-8.176186467097068
76.01957127163041	-2.4283018777186953
83.62534037738078	5.177467228031674
101.78542213519904	23.337548985849935
75.8049703477227	-2.6429028016264056
69.42040010615483	-9.027473043194277
69.50784841753739	-8.940024731811718
67.32579228598479	-11.122080863364317
88.86707255888905	10.419199409539942
81.83147698725043	3.383603837901319
85.57612966344277	7.128256514093664
98.29429048291422	19.846417333565114
64.442568081221	-14.00530506812811
77.87942617572207	-0.568446973627033
50.05913308789604	-28.388740061453063
57.11931567157626	-21.328557477772847
35.96552301806514	-42.482350131283965
85.83977940284785	7.391906253498746
65.26894473892389	-13.178928410425215
79.29098821781372	0.8431150684646127
83.0799317832998	4.632058633950692
68.54143584296253	-9.906437306386579
53.57881229744817	-24.86906085190094
90.11784041878127	11.669967269432163
96.14175721759239	17.69388406824328
68.82941558731363	-9.618457562035474
76.67083383901627	-1.7770393103328388
111.32615811588767	32.87828496653856
77.74907744932898	-0.6987957000201277
80.34003845816369	1.8921653088145831
83.4825762313485	5.034703081999396
75.17953369837414	-3.2683394509749633
85.13952732929283	6.6916541799437255
63.81382328926429	-14.634049860084815
81.63524218571183	3.1873690363627247
86.91477747484896	8.466904325499854
58.23986660360242	-20.208006545746684
62.37992139972266	-16.067951749626445
97.85836691108125	19.41049376173214
79.90932092748699	1.461447778137881
85.61711900005503	7.16924585070592
61.931740566462395	-16.516132582886712
55.88304564778082	-22.56482750156829
75.33577424205032	-3.112098907298787
90.39626477117054	11.948391621821429
81.77828969853908	3.3304165491899766
77.43216793203828	-1.015705217310824
59.258339589622665	-19.189533559726442
77.56046653260091	-0.8874066167481942
66.79975148294125	-11.64812166640786
72.16998062177481	-6.277892527574295
78.19602596651566	-0.2518471828334441
103.80102992848697	25.353156779137862
68.558899145537	-9.888974003812109
105.4458753332874	26.998002183938297
75.8436004910036	-2.604272658345508
68.19269698550852	-10.255176163840588
80.43374719877556	1.9858740494264566
102.509734026753	24.061860877403888
93.03256446743808	14.584691318088971
83.92752800111339	5.4796548517642805
97.39100939463242	18.943136245283313
92.97582520888318	14.527952059534073
133.18339895681856	54.73552580746946
71.66901448526369	-6.778858664085419
95.0545447186787	16.606671569329592
77.50050545946897	-0.9473676898801386
86.08454241576692	7.636669266417812
97.00820062233106	18.560327472981953
87.85373971475929	9.405866565410179
57.543904571545795	-20.90396857780331
49.044811754938564	-29.403061394410543
92.78636485076277	14.338491701413659
80.89741435695396	2.4495412076048524
67.1911601080144	-11.256713041334706
76.9621942151507	-1.485678934198404
68.97755711255468	-9.47031603679443
84.29201678051322	5.8441436311641155
80.89497608451984	2.447102935170733
95.93351557179267	17.48564242244356
62.44865432268489	-15.999218826664219
57.80394303177309	-20.64393011757602
77.94446874040295	-0.5034044089461531
90.6222333165606	12.17436016721149
92.02503075774473	13.577157608395623
60.28663156464495	-18.161241584704158
78.26528608352055	-0.18258706582855666
70.66662091745457	-7.781252231894541
80.3248157302587	1.8769425809095992
74.66439922203608	-3.7834739273130253
80.38423049856738	1.9363573492182695
93.59073115729188	15.142858007942777
67.44665151965091	-11.001221629698193
75.1245078204447	-3.3233653289044014
60.75082591686298	-17.697047232486128
94.68004584243317	16.232172693084067
125.61750549027056	47.16963234092145
29.993864328476775	-48.45400882087233
78.16477653979382	-0.2830966095552867
76.61284249462051	-1.8350306547285982
92.4162746346774	13.968401485328286
95.2254742062978	16.777601056948697
95.96494951642671	17.517076367077607
76.95624351242441	-1.4916296369246993
108.9638411621927	30.515968012843587
53.1318176507848	-25.31605549856431
86.35248878659331	7.904615637244206
67.0331995937886	-11.414673555560512
53.518843975405616	-24.92902917394349
63.31674520879915	-15.131127940549959
75.8683779518924	-2.5794951974567084
120.91915220578812	42.471279056439016
68.81366566536235	-9.634207483986756
86.20401776508334	7.756144615734229
52.463006111800496	-25.98486703754861
102.5566542962988	24.108781146949696
50.9050159250819	-27.54285722426721
92.41751815362113	13.969645004272024
90.5377043421704	12.089831192821293
115.17550493848103	36.72763178913192
62.953113119710906	-15.4947600296382
64.47953756326751	-13.968335586081594
92.53752926387824	14.089656114529134
22.664812784380047	-55.78306036496906
77.33060400022805	-1.1172691491210571
69.28306605873149	-9.164807090617614
68.8188717065151	-9.62900144283401
90.00607528230921	11.558202132960105
69.1071150478856	-9.340758101463507
78.69196398986969	0.2440908405205846
72.72274357271635	-5.725129576632753
66.02325397135155	-12.424619177997556
63.45407925622567	-14.993793893123438
69.88548409831674	-8.562389051032369
74.5507230071562	-3.8971501421929133
74.26847649800038	-4.179396651348725
30.976685817535326	-47.47118733181378
76.21881107919944	-2.2290620701496664
69.49552525685431	-8.9523478924948
70.20438443210696	-8.243488717242144
66.51173878896475	-11.936134360384358
67.66662323284254	-10.781249916506567
56.59956824739493	-21.84830490195418
71.99007565562715	-6.457797493721955
69.4495275768677	-8.998345572481412
108.29397523513035	29.84610208578124
79.63628713417165	1.188413984822546
75.65671020382433	-2.791162945524775
115.17688882285483	36.72901567350573
75.83958063644786	-2.6082925129012438
80.33970896189203	1.8918358125429222
68.73827691764745	-9.709596231701653
79.70859179675381	1.2607186474047012
95.99710835287124	17.54923520352213
75.72537722753441	-2.722495921814698
74.19961177651567	-4.24826137283344
86.50807692765375	8.06020377830464
77.12632948957776	-1.3215436597713506
51.83373412580113	-26.614139023547978
68.00257763483387	-10.445295514515237
77.16198098652967	-1.2858921628194366
70.22662477167432	-8.221248377674783
102.8402846898316	24.3924115404825
56.903297913697315	-21.54457523565179
107.2460189224148	28.7981457730657
70.09319855007743	-8.354674599271675
55.146555573899604	-23.301317575449502
61.35578107776746	-17.092092071581646
83.86439651482215	5.41652336547304
64.74919072480952	-13.698682424539584
108.46696077950037	30.01908763015126
81.18835956777912	2.7404864184300095
95.45304410358585	17.005170954236746
103.92821549063228	25.480342341283176
89.80554384934658	11.35767069999747
66.98581802943545	-11.462055119913657
81.3801263998298	2.9322532504806986
68.1591542647102	-10.28871888463891
80.88423450595474	2.43636135660563
64.20618745353568	-14.24168569581343
72.76261262199478	-5.68526052735433
72.50105847889608	-5.946814670453023
97.67636634863084	19.22849319928173
84.10249052313884	5.654617373789733
81.8999067736404	3.452033624291289
97.62719232455129	19.17931917520218
43.746643451453565	-34.70122969789554
61.975036376999924	-16.472836772349183
86.29911039004946	7.851237240700357
69.54376351151222	-8.904109637836882
77.90387479932906	-0.5439983500200469
70.96165188209483	-7.48622126725428
81.26144184157238	2.8135686922232708
83.51658024692733	5.068707097578226
81.9883106242196	3.5404374748704868
97.59476989108225	19.146896741733144
88.1780299486054	9.730156799256292
69.73256487709295	-8.715308272256152
77.39631873731196	-1.0515544120371487
73.99668161067348	-4.45119153867563
72.86679934414497	-5.5810738052041415
64.51973610882305	-13.928137040526053
59.64444332466951	-18.803429824679597
94.8355878540151	16.387714704665996
81.59476027336495	3.146887124015848
89.7682448710184	11.32037172166929
68.90664951417784	-9.541223635171264
54.78450506693025	-23.663368082418856
70.51637061606016	-7.931502533288949
75.90240239624109	-2.5454707531080203
57.00728693807923	-21.440586211269874
70.28223056304705	-8.165642586302056
84.35798193476876	5.910108785419652
61.72929805510512	-16.718575094243988
67.48721910102722	-10.960654048321885
80.83652344533766	2.3886502959885547
70.94675206053944	-7.501121088809668
85.77362973068148	7.325756581332371
70.05764590200442	-8.390227247344683
76.11517593380813	-2.332697215540975
62.551325361971976	-15.89654778737713
108.23710417806433	29.78923102871522
63.11034874214056	-15.337524407208548
31.17042962722917	-47.27744352211994
75.28688358476211	-3.1609895645869983
98.63031078415952	20.182437634810412
67.17541018606971	-11.272462963279395
69.47114253250419	-8.976730616844918
60.73560318896125	-17.712269960387857
82.93330594092566	4.485432791576557
33.577663513147854	-44.87020963620125
77.11619418416103	-1.3316789651880754
61.78254465313876	-16.66532849621035
50.58270266886939	-27.86517048047972
88.11885241762138	9.670979268272276
92.66774619175703	14.219873042407926
69.23024121592607	-9.217631933423036
74.63647770769239	-3.811395441656714
97.44003844034887	18.992165290999765
59.508822657880955	-18.93905049146815
75.93665023906942	-2.5112229102796846
70.31108784681055	-8.136785302538556
80.71764118931424	2.269768039965129
73.43821178424912	-5.009661365099987
105.96489786565871	27.517024716309606
89.26646817366782	10.81859502431871
69.51428677475087	-8.933586374598235
63.33329910165412	-15.114574047694987
69.21868248659939	-9.229190662749716
98.51406449834121	20.066191348992106
67.1407471779421	-11.307125971407004
125.03798744179949	46.59011429245038
61.82841053462835	-16.61946261472076
74.10603483442173	-4.341838314927372
56.24769258539891	-22.200180563950198
44.31067517500196	-34.137197974347146
79.41092486192065	0.9630517125715414
111.64613853846822	33.198265389119115
71.81143595517096	-6.636437194178143
67.52047186510026	-10.927401284248845
84.847547500166	6.399674350816895
88.37842958306464	9.930556433715537
89.44165475316186	10.99378160381275
93.41912949727339	14.971256347924282
66.18711905883356	-12.260754090515547
90.98533821161254	12.537465062263436
92.06656046824492	13.618687318895809
92.97643148203042	14.528558332681314
95.87572192516018	17.42784877581107
90.54723996436951	12.099366815020403
72.88065795747116	-5.567215191877949
93.29851870379025	14.850645554441144
106.04107740443578	27.593204255086675
75.41182857223976	-3.036044577109351
75.038904688201	-3.408968461148106
58.138691477397515	-20.309181671951592
89.42458025618544	10.97670710683633
59.30466676590004	-19.14320638344907
96.2833747165896	17.8355015672405
52.13759559060418	-26.31027755874493
60.98447831539261	-17.4633948339565
85.46910927332522	7.021236123976109
89.93853513585964	11.490661986510531
80.42177330414142	1.973900154792318
65.09576149677832	-13.352111652570784
89.62568501267288	11.177811863323768
72.33486055778849	-6.113012591560619
67.32131113664218	-11.126562012706927
102.47045807077302	24.022584921423913
95.90056594429188	17.452692794942777
65.67350026536224	-12.77437288398687
74.38821544433085	-4.059657705018253
68.79099632165162	-9.656876827697488
72.62264260437223	-5.8252305449768755
98.58866245499667	20.14078930564756
83.79612488664134	5.34825173729223
94.10869930159242	15.660826152243317
66.4562516162564	-11.991621533092712
65.50894982563477	-12.938923323714334
72.37828816683214	-6.069584982516972
72.65598762739864	-5.791885521950462
89.17771703401013	10.729843884661022
79.66147382942836	1.213600680079253
68.87488607326304	-9.572987076086065
65.62835268576418	-12.819520463584922
87.69083675639558	9.242963607046477
81.85471306456202	3.406839915212913
77.59078743882128	-0.8570857105278264
76.61673055066785	-1.8311425986812537
90.85021178923216	12.402338639883055
85.80437173313658	7.35649858378747
94.76149732161502	16.313624172265918
94.47641714448946	16.028543995140353
79.39662472358577	0.9487515742366668
101.6768992420657	23.229026092716595
80.46478574788489	2.0169125985357823
88.5112165818864	10.063343432537295
85.1251151622273	6.677242012878196
91.59886027566245	13.150987126313339
67.75697111144655	-10.69090203790256
68.2900301851405	-10.157842964208612
127.34584525115497	48.89797210180586
89.76685439673474	11.318981247385636
75.20200534432661	-3.245867805022499
77.48258086211354	-0.9652922872355703
66.72406618857349	-11.723806960775619
65.84850891686801	-12.599364232481093
80.90861723030685	2.4607440809577383
63.88842124592702	-14.559451903422087
84.80701945833925	6.359146308990148
68.99376832928465	-9.454104820064458
77.42814807748073	-1.019725071868379
92.90803464526562	14.460161495916509
87.92748098109587	9.479607831746762
94.47268724665446	16.024814097305352
54.31556596835253	-24.132307180996577
81.17326863838389	2.7253954890347813
83.39170115870365	4.943828009354547
93.16139751096671	14.713524361617601
90.08818575404075	11.640312604691644
84.87674087013147	6.428867720782364
91.0453724329127	12.597499283563593
87.20496154927969	8.75708839993058
53.577230715338374	-24.870642434010733
101.30786341406838	22.859990264719272
100.96377704400766	22.51590389465855
90.01470808472368	11.566834935374573
79.89442769585457	1.4465545465054674
77.76505801866688	-0.6828151306822292
64.42767484959029	-14.020198299758817
104.1028485163697	25.654975367020597
86.6989211701366	8.251048020787493
60.45974890752768	-17.988124241821424
92.01909982479992	13.571226675450816
98.09534063206956	19.647467482720458
88.38099965401489	9.933126504665779
84.80510837995826	6.357235230609149
88.91353153367527	10.465658384326161
75.62111801619949	-2.826755133149618
74.95290616042348	-3.4949669889256256
58.3201977954468	-20.127675353902305
81.89677655902778	3.448903409678678
69.02579536721532	-9.422077782133783
74.1236694750578	-4.3242036742913115
74.69787604357407	-3.749997105775037
57.25882439441557	-21.189048754933538
62.30453265200049	-16.143340497348618
88.21737180384662	9.76949865449751
78.38072180850577	-0.0671513408433384
71.36218755398659	-7.08568559536252
112.16786294029589	33.719989790946784
80.9530926375046	2.5052194881554897
96.14933563191971	17.701462482570605
91.8631492378363	13.41527608848719
84.58368688315022	6.135813733801115
63.66522046924001	-14.782652680109095
80.688909114142	2.2410359647929
80.73978333899868	2.2919101896495704
85.36986499529485	6.92199184594574
66.55494234054277	-11.89293080880634
39.0426228310389	-39.40525031831021
99.70921338702465	21.26134023767554
84.18977408638148	5.741900937032369
72.56234478604893	-5.885528363300182
81.44292838984427	2.9950552404951623
66.45987607527786	-11.987997074071245
72.88795300499623	-5.559920144352873
94.44636708420148	15.998493934852377
72.4646820901371	-5.983191059212004
87.9025710627102	9.454697913361088
65.76931778213111	-12.678555367217996
79.44539017228499	0.997517022935881
89.66023599206528	11.212362842716175
75.18401484770948	-3.2638583016396296
75.91937145440352	-2.5285016949455894
81.55314687081045	3.1052737214613444
88.98028747897479	10.53241432962568
71.76298682289053	-6.684886326458582
82.51728394410748	4.069410794758369
54.02929960463007	-24.418573544719038
64.65983792495535	-13.788035224393752
90.00930434580368	11.561431196454578
67.97747001867174	-10.470403130677369
91.2575812138657	12.809708064516599
78.08832681406875	-0.3595463352803563
93.22129993376075	14.77342678441164
83.22813920779436	4.78026605844525
69.34039841058484	-9.107474738764267
84.53057208361497	6.0826989342658635
92.21093255609958	13.763059406750472
50.940469724278955	-27.50740342507015
59.60207010370141	-18.8458030456477
83.14365636289585	4.695783213546747
82.40373952774826	3.9558663783991506
68.16277872373416	-10.285094425614943
80.42605675571576	1.978183606366656
57.57079146758406	-20.87708168176505
106.8501884573343	28.40231530798519
78.84030321287355	0.39243006352444354
73.9132926933953	-4.534580455953801
87.24620789298388	8.798334743634769
105.7154691854812	27.26759603613209
64.51861054955043	-13.929262599798676
110.07015785514159	31.62228470579248
92.8881133004761	14.440240151127
106.76465122435184	28.31677807500273
101.3870743185762	22.93920116922709
74.12811108485039	-4.319762064498718
53.08997162385276	-25.357901525496345
78.04503100353395	-0.402842145815157
90.64958150738676	12.20170835803765
91.261983284101	12.8141101347519
86.00599050381425	7.558117354465139
81.37024151158403	2.92236836223492
84.68602842616383	6.238155276814723
58.54577094531123	-19.902102204037874
78.35930455063499	-0.08856859871411871
93.82777077752598	15.379897628176877
49.56983111952286	-28.878042029826247
91.54409799475252	13.096224845403412
92.62300059761401	14.175127448264902
71.03308667451347	-7.414786474835637
78.12747097153806	-0.3204021778110473
74.62413477723021	-3.8237383721188962
110.11971409489342	31.671840945544318
85.72598456931519	7.278111419966081
82.84355115561266	4.395678006263552
75.6944045776836	-2.7534685716655076
46.31684619496082	-32.13102695438829
68.23164344520956	-10.21622970413955
102.39388313646486	23.946009987115758
70.73830612704751	-7.709567022301599
106.31258233503831	27.864709185689208
90.40180030858028	11.95392715923117
80.38214808210614	1.9342749327570345
98.26298833679175	19.815115187442643
84.12522576611082	5.677352616761709
87.3291816449564	8.8813084956073
90.93671774127051	12.488844591921406
72.75230861447562	-5.695564534873483
78.66371297925116	0.21583982990205186
52.627820148540195	-25.82005300080891
93.51125665575819	15.063383506409082
110.41184549230093	31.96397234295182
84.21674006152807	5.768866912178964
42.90385787925334	-35.54401527009577
65.90308008993452	-12.544793059414587
74.04488032578092	-4.402992823568184
108.06813848824095	29.62026533889184
61.58530818293002	-16.862564966419086
85.5473316890093	7.099458539660191
74.50558201748208	-3.942291131867023
67.5358791109195	-10.911994038429611
95.31169020161178	16.863817052262675
70.24634841869738	-8.201524730651727
105.88693904699176	27.43906589764265
73.40236258952791	-5.045510559821196
75.20055556071384	-3.247317588635269
68.40996682923833	-10.037906320110778
89.19208768455064	10.744214535201536
53.571036185359844	-24.876836963989263
70.81005723589215	-7.637815913456961
96.20824956589058	17.760376416541476
63.766375825664	-14.681497323685107
63.15028369067295	-15.297589458676157
88.6896058651746	10.241732715825492
80.5963865601152	2.1485134107660997
81.32925217497177	2.881379025622664
74.45563038219552	-3.9922427671535843
85.57323009622996	7.125356946880856
114.48567153715703	36.037798387807925
79.9164841765014	1.468611027152292
69.7315763882616	-8.716296761087506
81.39067028062891	2.9427971312798036
95.6496215812549	17.2017484319058
97.05090333957196	18.603030190222853
98.92633023762755	20.478457088278446
86.92943676412324	8.481563614774132
69.35556182915934	-9.092311320189765
73.77706575346383	-4.6708073958852765
70.1130012762078	-8.33487187314131
58.96713078178436	-19.480742367564744
62.40383623935941	-16.0440369099897
90.6418053952948	12.193932245945689
76.6400193473819	-1.8078538019672123
83.3382568629022	4.890383713553092
65.99185956626752	-12.456013583081585
65.49095932901764	-12.956913820331465
78.34045736369899	-0.10741578565011878
56.478709013727894	-21.969164135621213
102.58762694616598	24.139753796816876
82.84202229289804	4.39414914354893
103.609263096434	25.1613899470849
86.1508963756296	7.703023226280493
89.39907724450677	10.951204095157664
77.22768254376979	-1.2201906055793188
98.308986016782	19.861112867432894
63.45572673759489	-14.99214641175422
86.71754561758462	8.269672468235512
70.40243080416258	-8.04544234518653
71.59838366375607	-6.84948948559304
97.36807645388762	18.920203304538518
87.54269523115363	9.094822081804523
90.55593866602794	12.108065516678835
92.31057222966058	13.862699080311472
78.76597544316064	0.31810229381153476
80.93431793975515	2.48644479040604
91.71607528052846	13.26820213117935
95.43848036821873	16.990607218869627
57.27772430074765	-21.170148848601457
66.33110893101139	-12.116764218337721
58.718163396384625	-19.72970975296448
69.38362832186976	-9.064244827479342
66.50429217315286	-11.943580976196245
57.947142112891015	-20.50073103645809
62.755019959175115	-15.692853190173992
64.9069601312076	-13.54091301814151
55.352293048006686	-23.09558010134242
62.23692001636846	-16.21095313298065
78.23791812291893	-0.20995502643017971
91.332759083969	12.884885934619888
75.85262868893824	-2.5952444604108678
68.01312151563616	-10.43475163371295
91.9805487606136	13.532675611264494
58.80139415545182	-19.64647899389729
56.11613131271588	-22.331741836633228
86.89984799862577	8.451974849276667
75.4965750141746	-2.951298135174511
83.19545317731536	4.747580027966251
87.09082403962384	8.642950890274733
73.88017897675127	-4.5676941725978395
78.09036969097724	-0.35750345837186615
64.58560043721991	-13.862272712129197
61.99595280053654	-16.451920348812564
63.604988550169764	-14.842884599179342
42.67887782269099	-35.768995326658114
72.75848073869929	-5.689392410649816
42.83855171754112	-35.609321431807984
88.04873561030399	9.600862460954886
66.34554086785465	-12.102332281494455
107.29540382410937	28.847530674760264
91.08629587027076	12.638422720921653
90.59734975787433	12.14947660852522
83.89148110862516	5.443607959276051
71.59415293157872	-6.8537202177703875
90.10294718716614	11.65507403781703
104.22153307463668	25.773659925287575
105.16059745837993	26.71272430903082
76.0955333428683	-2.3523398064808134
91.42855024103847	12.980677091689358
84.0016646629847	5.553791513635588
82.16167838427828	3.7138052349291684
86.3549270590338	7.9070539096846915
48.57181326225191	-29.8760598870972
75.43060985991906	-3.0172632894300477
93.59454013422874	15.14666698487963
66.707591374824	-11.740281774525101
62.036059087129615	-16.41181406221949
86.30774319245393	7.85987004310482
52.150445945320826	-26.29742720402828
107.00516373531173	28.55729058596262
86.83303274398531	8.385159594636207
68.09289915373483	-10.354973995614273
96.10485363479529	17.656980485446184
68.01720726944018	-10.43066587990893
67.85858776266105	-10.589285386688061
86.59526164201816	8.147388492669052
81.15936389557947	2.7114907462303677
88.32719950222781	9.879326352878707
70.61803998667347	-7.829833162675641
82.25230303974968	3.80442989040057
78.66771306403098	0.21983991468187014
59.282985910991556	-19.16488723835755
87.24226052760787	8.794387378258762
60.60380467895902	-17.844068470390084
72.80228397349856	-5.645589175850546
92.12144136780626	13.673568218457149
105.4047541981563	26.95688104880719
100.5390168059821	22.091143656632994
61.83658204224355	-16.611291107105558
78.08035300421761	-0.36752014513149334
91.28724905846593	12.839375909116825
86.99329314222632	8.545419992877214
75.35482571667058	-3.0930474326785315
67.98023778739298	-10.467635361956127
80.35553137301486	1.9076582236657487
63.917944112174155	-14.529929037174952
87.7027645215494	9.25489137220029
107.718872436737	29.270999287387895
56.02835350505484	-22.41951964429427
50.93987663097869	-27.50799651837042
51.73014049693302	-26.71773265241609
75.5664282244743	-2.8814449248748133
97.81375311545708	19.36587996610797
96.42196084986062	17.974087700511518
66.28862368131286	-12.15924946803625
81.52543425710974	3.07756110776063
76.21955574078208	-2.2283174085670225
65.26340920149596	-13.184463947853146
94.6891399396336	16.2412667902845
58.592361718594475	-19.855511430754632
78.15554405417424	-0.29232909517486405
101.44420897266173	22.99633582331262
79.80512761540376	1.3572544660546555
95.80204655807029	17.35417340872118
84.76148307313997	6.313609923790864
93.99416639638366	15.546293247034555
62.14709933180484	-16.30077381754427
79.28373929977533	0.8358661504262273
65.78223403612355	-12.665639113225552
81.44582795706424	2.997954807715132
75.36583089225769	-3.082042257091416
117.76145760394866	39.31358445459955
60.30455616200743	-18.143316987341677
62.702649821232626	-15.74522332811648
77.49711823776124	-0.9507549115878646
58.656086298180526	-19.79178685116858
44.53196487328387	-33.91590827606524
74.64959824936159	-3.7982748999875184
98.2785405609684	19.830667411619288
55.64033869161358	-22.807534457735528
64.23086672453246	-14.217006424816645
72.42171577587214	-6.026157373476963
63.97896682229475	-14.468906327054356
93.7518284760622	15.303955326713094
87.57393147802213	9.126058328673025
72.96683441323603	-5.481038736113078
103.070734384557	24.622861235207893
59.50862496012087	-18.939248189228238
79.28202591913578	0.8341527697866695
76.64506723031309	-1.8028059190360182
62.14980120126711	-16.298071948081997
73.4569996618502	-4.990873487498902
84.84748160091112	6.399608451562017
69.20747961325105	-9.240393536098054
87.44891400136476	9.001040852015649
70.99676300515966	-7.4511101441894425
89.48883202981233	11.040958880463222
81.77024998942943	3.3223768400803237
61.76494955206181	-16.6829235972873
82.24024347609156	3.792370326742457
59.699337404097605	-18.748535745251502
63.22679272572714	-15.22108042362197
95.639604894488	17.191731745138895
81.0936623383459	2.645789188996787
88.91122505973931	10.463351910390202
69.51206596985867	-8.935807179490439
57.573289049349114	-20.874584099999993
88.71436421527778	10.266491065928676
118.8460275427351	40.398154393385994
99.36245150721152	20.91457835786241
78.59983683138046	0.1519636820313508
93.86184069235969	15.413967543010585
78.8721325530405	0.42425940369139425
61.85470433736964	-16.593168811979467
64.31788669076195	-14.129986458587155
112.28720649110619	33.83933334175708
99.78327096978865	21.33539782043954
84.68556713137514	6.23769398202603
78.66494529532065	0.21707214597154234
76.3198609968158	-2.1280121525333016
81.38263057151948	2.934757422170378
74.81607558331234	-3.6317975660367665
62.55356593664328	-15.894307212705826
54.25467505673009	-24.193198092619014
68.07402560710034	-10.373847542248768
70.63956927328218	-7.80830387606693
83.50597046687471	5.058097317525608
94.07166392028012	15.62379077093101
67.56184341739572	-10.886029731953386
63.685583339036384	-14.762289810312723
79.22700004120998	0.7791268918608694
87.47442360297555	9.026550453626442
64.7203334410442	-13.727539708304903
59.422362835313834	-19.025510314035273
67.83018518375138	-10.617687965597725
99.95376552232483	21.505892372975723
105.02734916477493	26.579476015425826
99.01634203002504	20.568468880675937
78.35488930054998	-0.09298384879912192
75.99279640432724	-2.45507674502187
78.32951808737016	-0.11835506197894574
97.882947333208	19.435074183858887
74.9958724746757	-3.4520006746733998
84.80688765982632	6.359014510477209
85.52125403581886	7.073380886469749
92.1249142585475	13.677041109198399
83.73892433330184	5.291051183952732
113.55576714983908	35.10789400048998
75.59443540784923	-2.8534377414998744
106.75265755992586	28.304784410576758
73.71030980814456	-4.737563341204549
64.88145711951802	-13.566416029831089
55.970098563635474	-22.477774585713632
70.79782633416653	-7.650046815182577
68.87844463303338	-9.569428516315725
69.5496944444676	-8.898178704881502
70.43676431601853	-8.011108833330582
38.87471152929356	-39.573161620055544
88.52110147013809	10.073228320788985
60.003923760694306	-18.4439493886548
78.28908889442664	-0.15878425492246606
47.86554458671344	-30.582328562635666
54.26857979953684	-24.17929334981227
80.68772292754511	2.239849778196003
100.68867401408534	22.24080086473623
104.58990991009341	26.142036760744304
103.85256314588742	25.40468999653831
66.63385010847759	-11.814023040871518
86.97457775380099	8.52670460445188
63.584823378139845	-14.863049771209262
96.79541192793113	18.34753877858202
92.84686036685162	14.398987217502508
71.8501056380046	-6.5977675113445
94.57651811283722	16.128644963488114
71.82918262454041	-6.618690524808699
75.81644999793934	-2.631423151409763
82.21968290853329	3.7718097591841797
60.37458730029175	-18.073285849057356
76.44624258805197	-2.0016305612971337
50.12403067422292	-28.323842475126185
70.93621476966655	-7.511658379682558
103.61521379915393	25.167340649804828
92.851802810972	14.403929661622897
74.62706070415061	-3.8208124451984986
87.17372530241119	8.725852153062078
64.86359842141246	-13.584274727936645
46.46742599263234	-31.980447156716764
93.09444386788527	14.646570718536168
92.239466933519	13.79159378416989
92.07452109824953	13.626647948900427
62.164430835873645	-16.28344231347546
112.91489689498121	34.467023745632105
82.44018181575984	3.992308666410736
101.71703188836545	23.269158739016348
50.71799383939651	-27.729879309952594
119.4722022637543	41.02432911440519
75.84364003055816	-2.604233118790944
81.13118537414084	2.6833122247917345
102.03597110270948	23.588097953360375
75.77532886282461	-2.6725442865244986
90.28469733244856	11.836824183099452
68.75624434952624	-9.691628799822865
62.877658472734765	-15.570214676614341
81.23422544926015	2.7863522999110444
79.67689425509889	1.22902110574978
36.97417701510858	-41.47369613424053
44.51028401838994	-33.93758913095917
59.61435372483538	-18.833519424513725
72.72381773057168	-5.724055418777425
58.61358127870517	-19.834291870643938
53.38701910569762	-25.06085404365149
91.16919713305833	12.721323983709226
95.77805922924381	17.330186079894702
62.7915281464484	-15.656345002900707
75.72643161561427	-2.7214415337348328
90.56762260394135	12.119749454592238
91.13488339098149	12.687010241632379
61.2575252885581	-17.190347860791007
73.26924609443086	-5.178627054918252
93.33227427917518	14.884401129826074
86.01233001214041	7.564456862791303
102.82947721199889	24.381604062649785
76.4507435071705	-1.9971296421786064
73.27049818027626	-5.177374969072844
78.44299660448087	-0.004876544868238852
67.14252645782835	-11.305346691520754
52.13594810922041	-26.3119250401287
66.843633796846	-11.6042393525031
103.85539681385126	25.40752366450215
90.71659445979367	12.268721310444562
91.58291265595471	13.135039506605608
93.18973419061513	14.74186104126602
80.13235036610695	1.6844772167578412
66.3637290622346	-12.08414408711451
101.01190985985886	22.564036710509754
70.24110942792686	-8.206763721422249
77.57342957505261	-0.8744435742964924
87.37537702271163	8.927503873362525
51.448355282553166	-26.99951786679594
101.68388456309549	23.236011413746382
99.55744740275622	21.109574253407118
100.3562781718665	21.9084050225174
62.271352377109	-16.17652077224011
71.44027817115966	-7.007594978189445
64.66405547727481	-13.783817672074292
89.1493783773858	10.701505228036694
82.98951800544182	4.5416448560927165
71.51784159429462	-6.930031555054484
81.82791183755398	3.380038688204877
41.92120772824728	-36.526665421101825
68.52397254038988	-9.92390060895923
33.950060203147586	-44.49781294620152
76.81158146784583	-1.6362916815032804
98.29382918812553	19.84595603877642
54.406045645460836	-24.04182750388827
78.68702154574476	0.2391483963956489
112.12970727166248	33.681834122313376
77.5404865374785	-0.9073866118706064
77.97741836790738	-0.47045478144173103
86.3725419298953	7.924668780546199
85.52004939744074	7.072176248091637
84.90990796516962	6.462034815820516
71.34011130355611	-7.107761845792993
84.96184316803647	6.51397001868736
92.19808220137202	13.75020905202291
68.1509827570917	-10.29689039225741
109.11323477327824	30.66536162392913
76.92882942235155	-1.5190437269975519
92.16273384099259	13.71486069164348
110.10132820275612	31.653455053407015
98.43828035509796	19.990407205748852
87.42888721777126	8.981014068422155
71.4991921051369	-6.948681044212208
74.89867107355894	-3.549202075790163
93.40832201944795	14.960448870098844
76.8428902038977	-1.604982945451411
82.61705541617994	4.1691822668308305
72.72135968835573	-5.726513460993374
97.12530359847005	18.677430449120948
106.7055395926036	28.257666443254493
76.10574772739346	-2.342125421955643
69.75108256774365	-8.696790581605455
70.0790631598793	-8.36880998946981
78.76001156058283	0.3121384112337182
96.48443334359445	18.03656019424534
81.01399013905029	2.566116989701186
57.73006996692061	-20.717803182428497
83.53505839803256	5.087185248683454
83.9368791053912	5.489005956042092
85.60578432818875	7.15791117883964
82.2773447566542	3.829471607305095
92.48184439340548	14.033971244056374
108.1583545683352	29.71048141898609
106.0811441514852	27.633271002136098
92.94050320820315	14.492630058854047
83.7714126660212	5.323539516672099
86.06266386310381	7.614790713754701
81.09570521524438	2.6478320658952725
66.32959324814692	-12.118279901202186
102.79329852102092	24.34542537167181
54.647961810580455	-23.799911338768652
72.75892226370706	-5.688950885642043
59.604640174642554	-18.843232974706552
87.86421769630397	9.41634454695486
102.5347757436466	24.0869025942975
72.83879216076957	-5.609080988579535
68.05219977384331	-10.395673375505794
70.21554051698149	-8.232332632367616
63.90028311182323	-14.547590037525879
76.26423543566852	-2.1836377136805822
119.12814225340117	40.68026910405206
86.20092050009407	7.753047350744964
84.81051211885278	6.362638969503678
71.78308609567466	-6.664787053674445
78.53630994956256	0.0884368002134579
76.64486953254891	-1.803003616800197
75.95839699321505	-2.48947615613406
110.51893178169121	32.0710586323421
57.11812948498937	-21.32974366435974
90.42288807018485	11.975014920835747
91.12003628883394	12.672163139484837
75.9645651634828	-2.483307985866304
63.81823853935202	-14.629634609997083
99.7899795139474	21.342106364598294
82.75789530396469	4.310022154615581
78.81351516571749	0.36564201636838334
68.59372031188104	-9.854152837468064
59.229805212205974	-19.218067937143132
74.93880371985506	-3.5090694294940477
79.67268988263095	1.2248167332818412
84.36585689574349	5.917983746394384
87.6072106017964	9.15933745244729
89.56099171403366	11.113118564684555
94.81237154647533	16.364498397126226
73.79676963070415	-4.651103518644959
83.51704154171603	5.069168392366919
84.12423727727946	5.676364127930356
