dH	delta_dH
-230.71969738662432	-1.2100199933765623
-240.71972057258193	8.790003192581054
-235.71968895343383	3.7899715734329504
-225.7197296794888	-6.209987700512073
-224.46971963243817	-7.45999774756271
-234.4696949393262	2.539977559325308
-239.46972142858743	7.540004048586553
-229.469705484063	-2.4600118959378676
-226.96971172281468	-4.960005657186201
-236.9696857138892	5.039968333888311
-231.96971968891143	0.04000230891054457
-221.96971686090495	-9.960000519095928
-221.9897165916545	-9.940000788346367
-231.98971488357253	0.05999750357165112
-236.9897141079227	5.059996727921828
-226.98972978579783	-4.939987594203046
-229.48969992928275	-2.4400174507181305
-239.4897117348073	7.559994354806406
-234.4897024088759	2.559985028875019
-224.48969159362693	-7.440025786373951
-225.73974734583405	-6.189970034166834
-235.73968500369662	3.8099676236957407
-240.73971626671843	8.809998886717551
-230.7397079777579	-1.1900094022429926
-228.2397166255723	-3.6900007544285813
-238.2397149873095	6.309997607308617
-233.23971805041307	1.3100006704121938
-223.23970580763077	-8.69001157237011
-223.8597142215086	-8.070003158492284
-233.8597267374299	1.9300093574290145
-238.85969554817538	6.9299781681745
-228.85972127187742	-3.069996108123462
-231.35973400506563	-0.5699833749352479
-241.35970600183836	9.42998862183748
-236.35971904647894	4.430001666478063
-226.35968980636798	-5.570027573632899
-225.10971986494323	-6.819997515057651
-235.10972019333903	3.180002813338149
-240.10973159433533	8.180014214334449
-230.10971108029307	-1.8200062997078135
-227.60968664129004	-4.320030738710841
-237.60969796463368	5.679980584632801
-232.6097199810175	0.6800026010166107
-222.60970150592593	-9.320015874074954
-222.92971777371204	-8.999999606288839
-232.92970455554374	0.9999871755428558
-237.92972146264802	6.000004082647138
-227.92972289431637	-3.9999944856845104
-230.42973839112292	-1.499978988877956
-240.42971425057877	8.499996870577888
-235.42973378450134	3.5000164045004567
-225.42973348215347	-6.4999838978474145
-226.6797202481088	-5.249997131892087
-236.679719134036	4.750001754035111
-241.6797446638724	9.750027283871532
-231.6797216342442	-0.24999574575667793
-229.17970876530163	-2.7500086146992544
-239.17969858461075	7.249981204609867
-234.17971104062454	2.249993660623659
-224.17972194062023	-7.749995439380655
-223.54972189417052	-8.379995485830364
-233.54970973641278	1.619992356411899
-238.54971795121267	6.62000057121179
-228.5496894114995	-3.3800279685013948
-231.04973801964982	-0.879979360351058
-241.0497498378859	9.120032457885031
-236.0497217754851	4.120004395484216
-226.04971475193045	-5.880002628070429
-224.7996915656818	-7.130025814319083
-234.79971699083947	2.8699996108385903
-239.79974752686533	7.870030146864451
-229.79974620354508	-2.129971176455797
-227.2997191020145	-4.629998277986374
-237.29975001898086	5.370032638979978
-232.29969711472543	0.36997973472455215
-222.29973853320328	-9.629978846797599
-222.45969832648524	-9.470019053515642
-232.4597467798955	0.5300293998946302
-237.4597416626254	5.53002428262451
-227.45974156654455	-4.46997581345633
-229.95971940528096	-1.9699979747199166
-239.95970316882693	8.029985788826053
-234.9597116335205	3.029994253519618
-224.95970729649065	-6.970010083510232
-226.2097156448669	-5.720001735133991
-236.20969660519273	4.279979225191852
-241.20972148795744	9.280004107956557
-231.20970809149702	-0.72000928850386
-228.70968518643866	-3.2200321935622185
-238.7096947430761	6.779977363075233
-233.70973817787007	1.7800207978691844
-223.70969527238748	-8.220022107613403
-224.32970731500683	-7.600010064994052
-234.32971604065898	2.399998660658099
-239.32971986100785	7.400002481006965
-229.32972760189006	-2.5999897781108245
-231.82970462229497	-0.10001275770591178
-241.8296974166122	9.89998003661131
-236.82968591824687	4.899968538245986
-226.82969529880285	-5.100022081198034
-225.5797294962402	-6.34998788376069
-235.5796892681654	3.649971888164515
-240.5796992954609	8.649981915460017
-230.5797145905497	-1.3500027894511675
-228.07970619017652	-3.8500111898243574
-238.07970966293652	6.149992282935642
-233.07968770905865	1.1499703290577656
-223.07972686824797	-8.849990511752907
-222.769711498295	-9.160005881705871
-232.76971677175084	0.8399993917499557
-237.7700148103561	5.840297430355207
-227.7697470964797	-4.159970283521176
-230.2696866929457	-1.6600306870551833
-240.26972134416997	8.340003964169085
-235.2697019507416	3.339984570740711
-225.26973128803752	-6.659986091963361
-226.5197140099101	-5.410003370090777
-236.5197204629078	4.590003082906918
-241.51973959048632	9.590022210485444
-231.51972562880314	-0.4099917511977367
-229.01969903608756	-2.910018343913322
-239.01971914966566	7.090001769664781
-234.01974707222712	2.0900296922262385
-224.01971422575957	-7.910003154241309
-223.3897200680634	-8.53999731193747
-233.38969579680213	1.459978416801249
-238.38971453719148	6.4599971571906
-228.38971714535307	-3.540000234647806
-230.8897182495997	-1.0399991304011849
-240.88973747717625	8.960020097175374
-235.88971224387876	3.9599948638778812
-225.88972297808448	-6.0399944019164025
-224.63974232352746	-7.289975056473423
-234.63973127076986	2.710013890768977
-239.63970853856097	7.709991158560086
-229.63971485702166	-2.290002522979222
-227.13974420184184	-4.789973178159045
-237.13973552324876	5.210018143247879
-232.13974009414903	0.21002271414815255
-222.1397330037247	-9.78998437627618
-222.21969655834022	-9.710020821660663
-232.21939588062145	0.28967850062056755
-237.21971882484098	5.290001444840101
-227.21974492647627	-4.709972453524614
-229.71972808131017	-2.209989298690715
-239.71970120344434	7.789983823443464
-234.71971528011403	2.78999790011315
-224.71973707194178	-7.209980308059102
-225.9697103782068	-5.960007001794082
-235.9697277480604	4.040010368059512
-240.969742783634	9.04002540363311
-230.96974057027677	-0.959976809724111
-228.46972053380108	-3.4599968461998003
-238.46968794701883	6.539970567017946
-233.46969307457533	1.5399756945744514
-223.4697502975991	-8.45996708240179
-224.09971565161533	-7.830001728385554
-234.09971736349354	2.1699999834926587
-239.09969460337408	7.169977223373195
-229.09974154881667	-2.829975831184214
-231.5997098155538	-0.33000756444707235
-241.59968762833006	9.669970248329179
-236.59970975156494	4.669992371564064
-226.59974813676337	-5.329969243237514
-225.3497163038649	-6.5800010761359715
-235.34970657864716	3.4199891986462774
-240.34971992753373	8.420002547532846
-230.34969232695067	-1.580025053050207
-227.8496947443985	-4.080022635602376
-237.84971698899363	5.919999608992754
-232.849694764562	0.9199773845611219
-222.84969329493498	-9.0800240850659
-223.1597044850331	-8.770012894967778
-233.1597255449841	1.230008164983218
-238.15971809468	6.230000714679107
-228.15974118939528	-3.769976190605604
-230.65971957357522	-1.269997806425664
-240.65971969372197	8.730002313721087
-235.6598310937651	3.7301137137642115
-225.65971351698556	-6.270003863015319
-226.9096948340183	-5.0200225459825845
-236.90971231663104	4.979994936630163
-241.90972729039174	9.980009910390862
-231.90970510462182	-0.020012275379059474
-229.40970483119133	-2.5200125488095466
-239.40972029911416	7.480002919113275
-234.40969278956152	2.4799754095606374
-224.40972171596047	-7.519995664040408
-223.7897144082724	-8.140002971728478
-233.78970638246918	1.8599890024682963
-238.7897310408496	6.860013660848722
-228.78972019461597	-3.139997185384914
-231.28973800574343	-0.6399793742574502
-241.28973088413272	9.360013504131842
-236.28971456878915	4.35999718878827
-226.28971570245974	-5.640001677541136
-225.0397416019894	-6.88997577801149
-235.03973396282325	3.110016582822368
-240.03970478151473	8.109987401513848
-230.03970137643572	-1.8900160035651652
-227.53971707364306	-4.39000030635782
-237.53970386485324	5.609986484852357
-232.5397190841807	0.6100017041798083
-222.53971657129728	-9.390000808703604
-222.37971759369256	-9.54999978630832
-232.37971830839578	0.4500009283948998
-237.37971273641014	5.449995356409261
-227.3797147734209	-4.550002606579994
-229.87969440060132	-2.0500229793995572
-239.87971504813558	7.949997668134699
-234.87974844906384	2.950031069062959
-224.87971372377942	-7.050003656221463
-226.12972455919916	-5.7999928208017195
-236.1297442633364	4.200026883335511
-241.12974217182418	9.200024791823296
-231.12973149858666	-0.7999858814142158
-228.62972502398188	-3.299992356019004
-238.62972167511688	6.700004295116003
-233.62971624633573	1.6999988663348518
-223.62971991114463	-8.299997468856247
-224.2497172222181	-7.680000157782786
-234.24971590245397	2.3199985224530906
-239.24968686383338	7.3199694838324945
-229.24972470266104	-2.6799926773398397
-231.74969101897906	-0.18002636102181668
-241.74969395610913	9.819976576108246
-236.7497477411713	4.82003036117041
-226.74972903487534	-5.179988345125537
-225.4996883466326	-6.430029033368271
-235.4997078300755	3.569990450074613
-240.49972051390452	8.57000313390364
-230.49973735637352	-1.4299800236273654
-227.999715312412	-3.930002067588873
-237.9996923418391	6.069974961838227
-232.99969282758204	1.0699754475811574
-222.99971821228857	-8.92999916771231
-222.68973403729265	-9.239983342708229
-232.68972202220735	0.7600046422064679
-237.68971042941135	5.759993049410468
-227.68971966766927	-4.239997712331615
-230.18969079742752	-1.740026582573364
-240.18969631404994	8.259978934049059
-235.18973105943783	3.260013679436952
-225.18971865518884	-6.73999872481204
-226.4396873596526	-5.490030020348286
-236.43971417241906	4.509996792418178
-241.43983743723598	9.510120057235099
-231.4398287761252	-0.48988860387567
-228.93969898350056	-2.990018396500318
-238.93968952734227	7.0099721473413865
-233.93968507743935	2.0099676974384693
-223.93973637796094	-7.98998100203994
-223.31972782793224	-8.60998955206864
-233.31972431325542	1.39000693325454
-238.31971324811005	6.3899958681091675
-228.31971532074115	-3.6100020592597275
-230.81973025196842	-1.1099871280324578
-240.8197377540701	8.890020374069223
-235.81972264198888	3.8900052619879943
-225.81970932493917	-6.110008055061712
-224.5696954096484	-7.360021970352477
-234.5696898002398	2.639972420238905
-239.56974889111146	7.640031511110578
-229.5697148837999	-2.360002496200991
-227.06974651669864	-4.859970863302237
-237.0697260742227	5.1400086942218195
-232.069706129877	0.13998874987612453
-222.0697193348306	-9.859998045170272
-222.0297211348734	-9.899996245127483
-232.0296898127599	0.09997243275901724
-237.02969623681201	5.099978856811134
-227.0297151715131	-4.900002208487791
-229.52972889056036	-2.399988489440517
-239.52968647660782	7.599969096606941
-234.52974665192596	2.600029271925081
-224.52969181082153	-7.400025569179348
-225.77971871030968	-6.1499986696912
-235.77974489333428	3.8500275133334014
-240.77974415434437	8.85002677434349
-230.77968572265672	-1.150031657344158
-228.27969715360814	-3.6500202263927406
-238.27969113791914	6.349973757918264
-233.27970068093146	1.3499833009305746
-223.27972704168496	-8.649990338315916
-223.8997179773079	-8.029999402692994
-233.89973762116745	1.9700202411665657
-238.89970349673706	6.96998611673618
-228.89971865573636	-3.029998724264516
-231.399716437944	-0.530000942056887
-241.3997149208309	9.469997540830008
-236.3997051166108	4.469987736609909
-226.39972552772554	-5.529991852275344
-225.14969790407224	-6.78001947592864
-235.14973113547705	3.220013755476174
-240.14968985394682	8.219972473945944
-230.1497082925681	-1.7800090874327736
-227.64971561434106	-4.280001765659819
-237.64972728769237	5.720009907691491
-232.64968911192148	0.7199717319205945
-222.64971760110086	-9.27999977890002
-222.96971541527313	-8.960001964727752
-232.96970294701026	1.0399855670093814
-237.9697248345887	6.040007454587823
-227.96974980269937	-3.959967577301512
-230.46971028284082	-1.4600070971600587
-240.4697363778336	8.540018997832732
-235.46973672986445	3.54001934986357
-225.469699884406	-6.460017495594883
-226.71971980372103	-5.2099975762798465
-236.71973210202617	4.79001472202529
-241.71970238568014	9.789985005679256
-231.71968819672242	-0.21002918327846487
-229.21973461594956	-2.7099827640513183
-239.2196993416614	7.289981961660516
-234.21974392474425	2.2900265447433696
-224.21971653323493	-7.710000846765951
-223.5897173479048	-8.340000032096071
-233.58969485569702	1.659977475696138
-238.5897109707717	6.659993590770824
-228.589698313243	-3.3400190667578897
-231.08972880956804	-0.8399885704328369
-241.08969933500572	9.159981955004838
-236.0897297251018	4.16001234510091
-226.08971484501177	-5.840002534989111
-224.83974413905486	-7.089973240946023
-234.83973513523466	2.910017755233781
-239.8397437092595	7.9100263292586135
-229.83972628932185	-2.0899910906790353
-227.33972284410498	-4.589994535895897
-237.33970889204517	5.409991512044286
-232.3397255302212	0.4100081502203068
-222.33969032690817	-9.590027053092712
-222.49968992439128	-9.430027455609604
-232.49973094457047	0.5700135645695923
-237.4997276051897	5.57001022518881
-227.49971783015528	-4.429999549845604
-229.99969209240837	-1.930025287592514
-239.9997462129638	8.070028832962919
-234.99974501458811	3.070027634587234
-224.99974426168657	-6.929973118314308
-226.2497367660969	-5.679980613903979
-236.24969412711536	4.319976747114481
-241.24968674580734	9.319969365806458
-231.24972355587553	-0.6799938241253471
-228.74971481856275	-3.1800025614381298
-238.74969930331164	6.819981923310763
-233.74973557570476	1.8200181957038808
-223.7496876997636	-8.180029680237283
-224.36974069225616	-7.559976687744722
-234.36971714285923	2.439999762858349
-239.36971422177507	7.439996841774189
-229.36957426328794	-2.5601431167129363
-231.86973626197855	-0.05998111802233552
-241.86970882588307	9.939991445882185
-236.86971731718572	4.939999937184837
-226.8697424743044	-5.059974905696492
-225.619739414269	-6.309977965731889
-235.61970228926643	3.6899849092655472
-240.61972128353577	8.690003903534887
-230.61969766426213	-1.310019715738747
-228.11974398622974	-3.809973393771145
-238.1197013527088	6.189983972707921
-233.11972181080293	1.1900044308020483
-223.11968990890622	-8.810027471094656
-222.80971117532434	-9.120006204676542
-232.80971535873803	0.8799979787371512
-237.80974339577395	5.880026015773069
-227.80972931448767	-4.119988065513212
-230.3097142330346	-1.620003146966269
-240.3097194255063	8.380002045505421
-235.3096870678576	3.3799696878567147
-225.30971363494726	-6.620003745053623
-226.55971415277534	-5.3700032272255385
-236.55971385860292	4.629996478602038
-241.55973296787604	9.630015587875164
-231.55974116001042	-0.3699762199904626
-229.05948891585402	-2.8702284641468623
-239.05968818708905	7.129970807088171
-234.05971824923225	2.130000869231367
-224.05971647870254	-7.87000090129834
-223.42969768738695	-8.500019692613932
-233.4297317792465	1.5000143992456287
-238.42973703925819	6.500019659257305
-228.42972164355106	-3.4999957364498187
-230.9297278859216	-0.9999894940792728
-240.92970352599846	8.999986145997582
-235.92972621886148	4.0000088388605946
-225.9297397203758	-5.999977659625074
-224.67968655733276	-7.250030822668123
-234.67971480171164	2.7499974217107592
-239.67971973792046	7.750002357919584
-229.67974512022593	-2.2499722597749496
-227.1797355309649	-4.749981849035976
-237.1797174875177	5.250000107516826
-232.17972587085242	0.25000849085154186
-222.17972305643062	-9.749994323570263
-222.1097148851878	-9.820002494813082
-232.10971849384177	0.18000111384088768
-237.10974524438288	5.180027864381998
-227.10974638067464	-4.8199709993262445
-229.60970422051295	-2.320013159487928
-239.609748814801	7.680031434800128
-234.6097331083093	2.680015728308433
-224.60971560902553	-7.320001770975352
-225.85971143094693	-6.07000594905395
-235.85971734612585	3.929999966124967
-240.85971253020952	8.92999515020864
-230.85972297688394	-1.0699944031169366
-228.35971760742004	-3.569999772580843
-238.35969424871118	6.429976868710298
-233.359745137952	1.430027757951109
-223.3597333742783	-8.569984005722574
-223.9797475776679	-7.949969802332987
-233.97973144019872	2.0500140601978387
-238.97971931070717	7.050001930706287
-228.9797360480072	-2.9499813319936834
-231.47972447708818	-0.44999290291269745
-241.47970138901766	9.549984009016782
-236.47968680854248	4.549969428541601
-226.47971961181176	-5.449997768189121
-225.22971894615986	-6.699998433841017
-235.22969045758074	3.299973077579864
-240.22971082605622	8.299993446055339
-230.22970241757432	-1.7000149624265646
-227.7296874190317	-4.200029960969175
-237.7297143568023	5.799996976801424
-232.729731591505	0.8000142115041058
-222.72972166002293	-9.199995719977949
-223.03968472152133	-8.890032658479555
-233.03971608881764	1.1099987088167609
-238.03968446134493	6.1099670813440525
-228.03969859303996	-3.8900187869609226
-230.53969453562402	-1.3900228443768583
-240.5400152960408	8.610297916039912
-235.53974006160004	3.610022681599162
-225.53971893538144	-6.389998444619437
-226.78969274533463	-5.140024634666247
-236.7897130623367	4.859995682335807
-241.78972274347484	9.86000536347396
-231.78973867541075	-0.13997870459013484
-229.28968943225462	-2.640027947746262
-239.28972310144107	7.360005721440189
-234.28973495295375	2.36001757295287
-224.28969639075947	-7.640020989241407
-223.66974338700007	-8.259973993000813
-233.66971385149432	1.7399964714934413
-238.66971139990588	6.739994019904998
-228.6697176081258	-3.259999771875073
-231.1697173033132	-0.7600000766876747
-241.16969930666951	9.239981926668634
-236.16971591287225	4.239998532871368
-226.1695582451654	-5.760159134835476
-224.91972470180113	-7.009992678199751
-234.9197065947998	2.989989214798925
-239.91974192094918	7.990024540948298
-229.91973900036342	-2.0099783796374595
-227.41974042661846	-4.50997695338242
-237.4197160805676	5.48999870056673
-232.4197181996539	0.49000081965300524
-222.41971819026608	-9.509999189734799
-222.25970888525308	-9.670008494747805
-232.25968762095226	0.3299702409513827
-237.2597137659509	5.329996385950011
-227.25971574028927	-4.670001639711614
-229.7597355556759	-2.169981824324992
-239.75973017262413	7.830012792623251
-234.75972058948582	2.8300032094849428
-224.75972053492706	-7.169996845073825
-226.0097210273275	-5.919996352673394
-236.0097307459523	4.08001336595143
-241.00971591064854	9.079998530647657
-231.0097151490486	-0.9200022309522922
-228.50973863099216	-3.4199787490087203
-238.509715843104	6.579998463103124
-233.5097483904774	1.5800310104765174
-223.50969877459693	-8.420018605403953
-224.13971087192238	-7.7900065080785055
-234.1397173520785	2.209999972077611
-239.1397141648739	7.209996784873027
-229.13972631382	-2.7899910661808747
-231.63970583452408	-0.2900115454768013
-241.63974971985897	9.710032339858088
-236.63971728653576	4.709999906534875
-226.6397425930512	-5.289974786949671
-225.3897038650515	-6.540013514949379
-235.38971604415326	3.45999866415238
-240.38971815882485	8.460000778823968
-230.3897188477025	-1.5399985322983696
-227.8897297111347	-4.039987668866189
-237.88972264060192	5.9600052606010365
-232.88971669246655	0.9599993124656692
-222.8897162549814	-9.040001125019472
-222.56972135208986	-9.359996027911023
-232.56974117424673	0.6400237942458489
-237.56970798889145	5.639990608890571
-227.5697390227024	-4.359978357298473
-230.069723828251	-1.8599935517498807
-240.06972851387678	8.140011133875902
-235.06971558500302	3.1399982050021435
-225.06972340755513	-6.85999397244575
-226.31974989139806	-5.60996748860282
-236.31972042968485	4.390003049683969
-241.31971565597092	9.389998275970044
-231.31974738603733	-0.6099699939635457
-228.8197083681471	-3.1100090118537764
-238.81971460510889	6.889997225108004
-233.819746725726	1.890029345725111
-223.8197266679708	-8.109990712030083
-223.1997259882882	-8.729991391712673
-233.1997348896311	1.2700175096302075
-238.19974778901627	6.270030409015391
-228.1996967255199	-3.730020654480967
-230.6996977694343	-1.2300196105665862
-240.6997457533161	8.770028373315228
-235.69971429262108	3.7699969126202006
-225.6996863755357	-6.230031004465189
-224.4496866737117	-7.48003070628917
-234.4497487983844	2.5200314183835246
-239.4497370177159	7.5200196377150235
-229.44971520237226	-2.48000217762862
-226.94970955222556	-4.980007827775324
-236.94968957531268	5.019972195311794
-231.9497042510888	0.019986871087922964
-221.94974530744906	-9.979972072551817
-221.95972771945497	-9.969989660545906
-231.95974055267988	0.03002317267899457
-236.95990498993314	5.0301876099322556
-226.959692680695	-4.970024699305867
-229.4596960733831	-2.470021306617781
-239.45969437561843	7.529976995617545
-234.459719714732	2.5300023347311082
-224.45971743701165	-7.469999942989233
-225.70972647119896	-6.219990908801918
-235.70970872742663	3.7799913474257494
-240.70973786965595	8.780020489655072
-230.70971465143492	-1.2200027285659587
-228.2097005632383	-3.7200168167625804
-238.2097273477263	6.2800099677254195
-233.20969187263807	1.2799744926371943
-223.20970567181183	-8.720011708189048
-223.82972849127037	-8.099988888730508
-233.82974403789268	1.9000266578918001
-238.82969078008756	6.8999734000866795
-228.82969155157917	-3.100025828421707
-231.3297019172001	-0.6000154628007692
-241.32974689752774	9.40002951752686
-236.3297198223916	4.400002442390729
-226.3297205434672	-5.599996836533677
-225.07971999210878	-6.8499973878921026
-235.07974266785092	3.150025287850042
-240.07970682030265	8.149989440301766
-230.0797148180289	-1.8500025619719906
-227.5797199697143	-4.349997410286591
-237.57968712782605	5.649969747825168
-232.57971274194534	0.6499953619444625
-222.57969343431688	-9.350023945684
-222.89971703896765	-9.03000034103323
-232.89973243158875	0.9700150515878647
-237.89974195580464	5.9700245758037624
-227.89970662859662	-4.030010751404262
-230.39971222490306	-1.5300051550978253
-240.39971499946853	8.469997619467648
-235.39971583684485	3.4699984568439675
-225.3997173837389	-6.529999996261978
-226.6497315128846	-5.279985867116267
-236.6497202507163	4.720002870715433
-241.64973062587626	9.720013245875379
-231.64974858282687	-0.279968797174007
-229.14969209411822	-2.780025285882658
-239.14971418733296	7.21999680733208
-234.1497434106542	2.2200260306533153
-224.14973728605688	-7.779980093944005
-223.5197309790367	-8.409986400964186
-233.51973195994492	1.5900145799440395
-238.51971882972998	6.590001449729101
-228.5197204427261	-3.4099969372747694
-231.01971666137547	-0.9100007186254118
-241.0197175531814	9.090000173180528
-236.01971863051244	4.090001250511563
-226.0197041320664	-5.910013247934472
-224.7697085243292	-7.160008855671691
-234.76971933674054	2.8400019567396555
-239.7697143933931	7.839997013392207
-229.76972442930696	-2.159992950693919
-227.26972084055728	-4.659996539443597
-237.26974165689376	5.340024276892876
-232.26971712051113	0.33999974051025106
-222.26974669007018	-9.659970689930702
-222.42973401949567	-9.499983360505212
-232.4297331840884	0.5000158040875249
-237.42969793088778	5.499980550886903
-227.42970745972198	-4.500009920278899
-229.92970455580362	-2.000012824197256
-239.92971908702876	8.000001707027877
-234.9297233731435	3.000005993142622
-224.92972344602768	-6.999993933973201
-226.17971765618168	-5.749999723819201
-236.17968978666104	4.249972406660163
-241.17969774590748	9.249980365906595
-231.17973104203193	-0.7499863379689486
-228.67971124148463	-3.2500061385162553
-238.67972723279527	6.750009852794392
-233.67971069405613	1.7499933140552457
-223.67970091962198	-8.250016460378902
-224.299747770167	-7.629969609833893
-234.29971328739296	2.369995907392081
-239.2997045532375	7.369987173236609
-229.29969524206493	-2.6300221379359527
-231.79974226928564	-0.12997511071523604
-241.79971997210717	9.870002592106289
-236.7997018522906	4.86998447228973
-226.79974678391548	-5.1299705960854
-225.54968985407962	-6.380027525921264
-235.54973465621472	3.6200172762138436
-240.5497206066316	8.620003226630729
-230.54972978223898	-1.3799875977618967
-228.04973293499236	-3.8799844450085175
-238.04968538261122	6.119968002610335
-233.04974277704198	1.120025397041104
-223.04971111462785	-8.880006265373027
-222.73972763959088	-9.189989740409999
-232.73968525681718	0.8099678768163017
-237.73971454870386	5.809997168702978
-227.73972058548586	-4.189996794515025
-230.23970864399868	-1.6900087360021985
-240.23970678306156	8.309989403060683
-235.23973709448634	3.3100197144854633
-225.2397205992847	-6.6899967807161715
-226.4897137967209	-5.4400035832799745
-236.48970204801205	4.559984668011168
-241.48971692524262	9.559999545241737
-231.48971932552374	-0.4399980544771438
-228.98972842629243	-2.9399889537084505
-238.98969395077162	7.059976570770743
-233.9897157002542	2.059998320253328
-223.98971193467966	-7.940005445321219
-223.3697120469695	-8.56000533303137
-233.36972039499037	1.440003014989486
-238.36971858719502	6.440001207194143
-228.36970932638346	-3.5600080536174232
-230.8697312206185	-1.0599861593823903
-240.86971718962363	8.939999809622748
-235.869722385043	3.94000500504211
-225.86969706207387	-6.0600203179270125
-224.61971377253562	-7.310003607465262
-234.61971407937276	2.689996699371875
-239.61969841736195	7.689981037361065
-229.61972321017433	-2.3099941698265525
-227.11974459355756	-4.809972786443325
-237.11970740456658	5.189990024565702
-232.11970595675288	0.18998857675200043
-222.1197022944742	-9.810015085526686
-222.18971496481404	-9.740002415186837
-232.189693160639	0.2599757806381149
-237.1897138806818	5.259996500680927
-227.18973308353102	-4.739984296469856
-229.68973525978086	-2.23998212022002
-239.68973843269865	7.760021052697766
-234.68974458215067	2.760027202149786
-224.68971502084074	-7.240002359160144
-225.93971029167747	-5.990007088323409
-235.93971735583014	4.00999997582926
-240.93969228220536	9.009974902204476
-230.93973603785722	-0.9899813421436647
-228.43972122120263	-3.489996158798249
-238.43973450319405	6.510017123193165
-233.43970657943296	1.5099891994320842
-223.43971804788103	-8.48999933211985
-224.06974535647444	-7.8599720235264385
-234.06972752380582	2.1400101438049433
-239.06970344856657	7.13998606856569
-229.06971765983238	-2.859999720168503
-231.56972148545995	-0.35999589454092984
-241.56971417894516	9.639996798944281
-236.56972470378108	4.640007323780196
-226.56974883720162	-5.359968542799265
-225.3197181570786	-6.6099992229222835
-235.31970166026352	3.389984280262638
-240.31971445205005	8.38999707204917
-230.31974927234026	-1.6099681076606203
-227.8197500005281	-4.109967379472778
-237.81971419554523	5.88999681554435
-232.81973343219855	0.8900160521976659
-222.81972572560977	-9.10999165439111
-223.1297369243367	-8.799980455664183
-233.12971797348845	1.200000593487573
-238.12971415390493	6.199996773904047
-228.1297241278895	-3.799993252111392
-230.62974582520982	-1.2999715547910569
-240.6297019054633	8.699984525462412
-235.62974040499975	3.7000230249988704
-225.62968509153288	-6.300032288468003
-226.87972303343267	-5.049994346568212
-236.87974087975599	4.950023499755105
-241.87969547535758	9.949978095356698
-231.8797391471181	-0.04997823288277914
-229.37971788852573	-2.5499994914751483
-239.37971688639263	7.449999506391748
-234.37973506756097	2.4500176875600914
-224.37972712576956	-7.549990254231318
-223.75971383092883	-8.17000354907205
-233.75971623931719	1.829998859316305
-238.7597230808792	6.830005700878331
-228.75970293034015	-3.1700144496607265
-231.25971528492983	-0.6700020950710552
-241.2597446842342	9.330027304233312
-236.25973816962914	4.330020789628264
-226.25970569823812	-5.670011681762759
-225.00970862336953	-6.920008756631347
-235.00971268790136	3.079995307900475
-240.00972085486865	8.080003474867766
-230.00973323430344	-1.9199841456974411
-227.5097189634272	-4.419998416573691
-237.50971768900172	5.580000309000837
-232.50974999511936	0.5800326151184834
-222.50973613149517	-9.419981248505707
-222.34971724004419	-9.580000139956695
-232.3496850562081	0.41996767620722153
-237.34969488529197	5.419977505291087
-227.34968835565843	-4.580029024342451
-229.84971496900863	-2.0800024109922504
-239.8497032881699	7.919985908169025
-234.8497166038672	2.919999223866313
-224.8496852872616	-7.0800320927392875
-226.09971914365843	-5.829998236342448
-236.0997292043033	4.1700118243024065
-241.09974863259077	9.170031252589894
-231.09973204416684	-0.8299853358340386
-228.59974593157705	-3.3299714484238336
-238.5997324857529	6.6700151057520145
-233.59975002549646	1.6700326454955814
-223.59971973926014	-8.329997640740743
-224.21974560366237	-7.709971776338506
-234.21972021835285	2.290002838351967
-239.2197498071668	7.290032427165926
-229.2197385497397	-2.7099788302611785
-231.71972379147059	-0.20999358853029548
-241.71968589781085	9.789968517809967
-236.719748057088	4.790030677087117
-226.71974696830415	-5.20997041169673
-225.46971475410595	-6.46000262589493
-235.4697454801621	3.5400281001612086
-240.46971663454445	8.539999254543574
-230.46971769253418	-1.4599996874667056
-227.96973170418954	-3.959985675811339
-237.9697132198466	6.039995839845716
-232.96974489366715	1.0400275136662742
-222.9697496918539	-8.959967688146975
-222.65968522353694	-9.270032156463941
-232.6597438817147	0.7300265017138088
-237.65971504874585	5.729997668744971
-227.6597264460969	-4.269990933903983
-230.1597172697774	-1.7700001102234921
-240.15971892589812	8.230001545897238
-235.15974994134274	3.230032561341858
-225.1596910762472	-6.770026303753667
-226.4096932831461	-5.520024096854769
-236.4097198010794	4.480002421078524
-241.40975031466667	9.480032934665786
-231.40968921275896	-0.520028167241918
-228.9097225459726	-3.0199948340282674
-238.90971786482157	6.9800004848206925
-233.90972835038144	1.9800109703805617
-223.90971182080364	-8.020005559197244
-223.28969436488273	-8.640023015118146
-233.2896893386767	1.3599719586758283
-238.289718298405	6.3600009184041255
-228.28971488208643	-3.640002497914452
-230.78971677280586	-1.1400006071950202
-240.78968772203166	8.859970342030778
-235.7897269080402	3.8600095280393134
-225.78969221551168	-6.140025164489202
-224.53972592390144	-7.3899914560994375
-234.539749198402	2.6100318184011257
-239.53971588362563	7.609998503624752
-229.53970397082392	-2.3900134091769587
-227.0397155182434	-4.890001861757469
-237.03971713533045	5.109999755329568
-232.0397341095793	0.11001672957843311
-222.03969088626013	-9.890026493740748
-222.07973180750997	-9.849985572490908
-232.079716336815	0.14999895681413022
-237.07973417147588	5.150016791474997
-227.0796921415684	-4.850025238432494
-229.57973756296343	-2.3499798170374504
-239.57970633837687	7.649988958375985
-234.579730316488	2.6500129364871157
-224.57971385175625	-7.350003528244628
-225.82971544722187	-6.1000019327790085
-235.82974029712642	3.90002291712554
-240.8297251456359	8.900007765635024
-230.82971424594308	-1.1000031340578005
-228.32973830367047	-3.5999790763304134
-238.32971658471507	6.399999204714192
-233.32974846230792	1.4000310823070379
-223.32971677145434	-8.600000608546537
-223.94972506437801	-7.979992315622866
-233.94971499010393	2.0199976101030472
-238.94969725160075	7.0199798715998725
-228.94970008585545	-2.9800172941454264
-231.4497183837247	-0.4799989962761799
-241.44974660849215	9.520029228491268
-236.4496849565125	4.519967576511618
-226.44972541542478	-5.479991964576101
-225.19974841775542	-6.729968962245465
-235.1996853199434	3.269967939942518
-240.19972858334398	8.270011203343103
-230.19969926963307	-1.7300181103678085
-227.69969247608054	-4.230024903920338
-237.69969199382643	5.769974613825553
-232.69973761080695	0.7700202308060682
-222.6997148129539	-9.230002567046967
-223.00971754899228	-8.919999831008596
-233.00971741417425	1.0800000341733664
-238.00969516292798	6.079977782927102
-228.0097084771428	-3.9200089028580862
-230.5097388458894	-1.4199785341114932
-240.50970771205039	8.579990332049505
-235.5097140102339	3.579996630233012
-225.50968506089748	-6.420032319103399
-226.75970021956573	-5.170017160435151
-236.75969549538468	4.8299781153837955
-241.7597137894777	9.82999640947682
-231.75973705872138	-0.16998032127949614
-229.25971876782432	-2.669998612176556
-239.25972707509982	7.330009695098937
-234.25970481016748	2.3299874301665966
-224.25971768457248	-7.669999695428402
-223.6397337256543	-8.289983654346571
-233.6396966783426	1.7099792983417217
-238.6397199705674	6.710002590566518
-228.63972147142283	-3.2899959085780495
-231.13970372837446	-0.790013651626424
-241.13971717268157	9.20999979268069
-236.1397205401148	4.210003160113928
-226.13972478068115	-5.789992599319731
-224.88968706851608	-7.040030311484799
-234.8897117472601	2.9599943672592133
-239.88970620750695	7.959988827506066
-229.88971642941704	-2.0400009505838455
-227.38972445039724	-4.539992929603642
-237.38971935983807	5.4600019798371875
-232.3897139509312	0.4599965709303149
-222.38974933310908	-9.5399680468918
-222.54973411274435	-9.379983267256534
-232.54972140262296	0.6200040226220835
-237.54971325556428	5.619995875563404
-227.54971698251623	-4.38000039748465
-230.04971330109814	-1.8800040789027435
-240.04974686227027	8.120029482269388
-235.04971799064882	3.120000610647935
-225.04970463817838	-6.8800127418224974
-226.2997403849727	-5.629976995028187
-236.29971341227386	4.369996032272979
-241.29971590627613	9.369998526275253
-231.2997267755268	-0.6299906044740737
-228.7997186027583	-3.1299987772425766
-238.79973522426693	6.8700178442660444
-233.7997374861839	1.8700201061830057
-223.79972197686178	-8.129995403139105
-224.41974867384184	-7.509968706159043
-234.4197201790254	2.4900027990245235
-239.41971758151308	7.490000201512203
-229.41971901412367	-2.509998365877209
-231.91970326932702	-0.010014110673864707
-241.9197296945937	9.990012314592832
-236.91969167355333	4.98997429355245
-226.91971200407048	-5.010005375930405
-225.66972280021642	-6.259994579784461
-235.6697065848463	3.739989204845415
-240.6697284600347	8.74001108003381
-230.66971488266896	-1.260002497331925
-228.1697279808183	-3.7599893991825866
-238.16974804746556	6.24003066746468
-233.16971717043694	1.239999790436059
-223.16969822150773	-8.76001915849315
-222.85947836010573	-9.070239019895155
-232.85972397520354	0.9300065952026557
-237.8597084487429	5.9299910687420265
-227.85972292911	-4.069994450890874
-230.35971812363832	-1.5699992563625642
-240.35981565358642	8.430098273585543
-235.35971737842019	3.429999998419305
-225.3597234521554	-6.5699939278454735
-226.6097142909476	-5.320003089053273
-236.6097148022719	4.679997422271015
-241.60971474414518	9.679997364144299
-231.6096953583784	-0.32002202162249205
-229.1097065277846	-2.820010852216285
-239.1097193331353	7.180001953134422
-234.10974001448457	2.1800226344836915
-224.1097118952658	-7.820005484735077
-223.47971444003562	-8.450002939965259
-233.4797115003341	1.5499941203332241
-238.47969572022268	6.549978340221799
-228.47968973598765	-3.4500276440132325
-230.97975029726896	-0.9499670827319164
-240.97971911558963	9.05000173558875
-235.97969244728134	4.049975067280457
-225.9797489969478	-5.94996838305309
-224.7297202520551	-7.199997127945778
-234.72971641128171	2.7999990312808336
-239.72971985207843	7.800002472077551
-229.72973112440306	-2.199986255597821
-227.22974879008981	-4.699968589911066
-237.22970690650016	5.2999895264992745
-232.22968588793262	0.29996850793173735
-222.22970327327786	-9.700014106723017
-222.14970133563213	-9.78001604436875
-232.14970119039674	0.2199838103958598
-237.14971544451976	5.219998064518876
-227.1497174716061	-4.779999908394785
-229.6497176715185	-2.279999708482393
-239.64974194302442	7.720024563023543
-234.64968727768166	2.719969897680784
-224.64969498084258	-7.280022399158298
-225.8996973964505	-6.030019983550375
-235.89973802024033	3.9700206402394542
-240.89968770042208	8.969970320421197
-230.89971070921194	-1.0300066707889357
-228.39970831074345	-3.5300090692574315
-238.3996847465561	6.46996736655521
-233.3997285210545	1.470011141053618
-223.39969530671908	-8.530022073281799
-224.02971435598374	-7.900003024017138
-234.02973769397204	2.1000203139711573
-239.02970366741647	7.0999862874155895
-229.02968903996134	-2.9000283400395404
-231.52971982778945	-0.3999975522114312
-241.52971822722793	9.60000084722705
-236.52972670125746	4.600009321256579
-226.52968976873308	-5.400027611267802
-225.27974755315972	-6.649969826841158
-235.27971463196081	3.349997251959934
-240.27971861413607	8.350001234135192
-230.2797307510882	-1.6499866289126714
-227.77971707619872	-4.150000303802159
-237.77974725364766	5.8500298736467755
-232.779685265843	0.8499678858421191
-222.77973641052813	-9.14998096947275
-223.08971570227237	-8.840001677728509
-233.08973676953116	1.1600193895302766
-238.0897079473121	6.159990567311212
-228.0897014437183	-3.840015936282583
-230.58971745843388	-1.3399999215669993
-240.58971469326985	8.659997313268974
-235.58970703097526	3.6599896509743814
-225.58971653438726	-6.340000845613616
-226.83974822368444	-5.089969156316442
-236.83971844519562	4.910001065194734
-241.83975017931022	9.910032799309334
-231.83970553599517	-0.0900118440057156
-229.3396967733011	-2.590020606699767
-239.3397175974547	7.410000217453813
-234.33972596865402	2.4100085886531417
-224.3397170648828	-7.59000031511809
-223.71971991435424	-8.209997465646637
-233.71968814056294	1.7899707605620563
-238.71974322851514	6.7900258485142615
-228.71970934404675	-3.2100080359541323
-231.21971766858536	-0.7099997114155201
-241.2196977432754	9.289980363274509
-236.21973091472086	4.290013534719975
-226.21970565316263	-5.710011726838246
-224.96974646720395	-6.959970912796933
-234.96971457959847	3.039997199597593
-239.9697142843774	8.039996904376522
-229.96968986159249	-1.9600275184083955
-227.4697179012632	-4.4599994787376716
-237.46974882126	5.540031441259117
-232.46974755453942	0.5400301745385434
-222.4697052559872	-9.460012124013673
-222.30969799032871	-9.620019389672166
-232.30971757555497	0.38000019555408926
-237.30968757409872	5.379970194097837
-227.3097146611556	-4.620002718845285
-229.80971813447948	-2.1199992455213987
-239.80973185825613	7.880014478255248
-234.8096896432651	2.8799722632642215
-224.80970260769507	-7.120014772305808
-226.05969790946736	-5.870019470533521
-236.05973176989326	4.130014389892381
-241.05973187842508	9.130014498424202
-231.0597203488135	-0.8699970311873813
-228.55974225076469	-3.3699751292361952
-238.55970956863146	6.629992188630581
-233.5596941890647	1.6299768090638054
-223.55973309386653	-8.369984286134354
-224.18970221618306	-7.740015163817816
-234.1897267723581	2.260009392357233
-239.18971586702006	7.259998487019175
-229.1897471884055	-2.7399701915953756
-231.68972255177155	-0.23999482822932805
-241.68974365126283	9.76002627126195
-236.68969098161554	4.759973601614661
-226.68972193884125	-5.2399954411596354
-225.43969511270566	-6.490022267295217
-235.43974765872932	3.5100302787284363
-240.43972014119223	8.510002761191345
-230.43974752475893	-1.4899698552419522
-227.93971841274666	-3.9899989672542233
-237.93969702273094	6.009979642730059
-232.9397203274058	1.010002947404928
-222.9396982161053	-8.990019163895568
-222.61969877538272	-9.310018604618165
-232.619718644073	0.6900012640721229
-237.61970126545916	5.689983885458275
-227.61971107482518	-4.310006305175705
-230.11970640019703	-1.8100109798038488
-240.11972685367786	8.19000947367698
-235.1196927745294	3.189975394528517
-225.1197199753113	-6.809997404689568
-226.36970385193658	-5.560013528064303
-236.36973354449933	4.440016164498445
-241.36970784800346	9.439990468002577
-231.36972607408447	-0.5599913059164123
-228.86969067755555	-3.0600267024453274
-238.86969563772786	6.9399782577269775
-233.8697247037779	1.9400073237770243
-223.86969918356758	-8.060018196433305
-223.24971359415414	-8.680003785846736
-233.2497075015751	1.3199901215742216
-238.24974722023646	6.320029840235577
-228.24971995305643	-3.6799974269444533
-230.7497294640127	-1.1799879159881925
-240.74972896745996	8.820011587459078
-235.74970102624386	3.8199836462429744
-225.74971678980612	-6.180000590194766
-224.4997473383289	-7.429970041671993
-234.499720024404	2.5700026444031323
-239.4997181790702	7.570000799069305
-229.49971419838286	-2.4300031816180194
-226.9997309199268	-4.929986460074076
-236.9997141210831	5.069996741082207
-231.99969893986847	0.06998155986758547
-221.99969192739692	-9.930025452603957
-221.979706399866	-9.950010980134891
-231.97974460066618	0.05002722066529941
-236.97971156801506	5.049994188014182
-226.97968473027979	-4.950032649721095
-229.47973942547762	-2.4499779545232627
-239.4798442993226	7.550126919321713
-234.4797411462375	2.5500237662366203
-224.4797112399203	-7.450006140080575
-225.72969831791417	-6.20001906208671
-235.72971797010834	3.8000005901074587
-240.7297185394984	8.800001159497526
-230.72974224615902	-1.1999751338418605
-228.22971745426477	-3.6999999257361083
-238.22974636480032	6.3000289847994395
-233.22971481757324	1.2999974375723582
-223.22973312728865	-8.699984252712227
-223.84970670629838	-8.080010673702503
-233.8497344335413	1.9200170535404197
-238.8497390920241	6.920021712023214
-228.84969062510237	-3.080026754898512
-231.3497043986975	-0.5800129813033834
-241.3497251188058	9.420007738804912
-236.34971409145538	4.419996711454502
-226.34971521931612	-5.5800021606847565
-225.0997034660308	-6.8300139139700775
-235.09972642709937	3.170009047098489
-240.0997279274382	8.170010547437329
-230.09974967682894	-1.8299677031719455
-227.59971728367628	-4.330000096324596
-237.59970235543034	5.669984975429458
-232.599717835494	0.670000455493124
-222.59974699030892	-9.329970389691965
-222.91972375766696	-9.009993622333923
-232.9197152635467	0.9899978835458114
-237.91971509526016	5.989997715259278
-227.91973728644976	-4.009980093551121
-230.41971189968598	-1.5100054803149021
-240.41968728209818	8.4899699020973
-235.41972987740033	3.490012497399448
-225.41972965451774	-6.509987725483143
-226.66971597264697	-5.260001407353911
-236.66971724020428	4.7399998602033975
-241.6697168193938	9.739999439392932
-231.6697297125144	-0.2599876674864845
-229.16971489847552	-2.760002481525362
-239.1697425958197	7.240025215818832
-234.16973711438973	2.240019734388852
-224.16970145511792	-7.760015924882964
-223.53969161998407	-8.390025760016812
-233.53971775785956	1.6100003778586824
-238.53969076790216	6.609973387901277
-228.53972246722495	-3.389994912775933
-231.0397189024841	-0.8899984775167695
-241.0397419786766	9.110024598675722
-236.03972905212666	4.110011672125779
-226.0397437994059	-5.889973580594983
-224.78973132045738	-7.139986059543503
-234.78971613322008	2.8599987532192017
-239.78971511256512	7.8599977325642385
-229.78971503057326	-2.1400023494276184
-227.28971168866863	-4.640005691332249
-237.2897248915813	5.36000751158042
-232.28971948482265	0.3600021048217741
-222.28970740298405	-9.640009977016831
-222.44974122668822	-9.479976153312663
-232.4496846931815	0.5199673131806151
-237.44969558777478	5.519978207773903
-227.44972023886288	-4.479997141138
-229.94971648700624	-1.9800008929946387
-239.94971517108382	8.019997791082943
-234.949715177232	3.0199977972311274
-224.94974317356213	-6.979974206438754
-226.19971614616946	-5.730001233831416
-236.1996967416689	4.269979361668021
-241.19969182940434	9.269974449403463
-231.199716230928	-0.7300011490728764
-228.69971698444527	-3.2300003955556065
-238.69973579449464	6.770018414493762
-233.69969470360496	1.7699773236040812
-223.69971742310003	-8.229999956900855
-224.31969379164278	-7.6100235883581036
-234.31972541931376	2.3900080393128746
-239.31969548088367	7.389978100882786
-229.31971769395025	-2.609999686050628
-231.81968664939907	-0.11003073060180668
-241.81972939264148	9.890012012640597
-236.81973039734387	4.890013017342994
-226.81971089050333	-5.11000648949755
-225.56977250076946	-6.359944879231421
-235.5697214250895	3.640004045088631
-240.56973729376392	8.640019913763041
-230.56971583085308	-1.3600015491477961
-228.06974183099285	-3.859975549008027
-238.0697160373684	6.139998657367528
-233.06974907549764	1.1400316954967593
-223.06974405786337	-8.859973322137506
-222.759700815232	-9.170016564768872
-232.75973686264888	0.8300194826479981
-237.75971774861364	5.830000368612758
-227.75969926903792	-4.170018110962957
-230.2597148103173	-1.6700025696835894
-240.2597170596805	8.329999679679617
-235.2597440523282	3.330026672327307
-225.2597321924336	-6.669985187567278
-226.50970621824354	-5.420011161757344
-236.50968705158493	4.5799696715840525
-241.50974046820238	9.5800230882015
-231.50971670196168	-0.4200006780392016
-229.00971508781777	-2.9200022921831135
-239.00971566300586	7.079998283004983
-234.009748597397	2.0800312173961117
-224.0097445332617	-7.919972846739171
-223.3897347201413	-8.53998265985959
-233.38970557408481	1.4599881940839339
-238.3897172448336	6.459999864832724
-228.38971794026236	-3.539999439738523
-230.88969074543127	-1.0400266345696139
-240.88971437950875	8.959996999507865
-235.889735887867	3.960018507866124
-225.8897478355351	-6.039969544465777
-224.63968896509994	-7.290028414900945
-234.63972444189437	2.710007061893492
-239.63970119836756	7.7099838183666805
-229.63971963830807	-2.2899977416928152
-227.13972880541348	-4.789988574587397
-237.139691230317	5.209973850316118
-232.1397263301036	0.21000895010271847
-222.1397038893623	-9.790013490638586
-222.2097482334354	-9.71996914656549
-232.2097172062201	0.2799998262192105
-237.20972797686562	5.2800105968647415
-227.20971977650578	-4.719997603495102
-229.70972816665397	-2.2199892133469064
-239.70970302879113	7.779985648790245
-234.70972810747452	2.7800107274736376
-224.70971474863444	-7.220002631366441
-225.9597070008012	-5.970010379199692
-235.95972911316375	4.0300117331628655
-240.9597010738177	9.029983693816831
-230.9597396427459	-0.9699777372549931
-228.45971116695313	-3.4700062130477534
-238.4597154107393	6.529998030738426
-233.45973324524556	1.5300158652446783
-223.4597457336783	-8.469971646322591
-224.08971971549687	-7.839997664504011
-234.08972335363302	2.1600059736321384
-239.0897218324813	7.160004452480422
-229.0897398014991	-2.839977578501788
-231.58969136205502	-0.34002601794585985
-241.58970953271506	9.659992152714182
-236.58972641327165	4.660009033270768
-226.58971462244614	-5.340002757554743
-225.33971492742108	-6.590002452579796
-235.33972813185989	3.410010751859005
-240.3397098485753	8.409992468574416
-230.3397497831898	-1.5899675968110785
-227.83971607628206	-4.090001303718822
-237.83974905909287	5.910031679091986
-232.83973608049433	0.9100187004934526
-222.83973350257526	-9.089983877425624
-223.14969905420998	-8.780018325790905
-233.14973854065204	1.2200211606511573
-238.149729686481	6.220012306480129
-228.149749326779	-3.779968053221893
-230.6497146024841	-1.2800027775167848
-240.649737146549	8.72001976654812
-235.64974007629746	3.7200226962965814
-225.6497203044902	-6.279997075510693
-226.89970837724206	-5.030009002758817
-236.89969831764495	4.969980937644067
-241.8997250931908	9.970007713189915
-231.89973387312523	-0.02998350687565221
-229.39973260049476	-2.5299847795061225
-239.39972065861832	7.47000327861744
-234.39974533043744	2.4700279504365596
-224.39971996028714	-7.529997419713737
-223.77971650839572	-8.150000871605158
-233.77968515875546	1.849967778754575
-238.77972555473752	6.850008174736644
-228.7797308118486	-3.1499865681522863
-231.27970766302315	-0.6500097169777348
-241.27973605070292	9.350018670702042
-236.27970762842597	4.349990248425087
-226.2797184520823	-5.649998927918574
-225.02971861840615	-6.8999987615947305
-235.0298973245226	3.1001799445217273
-240.02970727566753	8.099989895666653
-230.02974967017508	-1.8999677098258019
-227.52974505887323	-4.399972321127649
-237.5295429216203	5.599825541619424
-232.52971642025113	0.5999990402502533
-222.5297017631292	-9.400015616871684
-222.3697424127541	-9.559974967246774
-232.369688263141	0.4399708831401199
-237.3697333552262	5.440015975225322
-227.36970149834073	-4.560015881660149
-229.86970509479565	-2.0600122852052323
-239.8697178546789	7.9400004746780155
-234.8697257407583	2.9400083607574174
-224.8697183120074	-7.059999067993488
-226.11971601199897	-5.810001368001906
-236.11972241253156	4.190005032530678
-241.11972222887184	9.190004848870956
-231.11972051951838	-0.8099968604824994
-228.61968994864569	-3.310027431355195
-238.61971765832263	6.690000278321747
-233.6197097577618	1.689992377760916
-223.61972546491947	-8.309991915081412
-224.23970969944727	-7.690007680553606
-234.2397351540794	2.310017774078517
-239.23974765286854	7.310030272867664
-229.239719924627	-2.6899974553738843
-231.73971573133437	-0.19000164866650948
-241.73970891214137	9.809991532140486
-236.73973944603628	4.810022066035401
-226.73972422390258	-5.189993156098296
-225.48969860180748	-6.440018778193405
-235.4897036575994	3.5599862775985116
-240.4896855815675	8.559968201566619
-230.48969257288715	-1.4400248071137298
-227.98973023292908	-3.939987147071804
-237.98971760405672	6.060000224055841
-232.9897207786207	1.0600033986198127
-222.98970134671103	-8.94001603328985
-222.67970335537976	-9.250014024621123
-232.6797300093298	0.7500126293289213
-237.67970289672522	5.749985516724337
-227.67971916517345	-4.2499982148274285
-230.17971397642614	-1.7500034035747376
-240.17970627676405	8.24998889676317
-235.17971740187605	3.2500000218751666
-225.17971419744973	-6.750003182551154
-226.42971863630228	-5.4999987436985975
-236.4296857237845	4.499968343783621
-241.42974450610782	9.500027126106943
-231.42971839693783	-0.49999898306305113
-228.9297292579453	-2.9999881220555835
-238.9297277968275	7.000010416826626
-233.92971530713695	1.9999979271360644
-223.92973338343145	-7.999983996569426
-223.30968486656027	-8.620032513440606
-233.30974270231562	1.3800253223147365
-238.30974513261552	6.380027752614637
-228.30968813377675	-3.620029246224135
-230.80974759289828	-1.1199697871026046
-240.80973340288008	8.880016022879204
-235.80974830091262	3.880030920911736
-225.80970472753805	-6.120012652462833
-224.55971972919022	-7.36999765081066
-234.5597009125643	2.629983532563415
-239.55971830989282	7.630000929891935
-229.55969343438235	-2.3700239456185273
-227.05970973837728	-4.870007641623602
-237.05968788401995	5.12997050401907
-232.0597421969335	0.13002481693263235
-222.05970340995307	-9.870013970047808
-222.0196998681297	-9.910017511871189
-232.01969126649755	0.08997388649666505
-237.0197207096919	5.090003329691029
-227.0197221593428	-4.9099952206580895
-229.51970543357515	-2.410011946425726
-239.51971427574813	7.589996895747248
-234.51968887527096	2.5899714952700776
-224.51974511692447	-7.409972263076412
-225.76968780987795	-6.16002957012293
-235.76971871820047	3.840001338199585
-240.76970813479988	8.839990754799004
-230.76968816751855	-1.1600292124823284
-228.26974196457297	-3.6599754154279083
-238.26971449902908	6.339997119028197
-233.26973324432242	1.3400158643215434
-223.26973123703124	-8.659986142969643
-223.8897310197566	-8.039986360244285
-233.8897178904548	1.9600005104539093
-238.88968804824196	6.959970668241084
-228.8897161759554	-3.040001204045467
-231.38972121580116	-0.5399961641997209
-241.3897174327825	9.460000052781623
-236.38969784390372	4.459980463902838
-226.38968463327717	-5.5400327467237105
-225.1397143361022	-6.790003043898679
-235.13968674706064	3.209969367059756
-240.13972014368971	8.210002763688834
-230.139690901878	-1.7900264781228827
-227.63970555431354	-4.290011825687344
-237.63971716955473	5.709999789553848
-232.63968625716313	0.7099688771622539
-222.63974686786185	-9.289970512139035
-222.95975004573182	-8.969967334269057
-232.95994570312877	1.0302283231278864
-237.959714071723	6.029996691722118
-227.9597275025805	-3.9699898774203746
-230.45973890282738	-1.4699784771734983
-240.45968825668086	8.529970876679982
-235.45971298208195	3.5299956020810725
-225.45969429430488	-6.470023085695999
-226.70971074229573	-5.220006637705154
-236.70971994031623	4.780002560315353
-241.70974948321935	9.780032103218474
-231.70970146460394	-0.22001591539694232
-229.20971306748805	-2.7200043125128275
-239.2097038149074	7.279986434906533
-234.20971747409357	2.280000094092685
-224.2097153797992	-7.720002000201674
-223.5797068678774	-8.350010512123475
-233.57969352539368	1.6499761453927988
-238.57973977586227	6.650022395861384
-228.5797171516504	-3.350000228350467
-231.07972822234007	-0.849989157660815
-241.07971971158128	9.150002331580396
-236.07969366806066	4.149976288059776
-226.07971873844764	-5.849998641553242
-224.82971793549842	-7.099999444502458
-234.82971856590922	2.900001185908337
-239.8297176676504	7.900000287649533
-229.829747775704	-2.099969604296888
-227.32972773573857	-4.599989644262308
-237.32974913077925	5.400031750778368
-232.3296945044538	0.3999771244529313
-222.3296960320011	-9.600021347999785
-222.48972011553903	-9.439997264461852
-232.48973345742795	0.5600160774270648
-237.48973947647843	5.560022096477553
-227.4897288791553	-4.439988500845573
-229.98971755041018	-1.939999829590704
-239.98971714391425	8.059999763913368
-234.98969250105617	3.059975121055288
-224.9897094482321	-6.9400079317687755
-226.23972034036612	-5.689997039634761
-236.23969951240085	4.309982132399966
-241.23970205730708	9.309984677306204
-231.2397302969775	-0.6899870830233681
-228.73971531243612	-3.1900020675647625
-238.73971804632853	6.810000666327653
-233.73970035209365	1.8099829720927687
-223.7397248978568	-8.189992482144078
-224.35971972262686	-7.569997657374017
-234.35971742399133	2.4300000439904466
-239.35973584128268	7.430018461281804
-229.35968542234886	-2.57003195765202
-231.85971888163303	-0.06999849836785188
-241.8597194798659	9.930002099865021
-236.85969158847556	4.929974208474675
-226.85969359101554	-5.070023788985338
-225.60971788952347	-6.319999490477414
-235.6094632968653	3.6797459168644195
-240.60971919230914	8.680001812308262
-230.6096854988635	-1.3200318811373677
-228.10971508669363	-3.8200022933072546
-238.10971736066594	6.179999980665059
-233.1097358831258	1.180018503124927
-223.10971918890945	-8.819998191091429
-222.79969115598536	-9.130026224015523
-232.799684458249	0.8699670782481235
-237.79974416508006	5.870026785079176
-227.79973294718687	-4.1299844328140125
-230.29974273005385	-1.6299746499470302
-240.29969228325402	8.369974903253137
-235.2997006326291	3.3699832526282307
-225.29972447221328	-6.629992907787596
-226.5497460019574	-5.379971378043479
-236.54968616062573	4.619968780624845
-241.5497097646835	9.619992384682632
-231.54974582738853	-0.3799715526123464
-229.04972924027564	-2.879988139725242
-239.04974186230314	7.120024482302256
-234.049684706622	2.119967326621122
-224.04971707244252	-7.880000307558362
-223.41969278896673	-8.510024591034153
-233.41973156303405	1.4900141830331677
-238.41971994070505	6.49000256070417
-228.4197319594829	-3.509985420517978
-230.91971537435043	-1.010002005650449
-240.9197364152648	8.990019035263913
-235.9197323706982	3.9900149906973184
-225.9197152787689	-6.010002101231976
-224.66971673155936	-7.260000648441519
-234.6697381430064	2.740020763005532
-239.66972507051346	7.740007690512584
-229.66974703011843	-2.259970349882451
-227.16971082644946	-4.76000655355142
-237.16974342819654	5.240026048195659
-232.1697455941691	0.24002821416820552
-222.16972933175262	-9.75998804824826
-222.0997262785716	-9.829991101429272
-232.0996845895209	0.1699672095200242
-237.09974039188847	5.170023011887594
-227.09970820781047	-4.830009172190415
-229.59971918219372	-2.329998197807157
-239.59969655649212	7.669979176491239
-234.59971384826378	2.6699964682628945
-224.59972958928785	-7.329987790713034
-225.8497206441137	-6.0799967358871925
-235.8497335761279	3.9200161961270226
-240.84968451241667	8.919967132415792
-230.8496947293052	-1.0800226506956676
-228.3496853250802	-3.5800320549206788
-238.34973230163843	6.420014921637545
-233.34972043450335	1.420003054502473
-223.349688257011	-8.580029122989885
-223.96971449301367	-7.960002886987212
-233.96970103915504	2.03998365915416
-238.9696922129346	7.039974832933723
-228.9697386439015	-2.959978736099373
-231.46974528820232	-0.45997209179856213
-241.4697071768182	9.53998979681731
-236.4697154260843	4.5399980460834115
-226.4697465474032	-5.459970832597691
-225.2197468906756	-6.709970489325286
-235.21973282513267	3.290015445131786
-240.21969235647288	8.289974976471996
-230.21971785273075	-1.7099995272701278
-227.71968809476442	-4.210029285236459
-237.7197069465023	5.7899895665014185
-232.71972008033384	0.7900027003329626
-222.71971270214232	-9.210004677858564
-223.02968605789647	-8.900031322104411
-233.0296844457298	1.0999670657289187
-238.02974537459704	6.100027994596161
-228.02973620227567	-3.899981177725209
-230.52972200264048	-1.3999953773603977
-240.529732483119	8.600015103118125
-235.52972075925936	3.6000033792584816
-225.52969091004343	-6.400026469957453
-226.7797154875975	-5.150001892403367
-236.7797075430226	4.849990163021715
-241.77973381448282	9.850016434481944
-231.779685702164	-0.15003167783689264
-229.27973962461692	-2.649977755383958
-239.279714871157	7.349997491156131
-234.27974083262052	2.350023452619638
-224.27968453006906	-7.650032849931819
-223.65972403108015	-8.269993348920735
-233.65971436932784	1.7299969893269633
-238.65968740051073	6.729970020509853
-228.65973521345484	-3.2699821665460433
-231.15974058938707	-0.7699767906138106
-241.15971432870617	9.229996948705292
-236.15971855926625	4.230001179265372
-226.15971812106352	-5.769999258937361
-224.90973636003298	-7.019981019967901
-234.90970795271903	2.979990572718151
-239.90971580171288	7.979998421711997
-229.90973875863972	-2.0199786213611617
-227.4097097584214	-4.520007621579481
-237.40971785792806	5.480000477927177
-232.40968655060976	0.4799691706088822
-222.40969502426276	-9.52002235573812
-222.24971987235014	-9.67999750765074
-232.249701150459	0.31998377045812276
-237.24973714437076	5.320019764369874
-227.24970082063257	-4.680016559368312
-229.7496978840306	-2.180019495970271
-239.74974276873283	7.820025388731949
-234.74971916619936	2.8200017861984747
-224.74974268826801	-7.179974691732866
-225.9997339523422	-5.929983427658669
-235.99971004145956	4.069992661458684
-240.99970149413159	9.069984114130705
-230.99973524950357	-0.9299821304973079
-228.4997206408086	-3.4299967391922905
-238.4997176673521	6.570000287351206
-233.4997229362368	1.5700055562359125
-223.49971876026277	-8.429998619738114
-224.129708518392	-7.800008861608887
-234.12971473808065	2.19999735807977
-239.12971449440155	7.199997114400674
-229.12974342753805	-2.7999739524628353
-231.6297148810996	-0.3000024989012786
-241.62971458610227	9.699997206101386
-236.6296912408644	4.699973860863508
-226.62973614474467	-5.299981235256212
-225.37971685782085	-6.550000522180028
-235.379715750773	3.449998370772107
-240.37974808938233	8.450030709381451
-230.37972737144955	-1.5499900085513332
-227.87972144953673	-4.049995930464149
-237.87973711023514	5.95001973023426
-232.8797300460952	0.9500126660943238
-222.87974934706435	-9.049968032936533
-222.55973840581558	-9.369978974185301
-232.5597161023118	0.6299987223109156
-237.55972518932984	5.6300078093289585
-227.55971940725547	-4.369997972745409
-230.05973432573344	-1.8699830542674363
-240.0597189257335	8.130001545732625
-235.05971475382947	3.129997373828587
-225.0597087092331	-6.870008670767788
-226.30971744510978	-5.619999934891098
-236.3097177755274	4.380000395526508
-241.30971659309697	9.379999213096085
-231.30969890976965	-0.6200184702312299
-228.80969563040824	-3.120021749592638
-238.8096925604307	6.879975180429824
-233.8097176352251	1.8800002552242177
-223.80970617785286	-8.12001120214802
-223.18971341628654	-8.740003963714344
-233.1897200669247	1.2600026869238263
-238.18972720894104	6.260009828940156
-228.18975020172016	-3.739967178280722
-230.68970033383462	-1.2400170461662583
-240.68973524686967	8.760017866868793
-235.68971831168543	3.7600009316845444
-225.68971850983067	-6.239998870170211
-224.439687777067	-7.490029602933873
-234.4397027922752	2.509985412274318
-239.43969867350475	7.50998129350387
-229.43970730413653	-2.4900100758643475
-226.9397501444502	-4.989967235550694
-236.9397151042323	5.009997724231425
-231.93978422818705	0.010066848186170319
-221.93970530191305	-9.99001207808783
-221.9397366788618	-9.989980701139075
-231.9397484933435	0.010031113342620301
-236.9397091124121	5.009991732411208
-226.9397018215169	-4.990015558483975
-229.43969049079547	-2.49002688920541
-239.43971957704267	7.510002197041786
-234.43970038312924	2.5099830031283545
-224.43974271299172	-7.4899746670091645
-225.68974500074924	-6.23997237925164
-235.68974738313787	3.7600300031369898
-240.68970713747345	8.759989757472567
-230.68969984295487	-1.2400175370460147
-228.18971791856907	-3.7399994614318075
-238.18971749045173	6.2600001104508465
-233.1897154787936	1.259998098792721
-223.18973338179072	-8.739983998210164
-223.81974621091928	-8.109971169081604
-233.81970744133926	1.8899900613383807
-238.81971714939303	6.889999769392148
-228.81969494104035	-3.1100224389605273
-231.31971567375606	-0.610001706244816
-241.3197315011567	9.390014121155815
-236.31974470559274	4.390027325591859
-226.3197104846968	-5.610006895304082
-225.0697108652012	-6.860006514799693
-235.06969745739755	3.1399800773966717
-240.0696901303291	8.139972750328212
-230.0696851358944	-1.8600322441064918
-227.56971705896652	-4.360000321034363
-237.5696853342661	5.639967954265217
-232.5697047179847	0.6399873379838255
-222.56972012421744	-9.35999725578344
-222.87970720904158	-9.050010170959297
-232.87974331307268	0.9500259330717995
-237.8797028641762	5.949985484175329
-227.87971681891995	-4.050000561080935
-230.3797176976237	-1.5499996823771767
-240.37971940376755	8.450002023766672
-235.37971889410036	3.4500015140994833
-225.3797391076424	-6.549978272358487
-226.62972840224538	-5.299988977755504
-236.62974677917154	4.70002939917066
-241.62973916991322	9.700021789912341
-231.62970221928262	-0.3000151607182602
-229.1296937189414	-2.8000236610594698
-239.12971535832148	7.199997978320596
-234.1296880554888	2.1999706754879185
-224.12972026152383	-7.799997118477052
-223.50968486497777	-8.42003251502311
-233.50969150017454	1.5799741201736595
-238.509727579029	6.5800101990281235
-228.50972838589996	-3.419988994100919
-231.0097170835329	-0.9200002964679754
-241.00970040165384	9.079983021652964
-236.00971610702663	4.079998727025753
-226.00972091509948	-5.919996464901402
-224.7597164093304	-7.170000970670486
-234.75972266966392	2.8300052896630348
-239.75971759339564	7.830000213394754
-229.75973182834105	-2.1699855516598348
-227.25973347536683	-4.669983904634051
-237.25970732608084	5.329989946079962
-232.259699900947	0.3299825209461176
-222.25970436931175	-9.670013010689132
-222.4097378003961	-9.51997957960478
-232.40972059894818	0.4800032189473029
-237.40969171684526	5.4799743368443785
-227.40971958204943	-4.519997797951447
-229.90968865128787	-2.020028728713015
-239.90970608480018	7.979988704799297
-234.909728194786	2.9800108147851176
-224.90971113011517	-7.020006249885711
-226.15971747803349	-5.769999901967395
-236.15972812441294	4.230010744412056
-241.159717113312	9.229999733311132
-231.1597391075801	-0.7699782724207864
-228.65973363787168	-3.269983742129199
-238.6596927923955	6.729975412394623
-233.6597134409369	1.7299960609360312
-223.65971659882496	-8.270000781175924
-224.2896854141824	-7.64003196581848
-234.28972048215545	2.3600031021545647
-239.28970796300362	7.359990583002741
-229.28971824894123	-2.6399991310596533
-231.7896883725323	-0.14002900746856994
-241.78972698983648	9.8600096098356
-236.78971415653157	4.859996776530693
-226.78972878999573	-5.139988590005146
-225.53969545432645	-6.390021925674432
-235.5397478417997	3.6100304617988286
-240.539709724673	8.609992344672122
-230.5397465101685	-1.389970869832382
-228.03973262816888	-3.889984751832003
-238.03971844519563	6.110001065194751
-233.03974284472295	1.1100254647220709
-223.0396912284075	-8.89002615159339
-222.7297021618899	-9.200015218110991
-232.72973097217547	0.8000135921745937
-237.72971233066912	5.799994950668236
-227.72974345106488	-4.199973928936004
-230.2296936843952	-1.7000236956056938
-240.2297011541534	8.299983774152508
-235.229706401514	3.299989021513113
-225.2297099271884	-6.7000074528124856
-226.4797175861597	-5.449999793841187
-236.4797094144262	4.5499920344253155
-241.47971716460708	9.5499997846062
-231.4797203967439	-0.44999698325699455
-228.97972845180013	-2.949988928200753
-238.9797446838413	7.050027303840409
-233.9797194717423	2.050002091741419
-223.97997633838824	-7.94974104161264
-223.3497407641483	-8.579976615852587
-233.34973219342675	1.4200148134258654
-238.34971861699393	6.420001236993045
-228.3497260413364	-3.5799913386644846
-230.84971823377447	-1.0799991462264131
-240.84973894467527	8.920021564674386
-235.84970262054804	3.919985240547163
-225.84970262193048	-6.080014758070405
-224.59968832686383	-7.3300290531370536
-234.5997423382217	2.6700249582208073
-239.59973368387392	7.670016303873041
-229.59971990805235	-2.3299974719485306
-227.09969797925834	-4.830019400742543
-237.0997159961301	5.16999861612922
-232.0997339885874	0.1700166085865078
-222.09971755404678	-9.829999825954104
-222.17971152939427	-9.750005850606613
-232.17971876989614	0.2500013898952602
-237.17971908461405	5.250001704613169
-227.17971859157151	-4.749998788429366
-229.67972955560836	-2.2499878243925195
-239.67970792338602	7.749990543385138
-234.6797170952381	2.749999715237209
-224.67971543645982	-7.250001943541065
-225.92972008588404	-5.999997294116838
-235.92973187822864	4.000014498227756
-240.9297428028789	9.000025422878025
-230.9297364017606	-0.9999809782402735
-228.42971075659298	-3.5000066234078986
-238.42973831665498	6.500020936654096
-233.42971987095862	1.5000024909577405
-223.4297184594365	-8.499998920564394
-224.04972817872797	-7.879989201272906
-234.0497501584173	2.12003277841643
-239.04972256270733	7.12000518270645
-229.0497328903762	-2.8799844896246896
-231.5497005712737	-0.38001680872719135
-241.54971168327282	9.619994303271937
-236.54969867047797	4.619981290477085
-226.54970658920095	-5.380010790799929
-225.2996929048127	-6.630024475188179
-235.29971275532185	3.3699953753209684
-240.299720480954	8.370003100953113
-230.29971648205677	-1.6300008979441145
-227.79970459791687	-4.130012782084009
-237.79973351754214	5.870016137541256
-232.79971270041963	0.8699953204187523
-222.79971429434093	-9.13000308565995
-223.11971260526101	-8.810004774739866
-233.11969898573793	1.1899816057370458
-238.11973442601797	6.19001704601709
-228.11972896766005	-3.8099884123408287
-230.61972757546377	-1.3099898045371106
-240.61970018543056	8.689982805429679
-235.6197091082557	3.6899917282548245
-225.6197497247302	-6.309967655270668
-226.8696934146245	-5.060023965376388
-236.8697187215565	4.9400013415556145
-241.86969196818958	9.939974588188704
-231.86972757020052	-0.0599898098003564
-229.36973554986966	-2.559981830131221
-239.36970348118834	7.439986101187458
-234.36971416899527	2.4399967889943923
-224.36969905821738	-7.560018321783502
-223.7396993039665	-8.190018076034391
-233.73971868585247	1.8100013058515856
-238.73970757036747	6.809990190366591
-228.73968460361445	-3.190032776386431
-231.23972907171353	-0.6899883082873544
-241.23972193647282	9.310004556471938
-236.23969905974533	4.309981679744453
-226.23970784357968	-5.690009536421201
-224.98970878614435	-6.940008593856533
-234.98971310340218	3.0599957234013004
-239.9897500981833	8.060032718182413
-229.9897219950553	-1.9399953849455756
-227.4897145648292	-4.440002815171681
-237.48972026812132	5.560002888120437
-232.48974664493468	0.560029264933803
-222.48974030205952	-9.439977077941364
-222.33971849669666	-9.589998883304219
-232.33970313957485	0.40998575957397065
-237.33971493876794	5.40999755876706
-227.33971726384567	-4.59000011615521
-229.83972760479315	-2.0899897752077266
-239.83969917520022	7.909981795199343
-234.83971666903386	2.9099992890329816
-224.83971333062306	-7.090004049377825
-226.08968650837375	-5.840030871627135
-236.08972856337147	4.160011183370585
-241.0897199685847	9.160002588583808
-231.08973001730425	-0.8399873626966325
-228.58972717855937	-3.339990201441509
-238.5897173316285	6.659999951627611
-233.58971816135505	1.6600007813541708
-223.5897295667442	-8.33998781325667
-224.2097056054551	-7.720011774545782
-234.20971581669227	2.279998436691386
-239.20971860754406	7.280001227543181
-229.20970457537595	-2.720012804624929
-231.70971342261663	-0.22000395738425027
-241.7096961643253	9.779978784324413
-236.7097430459832	4.780025665982322
-226.709737531062	-5.219979848938891
-225.45973318725345	-6.469984192747432
-235.4597406236059	3.5300232436050294
-240.4597446629502	8.530027282949305
-230.4597103225854	-1.4700070574154722
-227.95972336253334	-3.969994017467542
-237.95971681399777	6.029999433996892
-232.95971848360176	1.0300011036008812
-222.95970205184102	-8.97001532815986
-222.64970961956817	-9.28000776043271
-232.64968881484765	0.7199714348467694
-237.64971921443077	5.720001834429894
-227.64971692167194	-4.280000458328942
-230.1496980889807	-1.7800192910201815
-240.14972601246802	8.220008632467142
-235.14969639609365	3.219979016092765
-225.14971564940163	-6.780001730599253
-226.39971039810655	-5.530006981894331
-236.39971254866498	4.469995168664099
-241.39971692434676	9.469999544345882
-231.3996869095016	-0.5300304704992698
-228.89971716026514	-3.03000021973574
-238.89973290118098	6.970015521180102
-233.89974803086318	1.9700306508622987
-223.89971501059256	-8.030002369408322
-223.26971821833808	-8.659999161662796
-233.26970729687514	1.3399899168742593
-238.26969793996454	6.339980559963664
-228.26973787618977	-3.6599795038111154
-230.76973322679464	-1.1599841532062385
-240.76971312263254	8.839995742631658
-235.7696996997563	3.8399823197554213
-225.76972536942253	-6.15999201057835
-224.51973762596958	-7.409979754031298
-234.5197365771785	2.590019197177611
-239.51974250329863	7.59002512329775
-229.51972070633042	-2.409996673670463
-227.019717016012	-4.910000363988871
-237.01971667494058	5.089999294939702
-232.01971257074024	0.08999519073935858
-222.0197261350479	-9.909991244952977
-222.05969770076015	-9.870019679240727
-232.05973722147726	0.13001984147638268
-237.0597133845961	5.1299960045952275
-227.05971756939041	-4.869999810610466
-229.55971408619305	-2.3700032938078266
-239.55969470241806	7.629977322417176
-234.55972583301744	2.6300084530165577
-224.55973316438602	-7.369984215614863
-225.80972466997017	-6.119992710030715
-235.80970476964902	3.879987389648136
-240.8096908941673	8.879973514166409
-230.80969819013924	-1.1200191898616367
-228.30974099743733	-3.61997638256355
-238.3096892537367	6.379971873735826
-233.30968755195616	1.3799701719552786
-223.30973899712833	-8.619978382872546
-223.94004157997202	-7.989675800028863
-233.93972015422347	2.0100027742225848
-238.93970602200002	7.0099886419991435
-228.93971893078756	-2.989998449213317
-231.43969901756478	-0.4900183624361034
-241.43973188956866	9.510014509567782
-236.43969537663375	4.50997799663287
-226.43971666103985	-5.490000718961028
-225.189684596062	-6.7400327839388865
-235.1896849232336	3.259967543232733
-240.18974069469675	8.260023314695871
-230.1897069787266	-1.7400104012742759
-227.68974531495783	-4.239972065043048
-237.68973884419043	5.760021464189549
-232.68974015893414	0.7600227789332621
-222.68969958937683	-9.240017790624051
-222.99968918815895	-8.930028191841927
-232.99971486835122	1.0699974883503387
-237.99972466930805	6.070007289307171
-227.9997167341232	-3.9300006458776693
-230.49971512733256	-1.4300022526683165
-240.4997185703239	8.570001190323012
-235.49971709231679	3.569999712315905
-225.49969606376428	-6.430021316236605
-226.749718152673	-5.179999227327869
-236.74970536702924	4.819987987028355
-241.74971696493932	9.819999584938444
-231.74974406603243	-0.1799733139684463
-229.2497203744558	-2.67999700554509
-239.2497199501365	7.320002570135614
-234.24973802860652	2.3200206486056345
-224.24973717040004	-7.679980209600842
-223.61974861130224	-8.309968768698639
-233.61974005183933	1.6900226718384488
-238.61973821753404	6.6900208375331545
-228.6197206656055	-3.3099967143953677
-231.11972377782863	-0.8099936021722556
-241.1197219779095	9.190004597908626
-236.11974916057792	4.190031780577044
-226.11971857728517	-5.809998802715711
-224.86971952556073	-7.059997854440155
-234.86971766258316	2.9400002825822753
-239.86971640026954	7.939999020268658
-229.86970773840935	-2.0600096415915345
-227.36971768751923	-4.559999692481654
-237.3697398164512	5.440022436450306
-232.36968696288122	0.4399695828803374
-222.36972714093267	-9.559990239068213
-222.52974233789428	-9.399975042106604
-232.5296911756086	0.599973795607724
-237.52972057105944	5.600003191058562
-227.5297195834064	-4.3999977965944765
-230.02971196763428	-1.9000054123665961
-240.029719448783	8.100002068782118
-235.02974116233236	3.1000237823314762
-225.02968619646708	-6.900031183533798
-226.27973387873135	-5.649983501269531
-236.27971890483605	4.3500015248351644
-241.27971942607337	9.35000204607249
-231.27971958775015	-0.6499977922507298
-228.77969994661726	-3.150017433383624
-238.77974071472636	6.850023334725478
-233.77974831705797	1.8500309370570847
-223.77971619797154	-8.150001182029342
-224.40971194701967	-7.520005432981208
-234.40972031090212	2.480002930901236
-239.40970143343372	7.479984053432844
-229.40968951568618	-2.5200278643146987
-231.90968692478316	-0.02003045521772151
-241.90969066952027	9.979973289519393
-236.90972048977244	4.980003109771559
-226.90972673426847	-5.019990645732406
-225.65971629547573	-6.270001084525148
-235.6597328694869	3.7300154894860214
-240.65970330589596	8.729985925895079
-230.65971574266075	-1.2700016373401297
-228.15974939293744	-3.7699679870634384
-238.15970998939417	6.2299926093932925
-233.1597341227597	1.2300167427588065
-223.15971967780104	-8.769997702199845
-222.83970231081713	-9.09001506918375
-232.83972522359596	0.910007843595082
-237.83971139192596	5.909994011925079
-227.8397042528	-4.090013127200876
-230.33971536838595	-1.5900020116149278
-240.3397204529552	8.41000307295431
-235.3397468007866	3.410029420785719
-225.33969522842614	-6.590022151574743
-226.5897182057384	-5.339999174262488
-236.58973315740383	4.660015777402947
-241.5896850932532	9.659967713252314
-231.58973216561805	-0.33998521438283547
-229.08971458080993	-2.8400027991909553
-239.08970955630917	7.159992176308293
-234.08970509943407	2.1599877194331896
-224.0897200785426	-7.839997301458283
-223.4697360514378	-8.459981328563089
-233.46971579110817	1.539998411107291
-238.4697220393395	6.540004659338621
-228.469695004705	-3.4600223752958925
-230.96971885625447	-0.9599985237464068
-240.96971509691997	9.039997716919089
-235.9697141835399	4.039996803539026
-225.96969641158051	-5.960020968420366
-224.7197142269428	-7.210003153058068
-234.71970394722797	2.789986567227089
-239.7197185326308	7.790001152629912
-229.71971417404296	-2.2100032059579178
-227.21973133548585	-4.709986044515034
-237.2197287131616	5.29001133316072
-232.2196941588822	0.2899767788813108
-222.21971695617634	-9.710000423824539
-222.13969625784318	-9.790021122157697
-232.13974389911107	0.21002651911018688
-237.13974701964196	5.210029639641078
-227.13970519529119	-4.7900121847096955
-229.63968865714958	-2.2900287228513037
-239.63972263909034	7.710005259089456
-234.6397189137109	2.7100015337100274
-224.639701436466	-7.290015943534883
-225.88972173277523	-6.039995647225652
-235.88974822072066	3.9600308407197815
-240.88973118094816	8.96001380094728
-230.8897382791614	-1.0399791008394743
-228.3897282631982	-3.5399891168026727
-238.38971885990065	6.460001479899773
-233.38971430939216	1.4599969293912807
-223.3896881864979	-8.540029193502988
-224.00973378654317	-7.919983593457715
-234.00974643056543	2.080029050564548
-239.0097185658974	7.080001185896521
-229.00971756603258	-2.919999813968303
-231.50973972228576	-0.41997765771512263
-241.5097292055566	9.580011825555715
-236.5097328178349	4.580015437834021
-226.5096985782152	-5.420018801785687
-225.2597253754252	-6.6699920045756755
-235.25970830501	3.3299909250091275
-240.25973810485493	8.330020724854052
-230.259710318031	-1.6700070619698693
-227.75973083819963	-4.169986541801251
-237.75971338986574	5.829996009864857
-232.7597003710148	0.8299829910139067
-222.75972714122008	-9.169990238780798
-223.0796971236894	-8.850020256311467
-233.07968976050762	1.149972380506739
-238.07969429561928	6.149976915618396
-228.0797381841374	-3.849979195863483
-230.57972042266766	-1.349996957333218
-240.5797314347954	8.650014054794525
-235.57972972207136	3.6500123420704824
-225.57970398663093	-6.350013393369949
-226.82971791654273	-5.099999463458147
-236.82973573643977	4.900018356438892
-241.82970758104494	9.899990201044062
-231.8297015021679	-0.1000158778329876
-229.3297032766357	-2.6000141033651687
-239.32970298390939	7.399985603908505
-234.32972827466148	2.4000108946605963
-224.32971349668816	-7.6000038833127235
-223.69973641097926	-8.229980969021625
-233.69971668482953	1.7699993048286444
-238.69969732006024	6.769979940059358
-228.69974745602843	-3.2299699239724475
-231.1997166698365	-0.7300007101643757
-241.19970668435593	9.26998930435505
-236.1997150647548	4.269997684753918
-226.1997192938215	-5.729998086179393
-224.9497155199478	-6.980001860053079
-234.94971726459693	3.0199998845960465
-239.9496989474482	8.019981567447331
-229.94974242679194	-1.979974953208938
-227.44971952887494	-4.479997851125944
-237.44971796129715	5.520000581296273
-232.44972106962263	0.5200036896217455
-222.44970223747254	-9.480015142528345
-222.29972049979872	-9.629996880202157
-232.29973400703923	0.37001662703835336
-237.29971379343218	5.369996413431295
-227.2997408729457	-4.629976507055176
