Ea	delta_Ea
206.51028364648664	6.663600867085734
189.63928357543045	-10.207399203970454
201.30944854263547	1.4627657632345574
238.87274878443714	39.02606600503623
171.4522753820229	-28.394407397378018
190.00937379151128	-9.837308987889628
175.94528658792296	-23.901396191477943
166.68999982019886	-33.156682959202044
157.94266451000112	-41.904018269399785
152.509600431531	-47.33708234786991
178.5604985225964	-21.286184256804518
235.67571891729676	35.829036137895855
169.04804650215374	-30.79863627724717
227.94495869458842	28.098275915187514
198.54603577339185	-1.3006470060090578
196.6209801464065	-3.2257026329943983
190.2248643553594	-9.621818424041521
209.66778055056056	9.821097771159657
136.8233371668539	-63.02334561254702
149.33187245616864	-50.51481032323227
249.6513627307504	49.8046799513495
196.39527519802868	-3.451407581372223
191.86244107233415	-7.984241707066758
169.99221148824222	-29.85447129115869
205.75587556517712	5.909192785776213
214.82785037527265	14.981167595871739
225.90291871012596	26.05623593072505
210.8669492937961	11.020266514395189
200.17535531371323	0.328672534312318
222.69210930875124	22.845426529350334
214.3107125615934	14.464029782192483
185.6546192226003	-14.192063556800605
212.1809145392399	12.334231759838985
224.37820764719072	24.531524867789813
181.57579142430222	-18.270891355098684
182.82787067937534	-17.01881210002557
201.07810920795873	1.2314264285578247
225.20545417505673	25.358771395655822
164.19083647357184	-35.65584630582907
174.67797801502456	-25.168704764376344
218.09543857475364	18.248755795352736
194.36162418873027	-5.485058590670633
194.38693609257643	-5.459746686824474
181.6825416274787	-18.164141151922195
184.09163387236185	-15.755048907039054
142.4790089287203	-57.3676738506806
190.74553436911447	-9.101148410286442
224.60687806204078	24.76019528263987
185.07872563315414	-14.767957146246772
200.90265244152397	1.0559696621230614
235.71610857068663	35.86942579128572
201.21613519755556	1.3694524181546512
171.51178240928675	-28.334900370114156
198.58148298265587	-1.265199796745037
215.44279586322955	15.59611308382864
227.22920711625193	27.38252433685102
223.5163771903026	23.669694410901684
251.30227086701052	51.45558808760961
211.36877212062245	11.522089341221545
203.5561518433533	3.7094690639523833
230.85920167866425	31.01251889926334
211.30689272017844	11.460209940777531
175.29229087012936	-24.554391909271544
195.9865680185203	-3.860114760880606
201.51544961376658	1.6687668343656696
187.46915520902257	-12.377527570378334
146.43764307582023	-53.409039703580675
182.3732976183892	-17.47338516101172
190.8265904527634	-9.020092326637496
165.42336341968644	-34.42331935971447
205.96648299422304	6.119800214822135
210.0747743494394	10.228091570038487
194.09350647983774	-5.753176299563165
207.9440537375267	8.097370958125794
176.33725535666053	-23.509427422740373
188.2091379434205	-11.637544835980407
193.5022320042699	-6.344450775131008
205.2654467195389	5.418763940137978
178.5049454506334	-21.341737328767522
200.53374841203185	0.6870656326309472
199.39383627889265	-0.45284650050825803
199.6476011300474	-0.19908164935350214
148.14443378032593	-51.70224899907498
213.62068146248203	13.773998683081118
220.2203139227429	20.37363114334198
177.8663816696817	-21.98030110971922
221.25688943412024	21.41020665471933
232.74517245751485	32.89848967811395
168.24963748827395	-31.59704529112696
164.8147706199088	-35.031912159492094
193.06347476448627	-6.783208014914635
250.8072356634657	50.96055288406478
175.91207336340085	-23.934609416000058
190.64062275515607	-9.206060024244834
206.09013635631368	6.243453576912771
169.04827055962232	-30.798412219778584
214.48732256497897	14.64063978557806
222.95471783993708	23.108035060536167
213.09408051577725	13.247397736376342
203.73210285419918	3.885420074798276
200.11192728077276	0.2652445013718534
180.58090378163615	-19.265778997764755
193.73762414311204	-6.109058636288864
189.96489179438504	-9.881790985015869
251.09547900482357	51.248796225422666
196.5650975781682	-3.2815852012327014
210.29276908497923	10.44608630557832
219.87821112026722	20.031528340866316
185.7912942774692	-14.055388501931702
211.40956375946735	11.562880980066438
178.8590880470001	-20.987594732400794
206.93902419952065	7.0923414201197374
200.24504377587436	0.3983609964734569
227.90058872619556	28.053905946794657
216.41401908342232	16.56733630402141
190.48668209547577	-9.360000683925136
177.75026718236768	-22.09641559703323
205.69628286887928	5.849600089478372
194.56525288668126	-5.281429892719643
178.79668145251708	-21.05000132688383
180.5955993155112	-19.2510834638897
211.55216315736016	11.705480377959248
196.84951876275045	-2.9971640166504585
194.02174219114295	-5.8249405882579595
168.83035490318798	-31.016327876212927
185.2796524616533	-14.567030317747594
191.8548560680847	-7.991826711316207
179.4947390808802	-20.3519436985207
227.32291585685743	27.476233077456527
244.6071701560213	44.760487376620404
190.8208572175863	-9.0258255618146
243.3344578442193	43.48777506481838
162.77551817393612	-37.07116460546479
198.49396877201798	-1.3527140073829287
258.5885537945942	58.74187101519328
161.09272797810672	-38.753954801294185
121.82664370651037	-78.02003907289054
178.63483288223324	-21.211849897167667
165.1555356675126	-34.69114711188831
170.5911698169366	-29.25551296246431
196.0556304377642	-3.791052341636714
173.94366261654795	-25.903020162852954
187.73196143796713	-12.114721341433778
206.11389962766407	6.2672168482631605
198.47386949924294	-1.3728132801579704
183.20619830232863	-16.640484477072278
196.65478646422707	-3.1918963151738353
217.78459178890625	17.937909009505347
161.7003718286087	-38.14631095079221
183.18326536159293	-16.663417417807977
191.72262262300137	-8.124060156399537
214.49977752417908	14.653094744778173
196.10945035931945	-3.7372324200814546
205.9119184110914	6.065235631690484
138.48478918390902	-61.36189359549189
152.09654390118158	-47.75013887821933
171.66973633359567	-28.176946445805243
184.27910011903077	-15.567582660370135
179.01105172903408	-20.83563105036683
207.0911855792947	7.24450279989378
165.84082202026093	-34.00586075913998
169.70891059099813	-30.137772188402778
182.86055670985297	-16.986126069547936
197.55180712328365	-2.294875656117256
225.078387231566	25.231704452165104
211.0126525466003	11.165969767199385
172.82037027552542	-27.026312503875488
232.77054367069468	32.92386089129377
184.4420070313463	-15.404675748054615
214.11083353124513	14.264150751844227
230.94862696771452	31.10194418831361
210.48018656620116	10.633503786800247
188.31457675142155	-11.532106027979353
186.3275165154082	-13.519166263992702
242.30616586919496	42.45948308979405
200.77441249129697	0.9277297118960632
181.36704894416334	-18.479633835237564
202.75883675710384	2.9121539777029284
248.5752278965956	48.7285451171947
231.11238661638527	31.265703836984358
213.28083900444108	13.43415622504017
183.46050352738166	-16.386179252019247
218.7268193368982	18.88013655749728
206.36603017729067	6.51934739788976
187.67192721665924	-12.174755562741666
214.45057055047255	14.60388777107164
188.72394292347963	-11.122739855921282
171.6465463857603	-28.200136393640605
223.89971315663206	24.053030377231153
178.9725006648514	-20.874182114549512
240.9493661079905	41.10268332858959
148.0432125246516	-51.8034702547493
189.6032366829461	-10.243446096454818
211.25087835342856	11.404195574027653
193.98010704183616	-5.8665757375647445
165.0864402986499	-34.760242480751
206.74027204643426	6.893589267033349
212.29643593325818	12.449753153857273
219.185741748719	19.339058969318103
199.7126436947292	-0.13403908467171277
195.8282121087559	-4.0184706706450015
191.71517600718744	-8.13150677221347
192.95019394514043	-6.896488834260481
195.99620907952794	-3.850473699872964
212.02693434000867	12.180251560607758
185.22949653867	-14.617186240730916
231.10276532515854	31.256082545757636
182.57869900629657	-17.267983773104334
177.16257762628084	-22.684105153120072
190.67666964764157	-9.170013131759333
178.09943438499067	-21.747248394410235
201.56698283117657	1.7203000517756664
188.62693922012477	-11.21974355927614
192.24751018907227	-7.599172590328635
195.77799687644801	-4.068685902952893
226.0011744993301	26.154491719929183
218.07883196248258	18.232149183081674
226.82017044047097	26.973487661070067
204.6519767159025	4.8052939365015845
197.0925288554838	-2.7541539239171016
206.09480202356644	6.248119244165537
198.5908736264937	-1.2558091529072044
193.41023664429576	-6.436446135105143
230.8718543356299	31.025171556228997
185.59076284450566	-14.255919934895246
180.63566606254403	-19.211016716856875
186.37997232238718	-13.466710457013733
231.43463397333835	31.587951193937442
183.19618161557446	-16.650501163826448
207.85311276562788	8.006429986226976
233.72950962945606	33.88282685005515
210.83801952085196	10.99133674145105
181.0120826071061	-18.834600172294813
204.73818678028692	4.891504000886016
246.67344129655612	46.82675851715521
205.74742728068668	5.9007445012857715
213.45270426149364	13.606021482092729
206.2964405640164	6.449757784615485
213.4229177982288	13.576235018827902
227.62256635927588	27.77588357987497
207.62984608968327	7.783163310282362
205.5793907703628	5.732707990961899
214.04388647808992	14.197203698689009
160.56969877102347	-39.27698400837744
233.61708550042385	33.77040272102295
172.36379387718202	-27.48288890221889
249.1485514150845	49.301868635683604
258.61168443309725	58.765001653696345
179.28571982387075	-20.560962955530158
198.93009004160558	-0.9165927377953267
171.79903726182965	-28.047645517571254
180.92153703072836	-18.92514574867255
177.8593304493952	-21.987352330005706
187.38645164400077	-12.460231135400136
198.06615080855772	-1.7805319708431853
212.38230925244716	12.53562647304625
157.83762109753116	-42.00906168186975
249.76912469944364	49.92244192004273
208.66294871032187	8.816265930920963
233.57405328690947	33.72737050750857
278.1834336718239	78.33675089242297
165.15935782430643	-34.68732495509448
189.95243683519038	-9.894245944210525
195.0994981469703	-4.747184632430617
197.42732343059106	-2.4193593488098486
174.77840847964399	-25.068274299756922
218.3422971839791	18.49561440457819
185.08527601910282	-14.761406760298087
189.23308056761016	-10.613602211790749
217.14741189231063	17.30072911290972
170.93582292058272	-28.910859858818185
187.24203342666806	-12.60464935273285
207.90602986739032	8.059347087989408
205.19104646064625	5.344363681245341
206.82692956676692	6.9802467873660135
173.83697172270695	-26.00971105669396
188.6461818025855	-11.20050097681542
187.40925278622672	-12.437429993174192
209.60576935160861	9.759086572207707
190.54645271975824	-9.300230059642672
186.31486385844582	-13.53181892095509
164.72086418153776	-35.125818597863145
186.2873838691121	-13.559298910288817
186.67724386169357	-13.169438917707339
160.4284503078561	-39.4182324715448
205.88028676869726	6.033603989296353
240.89605361070426	41.04937083130335
246.73452990593796	46.887847126537054
194.27150695751834	-5.575175821882567
214.50888480122148	14.662202021820576
168.36964003163484	-31.477042747766063
210.07009550234216	10.223412722941248
210.49119174179214	10.644508962391228
201.46385049709716	1.6171677176962476
191.39490562788797	-8.451777151512943
199.5639090761906	-0.28277370321029593
200.7493444146885	0.9026616352875863
223.57990407212128	23.733221292720373
216.94615556754434	17.09947278814343
189.93566745177122	-9.911015327629684
194.25001062053752	-5.5966721588633845
210.95209113125566	11.105408351854749
183.02365736597858	-16.82302541342233
228.55213466037821	28.705451880977307
209.89282650639507	10.04614372699416
222.76202841831764	22.915345638916733
203.35008487296773	3.5034020935668195
229.7828691467621	29.936186367361188
185.81688295818776	-14.029799821213146
226.52731415125163	26.680631371850723
158.70801845757524	-41.13866432182567
196.75034038398007	-3.096342395420834
210.57962854200377	10.732945762602867
196.90790550267866	-2.9387772767222486
188.30376927359976	-11.542913505801152
225.47686684669952	25.630184067298615
178.55891694047568	-21.287765838925225
189.27505839304285	-10.571624386358053
177.02781364980547	-22.81886912959544
213.88704625118407	14.040363471783166
239.37424211498728	39.527559335586375
200.3789510620336	0.5322682826326854
205.07888592864037	5.232203149239467
203.71263621427352	3.8659534348726083
186.71592672437782	-13.130756055023085
198.00506219917224	-1.841620580228664
205.0105484012056	5.163865621804689
171.70269255102176	-28.143990228379153
169.5270945464472	-30.31958823295372
221.23626296730072	21.38958018789981
157.3464080507474	-42.500274728653494
210.96138292621254	11.114700146811629
141.52353563047654	-58.32314714892436
204.03049468084282	4.1838119014419135
170.77845549964695	-29.068227279753955
184.81269034072466	-15.03399243867625
154.75795121361443	-45.088731565786475
203.9359951491715	4.089312369770596
213.4144167943232	13.56773401492228
202.38795574996402	2.5412729705631136
189.44316739255737	-10.403515386843537
227.7665496415284	27.919866862127492
203.34507652958382	3.498393750182913
222.64703421834565	22.800351438944745
187.6965076387787	-12.150175140622196
146.83521328123607	-53.01146949816484
190.7448094773099	-9.101873302091008
170.8651789192263	-28.9815038601746
155.08626130202526	-44.760421477375644
194.82951351217707	-5.017169267223835
226.0972556131237	26.2505728337228
226.81529389559	26.968611116189095
184.41986488166003	-15.426817897740875
232.97700603660633	33.13032325720542
228.92597059011587	29.07928781071496
140.36015018270618	-59.48653259669473
193.12838553066103	-6.718297248739873
189.11459370711964	-10.73208907228127
198.6714354657379	-1.1752473136630215
172.6722682898353	-27.174414489565606
174.8201227080499	-25.026560071351014
183.92608176395152	-15.920601015449392
204.92033232110452	5.073649541703617
218.54394890427648	18.69726612487557
208.20870514560374	8.362022366202837
206.4052402340185	6.558557454617585
196.1179711329887	-3.7287116464121937
191.48110185342566	-8.365580925975252
216.9398358289891	17.09315304958818
166.6834033047653	-33.1632794746356
230.85340254423863	31.006719764837726
196.90757600639972	-2.9391067730011855
207.6261359616292	7.779453182228281
230.60634623724036	30.75966345783945
216.55728406379058	16.710601284389668
186.33140457144964	-13.515278207951269
234.48530818504514	34.638625405644234
225.50159224717936	25.654909467778452
184.89433292774083	-14.952349851660074
157.618987139218	-42.2276956401829
151.25132005655178	-48.59536272284913
172.4233009044401	-27.423381874960796
189.9026828976639	-9.943999881737
238.48031872091724	38.63363594151633
168.5615386621903	-31.28514411721062
204.51584269391697	4.669159914516058
178.1390068876135	-21.707675891787403
173.350042127513	-26.4966406518879
194.4277211414992	-5.4189616379017025
200.41172935147188	0.565046572070969
191.089693228354	-8.7569895510469
185.8718231670773	-13.974859612323598
216.39978484434687	16.55310206494596
218.61992151939467	18.773238739993758
162.00561717777236	-37.84106560162854
200.38494789424294	0.5382651148420337
176.73429836803552	-23.112384411365383
200.80332249445974	0.9566397150588273
170.80402441058504	-29.042658368815864
170.4238516084879	-29.422831170913014
243.00291869230932	43.156235912908414
191.59972051242698	-8.246962266973924
183.39407707833743	-16.452605701063476
219.4927202482868	19.64603746888588
192.29047650333086	-7.556206276070043
185.0057751578679	-14.840907621533006
224.71666622087469	24.869983441473778
237.2523520032446	37.40566922384369
215.37017554321392	15.52349276381301
166.18620001571617	-33.66048276368474
222.2447851658144	22.398102386413484
186.06497388348362	-13.78170889591729
205.52739625815593	5.680713478755024
182.66984426588715	-17.176838513513758
166.38383188145963	-33.46285089794128
193.31376013497356	-6.5329226444273445
188.27128094088403	-11.575401838516882
127.92878292099704	-71.91789985840387
230.57715286727034	30.730470087869435
209.98251539244302	10.135832613042112
167.83908512962626	-32.00759764977465
258.30367131523235	58.45698853583144
187.54698222918114	-12.299700550219768
150.72425781506718	-49.12242496433373
163.01519376437318	-36.83148901502773
196.43026770243887	-3.416415076962039
177.85629908366536	-21.990383695735545
177.5015633939911	-22.345119385409816
134.1748461084062	-65.67183667099471
207.94299275952017	8.096309980119258
223.46266929747617	23.61598651807526
201.4944936506763	1.6478108712753965
206.77994339795987	6.933260618558961
206.99872892454732	7.152046145146414
158.24988683681113	-41.59679594258978
219.57595759727883	19.729274817877922
139.62346241106206	-60.22322036833884
187.83278729811718	-12.013895481283726
213.0043916297218	13.157708850320887
169.93454964011698	-29.912133139283924
202.99073623545155	3.144053456050642
205.472436279495	5.625753500094106
177.1334501555648	-22.71323262383612
151.66319040030749	-48.18349237909342
166.47931990195502	-33.367362877445885
224.60615317022894	24.759470390828028
196.5714239066474	-3.2752588727535112
213.3336493494171	13.486966570016193
215.3648963538949	15.518213574493984
175.53763379649354	-24.30904898290737
207.00097608914712	7.154293309746208
255.95199050130032	56.10530772189941
228.43298880734028	28.586306027939372
163.0238265667722	-36.82285621262872
203.4356880052037	3.5890052258027936
213.3081212960169	13.461438516615999
182.48519455337373	-17.361488226027177
213.54002077436053	13.69333799495962
220.54201431587717	20.69533153647626
191.54752830246798	-8.299154476932927
199.97432963634128	0.12764685694037325
204.6769663723917	4.8302835929907815
200.25598305220774	0.40930027280683134
199.93399929227962	0.087316512878715
194.95741935318438	-4.88926342621653
185.7112925818983	-14.135390197502602
194.46824918332277	-5.378433596078139
187.0323288174095	-12.8143539619914
248.23426515122264	48.387582371821736
207.7410181328696	7.894335353468705
218.01069213281153	18.16400935341062
166.24715682659007	-33.599525952810836
192.41041314743416	-7.436269631966752
172.47567104239533	-27.371011737005574
186.08250308531706	-13.76417969408385
207.2698384596224	7.423155680221498
202.68601808033145	2.839335300930543
209.48058712680722	9.633904347406315
173.09430029870737	-26.75238248069354
201.4119218841588	1.565239104757893
224.2328997899167	24.386217010515793
186.3766114603859	-13.470071319015005
199.58708584417946	-0.25959693522145244
189.02556381361865	-10.821118965782262
198.4426332523724	-1.4040495270285192
189.02042367172726	-10.82625910767365
221.6209366885123	21.774253909111394
209.15491300859776	9.308230229196852
180.33878991876918	-19.507892860631728
181.71054881085	-18.136133968550894
188.96076507617454	-10.885917703226369
180.50073733793397	-19.345945441466938
201.001962618815	1.1552798394141064
216.9217728431977	17.07509006379678
196.50941270768817	-3.3372700717127373
162.6538681491984	-37.19281463020252
189.68949880774016	-10.157183971660743
224.46572185783225	24.619039078431342
213.89084204827896	14.044159268878047
244.45079122390598	44.60410844450507
204.25185027838552	4.405167498984611
206.38208982573997	6.53540704633906
202.53950426669053	2.6928214872896206
218.64806972717815	18.801386947777246
202.18518374232735	2.338500962926446
195.88192000158233	-3.964762777818578
185.49567021954135	-14.351012559859555
214.70037485639978	14.853692076998868
193.37728701679953	-6.46939576260138
155.61121476735207	-44.23546801204884
160.43227246464812	-39.414410314752786
235.74121618684148	35.894533407440576
189.81622307510406	-10.030459704296845
224.78118159151563	24.934498812114725
217.70663297024657	17.859950190845666
223.1717899859068	23.32510720650589
193.99001828978726	-5.8566644896136495
179.90490922385652	-19.941773555544387
187.2328404805976	-12.61384229880332
216.6083559864146	16.7616732070137
200.61599068227315	0.7693079028722423
218.1387343852839	18.29205160588299
174.995414726351	-24.85126805304992
213.01928486135148	13.172602081950572
193.42737045059766	-6.419312328803244
184.17274267541507	-15.673940103985842
242.63770502111583	42.79102224171493
194.02494489493256	-5.821737884468348
171.37023080954896	-28.47645196985195
208.30584064747381	8.459157868072907
231.25876863151825	31.412085852117343
219.1228745184444	19.276191739043497
222.63082300161113	22.784140222210226
163.9221652109336	-35.92451756846731
236.30149165284092	36.454808873440015
214.02174432841275	14.175061549011843
167.02081408029153	-32.82586869910938
227.47679061729286	27.630107837891956
226.46912510908442	26.62244232968351
203.1134406482597	3.2667578688588037
184.90448800293598	-14.94219477646493
241.72803170507905	41.88134892567814
211.39032117700845	11.543638397607538
142.01072882269364	-57.83595395670727
172.0331114155915	-27.813571363809416
160.671486760295	-39.1751960191059
159.0597886807609	-40.786894098640005
208.70906500896945	8.862382229568539
198.77947729430252	-1.067205485098384
187.94066437855122	-11.906018400849689
170.4276737652799	-29.419009014121002
184.23121508437544	-15.615467695025472
212.94777098982377	13.101088210422859
221.46513107991632	21.61844830051541
173.86003646195786	-25.986646317443046
195.64619836644852	-4.200484412952392
225.35219863609382	25.50551585669291
164.75552718966492	-35.09115558973599
285.75545576908917	85.90877298968826
191.43273180025062	-8.413950979150286
149.30070210855047	-50.54598067085044
219.13157256111162	19.284889781710717
167.2676463298185	-32.57903644958242
186.20132155085776	-13.645361228543152
220.50807619955594	20.661393420155036
190.06026119622175	-9.786421583179163
181.28681660119764	-18.559866178203265
225.7524048116975	25.90572203229658
192.63835867048329	-7.208324108917623
197.76948554239652	-2.077197237004384
223.2888270627882	23.44214428338728
207.4625937804958	7.615911001094901
188.3672961554239	-11.479386623977007
132.23569463077365	-67.61098814862726
167.90578176561212	-31.94090101378879
245.5732532343318	45.72657045493088
177.6694219763367	-22.1772608030642
227.38057770498926	27.533894925588356
194.84192431887368	-5.004758460527228
212.30691391479922	12.460231135398317
216.5932650570212	16.74658227762029
180.09771726413055	-19.748965515270356
201.31177478633708	1.4650920069361746
224.5249652880775	24.678282508676602
172.43470147555854	-27.411981303842367
207.0101294956694	7.163446716268481
219.12643241921978	19.279749639818874
188.57626269302273	-11.27042008637818
211.39262765093008	11.545944871529173
212.67601564205688	12.829332862655974
227.65761817300518	27.810935393604268
225.54225208750722	25.695569308106315
169.1280745574295	-30.718608221971408
247.8299007326259	47.983217953224994
210.11227102553676	10.265588246135849
242.42458683042878	42.57790405102787
174.6306228103731	-25.21605996902781
169.79365703292206	-30.053025746478852
227.917524834731	28.070842055330104
214.4376345267192	14.590951747318286
164.1840488503076	-35.66263392909332
218.991207147963	19.144524368562088
233.9925135561607	34.145830776759794
228.86456302834267	29.017880248941765
183.0834279902674	-16.763254789133498
204.96975676235525	5.123073982954338
227.61035522732504	27.763672447924137
205.4286132749221	5.581930495521192
186.38886872179864	-13.457814057602263
209.07132639355632	9.224643614155411
155.3660695387589	-44.480613240642015
207.17461403614652	7.3279312567456145
184.74817497007552	-15.098507809325383
182.32697044211818	-17.519712337282726
180.71771063502456	-19.12897214437635
175.75259716629807	-24.094085613102834
183.31585466264914	-16.530828116751763
180.15802826231084	-19.68865451709007
157.83643491093608	-42.01024786846483
178.07930216258637	-21.767380616814535
182.24446457486056	-17.60221820454035
224.01648663649394	24.16980385709303
190.40568532115503	-9.440997458245874
205.03674994498942	5.190067165588516
166.70304787268287	-33.143634906718034
225.04978695489262	25.203104175491717
203.0396993819195	3.1930166025185827
245.80134373573492	45.95466095633401
264.61840152634977	64.77171874694886
183.0355851311342	-16.811097648266696
203.27885436823635	3.4321715888354447
215.28790625427973	15.441223474878825
150.0998623739397	-49.74682040546122
165.7966695194118	-34.0500132599891
187.62335946572603	-12.223323313674882
207.95960596170335	8.112923182302438
190.96082723520158	-8.88585554419933
205.30477539492495	5.458092615524038
207.85672404480056	8.01004126539965
250.93356453528395	51.08688175588304
172.91741351843666	-26.929269260964247
176.89399876758216	-22.952684011818747
184.34704620488992	-15.499636574510987
224.79462503953891	24.947942260138007
193.629088070149	-6.217594709251898
190.73327710768535	-9.113405671715554
214.3056383189396	14.458955539538692
185.5007444621774	-14.3459383172235
211.89036472394946	12.043681944548553
224.9494223895308	25.102739610129902
197.11364297678665	-2.7330398026142575
179.5409476384866	-20.305735140914294
169.29477990279884	-30.55190287660207
192.72007374667555	-7.126609032725355
201.6127169141473	1.7660341347464055
207.3952447418851	7.5485619624842
163.16379658439473	-36.682886195006176
172.6608018194638	-27.185880959937094
185.31431546977728	-14.532367309623623
227.5400604920178	27.693377712616893
166.30145781271494	-33.545224966685964
167.56995916213236	-32.276723617268544
194.00062806984351	-5.846054709557393
175.0751528248984	-24.771529954502512
229.67011552145777	29.823432742056866
200.39740285343942	0.5507200740385088
187.79720170041765	-12.049481078983263
185.46496116670824	-14.381721612692672
187.5925845136444	-12.254098265756511
175.55048415121746	-24.296198628183447
220.32256979672457	20.475887017323657
209.41006372108404	9.563380941683135
177.84048326246557	-22.00619951693534
234.10836444644883	34.261681667047924
217.5764819416213	17.729799162220388
194.95313590161095	-4.893546877789959
178.14058846974513	-21.706094309655782
188.65033345564734	-11.196349323753566
233.7608908546881	33.914208075287206
175.21163018200423	-24.63505259739668
193.65426158556056	-6.192421193840346
193.11328801134187	-6.733394768059043
201.67103775482246	1.8243549754215564
145.59149664162396	-54.255186137776946
187.46665103733648	-12.380031742064432
178.6962509878963	-21.150431791504616
243.35409582220018	43.50741304279927
220.25607744842273	20.40939466902182
173.6216129573586	-26.225069822042315
215.0218973215524	15.17521454215148
212.4864893846825	12.639806605281592
185.33546913063765	-14.51121364876326
163.30383250127124	-36.54285027812966
224.71086708642542	24.864184307024516
197.93263891792594	-1.9140438614749655
164.97609199615135	-34.870590783249554
223.5927544268461	23.746071647445206
219.4660244600891	19.619341680688194
220.07801766142074	20.231334882019837
191.80249252005888	-8.044190259342031
236.7829516098791	36.936268830478184
196.01864777585524	-3.828035003545665
212.63331292481598	12.786630145415074
156.54184404647094	-43.304838732929966
168.47113806418156	-31.37554471521935
166.823314013056	-33.0233687663449
218.96985578933527	19.123173009934362
199.14709628831406	-0.6995864910868477
188.93574312905548	-10.910939650345426
172.17327913098052	-27.67340364842039
195.35176049510665	-4.494922284294262
190.50856064813706	-9.338122131263844
175.10764115761668	-24.739041621784224
177.74888329801524	-22.097799481385664
209.34685117870686	9.500168399305949
210.23688651674092	10.390203737340016
167.214248163491	-32.632434615909915
162.86711813837974	-36.97956464102117
189.62346775422338	-10.223215025177524
181.00384520023	-18.84283757917092
188.14824703180057	-11.698435747600342
206.238053824085	6.391371044684092
187.64840777255085	-12.198275006850054
187.71205986295718	-12.134622916443732
177.29272865490748	-22.55395412449343
181.04872259288368	-18.79796018651723
171.20989792213004	-28.636784857270868
202.58618070900775	2.7394979296068414
166.45612336419072	-33.39055941521019
240.99325501183193	41.146572232431026
254.448960293259	54.6022775138581
229.25724350902965	29.41056072962874
189.42207963095098	-10.424603148449933
179.4041210153291	-20.442561764071797
221.31758264797463	21.470899868573724
135.55286542970862	-64.29381734969229
156.85275673155638	-42.993926047844525
183.63513655313	-16.21154622627091
216.88473746188538	17.03805468248447
190.7388785443618	-9.107804235039112
237.23446035551206	37.38777757611115
270.11354270303855	70.26685992363764
202.04211645972828	2.195433680327369
209.5686417113402	9.721958931939298
171.48127105422464	-28.365411725176273
222.88552362218616	23.03884084278525
172.5646548064251	-27.28202797297581
136.91144447078977	-62.93523830861113
195.49159871421534	-4.355084065185565
182.38041473792555	-17.46626804147536
173.97443756863868	-25.87224521076223
209.22941870630893	9.382735926908026
228.86648465061262	29.019801871211712
178.28556683073475	-21.561115948666156
132.80704117163987	-67.03964160776104
160.29566330903162	-39.55101947036928
182.55346618155818	-17.29321659784273
234.96330843119358	35.116625651792674
227.5560015218034	27.709318742402502
203.830754038936	3.984071259535085
221.19804139940243	21.35135862000152
199.61610128615575	-0.23058149324515398
196.79264770568227	-3.0540350737186372
177.62446550457753	-22.22221727482338
226.07043461633293	26.223751836932024
172.42171932232668	-27.424963457074227
205.40467207558004	5.55798929617913
222.23443898278674	22.387756203385834
185.95439493359845	-13.892287845802457
244.28044164973835	44.43375887033744
246.74777565620025	46.90109287679934
172.81665355754285	-27.030029221858058
210.41376011716056	10.567077337759656
145.09125539692468	-54.75542738247623
167.70490106659508	-32.14178171280582
207.48842628846614	7.641743509065236
169.5981603030432	-30.24852247635772
182.73181724327333	-17.11486553612758
270.5610645437373	70.7143817643364
209.11337011824799	9.266687338847078
227.76668144002178	27.919998660620877
196.7691875709013	-3.077495208499613
243.47897491043113	43.632292131030226
199.94948561719866	0.10280283779775345
188.03575700351576	-11.810925775885153
201.6714331503572	1.8247503709562807
220.0390712017179	20.19238842231698
189.07861271389265	-10.768070065508255
230.59198678957637	30.74530401017546
177.23598939634758	-22.61069338305333
173.9830703710395	-25.863612408361405
213.08772782759388	13.241045048192973
223.00532846777787	23.158645688376964
221.9887929198485	22.142110140447585
198.80099340106062	-1.0456893783402847
199.578887976857	-0.26779480254390364
165.05312822524138	-34.79355455415953
173.12142443206494	-26.725258347335966
204.59841446042265	4.751731681021738
224.251285682054	24.404602902653096
200.20126031085329	0.354577531452378
144.50659720656404	-55.34008557283687
177.3855148059447	-22.461167973456213
161.66294105177076	-38.18374172763015
195.0797283704651	-4.766954408935817
171.696234424031	-28.150448355369917
247.33197255177947	47.485289772378565
203.98001585150996	4.133333072109053
177.63527298239933	-22.21140979700158
200.7491071773693	0.9024243979683888
209.1079663793347	9.26128359993379
189.92844950636936	-9.918233273031547
163.6126298202753	-36.23405295912562
166.17961009021747	-33.66707268918344
190.0844330429536	-9.762249736447302
167.77338357239296	-32.07329920700795
187.84379247369907	-12.00289030570184
160.5956367177896	-39.251046061611305
188.0466962798455	-11.799986499555416
210.63775168490793	10.791068905507018
227.84523335199992	27.998550572599015
190.37854141802018	-9.46814136138073
194.88493017268775	-4.961752606713162
205.56976947914518	5.723086699744272
186.5316724073964	-13.315010372004508
191.17967866105755	-8.667004118343357
151.035895391964	-48.8107873874369
209.68579081695316	9.83910803755225
173.16677629935566	-26.679906480045247
197.74996618306704	-2.096716596333863
195.6847955600988	-4.161887219302116
245.9852553765886	46.138572597187704
215.12924720794035	15.282564428539445
204.33349088842806	4.486808109027152
174.38126661937713	-25.46541616002378
217.5013567909191	17.654674011518182
201.64770941855386	1.8010266391529512
220.5836626450373	20.736979865636386
191.65685516651064	-8.18982761289027
202.83160930440317	2.9849265250022654
194.29532953819853	-5.551353241202378
182.16587312334923	-17.68080965605168
197.58739272098046	-2.259290058420447
203.61651556094148	3.769832781540572
212.3477714528999	12.501088673498998
238.95261868150095	39.10593590210004
211.54485492998174	11.698172150580831
217.57518372629875	17.72850094689784
182.6924477103521	-17.15423506904881
225.37163891632008	25.524956136919172
224.21501473210992	24.368331952709013
219.76288742401812	19.91620464461721
187.09524283615974	-12.751439943241166
182.37975574537995	-17.466927034020955
198.41414500443534	-1.4325377749655672
221.60457390349256	21.757891124091657
235.852783625558	36.006100846157096
188.02198405922172	-11.824698720179185
202.77821113808022	2.9315283586793157
214.4647850197798	14.618102240378903
228.0323213369411	28.185638557540187
211.14567019281822	11.298987413417308
237.22271710827317	37.376034328872265
222.10712162212712	22.260438842726217
210.95110264242612	11.104419863025214
221.3523115553544	21.505628775953483
220.90320813253493	21.05652535313402
211.3502544299663	11.50357165056539
166.60136532221804	-33.245317457182864
228.3708458098772	28.524163030476302
190.42724096747042	-9.419441811930483
182.58971077180513	-17.256972007595778
215.2106327878646	15.36395000846369
152.77319745152272	-47.07348532787819
255.51422834026016	55.66754556085925
222.84743385279398	23.000751073393076
166.84960781580594	-32.99707496359497
195.58563695109478	-4.261045828306123
152.48389972207588	-47.36278305732503
217.00678288214476	17.160100102743854
199.36736454816128	-0.47931823123963113
275.27233408219763	75.42565130279672
173.7268851061508	-26.119797673250105
198.06595311079127	-1.7807296686096379
191.35685539804945	-8.48982738135146
172.34507848876092	-27.50160429063999
165.1180389914225	-34.7286437879784
152.45516764689455	-47.391515132506356
200.09347548937512	0.24679270997421554
231.66234225906283	31.815659479661917
205.53642445609876	5.6897416766978495
184.67357701341825	-15.173105765982655
196.14479212977858	-3.701890649622328
258.15276202128007	58.30607924187916
204.58563000495633	4.738947225555421
156.8068249508251	-43.039857828575805
175.9028474677025	-23.94383531169842
190.61347226209728	-9.233210517303633
189.8458118406021	-10.000870938798812
163.9709306596369	-35.875752119764
197.1386649239089	-2.7080178554920167
165.61498527337608	-34.23169750602483
184.8175668855929	-15.029115893808012
222.64782500940055	22.80114222999964
212.19257870737783	12.345895927976926
175.6158562121766	-24.230826567224312
209.33103535750934	9.484352578108428
210.67254649154347	10.825863712142564
221.90105465174565	22.054371872344745
196.97709972041775	-2.869583058983153
200.5471918600506	0.700509080649681
208.0235348289816	8.176852049580702
188.5669115887422	-11.279771190658721
161.9602784903327	-37.886404289068196
228.00484134761064	28.15815856820973
166.60512157974972	-33.24156119965119
240.71436936467217	40.86768658527126
216.23569569939082	16.38901291998991
197.590489985967	-2.256192793433911
209.11989414448908	9.273211365088173
145.33949789049802	-54.507184888902884
204.90471419767073	5.05803141826982
170.83479936266667	-29.011883416734236
190.8943348869052	-8.952347892495709
234.99892697852192	35.152244199121014
197.0319937998413	-2.8146889795596053
177.0035627239704	-22.843120055430518
209.18539800396138	9.338715224560474
178.94660884756559	-20.900073931835323
214.08473742626302	14.23805464686211
224.33280306048255	24.48612028108164
215.64464528129247	15.797962501891561
163.14409270714987	-36.70259007225104
219.21341284589653	19.36673006649562
209.78968758238807	9.943004802987161
213.22001399208602	13.373331212685116
200.12161381226815	0.27493103286724363
194.84611551149283	-5.000567267908082
219.30403091145126	19.457348132050356
232.26239451538277	32.41571173598186
183.23060738638196	-16.616075393018946
231.16925767344947	31.322574894048557
211.23624871881475	11.389565939413842
196.1036050954026	-3.743077683998308
215.49367008809168	15.646987308690768
243.18914339701587	43.34246061761496
233.66604864688998	33.81936586748907
211.77700482549426	11.930322046093352
181.88643392244694	-17.960248856953967
209.67687464775008	9.830191868349175
181.9064672959612	-17.940215483439715
201.21415821991104	1.367475440510134
220.1957796301067	20.34909685070579
226.83456283776377	26.98788005836286
158.905979819594	-40.94070295980691
232.51093487360777	32.66425209420686
186.32791191093565	-13.518770868465253
205.2503557901473	5.403673010746388
189.65219982941198	-10.194482949988924
229.271095532431	29.424412753030083
196.63986291893343	-3.2068198604674762
197.19443546341427	-2.652247315986642
189.31611362891272	-10.53056915048819
173.6474454653253	-26.199237314075617
171.01457253030094	-28.83211024909997
206.8932439870723	7.046561207671402
204.3611112431754	4.514428463774493
192.1217744105379	-7.724908368862998
216.95221829900402	17.10553551960311
204.97950985209536	5.132827072694454
207.54931720007698	7.702634420676077
236.56904262814714	36.72235984874624
209.2928796888591	9.446196909458195
223.17439630144145	23.32771352204054
186.3871553411791	-13.459527438221812
186.1105168586164	-13.736165920784515
223.743136526753	23.896453747352098
206.65045136187837	6.80376858247746
206.89915515024722	7.052472370846317
198.98478642325472	-0.8618963561461896
187.15646324405316	-12.690219535347751
229.14114220156625	29.294459422165346
222.90358001805726	23.056897238656347
180.39156863210155	-19.455114147299355
208.13417308819044	8.287490308789529
193.15863328870665	-6.6880494906942545
216.6909277529303	16.844244973529385
188.0339118243719	-11.81277095502901
198.32553027624454	-1.5211525031563724
205.74717027358747	5.900487494186564
202.50208666970138	2.6554038903004766
200.9100331580803	1.063350378679388
146.77260898897657	-53.074073790424336
209.4426027962254	9.595920016824493
165.41214736648521	-34.43453541291569
206.2300141149717	6.3833313355708015
205.04349802870638	5.196815249305473
218.39804795369128	18.551365174290368
211.76573605289013	11.919053273489226
179.68559650321367	-20.161086276187234
169.04392779871705	-30.802754980683858
213.91103358001146	14.064350800610555
195.5154542445307	-4.331228534870206
202.39217330228712	2.5454905228862117
200.27265556372004	0.42597278431912855
205.34857203979482	5.501889260393909
171.6023279856563	-28.244354793744606
201.67018106450644	1.8234982851055292
221.2205789446125	21.37389616521159
191.61916079264847	-8.227521986752436
233.636196284373	33.78951350497209
204.7094547051056	4.862771925704692
180.11367806369162	-19.733004715709285
219.17341858802683	19.326735808625926
213.53244236003593	13.685759580635022
200.0783186607223	0.23163588132138102
226.3033225835061	26.45663980410518
202.04211645973191	2.195433680331007
222.24122660604917	22.39454382664826
192.0138314308424	-7.832851348558506
225.19621509950684	25.349532320105936
187.79311594660066	-12.053566832800243
208.46577813936528	8.619095359964376
200.12691277136287	0.28022999196195997
161.41575294626523	-38.43092983313568
183.11617992000174	-16.730502859399166
134.5921860903327	-65.25449668906822
172.03996493811428	-27.806717841286627
213.3369192704522	13.490236491051292
256.24624385472816	56.399561075327256
184.79324347057081	-15.053439308830093
221.8980891852625	22.0514064058616
252.01984785470268	52.17316507530177
192.68646512662963	-7.16021765277128
150.23442865265497	-49.61225412674594
210.69930158907664	10.852618809675732
133.8618246471524	-65.98485813224852
156.79087733111373	-43.055805448287174
235.24545609147754	35.39877331207663
184.49261765918345	-15.354065120217456
157.70602028529356	-42.140662494107346
165.2607767777372	-34.585906001663716
196.8296830869914	-3.016999692409513
216.43069159492734	16.58400881552643
225.12649368771963	25.279810908318723
209.05964904557072	9.212966266169815
170.91882091279638	-28.92786186660453
161.33766232909693	-38.50902045030398
261.8679643204159	62.021281541015014
208.67434928143666	8.827666502035754
210.71238259119355	10.865699811792638
193.3279943740563	-6.518688405344619
212.0242720101087	12.177589230707781
165.5219355253157	-34.324747254085196
228.69375215937544	28.847069379974528
186.67039033916808	-13.176292440232828
145.08565396025006	-54.76102881915085
184.59548639623972	-15.251196383161187
197.24894732715074	-2.597735452250163
195.4318676294838	-4.4148151499171036
189.56178605155088	-10.284896727850025
174.2532573165372	-25.593425462863706
196.6719202705208	-3.1747625088801215
200.78337478997128	0.9366920105703684
218.7276364876634	18.880953708262496
184.76715395551582	-15.079528823885084
206.99879482380857	7.152112044407659
194.8948150609358	-4.95186771846511
205.0993805969374	5.2526978175365
227.84110146870626	27.99441868930535
197.41303647210225	-2.433646307298659
211.91659262743633	12.069909848035422
165.20357622441043	-34.64310655499048
191.51681924964214	-8.329863529758768
176.61067136565907	-23.236011413741835
208.7190289763239	8.87234619692299
228.46439639227356	28.61771361287265
198.76418866714266	-1.0824941122582459
177.8151120492912	-22.031570730109706
160.7760029787314	-39.070679800669495
195.0316548639439	-4.815027915456994
183.72884529373187	-16.117837485669043
167.14160741470187	-32.70507536469904
181.39772504736538	-18.448957732035524
209.6279774005343	9.781294621133384
182.37711977517756	-17.469563004223346
182.3615675509991	-17.48511522840181
195.5818147943064	-4.264867985094497
194.07827057208124	-5.76841220731967
213.92408163250002	14.077398853099112
191.34851255236208	-8.498170227038827
195.57166630903885	-4.275016470362061
199.76299072555048	-0.08369205385042733
187.89759921541008	-11.949083563990825
207.67695746708523	7.830274687684323
192.04671515909058	-7.799967620310326
208.1404335174302	8.293750738029303
171.74987641758344	-28.09680636181747
192.60010415295255	-7.246578626448354
199.86454147750192	0.017858698101008486
240.5587153243614	40.71203254496049
243.75851955014514	43.91183677074423
185.82806606176018	-14.018616717640725
187.8532490167927	-11.99343376260822
204.60968982296254	4.763007043561629
239.04259093435212	39.19590815495121
189.43299913750343	-10.413683641897478
192.3455023812612	-7.501180398139695
199.2443635887048	-0.6023191906961074
187.6599994515018	-12.186683327899118
208.4327626126178	8.5860798332169
204.65128543271703	4.804602653316124
203.90446894558045	4.05778616617954
220.8502251315149	21.003542352113982
181.21953346184546	-18.62714931755545
206.68544386627946	6.838761086878549
172.68300986840768	-27.163672910993228
159.14670979810398	-40.69997298129692
150.0215740590029	-49.82510872039802
202.04059418693487	2.1939114075339603
186.0274772073899	-13.819205572011015
200.29710418733157	0.4504214079306621
214.51532974836118	14.668646968960275
197.85336211416507	-1.9933206652358422
177.54637488740264	-22.300307891998273
214.0843486206577	14.237665841256785
223.39268428866671	23.546001509265807
165.48148656259764	-34.36519621680327
200.4652131868279	0.618530407426988
241.0171369018408	41.17045412243988
206.50402321726597	6.657340437865059
203.5904853552056	3.7438025758046933
206.42751418221087	6.580831402809963
190.44430887451017	-9.402373904890737
219.9231280524691	20.076445273068202
180.3205358251373	-19.526146954263595
196.99560423122966	-2.8510785481712446
202.75318391901055	2.906501139609645
174.41583077862742	-25.430852000773484
175.72406278888593	-24.122619990514977
221.85209150527226	22.005408725871348
198.94735564641815	-0.8993271329827621
204.9910422217199	5.144359442319001
174.36508835227323	-25.481594427127675
178.90165896573308	-20.94502381366783
206.51740076603346	6.670717986632553
234.95793764190967	35.11125486250876
199.5441392996945	-0.30254347970640083
202.1912464737943	2.3445636943934005
181.21959936110125	-18.627083418299662
217.99909056897286	18.152407789571953
188.68777082241104	-11.158911956989868
174.57879963624328	-25.267883143157633
195.61374957328553	-4.232933206115376
241.33065919742512	41.48397641802421
177.9919856497072	-21.854697129693704
240.03890200093883	40.192219221537925
211.40046966227737	11.553786882876466
178.90469033146292	-20.94199244793799
204.2117374018676	4.365054622466687
236.03176600213374	36.18508322273283
213.33802637793588	13.491343598534968
204.27867127516947	4.4319884957685645
236.57009701622883	36.72341423682792
213.99551642492588	14.148833645524974
296.04424055298296	96.19755777358205
184.64444954270584	-15.202233236695065
219.94401152637874	20.097328746977837
185.61784743830867	-14.228835341092235
209.3258952156175	9.479212436216585
219.7384388003993	19.8917560209984
212.99266156232989	13.145978782928978
160.7402855825161	-39.106397196884814
162.4743585785909	-37.37232420081
214.79639007093283	14.949707291531922
222.5433746902263	22.696691910825393
191.00557282934628	-8.84110995005463
200.47036650857308	0.6236837291721713
182.34733331191637	-17.499349467484535
208.19776586927037	8.351083089869462
214.5844119373769	14.737729157975991
220.92086913286767	21.074186353466757
177.8020639967981	-22.04461878260281
176.05177978400025	-23.794902995400662
194.89007031457732	-4.956612464823593
229.4214117330812	29.574728953680278
215.92320143218103	16.076518652780123
169.4516398994761	-30.3950428799248
198.82455897464934	-1.0221238047515726
189.97826934315162	-9.868413436249284
192.71717417946638	-7.129508599934525
190.17550581336764	-9.671176966033272
206.06719682564744	6.220514046246535
224.14195881801788	24.295276038616976
177.84311923266432	-22.003563546736586
187.49894167228922	-12.347741107111688
167.6527879357418	-32.19389484365911
228.98983751209016	29.143154732689254
264.85979049740854	65.01310771800763
131.10539060901647	-68.74129217038444
202.98352685695318	3.1368440775522686
209.2426644565562	9.395981677155305
207.82985032861325	7.9831675492123395
218.91908700329077	19.072404223889862
215.04548925483687	15.198806475435958
202.23915523217875	2.392472452777838
230.81326989794616	30.96658711854525
157.4266074440966	-42.42007533530432
207.75946992427635	7.912787144875438
177.53055906619556	-22.316123713205343
183.80298195561045	-16.04370082379046
176.6339338026703	-23.21274897673061
203.40942715209349	3.5627443726925776
255.2434417115437	55.3967589321428
184.54111951086452	-15.305563268536389
206.06790194767746	6.221219168276548
138.23239503726654	-61.614287742134366
235.29402384241257	35.44734106301166
157.02923493644266	-42.817447842958245
224.16948625481564	24.32280347541473
231.42706214893678	31.580379369535876
252.20825382473413	52.36157104533322
178.4205944042278	-21.426088375173094
181.17748973714333	-18.669193042257575
223.77200040045136	23.925317621050453
130.80403331591515	-69.04264946348576
197.1875753509703	-2.659107428430616
186.72100096701433	-13.125681812386574
197.0764098977097	-2.7702728816911986
216.50871631285463	16.662033533453723
192.3062264252767	-7.540456354124217
205.06478348806195	5.218100708661041
197.32445469353115	-2.522228085869756
180.13817940670015	-19.70850337270076
177.28192117708386	-22.56476160231705
184.38765991574792	-15.45902286365299
183.78077390667386	-16.06590887272705
211.0937745295014	11.24709175010048
122.97190685915848	-76.87477592024243
190.79437889692235	-9.052303882478554
198.27940079773543	-1.5672819816654737
182.9236532695404	-16.9230295098605
201.13824227814564	1.291559498744732
187.4231575290396	-12.423525250361308
170.43900843713345	-29.407674342267455
193.9619452071529	-5.884737572248014
199.68964485473407	-0.15703792466683808
235.59557883329398	35.74889605389308
214.3606048875481	14.513922108147199
199.222814532317	-0.6238682470839194
250.74818993097097	50.90150715157006
206.78402915175866	6.9373463723577515
196.3326050065334	-3.514077772867495
174.42209120785265	-25.424591571548262
203.69803293936718	3.851350159966273
231.94831866606182	32.101635886660915
196.11994811063596	-3.726734668764948
195.32830036032829	-4.518382419072623
209.9025795961279	10.055896816727
200.27285326148512	0.42617048208421693
168.41814188331773	-31.428540896083177
197.64004622572247	-2.206636553678436
196.93070664491097	-2.915976134489938
195.17030689646163	-4.676375882939283
240.34764001059375	40.50095723119284
154.99749500553298	-44.849187773867925
247.9114840103157	48.06480123091478
189.4696457132086	-10.377037066192315
164.76323740250155	-35.08344537689936
153.96116332141173	-45.885519457989176
211.65035963723858	11.803676857837672
183.1249708806181	-16.721711898782814
232.24084545900405	32.39416267960314
200.84841735465307	1.0017345752521578
221.8194713740595	21.972788594658596
235.9029988578659	36.05631607846499
217.33489527279016	17.488212493389256
187.32918519140685	-12.517497587994058
211.44205209218023	11.595369312779326
191.43121611739207	-8.41546666200884
209.78112726916152	9.934444489760608
167.83328599518063	-32.01339678422028
182.11655412090113	-17.73012865849978
194.01275353276287	-5.833929246638036
228.72481047825704	28.878127698856133
207.1825878460004	7.33590506659948
206.04022426057645	6.193541481175544
206.6049808759235	6.758298096522594
159.81822320655192	-40.02845957284899
157.16946855108472	-42.67721422831619
196.79225231015153	-3.0544304692493824
186.40883619606757	-13.43784658333334
191.5373139179428	-8.309368861458097
186.52178751914676	-13.324895260254152
211.44475396163398	11.59807118223307
217.67117917105315	17.824496391652247
199.7060537692305	-0.1406290101704144
218.5172597060009	18.670576926600006
215.67113678179157	15.824454002390667
198.51307955596712	-1.3336032234337836
200.61052104410192	0.7638382647010076
183.24246266235969	-16.604220117041223
192.95401610192494	-6.892666677475972
181.63094251080838	-18.215740268592526
178.8671277561116	-20.979555023289294
216.6055091386006	16.758826359199702
204.39518115801184	4.54849837861093
220.68284102381585	20.836158244414946
181.15126183366738	-18.69542094573353
182.76379683373943	-17.082885945661474
186.85484235391777	-12.991840425483133
165.10581467961765	-34.740868099783256
171.78671410114657	-28.059968678254336
180.47803504458352	-19.368647734817387
202.67297002784198	2.8262872484410764
176.12077630398608	-23.72590647541483
187.65644748166233	-12.190235297738582
205.80364593512422	5.956963155723315
192.11797202352318	-7.728710755877728
196.48430509153695	-3.3623776878639546
181.92155822536097	-17.92512455403994
193.2558287588963	-6.590854020504594
177.25200291531655	-22.594679864084355
233.28706203138427	33.44037925198336
177.85471750154738	-21.991965277853524
134.6169642102177	-65.2297185691832
200.37308602833218	0.526403248931274
226.53851702460088	26.69183424519997
191.60953950142175	-8.237143277979158
179.99242343449214	-19.85425934490877
169.9225559757033	-29.924126803697618
212.03415689835515	12.187474118954242
135.393059736336	-64.45362304306491
192.47052644784685	-7.376156331554057
169.85692031772123	-29.989762461679675
179.95123640012025	-19.895446379280656
232.89450016935007	33.04781738994916
219.04069748846814	19.194014709067233
185.4422872100431	-14.404395569357803
194.2952306893185	-5.551452090082421
229.99394446053338	30.147261681132477
195.4340027653452	-4.412680014055695
199.7372241168414	-0.10945866255951842
196.70193079124874	-3.1447519881521657
202.51066016277582	2.663977383374913
211.422018718662	11.575335939261095
246.6099144147338	46.763231635332886
213.5407456661669	13.694062886766005
179.0526671085645	-20.794015670836416
189.6405949706059	-10.206087808795019
186.67533278329483	-13.171349996106073
235.37975877316603	35.533075993765124
196.11375358067016	-3.7329291987307442
255.83838018567621	55.99169740627531
170.89298840483752	-28.953694374563383
207.3344197295155	7.487736950114595
178.32770940430783	-21.518973375093083
134.57235041456443	-65.27433236483648
195.27479016526195	-4.57189261413896
243.33676431814092	43.490081538740014
198.81960335067288	-1.0270794287280296
175.08244128250408	-24.76424149689683
211.76357455732614	11.91689177792523
210.89884453321838	11.052161753817472
210.66106684132683	10.81438406192592
217.6607011895103	17.814018410109384
180.7009722242492	-19.14571055515171
212.63179724195288	12.785114462551974
225.77828344914406	25.931600669743148
210.30186318217147	10.455180402770566
226.60362548854027	26.756942709139366
232.76527173029535	32.918588950894446
203.5331134638027	3.6864306844017847
220.52225771922622	20.67557493982531
253.4704222557666	53.6237394763657
179.169803034325	-20.676879745075894
195.01567429460556	-4.831008484795348
167.04199410084948	-32.80468867855143
214.57305749573425	14.72637471633334
165.9751247019376	-33.871558077463305
219.94740533800723	20.10072255860632
161.45641278660332	-38.390269992797585
179.20007056214854	-20.64661221725237
205.23144270396165	5.38475992456074
221.47260405543375	21.62592127603284
216.45950933914764	16.612826559746736
180.12507863480823	-19.721604144592675
218.05685456094307	18.210171781542158
205.49998216809036	5.653299388689447
192.1103738394204	-7.736308939980518
229.3664517544148	29.519768975013903
217.12526974263892	17.278586963238013
182.64084859369177	-17.205834185709136
188.96671577890265	-10.879967000498254
182.658245997005	-17.18843678239591
196.43237647859496	-3.414306300805947
218.82507512610755	18.97839234670664
200.58297515551385	0.7362923761129423
238.3215015163696	38.4748187369687
183.78960440684523	-16.05707837255568
184.4001610044179	-15.446521774983012
192.0416409164518	-7.8050418629491105
190.74546846986004	-9.101214309540865
221.9790226963014	22.13233991690049
200.9598529948671	1.113170215466198
187.3593670501965	-12.487315729204397
188.08554389066921	-11.761138888731693
217.7047218918451	17.858039112444203
203.3723983607092	3.5257155813083045
193.67936920171633	-6.167313577684581
202.27045737830122	2.4237745989003088
223.79269935644152	23.94601657704061
213.3737635439211	13.527080764520178
223.83434109567315	23.987658316272245
218.32246150821993	18.475778728819023
201.4198956940163	1.5732129146153966
244.22765634648385	44.38097356708295
207.59505128303863	7.748368503637721
206.5448807553621	6.698197975961193
219.4804432170822	19.633760437681303
216.78048484047395	16.933802061073038
186.54261168372614	-13.304071095674772
182.06712967964995	-17.779553099750956
270.53832930076896	70.69164652136806
199.26417290475456	-0.5825098746463482
200.2832653437763	0.4365825643753851
199.5366926838833	-0.30999009551760537
177.8606484344964	-21.98603434490451
177.47988253910444	-22.36680024029647
197.2366768858701	-2.610005893530797
175.8974437287934	-23.949239050607503
194.94997273737124	-4.896710042029667
181.65486394037362	-18.19181883902729
206.76748843875976	6.920805659358848
230.7791736234053	30.932490844004406
205.16824531841485	5.321562539013939
224.77509250035655	24.928409720955642
170.11814496454645	-29.728537814854462
206.7315074455255	6.884824666124587
210.01658530727582	10.16990252787491
229.96442159428625	30.117738814885342
223.81925016628156	23.972567386880655
213.62806217903926	13.781379399638354
224.16469406098986	24.31801128158895
206.0297462790295	6.183063499628588
170.04097693693257	-29.805705842468342
231.61691131266616	31.770228533265254
238.4031704630852	38.55648768368428
208.98592095907952	9.139238179678614
205.08323527946777	5.236552500066864
207.76525587886067	7.918573099459763
184.70197959232098	-15.144703187079926
226.36131392790412	26.514631148503213
220.18635603664006	20.339673257239156
185.45151771869132	-14.395165060709587
206.38573405454372	6.5390512751428105
229.10423861876916	29.25755583936825
223.9206691197287	24.073986340327792
211.73345859778055	11.886775818379647
209.9935864672807	10.146903687879785
188.43473745298797	-11.411945326412933
189.55947957762692	-10.287203201773991
160.17506767238228	-39.671615107018624
198.85344920803618	-0.9932335713647262
180.7146133700371	-19.132069409363794
199.8168106471103	-0.029872132290620357
192.98136429275428	-6.865318486646629
174.38327654665045	-25.463406232750458
166.94021929142764	-32.90646348797327
221.05701699370184	21.21033421430093
192.32230584350327	-7.524376935897635
183.46972942307548	-16.37695335632543
245.59196862274985	45.74528584334894
184.21604507587472	-15.63063770352619
222.15028563414944	22.303602854748533
220.99267955104415	21.14599677164324
211.17773018037406	11.331047400973148
177.9256250999224	-21.92105767947851
191.37052290353313	-8.47615987586778
207.2028848165428	7.356202037141884
194.92301994207733	-4.923662837323576
180.0774598331427	-19.769222946258196
159.40444178441248	-40.442240994988424
224.64028898433025	24.793606204929347
205.85028942781446	6.003606648413552
168.99054281223653	-30.85613996716438
213.50502826995535	13.658345490554439
179.8566709691877	-19.99001181021322
201.80217727227136	1.9554944928704572
220.0944924751675	20.24780969576659
179.57870791160076	-20.26797486780015
223.80468643092172	23.958003651520812
177.09377880406464	-22.752903975336267
211.72910924696225	11.882426467561345
235.70101764128776	35.854334861886855
205.53266819856435	5.685985419163444
189.69283989996984	-10.153842879431068
202.87825213809992	3.0315693586990164
212.40688308463723	12.560200305236322
184.19666410498758	-15.650018674413332
213.13118179633602	13.284499016935115
169.4198369190126	-30.426845860388312
196.6985435695351	-3.1481392098658034
220.64099499688018	20.794312217479273
184.28819817017484	-15.55848460922607
222.5201913323176	22.6735085529167
206.17887629309553	6.3321935136946195
218.07968865280418	18.233005873403272
213.6566756355628	13.809992856161898
182.19530373063162	-17.651379048769286
206.04734138011554	6.2006586007146325
217.1053681676276	17.258685388226695
167.33666920950054	-32.510013569900366
169.1456037592543	-30.701079020146608
202.60384170934412	2.757158929943216
198.7968417479933	-1.0498410314075954
191.32841327958982	-8.518269499811083
212.71953551005936	12.872852730658451
170.60652434334952	-29.240158436051388
241.00907083302445	41.162388053623545
210.64684578209562	10.800163002694717
185.5964565401382	-14.250226239262702
216.36825864074945	16.521575861348538
248.2752544878458	48.428571708444906
182.61653045060484	-17.230152328796066
269.943786222153	70.09710344275209
208.48857928159123	8.64189650219032
246.34625149548083	46.49956871607992
242.8599173089533	43.01323452955239
207.2292445185376	7.3825617391366904
174.59962380082288	-25.247058978578025
199.67659680224824	-0.1700859771526666
211.36560895638104	11.51892617698013
203.5807322654673	3.7340494860663966
209.6357535126299	9.789070733228982
207.41297164148273	7.566288862081819
203.19904378050705	3.3523610011061464
170.90999041262694	-28.93669236677397
198.77502909459145	-1.071653684809462
220.60254937151876	20.755866592117854
168.4719156753854	-31.37476710401552
207.46101219837874	7.614329418977832
216.60354534080034	16.75686256139943
199.660780981043	-0.18590179835791787
202.12205225604066	2.275369476639753
207.06495767582965	7.218274896428738
241.61692556116031	41.77024278175941
211.7001794740172	11.853496694616297
210.53679402624584	10.690111246844936
192.87045584659063	-6.9762269328102775
156.44978278722192	-43.39689999217899
187.36852704664147	-12.478155732759433
232.26832544834178	32.421642668940876
184.71865869376234	-15.128024085638572
223.76811234440174	23.921429565000835
201.27801459800685	1.4313318186059405
193.49840984748153	-6.348272931919382
229.30813091374148	29.46144813434057
211.8632142308852	12.016531451484298
224.55580613941856	24.709123360017657
224.67309363346521	24.826410854064306
187.1801144866713	-12.666568292729607
194.52923235389744	-5.317450425503466
159.45268003907404	-40.39400274032687
228.67048972235716	28.823806942956253
252.52213197632955	52.67544919692864
210.14728329971786	10.300600520316948
149.55665481497272	-50.29002796442819
170.50929658252426	-29.33738619687665
195.14595712174196	-4.70072565765895
239.81497633241815	39.96829355301725
184.25215127769206	-15.594531501708843
219.90707499395103	20.06039221455012
187.15613374776876	-12.690549031632145
188.99729303322016	-10.849389746180748
225.09084219075885	25.24415941135794
161.75922645325136	-38.08745632614955
241.36710148544807	41.52041870604717
186.34689089637686	-13.499791883024045
177.69742718273483	-22.14925559666608
189.06095171354718	-10.785731065853724
216.91215155197278	17.065468772571876
170.57462910392496	-29.272053675475945
197.96644523574105	-1.8802375436598595
218.41452276745258	18.567839988051674
190.10275303584422	-9.743929743556691
176.11734954272106	-23.72933323667985
222.23628416192514	22.389601382524233
200.76169393507007	0.9150111556691627
213.381203569812	13.53452079041108
178.75305614570243	-21.093626633698477
216.79359879222466	16.94691601282375
262.8826151496505	63.03593237024961
203.96033174404147	4.113648964640561
188.63399044040852	-11.212692338992383
208.66755506824666	8.820872288845749
218.4172905361629	18.570607756762
240.69855354347237	40.851870764071464
214.39539310425607	14.548710324855165
207.92171389008217	8.075031110681266
190.8173118376617	-9.029370941739217
199.45023286131982	-0.396449918081089
182.23504098139892	-17.611641798001983
158.52508212569228	-41.32160065370863
196.2879846209662	-3.5586981584347086
218.75331083741185	18.906628058010938
182.02704316283962	-17.81963961656129
201.06700518348953	1.2203224040886198
193.4526098652641	-6.394072914136814
173.63756057707724	-26.20912220232367
209.0416058295499	9.194923050148986
163.35385003581905	-36.49283274358186
237.4664586827348	37.6197759033339
209.2584868676804	9.411804088279496
223.49186266744073	23.64517988803982
222.71145074010383	22.86476796070292
211.84153337599128	11.994850596590368
196.38822397774493	-3.458458801655979
238.0413637833626	38.194681003961705
186.7447905980655	-13.101892181335415
210.59111741811193	10.744434638711027
186.7101275899331	-13.1365551894678
191.77002395712293	-8.076658822277977
236.04949290172954	36.20281012232863
226.7568412564142	26.910158477013283
204.1133959436338	4.266713164232897
213.8319544740101	13.985271694609196
191.5614396351957	-8.285243144205197
211.75138319515145	11.90470041575054
228.83239101204526	28.985708232644356
216.93785226142063	17.091169482019723
164.13345799224226	-35.71322478715865
190.99410635897584	-8.852576420425066
170.76178298813466	-29.084899791266253
170.69199567708347	-29.15468710231744
176.25349740355887	-23.59318537584204
162.5689240095162	-37.27775876988471
181.51159896000536	-18.33508381939555
162.5098782770292	-37.336804502371706
170.3481992637462	-29.498483515654698
178.92571219380807	-20.92097058559284
195.66932900494794	-4.177353774452968
221.83106964293256	21.984386863531654
190.75317868269758	-9.093504096703327
149.95468631516997	-49.89199646423094
229.96956173617582	30.122878956774912
182.02567904826356	-17.821003731137353
175.4031993162862	-24.443483463114717
219.60189554404496	19.755212764644057
211.65523618210682	11.808553402705911
206.20187513309065	6.355192353689745
218.67904237702533	18.832359597624418
181.9916882125326	-17.8549945668683
189.23828660876097	-10.608396170639935
190.88218965421038	-8.964493125190529
170.32286100020247	-29.523821779198443
183.92555456991172	-15.921128209489183
154.56499819497185	-45.28168458442906
199.43266411993682	-0.4140186594640909
133.59091280985012	-66.25576996955078
204.18614872114995	4.33946594174904
189.98525466418505	-9.861428115215858
251.5766753648302	51.7299925854293
227.3511866372619	27.504503857860982
209.90786471637693	10.061181936976027
204.17474815003516	4.328065370634249
201.04690591071994	1.200223131319035
216.18778694100183	16.341104161600924
243.72267035541518	43.87598757601427
234.33406939482666	34.48738661542575
201.55914081983246	1.7124580404315566
214.45575023191304	14.609067452512136
207.8970016694584	8.050318890057497
202.70222270713566	2.8555399277347533
212.79891775262877	12.95223497322786
145.37237502882545	-54.47430775057546
210.19655617267563	10.34987339327472
217.96405523005342	18.11737245065251
179.39221301995076	-20.45446975945015
169.55337516934378	-30.293307610057127
201.79044720487582	1.9437644254749102
161.6454777491963	-38.20120503020462
236.63099978971695	36.784317010316045
209.75855677432446	9.911873994923553
186.55045369507206	-13.296229084328843
221.23975562781925	21.393072848418342
189.22187769425938	-10.624805085141531
180.02688874486194	-19.819794034538972
235.11774333527865	35.27106055587774
186.43084654724703	-13.415836232153879
203.0561610158154	3.2094782364144976
193.62163486441023	-6.225047914990682
212.21280977866263	12.366126999261724
199.8310646559621	-0.015618123438798648
164.29772506518202	-35.548957714218886
207.51636757257074	7.669684793169836
184.57835258994214	-15.268330189458766
192.49931124243142	-7.34737153696949
204.02726561734744	4.180582837946531
239.25377827685588	39.407095497454975
244.85745552652224	45.01077274712134
175.27561835861047	-24.571064420790435
212.08384493662743	12.237162157226521
224.4991920894454	24.65250931004448
208.1284398530115	8.281757073610606
197.4420189644515	-2.4046638149494015
188.05928303754627	-11.787399741854642
210.9531191596343	11.10643638023339
189.17693440235598	-10.669748377044925
217.78689826283517	17.940215483434258
217.99059286004922	18.14391008064831
172.14217468261268	-27.70450809678823
165.59165693710383	-34.25502584229707
161.519412474383	-38.32727030501792
198.44770749500458	-1.3989752843963288
228.9496389665328	29.102956187131895
229.22516375169653	29.37848097229562
191.1361719729057	-8.710510806495222
197.72050921608388	-2.1261735633170247
194.8010404210695	-5.045642358331406
191.44742733412568	-8.39925544527523
212.3115927619001	12.464909982499194
179.8050718525301	-20.041610926870817
200.26969009724417	0.4230073178432576
240.64734982233495	40.80066704293404
197.3789533774161	-2.4677294019847977
232.66793853065974	32.82125575125883
220.28658880349758	20.439906024096672
203.65098087130173	3.8042980919008187
176.30061537088113	-23.546067408519775
229.32295824611356	29.47627546671265
187.48740930265922	-12.359273476741691
218.96359536011562	19.11691258071471
198.3455636497547	-1.501119129646213
263.49172196362633	63.645039184225425
173.43518396497166	-26.41149881442925
181.3490057281433	-18.497677051257597
199.043331321398	-0.8033514580029077
172.25743247960781	-27.589250299793093
164.4001984067072	-35.4464843726937
192.39273237731913	-7.453950402081773
229.03978914736945	29.19310636796854
161.51228876491587	-38.33439401448504
187.52675115789498	-12.31993162150593
211.6738856712691	11.827202891868183
180.3829424196192	-19.463740359781696
232.94390484082487	33.09722206142396
198.38516910200997	-1.4615136773909398
193.89775933278816	-5.948923446612753
231.98245448016678	32.13577170076587
181.86508256382876	-17.981600215572143
209.10012436799298	9.253441588592068
183.31704084924058	-16.529641930160324
184.02552373973958	-15.821159039661325
182.12695302334578	-17.71972975605513
217.95751143403322	18.110828654632314
186.8426509917408	-13.004031787660097
208.1164330087522	8.269750229351303
180.9985073605767	-18.848175418824212
215.87713785293454	16.03045507353363
203.59312132540435	3.7464385460034464
187.30216649685462	-12.544516282546283
207.84685233640266	8.000169557001755
183.7270660138529	-16.119616765548017
180.0734795181379	-19.773203261263006
221.3919829068691	21.54530012746818
216.35457795541333	16.507895176012426
211.77576591950128	11.929083140100374
171.57102583952837	-28.275656939872533
170.79236024245074	-29.054322536950167
215.12211031862444	15.275427539223529
256.43239607025316	56.585713290852254
224.41280475606982	24.56612197666891
192.14826591104656	-7.698416868354343
214.15622493808905	14.309542158688146
186.2426382749618	-13.604044504439116
160.5655207582572	-39.2811620211437
169.96170013317533	-29.88498264622558
240.3223346966697	40.475651917268806
226.40322585408467	26.55654307468376
212.21103049877456	12.364347719373654
193.16963846428916	-6.677044315111743
204.89596936653288	5.049286587131974
204.48005939845143	4.633376619050523
181.24094083483305	-18.605741944567853
184.41307725841034	-15.433605520990568
168.81248302523	-31.034199754170913
196.6242882890083	-3.2223944903926167
192.7996932265719	-7.046989552829018
210.44525996105222	10.598577181651308
207.43689307104796	7.590210291647054
178.53941076099363	-21.307272018407275
181.52056125868694	-18.32612152071397
189.90498937157827	-9.94169340782264
217.4228707782163	17.576187998815385
186.49101256706126	-13.355670212339646
176.28967609455867	-23.557006684842236
178.65928150584114	-21.18740127355977
215.45874348293728	15.612060703536372
233.2615590197056	33.41487624030469
230.973569835729	31.126887056328087
197.81665622912624	-2.0300265502746697
189.58807985429667	-10.258602925104242
200.87899460897097	1.0323118295700624
222.10026809960982	22.253585320208913
191.51938932057965	-8.32729345882126
210.5561025079587	10.709419728557805
188.56762178501322	-11.279060994387692
212.47366538965434	12.626982610253435
204.75749526199797	4.910812482597066
251.11564417684713	51.26896139744622
197.69494030514306	-2.151742474257844
230.15473864272644	30.308055863325535
208.2472562097812	8.400573430380291
174.73794633706348	-25.10873644233743
175.80340549190623	-24.043277287494675
197.4061038704749	-2.4405789089259997
190.12522468180072	-9.721458097600191
185.505621007047	-14.341061772353896
177.92555920067025	-21.921123578730658
145.5509685997822	-54.2957141796187
218.40740564791122	18.56072286851031
167.615423058156	-32.231259721244896
198.90500878515286	-0.941673994248049
158.44653021373233	-41.40015256566858
153.31218745817296	-46.53449532122795
214.35348117807735	14.506798398676438
241.15826674635355	41.31158396695264
238.70661676258896	38.85993398318806
222.8311567368114	22.9844739574105
190.2351446391424	-9.611538140258517
199.69419190333065	-0.15249087607026013
186.10345904840506	-13.743223730995851
232.21494705179066	32.36826427238975
226.93654852480176	27.089865745400857
204.85542155492658	5.008738775525671
217.48448658164125	17.63780380224034
205.84003550373745	5.993352724336546
188.45092231001036	-11.395760469390552
197.10250600268773	-2.744176776713175
168.48261112447744	-31.364071654923464
191.1985983371651	-8.648084442235813
159.9312404288812	-39.9154423505197
189.70010858779278	-10.146574191608124
236.79831931614717	36.951636536746264
209.69229507342243	9.845612294021521
195.70828864450732	-4.138394134893588
228.36748494786843	28.520802168467526
179.0317440951112	-20.8149386842897
145.71242177455315	-54.13426100484776
222.40900610928293	22.56232332988202
226.81608468665218	26.969401907251267
225.22382688735343	25.377144107952518
168.80352072655296	-31.043162052847947
240.80254256785702	40.95585978845611
195.87243050886093	-3.974252270539978
222.78805862404624	22.941375844645336
152.31658151361626	-47.53010126578465
264.25173807152896	64.40505529212805
202.00834309153834	2.1616603121374283
184.87423365496397	-14.972449124436935
240.03092819106632	40.184245411665415
202.32397416328604	2.477291383885131
235.367303813975	35.520621034574106
197.08935659714734	-2.757326182253564
186.50359932476204	-13.343083454638872
207.2047958949363	7.358113115535389
211.56508600126836	11.718403221867447
143.41491014822532	-56.43177263117559
146.2805392519149	-53.56614352748602
175.24181204079468	-24.604870738606223
182.7012452608942	-17.145437518506697
181.67885126919646	-18.16783151020445
149.67978098301774	-50.16690179638317
215.61037766869413	15.76369488929322
227.41194575037298	27.56526297097207
181.03712432400425	-18.809558455396655
198.5364144821615	-1.3102682972394177
212.9046596972039	13.05797691780299
222.9597723127954	23.113089533394486
182.26443204912903	-17.58225073027188
183.91415399879406	-15.932528780606845
220.00638517123298	20.15970239183207
214.88147918899176	15.034796409590854
231.8999486128887	32.053265833487785
189.3651756242591	-10.481507155141799
176.4540947357782	-23.39258804362271
201.57680182017066	1.7301190407697504
186.83606106623847	-13.010621713162436
154.7360726609586	-45.11061011844231
189.3587833965239	-10.487899382877004
229.1651295303891	29.318446750988187
199.383957980569	-0.4627247988319141
214.6720381767518	14.825355397350904
226.7667261446677	26.920043365266793
206.13978485502957	6.293102075628667
184.3357115330282	-15.51097124637272
234.8496651659516	35.002982386550684
184.53176181665913	-15.31492096274178
184.6081588229772	-15.238523956423705
213.38173076385215	13.53504798445124
153.9114752831356	-45.93520749626532
233.56034624186577	33.713663462464865
218.6003586665538	18.753675887152895
234.50147986222692	34.65479708282601
179.2213692013638	-20.625313578037094
202.9939652989433	3.1472825195423866
179.9159143994366	-19.93076837996432
212.0444305922092	12.197747812808302
201.87025120268663	2.023568423285724
179.18733223615527	-20.659350543245637
211.0119935540497	11.165310774648788
145.62337870119518	-54.22330407820573
186.0276090059033	-13.819073773497621
130.8467360331415	-68.99994674625941
188.71615363153978	-11.130529147861125
232.86702018001597	33.02033740061506
162.91318171762396	-36.93350106177695
210.27168132338375	10.424998543982838
245.07920651959284	45.23252374019194
192.83376314140696	-7.012919637993946
180.72324617244158	-19.12343660695933
202.459614599853	2.612931820452104
205.23394687564723	5.3872640962463265
217.20200283515624	17.355320055755328
196.3842700224468	-3.4624127569541088
221.18250235507185	21.33581957567094
218.03343396571472	18.186751186313813
185.64545922615434	-14.201223553246564
259.4493957626473	59.60271298324642
199.18650404280197	-0.6601787365989367
224.28445277710125	24.437769997700343
242.17924390406552	42.33256112466461
218.29168655613466	18.445003776733756
212.13656434062796	12.289881561227048
185.65369663302408	-14.192986146376825
177.354871652371	-22.491811127029905
230.71626619458038	30.869583415179477
201.06498866628863	1.2183058868877197
192.78037156500432	-7.066311214396592
184.70165009604898	-15.145032683351928
239.03881490704407	39.19213212764316
235.28216197651273	35.43547919711182
200.64788592169498	0.8012031422940709
191.3782990156251	-8.468383763775819
181.89637812002547	-17.950304659375433
206.3753351521018	6.52865237270089
217.95283258692635	18.10614980752544
202.70611735310376	2.859434573702856
174.06129278672552	-25.78538999267539
216.1329785306225	16.286295751221587
212.08157141232732	12.234888632926413
212.50368909023382	12.657006310832912
203.19067457512028	3.3439917957193757
216.25843094236916	16.41174816296825
240.45821896048437	40.611536181083466
237.92584238934433	38.07915960994342
217.08876155536564	17.24207877596473
214.17436700299368	14.327684223592769
197.1870547468534	-2.6596280325475163
200.77408299501985	0.9274002156189454
179.47313730508904	-20.373545474311868
236.9621975834816	37.1155148040807
170.59584866403748	-29.250834115363432
193.52720782192046	-6.319474957480452
166.78047949730535	-33.06620328209556
212.42414868945343	12.577465910052524
236.0241216885479	36.177438909146986
194.0142099062973	-5.8324728731035975
175.21011449914295	-24.63656828025796
192.42155012152762	-7.4251326578732915
174.962003804063	-24.88467897533792
207.21494438020454	7.368261600803635
262.71971219129045	62.87302941188955
203.06665217721093	3.2199693978100186
206.23660404047405	6.389921261073141
201.21547620500132	1.3687934256004155
186.25917898797343	-13.58750379142748
196.99726489245404	-2.849417886946867
192.05719314063663	-7.78948963876428
238.15899395353335	38.31231117413245
178.82370014706544	-21.02298263233547
211.07591583139583	11.229233051994925
201.41337166776066	1.5666888883597494
211.23568857514783	11.389005795746925
182.57620142453015	-17.270481354870753
216.71743243329183	16.870749653890925
205.06884947210074	5.22216669269983
202.46207264206487	2.6153898626639602
195.7340638201158	-4.112618959285101
169.5591874836391	-30.2874952957618
184.9591184853325	-14.887564294068397
198.38354798033834	-1.4631347990625727
206.0856156674181	6.238932888017189
198.7845185873157	-1.0621641920852198
229.84151948370527	29.99483670430436
242.16296678807703	42.31628400867612
201.26984309037834	1.423160310977437
191.96565907543845	-7.881023703962455
207.08195968361542	7.2352769042145155
