dH	delta_dH
-441.99775398376437	10.088135873763463
-419.8314682154512	-12.07814989454971
-424.1587828099613	-7.7508353000396255
-456.72684923340125	24.817231123400347
-419.5291293866328	-12.380488723368103
-415.2099495010168	-16.699668608984098
-415.8152283755833	-16.094389734417632
-421.5936490408319	-10.315969069169
-384.4448195417451	-47.46479856825579
-412.65131090048885	-19.258307209512054
-422.59355042591847	-9.31606768408244
-466.81119104877394	34.90157293877303
-416.39641206087185	-15.513206049129053
-460.49547262138844	28.585854511387538
-416.23253258819136	-15.677085521809545
-427.38267973868756	-4.526938371313349
-423.21546151192183	-8.694156598079076
-432.58697442903303	0.6773563190321283
-381.5006779460866	-50.40894016391428
-394.1882230829517	-37.7213950270492
-453.2262220882851	21.316603978284206
-451.32629043131806	19.41667232131715
-420.44268990391106	-11.466928206089847
-406.91325255792526	-24.996365552075645
-440.02025080729277	8.110632697291862
-425.4263510169478	-6.483267093053087
-450.5047796964802	18.59516158647932
-448.9246919637874	17.015073853786475
-423.2707093106876	-8.638908799313299
-453.90448498581213	21.994866875811226
-428.89630437841083	-3.013313731590074
-435.7502308462432	3.840612736242292
-458.0679747167717	26.15835660677078
-452.71553168174546	20.805913571744554
-420.3739542086689	-11.535663901331986
-389.9602670799443	-41.94935103005662
-418.16145818731206	-13.748159922688842
-469.55970994042696	37.65009183042605
-399.58128758187127	-32.32833052812964
-434.6836691692017	2.774051059200815
-455.11787836995904	23.208260259958138
-431.17075019262234	-0.7388679173785704
-420.5098482885935	-11.399769821407403
-415.28148655673	-16.62813155327092
-421.39053985039686	-10.519078259604044
-392.98112605135543	-38.928492058645475
-407.90418785308543	-24.005430256915474
-428.64445747031755	-3.2651606396833586
-424.98225770762133	-6.927360402379577
-434.68759461108607	2.7779765010851634
-470.4466453275138	38.5370272175129
-451.3386189469759	19.42900083697498
-417.38812102614907	-14.521497083851841
-433.67800941469363	1.7683913046927273
-435.35519845444037	3.4455803444394633
-444.583521876609	12.673903766608078
-419.9897201873839	-11.919897922616997
-476.027058043642	44.117439933641094
-449.5320738690946	17.62245575909367
-434.56866437882604	2.6590462688251364
-438.9805074419139	7.070889331913008
-429.9186491716912	-1.9909689383097202
-433.87691204066255	1.96729393066164
-425.6452063496454	-6.264411760355529
-449.13712295550454	17.22750484550363
-417.15606656056593	-14.753551549434974
-383.18105554458566	-48.728562565415245
-441.5914111337527	9.681793023751766
-440.4749002733299	8.565282163329016
-382.96469833296555	-48.94491977703535
-440.119829270335	8.210211160334097
-446.8973129707749	14.987694860774013
-414.95255268396727	-16.957065426033637
-455.21042229087584	23.300804180874934
-418.47903154794153	-13.430586562059375
-422.5371789065605	-9.372439203440422
-443.48293626721807	11.573318157217159
-412.2325013622367	-19.677116747764217
-429.0053064808917	-2.904311629109202
-425.5893817482838	-6.320236361717093
-422.2320882119293	-9.677529898071612
-446.8097989294847	14.900180819483808
-395.73841156262733	-36.17120654737357
-448.7230638180197	16.813445708018776
-453.9857083761642	22.076090266163305
-414.0895914991188	-17.82002661088211
-453.90673382561454	21.99711571561363
-432.0471138826115	0.13749577261057766
-410.18827964433785	-21.721338465663052
-419.06186982017334	-12.847748289827564
-417.7581216681938	-14.151496441807126
-468.98201556415825	37.07239745415734
-438.3569713492386	6.447353239237714
-410.75098991700247	-21.158628192998435
-436.5197326967548	4.610114586753866
-409.4309117737455	-22.478706336255414
-440.39554518611726	8.485927076116354
-463.03577414234564	31.12615603234474
-453.0971039387864	21.187485828785498
-425.070089063737	-6.8395290462639196
-434.2023623767916	2.2927442667906917
-420.00624621990096	-11.903371890099947
-420.2159802614758	-11.6936378485251
-396.2003617872167	-35.7092563227842
-468.9858062568153	37.07618814681439
-430.490826367876	-1.4187917421248812
-428.7866543463631	-3.122963763637813
-453.9882008068587	22.07858269685778
-408.9517864687257	-22.95783164127522
-453.58998791890076	21.680369808899854
-433.0248397667881	1.1152216567871847
-432.80375033930136	0.8941322293004532
-454.8027063741381	22.89308826413719
-440.2364501447871	8.326832034786207
-440.1494088551906	8.23979074518968
-424.5439606672196	-7.365657442781298
-428.1961021216837	-3.7135159883172264
-435.33455729959564	3.4249391895947383
-429.32050649130065	-2.589111618700258
-422.400247314278	-9.50937079572293
-421.10094802798517	-10.808670082015738
-438.9795371213884	7.069919011387469
-443.4129895517242	11.503371441723289
-414.90297820908813	-17.006639900912774
-403.30754531160505	-28.602072798395852
-425.7727664900401	-6.136851619960794
-425.5320952310128	-6.3775228789880885
-411.8158176964123	-20.09380041358861
-454.6928733079319	22.783255197931
-444.38511653086493	12.475498420864028
-413.42232093511734	-18.487297174883565
-457.00700094053786	25.097382830536958
-400.3649083803666	-31.54470972963429
-427.6881241066119	-4.221494003389012
-468.34060735232083	36.430989242319924
-412.6182638977059	-19.291354212295005
-380.66396689801945	-51.24565121198145
-424.75870216874205	-7.150915941258859
-415.6666284981827	-16.24298961181819
-400.0023670602411	-31.907251049759793
-418.5366636181317	-13.372954491869223
-422.19742361361216	-9.712194496388747
-419.8483250737323	-12.06129303626858
-447.69018185019024	15.780563740189336
-441.30964884239086	9.40003073238995
-442.5765599898697	10.666941879868773
-436.1618582854463	4.252240175445422
-431.99370012204975	0.0840820120488388
-390.34548582340733	-41.564132286593576
-420.9916565541936	-10.917961555807324
-434.6343555421919	2.7247374321909774
-439.21181022709436	7.302192117093455
-448.54774984963854	16.63813173963763
-440.1197992172057	8.21018110720479
-379.97009539982184	-51.93952271017906
-386.0458605444802	-45.8637575655207
-410.3621132942111	-21.547504815789807
-426.75013640540635	-5.159481704594555
-397.9709732592404	-33.93864485076051
-422.5388253870973	-9.370792722903616
-404.9020985612891	-27.007519548711798
-408.0176146178404	-23.892003492160484
-429.12260233098493	-2.7870157790159737
-432.02072487716066	0.11110676715975387
-451.8220683372714	19.912450227270483
-459.1312739180379	27.221655808036985
-398.1119810318909	-33.79763707811003
-462.95533849340643	31.045720383405524
-425.84380668450865	-6.065811425492257
-434.1690517077583	2.259433597757379
-465.3080096487123	33.398391538711394
-445.1489840167982	13.239365906797275
-428.21816261067875	-3.69145549932216
-421.92034758198247	-9.989270528018437
-473.29773702514035	41.388118915139444
-417.52902155836387	-14.38059655163704
-416.5192881437481	-15.390329966252807
-443.089616459378	11.179998349377115
-435.99562397350496	4.086005863504056
-468.0232301072285	36.11361199722762
-442.4221697713813	10.512551661380371
-401.0817726414291	-30.82784546857181
-452.2252848720575	20.315666762056594
-427.88342937981474	-4.026188730186163
-408.0414606515053	-23.868157458495602
-459.98124276259773	28.071624652596824
-411.430825291701	-20.478792818299894
-388.5548152162821	-43.354802893718784
-442.7655720427331	10.855953932732177
-428.2636660098117	-3.64595210018922
-462.2102982591689	30.300680149167988
-389.8124490642233	-42.097169045777605
-423.29523229188817	-8.614385818112737
-423.30475624443466	-8.60486186556625
-415.00984410432943	-16.899774005671475
-414.586740495178	-17.322877614822914
-450.661666763682	18.752048653681072
-437.2003902519075	5.2907721419065865
-444.89144602942656	12.981827919425655
-441.742696606497	9.833078496496114
-414.16533071144045	-17.74428739856046
-436.6952933777559	4.785675267754982
-435.9754633127884	4.0658452027875
-434.8815154548058	2.9718973448049155
-458.1484067464879	26.238788636487016
-409.37772484669574	-22.531893263305165
-448.392279508971	16.482661398970095
-406.4949560330127	-25.41466207698818
-409.4624483980523	-22.447169711948618
-427.3564464940281	-4.553171615972815
-408.4838607172677	-23.425757392733203
-444.2534285073742	12.343810397373318
-439.05654432627114	7.146926216270231
-429.88812855594176	-2.021489554059144
-460.2024934060281	28.292875296027205
-454.47868863158897	22.56907052158806
-450.77964382165	18.870025711649077
-451.00486925119174	19.09525114119083
-426.8962636512123	-5.013354458788626
-438.2141386539246	6.3045205439236724
-447.4677141157673	15.558096005766402
-420.4053666862343	-11.504251423766618
-426.67602362312493	-5.2335944868759725
-450.8667860719594	18.957167961958476
-421.7945999906311	-10.115018119369779
-433.76820890555985	1.8585907955589391
-419.09921391546027	-12.810404194540638
-461.279821283713	29.37020317371207
-417.88547960289145	-14.024138507109456
-449.5870588058075	17.67744069580658
-478.9724708087414	47.06285269874047
-427.81861683906175	-4.091001270939159
-419.7477233087835	-12.161894801217386
-428.35239798933765	-3.55722012066326
-454.2951926164693	22.3855745064684
-450.5047654851584	18.595147375157467
-410.8776557035005	-21.031962406500384
-451.99426656478477	20.08464845478386
-452.0624329771042	20.152814867103302
-454.2943632060876	22.384745096086704
-456.22729133066855	24.317673220667643
-422.7558640331106	-9.153754076890323
-448.16551584268814	16.25589773268723
-396.6718108838893	-35.23780722611161
-450.80014988917424	18.89053177917333
-403.81723671127156	-28.092381398729344
-430.52232396167415	-1.3872941483267596
-465.27676439442325	33.36714628442235
-430.09649314171725	-1.8131249682836597
-419.2516142541633	-12.658003855837592
-416.9367350279779	-14.972883082023031
-414.6768316163532	-17.232786493647723
-406.2870485274297	-25.622569582571202
-426.09535758779106	-5.81426052220985
-428.96374062859917	-2.9458774814017374
-447.78855807341006	15.878939963409152
-408.7515477556162	-23.158070354384733
-454.42296384623563	22.513345736234726
-444.8914725595968	12.981854449595915
-459.9232517949249	28.013633684924002
-489.4317690611651	57.52215095116418
-399.06879632781505	-32.840821782185856
-412.21606658011456	-19.69355152988635
-420.46976064477434	-11.439857465226567
-427.734045469283	-4.175572640717917
-400.9840640682168	-30.925554041784096
-460.9263377354191	29.016719625418204
-408.90310729342394	-23.006510816576963
-417.9100732587484	-13.999544851252494
-432.7867276763699	0.8771095663689721
-429.5950704940823	-2.3145476159186273
-415.1747235492438	-16.734894560757084
-437.0803228577114	5.170704747710488
-434.73711219279346	2.8274940827925548
-417.67329397741	-14.23632413259088
-426.8937892516386	-5.015828858362283
-419.55577683703257	-12.353841272968339
-418.798871611083	-13.110746498917933
-455.05735146549694	23.14773335549603
-423.7820259978379	-8.127592112163029
-410.54564753205204	-21.363970577948862
-398.43033946758976	-33.479278642411145
-420.959418827866	-10.950199282134918
-405.82107561722466	-26.08854249277624
-402.164494326831	-29.745123783169902
-428.4152088124482	-3.494409297552693
-468.14858132246616	36.23896321246525
-450.9568207967694	19.047202686768514
-422.7212853341201	-9.188332775880781
-446.43897960716083	14.529361497159925
-406.4886151199006	-25.421002990100305
-444.8897812068843	12.980163096883416
-444.508563262223	12.598945152222086
-426.1377350219608	-5.771883088040113
-429.8378835861603	-2.0717345238406324
-420.05252403352813	-11.857094076472777
-411.41936236740537	-20.490255742595537
-449.9040166379617	17.99439852796081
-439.65178357016146	7.74216546016055
-419.038799531725	-12.87081857827593
-420.2747928299259	-11.634825280075006
-444.97621327734396	13.066595167343053
-424.45269076080785	-7.456927349193052
-441.9870529946411	10.077434884640184
-437.30416711312773	5.394549003126826
-466.3892639708456	34.4796458608447
-447.4825576657072	15.572939555706284
-444.53521984532836	12.62560173532745
-399.2241055891541	-32.68551252084683
-450.92644439502965	19.016826285028742
-394.5817270914258	-37.32789101857509
-421.47301165277804	-10.436606457222865
-458.2354163458067	26.32579823580579
-439.13696096678086	7.227342856779956
-412.6052603195012	-19.304357790499694
-449.7540745161841	17.844456406183212
-426.4018822768928	-5.507735833108086
-424.5768267947685	-7.3327913152323845
-390.55999353964285	-41.34962457035806
-438.2374027657395	6.327784655738583
-448.51922966557754	16.609611555576635
-416.7776655379246	-15.13195257207633
-436.2552130455995	4.3455949355985695
-433.3705921776261	1.4609740676252159
-423.87869960553576	-8.030918504465149
-434.4075577308074	2.4979396208065054
-425.2321706584287	-6.67744745157222
-409.51328036788686	-22.396337742114042
-422.3591742312062	-9.550443878794681
-434.875081490826	2.965463380825099
-412.7412036598587	-19.168414450142222
-455.41649193506123	23.506873825060325
-380.4291053907093	-51.480512719291596
-440.8525164062469	8.942898296245971
-404.7743842610746	-27.135233848926305
-412.4353466738669	-19.474271436134018
-419.6528961680108	-12.256721941990122
-443.70638645709937	11.796768347098464
-435.19090446180985	3.2812863518089443
-432.1453707833082	0.23575267330727456
-439.2952523026854	7.385634192684506
-445.71825474659477	13.80863663659386
-432.29796130631644	0.3883431963155317
-459.49461114435894	27.584993034358035
-421.3106980042014	-10.598920105799493
-399.34522819550534	-32.564389914495564
-442.7895480805348	10.879929970533908
-398.1424042140809	-33.76721389592001
-376.7532323761495	-55.15638573385138
-429.5348872867821	-2.3747308232187834
-450.5712859176824	18.66166780768151
-432.8201541335043	0.9105360235033686
-439.3571932527743	7.447575142773417
-457.0222936893156	25.11267557931467
-457.2635306762072	25.353912566206304
-381.39507353556905	-50.51454457443185
-442.52685732680084	10.61723921679993
-431.1972415372661	-0.7123765727347973
-413.67927263043066	-18.230345479570246
-428.7438383994354	-3.1657797105655163
-406.9540352805784	-24.955582829422497
-424.6979636173787	-7.211654492622188
-445.67564097799885	13.766022867997947
-439.78700176459506	7.877383654594155
-443.29911085694914	11.389492746948235
-419.6256847015517	-12.28393340844923
-441.09544961122685	9.185831501225948
-430.9675494434114	-0.9420686665895346
-436.84633569845175	4.936717588450847
-401.3756448026239	-30.533973307376982
-460.42749546507696	28.517877355076052
-428.75517335353254	-3.154444756468365
-431.1353070197489	-0.774311090252013
-443.35844940824757	11.44883129824666
-454.94765519044597	23.038037080445065
-407.7437590411206	-24.16585906888031
-432.55206134144976	0.6424432314488513
-445.75175174694016	13.842133636939252
-404.1310392441061	-27.778578865894815
-412.06905674375923	-19.840561366241673
-412.3221574332341	-19.587460676766796
-402.3006967722025	-29.608921337798392
-442.5093377576335	10.599719647632583
-473.9194287258282	42.00981061582729
-409.44520576940647	-22.464412340594436
-450.8059340834824	18.896315973481478
-391.3088140313115	-40.60080407868941
-419.1760941207025	-12.733523989298419
-426.67920152264867	-5.230416587352238
-439.1884091341848	7.2787910241838745
-437.802510505638	5.892892395637091
-411.55458337958714	-20.355034730413763
-450.20893814735916	18.299320037358257
-447.63970285352787	15.730084743526959
-399.3581388368324	-32.551479273168525
-449.7126880739537	17.803069963952794
-418.97024879403756	-12.939369315963347
-434.5648314348327	2.6552133248317773
-415.32014419677574	-16.589473913225163
-395.92980224785595	-35.97981586214496
-464.9007614071542	32.991143297153315
-415.33347708298805	-16.576141027012852
-413.3056691187102	-18.60394899129068
-458.5955255931948	26.685907483193887
-449.56797275472667	17.65835464472576
-416.9633820637227	-14.946236046278216
-458.62291101555445	26.713292905553544
-458.0178440672625	26.108225957261595
-438.54030447002873	6.630686360027823
-412.84368419090055	-19.06593391910036
-448.5430318380112	16.633413728010282
-439.22949526326914	7.319877153268237
-417.75456722296246	-14.155050887038442
-419.3491051629097	-12.560512947091183
-419.9955878487398	-11.914030261261132
-419.61624468842444	-12.293373421576462
-438.76816967980074	6.858551569799829
-387.11555453320204	-44.79406357679886
-440.22134773368623	8.311729623685324
-439.8446838862709	7.935065776269994
-415.1841172540843	-16.725500855916607
-461.2135670507504	29.30394894074948
-422.2308424345282	-9.678775675472707
-401.43319380497803	-30.476424305022874
-397.0426764725124	-34.86694163748848
-455.52157402784894	23.611955917848036
-408.58350142268125	-23.326116687319654
-428.3544053091481	-3.5552128008528143
-392.73593945249183	-39.17367865750907
-447.819055565078	15.909437455077068
-442.44158063048224	10.53196252048133
-441.83072525475825	9.921107144757343
-419.30496085425864	-12.604657255742268
-411.1205718727159	-20.789046237284992
-417.87583088883537	-14.03378722116554
-449.49858148334613	17.588963373345223
-383.37739206289723	-48.53222604710368
-423.4533462599228	-8.45627185007811
-439.917646640968	8.008028530967067
-398.4107642771704	-33.49885383283049
-448.14361688160886	16.233998771607958
-413.56170709047535	-18.347911019525554
-426.2929676469993	-5.616650463001633
-396.7705454481778	-35.13907266182309
-407.3346628530361	-24.574955256964813
-451.3226232896503	19.413005179649417
-424.7123659412608	-7.197252168740079
-456.5134983035131	24.60388019351217
-460.9140174801031	29.004399370102192
-420.36234229725767	-11.547275812743237
-451.30762212135494	19.398004011354033
-444.2301587261335	12.320540616132575
-446.3848615816145	14.475243471613567
-419.9289343666841	-11.980683743316831
-449.9915409782278	18.08192286822691
-449.72209842215113	17.812480312150228
-438.38528679159015	6.475668681589241
-437.9742796875961	6.064661577595189
-438.8327540900772	6.9231359800762675
-415.2172845228305	-16.692333587170424
-415.32818323860397	-16.581434871396937
-450.0330821984337	18.123464088432797
-422.3044300792337	-9.60518803076718
-429.80954251603384	-2.1000755939670626
-447.94518521842133	16.035567108420423
-395.3699406067665	-36.53967750323443
-424.81767583003807	-7.091942279962836
-425.8513943590408	-6.05822375096011
-464.5675865455871	32.65796843558621
-445.2919478711167	13.382329761115784
-432.9403217826132	1.030703672612276
-415.97110620240915	-15.93851190759176
-424.16547195299813	-7.744146157002774
-404.3677232923467	-27.541894817654224
-437.1908725594792	5.281254449478297
-420.1584565672622	-11.751161542738714
-428.8707786374657	-3.0388394725351873
-453.1978514911948	21.28823338119389
-404.7700034089903	-27.1396147010106
-416.83395248267743	-15.075665627323474
-453.61067442085596	21.70105631085505
-410.93759479176197	-20.97202331823894
-426.35284772164187	-5.556770388359041
-420.39802598530196	-11.51159212469895
-433.220885152861	1.311267042860095
-420.5373063039574	-11.372311806043513
-439.7123289363576	7.8027108263567015
-449.8942809301484	17.98466282014749
-417.14047144507595	-14.76914666492496
-417.4562395317121	-14.453378578288834
-425.7684235171014	-6.141194592899524
-399.62881294025965	-32.28080516974126
-425.7673082334045	-6.142309876596414
-425.9230426795443	-5.986575430456583
-454.3784301596429	22.468812049641997
-416.4629699366674	-15.446648173333529
-397.9339516123987	-33.97566649760222
-462.79530474201647	30.885686632015563
-445.3367341859548	13.427116075953904
-447.78114379350563	15.871525683504728
-435.7285143989734	3.8188962889724962
-444.13927144120066	12.229653331199756
-445.1589506236919	13.249332513691002
-441.7481680248061	9.838549914805185
-424.1552368365924	-7.754381273408512
-431.9948742030324	0.0852560930314894
-411.98556467991557	-19.924053430085337
-461.56900660864375	29.65938849864284
-441.8129135526583	9.903295442657395
-400.18107960080533	-31.728538509195573
-395.14489257115974	-36.76472553884116
-446.3970801188011	14.487462008800208
-417.2240927116004	-14.6855253984005
-460.11354199316384	28.20392388316293
-444.8871203479489	12.977502237947988
-435.46285361412856	3.553235504127656
-424.99237234932343	-6.917245760677474
-436.95053535201123	5.040917242010323
-436.97231613323356	5.062698023232656
-439.5266605072052	7.617042397204273
-430.2425777829071	-1.6670403270937868
-441.89149107584353	9.981872965842626
-396.1398657498753	-35.76975236012561
-449.7740876203138	17.864469510312915
-429.3334134864356	-2.5762046235653315
-422.17262877850703	-9.736989331493874
-458.0011087844771	26.091490674476177
-431.6399177071082	-0.26970040289268127
-398.0056435611125	-33.903974548888414
-448.109792444616	16.2001743346151
-459.604878612746	27.6952605027451
-441.97140494042674	10.06178683042583
-446.3910744951256	14.481456385124716
-395.1536449179905	-36.7559731920104
-453.76030330316394	21.85068519316303
-423.1490504161641	-8.760567693836833
-418.5457746751847	-13.363843434816204
-466.24367711403215	34.334059004031246
-432.8264690896988	0.9168509796978697
-442.51079326780405	10.60117515780314
-426.5871144602618	-5.322503649739133
-456.9226433726992	25.013025262698307
-429.12977269019143	-2.779845419809476
-390.9968273470961	-40.91279076290482
-395.3565385924661	-36.5530795175348
-403.22201814112236	-28.687599968878544
-397.8932741617284	-34.01634394827249
-437.48656976990446	5.576951659903557
-424.50902597012396	-7.400592139876949
-430.39649432063425	-1.5131237893666594
-411.94487210055854	-19.964746009442365
-396.9066613062398	-35.002956803761094
-437.74976523711234	5.840147127111436
-435.97800876707447	4.068390657073564
-415.09053847745713	-16.819079632543776
-430.95415318138225	-0.9554649286186532
-434.90295569781415	2.9933375878132438
-401.19524960355716	-30.714368506443748
-493.0120556040795	61.10243749407857
-443.0231410510107	11.113522941009819
-425.7553001277349	-6.1543179822659795
-448.02015560734003	16.110537497339124
-401.6121573585235	-30.297460751477388
-411.5188827627219	-20.39073534727902
-429.87531931154194	-2.0342987984589627
-418.84192628369806	-13.067691826302848
-408.0720753568396	-23.8375427531613
-469.85367919024543	37.94406108024452
-414.93853905416586	-16.971079055835048
-434.8025592748688	2.8929411648679206
-446.6876497442729	14.778031634271997
-426.14749770048206	-5.762120409518843
-417.3698071757183	-14.539810934282627
-389.772056873878	-42.137561236122906
-402.19272756172654	-29.716890548274364
-465.1553837288932	33.24576561889228
-422.0367109240344	-9.872907185966483
-432.08817644794294	0.1785583379420359
-442.92897614684375	11.019358036842846
-436.76733153617647	4.857713426175565
-454.1680883298807	22.25847021987977
-419.4868823736408	-12.422735736360096
-422.0022657401562	-9.907352369844716
-455.8033702851437	23.893752175142822
-392.19799590839943	-39.71162220160147
-427.2473960157997	-4.662222094201184
-462.03657410815435	30.12695599815345
-424.22766282446287	-7.681955285538038
-431.22409123791545	-0.685526872085461
-437.41321869064154	5.5036005806406365
-444.9097390181621	13.000120908161193
-456.83633992191494	24.926721811914035
-393.3580829751361	-38.55153513486482
-461.91204117865414	30.00242306865323
-440.2604082265086	8.35079011650771
-465.24361375581134	33.33399564581043
-398.7740262572113	-33.13559185278962
-424.6851373973211	-7.224480712679792
-465.5805458508628	33.670927740861885
-439.1925754149768	7.2829573049758665
-426.7019619147675	-5.207656195233426
-436.2093106238524	4.2996925138514825
-455.7343881031072	23.824769993106315
-436.65943011860395	4.749812008603044
-417.8098675351591	-14.099750574841778
-435.9216157729668	4.011997662965882
-455.6143714321115	23.704753322110605
-459.14657001765477	27.23695190765386
-430.8495605587657	-1.060057551235218
-442.1182093378927	10.208591227891816
-417.56584521213404	-14.34377289786687
-421.74721422584366	-10.162403884157243
-416.3142416940789	-15.595376415922033
-419.02677827589173	-12.882839834109177
-408.0996851220759	-23.80993298792498
-412.5382995960988	-19.37131851390211
-431.8044087256592	-0.10520938434171967
-405.7558727923631	-26.1537453176378
-406.7997944423357	-25.109823667665182
-420.6747853568743	-11.234832753126625
-421.35954577697333	-10.550072333027572
-452.909516607463	20.999898497462084
-432.092916554272	0.1832984442710881
-411.82906498883943	-20.080553121161472
-407.25792033679636	-24.651697773204546
-440.56280733744	8.6531892274391
-439.29591802080625	7.386299910805349
-478.72644746641794	46.81682935641703
-481.16162140530736	49.25200329530645
-411.3794645717162	-20.530153538284708
-434.3411081961012	2.4314900861002684
-447.6163740321335	15.706755922132572
-390.78331580357275	-41.12630230642816
-423.5877173993804	-8.321900710620525
-418.80065267016784	-13.10896543983307
-433.13198727145294	1.2223691614520362
-410.38491825080814	-21.524699859192765
-438.0385003937324	6.128882283731514
-449.4397965281271	17.530178418126184
-458.9342100067104	27.024591896709467
-414.2479925679097	-17.6616255420912
-414.9545630039545	-16.955055106046416
-417.44419488256494	-14.465423227435963
-477.411598417915	45.501980307914096
-425.0654016087999	-6.844216501201004
-424.74931970405737	-7.160298405943536
-432.7591115245657	0.8494934145647903
-422.2905355829191	-9.619082527081787
-427.6273548522647	-4.28226325773619
-457.81693043868904	25.907312328688135
-434.9425133786815	3.0328952686805906
-415.52154627970117	-16.388071830299737
-413.1959816501372	-18.71363645986372
-436.84904118448554	4.939423074484637
-425.15095080228144	-6.758667307719463
-455.3600542692171	23.450436159216167
-396.7377753971219	-35.17184271287903
-421.86635363096735	-10.043264479033553
-428.6831546689014	-3.2264634410994972
-460.6198147575711	28.71019664757017
-406.4940843312584	-25.415533778742486
-407.99214744809484	-23.917470661906066
-429.5905758293762	-2.3190422806247284
-409.30919992443756	-22.600418185563342
-452.19389164290857	20.28427353290766
-416.87089765381694	-15.038720456183967
-421.6228387333527	-10.286779376648212
-443.8259357121738	11.91631760217291
-431.3539732772775	-0.5556448327234307
-405.2877718800797	-26.621846229921232
-450.18812602763006	18.278507917629156
-437.29282366782587	5.383205557824965
-405.44363363100507	-26.465984478995836
-463.5732353586014	31.663617248600474
-437.32101139949106	5.4113932894901495
-412.77626834440395	-19.13334976559696
-429.4039679066796	-2.505650203321295
-405.88779568272963	-26.021822427271275
-482.3734377629367	50.4638196529358
-412.4273975483234	-19.48222056167748
-430.9534668856118	-0.9561512243890888
-427.82327674753884	-4.086341362462065
-408.6286994872922	-23.280918622708725
-403.83711533576803	-28.072502774232873
-422.22916831398044	-9.680449796020469
-432.85516304230117	0.9455449323002654
-456.5383813166531	24.628763206652195
-429.62116903761984	-2.28844907238107
-439.8453940659942	7.935775955993279
-419.9797523460415	-11.929865763959413
-447.7792908902242	15.869672780223311
-437.3539434039753	5.444325293974373
-410.0992565750052	-21.810361534995707
-447.1053354248119	15.19571731481102
-402.45143129964475	-29.458186810356153
-402.64800471545567	-29.261613394545236
-443.43015522050285	11.520537110501948
-450.82874308093	18.91912497092909
-454.9492951511324	23.039677041131483
-426.5652405793275	-5.344377530673398
-439.95137074835424	8.04175263835333
-436.80385855546814	4.894240445467233
-448.4995501387943	16.589932028793385
-415.9497679830433	-15.959850126957633
-430.2314200655132	-1.678198044487715
-399.46869516688406	-32.440922943116846
-436.4144311871327	4.504813077131814
-429.13356409730244	-2.7760540126984665
-437.9316097657551	6.021991655754221
-418.0185022584132	-13.8911158515877
-422.9485288849159	-8.961089225085004
-443.8050004964329	11.895382386432004
-426.1286285884769	-5.78098952152402
-416.9167788261697	-14.992839283831188
-447.72751673374063	15.817898623739723
-428.16301591363066	-3.7466021963702474
-399.65969998398873	-32.249918126012176
-410.8801678986622	-21.029450211338713
-432.48504683877604	0.5754287287751367
-417.2544376199023	-14.655180490098587
-430.6145409472904	-1.2950771627105269
-442.58359550259433	10.673977392593429
-437.0934452803542	5.183827170353311
-427.16705806618324	-4.742560043817662
-420.18416570505383	-11.725452404947077
-429.6122219434976	-2.2973961665032903
-412.23144866058124	-19.67816944941967
-435.6711228783663	3.7615047683653984
-410.89776388035375	-21.011854229647156
-451.17882626438427	19.269208154383364
-475.1967837384675	43.287165628466596
-461.6395107520641	29.72989264206319
-423.44790853042014	-8.46170957958077
-408.54171880894137	-23.367899301059538
-441.9732614844361	10.063643374435173
-397.910250807181	-33.999367302819905
-404.45604151571933	-27.45357659428157
-413.91926916866214	-17.990348941338766
-438.57629207915306	6.666673969152157
-411.03330691511815	-20.87631119488276
-455.92222053077967	24.012602420778762
-491.904869242273	59.995251132272074
-435.5555854513186	3.6459673413177143
-442.19351825863214	10.283900148631233
-422.4046963092769	-9.504921800723992
-437.1886205425508	5.2790024325498734
-412.8415120133541	-19.06810609664683
-372.9460400559817	-58.963578054019194
-436.8934749297829	4.983856819781977
-422.2093886654958	-9.700229444505112
-414.93654021169743	-16.973077898303472
-424.2257809189879	-7.683837191013026
-454.9583025683779	23.04868445837701
-411.97782390454006	-19.931794205460847
-375.88636617902114	-56.02325193097977
-401.66366287144626	-30.245955238554643
-435.77623747055	3.866619360549066
-455.6770130280503	23.767394918049376
-461.2257363947166	29.316118284715685
-425.4449681816378	-6.464649928363087
-423.77209473812866	-8.137523371872248
-440.61827850285147	8.708660392850561
-431.71894350987515	-0.1906746001257602
-408.28487029086057	-23.62474781914034
-446.4179143447062	14.508296234705313
-418.97288675938296	-12.936731350617947
-461.3092935540484	29.39967544404749
-442.2738043944472	10.364186284446305
-416.6877798242484	-15.221838285752483
-458.00155244826135	26.091934338260444
-448.947811293884	17.038193183883095
-412.3605947691311	-19.54902334086978
-454.4019787659589	22.49236065595801
-386.6599290614421	-45.24968904855882
-402.4491209008273	-29.46049720917358
-425.5481288811669	-6.361489228833989
-391.58987613645957	-40.31974197354134
-433.1069674232293	1.1973493132284148
-485.19612708977627	53.28650897977536
-446.552347008659	14.642728898658106
-433.9650870445493	2.0554689345484007
-441.5849594328351	9.675341322834186
-442.0823761804076	10.1727580704067
-423.39795446028614	-8.511663649714762
-436.95534088005655	5.045722770055647
-412.629221502897	-19.28039660710391
-457.5923591095961	25.682740999595183
-431.1932788079193	-0.7163393020816216
-460.3240539685375	28.414435858536592
-428.26310350270245	-3.6465146072984567
-404.85787841960877	-27.05173969039214
-446.15081996631756	14.24120185631665
-438.26992769843304	6.360309588432131
-450.45554736894695	18.545929258946046
-448.88686421256165	16.97724610256074
-431.2660381702844	-0.643579939716517
-398.05381733998536	-33.85580077001555
-410.7864086589333	-21.123209451067623
-459.0900950117592	27.18047690175831
-445.7167889184947	13.807170808493765
-445.4650181067026	13.55539999670168
-395.52196958301454	-36.38764852698637
-408.5774760434464	-23.332142066554525
-392.82886964302986	-39.080748466971045
-433.2254554272366	1.3158373172357187
-413.39751011318174	-18.512107996819168
-449.4318076724684	17.522189562467474
-455.3630131202725	23.453395010271606
-419.339386211146	-12.5702318988549
-424.7789121945442	-7.130705915456701
-449.2193420501386	17.3097239401377
-395.4077292535384	-36.50188885646253
-415.10074843763573	-16.808869672365176
-406.7758184456459	-25.133799664355024
-407.36194327966655	-24.54767483033436
-404.46714213524865	-27.442475974752256
-405.7357648981331	-26.173853211867822
-403.8539831087371	-28.055635001263795
-427.3199129449465	-4.589705165054397
-451.2256381981231	19.316020088122173
-454.69928260399024	22.789664493989335
-427.2135705470471	-4.696047562953822
-428.43900644527525	-3.470611664725652
-404.0986744691588	-27.810943640842083
-408.0372992789023	-23.872318831098596
-417.83743765631584	-14.072180453685064
-390.1498341503582	-41.75978395964273
-451.55239657494053	19.642778464939624
-423.7844441305042	-8.125173979496708
-429.990760967009	-1.9188571429918966
-440.61727417289785	8.707656062896945
-473.4698162292034	41.56019811920248
-427.1980315840001	-4.711586526000815
-450.7784502234708	18.86883211346992
-402.2060311815212	-29.703586928479695
-434.72362507226626	2.8140069622653527
-426.73259517197494	-5.177022938025971
-451.3148698104569	19.405251700456006
-437.6690642392939	5.759446129292996
-431.63242089465984	-0.27719721534106156
-440.18879922317774	8.279181113176833
-416.2594396184277	-15.650178491573229
-412.5095958916554	-19.400022218345498
-422.3256317458281	-9.583986364172802
-427.64938763779764	-4.260230472203261
-476.44338514602896	44.53376703602805
-450.9039170971196	18.99429898711867
-439.33696810237825	7.427349992377344
-418.9136348618563	-12.995983248144626
-449.56023097057596	17.650612860575052
-444.87327398984826	12.963655879847352
-452.7630800059055	20.853461895904616
-438.56949477990247	6.659876669901564
-400.02236366744955	-31.887254442551352
-440.22543827285745	8.31582016285654
-463.21615434237583	31.306536232374924
-461.0987055800765	29.189087470075606
-422.90470352985403	-9.004914580146874
-442.40176806300997	10.492149953009061
-437.77058027348585	5.860962163484942
-439.5154817719688	7.605863661967874
-433.5056266984177	1.5960085884167938
-476.39876626051705	44.489148150516144
-449.26647405667177	17.356855946670862
-439.1653527567562	7.255734646755286
-462.5761506798301	30.6665325698292
-439.5943041740413	7.68468606404042
-451.3150669639674	19.405448853966504
-426.51440654178646	-5.3952115682144495
-454.31720232924295	22.40758421924204
-425.26699935741476	-6.642618752586145
-424.0190531265828	-7.89056498341813
-423.8371835087621	-8.072434601238797
-407.12345972791286	-24.786158382088047
-484.7801353976022	52.870517287601274
-454.3368321092314	22.427213999230503
-420.77266961573275	-11.136948494268154
-420.3253337431519	-11.584284366849033
-393.5926826178978	-38.316935492103084
-465.3947199779644	33.48510186796352
-433.08340986733435	1.173791757333447
-477.22205411872653	45.312436008725626
-415.48506049809964	-16.424557611901264
-417.8569751312456	-14.05264297875533
-411.9424815007818	-19.967136609219096
-410.05960436488965	-21.850013745111255
-411.3346551849894	-20.574962925011505
-388.17270909158776	-43.736909018413144
-440.0382450030369	8.128626893035971
-448.5482188507707	16.63860074076979
-447.7686746702851	15.859056560284216
-418.2643638839721	-13.645254226028783
-422.5530700122159	-9.35654809778498
-471.8940803757447	39.98446226574379
-414.9097153675481	-16.999902742452832
-409.38037987547943	-22.529238234521472
-406.6562098076753	-25.253408302325624
-427.02615068420494	-4.8834674257959705
-431.5101694116627	-0.39944869833823304
-394.3348149249874	-37.57480318501348
-424.8975292956835	-7.012088814317394
-400.01400804807747	-31.895610061923435
-424.8730278393356	-7.036590270665329
-436.76843228153086	4.858814171529957
-445.87413005351993	13.964511943519028
-415.441741310403	-16.46787679959789
-448.57366199137607	16.664043881375164
-440.6342283873888	8.72461027738791
-422.0903426909333	-9.819275419067594
-432.76417842232854	0.8545603123276351
-441.16297609855224	9.253357988551329
-444.46703136880365	12.55741325880274
-435.03074915724187	3.121131047240965
-405.2290457976467	-26.68057231235423
-436.4282896873499	4.518671577348982
-399.21291715883194	-32.696700951168964
-448.2294648163131	16.319846706312205
-446.4341648157023	14.524546705701368
-424.06613208668	-7.8434860233209065
-450.52304886566503	18.613430755664126
-399.59789615661225	-32.311721953388655
-444.2992538532824	12.389635743281474
-431.5945716625554	-0.3150464474455248
-409.9727364253629	-21.936881684638024
-462.79221064419426	30.88259253419335
-460.53341738972813	28.623799279727223
-404.86042827641677	-27.049189833584137
-444.2288529644834	12.319234854482488
-410.97540742859337	-20.934210681407535
-426.2610792827013	-5.648538827299603
-443.2934405330484	11.38382242304749
-441.51232611987825	9.602708009877347
-404.14458409486497	-27.76503401513594
-449.3002661304031	17.390648020402182
-422.64902202814255	-9.260596081858353
-430.93764214616704	-0.9719759638338701
-434.35528342682164	2.4456653168207367
-415.33735830147225	-16.572259808528656
-453.91032841117294	22.000710301172035
-441.6538757051926	9.744257595191698
-422.39518767977256	-9.514430430228344
-430.38943461432586	-1.5201834956750417
-446.48459794554105	14.574979835540148
-435.8079827588333	3.8983646488323984
-442.2604880348533	10.350869924852418
-486.8783125189982	54.968694408997294
-455.77979891955124	23.870180809550334
-445.3916283189508	13.482010208949873
-416.4492992350108	-15.460318874990094
-430.0181504326299	-1.891467677370997
-441.07703259547793	9.167414485477025
-445.8167660375891	13.907147927588198
-440.9368785723834	9.027260462382515
-465.4794165474502	33.56979843744932
-389.5212264127838	-42.388391697217116
-458.7230282717135	26.813410161712568
-431.3423797692561	-0.5672383407447796
-427.8459293337505	-4.0636887762503875
-405.49200771534333	-26.417610394657572
-459.95710702811584	28.047488918114936
-407.29054742864673	-24.619070681354174
-438.6180982288556	6.708480118854709
-431.34707370801834	-0.5625444019825636
-412.94643759419296	-18.96318051580795
-425.5258140146575	-6.383804095343407
-437.00398647027987	5.094368360278963
-442.1318829992847	10.222264889283792
-425.16857713063973	-6.741040979361173
-444.0074490385391	12.097830928538201
-421.58139901557615	-10.328219094424753
-443.51874251804065	11.609124408039747
-468.4508326473874	36.54121453738651
-448.80935988887023	16.899741778869327
-454.69895253091846	22.789334420917555
-433.1137058669395	1.204087756938577
-402.0918629002975	-29.81775520970342
-451.32901804303975	19.419399933038846
-427.8561685134958	-4.053449596505118
-434.6722164583737	2.762598348372819
-437.65702454802556	5.747406438024655
-425.4932194353681	-6.4163986746328305
-434.42244733988656	2.5128292298856536
-439.53514134461903	7.625523234618129
-409.90015517997773	-22.009462930023176
-446.38743468074273	14.477816570741822
-440.3278216606466	8.418203550645671
-450.26259373410386	18.352975624102953
-434.01229684192396	2.1026787319230493
-416.34124893767336	-15.56836917232755
-440.48312185827496	8.57350374827405
-451.39019752058454	19.48057941058363
-419.56015238702827	-12.349465722972639
-407.9198856861022	-23.989732423898715
-431.32965078095555	-0.5799673290453597
-397.7689458155558	-34.140672294445096
-438.6168193406175	6.70720123061659
-452.144269759423	20.23465164942212
-427.5951252318319	-4.3144928781690055
-431.6491255165893	-0.26049259341158404
-414.80040117028517	-17.109216939715736
-398.9983112247356	-32.91130688526533
-456.6395274536654	24.729909343664474
-441.1073144024395	9.197696292438593
-434.46824414842746	2.558626038426553
-427.19441443510556	-4.715203674895349
-443.4898964716395	11.580278361638591
-405.67495054879697	-26.234667561203935
-448.2337484637305	16.324130353729572
-443.68752075427807	11.777902644277162
-418.17313858789754	-13.736479522103366
-462.77470583448854	30.865087724487637
-420.4232484750847	-11.48636963491623
-407.155234361665	-24.754383748335897
-440.55243689145397	8.642818781453059
-437.8248527908673	5.9152346808663765
-415.4747234502557	-16.434894659745225
-467.604187806275	35.69456969627407
-420.80333859589706	-11.106279514103846
-433.57923582788686	1.6696177178859557
-434.47745933763696	2.567841227636052
-451.62232597247413	19.712707862473223
-430.9051302578849	-1.0044878521160285
-437.306775024503	5.397156914502091
-445.8134907395809	13.903872629580007
-399.25556007771485	-32.65405803228606
-429.49762217800736	-2.4119959319935447
-408.8418643732369	-23.06775373676402
-410.3063416389944	-21.603276471006495
-433.23494728579345	1.3253291757925467
-490.37606702604563	58.466448916044726
-416.9971316589111	-14.91248645108982
-450.5791119023418	18.669493792340916
-485.2149986160769	53.305380506076006
-405.1943355917686	-26.7152825182323
-390.10015590105314	-41.809462208947764
-432.0011623341564	0.09154422415548424
-389.58244588417347	-42.32717222582744
-417.5309623397252	-14.378655770275714
-471.17212243513404	39.262504325133136
-413.150955882581	-18.758662227419904
-402.495345669352	-29.414272440648915
-425.17416314474303	-6.735454965257873
-425.4059299304465	-6.503688179554388
-440.38740904122733	8.477790931226423
-460.64111350899384	28.731495398992934
-441.3230978134802	9.413479703479311
-398.42645831994605	-33.483159790054856
-387.6222705392347	-44.2873475707662
-451.5797644241602	19.670146314159297
-444.38358975150277	12.473971641501862
-438.97222078499453	7.062602674993627
-436.3459068267157	4.436288716714785
-442.53981583547176	10.63019772547085
-409.1360377023619	-22.77358040763903
-473.35498409524445	41.44536598524354
-412.49351881032345	-19.416099299677455
-397.7823149958138	-34.1273031141871
-427.4277523841818	-4.481865725819091
-409.6632555949571	-22.246362515043813
-434.76630956974424	2.856691459743331
-432.32015224049303	0.41053413049212395
-414.97639810797847	-16.933220002022438
-424.96416632998154	-6.9454517800193685
-439.0157440536721	7.106125943671202
-431.11598787646545	-0.7936302335354526
-418.67188567478007	-13.237732435220835
-437.58812241930065	5.67850430929974
-415.7758656159793	-16.13375249402162
-436.7097658738548	4.800147763853886
-468.5120386849812	36.60242057498027
-410.3281385149675	-21.581479595033386
-436.72188337410074	4.812265264099835
-402.16627831628006	-29.74333979372085
-409.0383613332469	-22.871256776754024
-434.06980727603326	2.160189166032353
-416.37960997945805	-15.530008130542853
-453.98046014067035	22.07084203066944
-444.6672245288027	12.7576064188018
-400.6076093790379	-31.302008730962996
-408.44212749022876	-23.46749061977215
-433.31146737654484	1.401849266543934
-416.186831393521	-15.722786716479902
-421.60924472352957	-10.300373386471335
-426.573691494761	-5.3359266152398845
-438.3757684668471	6.466150356846185
-409.40202857033177	-22.50758953966914
-409.0250925799282	-22.88452553007272
-437.4530933873993	5.543475277398386
-429.6520091746333	-2.257608935367614
-442.265480796359	10.35586268635808
-441.8444105912585	9.934792481257603
-414.0636501940534	-17.845967915947483
-411.3839278740142	-20.5256902359867
-425.8848578687011	-6.024760241299816
-442.760911677029	10.851293567028108
-429.11328279746834	-2.7963353125325625
-451.01681630986235	19.107198199861443
-418.46899650596055	-13.44062160404036
-424.02578150457333	-7.883836605427575
-424.1215979478747	-7.788020162126202
-446.85141723874347	14.94179912874256
-471.0857275170887	39.17610940708778
-424.54679380875984	-7.362824301241062
-417.9374140281428	-13.97220408185808
-447.3199443014595	15.41032619145858
-463.8976932360687	31.98807512606777
-430.1784179664604	-1.731200143540491
-434.76212558775876	2.852507477757854
-435.91627879723035	4.0066606872294415
-426.7475298772364	-5.162088232764518
-410.9050934606415	-21.004524649359382
-450.70780787764295	18.798189767642043
-434.9595909627145	3.0499728527136085
-443.5653749211591	11.655756811158199
-437.21985695464207	5.310238844641162
-441.77261012236283	9.862992012361929
-410.0701178502926	-21.839500259708302
-412.74292695577003	-19.166691154230875
-397.8368123472386	-34.0728057627623
-431.9059822501748	-0.003635859826090382
-438.4101673093386	6.500549199337684
-412.0033196897924	-19.906298420208486
-451.3934370783876	19.483818968386686
-443.21668793794686	11.307069827945952
-447.3828159393737	15.473197829372793
-437.7037732047969	5.794155094795997
-433.9977000177654	2.08808190776449
-409.64344254238074	-22.266175567620166
-447.50193083150896	15.592312721508051
-467.60387069518526	35.69425258518436
-448.6941881893	16.7845700792991
-429.374059087569	-2.5355590224319258
-450.917003414321	19.00738530432011
-410.85577215517173	-21.05384595482917
-453.7002049219593	21.790586811958406
-419.08305559326345	-12.826562516737454
-416.22726659276054	-15.682351517240363
-444.55296041133283	12.643342301331927
-409.4456561992031	-22.46396191079782
-419.3908221093318	-12.518796000669113
-436.9037654054357	4.9941472954348
-433.745935443427	1.8363173334261091
-444.3307248013109	12.421106691310001
-401.84194469832823	-30.067673411672672
-432.7833240535349	0.8737059435339916
-440.94382494102706	9.034206831026154
-464.6686767272024	32.759058617201504
-445.59034844455186	13.680730334550958
-440.09111749600606	8.181499386005157
-410.1989222719508	-21.71069583805013
-450.75765058773186	18.848032477730953
-422.90322148028054	-9.00639662972037
-408.69061660799116	-23.219001502009746
-439.2947363513854	7.385118241384475
-459.129226626716	27.219608516715084
-417.084001776941	-14.825616333059884
-458.79461714472245	26.884999034721545
-450.93943273763443	19.029814627633527
-422.557853595325	-9.351764514675892
-424.08883914987973	-7.820778960121174
-460.4982880740795	28.588669964078576
-444.6452599298498	12.735641819848865
-409.68932175831696	-22.220296351683942
-468.23183143628967	36.32221332628876
-430.178176738601	-1.7314413713999102
-495.8144204595801	63.9048023495792
-438.0358841038842	6.126265993883294
-443.6583478479206	11.748729737919689
-422.22262673062505	-9.686991379375854
-430.76786033641747	-1.1417577735834357
-419.29424469974674	-12.615373410254165
-441.0826268676092	9.173008757608272
-400.6183327487482	-31.291285361252733
-392.2769891164562	-39.6326289935447
-437.10171537078986	5.192097260788955
-463.73899047316627	31.829372363165362
-435.424127042979	3.514508932978117
-449.9853932851911	18.075775175190188
-421.65403296199474	-10.255585148006162
-428.23039773463734	-3.6792203753635704
-449.25587074331975	17.34625263331884
-444.4534107152947	12.543792605293788
-419.7252569503696	-12.184361159631294
-402.3600346478022	-29.54958346219871
-430.01243645610225	-1.897181653898656
-443.7350389578321	11.825420847831197
-441.75015217123496	9.840534061234052
-421.72395685784795	-10.185661252152954
-442.79579250016627	10.886174390165365
-426.3889423769622	-5.520675733038729
-401.2669285778363	-30.64268953216458
-415.4520676782938	-16.45755043170709
-435.60259186584767	3.692973755846765
-458.43569488214484	26.526076772143938
-417.3679184905966	-14.541699619404312
-418.23664170952975	-13.672976400471157
-402.27359563904884	-29.63602247095207
-439.0791535187134	7.169535408712477
-469.43405079826766	37.52443268826676
-411.2813166888852	-20.62830142111568
-430.90926914051374	-1.0003489694871632
-447.7556453674308	15.84602725742991
-435.9327836595555	4.023165549554619
-421.3566968119237	-10.552921298077194
-429.084107515381	-2.8255105946199137
-436.76614462259454	4.856526512593632
-444.1916596309427	12.282041520941789
-418.8052070858582	-13.104411024142678
-435.4086114609279	3.4989933509269804
-415.7557233813102	-16.153894728690716
-431.48972862343066	-0.4198894865702414
-406.8335238529851	-25.076094257015825
-447.59037286775674	15.680754757755835
-469.7887080031787	37.87908989317782
-396.10351807608004	-35.80610003392087
-460.54457346370305	28.63495535370214
-387.6728027647032	-44.236815345297714
-449.2711792737091	17.36156116370819
-421.43844347938557	-10.471174630615337
-459.11927328504316	27.209655175042258
-455.19323870721746	23.283620597216554
-477.5054867108038	45.59586860080287
-412.3880492300932	-19.521568879907704
-428.70461807412994	-3.2050000358709667
-451.44807951517487	19.538461405173962
-376.44417623007666	-55.46544187992424
-427.7126951243472	-4.196922985653714
-426.80936123929223	-5.100256870708677
-432.32072219674103	0.41110408674012433
-460.53953816134856	28.629920051347653
-443.8293954054949	11.919777295493986
-430.86114056990994	-1.0484775400909712
-445.73381790067435	13.824199790673447
-400.47091143799855	-31.438706672002354
-421.20940497828417	-10.700213131716737
-420.7554954471494	-11.154122662851478
-417.11537196928623	-14.794246140714677
-460.66760143522845	28.757983325227542
-377.0239046879884	-54.885713422012486
-431.54397130492146	-0.36564680507945013
-436.9603784430361	5.050760333035214
-413.99729634599737	-17.912321764003536
-450.1148587281858	18.205240618184916
-430.2848543433007	-1.6247637667001982
-407.12754943271227	-24.782068677288635
-451.93580341819995	20.026185308199047
-448.150528808775	16.240910698774087
-449.7638762497294	17.854258139728472
-443.4911764779166	11.581558367915704
-425.2232089323692	-6.686409177631731
-475.75453890640244	43.84492079640154
-437.49549669018813	5.585878580187227
-418.4355784203466	-13.474039689654319
-414.0526780325757	-17.85694007742518
-427.8789244158278	-4.030693694173124
-479.2594657835083	47.349847673507384
-433.5883897357811	1.6787716257802003
-436.5252745527663	4.615656442765385
-437.4815802351617	5.5719621251607805
-426.58608868739896	-5.3235294226019505
-434.8155625437206	2.9059444337196965
-412.4314750085972	-19.478143101403703
-413.6123633496894	-18.29725476031149
-421.982269567446	-9.92734854255491
-472.7220072718841	40.812389161883175
-417.8026210875681	-14.106997022432779
-472.347410902002	40.43779279200112
-422.88946028973385	-9.020157820267059
-407.44213060087657	-24.46748750912434
-398.638037139673	-33.27158097032793
-441.58088037503273	9.671262265031828
-409.79360131383953	-22.116016796161375
-446.13342537200094	14.223807262000037
-420.8603267782595	-11.049291331741415
-436.25242282868874	4.34280471868783
-466.4250921387569	34.51547402875599
-445.6462357383383	13.736617628337399
-411.2575319356255	-20.652086174375427
-438.24519591704154	6.335577807040636
-424.77039374190497	-7.139224368095938
-438.7690615423211	6.859443432320177
-426.33345896565095	-5.576159144349958
-420.5547468533181	-11.354871256682827
-434.30447168559783	2.394853575596926
-455.08478076918107	23.17516265918016
-450.60896565223754	18.699347542236637
-442.95313590346166	11.043517793460751
-420.0760748941751	-11.833543215825785
-410.9145197987958	-20.995098311205084
-387.8274656249772	-44.0821524850237
-415.5211362436379	-16.38848186636301
-444.99493721354827	13.085319103547363
-431.08578342835983	-0.823834681641074
-428.02906125551635	-3.880556854484553
-439.126560994344	7.216942884343098
-474.2809554736142	42.37133736361329
-419.52985323751284	-12.379764872488067
-437.5386189512684	5.629000841267498
-457.57619954469203	25.666581434691125
-405.4094089036263	-26.50020920637462
-412.63338187712736	-19.276236232873543
-421.64632805594204	-10.26329005405887
-422.8463333254041	-9.063284784596817
-430.83449840577134	-1.0751197042295644
-435.0570457567616	3.1474276467607183
-445.62332085885475	13.713702748853848
-427.27592519424445	-4.6336929157564555
-436.3024451902203	4.3928270802193765
-422.54155725572343	-9.368060854277473
-433.5082843240365	1.5986662140355747
-399.4711329580699	-32.43848515193099
-402.5128085018372	-29.39680960816372
-396.2422898815115	-35.667328228489396
-409.8621699896379	-22.047448120363015
-447.25767274626594	15.348054636265033
-407.77070060969106	-24.138917500309844
-416.963816709453	-14.945801400547907
-464.34510311508564	32.43548500508473
-426.54352737568513	-5.366090734315776
-428.53876334417544	-3.37085476582547
-422.12704171607436	-9.782576393926547
-415.0117537123973	-16.8978643976036
-428.6145967509241	-3.295021359076827
-455.82611282202413	23.916494712023223
-414.1586934731189	-17.75092463688202
-387.9978720007697	-43.91174610923122
-455.0354029468639	23.125784836862977
-441.96429111248506	10.05467300248415
-434.6842303185971	2.7746122085961815
-418.8710385698431	-13.038579540157798
-391.3602609478661	-40.54935716213481
-460.07601503522585	28.166396925224944
-396.177492844114	-35.73212526588691
-410.4436492652411	-21.4659688447598
-422.85802053674195	-9.05159757325896
-431.1453778060844	-0.7642403039164947
-455.18093038265795	23.271312272657042
-452.5221144906594	20.612496380658513
-411.20590929637035	-20.703708813630556
-427.11155145774717	-4.798066652253738
-452.1346993349981	20.22508122499721
-452.7807699276419	20.87115181764102
-424.221578134002	-7.68803997599889
-413.9202464992924	-17.98937161070853
-439.79393004247515	7.884311932474247
-439.888581359177	7.978963249176104
-465.07689193888666	33.167273828885754
-450.7310069415745	18.821388831573586
-420.3849425420941	-11.524675567906797
-420.671686242633	-11.237931867367934
-415.31022349148327	-16.599394618517636
-464.81802763969256	32.90840952969165
-431.90117270150597	-0.008445408494935691
-466.5065736603684	34.59695555036751
-423.40162497275753	-8.507993137243375
-455.45852632245817	23.548908212457263
-435.76251205316464	3.8528939431637355
-379.19098666128764	-52.71863144871327
-418.2850491382086	-13.624568971792314
-462.3081644813609	30.39854637136
-425.9554404922509	-5.95417761775002
-417.8754483473948	-14.034169762606098
-451.23887734707466	19.329259237073757
-444.25774243953754	12.348124329536631
-440.96152211499054	9.051904004989638
-442.99529287300527	11.085674763004363
-430.9427910171088	-0.9668270928921174
-424.2343023286338	-7.67531578136709
-467.95322216503143	36.04360405503053
-438.02713625015247	6.11751814015156
-440.5565872977021	8.646969187701188
-474.1237638497404	42.21414573973948
-448.66668972229456	16.757071612293657
-444.2636616388387	12.354043528837792
-482.9157841273569	51.00616601735601
-407.44152358108624	-24.468094528914662
-430.5997740052677	-1.3098441047332017
-413.08028621889173	-18.829331891109177
-440.1162574940769	8.20663938407597
-418.11994859467234	-13.789669515328569
-430.8910105142546	-1.018607595746289
-407.54698664673344	-24.362631463267462
-424.04398422783254	-7.865633882168368
-423.2121649735961	-8.697453136404818
-459.8734852519816	27.9638671419807
-446.07205031216256	14.162432202161654
-407.14682203885934	-24.762796071141565
-451.01485295214354	19.105234842142636
-425.3886911589724	-6.520926951028514
-447.50873341909653	15.599115309095623
-448.59324260801066	16.68362449800975
-426.15278674623903	-5.756831363761876
-438.394046120149	6.484428010148122
-410.63591717148927	-21.273700938511638
-413.5946671579003	-18.314950952100617
-428.05540366592675	-3.8542144440741595
-443.57224521292653	11.662627102925626
-435.06834108202736	3.158722972026453
-455.3096931229155	23.400075012914613
-443.52818929322336	11.618571183222457
-422.83915247976245	-9.07046563023846
-425.422725242326	-6.4868928676748965
-440.2121961650531	8.302578055052209
-446.33436924884506	14.424751138844158
-429.80283253711593	-2.1067855728849736
-434.7054660149761	2.795847904975176
-421.6733586320896	-10.23625947791129
-443.49969980639787	11.590081696396965
-440.51287687882075	8.603258768819842
-409.42225340216453	-22.487364707836377
-441.90987185483016	10.000253744829251
-450.1061764553941	18.196558345393214
-444.6712892703016	12.761671160300693
-447.12023313434827	15.210615024347362
-446.52726302366307	14.617644913662161
-449.13625701723583	17.22663890723493
-459.67551554636873	27.765897436367823
-427.6426037641685	-4.267014345832422
-435.87182015294445	3.962202042943545
-432.46203797632177	0.5524198663208608
-436.7070495390119	4.797431429010999
-429.98246093327657	-1.9271571767243358
-388.86318658940695	-43.046431520593956
-483.76889752205284	51.85927941205193
-428.3770081316909	-3.5326099783100062
-427.05112150250466	-4.8584966074962495
-450.03133108989755	18.121712979896643
-418.460502288209	-13.449115821791906
-408.75840335791804	-23.151214752082865
-429.53980446084574	-2.3698136491551622
-413.58023579884707	-18.329382311153836
-417.85954072292907	-14.050077387071838
-427.13063817565603	-4.778979934344875
-420.2441526452287	-11.665465464772183
-459.1411491561687	27.231531046167788
-443.21685247432583	11.307234364324927
-449.0743025015429	17.164684391541982
-408.42128491824155	-23.488333191759352
-422.2156481263821	-9.693969983618786
-451.64485365207406	19.735235542073156
-467.41883210488527	35.50921399488436
-456.92202208110143	25.012403971100525
-459.6644250281254	27.754806918124473
-444.2467741322155	12.337156022214572
-425.39392802190673	-6.515690088094175
-421.00323557174966	-10.90638253825125
-461.5868679385851	29.677249828584195
-471.2820768300601	39.37245872005917
-441.75151756087257	9.841899450871665
-430.39104021953904	-1.51857789046187
-435.24733947271375	3.3377213627128413
-415.13124116825884	-16.778376941742067
-438.5376507285895	6.628032618588577
-455.9318895150667	24.022271405065794
-439.406160480827	7.496542370826091
-412.8515850197276	-19.058033090273284
-439.00535781020733	7.095739700206423
-446.7952049948748	14.885586884873874
-420.7317702794302	-11.177847830570727
-439.8934551633487	7.98383705334777
-434.65771430138636	2.748096191385457
-427.48567059198683	-4.423947518014074
-394.8275570265654	-37.08206108343552
-423.49083580259173	-8.418782307409174
-388.22495843840295	-43.684659671597956
-436.77110775578365	4.86148964578274
-430.4143336942774	-1.4952844157235177
-421.0070026979032	-10.902615412097703
-405.25264148300096	-26.65697662699995
-450.9030364898464	18.99341837984548
-433.80036877121904	1.890750661218135
-409.98281761194824	-21.92680049805267
-465.0980302825957	33.18841217259478
-405.142554453054	-26.767063656946902
-441.0007521955114	9.091134085510475
-454.2996559351178	22.390037825116906
-442.01833740408995	10.108719294089042
-398.31740449261827	-33.59221361738264
-417.56160864152855	-14.348009468472355
-431.58971771877634	-0.3199003912245644
-417.7191946672473	-14.190423442753627
-430.12470964396164	-1.7849084660392691
-410.4081098124335	-21.501508297567398
-436.7470134850265	4.837395375025608
-455.80556984522894	23.89595173522804
-379.89210721264766	-52.01751089735325
-449.9354939227164	18.02587581271547
-418.8397691152431	-13.06984899475782
-424.1375243174743	-7.7720937925266185
-456.05822043000165	24.148602320000748
-407.29038734847194	-24.619230761528968
-438.92670709136377	7.0170889813628605
-423.8099797312761	-8.09963837872482
-454.3997693371711	22.4901512271702
-492.2101010207197	60.30048291071881
-434.47702946516523	2.5674113551643245
-421.5367731619853	-10.372844948015597
-436.2168758489542	4.307257738953297
-435.54043746293695	3.6308193529360437
-407.3823733401377	-24.527244769863216
-445.48962008913685	13.580001979135943
-398.008608276418	-33.90100983358292
-442.3443718792793	10.434753769278416
-444.8809639725138	12.97134586251292
-409.8411581514999	-22.068459958501023
-459.5096639335981	27.600045823597213
-447.95307793984665	16.043459829845744
-444.60608305912564	12.696464949124731
-451.0499616679792	19.14034355797827
-417.7267445145223	-14.182873595478611
-444.17198580750363	12.262367697502725
-436.3002493885785	4.390631278577587
-420.48374545002906	-11.425872659971844
-399.3095027648039	-32.600115345197025
-410.46339300608696	-21.446225103913946
-424.9841769138681	-6.925441196132795
-422.27633384481027	-9.633284265190639
-458.20759737913596	26.297979269135055
-415.59462536058874	-16.31499274941217
-465.33860568516303	33.428987575162125
-457.44296691473556	25.533348804734658
-411.8011048288425	-20.108513281158423
-446.3222057605561	14.412587650555167
-452.15660865103183	20.246990541030925
-413.4494112608589	-18.460206849142025
-483.94907722301997	52.03945911301906
-414.7506773348394	-17.15894077516151
-465.0739538649612	33.16433575496029
-462.8356774986203	30.92605938861942
-436.89715566300566	4.987537553004756
-432.5256943618768	0.6160762518758816
-425.4207243455001	-6.488893764500801
-425.3083906552309	-6.601227454770026
-444.96616692576015	13.056548815759243
-431.7337659848089	-0.17585212519202287
-436.8508003409005	4.941182230899585
-432.6416338113375	0.7320157013365929
-412.37395612958414	-19.535661980416762
-445.0056563765537	13.096038266552796
-437.8555333414314	5.94591523143049
-422.06879481007115	-9.840823299929752
-427.20326505255053	-4.706353057450372
-422.14823712932036	-9.761380980680542
-435.0953610734704	3.1857429634694654
-437.9125031713246	6.0028850613236955
-438.8131552588528	6.90353714885191
-452.94369487490974	21.034076764908832
-437.9579638738177	6.048345763816769
-435.61474369578445	3.7051255857835486
-429.61217165888684	-2.2974464511140695
-421.36160412966	-10.548013980340897
-417.41253343376934	-14.497084676231566
-462.52896689948193	30.619348789481023
-422.1774497651195	-9.732168344881416
-433.86049529057436	1.9508771805734568
-431.3305712709671	-0.5790468390338219
-444.3695123698426	12.45989425984169
-442.4709831283408	10.56136501833987
-436.5866435241196	4.677025414118702
-447.4211129997575	15.511494889756591
-442.6108521829592	10.7012340729583
-433.5618246566837	1.6522065466828053
-417.44765323961565	-14.461964870385259
-397.58084846706424	-34.32876964293666
-462.2229765611111	30.31335845111022
-462.2407452416766	30.331127131675714
-451.53168859272336	19.62207048272245
-386.5338550244625	-45.37576308553838
-407.8190655823266	-24.090552527674333
-429.5008995367554	-2.408718573245494
-451.2709174004369	19.361299290435966
-442.06037906485943	10.150760954858526
-469.53781250852734	37.62819439852643
-402.4086162926898	-29.501001817311078
-425.5611621354592	-6.348455974541707
-452.4855589102255	20.5759408002246
-390.4305507904075	-41.47906731959341
-468.0294434196432	36.119825309642295
-408.4027700484905	-23.506848061510425
-408.94582884205846	-22.963789267942445
-433.3982463542881	1.488628244287213
-449.68721151595236	17.77759340595145
-411.43286014677795	-20.47675796322295
-444.57557365243946	12.665955542438553
-434.1903129477461	2.280694837745216
-423.442344122963	-8.467273987037913
-423.89127893370386	-8.018339176297047
-442.69146184530763	10.781843735306722
-411.004545384919	-20.90507272508188
-455.2707016350934	23.36108352509251
-418.6693950597284	-13.240223050272505
-444.48979336419796	12.580175254197059
-488.4184541873066	56.508836077305716
-421.88477884322236	-10.024839266778542
-431.8850821580265	-0.02453595197442837
-433.9778683422657	2.068250232264802
-444.0295175634828	12.119899453481878
-466.1317110484969	34.22209293849602
-418.80862511788376	-13.100992992117142
-443.85923613287827	11.94961802287736
-418.7717103732311	-13.137907736769819
-435.5809544196572	3.671336309656283
-433.1458845607239	1.236266450723008
-391.29339431155034	-40.61622379845056
-424.70871426107936	-7.200903848921541
-448.6294794865616	16.719861376560686
-410.13559830393837	-21.77401980606254
-415.34399686590854	-16.56562124409237
-437.5114352657192	5.601817155718265
-394.30715235639667	-37.602465753604235
-445.619448936409	13.709830826408108
-411.0111874200929	-20.898430689908025
-454.11001690094974	22.20039879094884
-456.9200788110048	25.01046070100392
-433.53929743486344	1.6296793248625363
-452.7397869897396	20.83016887973872
-441.89053720717686	9.980919097175956
-421.108797369394	-10.800820740606923
-457.6244767422014	25.714858632200503
-422.90484543934633	-9.004772670654575
-446.8491496308335	14.939531520832588
-446.08171495823456	14.17209684823365
-410.26801878663593	-21.64159932336497
-465.5873257261684	33.67770761616748
-438.5394754852224	6.629857375221491
-419.56317125657927	-12.34644685342164
-459.88554379940155	27.97592568940064
-410.7379676147631	-21.171650495237827
-430.6129120783042	-1.296706031696715
-460.1482497312464	28.238631621245474
-440.84523539976914	8.935617289768231
-402.2536371345396	-29.65598097546132
-443.8323417894599	11.922723679459011
-416.80986836694325	-15.099749743057657
-412.38353008677046	-19.526088023230443
-414.77398405096943	-17.135634059031474
-403.9655716592661	-27.94404645073479
-423.7424012562279	-8.167216853773027
-412.2656625101027	-19.64395559989822
-437.90611647847805	5.996498368477148
-427.97604758163476	-3.933570528366147
-435.3928980977162	3.4832799877153207
-446.2008430924307	14.29122498242981
-409.5066535732031	-22.40296453679781
-412.60147051391516	-19.308147596085746
-447.7829805273378	15.87336241733692
-416.4151410912674	-15.494477018733505
-417.6742157471218	-14.235402362879086
-417.406744949467	-14.502873160533909
-451.0335607466833	19.123942636682386
-443.9188169370301	12.009198827029195
-456.79039663887136	24.88077852887045
-422.4826105095909	-9.42700760040998
-416.5590397906291	-15.350578319371834
-439.0039391883894	7.094321078388475
-390.5332365133264	-41.37638159667449
-416.6444608237989	-15.265157286201998
-399.34631005930544	-32.56330805069547
-431.11317680800687	-0.7964413019940366
-415.4880072651414	-16.421610844859515
-430.2463228496036	-1.6632952603973195
-420.2388573210538	-11.67076078894712
-485.93865563611365	54.029037526112745
-466.8921369895814	34.98251887958048
-430.41579355457185	-1.4938245554290575
-457.74733850199715	25.837720391996243
-427.4819924272543	-4.427625682746623
-457.3838218557085	25.474203745707598
-458.0785979892335	26.16897987923261
-449.01678151159473	17.107163401593823
-438.7416621288631	6.832044018862177
-436.8118510114437	4.902232901442801
-445.6494747452762	13.739856635275316
-434.5087837248521	2.599165614851188
-424.77943564251296	-7.130182467487941
-385.49007071977263	-46.419547390228274
-457.5156571993706	25.606039089369688
-453.73250879109617	21.82289068109526
-439.6884347201425	7.778816610141575
-397.05779720558655	-34.85182090441435
-421.38725506828484	-10.522363041716062
-404.56073908099495	-27.348879029005957
-443.76907372747735	11.859455617476442
-443.85831005877696	11.948691948776059
-427.05814958819826	-4.851468521802644
-435.8983106897416	3.9886925797407002
-427.7653509601229	-4.144267149878033
-398.4873103586855	-33.42230775131543
-455.6194924696596	23.70987435965867
-431.09516425855657	-0.8144538514443411
-433.2961442060317	1.3865260960308206
-427.8595829895679	-4.0500351204329945
-432.7403803088679	0.830762198866978
-438.06823787176893	6.158619761768023
-423.5642852665993	-8.345332843401593
-434.81138361703836	2.901765507037453
-422.32824283667935	-9.581375273321555
-419.38405045685306	-12.525567653147846
-422.1159377618393	-9.793680348161615
-469.0723578729454	37.16273976294451
-469.55307239495653	37.643454284955624
-405.07548114890176	-26.834136961099148
-455.28107056173087	23.371452451729965
-459.85231388373506	27.942695773734158
-427.52308714879894	-4.38653096120197
-443.23324213015064	11.323624020149737
-439.0958530708091	7.186234960808179
-449.66843485537686	17.758816745375952
-439.20938332433957	7.299765214338663
-454.83489741931203	22.925279309311122
-417.11848180472384	-14.791136305277064
-423.9339436040989	-7.97567450590202
-416.47275187997525	-15.436866230025657
-409.9832638248424	-21.92635428515848
-454.67590090432145	22.766282794320546
-452.52386555409043	20.61424744408953
-438.3122248735215	6.402606763520566
-442.3031041888987	10.393486078897809
-419.72985332335315	-12.179764786647752
-425.00520290599115	-6.9044152040097515
-445.62374350765253	13.714125397651628
-421.46299235197307	-10.446625758027835
-422.0971323078172	-9.812485802183687
-435.54828707335196	3.6386689633510514
-463.68770540911237	31.778087299111462
-427.7296721469156	-4.179945963085288
-449.75203569205723	17.842417582056328
-452.59236807333536	20.68274996333446
-416.99451941484176	-14.915098695159145
-408.08981006452404	-23.81980804547686
-479.93244234955955	48.022824239558645
-427.58340562280455	-4.326212487196358
-441.5408752672896	9.631257157288701
-444.057913695729	12.148295585728079
-463.36699109377105	31.457372983770142
-422.444788991284	-9.46482911871692
-428.2994940432068	-3.6101240667941283
-423.9225325247585	-7.987085585242426
-416.17522855246034	-15.734389557540567
-410.2606319925212	-21.648986117479694
-410.8064971790942	-21.103120930906698
-445.40766273824613	13.498044628245225
-404.43440507853904	-27.475213031461863
-427.99646239914784	-3.9131557108530615
-462.9066036426599	30.996985532658982
-423.1129268885021	-8.796691221498804
-455.489253749117	23.579635639116077
-408.5934943191902	-23.316123790810707
-416.0999381697735	-15.809679940227397
-434.22189862700236	2.3122805170014544
-411.93013166829826	-19.979486441702647
-451.25696918557935	19.347351075578445
-439.4942879042284	7.584669794227466
-444.72929857628753	12.819680466286627
-423.74883064972767	-8.16078746027324
-450.33955072309675	18.429932613095843
-429.5546976318568	-2.354920478144095
-456.2472343170124	24.33761620701148
-409.0004805767534	-22.90913753324753
-438.9998836660001	7.090265555999167
-437.98914020589143	6.079522095890525
-419.863516867243	-12.046101242757913
-446.02868130896456	14.119063198963659
-437.6367499106476	5.727131800646703
-430.10843315616	-1.8011849538409024
-435.156701030783	3.247082920782077
-426.91940521131835	-4.990212898682557
-446.80562436536263	14.896006255361726
-404.5404063597747	-27.369211750226214
-402.107035688024	-29.802582421976922
-463.9024564769351	31.992838366934166
-460.8366504818026	28.927032371801715
-449.0044446302704	17.09482652026952
-407.84627463994735	-24.063343470053553
-444.1143077464999	12.204689636498983
-422.59085348896724	-9.318764621033665
-389.42403955505597	-42.48557855494494
-434.4796104148404	2.569992304839502
-451.02057920953985	19.11096109953894
-451.1729693166376	19.263351206636685
-436.3195947584313	4.4099766484304155
-421.2245598913137	-10.685058218687232
-456.69043387148076	24.780815761479857
-435.1979886348263	3.288370524825382
-413.3156033951768	-18.594014714824084
-439.53559036544493	7.625972255444026
-398.74838166742165	-33.16123644257925
-433.2081477239749	1.298529613973983
-445.0747281345416	13.165110024540695
-420.0381701324618	-11.871447977539106
-422.11607778472853	-9.793540325272375
-408.7606919258865	-23.14892618411443
-414.55928418664143	-17.35033392335947
-416.99019463479954	-14.91942347520137
-453.9904258077986	22.080807697797695
-433.49356467253665	1.5839465625357434
-433.2766177624976	1.3669996524967019
-418.5493891207748	-13.36022898922613
-445.91954816729003	14.009930057289125
-447.1970149500371	15.287396840036195
-457.5167222721716	25.607104162170685
-423.66625211854216	-8.243365991458745
-424.31422544665793	-7.595392663342977
-452.8349559146659	20.92533780466499
-436.14864032634125	4.239022216340345
-420.97938396048687	-10.930234149514035
-414.95488142321176	-16.954736686789147
-418.6921960190672	-13.217422090933724
-435.92893238716954	4.0193142771686325
-431.26350374555534	-0.646114364445566
-465.6788121706346	33.76919406063371
-418.94083826624285	-12.968779843758057
-436.54532068523315	4.635702575232244
-448.79526253476604	16.885644424765132
-409.0256420540778	-22.883976055923085
-419.87737028764116	-12.03224782235975
-446.1159054534279	14.206287343426993
-423.1136711376217	-8.795946972379227
-439.08242993365695	7.172811823656048
-422.6109293545675	-9.298688755433432
-409.29151455145677	-22.618103558544135
-441.9025318300488	9.992913720047909
-390.78403501057676	-41.12558309942415
-443.6841231865425	11.774505076541573
-406.98426259714927	-24.925355512851638
-395.88933778372996	-36.02028032627095
-472.96465473279443	41.05503662279352
-458.2690075010238	26.359389391022887
-437.1571487982952	5.247530688294319
-457.9894397372842	26.07982162728331
-430.21454308153363	-1.6950750284672722
-416.3428542938533	-15.566763816147613
-438.8900365577798	6.980418447778902
-438.6814881572142	6.77187004721327
-454.9521305684399	23.042512458438978
-435.84268332136764	3.9330652113667384
-435.00288213028716	3.093264020286256
-438.31907534482843	6.409457234827528
-422.7684004763755	-9.141217633625388
-413.11845911825685	-18.791158991744055
-407.56007502724515	-24.34954308275576
-414.3113336000638	-17.598284509937116
-389.65700838697694	-42.252609723023966
-422.17306740026424	-9.736550709736662
-475.7055456448702	43.79592753486929
-434.83969685767397	2.9300787476730648
-425.74038401304597	-6.169234096954938
-462.11858376525515	30.208965655254246
-414.8903813859829	-17.019236724018015
-396.3217717140392	-35.58784639596172
-456.7258303309859	24.816212220984994
-440.93171122455124	9.02209311455033
-460.0008758587933	28.091257748792373
-414.0932576343034	-17.81636047569748
-463.86010692699665	31.950488816995744
-416.3253607993729	-15.584257310628004
-440.7917731990342	8.88215508903329
-396.9794865830004	-34.930131527000526
-467.63156055488025	35.721942444879346
-443.0545569274432	11.144938817442267
-422.05493690596404	-9.854681204036865
-462.2288082764285	30.319190166427575
-436.59145805578873	4.681839945787829
-463.7386058822335	31.828987772232608
-426.2830097060064	-5.62660840399451
-443.54495821932096	11.635340109320055
-438.2609149944518	6.351296884450903
-437.4064096742982	5.4967915642972685
-413.39515482091576	-18.514463289085143
-394.52666922910487	-37.38294888089604
-421.2530095805183	-10.656608529482583
-423.5129472408395	-8.396670869161426
-420.08028352556414	-11.829334584436765
-397.99767199926794	-33.91194611073297
-421.39887014422914	-10.51074796577177
-444.982383735755	13.072765625754073
-423.6688400446625	-8.240778065338418
-425.3058965117658	-6.603721598235097
-456.35860755989427	24.44898944989336
-442.19222577768835	10.282607667687444
-432.89893094492857	0.9893128349276594
-417.7088561219649	-14.200761988035993
-423.53781540893453	-8.371802701066372
-450.4131707702114	18.503552660210516
-452.0569353058969	20.147317195895994
-419.5270331694852	-12.382584940515699
-407.6762452722493	-24.23337283775163
-431.08336788988584	-0.826250220115071
-403.4145955793143	-28.495022530686583
-393.03207359935607	-38.87754451064484
-427.2523014050272	-4.657316704973709
-446.7143121738342	14.804694063833267
-426.98962371959954	-4.919994390401371
-441.33197313086623	9.422355020865325
-456.0088080097054	24.09918989970447
-423.82408448045055	-8.085533629550355
-418.53955956799075	-13.370058542010156
-448.2675319118795	16.357913801878567
-417.7882111162586	-14.121406993742312
-436.2118594363834	4.3022413263825
-420.3310374070413	-11.578580702959584
-401.2454305619499	-30.664187548051018
-456.39451599972335	24.484897889722447
-447.33963090965653	15.430012799655628
-475.0124557191716	43.102837609170706
-415.0337104225523	-16.875907687448603
-444.51095292033597	12.60133481033506
-411.2876692725472	-20.621948837453715
-431.68193956342066	-0.22767854658025044
-431.19387224151933	-0.7157458684815765
-413.95740669879433	-17.952211411206576
-462.55077411889533	30.641156008894427
-391.28892446601685	-40.620693643984055
-431.68579999462736	-0.2238181153735468
-393.4318497332674	-38.47776837673348
-404.2806542657213	-27.62896384427961
-452.95201453042273	21.042396420421824
-419.76966103186305	-12.139957078137854
-440.5225401568018	8.612922046800918
-443.6075186370467	11.697900527045817
-433.23570482928653	1.3260867192856267
-393.31540747902136	-38.594210630979546
-436.52642898083786	4.616810870836957
-442.5394818516211	10.62986374162017
-458.1535866733243	26.243968563323392
-446.20609195573115	14.296473845730247
-434.3191771284978	2.409559018496907
-447.76770885476935	15.858090744768447
-415.381080515544	-16.528537594456907
-468.41387758725205	36.50425947725114
-444.0901430130648	12.180524903063883
-452.3672599439519	20.457641833951016
-462.69568119404653	30.786063084045622
-436.6883718983838	4.7787537883829145
-423.88123044523604	-8.028387664764864
-440.422886566211	8.513268456210085
-411.88159832264705	-20.028019787353855
-458.1089925820427	26.199374472041768
-436.67478957922617	4.765171469225265
-402.3865327321248	-29.5230853778761
-415.60764130182656	-16.301976808174345
-467.2034157602186	35.2937976502177
-458.5559935611011	26.646375451100198
-419.8695437326562	-12.040074377344695
-440.80912540151917	8.899507291518262
-408.9141150183989	-22.995503091602018
-438.3739247331871	6.464306623186189
-441.44430646887895	9.534688358878043
-446.07474087662104	14.16512276662013
-419.69350597346465	-12.216112136536253
-441.85483647427463	9.945218364273728
-451.32128500700037	19.411666896999463
-437.6639654288347	5.754347318833766
-446.39294752137266	14.483329411371756
-441.5785776351486	9.66895952514767
-449.29133609756263	17.38171798756173
-451.1249840507635	19.21536594076258
-450.97906383445024	19.069445724449338
-439.71906020114784	7.809442091146934
-423.2311636775239	-8.678454432476997
-433.92510787288575	2.0154897628848403
-404.1375883266637	-27.77202978333719
-448.99029336477633	17.08067525477543
-423.2236701517186	-8.685947958282327
-426.38081393437915	-5.528804175621758
-419.93195896421184	-11.977659145789062
-438.36639909992755	6.456780989926642
-441.3636000232882	9.453981913287294
-429.8475385923914	-2.0620795176095044
-409.56802948351196	-22.341588626488942
-422.80281243425	-9.106805675750934
-427.72144912074236	-4.188168989258543
-460.0180851765772	28.10846706657628
-459.0719580243758	27.16233991437491
-422.7578717057995	-9.15174640420139
-432.8799894080121	0.9703712980111732
-421.6983283368545	-10.211289773146405
-424.6339981016217	-7.275620008379178
-438.54807129160235	6.638453181601449
-435.1329707437844	3.22335263378352
-447.7439197464221	15.834301636421173
-418.381872607702	-13.527745502298899
-442.0422283798064	10.132610269805468
-404.555343030773	-27.354275079227932
-441.3637196757311	9.454101565730184
-433.71846795852184	1.8088498485209357
-434.715561297234	2.8059431872330833
-441.298038254002	9.388420144001088
-439.88255165165106	7.97293354165015
-417.28528897712863	-14.624329132872276
-413.2836196565215	-18.625998453479383
-417.78160667166003	-14.128011438340877
-423.63388880455864	-8.275729305442269
-445.5325109305443	13.62289282054337
-421.4336403572554	-10.475977752745507
-465.7990621119691	33.88944400196817
-477.79494723921937	45.88532912921846
-433.73364253585	1.8240244258490748
-413.19481798237587	-18.71480012762504
-426.1788964675235	-5.73072164247742
