dH	delta_dH
79.78786337258103	7.644639357418896
100.87631252738689	-13.443809797386962
101.16585734233556	-13.733354612335631
99.69458585115322	-12.262083121153296
63.58730932669701	23.845193403302915
81.55582854918535	5.876674180814575
58.436128284880084	28.99637444511984
62.07440793296669	25.35809479703323
83.94133248818585	3.491170241814075
70.47101137553878	16.961491354461145
57.26845148457656	30.164051245423366
136.6651963526671	-49.23269362266717
53.0935550029873	34.33894772701262
97.15587637459808	-9.723373644598155
87.47059848118457	-0.03809575118464181
83.43918075661728	3.993321973382649
99.65712691515014	-12.224624185150219
111.56812901532263	-24.1356262853227
52.313107723661375	35.11939500633855
49.63567263065866	37.796830099341264
133.00660371290374	-45.574100982903815
84.1779546102945	3.2545481197054187
80.96320918493362	6.469293545066307
71.43371576898281	15.998786961017117
107.55220446941453	-20.11970173941461
101.04140132873377	-13.608898598733845
109.59297392597742	-22.160471195977493
52.97232220812489	34.46018052187503
90.61630762261154	-3.1838048926116187
98.25931852298743	-10.826815792987503
73.32759713593839	14.104905594061535
104.19308310776579	-16.760580377765862
103.5263189158726	-16.09381618587267
77.43184313175004	10.000659598249882
73.55826970543819	13.874233024561732
87.75172871640677	-0.31922598640684896
90.094509366961	-2.662006636961081
77.70558759406629	9.726915135933638
64.24365158423677	23.188851145763152
95.28332465745768	-7.850821927457758
104.16092334136044	-16.72842061136052
86.6514091106277	0.7810936193722284
69.15704647227574	18.275456257724187
85.14782136590327	2.284681364096656
87.8107156443414	-0.37821291434147497
32.89485738195643	54.5376453480435
90.70595368906041	-3.273450959060483
105.37321001239732	-17.940707282397398
76.30072635565128	11.131776374348647
94.73319147518421	-7.300688745184289
117.59628245828142	-30.163779728281497
74.27569620674811	13.156806523251817
95.58497750657742	-8.152474776577492
103.85346582118044	-16.42096309118051
120.20272522962412	-32.7702224996242
105.72520112066675	-18.29269839066683
121.80406878086185	-34.37156605086193
113.88938598778012	-26.45688325778019
80.5894422028189	6.843060527181024
111.04364824984921	-23.611145519849288
140.73704621541313	-53.304543485413205
75.026547511784	12.405955218215922
84.81530578316145	2.617196946838476
87.65173066108926	-0.21922793108933547
79.79123624667048	7.641266483329446
72.38819029175559	15.044312438244333
69.04130202187574	18.391200708124188
76.06341464040727	11.369088089592651
64.19879397604566	23.23370875395426
32.96939277066102	54.46310995933891
129.65765235941856	-42.22514962941864
99.01958345807637	-11.587080728076444
96.80040341626867	-9.36790068626874
102.98814573078474	-15.555643000784812
49.6671189273757	37.76538380262423
97.60852498149418	-10.17602225149426
62.821041203766214	24.61146152623371
68.53978720801402	18.892715521985906
75.5112337929551	11.921268937044829
109.18913669562258	-21.756633965622655
67.80814502503122	19.624357704968702
103.34349308893812	-15.910990358938193
54.439926613700806	32.99257611629912
109.29828544952503	-21.8657827195251
114.6813909390876	-27.24888820908768
73.5440815041749	13.888421225825027
119.38699474481487	-31.954492014814946
139.39545279631798	-51.96295006631806
48.10441435551016	39.32808837448977
100.84172907393454	-13.40922634393462
82.78351872708268	4.648984002917246
97.73718706113519	-10.304684331135263
70.54066084754973	16.891841882450194
83.66631204880846	3.7661906811914605
99.16375423641776	-11.731251506417834
67.72078282255839	19.711719907441534
85.76465462394131	1.6678481060586137
96.52493900879577	-9.092436278795844
95.32294253353044	-7.890439803530512
104.60510055839055	-17.17259782839062
116.28851347221203	-28.856010742212106
54.6647134620072	32.767789267992725
86.8674636652469	0.565039064753023
84.15348857189034	3.2790141581095895
95.91389344362702	-8.481390713627093
84.94042822880161	2.492074501198317
122.18521826462543	-34.75271553462551
89.94803524920658	-2.5155325192066584
58.32184305050512	29.110659679494802
83.28977217348373	4.142730556516199
69.58481836215768	17.84768436784225
99.13267733025103	-11.700174600251103
103.28952904785663	-15.857026317856707
114.75391192807118	-27.32140919807125
116.20363169836608	-28.771128968366156
65.49832891417216	21.934173815827762
62.670548474017124	24.7619542559828
83.34877144028295	4.0837312897169795
82.2695728776828	5.16292985231712
86.49858866449839	0.9339140655015399
87.44817982283828	-0.015677092838359385
64.64940228926778	22.78310044073214
74.12571328623861	13.306789443761318
85.6898998788013	1.742602851198626
75.16800664064161	12.264496089358317
92.15369650863343	-4.721193778633506
62.86831093310778	24.564191796892146
84.04020731961558	3.3922954103843495
118.93441462434478	-31.501911894344858
119.11439468157099	-31.68189195157106
106.4348558355114	-19.002353105511474
95.94499867480684	-8.512495944806915
53.34051680467971	34.091985925320216
65.85155097270129	21.580951757298635
115.0297302375466	-27.597227507546677
73.44827270675435	13.984230023245573
28.450550967906594	58.98195176209333
60.634839057122946	26.79766367287698
67.18164935250664	20.250853377493286
75.85448151476615	11.578021215233775
78.92290654502719	8.509596184972736
73.59560388906536	13.836898840934566
80.15525557104499	7.2772471589549355
86.64283215390603	0.7896705760938971
102.11499391347931	-14.682491183479385
70.82211539744091	16.610387332559014
113.18544016889788	-25.75293743889796
117.63247477796173	-30.199972047961808
54.20440872436299	33.22809400563693
127.1233250554869	-39.69082232548698
80.81431084936591	6.618191880634015
105.74337866075072	-18.310875930750797
80.052781462713	7.379721267286925
66.44655755070741	20.985945179292514
62.34040406657002	25.09209866342991
40.59690908714035	46.83559364285958
60.30326246841511	27.129240261584812
61.789933006146356	25.64256972385357
67.59779986849932	19.834702861500602
107.52686553324745	-20.09436280324752
74.80093751670844	12.63156521329148
66.663472095066	20.769030634933927
58.392194810669	29.040307919330928
91.50476973132024	-4.072267001320313
108.18471968515038	-20.75221695515046
97.28248093420186	-9.849978204201932
64.35080896626457	23.08169376373536
130.3435380635219	-42.911035333521966
88.56964785509624	-1.1371451250963105
92.60478900149016	-5.172286271490236
104.87000272280054	-17.43749999280061
89.35447963197655	-1.9219769019766204
109.29098459550002	-21.858481865500096
73.80978186084027	13.62272086915965
117.22254775412873	-29.7900450241288
97.57707924716667	-10.14457651716674
59.749194643067284	27.68330808693264
107.79284157275558	-20.360338842755652
131.2328918106941	-43.800389080694174
92.06986244017614	-4.637359710176213
99.22328846842353	-11.790785738423608
79.92035193150511	7.512150798494815
91.09895506516838	-3.666452335168458
74.7366245427838	12.695878187216124
62.319488104985766	25.11301462501416
110.94900208023407	-23.51649935023414
73.86550983667254	13.566992893327381
70.73155055994718	16.700952170052744
95.11905670677308	-7.686553976773155
47.009277425209575	40.42322530479035
133.1199152617389	-45.68741253173897
43.42566912371487	44.006833606285056
91.77018941274557	-4.337686682745641
99.00533128982147	-11.572828559821545
104.70857197358029	-17.276069243580366
69.67976476012129	17.752737969878638
65.95326371215356	21.479239017846368
81.99010992983105	5.442392800168875
91.97529669845764	-4.542793968457715
74.29729625181946	13.135206478180464
94.4720580005048	-7.039555270504877
87.23354855270892	0.19895417729100018
87.60256534534093	-0.17006261534100986
89.98575012210651	-2.5532473921065844
85.62934028647973	1.8031624435201934
71.26370300392304	16.168799726076884
110.83209941673235	-23.399596686732423
58.97650767050786	28.455995059492068
79.42791388225928	8.00458884774065
94.85039088405014	-7.4178881540502175
70.01901421553052	17.413488514469407
107.61475888208483	-20.182256152084904
66.39882903166912	21.0336736983308
71.92095165851319	15.511551071486736
87.0766559985012	0.3558467314987297
114.5222435042061	-27.089740774206177
87.69609807711717	-0.26359534711724564
115.14189705517023	-27.709394325170308
104.08467566903059	-16.652172939030663
76.70086065900122	10.731642070998703
93.70474786488634	-6.272245134886418
79.04574881959056	8.386753910409368
111.52489387186856	-24.09239114186863
106.70948659781683	-19.27698386781691
63.973002411042074	23.45950031895785
76.63831672390901	10.79418600609091
75.46869155412773	11.963811175872195
124.35226702498298	-36.919764294983054
81.99014084024279	5.442361889757137
85.61414178894015	1.8183609410597796
122.35809608591566	-34.92559335591574
92.90098590810052	-5.468483178100598
85.91195572035198	1.5205470096479416
95.57420902428461	-8.141706294284688
109.83703352471534	-22.404530794715413
86.36128002850441	1.0712227014955147
79.88636159714483	7.546141132855098
116.1630414555037	-28.730538725503777
98.38084543749105	-10.948342707491122
103.37795172257105	-15.94544899257113
80.4255410287204	7.006961701279522
81.20258827651818	6.22991445348174
74.79141373550632	12.6410889944936
66.63089041011412	20.801612319885805
85.50454207488187	1.9279606551180564
85.79269206030729	1.6398106696926362
109.13535802217197	-21.702855292172046
128.69089369420075	-41.25839096420083
80.18478420890355	7.247718521096374
77.74970988658865	9.682792843411278
86.53143336147954	0.9010693685203819
72.01395840914378	15.418544320856142
63.547069718121634	23.88543301187829
96.72413127299558	-9.291628542995653
92.50524282108279	-5.0727400910828635
107.45762857065424	-20.02512584065431
81.1798237275151	6.252679002484825
143.09172735155414	-55.659224621554216
93.24027294678206	-5.8077702167821315
90.37012986140039	-2.937627131400461
122.17596079508337	-34.743458065083445
71.57962570773714	15.852877022262788
79.16602519809439	8.266477531905537
105.3410318833802	-17.90852915338027
86.09317718383943	1.3393255461604952
55.99318793414102	31.439314795858905
111.94246490113696	-24.509962171137033
92.70254044182627	-5.2700377118263475
86.32958872431115	1.102914005688774
92.250628973994	-4.818126243994072
42.53917170476777	44.89333102523216
87.9640599746144	-0.5315572446144756
122.42927646654059	-34.99677373654066
85.94044220510656	1.4920605248933612
111.53285096926263	-24.1003482392627
46.22894181890294	41.203560911096986
70.30757161235667	17.124931117643257
92.81596567806989	-5.383462948069962
102.31366645973318	-14.88116372973326
96.28059350742112	-8.848090777421191
93.08408411119294	-5.651581381193012
72.19087876677801	15.241623963221912
92.28404112832956	-4.851538398329637
101.77267724082046	-14.340174510820532
63.16384677535618	24.268655954643748
63.326316472220896	24.10618625777903
104.77306281868161	-17.340560088681684
125.7547970971261	-38.322294367126176
97.23901560047418	-9.80651287047425
101.38675359222654	-13.954250862226615
55.792124614746825	31.6403781152531
110.80250288504405	-23.370000155044124
87.07840221409216	0.3541005159077599
82.51529721587369	4.917205514126238
71.16965858767591	16.262844142324013
74.2675946974393	13.164908032560618
112.6278041833227	-25.19530145332277
98.62469963215128	-11.192196902151352
98.97425722935233	-11.541754499352407
73.68942877832407	13.743073951675854
89.12133431569507	-1.6888315856951408
122.56493991918794	-35.13243718918801
59.7474256347559	27.685077095244026
114.6133122664323	-27.180809536432378
132.565924698305	-45.13342196830507
96.36538115806613	-8.932878428066203
77.91502561405397	9.517477115945951
107.48894969657337	-20.056446966573446
79.9467857977738	7.485716932226126
103.74802116098724	-16.31551843098731
36.568630451065445	50.86387227893448
91.40080647628199	-3.9683037462820607
126.33642510912611	-38.903922379126186
97.16454513890127	-9.73204240890135
68.68396232853772	18.748540401462208
89.79873080273407	-2.3662280727341454
75.05069272270154	12.381810007298384
112.4534181158269	-25.02091538582698
66.75909693787614	20.673405792123788
108.30235387024001	-20.869851140240087
122.03990205483566	-34.60739932483574
86.68395668812443	0.7485460418754997
77.08098601727394	10.351516712725982
99.44421245042028	-12.011709720420356
75.45180201873424	11.980700711265683
84.24769108121106	3.184811648788866
93.38196352250267	-5.949460792502748
76.26727296403985	11.165229765960078
79.45688632996459	7.975616400035335
74.51913162598791	12.913371104012015
63.242111490573706	24.19039123942622
60.45070866752391	26.981794062476013
47.68446298743481	39.74803974256511
100.87564279508194	-13.44314006508202
53.250107792961785	34.18239493703814
105.52400260674665	-18.091499876746724
36.70383940491854	50.728663325081385
98.1140226987635	-10.681519968763581
88.35918531135655	-0.92668258135663
80.93494742727023	6.497555302729694
65.90045408506091	21.53204864493901
100.73175447550136	-13.299251745501437
97.01967472045169	-9.587171990451765
109.58745580897346	-22.154953078973534
89.20762275452842	-1.7751200245284906
32.33572399428783	55.09677873571209
91.61951687837143	-4.187014148371503
65.40897769214178	22.02352503785815
76.77049763141834	10.662005098581588
68.46181224305823	18.97069048694169
96.4392343742173	-9.006731644217382
121.05712732912329	-33.624624599123365
85.61097679893905	1.8215259310608758
127.18623234653828	-39.75372961653835
91.55493230372926	-4.122429573729335
32.67272532139029	54.75977740860964
78.11743952273795	9.315063207261971
96.10181895534956	-8.669316225349633
76.19619839536139	11.236304334638533
84.37109538505123	3.061407344948691
78.38755777133596	9.044944958663962
65.64804350584276	21.78445922415716
69.81920517772036	17.613297552279562
93.77993036027223	-6.347427630272307
86.44100206425614	0.9915006657437857
75.24368070611385	12.188822023886075
98.75997428201921	-11.32747155201929
48.87507686521582	38.55742586478411
108.76040354707479	-21.327900817074863
44.90828547785017	42.524217252149754
87.79951889452317	-0.3670161645232497
91.66259100827378	-4.230088278273854
137.54557762194494	-50.11307489194502
107.82665528873153	-20.394152558731605
79.53332349755041	7.899179232449512
58.71661261786616	28.715890112133764
94.44375357416979	-7.011250844169865
128.4686049618202	-41.03610223182028
74.1818759778042	13.250626752195728
52.85768753794841	34.57481519205152
41.448463476512956	45.98403925348697
66.67930335411333	20.753199375886595
92.97396504025787	-5.541462310257941
110.26261454679738	-22.830111816797455
68.87144125215022	18.561061477849705
95.76499812682718	-8.332495396827255
51.093958828280705	36.33854390171922
58.316172957892235	29.11632977210769
106.21866723904427	-18.78616450904434
79.00629609429947	8.426206635700453
82.11170618549917	5.320796544500752
99.61552944037507	-12.183026710375145
108.60581293577602	-21.17331020577609
108.37321229518952	-20.940709565189593
73.03930788733928	14.393194842660648
109.40087591200776	-21.968373182007838
103.44462411292113	-16.012121382921208
84.66006767305191	2.7724350569480123
67.46803256310739	19.96447016689254
76.13418609736473	11.298316632635192
109.38800537159693	-21.955502641597008
113.4881328756627	-26.055630145662775
103.26697346658909	-15.834470736589168
99.11615838693834	-11.683655656938413
71.29776756401259	16.134735165987337
79.7466101845879	7.685892545412031
94.42335726926504	-6.990854539265115
91.46948495237882	-4.036982222378896
86.54779249672572	0.8847102332742054
64.44022091331351	22.992281816686415
102.82615584562737	-15.393653115627444
106.03459114992472	-18.602088419924797
98.53132960979215	-11.098826879792227
56.92578397397679	30.506718756023133
59.02680247952972	28.405700250470204
62.29263927839216	25.139863451607766
72.15497072237136	15.277532007628565
55.05561358342325	32.37688914657667
115.02977425735676	-27.59727152735684
81.48723932902445	5.9452634009754775
35.176560037453015	52.25594269254691
143.77368687406502	-56.341184144065096
80.53552265562499	6.896980074374937
20.85375295947793	66.578749770522
58.43532901352606	28.997173716473867
84.66784218099943	2.764660549000496
85.48991686397508	1.9425858660248423
72.21477238669118	15.217730343308745
37.5941074569628	49.83839527303712
85.33087130859715	2.1016314214027716
98.87777186896986	-11.445269138969934
70.05314904196987	17.37935368803005
103.46629820571164	-16.033795475711713
92.90716696986695	-5.474664239867025
80.66148792486368	6.771014805136247
97.03937011347901	-9.606867383479084
48.25472721351528	39.177775516484644
83.31119857048091	4.121304159519013
95.46790402843092	-8.035401298430997
47.958344947473535	39.47415778252639
96.31312807694215	-8.880625346942224
95.57314959074486	-8.140646860744937
90.72989728604355	-3.2973945560436277
50.53359350917938	36.89890922082054
58.63615219947795	28.796350530521977
110.60740498228304	-23.17490225228312
73.0390978167118	14.393404913288123
96.35877368546451	-8.926270955464588
95.45350514082455	-8.021002410824622
43.161296052702966	44.27120667729696
77.94774652686627	9.484756203133657
142.70024253909767	-55.26773980909775
104.59164271486932	-17.159139984869398
48.54180223628762	38.8907004937123
67.6350683782014	19.79743435179853
113.45952489584968	-26.027022165849758
58.344162844870226	29.0883398851297
107.42334521102137	-19.990842481021446
112.97840258453041	-25.54589985453049
75.89629591848578	11.536206811514148
91.63659626831227	-4.20409353831235
92.51017665422853	-5.0776739242286055
72.63094741779437	14.80155531220555
90.47326908738992	-3.040766357389998
89.37523888678712	-1.9427361567871912
107.49382698224883	-20.06132425224891
82.06245380002306	5.370048929976861
62.26361364150776	25.168889088492165
105.10652242585653	-17.6740196958566
86.92528836434954	0.507214365650384
95.65653188578668	-8.224029155786752
89.06757736918749	-1.6350746391875646
95.53334411028311	-8.100841380283185
68.12296416928271	19.309538560717215
83.55047065303202	3.882032076967903
83.3078678184103	4.124634911589624
107.63482220189795	-20.202319471898022
77.48135159141853	9.951151138581395
38.24201524936498	49.19048748063494
83.76954414494335	3.662958585056572
119.90433718690852	-32.471834456908596
77.81594901857184	9.616553711428082
85.75463519924611	1.6778675307538151
68.71151885787563	18.720983872124293
76.88450849471715	10.547994235282772
87.06183325809721	0.3706694719027155
99.28752158502371	-11.855018855023786
85.37685634932419	2.0556463806757392
70.78211128350645	16.650391446493472
101.90291308976171	-14.470410359761786
95.29229483297345	-7.859792102973529
87.04872596346073	0.38377676653919934
83.09965040163777	4.332852328362151
77.81748029738563	9.615022432614296
89.88414520961058	-2.451642479610655
66.34254532669846	21.08995740330147
99.5234704888874	-12.090967758887473
114.01000645426146	-26.577503724261533
81.65512681678527	5.777375913214655
124.64532602272928	-37.212823292729354
116.38256346939195	-28.95006073939203
83.65045086317426	3.782051866825668
86.78944350951068	0.6430592204892491
121.03286406169471	-33.600361331694785
90.60444791934177	-3.171945189341841
99.54829988720056	-12.115797157200632
58.5401080257773	28.892394704222625
103.7733345729628	-16.34083184296287
81.86722900653243	5.565273723467499
61.20941212702658	26.223090602973343
65.43114583449554	22.001356895504387
90.73697722394266	-3.3044744939427346
80.16418665015684	7.268316079843089
94.40016114235462	-6.9676584123546945
94.25197231568475	-6.819469585684828
136.76504924892564	-49.33254651892571
103.62139137606485	-16.188888646064925
82.37391512201341	5.05858760798651
62.176835671377404	25.25566705862252
79.56268393766825	7.869818792331671
69.66295791401629	17.769544815983636
105.31919359783845	-17.886690867838524
80.08469646861356	7.347806261386367
101.43478427334324	-14.002281543343315
88.36254269575872	-0.9300399657587946
89.19583591797706	-1.763333187977139
143.84112533550066	-56.40862260550074
90.30024130445597	-2.867738574456041
60.719190191593924	26.713312538406
94.77218668529892	-7.3396839552989945
94.52276268497005	-7.090259954970122
114.97619708210365	-27.543694352103728
117.09650953929301	-29.664006809293085
38.86025429247999	48.57224843751993
123.29701395388835	-35.86451122388843
109.14402828074523	-21.711525550745307
54.05617311020612	33.37632961979381
127.41725729677452	-39.9847545667746
104.40798752059342	-16.975484790593498
98.45425711431378	-11.021754384313851
82.2109530828163	5.221549647183622
109.00088570525415	-21.568382975254224
98.31795184524685	-10.885449115246928
46.16016046462548	41.27234226537445
68.618408932049	18.81409379795093
76.60857262564579	10.823930104354133
57.163298886500115	30.26920384349981
82.82135253940825	4.6111501905916725
110.66512899056008	-23.232626260560153
89.36522293441337	-1.9327202044134424
54.664203310608826	32.7682994193911
107.20347749966254	-19.770974769662615
68.29395096197706	19.138551768022865
117.07741338504795	-29.644910655048022
61.30220441239882	26.130298317601103
106.75306839747074	-19.320565667470817
116.45014286285061	-29.017640132850687
89.00150578133241	-1.569003051332487
121.41268649529286	-33.980183765292935
94.31575641387519	-6.883253683875267
58.881917017832734	28.55058571216719
99.96521791713133	-12.532715187131402
55.90416083476305	31.528341895236878
59.01655742270907	28.415945307290855
100.21926549335387	-12.786762763353948
110.33307269820818	-22.90056996820826
85.05593070165617	2.376572028343759
127.6769737545552	-40.24447102455528
88.70207790491679	-1.2695751749168664
61.29101022188331	26.141492508116613
97.0181764482628	-9.585673718262882
83.14976159883292	4.2827411311670005
67.86204798763433	19.570454742365598
47.58926664505165	39.84323608494827
69.53432498893275	17.898177741067173
121.20340383640254	-33.77090110640262
94.41017138568336	-6.977668655683431
98.53300497352288	-11.100502243522953
108.69248495232918	-21.259982222329256
85.0490445252752	2.383458204724718
71.03007860017064	16.402424129829285
79.06096605328534	8.371536676714584
94.83204551967978	-7.399542789679856
106.94242344519702	-19.509920715197097
71.73692845776063	15.695574272239298
63.85638259004085	23.576120139959073
94.11553201976025	-6.683029289760327
68.31950411565671	19.112998614343212
91.6206691857021	-4.188166455702174
109.72415492382581	-22.291652193825882
94.61020890085794	-7.177706170858016
95.66575086494933	-8.233248134949406
72.94421099132316	14.488291738676764
93.03715916220446	-5.604656432204536
108.87627278543525	-21.443770055435323
128.20517718869243	-40.77267445869251
77.851844039106	9.580658690893927
68.4200652728193	19.012437457180624
102.4111142662675	-14.978611536267579
106.40607225529831	-18.973569525298387
62.63245005543078	24.800052674569145
95.29604843053104	-7.86354570053112
127.6842861636521	-40.25178343365218
99.27916792156404	-11.846665191564114
82.76248162139743	4.670021108602498
98.91863647024363	-11.486133740243702
122.34060718852967	-34.90810445852975
99.08941554651389	-11.656912816513966
109.62285520441944	-22.190352474419512
73.834226862642	13.598275867357927
43.45049564134385	43.982007088656076
71.5736718791704	15.85883085082952
93.96650706441139	-6.534004334411463
65.987382082636	21.44512064736392
68.15581963257861	19.276683097421312
72.77788191908527	14.65462081091465
70.74144870176494	16.691054028234987
86.22872649639609	1.2037762336038327
39.78597096827795	47.646531761721974
63.449458566061395	23.98304416393853
91.69382856454092	-4.2613258345409974
118.24994256379694	-30.81743983379701
87.82237893562785	-0.38987620562792813
75.93108007773924	11.501422652260686
49.03392198960486	38.39858074039506
99.1443893729546	-11.711886642954681
53.73883045721857	33.693672272781356
118.43888701584808	-31.006384285848156
144.8403489223591	-57.40784619235919
80.94017909541148	6.492323634588445
88.95443534667072	-1.5219326166707958
102.15947583579953	-14.726973105799601
53.37973047797175	34.05277225202818
83.77780367199634	3.6546990580035867
84.9537019663552	2.4788007636447276
113.07330512947271	-25.64080239947279
103.97530004683253	-16.542797316832605
87.51761018065994	-0.08510745066001846
98.15753453305373	-10.72503180305381
137.08895155195827	-49.65644882195835
59.93404126629579	27.498461463704132
72.99873244055456	14.433770289445363
68.49362617348274	18.938876556517187
97.67796465493925	-10.24546192493932
68.8445330575149	18.58796967248503
86.86400129926264	0.5685014307372853
125.60385159060647	-38.17134886060654
53.044548656687624	34.3879540733123
82.15589582548168	5.276606904518246
116.65207474257372	-29.219572012573792
60.8311655068745	26.601337223125427
87.11840380669568	0.31409892330424327
66.34142137632028	21.09108135367964
68.31251239978286	19.119990330217064
89.115120120457	-1.682617390457068
75.06492526325513	12.367577466744791
61.098959925349334	26.33354280465059
75.83176619144928	11.600736538550649
64.65270256691423	22.779800163085696
125.34188362151639	-37.90938089151646
93.39345394310061	-5.960951213100685
66.90788231141636	20.524620418583567
113.86436568945413	-26.431862959454207
71.23332146273736	16.19918126726256
90.2720532826965	-2.839550552696579
109.35320573164557	-21.92070300164565
65.31642333139229	22.11607939860764
92.55797481157191	-5.125472081571985
73.62016875199987	13.812333978000055
48.91821320089747	38.514289529102456
103.4720758360483	-16.03957310604838
66.24006546152049	21.192437268479438
87.48512586084979	-0.052623130849866584
90.27016056104111	-2.8376578310411844
79.58698700727126	7.845515722728663
95.6671614763647	-8.234658746364772
84.52384483244822	2.9086578975517057
82.81615922142663	4.616343508573294
86.33254918250731	1.0999535474926176
59.45256589384843	27.979936836151495
77.05150895517926	10.380993774820666
83.32813606831513	4.104366661684793
101.2082836436013	-13.77578091360138
46.46952191714371	40.962980812856216
86.50643459098222	0.9260681390177012
74.40921724484423	13.023285485155697
96.69247958297927	-9.25997685297935
117.83128443498134	-30.398781704981417
53.1859149554395	34.246587774560425
95.5566044550389	-8.124101725038969
93.496680625328	-6.064177895328072
52.46000157045927	34.972501159540656
64.62739524911666	22.805107480883265
137.03723022552293	-49.60472749552301
88.91742777626058	-1.4849250462606562
45.811101392375065	41.62140133762486
104.3057648489368	-16.87326211893688
101.86966183373005	-14.437159103730124
133.20167001723456	-45.76916728723464
71.88925890547688	15.543243824523046
100.03032489771743	-12.59782216771751
81.14586062858547	6.286642101414458
66.93779277313428	20.49470995686565
78.41277144851978	9.019731281480148
69.89722426899829	17.53527846100164
71.20550837349532	16.226994356504605
118.60854561155196	-31.176042881552036
55.24438478692667	32.18811794307325
81.63781858698843	5.794684143011494
90.0361604094482	-2.6036576794482755
96.34166118212983	-8.909158452129901
50.71452265843385	36.717980071566075
85.6859405844852	1.74656214551473
70.26327979082765	17.169222939172272
118.56386868304747	-31.13136595304755
94.28021969882087	-6.847716968820947
65.57461070846813	21.857892021531796
50.862159129174245	36.57034360082568
75.15445560835389	12.27804712164604
92.9728787018069	-5.540375971806981
98.45793137741595	-11.025428647416021
72.97245169656918	14.460051033430744
66.77680948498556	20.655693245014362
64.06876198038509	23.363740749614834
81.18664607175225	6.245856658247675
57.506655463452546	29.92584726654738
40.85205132448965	46.580451405510274
124.17787294624878	-36.74537021624886
59.17567229863954	28.256830431360385
110.05708425679069	-22.624581526790763
117.70696378308668	-30.274461053086753
83.33058225058932	4.101920479410609
91.69214634852443	-4.259643618524507
101.58102366696886	-14.148520936968936
110.4912158461305	-23.058713116130576
40.36066325807798	47.07183947192195
61.70771260254179	25.724790127458135
64.70284140739415	22.72966132260578
116.27594527662615	-28.84344254662622
84.48550663918132	2.946996090818601
112.62315919615168	-25.19065646615175
158.12098232833551	-70.68847959833559
77.2125381356148	10.219964594385118
128.16941671022352	-40.73691398022359
55.75007677248169	31.682425957518234
84.85925784634338	2.5732448836565425
78.6405022807051	8.792000449294818
51.34522479022945	36.08727793977047
76.10603968466813	11.326463045331792
61.182842893280224	26.2496598367197
86.38127237666441	1.0512303533355123
114.94222641041443	-27.50972368041451
102.17880106869171	-14.746298338691787
88.86978903090522	-1.4372863009052992
29.423808212465076	58.00869451753485
47.49746062652622	39.935042103473705
72.18925192549642	15.243250804503504
92.4103635410359	-4.977860811035981
95.97606177807967	-8.543559048079743
116.71765225802693	-29.285149528027006
102.91195823001937	-15.47945550001944
89.8027801186584	-2.3702773886584794
57.23790986811997	30.194592861879954
93.62186598689942	-6.189363256899497
101.07547063172416	-13.642967901724234
62.803850635351694	24.62865209464823
92.37874830348466	-4.946245573484731
108.67183361471353	-21.23933088471361
53.916523275384236	33.51597945461569
119.76057476396119	-32.32807203396126
116.61405397713708	-29.18155124713715
82.34225231668125	5.090250413318671
81.61443617570359	5.818066554296337
37.37753613929118	50.054966590708744
69.03870683367978	18.393795896320142
77.4608079666653	9.971694763334625
54.700253563742365	32.73224916625756
67.57386078701558	19.85864194298435
128.96884069894833	-41.5363379689484
102.33908874058062	-14.906586010580696
89.21365514911594	-1.7811524191160117
75.03414902650172	12.398353703498202
91.23167494405351	-3.799172214053584
113.1981546217641	-25.76565189176418
77.43530531334108	9.99719741665885
91.68038795026877	-4.2478852202688415
113.19826720088457	-25.765764470884648
51.03912377492742	36.39337895507251
103.5345558572464	-16.102053127246478
67.74790569215764	19.68459703784228
89.90929170370072	-2.476788973700792
98.09731659363769	-10.664813863637761
138.42749808728985	-50.99499535728992
72.84414561372813	14.588357116271794
94.08153519884144	-6.6490324688415114
81.09264683483087	6.339855895169052
78.00645507553182	9.426047654468107
78.01659476924706	9.415907960752861
82.42524810675005	5.007254623249878
101.99022671673211	-14.557723986732185
87.6013374591561	-0.16883472915617403
51.941760781233285	35.49074194876664
101.44472308268033	-14.012220352680401
45.18465952747411	42.247843202525814
60.468946958987914	26.96355577101201
81.57863271226361	5.8538700177363125
139.69826878991208	-52.26576605991215
80.31764712214172	7.114855607858203
85.1550664522014	2.277436277798529
77.0571385238085	10.37536420619142
64.18567839464359	23.246824335356337
84.15075378898237	3.281748941017554
65.56051109550154	21.871991634498386
56.73804553651226	30.694457193487665
106.1681232363093	-18.735620506309374
68.60513511740865	18.827367612591274
72.78596410316769	14.646538626832239
43.090887329617004	44.34161540038292
70.75457128605686	16.677931443943066
100.70886989934061	-13.276367169340688
115.14618986350743	-27.713687133507506
88.51650303598345	-1.0840003059835226
81.09780316860397	6.334699561395951
80.01421140404037	7.418291325959558
68.53167150589925	18.90083122410067
104.73048728029372	-17.29798455029379
50.803054211236855	36.62944851876307
94.43378424629137	-7.001281516291442
77.43663169329139	9.995871036708536
94.29471947750463	-6.862216747504704
79.24345912809113	8.189043601908793
115.09993270851683	-27.667429978516907
103.83881208241783	-16.406309352417907
78.07338682210721	9.359115907892715
73.77419266491725	13.658310065082674
110.81248994445687	-23.379987214456946
82.47535773705513	4.957144992944791
98.07808924677957	-10.645586516779645
80.91039264997404	6.522110080025882
84.33492740508464	3.097575324915283
76.93246294881502	10.50003978118491
107.61760281450589	-20.18510008450596
55.18839314722973	32.24410958277019
105.90756322045982	-18.475060490459896
109.41858860955134	-21.98608587955141
89.38630687870054	-1.9538041487006126
104.32058439455639	-16.888081664556466
96.27910065612403	-8.846597926124105
40.43196611049123	47.00053661950869
132.3602666268928	-44.927763896892884
100.0429570974159	-12.610454367415969
103.5277984410134	-16.095295711013478
82.3224620956137	5.110040634386223
54.321798991583165	33.11070373841676
107.08119669616556	-19.648693966165638
104.34253788845334	-16.91003515845341
136.47683926630114	-49.044336536301216
75.29524544408221	12.137257285917713
67.70408515571788	19.728417574282048
105.66632615321603	-18.23382342321611
107.08695530998403	-19.65445257998411
81.73208273142501	5.700419998574915
107.8644448514172	-20.43194212141728
105.64049388308041	-18.207991153080485
85.73227436411281	1.7002283658871136
101.01844019798256	-13.585937467982632
102.41409927864544	-14.981596548645513
110.8247566045323	-23.392253874532372
86.01837114198162	1.4141315880183072
104.8490460578617	-17.416543327861774
84.61002638430392	2.8224763456960034
61.480844424305644	25.95165830569428
108.71275515905683	-21.2802524290569
36.657656606941885	50.77484612305804
112.4453825105623	-25.012879780562372
116.40592130641045	-28.973418576410523
34.80484898696912	52.627653743030805
98.81000503964631	-11.377502309646388
69.74381820243096	17.688684527568967
106.37782853479465	-18.94532580479472
98.22598993492855	-10.793487204928624
129.6364623667835	-42.203959636783566
63.8797883020782	23.552714427921728
58.91462519858422	28.517877531415706
60.153730947453624	27.2787717825463
71.3331215785636	16.09938115143632
57.02002838973593	30.412474340263998
77.2114799458507	10.221022784149227
90.3108777597811	-2.878375029781182
90.53223532643668	-3.099732596436752
109.95032220901365	-22.517819479013724
44.64991316540571	42.78258956459422
67.97864208542185	19.45386064457807
143.3213642539088	-55.88886152390887
83.31540111792881	4.11710161207111
66.34131183067464	21.091190899325284
58.09950732947553	29.332995400524396
64.98080105093894	22.45170167906099
58.42551346355711	29.006989266442815
65.36116632878682	22.071336401213102
79.4662579734966	7.966244756503329
59.18192454020053	28.2505781897994
60.09495320709928	27.337549522900645
96.38045433897085	-8.947951608970925
78.26391527186959	9.168587458130332
89.84200317118987	-2.409500441189948
104.54029417598602	-17.107791445986095
97.94026387489637	-10.507761144896449
99.05305477119487	-11.62055204119494
83.09323705637303	4.3392656736268975
103.75654073563396	-16.324038005634037
84.94784870455601	2.4846540254439162
60.88221338753351	26.550289342466414
49.46402636133075	37.96847636866917
114.6149678237432	-27.182465093743275
59.39889226860737	28.033610461392556
107.19917086919463	-19.766668139194707
111.99586522242089	-24.563362492420964
66.68612122565696	20.746381504342963
109.51330576307168	-22.08080303307176
47.373604216094236	40.05889851390569
85.66921546239405	1.7632872676058753
57.00111315613117	30.431389573868756
66.37995901118643	21.052543718813496
114.77143850357038	-27.338935773570455
86.77612146976048	0.6563812602394421
58.19072436983129	29.241778360168638
109.57855417698352	-22.14605144698359
76.4171180819701	11.015384648029823
104.51415122523736	-17.08164849523743
95.3427311335306	-7.910228403530681
59.930134405678245	27.50236832432168
39.72775366521887	47.704749064781055
92.51874721092804	-5.086244480928116
88.27990150302116	-0.84739877302124
102.53701440498276	-15.104511674982831
105.482355202176	-18.04985247217607
88.9748639985462	-1.5423612685462729
97.39701630339346	-9.964513573393532
135.9281316126196	-48.495628882619684
69.86452829412599	17.567974435873936
97.902364395154	-10.46986166515407
113.88416882129047	-26.451666091290548
83.93343487406207	3.4990678559378523
91.08282096376468	-3.65031823376475
122.94489205934849	-35.512389329348565
99.4059005071748	-11.973397777174881
70.78460782384525	16.647894906154676
95.15573522246598	-7.723232492466053
105.2590516435074	-17.82654891350748
53.57676588703441	33.85573684296551
88.03265583958898	-0.6001531095890584
104.95425953452184	-17.521756804521914
122.39600019154511	-34.96349746154519
72.74952628659491	14.68297644340501
94.57961863167918	-7.147115901679257
78.45620599878418	8.97629673121574
125.8549414835278	-38.42243875352787
87.5451173864775	-0.11261465647757518
105.5913563929256	-18.15885366292568
83.56418073181874	3.8683219981811874
84.10492404872355	3.3275786812763783
67.47229641250931	19.960206317490616
84.49985076890596	2.932651961093967
79.93590358003974	7.49659914996019
95.26481649494497	-7.832313764945042
108.47862610063282	-21.0461233706329
78.5271825518347	8.905320178165226
111.26869478935885	-23.836192059358922
122.32572502155642	-34.8932222915565
90.35062208013085	-2.9181193501309224
133.04505296829564	-45.61255023829571
104.99221821976039	-17.559715489760464
107.17644707113482	-19.743944341134892
65.26544564752999	22.167057082469938
71.25597291338067	16.17652981661925
94.1619702466212	-6.72946751662127
113.67667113019866	-26.24416840019873
81.75477185021259	5.677730879787333
96.56860350744614	-9.136100777446217
81.50467875147092	5.9278239785290054
111.56422337233903	-24.131720642339104
107.84304731027237	-20.410544580272443
77.89131561647241	9.541187113527513
67.12966114295864	20.302841587041286
49.762054060725575	37.67044866927435
98.25762353186815	-10.825120801868223
86.00831822763371	1.4241845023662165
88.09312958614987	-0.6606268561499462
67.50953662877669	19.92296610122324
102.98640474545459	-15.553902015454668
72.00916158952145	15.42334114047847
48.61795723566115	38.81454549433877
115.15467606907418	-27.72217333907426
46.997668828298856	40.43483390170107
80.75920259496502	6.673300135034907
86.49806990835873	0.9344328216411952
100.94584948973147	-13.513346759731547
101.86825093639686	-14.435748206396937
81.57376819125761	5.858734538742311
89.5794178146241	-2.146915084624169
112.5964212653123	-25.163918535312376
93.02993903570473	-5.597436305704804
101.12603072649267	-13.693527996492747
106.26712584644599	-18.834623116446068
99.28897376415341	-11.856471034153486
49.174776357552105	38.25772637244782
70.06612941882659	17.366373311173334
115.11353707100977	-27.68103434100985
77.29208387149163	10.140418858508298
117.62175938848202	-30.189256658482094
88.8512939877063	-1.4187912577063742
67.76837131260515	19.66413141739477
141.67774806556815	-54.24524533556823
61.372094193814405	26.06040853618552
110.39841843595684	-22.965915705956917
103.80158488272912	-16.36908215272919
74.96806976558116	12.464432964418762
129.31685205328074	-41.884349323280816
78.80793186493872	8.624570865061202
81.23993526737138	6.192567462628546
84.0239469925117	3.4085557374882285
73.6071096091772	13.825393120822724
90.867803999589	-3.4353012695890754
89.49557689868504	-2.0630741686851195
53.892547157886725	33.5399555721132
47.34482635499705	40.08767637500287
66.86151781530396	20.57098491469597
83.15556736374572	4.276935366254207
125.21238013900518	-37.77987740900525
98.58098667618003	-11.148483946180107
114.0631813217359	-26.630678591735972
121.20645075639447	-33.77394802639455
82.02825266872503	5.404250061274894
55.53406415394318	31.898438576056748
80.92169129878573	6.510811431214194
55.09831319323999	32.334189536759936
53.97851087941959	33.45399185058034
130.0232533613918	-42.59075063139187
50.46372210385667	36.96878062614326
56.50752953490624	30.924973195093685
74.92539706365201	12.507105666347911
90.70580795773404	-3.273305227734113
109.35712945158153	-21.924626721581603
70.55450720875083	16.87799552124909
98.18012319757364	-10.74762046757371
62.74832098584832	24.6841817441516
65.35562678869897	22.076875941300955
131.61979267740676	-44.18728994740684
103.4434668148962	-16.010964084896273
90.7002182644425	-3.267715534442573
95.06385267109104	-7.631349941091116
103.81203498348003	-16.379532253480107
61.18787296987756	26.244629760122365
82.86203883999877	4.57046389000115
71.16602789055031	16.266474839449614
42.768820446358575	44.66368228364135
73.99067182367725	13.441830906322679
101.44553037361874	-14.013027643618813
72.06904045453501	15.363462275464911
82.37274651432762	5.059756215672309
72.97295107073586	14.459551659264065
128.57720930892827	-41.14470657892835
69.5236391879036	17.908863542096327
101.00297083798176	-13.570468107981839
79.20266850415209	8.229834225847839
69.75426373853696	17.678238991462962
103.77404274143117	-16.34154001143125
80.99466100419971	6.437841725800212
107.50533876568528	-20.072836035685356
85.87488665566156	1.5576160743383696
78.41177249903097	9.020730230968951
65.75410870387844	21.67839402612148
89.71080258323576	-2.2782998532358363
75.1138049278606	12.318697802139326
98.1082357916502	-10.675733061650277
116.30896212389138	-28.87645939389145
96.08790447737277	-8.65540174737285
59.21722682624471	28.215275903755213
68.26967073098871	19.162831999011217
85.08243135309652	2.3500713769034007
77.72059619482474	9.711906535175189
78.06735160082548	9.36515112917445
65.7598471179744	21.672655612025522
63.410319215781044	24.02218351421888
89.79425702568568	-2.3617542956857562
89.63792708922227	-2.2054243592223486
95.02140500745298	-7.588902277453059
88.70593471836872	-1.2734319883687988
81.73371749466713	5.698785235332792
80.35238061500712	7.080122114992804
79.96335710413149	7.4691456258684354
81.81404203884375	5.618460691156173
49.34694629758195	38.085556432417974
69.97910756645359	17.453395163546332
88.34450600912822	-0.9120032791282995
86.84216689068779	0.5903358393121323
71.13368514681787	16.298817583182057
104.4915586459785	-17.059055915978576
77.87480707041613	9.5576956595838
119.81804304489748	-32.385540314897554
109.24557973717134	-21.813077007171415
76.60326595154953	10.829236778450394
97.3006126465753	-9.868109916575378
108.9483192192493	-21.515816489249374
113.19018638353742	-25.757683653537498
108.40198007094119	-20.969477340941268
68.50161055567611	18.930892174323816
61.74565082772466	25.686851902275265
96.27867240168968	-8.84616967168975
98.28678026785752	-10.854277537857598
119.38351190990812	-31.951009179908198
104.29103654720353	-16.858533817203607
100.16610907245382	-12.733606342453896
60.032000244581525	27.4005024854184
74.80639933151093	12.626103398488993
69.60828246468762	17.824220265312306
75.2242714778479	12.208231252152018
23.76312535193236	63.669377378067566
86.24243899677757	1.1900637332223596
63.04287202471849	24.389630705281434
80.36633142933013	7.066171300669794
105.6661981177497	-18.233695387749776
94.248567103223	-6.816064373223071
86.31199086638688	1.1205118636130464
109.46359169310043	-22.0310889631005
100.97516818007014	-13.542665450070217
99.84114449635243	-12.408641766352503
100.25084050115427	-12.818337771154347
98.36971015784209	-10.937207427842168
94.70301155586665	-7.270508825866727
106.97638707262948	-19.543884342629553
92.78962914260234	-5.357126412602412
78.41960718164233	9.01289554835759
120.98940931347721	-33.556906583477286
48.4347015458639	38.99780118413602
102.53502324501466	-15.102520515014731
93.24279794060027	-5.810295210600344
28.287897193002266	59.14460553699766
66.20296028069612	21.229542449303807
108.64580932748328	-21.213306597483353
65.44521922240534	21.987283507594583
75.78722639483755	11.645276335162379
25.783825499040233	61.64867723095969
46.09149961780173	41.341003112198194
116.0643806998433	-28.631877969843373
95.8974567838323	-8.464954053832372
107.52559480521455	-20.093092075214628
92.37566417146633	-4.943161441466401
76.72277422319536	10.709728506804566
95.79666767130863	-8.364164941308701
73.06779602397847	14.364706706021451
86.70847810862512	0.7240246213748094
85.85340009764519	1.5791026323547328
121.86674632900946	-34.434243599009534
92.14429671418662	-4.7117939841866985
163.07835582212834	-75.64585309212842
76.66777338067419	10.764729349325734
51.078234879607464	36.35426785039246
42.88754606455137	44.54495666544855
88.85021789307217	-1.4177151630722449
100.66839213764791	-13.235889407647988
88.70992592251247	-1.2774231925125434
120.5325691274466	-33.10006639744668
109.66568292052207	-22.233180190522148
122.11940064522233	-34.6868979152224
90.75598151685872	-3.3234787868588
85.12577604655408	2.306726683445845
62.28795434607119	25.144548383928736
103.7522450345804	-16.319742304580473
107.92535318099718	-20.492850450997253
95.13690928688985	-7.704406556889921
53.60018939778902	33.8323133322109
68.88018291608742	18.552319813912504
111.63074256728751	-24.198239837287588
96.9659577534193	-9.533455023419378
86.12116191197313	1.3113408180267925
95.22067381000662	-7.788171080006691
48.64959668876227	38.78290604123765
97.17543165134876	-9.742928921348835
99.51476964756094	-12.082266917561014
96.91544258691093	-9.482939856911003
102.03182216991254	-14.59931943991262
70.01642446085125	17.41607826914867
74.31460152351784	13.117901206482088
111.04422191650693	-23.611719186507003
88.25208573294131	-0.8195830029413855
64.1876838450445	23.24481888495542
89.91675595736424	-2.48425322736432
96.7973624051464	-9.364859675146477
68.20993810169048	19.222564628309442
76.14512159184042	11.287381138159503
85.06425279714668	2.368249932853246
107.61809876447106	-20.185596034471132
48.16526809913731	39.26723463086262
87.53883206157653	-0.10632933157660318
47.9574967765482	39.47500595345173
114.27287422401858	-26.840371494018655
126.62089027603795	-39.18838754603803
45.26512358407925	42.16737914592068
79.2855911719387	8.14691155806122
104.48170604768691	-17.049203317686988
114.05833281085032	-26.625830080850392
94.69934506598545	-7.26684233598553
115.9841188215585	-28.55161609155857
102.72805218021384	-15.295549450213912
127.42560495125943	-39.993102221259505
73.5798841221447	13.85261860785522
83.96995758601113	3.462545143988791
53.428182066648134	34.00432066335179
74.01650144309386	13.416001286906067
45.05209906730178	42.38040366269814
73.40798128141503	14.024521448584892
146.46306081738	-59.030558087380086
59.27937461941181	28.153128110588113
111.57693246403394	-24.14442973403402
72.09661577261139	15.335886957388539
101.0375524538729	-13.60504972387298
81.80406873885002	5.628433991149905
108.14391429828154	-20.71141156828162
108.59587432994047	-21.163371599940547
119.96133357108627	-32.52883084108635
78.62319069285948	8.809312037140444
85.62741841817913	1.8050843118207922
113.11402894690107	-25.681526216901148
40.52945945129321	46.90304327870672
90.55055373683243	-3.118051006832502
61.31197705354387	26.120525676456054
99.19291749609638	-11.76041476609646
114.49887693540123	-27.066374205401303
59.51065175145587	27.921850978544057
94.52582470230291	-7.093321972302988
65.78590365111259	21.646599078887334
68.55544541464397	18.877057315355955
77.8728911053494	9.559611624650529
82.37655159011948	5.055951139880449
56.43535987628448	30.997142853715445
117.01635898123087	-29.58385625123094
67.50308592542743	19.929416804572497
59.52163947305772	27.910863256942207
76.31561111544752	11.1168916145524
99.58580277548654	-12.153300045486617
96.54878564120361	-9.116282911203683
84.7919633513101	2.640539378689823
59.17748812656092	28.255014603439008
85.54113109541677	1.8913716345831517
64.32342521634737	23.10907751365255
120.94637612637771	-33.51387339637779
88.08354785195289	-0.6510451219529614
77.08696022099494	10.345542509004986
117.74089855044659	-30.308395820446663
70.5651453382051	16.867357391794826
77.72087244618697	9.711630283812951
72.43252529427983	14.999977435720098
118.9205187973877	-31.488016067387775
88.66547076618727	-1.2329680361873443
106.67129309979092	-19.23879036979099
71.75955107272776	15.672951657272165
81.92804086094648	5.5044618690534435
101.03852431864507	-13.606021588645149
69.02940270824823	18.403100021751698
92.59776899166084	-5.165266261660918
75.18558642182964	12.246916308170285
59.935261716010274	27.49724101398965
98.91529573265055	-11.482793002650624
46.20313454612827	41.22936818387166
101.35640575512392	-13.923903025123991
90.10203492599888	-2.669532195998954
71.55236136279112	15.880141367208807
45.67630857434327	41.75619415565666
76.79547599807395	10.637026731925971
88.27902412482447	-0.8465213948245491
85.57798893660132	1.8545137933986098
86.57041976480744	0.8620829651924851
91.07430824163296	-3.641805511633038
114.28420599338554	-26.851703263385616
84.84844990220589	2.5840528277940393
75.3516794676323	12.08082326236763
95.86662147596778	-8.43411874596785
70.21821808574148	17.21428464425844
84.95484992522759	2.477652804772333
84.99378341464833	2.438719315351591
66.53696481803198	20.89553791196795
100.22865264603095	-12.796149916031027
113.73236882002428	-26.299866090024352
100.28786698481852	-12.855364254818596
63.367009567239876	24.06549316276005
113.53587677669273	-26.103374046692807
13.646074528435548	73.78642820156438
79.13132899506016	8.301173734939766
111.34479700395676	-23.91229427395683
43.47779166538092	43.954711064619005
74.94609017823487	12.486412551765056
84.16122348833179	3.2712792416681395
80.4039046523666	7.028598077633319
97.97989300095642	-10.547390270956498
112.23745897765357	-24.80495624765365
104.04784312294387	-16.61534039294395
83.05956596697243	4.3729367630274965
78.55639394124037	8.876108788759552
82.73762261871335	4.6948801112865794
64.83519424795477	22.59730848204515
57.1302278290149	30.302274900985026
75.25029539285234	12.182207337147588
68.44348523612749	18.98901749387244
110.74997858015732	-23.317475850157393
103.46204973017839	-16.029547000178468
85.06269273172248	2.3698099982774465
62.7636828038284	24.668819926171523
92.41971951723818	-4.987216787238253
60.236473752551234	27.19602897744869
96.2053487650791	-8.77284603507917
64.39551363128786	23.03698909871207
72.45611451359028	14.976388216409646
94.92446409334289	-7.491961363342966
65.40092937769342	22.03157335230651
70.1688249855487	17.26367774445123
82.28420459623695	5.148298133762978
80.8542333466593	6.578269383340626
114.478538976642	-27.046036246642075
66.70375913968223	20.72874359031769
106.42272464010958	-18.990221910109653
95.265603825579	-7.833101095579082
118.66711408409347	-31.234611354093545
88.79925423253806	-1.3667515025381363
0.1995590173580979	87.23294371264183
85.17429061952569	2.2582121104742328
94.95947050832254	-7.526967778322614
48.118844049539604	39.31365868046032
80.43366862765222	6.9988341023477005
84.559148666315	2.8733540636849284
97.41034913036131	-9.977846400361386
35.54174321490862	51.890759515091304
102.73528796635495	-15.302785236355021
69.31715440114638	18.115348328853543
67.95217658914842	19.480326140851503
97.19015268173533	-9.757649951735402
124.12126850915664	-36.68876577915671
73.35094183989784	14.081560890102082
82.8399699785439	4.5925327514560195
126.93246733558479	-39.499964605584864
49.809521893134644	37.62298083686528
72.19820927585968	15.234293454140243
85.61732901320173	1.8151737167981992
59.09972390413057	28.332778825869354
80.30216819625937	7.130334533740552
112.56553609442634	-25.13303336442641
99.2605265476839	-11.82802381768397
81.5893361901806	5.843166539819322
84.81870098558537	2.613801744414559
90.38980632577457	-2.957303595774647
91.86084759128042	-4.428344861280493
100.1645767194357	-12.732073989435776
126.9007551554794	-39.46825242547948
43.30993340047715	44.122569329522776
109.5367488361342	-22.10424610613427
74.61746865168416	12.815034078315762
44.14527357990474	43.287229150095186
105.92997617640313	-18.497473446403205
128.33850647381215	-40.90600374381222
67.99029947921909	19.442203250780835
81.26113757775957	6.171365152240355
57.10306196020511	30.329440769794815
92.56020343189076	-5.127700701890831
119.62184909709313	-32.18934636709321
87.16607909674522	0.2664236332547034
73.95882914636778	13.473673583632149
74.64149422991787	12.791008500082057
94.3662445991155	-6.933741869115579
142.61412556627684	-55.181622836276915
95.68950555652364	-8.257002826523717
117.63039904789721	-30.19789631789729
63.647628290022936	23.78487443997699
108.0307596562715	-20.598256926271574
130.19869272096722	-42.76618999096729
62.22935771384246	25.203145016157464
88.07520855069552	-0.6427058206955962
53.32210342528552	34.110399304714406
63.58900525106756	23.843497478932363
82.17364901335705	5.258853716642875
100.12114832535181	-12.688645595351886
58.732065860482095	28.70043686951783
69.08562288110616	18.346879848893764
98.04961738341049	-10.617114653410567
105.41293317094997	-17.980430440950045
113.85584327262578	-26.42334054262585
65.49372454441519	21.938778185584738
81.87876690912336	5.553735820876568
83.79347840317567	3.6390243268242557
77.81748290470003	9.615019825299896
91.74237487733151	-4.309872147331589
115.54502147438032	-28.112518744380395
87.73582931654599	-0.3033265865460635
70.18373309898087	17.24876963101906
114.72345030948853	-27.290947579488602
84.73209801908595	2.700404710913972
121.18472198230737	-33.75221925230744
123.10465429073591	-35.67215156073598
91.6677919500369	-4.235289220036975
66.54902947003328	20.88347325996665
68.27350376598477	19.158998964015154
58.40586333137506	29.026639398624866
52.476392437582746	34.95611029241718
134.75381144583824	-47.32130871583831
79.77462702669712	7.657875703302807
79.38536931561319	8.047133414386735
73.2938458029885	14.138656927011425
125.31409409514802	-37.8815913651481
100.71297351445835	-13.28047078445843
104.89709550621686	-17.464592776216932
70.79874123492758	16.63376149507235
107.54899775225206	-20.11649502225214
81.85166314250458	5.580839587495348
108.18683736197548	-20.754334631975553
123.3345511463713	-35.90204841637137
97.32198315953977	-9.889480429539844
103.59808722454821	-16.165584494548284
72.09946691201097	15.333035817988957
100.54062537088524	-13.108122640885313
78.52879702802878	8.903705701971148
95.20626343036128	-7.7737607003613505
93.86275603263056	-6.430253302630632
71.77483881651568	15.657663913484242
136.40455981345002	-48.972057083450096
104.4220472105514	-16.989544480551473
54.28743137487908	33.14507135512085
82.81209048643282	4.6204122435671025
59.39210005899457	28.040402671005353
99.79392497982116	-12.361422249821231
84.61503144066518	2.8174712893347476
73.72168974630603	13.710812983693899
111.04595344104885	-23.613450711048927
70.67010291742116	16.762399812578764
75.58474727905485	11.847755450945073
104.68916705626242	-17.256664326262495
80.09348225044155	7.339020479558371
81.96495295763356	5.467549772366368
81.266166163582	6.166336566417925
97.3743517669472	-9.941849036947275
88.56424409148252	-1.1317413614825966
113.0642350995567	-25.631732369556772
102.6927538237623	-15.260251093762378
79.99604447552059	7.436458254479334
93.46531887141913	-6.032816141419204
91.2937354580908	-3.8612327280908687
70.61795247161439	16.814550258385538
91.9511401680574	-4.518637438057482
92.84706702867783	-5.414564298677902
95.81744184883513	-8.384939118835206
72.27738027846493	15.155122451534993
95.96553221250059	-8.533029482500666
48.79998799479239	38.632514735207536
112.93800296577973	-25.505500235779806
84.07299515346057	3.3595075765393574
78.2809858238681	9.151516906131832
101.2662349971244	-13.833732267124475
102.90954853296279	-15.477045802962863
126.1896621087937	-38.75715937879377
112.39640062241523	-24.963897892415304
118.90698643586364	-31.47448370586372
92.46022167322411	-5.027718943224187
79.90996532601929	7.522537403980635
71.33683116130777	16.095671568692154
82.21369059917123	5.218812130828695
82.22548577269771	5.207016957302216
86.49851874919494	0.9339839808049817
77.74014995340184	9.692352776598085
93.74376665823291	-6.311263928232989
89.30414802183546	-1.8716452918355344
95.89277826612957	-8.460275536129643
84.6176370808054	2.8148656491945303
80.33905617529595	7.093446554703974
121.86219501988231	-34.42969228988238
88.98856349820304	-1.5560607682031105
103.97174925232699	-16.539246522327062
94.76469440260612	-7.3321916726062
87.3329227067508	0.09958002324913195
62.145923104334685	25.28657962566524
107.80425827307332	-20.37175554307339
76.05965374029907	11.372848989700856
88.06095357530276	-0.6284508453028366
69.84195232956759	17.590550400432335
43.17569374767041	44.25680898232952
108.76669828495793	-21.334195554958
105.22405440854624	-17.791551678546313
54.02192490315616	33.41057782684376
90.29165193510977	-2.859149205109844
56.20914295499648	31.223359775003445
106.17743089530819	-18.744928165308266
128.81403043086	-41.38152770086006
53.56441439843098	33.86808833156894
106.98165194756263	-19.5491492175627
74.0754293636183	13.357073366381627
79.5330586621804	7.89944406781953
109.07453477191126	-21.642032041911335
85.6139850477503	1.8185176822496203
53.89013666091347	33.542366069086455
123.47096985408558	-36.038467124085656
72.45070823067914	14.981794499320785
106.62457836549407	-19.19207563549415
119.87378148887916	-32.441278758879236
72.00568416899301	15.426818561006911
58.07075926543081	29.361743464569116
78.34132610976127	9.091176620238656
96.54481069393756	-9.112307963937639
93.70416882875867	-6.271666098758743
78.12902829073124	9.303474439268683
112.93790685919708	-25.50540412919716
84.72205270269643	2.7104500273034944
62.84783086124713	24.584671868752793
86.84073000385439	0.5917727261455354
95.47353807072255	-8.04103534072263
38.09123649573854	49.34126623426138
68.33154820707028	19.10095452292964
99.80338370174837	-12.370880971748448
83.1372891367883	4.295213593211628
97.46581044283757	-10.03330771283764
80.22292552217374	7.209577207826186
68.53329003584264	18.899212694157285
133.9044868305628	-46.47198410056288
83.02432217977736	4.408180550222568
86.44851313152918	0.9839895984707425
94.3036638986269	-6.871161168626969
119.04523278397215	-31.61273005397223
50.896754134023524	36.5357485959764
125.16163792670164	-37.72913519670172
111.50516027818054	-24.072657548180615
108.52821630462682	-21.0957135746269
146.57734872086263	-59.144845990862706
84.65900006049748	2.7735026695024487
49.30247858678746	38.13002414321247
77.34609365208058	10.086409077919342
101.44017624857253	-14.007673518572602
131.35311546295114	-43.92061273295121
98.59519415034836	-11.162691420348438
77.12612449801262	10.30637823198731
85.27629923116939	2.1562034988305356
61.68165828312365	25.750844446876272
92.83992022778355	-5.4074174977836265
88.75645987247233	-1.323957142472409
46.90483189448449	40.52767083551544
112.49629109155313	-25.063788361553208
114.68220365486584	-27.24970092486592
41.01358033493696	46.418922395062964
103.51813677706949	-16.08563404706956
71.10588536966341	16.326617360336513
103.41377416202911	-15.981271432029189
130.1364033234279	-42.70390059342799
104.84743011444297	-17.414927384443047
73.35917656824458	14.073326161755347
83.0787535493815	4.353749180618422
87.06578305559114	0.3667196744087846
115.27119876692595	-27.838696036926024
85.6957810169857	1.7367217130142194
108.69926076823103	-21.266758038231103
81.09700988378026	6.335492846219665
103.24787497313591	-15.815372243135982
113.29838405629707	-25.865881326297142
78.6467478037317	8.785754926268226
98.04072405134647	-10.608221321346548
102.41869259148243	-14.9861898614825
99.3054110860572	-11.87290835605728
54.37067207983645	33.06183065016347
56.79983857039187	30.632664159608055
117.5330978188154	-30.10059508881548
120.97996242872028	-33.54745969872036
90.42511553347964	-2.992612803479716
70.52611037500316	16.90639235499677
60.23955868695299	27.192944043046936
82.38693764578471	5.045565084215212
111.4499970087432	-24.01749427874327
78.7831162320204	8.64938649797952
115.2975203120655	-27.865017582065576
99.39521611925517	-11.962713389255242
90.60380166417036	-3.171298934170437
104.99748471517302	-17.56498198517309
66.51519851520567	20.917304214794257
93.17935568171521	-5.746852951715283
77.02299550822642	10.40950722177351
94.01875278891072	-6.586250058910792
63.49394571401052	23.938557015989403
109.38797844110621	-21.95547571110629
81.8804163347765	5.5520863952234265
108.26242767536922	-20.8299249453693
120.23517649186277	-32.80267376186285
82.05039226209345	5.382110467906472
63.888855058083834	23.54364767191609
89.77436163010378	-2.3418589001038583
68.03186904688363	19.400633683116297
80.79144898088879	6.641053749111137
61.2768621064958	26.155640623504127
125.54918156869707	-38.11667883869714
119.17240871203347	-31.739905982033548
113.22229145465889	-25.789788724658962
75.5719470842875	11.860555645712424
93.03954624753413	-5.607043517534208
82.43132717543875	5.001175554561172
119.75273208155585	-32.32022935155592
91.63998183642133	-4.2074791064214025
94.60906383311402	-7.176561103114096
79.32539034869177	8.107112381308156
52.13805560246209	35.294447127537836
73.1609688436535	14.271533886346418
77.85242013565465	9.58008259434527
73.98934021768372	13.443162512316206
107.35027893882096	-19.91777620882104
39.49183063207846	47.940672097921464
75.96053887248007	11.471963857519853
85.8325432480894	1.5999594819105312
56.984275737943506	30.44822699205642
93.24389836134623	-5.811395631346301
48.55200866695003	38.880494063049895
122.16211233397362	-34.7296096039737
91.51133028452378	-4.078827554523855
92.20418452738696	-4.771681797387032
108.8396400352066	-21.407137305206675
88.66725414191197	-1.2347514119120433
87.82710562369303	-0.3946028936931043
127.98242134392231	-40.54991861392239
54.83344949592359	32.59905323407634
96.30663686177459	-8.874134131774667
92.64924882543156	-5.216746095431631
84.47522304943541	2.957279680564511
109.75028497648773	-22.31778224648781
110.2936890368018	-22.86118630680187
81.30630412032943	6.126198609670496
88.31108833073111	-0.878585600731185
99.83553425279197	-12.403031522792048
87.08219515311305	0.35030757688687686
76.2473529906398	11.185149739360128
94.57352950355937	-7.141026773559446
82.96600316366505	4.466499566334875
81.5452471066393	5.88725562336063
86.01193986570809	1.4205628642918384
94.21892302696517	-6.786420296965247
55.73253706015396	31.699965669845966
66.25183886655589	21.18066386344404
73.38492475993564	14.047577970064282
46.540010886368805	40.89249184363112
65.4429142901646	21.98958843983533
103.40556803479569	-15.973065304795767
53.94723949817137	33.485263231828554
115.26201967837926	-27.829516948379336
101.58533509336769	-14.152832363367764
82.86103685773472	4.5714658722652075
104.52366801908195	-17.091165289082028
76.20185032748398	11.230652402515943
67.77025562476686	19.662247105233064
108.75665436804323	-21.324151638043304
84.18257763566729	3.2499250943326388
57.92977599452482	29.502726735475107
91.29006226654658	-3.8575595365466597
127.91970199179835	-40.48719926179842
82.24053755270054	5.19196517729938
87.88908150403225	-0.45657877403232305
64.79626753529104	22.63623519470889
62.06469794128989	25.367804788710032
54.441835788041345	32.99066694195858
87.98023590192227	-0.5477331719223457
48.50969664180505	38.922806088194875
129.5056958537109	-42.07319312371098
82.7770463897989	4.655456340201027
134.0460486596657	-46.613545929665776
98.94629751532261	-11.513794785322688
99.72106212061885	-12.288559390618929
99.21735559835793	-11.784852868358001
62.52509563125318	24.907407098746745
99.97327812342814	-12.54077539342822
120.31733794275465	-32.88483521275472
128.4849133244436	-41.05241059444367
65.18084535601452	22.25165737398541
114.42267185793321	-26.990169127933285
88.46781413972462	-1.0353114097246987
104.336662903562	-16.904160173562076
82.27488690898576	5.157615821014161
44.93327130996545	42.49923142003448
78.33777965081649	9.094723079183439
95.91448410172129	-8.48198137172136
53.44278748795554	33.98971524204438
46.48154915287145	40.95095357712847
93.97377482475244	-6.5412720947525145
73.53488416080185	13.897618569198073
133.59615300521716	-46.163650275217236
99.70585008818566	-12.273347358185731
84.39145336621081	3.0410493637891136
95.79920193713664	-8.366699207136719
78.40917499865202	9.023327731347905
57.42645740437263	30.006045325627298
117.25968830001042	-29.8271855700105
80.67589408161197	6.756608648387953
94.91383069717821	-7.481327967178288
109.04909565830064	-21.61659292830072
101.21959892381244	-13.787096193812516
89.02196737728343	-1.5894646472835063
67.0654777508488	20.367024979151125
104.22958406004807	-16.797081330048144
89.86803936686408	-2.435536636864157
71.44989684224049	15.982605887759433
76.31766205712745	11.114840672872475
96.98363624394085	-9.551133513940925
113.90015831631433	-26.467655586314407
66.34674292361103	21.085759806388893
98.20576171858818	-10.773258988588253
87.69327158398289	-0.2607688539829667
87.70570540115557	-0.27320267115564434
79.85403149663944	7.578471233360489
70.19405120932322	17.238451520676705
98.33638696611422	-10.903884236114294
56.14150637905084	31.290996350949086
105.08636618561184	-17.653863455611912
95.54243097925325	-8.10992824925333
53.191366795685894	34.24113593431403
66.4301284259044	21.002374304095525
44.50431386586831	42.92818886413161
85.80202147193893	1.6304812580609962
135.51059599314146	-48.07809326314154
118.81021808700723	-31.377715357007304
80.74098300495359	6.691519725046334
71.68274363182616	15.749759098173769
77.92371264258452	9.508790087415406
74.28481948776505	13.147683242234876
89.18310242720588	-1.7505996972059563
84.68252686938911	2.7499758606108173
60.300594284001704	27.13190844599822
71.93915894898862	15.493343781011305
90.54087904509913	-3.108376315099207
102.05494104047364	-14.622438310473711
100.5128714396186	-13.080368709618682
137.88398582611524	-50.45148309611531
81.6945941106078	5.73790861939213
85.7359686738663	1.696534056133629
74.76555032021395	12.666952409785978
103.89780372339919	-16.465300993399268
66.36163751301945	21.07086521698048
113.88095095080178	-26.44844822080185
74.25612150724089	13.176381222759034
87.26426430168146	0.16823842831846036
75.34210038882418	12.090402341175746
83.2704836406864	4.162019089313532
36.2117577248963	51.22074500510362
75.59427742383735	11.83822530616257
114.44930465135752	-27.016801921357597
72.75540264708019	14.677100082919736
89.41151030375971	-1.9790075737597874
81.38151402830539	6.050988701694536
77.26339872597731	10.169104004022614
95.31923030776255	-7.886727577762628
56.28526373436529	31.147238995634638
68.249438544984	19.183064185015922
104.78400812053354	-17.351505390533617
43.4490661150607	43.98343661493922
104.5241459602052	-17.09164323020528
109.17533738474998	-21.742834654750055
81.48187658270166	5.950626147298266
74.94206687323407	12.490435856765856
96.78265040993341	-9.350147679933485
85.74047400382315	1.6920287261767726
108.26935503882251	-20.836852308822586
64.0929483442973	23.339554385702627
120.09943062188304	-32.66692789188312
93.67268151272711	-6.240178782727185
72.82244659092922	14.610056139070707
96.54971132542542	-9.117208595425495
40.28870337808385	47.14379935191607
80.70371748181188	6.728785248188046
112.48790637597031	-25.055403645970387
74.06442922099941	13.36807350900051
107.65489779324798	-20.222395063248058
83.43928038334653	3.993222346653397
44.739474801442526	42.6930279285574
85.4378490930857	1.9946536369142223
159.47492214762806	-72.04241941762814
105.05566054283844	-17.623157812838514
93.88819742628681	-6.4556946962868835
117.14471897187667	-29.712216241876746
65.04087873659336	22.39162399340657
75.94919058131353	11.483312148686394
75.29795437073261	12.134548359267313
113.55486459620732	-26.1223618662074
126.66537192427239	-39.23286919427247
109.06292257978856	-21.630419849788638
74.39988495654251	13.032617773457417
75.36167135885461	12.070831371145317
73.98064891887515	13.451853811124778
87.46752422513163	-0.035021495131701386
56.923636895527295	30.50886583447263
86.24803682543887	1.1844659045610513
70.37831328252395	17.054189447475977
82.59931104601074	4.833191683989185
66.7290133245819	20.703489405418026
112.69734145037131	-25.264838720371387
68.18063766776453	19.251865062235396
78.99345245899659	8.439050271003339
68.76880720316461	18.663695526835312
95.97452775566074	-8.54202502566082
93.83283522313963	-6.4003324931397
79.95955922193156	7.472943508068369
87.12275809659278	0.3097446334071492
113.02127836373023	-25.588775633730307
132.73130862183592	-45.298805891836
99.05149750087497	-11.618994770875048
109.25510739732039	-21.822604667320462
53.132749369820374	34.29975336017955
72.60003862504294	14.832464104956983
115.02582671337439	-27.59332398337446
96.59044989774554	-9.157947167745618
82.63314727019895	4.799355459800978
93.53485209014286	-6.102349360142938
101.14105260182112	-13.708549871821191
76.96993775571752	10.462564974282401
122.94340488864543	-35.51090215864551
116.80519204590325	-29.37268931590333
128.6338678458327	-41.20136511583277
51.51286882049078	35.919633909509145
45.46032639747898	41.972176332520945
68.4812682604337	18.95123446956623
61.15758194143598	26.274920788563946
70.40353437723229	17.028968352767635
115.72383379796736	-28.291331067967434
70.2822323886761	17.150270341323818
35.31076749948318	52.12173523051675
123.28502102845289	-35.852518298452964
65.50816822667969	21.92433450332024
83.74522650971505	3.687276220284872
76.97067407410452	10.461828655895403
65.72359857292997	21.708904157069952
75.0453505043339	12.387152225666028
104.80023007861985	-17.367727348619923
112.09408173443865	-24.66157900443872
76.16344083395154	11.269061896048385
81.7691621701739	5.663340559826025
87.22788756692228	0.20461516307764782
64.93786558150953	22.494637148490398
108.16864446097372	-20.7361417309738
102.54925004063682	-15.116747310636896
68.99797512307543	18.43452760692449
97.16076853813718	-9.728265808137252
72.11841070119897	15.314092028800957
72.51758151980027	14.914921210199651
89.02050627493952	-1.5880035449395962
75.63527850220623	11.797224227793691
78.32103098148798	9.111471748511946
45.48599018303446	41.946512546965465
70.90356507413378	16.528937655866144
116.918967057842	-29.48646432784207
109.90900214614555	-22.47649941614563
88.31413894889181	-0.8816362188918845
116.63842940246502	-29.205926672465097
68.66922334719709	18.763279382802835
44.9725925896513	42.459910140348626
82.42417736304049	5.00832536695944
110.44979291385096	-23.01729018385103
100.61999750546295	-13.187494775463023
54.7322021891747	32.700300540825225
113.18486900664777	-25.752366276647848
89.02471006479402	-1.5922073347940966
82.25724350352232	5.175259226477607
72.9288647364234	14.503637993576518
105.42962636640061	-17.997123636400687
70.51229453067629	16.92020819932364
61.49049883642567	25.942003893574253
93.26990449892548	-5.8374017689255595
113.80248887810478	-26.369986148104857
131.368241707322	-43.935738977322075
90.38843939762648	-2.9559366676265597
81.50389655078163	5.928606179218292
71.76436100521994	15.668141724779986
76.75101970840899	10.681483021590935
48.67780744879184	38.754695281208086
58.502967594507766	28.92953513549216
82.11079551409586	5.32170721590407
58.24508181060975	29.187420919390178
56.390669092568544	31.04183363743138
54.52706898987509	32.905433740124835
74.36215877057458	13.070343959425344
90.78116972731351	-3.348666997313586
86.26289793622328	1.1696047937766423
76.76394293797404	10.668559792025889
99.4855506883817	-12.053047958381768
111.43403032850603	-24.0015275985061
64.5839207588595	22.84858197114042
100.80717064339461	-13.374667913394688
102.66443820488695	-15.231935474887024
98.07572954108383	-10.643226811083906
125.33589332140224	-37.903390591402314
73.68260630072479	13.74989642927514
76.85747858926885	10.575024140731074
89.32326880238003	-1.890766072380103
72.98696858495356	14.445534145046366
58.205394295146164	29.22710843485376
87.10867931802119	0.32382341197873643
121.66604572607145	-34.23354299607152
89.61844794258747	-2.1859452125875407
82.85865115639723	4.5738515736026955
99.24504729386177	-11.812544563861849
108.98434465416705	-21.55184192416712
87.38717393206304	0.04532879793688949
109.53853362535853	-22.1060308953586
79.89718893607102	7.535313793928907
75.40790211911104	12.024600610888882
103.19575317560526	-15.763250445605337
59.806365475235054	27.62613725476487
97.80108413520253	-10.368581405202605
125.88676186092385	-38.45425913092393
95.2594760319626	-7.826973301962681
79.39297469652416	8.039528033475762
111.04793329353748	-23.615430563537558
40.815103086808506	46.61739964319142
92.67492445650083	-5.242421726500908
111.48524073917639	-24.052738009176466
76.66447698858798	10.768025741411947
71.84735584649212	15.585146883507804
56.370706752330136	31.06179597766979
57.58271498708024	29.849787742919688
23.61912576138826	63.813376968611664
81.06768130273673	6.364821427263195
92.05241713112974	-4.619914401129819
33.49955204545387	53.93295068454606
73.97518543330972	13.457317296690206
134.7480164813349	-47.315513751334976
92.31143025368311	-4.878927523683188
80.87684464343312	6.555658086566808
106.1233435846587	-18.690840854658774
95.79837401271271	-8.365871282712789
96.34960000735902	-8.91709727735909
99.18193055698595	-11.749427826986022
75.40016955258471	12.032333177415211
84.5657290219404	2.866773708059526
103.15821392619529	-15.725711196195363
103.20993716868162	-15.777434438681695
84.20092426972752	3.2315784602724023
103.35825877214648	-15.92575604214656
114.11775679730837	-26.68525406730845
93.66898275572223	-6.236480025722301
105.07267991851606	-17.640177188516134
90.19049518835001	-2.7579924583500883
79.01950094014339	8.413001789856537
100.32340610349112	-12.890903373491199
94.63356238305661	-7.201059653056689
62.826148510505135	24.60635421949479
76.58291680408567	10.849585925914255
110.25132713426885	-22.818824404268923
124.27782241968654	-36.84531968968662
101.84093972506	-14.408436995060072
101.93372387507608	-14.501221145076158
91.38921444222271	-3.956711712222784
107.53103978471992	-20.098537054719998
82.30656306691802	5.125939663081908
106.85264099813159	-19.420138268131666
104.71736939998547	-17.284866669985547
73.06984222253433	14.362660507465591
92.40352589085907	-4.971023160859147
107.23736922454393	-19.804866494544
87.1239444481964	0.30855828180352773
107.13103761797012	-19.698534887970197
103.9432773317478	-16.51077460174787
134.43716139931186	-47.00465866931194
121.0574158748079	-33.62491314480798
69.82045513246905	17.612047597530875
100.55085690613325	-13.118354176133323
83.63891721056481	3.793585519435112
66.44189736809696	20.990605361902965
137.6410098499202	-50.208507119920284
43.33014046505761	44.102362264942315
94.04013802669519	-6.607635296695264
36.45157152119586	50.980931208804066
100.01596684235787	-12.583464112357944
131.773860194727	-44.34135746472708
80.96992951446029	6.462573215539635
88.5254638241598	-1.0929610941598753
66.29836971828203	21.134133011717893
88.51591803062851	-1.0834153006285874
89.45040269971227	-2.017899969712346
133.8640228095313	-46.43152007953137
109.02636533769996	-21.593862607700032
75.17530069290237	12.257202037097557
81.65996578358985	5.772536946410071
86.8812994778194	0.5512032521805281
69.52303939924545	17.909463330754477
81.76811162188491	5.664391108115012
133.03894776798492	-45.606445037985
63.58854773380526	23.843954996194668
107.75466501038986	-20.322162280389932
98.8081530261546	-11.375650296154674
74.39534138701251	13.037161342987417
74.30186768564758	13.130635044352346
124.50940793911681	-37.07690520911689
79.79790692959827	7.634595800401655
90.98033211108518	-3.5478293810852506
80.18449996106696	7.248002768932963
61.22213414435768	26.210368585642243
79.67030489202747	7.762197837972451
82.64790204415962	4.784600685840303
102.23242749871801	-14.799924768718085
83.2970667309049	4.135435999095023
113.6306719600137	-26.198169230013775
98.2401517407267	-10.807649010726777
98.95467675348632	-11.5221740234864
103.35047008165898	-15.917967351659058
99.00028217087643	-11.567779440876507
