dH	delta_dH
-229.98997489732048	-3.7100251026795092
-239.9900031807658	6.290003180765808
-224.99000208894117	-8.70999791105882
-234.99001494312162	1.2900149431216335
-233.7400017450784	0.040001745078399153
-223.7399967462254	-9.960003253774602
-238.73996803187785	5.039968031877862
-228.74001771713867	-4.9599822828613185
-231.24002852594478	-2.4599714740552088
-241.24000943341727	7.540009433417282
-226.24001423101092	-7.459985768989071
-236.24000297799486	2.540002977994874
-232.4700010827507	-1.2299989172492758
-242.46999696127997	8.769996961279986
-227.46999718115214	-6.230002818847851
-237.4700200712675	3.77002007126751
-234.9700072326402	1.2700072326402108
-224.97002851862746	-8.72997148137253
-239.97000823035953	6.270008230359537
-229.96998120433884	-3.7300187956611524
-228.71998954264447	-4.980010457355519
-238.72002873187805	5.020028731878057
-223.72000103150887	-9.979998968491117
-233.72001308054078	0.020013080540792316
-236.22000090728736	2.5200009072873684
-226.22000073793353	-7.479999262066457
-241.22000439462747	7.5200043946274775
-231.2199751739033	-2.4800248260966953
-226.84000156747362	-6.859998432526368
-236.84001224995137	3.1400122499513827
-231.84000292046022	-1.8599970795397667
-241.8399712828836	8.139971282883607
-239.3399859676809	5.6399859676809
-229.34002907936866	-4.359970920631326
-234.34000005588842	0.6400000558884358
-224.34001692530347	-9.359983074696515
-225.5900031700383	-8.109996829961688
-235.58999992984337	1.889999929843384
-230.59000363876095	-3.109996361239041
-240.5899672345002	6.8899672345002045
-243.0900189175698	9.390018917569819
-233.08997797805006	-0.6100220219499306
-238.08999839146537	4.389998391465383
-228.09003196456416	-5.609968035435827
-240.280000165468	6.580000165468022
-230.279986472596	-3.420013527403995
-235.27999205598215	1.57999205598216
-225.28000866080154	-8.419991339198447
-227.78001352780055	-5.91998647219944
-237.78001719845204	4.080017198452055
-232.78002447827683	-0.9199755217231598
-242.7799907426045	9.079990742604508
-241.53000213818748	7.830002138187496
-231.52997472454197	-2.1700252754580163
-236.53001408873504	2.830014088735055
-226.53001022861397	-7.169989771386014
-224.0299788193236	-9.6700211806764
-234.03002320266503	0.33002320266504626
-229.03002041301923	-4.669979586980759
-239.0299983988455	5.329998398845504
-234.65998197022796	0.9599819702279717
-224.66000850746437	-9.03999149253562
-239.66001380945832	5.9600138094583315
-229.65999596156271	-4.040004038437274
-232.1599820422563	-1.5400179577436859
-242.1600269882439	8.460026988243925
-227.15998471921571	-6.540015280784274
-237.15999532583024	3.459995325830249
-238.40997004074794	4.7099700407479475
-228.41000251422238	-5.289997485777604
-243.4100152560715	9.7100152560715
-233.41000935373827	-0.2899906462617139
-230.90999862065124	-2.7900013793487517
-240.90998099722688	7.209980997226893
-225.90999758584636	-7.7900024141536335
-235.90997199894824	2.209971998948248
-237.30996744755117	3.6099674475511847
-227.31002498293543	-6.3899750170645575
-242.3100103610746	8.610010361074615
-232.31002418377335	-1.389975816226638
-229.80999995862118	-3.890000041378812
-239.80999225565262	6.109992255652628
-224.8100204166463	-8.889979583353693
-234.81001068273014	1.1100106827301488
-236.06000085951774	2.360000859517754
-226.06002611607238	-7.63997388392761
-241.0600135766968	7.360013576696815
-231.06002217483416	-2.639977825165829
-233.55997981005436	-0.1400201899456306
-243.55999132753146	9.859991327531475
-228.55998019424356	-5.140019805756424
-238.55997240323865	4.8599724032386575
-242.93999332644802	9.23999332644803
-232.93999697515886	-0.7600030248411258
-237.93999835214362	4.23999835214363
-227.93999540543285	-5.760004594567135
-225.44002600048537	-8.259973999514614
-235.43999709785697	1.7399970978569854
-230.43998674904418	-3.260013250955808
-240.44003147045208	6.740031470452095
-239.19000587755312	5.490005877553131
-229.19001439925472	-4.509985600745267
-234.18998559296364	0.48998559296364874
-224.1899874428977	-9.5100125571023
-226.69001275249815	-7.00998724750184
-236.69000308639392	2.9900030863939264
-231.69002026092988	-2.009979739070104
-241.69002051556657	7.990020515566584
-224.49996910721984	-9.200030892780148
-234.5000004827525	0.8000004827525231
-229.49993930810888	-4.20006069189111
-239.50001836981392	5.800018369813927
-241.99998051398507	8.299980513985076
-232.00000938853555	-1.6999906114644432
-236.99999279055555	3.2999927905555637
-227.00000927749898	-6.699990722501013
-228.2500242496062	-5.449975750393776
-238.2499972892474	4.549997289247415
-233.2499859722211	-0.45001402777887733
-243.2500165196907	9.5500165196907
-240.7499704580223	7.049970458022301
-230.7499989933831	-2.950001006616901
-235.7500087649969	2.050008764996903
-225.75000064111464	-7.94999935888535
-230.1299984054948	-3.570001594505186
-240.13003276378993	6.430032763789939
-225.12999981437395	-8.570000185626043
-235.12999895251085	1.4299989525108572
-237.63001901813084	3.9300190181308494
-227.6300011179145	-6.0699988820854855
-242.63002904944267	8.93002904944268
-232.62999442636908	-1.0700055736309082
-231.37998385837227	-2.3200161416277183
-241.38001610564504	7.680016105645052
-226.37997989301482	-7.320020106985169
-236.37999791664822	2.679997916648233
-233.88002621043677	0.1800262104367789
-223.88002468513412	-9.819975314865871
-238.87998303101165	5.179983031011659
-228.88002566993498	-4.819974330065008
-225.82998138352383	-7.870018616476159
-235.82999084791487	2.1299908479148826
-230.83002543375147	-2.8699745662485157
-240.82997626743423	7.129976267434245
-243.33000714031374	9.63000714031375
-233.3300017378952	-0.3699982621047866
-238.32997135300508	4.629971353005089
-228.32999988869966	-5.370000111300328
-227.0800242935639	-6.619975706436094
-237.07998927548948	3.3799892754894927
-232.07999168160228	-1.6200083183977085
-242.0799717736973	8.37997177369732
-239.58000013281895	5.880000132818964
-229.57997978059217	-4.12002021940782
-234.58001915361643	0.8800191536164448
-224.5800029500479	-9.119997049952076
-228.95000219750335	-4.749997802496637
-238.95000003735385	5.250000037353857
-223.9500189675211	-9.7499810324789
-233.9499921784183	0.24999217841832433
-236.4500320022609	2.750032002260923
-226.45000017950878	-7.249999820491212
-241.44998838400278	7.7499883840027906
-231.44998216614766	-2.2500178338523256
-232.70003183099033	-0.9999681690096622
-242.70002849385054	9.00002849385055
-227.70000177448236	-5.999998225517629
-237.70000154026565	4.000001540265657
-235.19999784410464	1.499997844104655
-225.2000026455517	-8.499997354448283
-240.1999870204192	6.499987020419212
-230.20001394586433	-3.499986054135661
-238.63999677166123	4.939996771661242
-228.6399841325807	-5.060015867419281
-243.64000392027867	9.940003920278684
-233.63998951311498	-0.06001048688500532
-231.1400000316977	-2.559999968302293
-241.1399866965886	7.439986696588619
-226.1398179104441	-7.560182089555894
-236.13999944301816	2.4399994430181664
-234.88996853864285	1.1899685386428587
-224.8900267112773	-8.809973288722688
-239.89001111878736	6.190011118787368
-229.89003131406992	-3.809968685930073
-232.39002699524337	-1.309973004756614
-242.39000274177818	8.690002741778187
-227.3899818873948	-6.310018112605178
-237.38999231034597	3.6899923103459855
-241.7699861860051	8.06998618600511
-231.76999577757624	-1.9300042224237473
-236.77000729715246	3.070007297152472
-226.76997334704674	-6.930026652953245
-224.27000483845495	-9.429995161545037
-234.2699862480108	0.5699862480108209
-229.2700031876534	-4.429996812346587
-239.27000073354748	5.570000733547488
-240.51997339034233	6.819973390342341
-230.51997122318016	-3.1800287768198245
-235.51997585200252	1.8199758520025284
-225.51997872396487	-8.18002127603512
-228.02000250048832	-5.679997499511671
-238.01998821405004	4.319988214050056
-233.02000244026272	-0.6799975597372736
-243.01999972680142	9.319999726801427
-239.10999764318544	5.409997643185449
-229.1099996779761	-4.590000322023883
-234.10996822491083	0.4099682249108412
-224.11000042391046	-9.589999576089525
-226.60999441484032	-7.090005585159673
-236.6099999271158	2.9099999271158197
-231.60999998628117	-2.0900000137188215
-241.61000555280347	7.910005552803483
-242.86002414219487	9.160024142194885
-232.8600285557271	-0.8399714442728907
-237.8599930838785	4.159993083878504
-227.85997898341006	-5.84002101658993
-225.35998498169405	-8.340015018305934
-235.3600212160703	1.6600212160703052
-230.3599997287241	-3.3400002712758976
-240.35999825227904	6.659998252279053
-235.99000072456303	2.2900007245630434
-225.9900022596723	-7.70999774032768
-240.99003191889616	7.290031918896176
-230.99002708887767	-2.709972911122321
-233.4900017944403	-0.2099982055596854
-243.48998515626064	9.789985156260656
-228.49000889165424	-5.209991108345747
-238.49002754062005	4.790027540620059
-237.23998237840553	3.53998237840554
-227.24000273040858	-6.459997269591412
-242.23999930865122	8.539999308651232
-232.23997726581567	-1.4600227341843208
-229.74003195547013	-3.959968044529859
-239.73999703802494	6.03999703802495
-224.74002506339295	-8.95997493660704
-234.74000230624299	1.0400023062429966
-231.29997450609224	-2.400025493907748
-241.30000377490867	7.600003774908686
-226.3000106443731	-7.3999893556269
-236.30000115916917	2.6000011591691816
-233.8000172259997	0.1000172259997214
-223.800004680689	-9.899995319310989
-238.80000275485398	5.100002754853989
-228.8000029100447	-4.899997089955292
-230.04999935404774	-3.6500006459522467
-240.05001492604916	6.35001492604917
-225.05012053895624	-8.649879461043753
-235.0503035504196	1.3503035504196248
-237.5500125290935	3.8500125290935046
-227.55000602741782	-6.149993972582166
-242.5500327972666	8.850032797266607
-232.54999111342184	-1.1500088865781493
-228.16996748115517	-5.53003251884482
-238.16999935431696	4.469999354316968
-233.17000154058942	-0.5299984594105638
-243.1699980396078	9.469998039607816
-240.6700004377125	6.970000437712514
-230.66998463901282	-3.0300153609871643
-235.6700082810975	1.9700082810975061
-225.66999572156047	-8.03000427843952
-224.4199735265519	-9.280026473448089
-234.42002657960612	0.7200265796061274
-229.41997722284728	-4.280022777152709
-239.4199787954657	5.719978795465721
-241.91998168607634	8.219981686076352
-231.92002632285758	-1.779973677142408
-236.92000497743894	3.220004977438947
-226.9200001962162	-6.779999803783795
-234.45997728960077	0.7599772896007835
-224.4599983479647	-9.24000165203529
-239.46000247366186	5.760002473661871
-229.46000282439576	-4.2399971756042305
-231.9599763697815	-1.7400236302185021
-241.9600214081683	8.260021408168313
-226.96002254189892	-6.739977458101066
-236.96000787819224	3.260007878192255
-238.21001863907162	4.510018639071632
-228.21001897245964	-5.489981027540352
-243.2099835215003	9.509983521500317
-233.21002192626923	-0.48997807373075375
-230.71002168428248	-2.989978315717508
-240.71000130217084	7.010001302170849
-225.71003125153578	-7.989968748464207
-235.71001902485017	2.0100190248501804
-240.0900217536726	6.390021753672613
-230.08999911675693	-3.6100008832430603
-235.09000604263912	1.3900060426391292
-225.09001003329814	-8.609989966701846
-227.59000297538506	-6.109997024614927
-237.58999790881927	3.889997908819282
-232.59002292997485	-1.1099770700251383
-242.58999314397425	8.889993143974266
-241.33998297038107	7.639982970381084
-231.33998874434093	-2.3600112556590602
-236.33998060215964	2.6399806021596532
-226.33997794911903	-7.360022050880957
-223.84000182672736	-9.85999817327263
-233.8400036953024	0.1400036953024255
-228.84000973825806	-4.8599902617419275
-238.83999984154963	5.139999841549638
-227.26999918799538	-6.430000812004607
-237.27001458568202	3.5700145856820313
-232.27002746786775	-1.4299725321322398
-242.26997446114865	8.56997446114866
-239.77001873238942	6.070018732389428
-229.76997529878963	-3.930024701210357
-234.77000888710745	1.0700088871074627
-224.76997384821107	-8.930026151788923
-226.01999714665453	-7.6800028533454565
-236.0199861775577	2.3199861775577233
-231.019968448099	-2.6800315519009814
-241.0199780199723	7.319978019972325
-243.5200042325082	9.82000423250821
-233.5199857741968	-0.18001422580317694
-238.5200208302299	4.8200208302299075
-228.5199974615739	-5.180002538426095
-232.90000618563352	-0.7999938143664735
-242.899996957893	9.199996957893006
-227.89997706159045	-5.8000229384095405
-237.90001169014283	4.200011690142844
-235.40001220980628	1.7000122098062889
-225.3999888312668	-8.300011168733192
-240.39999187092906	6.699991870929068
-230.4000008886254	-3.299999111374575
-229.1500031147283	-4.549996885271696
-239.1499696294053	5.449969629405302
-224.1499696885843	-9.550030311415696
-234.14998775032143	0.44998775032144067
-236.64996982796436	2.9499698279643667
-226.65000977108173	-7.049990228918261
-241.64997849167264	7.949978491672653
-231.65003059194748	-2.0499694080525046
-230.56001369373058	-3.1399863062694067
-240.56000250931044	6.860002509310448
-225.56000315057332	-8.139996849426666
-235.5599806389933	1.8599806389933065
-238.05997874083783	4.359978740837846
-228.0599697213989	-5.6400302786011025
-243.06000057477155	9.360000574771561
-233.05998824720024	-0.6400117527997509
-231.81001298155985	-1.889987018440138
-241.81001622848504	8.110016228485051
-226.80998441350727	-6.890015586492723
-236.8100123276477	3.1100123276477234
-234.31002912318905	0.6100291231890651
-224.31002616958227	-9.389973830417716
-239.30998255758874	5.609982557588751
-229.31000683144754	-4.389993168552451
-224.93000692146435	-8.769993078535634
-234.9299998375906	1.2299998375906114
-229.92997224105753	-3.7700277589424616
-239.92967421186736	6.229674211867376
-242.4299777279663	8.729977727966315
-232.42999184529768	-1.2700081547023103
-237.4299996876131	3.729999687613116
-227.4299894490023	-6.270010550997682
-228.68002612258684	-5.01997387741315
-238.68002472830236	4.980024728302368
-233.67998153100748	-0.020018468992503813
-243.68002655706974	9.980026557069749
-241.17999631096214	7.47999631096215
-231.179970141449	-2.5200298585509984
-236.179988401006	2.479988401006011
-226.17999933402248	-7.520000665977506
-242.7399714438163	9.039971443816313
-232.73999976803518	-0.9600002319648127
-237.74002414100525	4.0400241410052615
-227.73997291164991	-5.960027088350074
-225.24000102833836	-8.459998971661634
-235.24000113187978	1.5400011318797908
-230.2399750671486	-3.4600249328513826
-240.23997268588047	6.539972685880485
-238.99000288582667	5.290002885826681
-228.99001415588484	-4.7099858441151525
-233.98997926783179	0.2899792678317965
-223.99001200045333	-9.709987999546655
-226.49019797521234	-7.209802024787649
-236.4899869164967	2.7899869164967015
-231.49000092578555	-2.209999074214437
-241.48999689855756	7.789996898557575
-237.11999342884982	3.4199934288498355
-227.12000308000015	-6.579996919999843
-242.12002298678735	8.420022986787359
-232.11998248510017	-1.5800175148998221
-229.61999848108925	-4.080001518910734
-239.61997262195754	5.919972621957555
-224.61999783797827	-9.080002162021714
-234.62000584177176	0.9200058417717685
-235.87002540521743	2.1700254052174444
-225.86999791813022	-7.830002081869765
-240.87000116493536	7.170001164935371
-230.8699798555218	-2.8300201444781976
-233.37002498300816	-0.3299750169918241
-243.36999985528118	9.66999985528119
-228.3700319146129	-5.329968085387094
-238.3699873594688	4.66998735946882
-241.4099813117629	7.709981311762903
-231.4099984264125	-2.290001573587489
-236.41001778568366	2.710017785683675
-226.40997953360798	-7.290020466392008
-223.9100127573694	-9.789987242630588
-233.90999440106648	0.20999440106649558
-228.91000791061393	-4.789992089386061
-238.90999929240039	5.209999292400397
-240.16001444953523	6.460014449535237
-230.15998182808485	-3.5400181719151362
-235.15998966923885	1.4599896692388654
-225.16002557227344	-8.539974427726548
-227.6600002711704	-6.039999728829599
-237.6599732961005	3.9599732961005145
-232.65999845137063	-1.0400015486293626
-242.66001953049832	8.960019530498329
-238.28998428329126	4.5899842832912725
-228.29001909108322	-5.409980908916765
-243.29000479858863	9.590004798588637
-233.28997778041506	-0.41002221958493124
-230.79001595592038	-2.909984044079607
-240.78997043252187	7.089970432521881
-225.78998268437775	-7.910017315622241
-235.79001804756902	2.090018047569032
-234.54003221372935	0.8400322137293585
-224.5399903909702	-9.1600096090298
-239.5399680316132	5.8399680316132105
-229.5400310150226	-4.159968984977382
-232.03997840711875	-1.660021592881236
-242.04000145209196	8.340001452091968
-227.04001773988333	-6.659982260116664
-237.039969736622	3.3399697366220096
-229.2300144507794	-4.469985549220581
-239.2299980282621	5.529998028262099
-224.2300202461615	-9.469979753838487
-234.23002114674497	0.5300211467449856
-236.72997988392714	3.0299798839271546
-226.73016903951472	-6.969830960485268
-241.73000912783797	8.030009127837985
-231.73000186888973	-1.969998131110259
-232.97998535513804	-0.7200146448619478
-242.98002836198836	9.280028361988371
-227.98000307551817	-5.719996924481819
-237.97998211922638	4.279982119226389
-235.4800120636523	1.7800120636523218
-225.47999725364977	-8.220002746350218
-240.480016101887	6.780016101887014
-230.47997155985783	-3.2200284401421584
-226.0999717682367	-7.600028231763275
-236.09997438449645	2.39997438449646
-231.10002346593464	-2.5999765340653482
-241.10000013928092	7.400000139280934
-243.60000247557772	9.900002475577736
-233.60001085354233	-0.09998914645765922
-238.59999749405014	4.8999974940501545
-228.6002129350032	-5.099787064996775
-227.3499944854171	-6.350005514582875
-237.3500049471855	3.650004947185522
-232.34999844484773	-1.3500015551522608
-242.3499916428569	8.649991642856918
-239.8499868414343	6.149986841434298
-229.8500009418054	-3.8499990581945838
-234.8500059921549	1.1500059921549166
-224.85000133010325	-8.849998669896735
-228.44998464198505	-5.2500153580149345
-238.44997604212875	4.749976042128765
-233.4500231971935	-0.24997680280648638
-243.4500204799071	9.750020479907107
-240.94998353243426	7.249983532434271
-230.95000847734553	-2.7499915226544545
-235.95001123002584	2.250011230025848
-225.950002056222	-7.749997943777998
-224.69999552754888	-9.00000447245111
-234.69997938183695	0.9999793818369653
-229.70002995622343	-3.999970043776557
-239.7000297041588	6.0000297041588055
-242.19999816417948	8.499998164179488
-232.19999763042068	-1.500002369579306
-237.20002323831858	3.5000232383185903
-227.19997262933902	-6.500027370660973
-231.56997323923434	-2.130026760765645
-241.57000132947024	7.870001329470256
-226.5699974186012	-7.130002581398799
-236.56997239935328	2.869972399353287
-234.0699844238555	0.3699844238554988
-224.06996820940577	-9.630031790594217
-239.0700011025604	5.370001102560423
-229.07001657722532	-4.6299834227746715
-230.32001044694272	-3.3799895530572712
-240.31999432060576	6.61999432060577
-225.3200021957894	-8.379997804210575
-235.32000003130298	1.6200000313029932
-237.81996724220545	4.119967242205462
-227.81997047469514	-5.880029525304849
-242.82000252899599	9.120002528995997
-232.82000312988572	-0.8799968701142689
-235.63003054372064	1.9300305437206475
-225.6300287966577	-8.069971203342277
-240.63000785209704	6.930007852097049
-230.63002768144258	-3.0699723185574044
-233.1300018324572	-0.5699981675427921
-243.1299767096233	9.429976709623304
-228.12999787580964	-5.570002124190353
-238.12998780507303	4.42998780507304
-236.87999231917536	3.179992319175369
-226.880002082852	-6.819997917147987
-241.8799986788589	8.179998678858908
-231.88001736201738	-1.819982637982605
-229.38000403956073	-4.3199959604392575
-239.3800016800932	5.6800016800931985
-224.37998379320095	-9.320016206799039
-234.38000219167895	0.680002191678966
-238.75997241990967	5.059972419909684
-228.76001355192216	-4.939986448077832
-233.7600293192388	0.060029319238822154
-223.76001338934452	-9.939986610655467
-226.25998112184038	-7.440018878159606
-236.259969789671	2.5599697896710154
-231.26001682197216	-2.4399831780278305
-241.26001217883254	7.560012178832551
-242.51000194613675	8.810001946136765
-232.5100081473263	-1.1899918526736997
-237.50999640776695	3.8099964077669597
-227.5099995469734	-6.190000453026585
-225.0100074137988	-8.689992586201186
-235.01002786431286	1.3100278643128718
-230.0099785908485	-3.690021409151484
-240.00998573907577	6.309985739075785
-238.14002527552714	4.440025275527148
-228.14002951765053	-5.559970482349456
-243.14018633145372	9.44018633145373
-233.1399854114212	-0.5600145885787811
-230.640009122763	-3.0599908772369986
-240.64001812572008	6.940018125720087
-225.63999930519878	-8.060000694801204
-235.64000000578164	1.9400000057816555
-234.38999517050672	0.6899951705067338
-224.39002861444953	-9.309971385550455
-239.39002895778742	5.690028957787433
-229.39001402988708	-4.309985970112905
-231.8899780243088	-1.8100219756911997
-241.88998443301955	8.18998443301956
-226.88999785682302	-6.810002143176973
-236.89001491412148	3.190014914121491
-241.2700021855485	7.570002185548503
-231.27000519747844	-2.4299948025215485
-236.2700290067437	2.5700290067437095
-226.27000995355365	-7.429990046446335
-223.76997494082048	-9.930025059179513
-233.76999390043375	0.06999390043375797
-228.76999700725037	-4.930002992749621
-238.76999696814664	5.069996968146654
-240.01999736350945	6.319997363509458
-230.0199786723008	-3.680021327699194
-235.02001028561926	1.3200102856192757
-225.02000201123838	-8.679997988761613
-227.5200027355636	-6.179997264436395
-237.51997529021492	3.819975290214927
-232.52000147661192	-1.1799985233880648
-242.51999325323368	8.81999325323369
-225.96003142135027	-7.739968578649723
-235.9599987565461	2.2599987565461106
-230.95998737911663	-2.7400126208833626
-240.96003203146114	7.260032031461151
-243.45998905670507	9.75998905670508
-233.46000012888584	-0.23999987111415066
-238.46000042070085	4.760000420700862
-228.45999999763075	-5.240000002369243
-227.21000910991364	-6.4899908900863466
-237.21000129786665	3.5100012978666655
-232.20998819646132	-1.490011803538664
-242.20998825089276	8.509988250892775
-239.71003217247647	6.010032172476485
-229.70999772028762	-3.990002279712371
-234.70998910941938	1.0099891094193936
-224.70999078082622	-8.990009219173771
-229.08001387726114	-4.619986122738851
-239.0800027122878	5.380002712287819
-224.08000310881113	-9.619996891188862
-234.07997274696214	0.379972746962153
-236.57999931664477	2.879999316644785
-226.58002029044843	-7.119979709551558
-241.57999899699286	7.879998996992867
-231.57999458136152	-2.1200054186384705
-232.82997395002354	-0.8700260499764454
-242.8299975597584	9.129997559758408
-227.83000023398841	-5.869999766011574
-237.8299824447659	4.129982444765915
-235.33000017640921	1.6300001764092258
-225.32998371267428	-8.370016287325711
-240.33000020945934	6.630000209459354
-230.3299780108046	-3.3700219891953793
-231.73998734418112	-1.960012655818872
-241.73997466898638	8.039974668986389
-226.73996724516675	-6.960032754833236
-236.74001332733152	3.040013327331536
-234.23997022632304	0.5399702263230495
-224.2400028020563	-9.459997197943693
-239.2399865247264	5.539986524726402
-229.24002547388156	-4.45997452611843
-230.49000187464955	-3.209998125350438
-240.49001852606145	6.790018526061459
-225.48999649139134	-8.21000350860865
-235.48998293644237	1.7899829364423852
-237.99003275932247	4.290032759322486
-227.99000089372404	-5.709999106275944
-242.9900273656551	9.290027365655106
-232.99001375278223	-0.7099862472177563
-228.6100230141959	-5.0899769858041
-238.6099898951355	4.90998989513551
-233.61000286823216	-0.08999713176783075
-243.60998789906384	9.90998789906385
-241.10998305525513	7.40998305525514
-231.10999701370278	-2.5900029862972076
-236.11002506557938	2.41002506557939
-226.11002511835736	-7.5899748816426325
-224.85997108525348	-8.840028914746512
-234.86001871855782	1.1600187185578363
-229.86002870551906	-3.8399712944809323
-239.8600253611315	6.160025361131517
-242.35998804883943	8.659988048839438
-232.3600176124995	-1.3399823875004984
-237.3599870041356	3.6599870041356155
-227.35998557340073	-6.340014426599254
-238.92002693671466	5.2200269367146745
-228.92000799924963	-4.7799920007503545
-233.91999906455467	0.21999906455468476
-223.91999670725264	-9.780003292747352
-226.42002146628684	-7.279978533713148
-236.42000209645076	2.72000209645077
-231.41997919303859	-2.280020806961403
-241.4199971192883	7.719997119288308
-242.67002371180743	8.970023711807443
-232.6700101248297	-1.029989875170287
-237.66999942856265	3.9699994285626587
-227.66999743367242	-6.030002566327568
-225.17002427016806	-8.529975729831932
-235.16998551745374	1.4699855174537504
-230.16999880972108	-3.5300011902789095
-240.17000006735353	6.4700000673535385
-235.79998345289349	2.099983452893497
-225.80000223434106	-7.899997765658924
-240.80000198814722	7.100001988147227
-230.8000195150751	-2.899980484924896
-233.30001554866683	-0.39998445133315386
-243.30000002886007	9.60000002886008
-228.30003109199313	-5.399968908006855
-238.2999793447332	4.599979344733214
-237.05000822087166	3.350008220871672
-227.05000369134794	-6.6499963086520495
-242.05000386511963	8.350003865119646
-232.04999136489076	-1.6500086351092307
-229.54998604325445	-4.150013956745539
-239.55000110948166	5.850001109481667
-224.54999786875194	-9.150002131248044
-234.54996769855714	0.8499676985571512
-240.24999710951306	6.549997109513072
-230.24999368916178	-3.450006310838205
-235.2499697537587	1.5499697537587167
-225.24998372037226	-8.450016279627732
-227.75000560044282	-5.94999439955717
-237.74999744514935	4.0499974451493586
-232.75000373695002	-0.9499962630499681
-242.7499983751277	9.0499983751277
-241.50003048526014	7.800030485260152
-231.50000019765412	-2.1999998023458716
-236.50002982369915	2.8000298236991625
-226.49998890111237	-7.2000110988876145
-223.99998091616908	-9.70001908383091
-234.00003221801308	0.30003221801308655
-229.00001855867959	-4.6999814413204035
-238.99998250302087	5.299982503020885
-234.6299719475454	0.9299719475454253
-224.6299978636133	-9.070002136386677
-239.62999219456003	5.929992194560043
-229.62999992751782	-4.070000072482173
-232.13000979922697	-1.5699902007730202
-242.1300155976304	8.430015597630415
-227.13003282296847	-6.569967177031515
-237.13000128549436	3.4300012854943702
-238.38000151271524	4.6800015127152506
-228.38002424149715	-5.319975758502835
-243.38000287762213	9.680002877622144
-233.38001250847162	-0.3199874915283658
-230.88000929199086	-2.8199907080091293
-240.88000155704037	7.180001557040384
-225.87999822763857	-7.820001772361422
-235.88001612344203	2.1800161234420443
-233.07000642353006	-0.6299935764699285
-243.07003259021468	9.370032590214691
-228.06997187136614	-5.630028128633853
-238.0699978629712	4.369997862971218
-235.56997364042064	1.8699736404206533
-225.57001931077713	-8.129980689222862
-240.57001027784673	6.870010277846745
-230.56998120625968	-3.1300187937403052
-229.31998182867602	-4.380018171323968
-239.32001805304782	5.620018053047829
-224.3199764961103	-9.380023503889674
-234.32001414263942	0.6200141426394339
-236.8199992172552	3.119999217255213
-226.82000281618667	-6.879997183813316
-241.81999455487704	8.119994554877053
-231.81997025631455	-1.8800297436854407
-227.43998570954994	-6.260014290450044
-237.44000287033435	3.740002870334365
-232.44000260341403	-1.259997396585959
-242.43996918827673	8.739969188276746
-239.94000159016917	6.240001590169186
-229.94000448872924	-3.759995511270745
-234.94001514029281	1.240015140292826
-224.93998095491173	-8.760019045088256
-226.19002349170972	-7.509976508290265
-236.19001019211413	2.4900101921141413
-231.18997161119336	-2.5100283888066315
-241.1899892234955	7.489989223495513
-243.69000780517416	9.990007805174173
-233.68998181925002	-0.010018180749966632
-238.6899758466074	4.989975846607422
-228.68999720323103	-5.010002796768958
-224.78000280523273	-8.919997194767262
-234.7800258582768	1.080025858276798
-229.77998579383828	-3.92001420616171
-239.78000048784932	6.080000487849333
-242.27998396849333	8.579983968493337
-232.27998819988105	-1.4200118001189423
-237.27999818663673	3.579998186636743
-227.2799710343127	-6.420028965687294
-228.5299839814118	-5.1700160185882
-238.52998249965847	4.829982499658485
-233.52996836914943	-0.17003163085055917
-243.53002258136738	9.830022581367388
-241.02998000669803	7.329980006698037
-231.0300118583048	-2.6699881416951996
-236.03000944019848	2.330009440198495
-226.02999840339933	-7.670001596600656
-230.40999109035252	-3.2900089096474687
-240.41000039111728	6.7100003911172905
-225.41000222950257	-8.289997770497422
-235.40997172216535	1.7099717221653634
-237.9100124739381	4.2100124739381215
-227.90999738867336	-5.790002611326628
-242.91001609924948	9.210016099249486
-232.90999556873717	-0.7900044312628154
-231.65999843340447	-2.040001566595521
-241.66000465868652	7.960004658686529
-226.65999189234768	-7.040008107652312
-236.659997773416	2.9599977734160063
-234.15997617181725	0.45997617181726014
-224.16000340119004	-9.53999659880995
-239.15999805623701	5.459998056237026
-229.16000827543203	-4.539991724567955
-236.9700060380189	3.27000603801892
-226.97002309169122	-6.729976908308771
-241.9700304472378	8.270030447237815
-231.97000662913953	-1.7299933708604556
-229.47000023084158	-4.229999769158411
-239.46999731399293	5.7699973139929455
-224.47001589635212	-9.229984103647865
-234.46997338480534	0.769973384805354
-235.71998087781932	2.0199808778193358
-225.72000288716728	-7.979997112832706
-240.72002599363506	7.020025993635073
-230.72001316852285	-2.9799868314771345
-233.2199859964737	-0.48001400352629275
-243.21999725299312	9.519997252993136
-228.22001669030394	-5.479983309696053
-238.2200179196595	4.520017919659523
-242.5999839878037	8.899983987803722
-232.5999867259794	-1.100013274020597
-237.60000034697904	3.9000003469790556
-227.5999695731276	-6.100030426872394
-225.1000090259582	-8.599990974041788
-235.10000689108128	1.40000689108129
-230.09997249997613	-3.600027500023856
-240.10000804465162	6.400008044651628
-238.8499937485336	5.149993748533603
-228.85002617182326	-4.849973828176729
-233.85000011830252	0.15000011830252902
-223.85000450257357	-9.84999549742642
-226.3500010503245	-7.349998949675495
-236.34999983388443	2.6499998338844364
-231.35001685254392	-2.349983147456072
-241.34999479685902	7.649994796859033
-228.80997699529195	-4.890023004708041
-238.8099776903341	5.109977690334119
-223.81001389519457	-9.889986104805416
-233.810032940472	0.11003294047202417
-236.3100128761876	2.610012876187625
-226.31002863342525	-7.389971366574741
-241.30996881838342	7.609968818383436
-231.3100324785142	-2.3899675214858007
-232.55999757810292	-1.1400024218970657
-242.56000522924165	8.860005229241665
-227.5600253758917	-6.139974624108277
-237.560000782612	3.860000782612019
-235.06000578173786	1.3600057817378683
-225.05999719299467	-8.640002807005317
-240.06001550879643	6.360015508796437
-230.05999806226515	-3.640001937734837
-225.67999708158428	-8.020002918415713
-235.67999722003302	1.9799972200330274
-230.6799931719212	-3.0200068280787775
-240.6800096493677	6.980009649367702
-243.17999771002783	9.479997710027845
-233.17998604993014	-0.5200139500698526
-238.1800099363542	4.480009936354207
-228.1799959278866	-5.52000407211338
-226.93001142126346	-6.76998857873653
-236.93000330668988	3.2300033066898948
-231.92997955956494	-1.7700204404350472
-241.9299964784083	8.22999647840831
-239.43000396911853	5.730003969118542
-229.42999650668176	-4.270003493318228
-234.4299738880127	0.7299738880127222
-224.42999676237346	-9.270003237626526
-241.6200026088455	7.920002608845522
-231.6200031068084	-2.079996893191577
-236.62001812446132	2.920018124461336
-226.6200298740433	-7.079970125956692
-224.12002205503367	-9.579977944966316
-234.12002874769232	0.4200287476923279
-229.1199751942705	-4.580024805729494
-239.1199814900875	5.419981490087508
-240.3699753522279	6.669975352227908
-230.36997624358364	-3.3300237564163524
-235.3699771344046	1.6699771344046042
-225.37001589622113	-8.329984103778855
-227.86999721194215	-5.83000278805784
-237.86998729884826	4.16998729884827
-232.869968155902	-0.8300318440979879
-242.87000103587624	9.170001035876254
-238.48997566940236	4.7899756694023665
-228.48999050464246	-5.210009495357525
-243.48999744916475	9.789997449164758
-233.48999315774765	-0.21000684225234068
-230.9900302278531	-2.709969772146877
-240.990000180843	7.290000180843009
-225.9900002991619	-7.709999700838097
-235.9900148552135	2.2900148552135136
-234.7399903365933	1.0399903365933199
-224.74000957456812	-8.959990425431869
-239.74002476896032	6.040024768960336
-229.73999927385032	-3.960000726149673
-232.23997818629252	-1.4600218137074705
-242.23999867864106	8.53999867864107
-227.24002013848278	-6.459979861517212
-237.23998448014228	3.5399844801422944
-236.14997131991402	2.4499713199140274
-226.15003044420453	-7.549969555795457
-241.14996759891653	7.449967598916544
-231.14999855125677	-2.5500014487432168
-233.649999801048	-0.05000019895197738
-243.64997582768626	9.949975827686274
-228.6500019626127	-5.049998037387297
-238.64999615233899	4.949996152338997
-237.39998770642921	3.6999877064292264
-227.4000231282647	-6.299976871735282
-242.40000175052808	8.700001750528088
-232.40000192353398	-1.2999980764660108
-229.90000120760521	-3.7999987923947742
-239.90002988505	6.200029885050014
-224.9000263846159	-8.79997361538409
-234.89997133988288	1.199971339882893
-239.27998382673948	5.579983826739493
-229.27999991694767	-4.420000083052315
-234.28000231208105	0.5800023120810636
-224.2800021809101	-9.4199978190899
-226.77998453878652	-6.920015461213467
-236.7799856866816	3.079985686681624
-231.7800287031471	-1.9199712968528786
-241.77998423281431	8.079984232814326
-243.0299689829856	9.329968982985605
-233.0300038507569	-0.6699961492430759
-238.02999200299135	4.329992002991361
-228.0299974874254	-5.670002512574598
-225.53000438783172	-8.169995612168265
-235.53001852902278	1.8300185290227944
-230.529999905408	-3.170000094591984
-240.52998815243453	6.829988152434538
-228.3397714495257	-5.3602285504742895
-238.33997441974844	4.639974419748455
-233.3400088649576	-0.3599911350423781
-243.34000275135605	9.640002751356064
-240.84000045645172	7.14000045645173
-230.84011093811188	-2.8598890618881114
-235.84000001179157	2.140000011791585
-225.84002645024685	-7.859973549753136
-224.59000052104494	-9.109999478955046
-234.58999884886617	0.8899988488661847
-229.58999274620493	-4.110007253795061
-239.58997299666208	5.889972996662095
-242.08998985665295	8.38998985665296
-232.0900007588578	-1.6099992411421908
-237.09000951090803	3.390009510908044
-227.08997974395226	-6.610020256047733
-231.46001438910292	-2.2399856108970653
-241.4599813389113	7.759981338911302
-226.4600023007451	-7.2399976992549
-236.4600198607813	2.7600198607813127
-233.95997185739446	0.2599718573944756
-223.95997766410704	-9.740022335892945
-238.96000933515705	5.260009335157065
-228.95997710567548	-4.740022894324511
-230.20999763154117	-3.4900023684588177
-240.21001442402934	6.51001442402935
-225.2099985704471	-8.490001429552876
-235.20998166267685	1.5099816626768643
-237.7100038284197	4.010003828419713
-227.71003156185446	-5.9899684381455245
-242.71002871527156	9.010028715271574
-232.7099949343255	-0.9900050656744952
-227.00996918854594	-6.690030811454051
-237.01001196230004	3.3100119623000523
-232.00999979499443	-1.6900002050055605
-242.00999976595153	8.309999765951545
-239.5099977423513	5.8099977423513
-229.50997306855584	-4.190026931444152
-234.50999338312045	0.8099933831204567
-224.50998110134583	-9.19001889865416
-225.75998716987465	-7.94001283012534
-235.76003190907795	2.0600319090779635
-230.76003234012546	-2.939967659874526
-240.76001596067158	7.060015960671592
-243.2600107475862	9.560010747586205
-233.26001463128136	-0.4399853687186237
-238.26002510861667	4.560025108616685
-228.26000258714134	-5.439997412858645
-232.64000148993784	-1.0599985100621439
-242.63997245786788	8.939972457867896
-227.63997868693025	-6.06002131306974
-237.63997671811978	3.9399767181197944
-235.13999847905836	1.4399984790583744
-225.1399983680409	-8.560001631959096
-240.14000463001923	6.440004630019246
-230.13998107083228	-3.560018929167711
-228.889976416173	-4.81002358382699
-238.88999897514134	5.18999897514135
-223.88999854887936	-9.810001451120627
-233.89001397083905	0.19001397083906113
-236.39000027504937	2.6900002750493854
-226.389992322475	-7.310007677524993
-241.3900086906657	7.690008690665707
-231.39002759070047	-2.309972409299519
-234.81999911027407	1.1199991102740796
-224.8199772876181	-8.880022712381901
-239.81996944765643	6.119969447656445
-229.81998399017021	-3.880016009829774
-232.31999889198806	-1.3800011080119248
-242.3199975256087	8.61999752560871
-227.32001603776763	-6.379983962232359
-237.32000237709173	3.620002377091737
-238.56999299326122	4.869992993261235
-228.56999731711068	-5.130002682889312
-243.5700328368078	9.870032836807809
-233.56997793185684	-0.13002206814314832
-231.07001415186124	-2.6299858481387446
-241.07000259235184	7.370002592351852
-226.07003239482248	-7.629967605177512
-236.06999994806966	2.369999948069676
-240.4499686357771	6.7499686357771225
-230.44999702806962	-3.250002971930371
-235.44996788136194	1.749967881361954
-225.4499961893104	-8.250003810689577
-227.94999981068867	-5.750000189311322
-237.94997172236725	4.249971722367263
-232.9500079178626	-0.7499920821373962
-242.94997669057665	9.24997669057666
-241.7000298758823	8.00002987588232
-231.70000013422958	-1.9999998657704054
-236.6999981520559	2.999998152055923
-226.70001130521558	-6.999988694784406
-224.20000205078867	-9.49999794921132
-234.19999262488926	0.49999262488927343
-229.1999747029924	-4.500025297007596
-239.20003234151517	5.50003234151518
-242.78997621795045	9.089976217950465
-232.78999998550447	-0.9100000144955231
-237.79002357420453	4.090023574204537
-227.79000003793138	-5.909999962068611
-225.28999147204652	-8.410008527953465
-235.28999227970692	1.5899922797069337
-230.2900307989403	-3.409969201059681
-240.29000934813897	6.590009348138977
-239.03997712070034	5.339977120700354
-229.03999552880035	-4.660004471199642
-234.0400177788279	0.3400177788278995
-224.03999911093982	-9.660000889060171
-226.5399835391536	-7.1600164608463785
-236.54001887427162	2.8400188742716352
-231.54001492202863	-2.1599850779713563
-241.53997761112535	7.839977611125363
-237.17001079594584	3.4700107959458535
-227.16998332860922	-6.530016671390769
-242.1700001164635	8.470000116463524
-232.16997907007126	-1.5300209299287246
-229.6699774322132	-4.030022567786801
-239.67002013301854	5.970020133018551
-224.67001432636553	-9.029985673634457
-234.6700165567253	0.9700165567253123
-235.92003245966944	2.2200324596694543
-225.92002087174652	-7.779979128253473
-240.9200001402386	7.220000140238625
-230.92001450837952	-2.779985491620465
-233.41999683134773	-0.2800031686522573
-243.42002729790957	9.720027297909581
-228.4199874637251	-5.2800125362748815
-238.41997349525437	4.719973495254379
-229.97998917473566	-3.7200108252643247
-239.98000055384225	6.280000553842257
-224.97997741665537	-8.720022583344615
-234.97997444769604	1.2799744476960484
-237.47997479781813	3.7799747978181415
-227.4799831837631	-6.2200168162368925
-242.47997725922002	8.779977259220033
-232.48001976720886	-1.21998023279113
-231.2300192347379	-2.469980765262079
-241.23000102079502	7.5300010207950265
-226.23002496224623	-7.4699750377537555
-236.2299997619052	2.529999761905202
-233.72997102686665	0.029971026866661532
-223.73000659275974	-9.969993407240253
-238.73002048636815	5.030020486368159
-228.730011648488	-4.969988351512001
-224.349985971564	-9.350014028435993
-234.3500277345589	0.6500277345589041
-229.35002153469176	-4.349978465308226
-239.35000255314148	5.650002553141491
-241.85002523308967	8.150025233089679
-231.85000387817453	-1.8499961218254555
-236.84997831822838	3.149978318228392
-226.8500278072439	-6.849972192756098
-228.10002077796852	-5.599979222031465
-238.10000217762135	4.40000217762136
-233.09999828910767	-0.6000017108923146
-243.10001348219666	9.40001348219667
-240.60001431971395	6.900014319713961
-230.60003239040233	-3.0999676095976554
-235.5999704578222	1.8999704578222065
-225.5999817700227	-8.10001822997728
-239.37000524512504	5.670005245125054
-229.37002487393065	-4.329975126069343
-234.37000878028365	0.6700087802836663
-224.37000213342716	-9.329997866572825
-226.87002894301722	-6.829971056982771
-236.86981097456473	3.16981097456474
-231.86997172157666	-1.8300282784233275
-241.86999503805882	8.169995038058829
-243.12001188915482	9.420011889154836
-233.1199976493152	-0.5800023506847936
-238.1200251008955	4.420025100895515
-228.11999242172269	-5.5800075782773035
-225.62000368501785	-8.07999631498214
-235.61998297861746	1.919982978617469
-230.62000157885322	-3.079998421146769
-240.62000497157268	6.920004971572695
-234.99997119741056	1.2999711974105708
-224.999988876536	-8.70001112346398
-240.0000063725911	6.300006372591099
-230.00001820301986	-3.6999817969801256
-232.49996970994107	-1.200030290058919
-242.49997746410736	8.799977464107371
-227.50000227882265	-6.19999772117734
-237.49999835755943	3.7999983575594456
-236.2499757289744	2.5499757289744025
-226.25002690983092	-7.449973090169067
-241.25002040867548	7.550020408675493
-231.2499945704294	-2.450005429570581
-228.74999676595507	-4.950003234044914
-238.75002550202043	5.050025502020446
-223.74996797065614	-9.950032029343845
-233.75001724630056	0.050017246300569695
-232.19000190145874	-1.5099980985412458
-242.18999741626743	8.489997416267443
-227.1900013546378	-6.509998645362202
-237.18997031706516	3.489970317065172
-234.69002276746636	0.9900227674663711
-224.69002633103577	-9.009973668964221
-239.69002672247865	5.99002672247866
-229.68998790563404	-4.010012094365948
-230.94000206520963	-2.7599979347903627
-240.9399968544962	7.239996854496212
-225.93999147342896	-7.760008526571028
-235.94002902592678	2.2400290259267877
-238.4400002616871	4.740000261687101
-228.43998738477006	-5.260012615229925
-243.43999218527227	9.739992185272285
-233.43999184892294	-0.2600081510770451
-227.81000885574264	-5.889991144257351
-237.81000126768282	4.110001267682833
-232.81002769528146	-0.8899723047185262
-242.8099828155851	9.109982815585113
-240.31000083816122	6.610000838161227
-230.31001012917528	-3.3899898708247065
-235.3099902169875	1.6099902169875122
-225.31000907538197	-8.389990924618019
-224.05999272577043	-9.64000727422956
-234.0599994575246	0.3599994575246228
-229.05999788085097	-4.640002119149017
-239.060000817211	5.3600008172110165
-241.56000782448115	7.860007824481158
-231.56000925105997	-2.139990748940022
-236.55999704041693	2.8599970404169426
-226.55999698668762	-7.140003013312366
-225.47001355396307	-8.229986446036918
-235.47000154461304	1.7700015446130521
-230.47002082093488	-3.2299791790651113
-240.47000194658423	6.7700019465842445
-242.9700017397615	9.270001739761511
-232.9700008482948	-0.7299991517051865
-237.96999802901948	4.26999802901949
-227.96999291629092	-5.730007083709069
-226.72001143734335	-6.979988562656644
-236.72000972673115	3.0200097267311605
-231.72000046696368	-1.979999533036306
-241.72000055004193	8.020000550041942
-239.22000324256325	5.520003242563263
-229.21999786018452	-4.480002139815468
-234.22003046166785	0.5200304616678579
-224.22001933411477	-9.479980665885222
-229.8399845875427	-3.860015412457301
-239.8400201759776	6.140020175977611
-224.8399680523724	-8.86003194762759
-234.84000131863132	1.1400013186313345
-237.3399894211214	3.639989421121413
-227.34001432847782	-6.359985671522168
-242.33998207204223	8.639982072042244
-232.33998177866653	-1.360018221333462
-233.59022425319182	-0.10977574680816815
-243.58998883067017	9.889988830670177
-228.58997757237904	-5.110022427620947
-238.58999923899574	4.889999238995756
-236.08998021269855	2.3899802126985605
-226.0899970252629	-7.610002974737085
-241.0900287963944	7.390028796394404
-231.0899722533175	-2.6100277466824764
-237.6600018379651	3.960001837965109
-227.65999568307248	-6.040004316927508
-242.65999739126724	8.959997391267251
-232.66000202086585	-1.0399979791341423
-230.1600032835951	-3.539996716404886
-240.15999997642953	6.459999976429543
-225.16001986309143	-8.539980136908554
-235.16002951509304	1.460029515093055
-233.9100107112064	0.21001071120642223
-223.90998356696596	-9.790016433034026
-238.91001271710607	5.210012717106082
-228.91000786645978	-4.78999213354021
-231.4100116544761	-2.2899883455238808
-241.40999783283965	7.709997832839662
-226.41000186659963	-7.28999813340036
-236.40998298171613	2.709982981716138
-242.03001901911674	8.330019019116747
-232.02999954615123	-1.6700004538487576
-237.03000008373263	3.3300000837326422
-227.03000284956286	-6.669997150437126
-224.53000117129184	-9.169998828708145
-234.53000154278132	0.8300015427813321
-229.53000778651884	-4.169992213481152
-239.52998795763895	5.829987957638963
-240.77999469623435	7.079994696234365
-230.77998911706825	-2.9200108829317344
-235.77998182855052	2.0799818285505296
-225.7800013163708	-7.9199986836291885
-228.28000103139064	-5.419998968609349
-238.28000305202605	4.580003052026058
-233.27999400423258	-0.4200059957674114
-243.2800103569255	9.580010356925499
-236.48000976027512	2.780009760275135
-226.47997605894167	-7.220023941058315
-241.4799966527157	7.77999665271571
-231.48000063908464	-2.2199993609153523
-228.97996902609745	-4.720030973902539
-238.97998684387537	5.279986843875378
-223.9800027563583	-9.7199972436417
-233.98002055773438	0.28002055773438883
-235.23001345590384	1.5300134559038554
-225.22997632187113	-8.470023678128854
-240.23000350577465	6.530003505774658
-230.2300120032855	-3.4699879967144796
-232.72998630600327	-0.9700136939967194
-242.72999977835522	9.029999778355233
-227.72998676373797	-5.9700132362620195
-237.7299712888748	4.029971288874805
-243.36000049315712	9.660000493157128
-233.36002761936774	-0.339972380632247
-238.35999797478448	4.659997974784488
-228.36002639153534	-5.339973608464646
-225.86001444215375	-7.839985557846234
-235.86002973532172	2.1600297353217286
-230.8600221396458	-2.839977860354196
-240.86001200295803	7.160012002958041
-239.6099986491566	5.90999864915662
-229.6099805000807	-4.090019499919293
-234.6100125011429	0.9100125011429157
-224.61000507569346	-9.089994924306524
-227.10999736473545	-6.59000263526454
-237.1100040008126	3.41000400081262
-232.1100033195465	-1.5899966804534813
-242.11003091999677	8.410030919996785
-224.29999094241182	-9.400009057588164
-234.3000081377584	0.6000081377584081
-229.29998733178653	-4.4000126682134635
-239.2999717883329	5.599971788332908
-241.80000253046526	8.100002530465275
-231.79997007963064	-1.9000299203693487
-236.80001340938068	3.1000134093806935
-226.79999711851522	-6.900002881484767
-228.0499820384364	-5.650017961563577
-238.0500130640692	4.350013064069202
-233.04999536431276	-0.6500046356872247
-243.0499739964187	9.349973996418697
-240.549981046647	6.849981046647002
-230.54997693512703	-3.150023064872954
-235.54999948360344	1.8499994836034546
-225.55002015153113	-8.14997984846886
-231.16999979951643	-2.5300002004835562
-241.16999587285855	7.469995872858561
-226.1699764155109	-7.530023584489101
-236.17001097525863	2.4700109752586457
-238.6699692288038	4.969969228803819
-228.67003018884307	-5.029969811156917
-243.66996799292784	9.969967992927849
-233.67000007006746	-0.029999929932529312
-232.42000265846755	-1.279997341532436
-242.41989153973	8.719891539730014
-227.41998882111503	-6.280011178884962
-237.42001009325932	3.720010093259333
-234.92002956247043	1.2200295624704438
-224.91973920895717	-8.78026079104282
-239.91999859736998	6.219998597369994
-229.91999252339875	-3.7800074766012415
-233.5100294484007	-0.18997055159928777
-243.5099791272039	9.809979127203917
-228.5099740205385	-5.190025979461495
-238.5100039076949	4.81000390769492
-236.01000378723234	2.310003787232347
-226.01000199052055	-7.689998009479439
-241.00998666917235	7.3099866691723605
-231.00999746732782	-2.6900025326721675
-229.75999181254315	-3.94000818745684
-239.76002850952295	6.060028509522965
-224.75983598993275	-8.940164010067235
-234.75999688199204	1.0599968819920491
-237.26000725603785	3.5600072560378635
-227.2600000343134	-6.439999965686582
-242.2600296782574	8.560029678257422
-232.2600013913377	-1.439998608662279
-226.6399769389542	-7.060023061045797
-236.63999823692996	2.9399982369299664
-231.6400093479466	-2.0599906520533864
-241.64000870798975	7.940008707989762
-239.14000031068156	5.440000310681569
-229.1399922646857	-4.5600077353142865
-234.140013594753	0.4400135947529975
-224.13997088972667	-9.56002911027332
-225.39002033710187	-8.309979662898115
-235.39001606346994	1.6900160634699546
-230.39002696702983	-3.309973032970163
-240.3899977114512	6.689997711451213
-242.88998732928724	9.189987329287248
-232.88998551277348	-0.8100144872265105
-237.8899686154806	4.189968615480609
-227.88999129589558	-5.810008704104405
-240.7000124779617	7.000012477961718
-230.70002339997444	-2.9999766000255477
-235.70001893805892	2.000018938058929
-225.70000005768924	-7.999999942310751
-228.19999968935298	-5.50000031064701
-238.20001673109363	4.500016731093638
-233.20000218481727	-0.49999781518272357
-243.20000040096346	9.500000400963472
-241.950003872703	8.250003872703019
-231.9499838382755	-1.7500161617244885
-236.94999068738178	3.2499906873817963
-226.95000081485176	-6.749999185148226
-224.450002393459	-9.249997606541001
-234.4499778550118	0.7499778550118208
-229.44999874165222	-4.2500012583477655
-239.4499863696612	5.749986369661201
-233.82998683399097	0.12998683399098354
-223.8300309093857	-9.86996909061429
-238.83002570117122	5.130025701171235
-228.83003123156783	-4.869968768432159
-231.33001483681988	-2.369985163180104
-241.33000142698626	7.630001426986269
-226.32999112106523	-7.370008878934755
-236.3299778660931	2.6299778660930997
-237.57999883942153	3.879998839421546
-227.58002537517137	-6.119974624828615
-242.58000201670262	8.880002016702633
-232.58002100676646	-1.1199789932335307
-230.08003158143225	-3.619968418567737
-240.08003042100796	6.380030421007973
-225.0800019777035	-8.6199980222965
-235.08002466516524	1.3800246651652515
-227.53998102292738	-6.16001897707261
-237.53998108770614	3.8399810877061498
-232.5400207535886	-1.1599792464113818
-242.5399819405075	8.8399819405075
-240.03998615799267	6.3399861579926835
-230.04003110615943	-3.6599688938405563
-235.03998969150328	1.3399896915032912
-225.03997021188755	-8.660029788112439
-223.79001658051405	-9.90998341948594
-233.7900022101085	0.0900022101085085
-228.78998467064505	-4.910015329354934
-238.7900222004055	5.090022200405514
-241.29000174349758	7.590001743497595
-231.29000053563053	-2.409999464369463
-236.28997126205925	2.589971262059265
-226.28999937448228	-7.410000625517711
-231.90999086767638	-1.790009132323604
-241.91000294878828	8.210002948788286
-226.9100123541322	-6.789987645867797
-236.90999985008526	3.209999850085268
-234.4100269967495	0.7100269967495194
-224.40999301533898	-9.290006984661005
-239.4100227542232	5.710022754223218
-229.41000736140919	-4.289992638590803
-230.6599977613097	-3.0400022386902776
-240.65998301994128	6.959983019941291
-225.6600001546523	-8.039999845347694
-235.65997384511425	1.9599738451142628
-238.16001871202795	4.46001871202796
-228.1599996891911	-5.540000310808892
-243.15998088526263	9.459980885262638
-233.15999302989454	-0.540006970105452
-235.3500077903469	1.6500077903469048
-225.35025780645955	-8.349742193540436
-240.35001501856604	6.650015018566052
-230.3500156888309	-3.349984311169095
-232.8499923249161	-0.8500076750839014
-242.85003029770868	9.150030297708696
-227.84998955918454	-5.850010440815453
-237.84998749910991	4.149987499109926
-236.60001994309422	2.900019943094236
-226.59999932578543	-7.100000674214556
-241.60000178060508	7.900001780605095
-231.5999928691759	-2.100007130824082
-229.09998317058634	-4.600016829413647
-239.10001239241828	5.40001239241829
-224.09999987014052	-9.600000129859467
-234.09999852243945	0.39999852243946066
-239.7299881651529	6.029988165152901
-229.72999741655846	-3.970002583441527
-234.72998123353725	1.0299812335372565
-224.73000125567748	-8.96999874432251
-227.2299791272039	-6.470020872796084
-237.22996793348918	3.529967933489189
-232.23002025051434	-1.4699797494856455
-242.2300020667585	8.530002066758499
-243.48000111590633	9.780001115906344
-233.47999804398611	-0.22000195601387418
-238.47997537990656	4.779975379906574
-228.4800149024563	-5.219985097543685
-225.98000845230533	-7.7199915476946614
-235.97996899400866	2.2799689940086694
-230.97999875832872	-2.7200012416712696
-240.9799988081472	7.279998808147212
-242.37999979348467	8.679999793484683
-232.38000907374487	-1.319990926255116
-237.38002117132316	3.680021171323176
-227.37999290515552	-6.32000709484447
-224.88000023037137	-8.819999769628623
-234.87999729597584	1.179997295975852
-229.8800272784673	-3.819972721532679
-239.8799967022686	6.179996702268625
-241.13000083426675	7.430000834266764
-231.1299671124424	-2.570032887557602
-236.13002052313902	2.430020523139035
-226.1299853396548	-7.57001466034518
-228.63000044324542	-5.069999556754567
-238.63000013850694	4.930000138506955
-233.63002981644865	-0.06997018355133378
-243.63002443564153	9.930024435641542
-238.01000090983166	4.310000909831672
-228.01000016594276	-5.689999834057232
-243.01000169170015	9.310001691700165
-233.01000385622842	-0.689996143771566
-230.51002091167697	-3.189979088323014
-240.51000003491367	6.810000034913685
-225.51000400937278	-8.18999599062721
-235.5100021522137	1.8100021522137126
-234.25997691700263	0.5599769170026434
-224.25981829993339	-9.440181700066603
-239.26000231809212	5.560002318092131
-229.26002652102443	-4.43997347897556
-231.75999893288758	-1.940001067112405
-241.76000018079412	8.060000180794134
-226.76003013203967	-6.939969867960315
-236.75999727379417	3.059997273794181
-229.5700186700472	-4.129981329952784
-239.57000447508682	5.87000447508683
-224.56997123781213	-9.130028762187862
-234.57001392991543	0.8700139299154444
-237.06998157813024	3.3699815781302505
-227.07001455866276	-6.629985441337226
-242.06997691759562	8.369976917595636
-232.07001512618473	-1.6299848738152605
-233.31998818307721	-0.3800118169227744
-243.32000114704198	9.62000114704199
-228.32000189460842	-5.379998105391564
-238.32002125870287	4.620021258702877
-235.82002603607935	2.1200260360793663
-225.81998700526339	-7.880012994736603
-240.81999257948002	7.1199925794800265
-230.82000023963275	-2.879999760367241
-225.18997383430855	-8.510026165691443
-235.19000231879812	1.4900023187981333
-230.19000113695932	-3.509998863040664
-240.18998044038148	6.489980440381487
-242.69000134545826	8.990001345458268
-232.68999461161496	-1.010005388385025
-237.69002853998376	3.9900285399837685
-227.6899973984486	-6.010002601551378
-226.4400005795373	-7.259999420462691
-236.43999613612817	2.739996136128184
-231.44001242662438	-2.2599875733756107
-241.4400144067635	7.740014406763521
-238.9400099679237	5.240009967923697
-228.93997962032648	-4.760020379673506
-233.93999153694807	0.23999153694808228
-223.94000334260767	-9.759996657392321
-230.7399725291709	-2.9600274708290897
-240.73996930880296	7.0399693088029665
-225.74002142490846	-7.959978575091526
-235.74002248660892	2.040022486608933
-238.23999818404602	4.539998184046027
-228.23996729058328	-5.4600327094167085
-243.24003018416826	9.540030184168273
-233.24001484907714	-0.4599851509228472
-231.98999795369784	-1.7100020463021508
-241.99001217863608	8.29001217863609
-226.98996782159176	-6.710032178408227
-236.98999579701146	3.2899957970114713
-234.49001733967654	0.7900173396765524
-224.48997744624486	-9.210022553755124
-239.49000262509728	5.790002625097287
-229.4899689496544	-4.210031050345577
-223.8700023961256	-9.829997603874375
-233.8699808383436	0.169980838343605
-228.86998729686192	-4.830012703138067
-238.86998013414367	5.169980134143685
-241.36998955885528	7.669989558855292
-231.36999563345043	-2.3300043665495593
-236.3699947210708	2.6699947210708217
-226.36999425477288	-7.330005745227112
-227.62002430654783	-6.079975693452155
-237.6199966025607	3.919996602560701
-232.61999235865196	-1.0800076413480326
-242.61999877927073	8.919998779270742
-240.120012620374	6.420012620374024
-230.11998348037386	-3.5800165196261275
-235.1200032618684	1.420003261868402
-225.11997168216757	-8.580028317832415
-243.549985582559	9.849985582559015
-233.5500326057652	-0.14996739423477834
-238.54998579765086	4.849985797650874
-228.5499737912003	-5.150026208799687
-226.05002405077974	-7.649975949220249
-236.04997554775107	2.349975547751086
-231.04997302816335	-2.6500269718366383
-241.0499822127429	7.349982212742901
-239.8000029547782	6.100002954778205
-229.79998876444077	-3.9000112355592194
-234.79998558618607	1.0999855861860794
-224.7999914520158	-8.900008547984186
-227.2999877727241	-6.40001222727588
-237.300001720854	3.60000172085401
-232.2999772829469	-1.4000227170530763
-242.30001580151728	8.600015801517287
-236.67999640796157	2.979996407961579
-226.6800310425712	-7.019968957428802
-241.67997101355618	7.979971013556195
-231.6800286356644	-2.019971364335589
-229.17997475656708	-4.520025243432912
-239.17999834580192	5.479998345801931
-224.17996722684862	-9.520032773151371
-234.17999702524153	0.47999702524154486
-235.42998595456416	1.729985954564171
-225.43000918589829	-8.269990814101703
-240.42999033099446	6.729990330994468
-230.43002301387574	-3.2699769861242487
-232.93002763472012	-0.7699723652798696
-242.93000211876702	9.230002118767032
-227.92999776449838	-5.770002235501607
-237.9299741377687	4.229974137768721
-234.02000205958802	0.3200020595880346
-224.02001283888558	-9.679987161114411
-239.02002777600956	5.320027776009567
-229.0199694680191	-4.68003053198089
-231.5200040528066	-2.1799959471933903
-241.5200187082114	7.820018708211421
-226.51999552161715	-7.180004478382841
-236.51997368979528	2.8199736897952903
-237.76997468935178	4.069974689351795
-227.77001234062254	-5.929987659377446
-242.769981168301	9.069981168301013
-232.7699892936139	-0.9300107063860992
-230.27000003971398	-3.429999960286011
-240.2700002198285	6.570000219828501
-225.27003097251827	-8.429969027481718
-235.2699921432245	1.5699921432245105
-240.90000607334366	7.200006073343673
-230.8999972188925	-2.80000278110748
-235.89997390719725	2.1999739071972613
-225.89998788455557	-7.800012115444417
-228.40003017691686	-5.299969823083131
-238.39999724251845	4.699997242518464
-233.40001377044098	-0.29998622955901055
-243.40000015908151	9.700000159081526
-242.15000279114986	8.45000279114987
-232.14999345831382	-1.550006541686173
-237.15001609095123	3.4500160909512374
-227.1500098394157	-6.5499901605842865
-224.65000262760293	-9.049997372397058
-234.6500188221529	0.9500188221529129
-229.6499890799663	-4.050010920033685
-239.64999089694027	5.949990896940278
-226.20999888083378	-7.490001119166209
-236.21000007253582	2.5100000725358314
-231.21000519912462	-2.4899948008753654
-241.21001910247372	7.510019102473734
-238.7099892224441	5.009989222444119
-228.70999699622593	-4.9900030037740635
-233.70999695299673	0.009996952996743858
-223.71002435050553	-9.989975649494454
-224.95999993803065	-8.74000006196934
-234.96003275555717	1.2600327555571766
-229.96000406579782	-3.7399959342021702
-239.95999502203716	6.259995022037174
-242.45997330869517	8.75997330869518
-232.46000158013425	-1.239998419865742
-237.4599850630047	3.759985063004706
-227.45998495052567	-6.240015049474323
-233.08001546161364	-0.6199845383863476
-243.08000202785848	9.380002027858495
-228.07997612489459	-5.620023875105403
-238.0800321637817	4.3800321637817206
-235.58000306411674	1.8800030641167496
-225.5800133970534	-8.119986602946597
-240.58003166235181	6.880031662351826
-230.5800013668159	-3.119998633184082
-229.3299844341946	-4.3700155658053745
-239.32996917938186	5.629969179381874
-224.33001256534595	-9.369987434654035
-234.32997198332674	0.6299719833267545
-236.8299912808689	3.1299912808689214
-226.8300150142914	-6.869984985708584
-241.8297310394392	8.129731039439207
-231.82997642922243	-1.8700235707775619
-235.2799955395433	1.5799955395433187
-225.27998103208782	-8.42001896791217
-240.2799734012854	6.5799734012854
-230.27998828943944	-3.4200117105605443
-232.78000978946264	-0.9199902105373496
-242.78000221187565	9.080002211875666
-227.77998689099448	-5.9200131090055095
-237.78000825809912	4.080008258099127
-236.52997656687992	2.8299765668799353
-226.53000680772428	-7.169993192275712
-241.52998982159014	7.8299898215901464
-231.52999196167482	-2.1700080383251645
-229.02999825987152	-4.67000174012847
-239.03000306803213	5.330003068032141
-224.0300019234219	-9.669998076578082
-234.02999352072337	0.3299935207233773
-239.64998638310715	5.949986383107159
-229.64997684312982	-4.050023156870168
-234.6499991274876	0.9499991274876152
-224.6499779253303	-9.050022074669698
-227.15000232213822	-6.549997677861768
-237.15003076921982	3.450030769219836
-232.15000262627143	-1.5499973737285586
-242.15000076060858	8.450000760608589
-243.39998307990606	9.699983079906076
-233.40001301952213	-0.2999869804778541
-238.39999495679547	4.699994956795479
-228.39998178735766	-5.300018212642328
-225.89999706992091	-7.800002930079074
-235.8999807076674	2.1999807076674074
-230.90000939552408	-2.7999906044759086
-240.89999992449282	7.199999924492829
-227.46002479400425	-6.239975205995734
-237.45999059123363	3.7599905912336453
-232.45999496549933	-1.2400050345006548
-242.46000131322745	8.760001313227463
-239.96001112227617	6.2600111222761825
-229.96000577231183	-3.7399942276881575
-234.9600048908514	1.2600048908514054
-224.96000015545627	-8.739999844543718
-223.7100101239784	-9.989989876021582
-233.71002454226522	0.010024542265227865
-228.71001275572866	-4.989987244271333
-238.70999041943736	5.009990419437372
-241.2099887742633	7.50998877426332
-231.2100011058564	-2.489998894143582
-236.21002524508089	2.5100252450808966
-226.20999798262704	-7.4900020173729445
-231.84001134310876	-1.8599886568912325
-241.84001032773432	8.14001032773433
-226.83997313880883	-6.860026861191159
-236.8400212575214	3.1400212575214255
-234.339998686324	0.6399986863240201
-224.3399867571532	-9.360013242846776
-239.34002293630311	5.640022936303126
-229.33998835573203	-4.360011644267956
-230.59000202510384	-3.109997974896146
-240.59001629985488	6.890016299854892
-225.5899975481123	-8.11000245188768
-235.58997206518308	1.8899720651830876
-238.0900229608813	4.390022960881311
-228.08999754617963	-5.610002453820357
-243.08997209825606	9.389972098256067
-233.09000939183153	-0.6099906081684594
-229.49998341526953	-4.200016584730463
-239.49999829655098	5.799998296550996
-224.50000540565088	-9.199994594349107
-234.50000064900996	0.8000006490099736
-236.99998715432594	3.2999871543259474
-226.99999169735383	-6.700008302646154
-241.9999721744316	8.299972174431616
-232.00001224335625	-1.6999877566437362
-233.25000021498818	-0.44999978501181204
-243.25001592409535	9.550015924095362
-228.24999721905806	-5.450002780941929
-238.24996984088648	4.54996984088649
-235.74999390089215	2.0499939008921615
-225.74996898953032	-7.950031010469672
-240.75001096840288	7.050010968402887
-230.75000122262827	-2.949998777371718
-225.11998593769167	-8.580014062308322
-235.11999940198356	1.4199994019835742
-230.11999705153457	-3.5800029484654203
-240.12000291926424	6.420002919264249
-242.62001401947245	8.920014019472461
-232.62002100189883	-1.0799789981011543
-237.62001850372425	3.9200185037242647
-227.61998127887372	-6.080018721126265
-226.36998136138672	-7.330018638613268
-236.37002024102284	2.670020241022854
-231.37001196453375	-2.3299880354662434
-241.3700276436185	7.670027643618511
-238.87003036282394	5.170030362823951
-228.87002638976	-4.829973610239989
-233.87001202127166	0.17001202127167403
-223.87003243574608	-9.829967564253906
-242.30997410047945	8.609974100479462
-232.31003011457375	-1.3899698854262397
-237.3100189762177	3.6100189762177024
-227.3100164520825	-6.389983547917495
-224.81000913237455	-8.889990867625443
-234.8100206193481	1.11002061934812
-229.81002355134348	-3.889976448656512
-239.81000675216507	6.110006752165077
-241.06000245546562	7.360002455465633
-231.05997427655763	-2.6400257234423634
-236.05999995409599	2.359999954095997
-226.06000256446947	-7.639997435530518
-228.55997101810107	-5.140028981898922
-238.5599823753169	4.859982375316918
-233.5600023993871	-0.1399976006129009
-243.55985392045346	9.859853920453475
-237.92997616457401	4.229976164574026
-227.92998744263573	-5.770012557364254
-242.92998831823755	9.22998831823756
-232.9299998919893	-0.7700001080106915
-230.43000187605472	-3.269998123945271
-240.42998328551053	6.729983285510542
-225.43002701988704	-8.269972980112954
-235.43001631830307	1.730016318303086
-234.18000699836526	0.48000699836526906
-224.17997809218983	-9.520021907810161
-239.17999677818594	5.479996778185949
-229.1800032257503	-4.519996774249677
-231.68001640700427	-2.0199835929957146
-241.67999846799435	7.979998467994363
-226.68003268438738	-7.019967315612604
-236.6800032880757	2.9800032880757215
-243.64003126082446	9.940031260824469
-233.63999782462145	-0.06000217537854269
-238.6400147389619	4.9400147389619065
-228.63999884360658	-5.060001156393412
-226.14000837711558	-7.559991622884411
-236.13998579904057	2.439985799040585
-231.14000026120505	-2.559999738794943
-241.13999986084002	7.439999860840032
-239.88999893479797	6.189998934797984
-229.88997307896045	-3.8100269210395368
-234.8899912110827	1.189991211082713
-224.8899854655325	-8.810014534467484
-227.3900195820903	-6.309980417909685
-237.39002485390495	3.6900248539049585
-232.39000115318447	-1.3099988468155175
-242.38999791278604	8.689997912786055
-236.75998339931334	3.059983399313353
-226.760012286986	-6.939987713013977
-241.7600061167593	8.060006116759325
-231.7600162171491	-1.9399837828509021
-229.25999775751552	-4.440002242484468
-239.26000318405383	5.560003184053841
-224.2600295908103	-9.439970409189698
-234.2599902326017	0.5599902326017059
-235.50998829668038	1.8099882966803875
-225.51000882937865	-8.18999117062134
-240.5100278898842	6.810027889884225
-230.50999814522515	-3.1900018547748346
-233.01001180045	-0.6899881995499868
-243.00998511797025	9.309985117970257
-228.01000134005676	-5.689998659943228
-238.00999703767025	4.309997037670257
-230.82001016015448	-2.879989839845507
-240.81998817886443	7.119988178864446
-225.82001800341123	-7.879981996588754
-235.81998701890217	2.1199870189021794
-238.32001795366187	4.620017953661886
-228.31998991807296	-5.380010081927026
-243.31997345038172	9.619973450381735
-233.32001307236743	-0.37998692763255804
-232.0699852767287	-1.6300147232713016
-242.06999852568907	8.369998525689084
-227.07001603730924	-6.629983962690744
-237.0700280732147	3.370028073214712
-234.57002739577393	0.8700273957739455
-224.56997861062	-9.130021389379976
-239.57000588816692	5.870005888166929
-229.57000135654044	-4.129998643459544
-223.94998174597566	-9.750018254024326
-233.94999926584268	0.24999926584268906
-228.95000622517472	-4.7499937748252705
-238.95001012542633	5.250010125426343
-241.44997091483964	7.7499709148396505
-231.44997612819378	-2.2500238718062064
-236.4500225772819	2.750022577281925
-226.4500181854266	-7.2499818145734025
-227.69997505601208	-6.00002494398791
-237.69998845418576	3.999988454185768
-232.69998331614187	-1.0000166838581208
-242.70002691444387	9.000026914443879
-240.20000042521605	6.500000425216058
-230.2000004195208	-3.499999580479198
-235.199976672716	1.4999766727160022
-225.2000311466283	-8.499968853371684
-226.29000020544757	-7.409999794552419
-236.28997382955188	2.5899738295518944
-231.28999823368306	-2.410001766316924
-241.29000120452568	7.5900012045256915
-238.7900189570419	5.090018957041906
-228.7900005384645	-4.909999461535477
-233.78999945102012	0.08999945102013385
-223.79003154946898	-9.90996845053101
-225.04002465133274	-8.659975348667245
-235.0399990754295	1.3399990754295175
-230.03999687789386	-3.660003122106133
-240.04000921957325	6.340009219573261
-242.53999854468296	8.83999854468297
-232.53997173231895	-1.1600282676810423
-237.5400024280507	3.840002428050724
-227.54001254227754	-6.159987457722451
-233.17002353420858	-0.5299764657914068
-243.1700028363047	9.470002836304701
-228.16999786631268	-5.530002133687304
-238.17003045362245	4.470030453622456
-235.66999818651848	1.9699981865184952
-225.67001519603755	-8.029984803962435
-240.66997005458862	6.969970054588629
-230.67001857107417	-3.0299814289258222
-229.42001947092822	-4.279980529071764
-239.42002779505302	5.720027795053028
-224.41996997392735	-9.280030026072637
-234.4200111484411	0.7200111484411025
-236.91999693686913	3.219996936869137
-226.920000799806	-6.779999200193998
-241.9200013312574	8.220001331257407
-231.92001964139664	-1.7799803586033534
-234.11001733071257	0.4100173307125772
-224.10999636137294	-9.590003638627053
-239.10999921638526	5.409999216385273
-229.1100307681639	-4.589969231836079
-231.6100075094831	-2.0899924905168916
-241.61002253135243	7.910022531352439
-226.61001076240004	-7.089989237599951
-236.60999730306625	2.9099973030662625
-237.8600121959074	4.160012195907399
-227.8599893720378	-5.840010627962187
-242.8599997314935	9.159999731493514
-232.85999450894437	-0.8400054910556207
-230.36000000866565	-3.339999991334338
-240.35996951250067	6.65996951250068
-225.36001364977787	-8.33998635022212
-235.36000037685866	1.660000376858676
-240.97999835010066	7.279998350100669
-230.9800166926111	-2.719983307388901
-235.98003144633228	2.2800314463322877
-225.97998149377642	-7.720018506223568
-228.48001345221243	-5.219986547787556
-238.4800295225327	4.780029522532715
-233.47999493386303	-0.22000506613696302
-243.48000371171335	9.780003711713363
-242.22998621308622	8.529986213086232
-232.23000605416425	-1.4699939458357392
-237.23000516050203	3.530005160502043
-227.23001971514574	-6.469980284854245
-224.73000204948082	-8.969997950519172
-234.72997484941922	1.029974849419233
-229.72998571765535	-3.9700142823446356
-239.72999243041747	6.0299924304174795
-232.26998832574782	-1.430011674252171
-242.2700307739574	8.570030773957399
-227.27000129247926	-6.429998707520724
-237.27000000944417	3.570000009444186
-234.7699981861365	1.0699981861365018
-224.77002250709802	-8.929977492901969
-239.77001755067204	6.070017550672048
-229.77002131616928	-3.9299786838307114
-231.02003280050076	-2.679967199499231
-241.01997215407255	7.319972154072559
-226.02003055570412	-7.679969444295864
-236.0199913641659	2.319991364165901
-238.520012265893	4.820012265893013
-228.5199866464393	-5.180013353560696
-243.51997617030747	9.819976170307484
-233.52001346038423	-0.17998653961575428
-227.8896982651064	-5.810301734893585
-237.89002266446607	4.190022664466085
-232.8899695588267	-0.8100304411732964
-242.8899991937093	9.189999193709298
-240.38997182872902	6.689971828729028
-230.38998959826188	-3.3100104017381113
-235.38997022447495	1.689970224474962
-225.39000216520856	-8.309997834791432
-224.1400140873526	-9.559985912647392
-234.1400173579956	0.4400173579956004
-229.13996892883245	-4.560031071167543
-239.14002211994068	5.440022119940693
-241.64001559341398	7.940015593413989
-231.6400009783398	-2.0599990216601896
-236.63997008826175	2.9399700882617594
-226.64001395877915	-7.059986041220839
-239.4600021199812	5.760002119981209
-229.45999871277849	-4.240001287221503
-234.45997127194363	0.7599712719436411
-224.45997479985903	-9.240025200140963
-226.95999957497582	-6.740000425024164
-236.960002104769	3.2600021047690007
-231.96000063941386	-1.7399993605861255
-241.9599951643185	8.259995164318525
-243.21000319410354	9.510003194103547
-233.21003104922687	-0.4899689507731182
-238.21000169911343	4.510001699113445
-228.21001558227448	-5.489984417725509
-225.71000407217883	-7.989995927821155
-235.70997985236403	2.00997985236404
-230.71002852001124	-2.9899714799887533
-240.7099749093258	7.00997490932582
-235.0799915235803	1.3799915235803155
-225.08002544006928	-8.61997455993071
-240.08003264188125	6.380032641881257
-230.07999372250305	-3.620006277496941
-232.57996795180776	-1.120032048192229
-242.5799672595295	8.879967259529508
-227.58000520834872	-6.119994791651266
-237.5799990897322	3.879999089732223
-236.32999972578006	2.629999725780067
-226.33000133940146	-7.369998660598526
-241.33000091957098	7.630000919570989
-231.33001092299497	-2.369989077005016
-228.82999998516976	-4.870000014830225
-238.829996216462	5.129996216462018
-223.83000821269576	-9.86999178730423
-233.82998629144464	0.12998629144465212
-237.7400082022743	4.040008202274322
-227.74003155863667	-5.959968441363316
-242.7400008842953	9.040000884295324
-232.73999955940982	-0.9600004405901643
-230.24002814432444	-3.4599718556755477
-240.24000134935906	6.540001349359073
-225.24002417282665	-8.459975827173338
-235.2399684037393	1.5399684037393229
-233.9900060187085	0.2900060187085103
-223.99000052598805	-9.709999474011937
-238.99000244170585	5.290002441705866
-228.99000107200138	-4.709998927998612
-231.48997488098232	-2.210025119017672
-241.4900212552113	7.790021255211315
-226.49002613774994	-7.209973862250052
-236.48999710882137	2.7899971088213817
-242.11002980187126	8.410029801871275
-232.11000241397605	-1.5899975860239408
-237.10998851165036	3.4099885116503685
-227.1099979466447	-6.590002053355278
-224.6100134957736	-9.089986504226403
-234.610003081057	0.910003081056999
-229.61000282182553	-4.089997178174457
-239.60998485774266	5.909984857742671
-240.85999986281726	7.159999862817273
-230.85999403031687	-2.8400059696831192
-235.86003074668346	2.160030746683475
-225.86000019527987	-7.839999804720122
-228.36001012199299	-5.339989878007003
-238.3599988972413	4.659998897241309
-233.359970151719	-0.3400298482809774
-243.35999730678336	9.659997306783367
-225.5500207158282	-8.149979284171792
-235.54996776135593	1.8499677613559413
-230.54998091880478	-3.150019081195211
-240.5499702180139	6.849970218013908
-243.0500012750188	9.350001275018798
-233.04999899335579	-0.650001006644203
-238.04999075440426	4.349990754404274
-228.049981600733	-5.6500183992669974
-226.79999907400432	-6.90000092599567
-236.80001518779935	3.1000151877993574
-231.80001873252039	-1.8999812674796033
-241.80002550235147	8.100025502351485
-239.3000000362379	5.600000036237901
-229.29997990026712	-4.4000200997328704
-234.29999678107995	0.599996781079966
-224.30000298467056	-9.399997015329433
-229.92999554521126	-3.770004454788733
-239.929978191503	6.229978191503022
-224.92998558763398	-8.77001441236601
-234.92999850580205	1.2299985058020582
-237.4299974491038	3.72999744910382
-227.42998037908515	-6.270019620914837
-242.42999875266074	8.729998752660748
-232.42997137454918	-1.2700286254508057
-233.6800024130786	-0.01999758692139153
-243.67997249154692	9.979972491546931
-228.67999716571254	-5.020002834287453
-238.68000201856162	4.980002018561635
-236.1800227925775	2.4800227925775005
-226.18000450790683	-7.519995492093159
-241.1799843795085	7.479984379508522
-231.1800024568944	-2.5199975431055748
-224.219997139912	-9.480002860087978
-234.2200145109516	0.5200145109515972
-229.2200109342036	-4.479989065796389
-239.22000531971455	5.520005319714556
-241.7199963832497	8.019996383249719
-231.72001526385313	-1.9799847361468608
-236.72000092566552	3.020000925665528
-226.72003186888352	-6.979968131116465
-227.9700075956159	-5.729992404384092
-237.97003263423787	4.270032634237879
-232.96997335725857	-0.7300266427414215
-242.9700206188197	9.2700206188197
-240.47000247537173	6.77000247537174
-230.4700027650076	-3.229997234992396
-235.4699994577356	1.7699994577356222
-225.470008356026	-8.229991643973989
-231.09996823834044	-2.600031761659551
-241.10002924490354	7.40002924490355
-226.0999970471399	-7.6000029528600805
-236.10000140934025	2.4000014093402626
-238.60002438298542	4.9000243829854355
-228.6000039201477	-5.099996079852275
-243.59998266711918	9.89998266711919
-233.5999921057315	-0.10000789426848655
-232.34998475032043	-1.3500152496795579
-242.34996727185498	8.64996727185499
-227.3500110386536	-6.349988961346384
-237.34999448034213	3.6499944803421442
-234.849973672333	1.1499736723330045
-224.850002742996	-8.849997257003992
-239.85001342387986	6.150013423879869
-229.84999943933653	-3.85000056066346
-236.4100143640609	2.7100143640609247
-226.41001507979323	-7.289984920206763
-241.4099722496359	7.709972249635911
-231.41000699665543	-2.289993003344563
-228.9099983618635	-4.790001638136488
-238.90997183485175	5.209971834851757
-223.9099686416413	-9.790031358358675
-233.91000672989335	0.21000672989336522
-235.15998988044535	1.459989880445363
-225.15998266078182	-8.540017339218167
-240.16000205229662	6.46000205229663
-230.16003119539178	-3.5399688046082076
-232.65998625129956	-1.0400137487004315
-242.66001963969407	8.960019639694082
-227.66003233900497	-6.039967660995018
-237.6600103418988	3.9600103418988226
-243.27998216113454	9.579982161134552
-233.27998205062488	-0.42001794937510795
-238.2800089015448	4.580008901544801
-228.2800106876032	-5.41998931239678
-225.7799991291279	-7.920000870872087
-235.779994493126	2.0799944931260086
-230.77999769302394	-2.920002306976045
-240.78000138988799	7.080001389887997
-239.5300013440349	5.830001344034912
-229.529999841948	-4.170000158051977
-234.52997920641545	0.8299792064154587
-224.5299817246885	-9.170018275311492
-227.03000169659506	-6.669998303404924
-237.0300004079957	3.3300004079956977
-232.02997159998748	-1.6700284000125123
-242.03002223651973	8.330022236519738
-240.6300322935375	6.930032293537522
-230.62999871813088	-3.0700012818691107
-235.6299745868772	1.929974586877222
-225.629972809499	-8.07002719050098
