name = '*C_19'
composition = {'H':0, 'C':1, 'N':0, 'O':0, 'Pt':1}
facet = ['Ni110']
coverage = 1
DFT_energy = [-75.754398, 'eV']
ZPE_energy = [0.083, 'eV']
frequencies = [371.0, 462.5, 506.2, 'cm-1']
gas_DFT_energy = [0.838587, 'eV']
gas_ZPE_energy = [0, 'eV']
sites = 1
BEE = [-4.96501321e+02, -3.93085956e+01, -1.14898299e+02,  3.84592025e+02,    -1.82504466e+02, -1.58443844e+02, -3.41031678e+02, -7.57366505e+02,    -3.61358578e+02, -4.02555040e+02, -3.28981632e+02,  4.13629640e+01,     1.17243151e+01,  2.47003891e+01,  2.67236199e+01,  3.98949736e+02,    -1.76015413e+02, -1.53107179e+02,  1.45926536e+02, -9.43268576e+02,     4.95757011e+02, -2.23696541e+02, -4.43416164e+01, -1.02389286e+02,    -4.53631210e+01, -4.83310380e+01,  7.33340662e+02, -1.80478379e+02,    -7.07441121e+01, -4.44294133e+02,  6.52303077e+02, -1.13992684e+02,    -3.29182448e+02,  2.02764150e+02, -3.63881910e+01,  1.66140663e+02,    -2.53462334e+01,  6.06864417e+01,  2.31830198e+02, -8.62106834e+02,     4.59709612e+02,  1.09080908e+02, -5.11635520e+01, -2.86227037e+02,     9.48556598e+01, -1.56032692e+02,  3.71429923e+02,  3.13243003e+02,    -2.31004307e+02, -2.47617248e+02, -2.50863500e+02, -2.87697450e+02,     9.77577496e+01, -4.21515959e+02,  1.17237039e+02,  5.09276575e+02,     5.81387931e+02,  2.96149507e+02,  1.37353554e+02,  2.33867124e+02,     7.60327347e+02,  1.76528707e+02, -4.67721433e+02, -1.04040284e+02,    -2.00544471e+02,  5.16229611e+02, -6.35898042e+02, -5.29124696e+02,    -2.30852677e+02, -8.73496620e+01, -3.69790552e+02,  2.27341792e+02,     8.08022073e+01,  1.11878371e+02, -3.26662164e+02, -2.95708091e+02,    -4.77757227e+02,  3.15262904e+02, -2.77515458e+02,  2.23689255e+02,    -5.57845001e+01, -2.47639297e+02, -4.92989236e+02, -1.45264543e+02,    -9.54198079e+01, -1.35457383e+02,  3.34204844e+02,  6.01750999e+02,    -3.59608043e+02, -6.79064595e+02, -1.68035675e+02,  9.39426982e+02,    -4.83647483e+02,  2.78915273e+02, -8.99844812e+01, -5.26701853e+02,     2.05705062e+02,  3.21993231e+02, -1.46693560e+02,  2.95448769e+02,    -2.25433150e+02, -4.37623881e+02,  7.55859887e+02,  3.91538900e+02,     2.62185608e+02,  1.23330761e+02,  2.07743719e+02,  6.90411313e+02,    -2.11559362e+02,  4.91708981e+01, -1.16883883e+03,  1.55855007e+02,    -5.75633536e+02,  1.23422325e+02,  1.83214812e+02, -2.89971507e+02,    -4.52430889e+02,  5.13069981e+01, -2.48359573e+02,  3.01475961e+02,    -4.29056012e+02, -2.25177835e+01, -3.00530113e+02, -3.58911335e+01,    -2.63081563e+01,  1.43795595e+02,  9.79591133e+00, -5.18106419e+01,     5.14096890e+02,  7.73217272e+02,  4.03460385e+02,  6.58320875e+02,    -1.03180550e+02,  1.13315405e+02,  4.66222152e+02, -7.43578869e+01,    -6.48720713e+02, -3.19349559e+02, -4.25201486e+02, -2.43964728e+02,     2.35550175e+02, -9.97212120e+02, -1.61087001e+02,  3.64618482e+02,    -3.09065752e+02, -3.07875659e+02,  4.58536692e+02,  3.72907817e+02,    -2.92149476e+02,  1.65553740e+02, -2.08209501e+02,  2.95134497e+02,     3.39017748e+01,  1.29254555e+02, -7.35557076e+02, -4.11878222e+02,    -6.71991462e+01,  1.94014993e+00, -3.29366830e+02,  9.01055923e+02,    -1.86412212e+02, -2.83655377e+02,  3.17153379e+02, -4.04705432e+02,    -2.76115261e+02,  2.59736687e+02,  9.20737028e+01,  1.11566788e+02,     1.02473887e+02, -9.39248748e+01,  1.63417293e+02,  4.92470283e+02,    -2.49506139e+02,  1.46742348e+02,  7.69779192e+02,  2.81588778e+02,    -7.35892232e+01, -1.62187810e+02,  1.30275002e+03, -1.48360381e+02,     2.99780623e+02,  1.84981868e+02,  2.89764250e+02,  7.51744789e+02,     4.19936822e+02, -2.50666224e+01,  1.91136916e+02,  3.98801397e+02,     3.29196924e+02, -4.72066555e+02,  7.91124427e+02, -7.06291988e+02,    -1.47768740e+02,  4.85230528e+02,  7.26787476e+01,  5.58681394e+01,     2.64559265e+02,  2.05161042e+02,  3.03567391e+02, -5.38592920e+02,     4.13464943e+01, -2.30564299e+02, -9.08736283e+01, -2.83550516e+01,    -7.51780933e+01, -4.74074338e+01,  6.93669217e+02, -7.21367216e+01,    -2.35049229e+02, -2.00166022e+01,  9.81602043e+01, -4.98032744e+02,    -3.80332202e+02, -3.07452575e+02, -5.32340087e+02, -1.38431616e+02,    -3.50437715e+02,  1.65032295e+02, -8.56718663e+00, -9.06004933e+01,    -7.23463800e+01,  5.45422729e+01, -1.67537663e+02,  5.66407555e+02,    -6.95757752e+02, -1.36236210e+02, -1.32901222e+02,  1.43030590e+02,     1.55894695e+02, -3.91174736e+02, -1.51376020e+02,  3.54758913e+02,    -1.88785474e+02,  1.33559719e+02,  3.13188776e+02, -3.44320475e+01,     9.56126199e+02, -1.70742688e+02, -2.71830178e+02,  5.48427016e+01,    -1.92029900e+02,  4.50410130e+02, -3.05598629e+02,  7.06462697e+01,     5.28136690e+02, -1.12390800e+02,  1.01690439e+03,  1.08685390e+03,    -5.56115224e+02,  4.90236129e+02,  1.41809311e+02, -4.53494847e+02,     1.47514211e+02,  3.07603419e+02,  3.23745198e+02,  2.13656341e+01,     9.82790709e+01,  6.04187351e+02, -1.94080379e+02,  1.37374856e+02,     6.45454870e+02, -3.17326571e+02, -1.29158820e+02,  4.40941775e+02,     2.27785342e+02,  6.43210819e+02,  2.19835654e+02,  5.79415279e+01,     2.21350413e+02,  3.29529051e+02, -4.11254488e+02,  2.93800999e+01,     1.56834958e+02,  1.04364948e+02,  1.85498505e+02, -4.96628563e+02,     2.88068613e+02, -3.75864750e+02, -2.66281608e+02,  1.47686166e+02,    -1.18746246e+02,  4.61956022e+02, -2.02495400e+02,  2.44417743e+02,     2.72963442e+02,  6.72443910e+02,  4.69968482e+02,  4.03538260e+02,    -7.36057439e+01, -5.73007539e+01, -2.68088925e+02,  6.48459547e+02,     6.65411920e+02,  3.16900685e+02, -1.95359598e+02,  4.24609450e+02,    -7.43434050e+01,  1.79148111e+02,  5.27949390e+02,  5.29289589e+00,    -6.64941138e+01, -2.06937940e+02, -4.51229783e+02,  8.18741392e+02,     3.82625801e+02, -4.73537230e+02, -1.31291566e+02,  2.36410475e+02,    -9.02438683e+01,  5.28123768e+02,  1.02121815e+02,  6.72057623e+02,     2.61719918e+02, -2.38025852e+02,  2.07126744e+02, -3.54534203e+01,    -2.67674892e+02,  1.40108883e+02,  1.56028162e+02,  7.67048605e+02,     6.75297062e+02,  4.44534042e+02,  5.87262274e+02,  6.11683591e+01,    -2.30939513e+02,  1.30613806e+02, -2.81175299e+02, -4.30157406e+02,    -4.90113056e+02, -2.30309967e+02, -9.11075868e+02, -2.62544658e+02,    -7.23675412e+02,  1.81252689e+02, -3.89912571e+02,  3.46433952e+02,    -8.09459143e+02, -2.71406622e+02,  4.14835675e+02,  1.89309370e+02,    -7.27839296e+02,  5.22944808e+02, -2.05229732e+02,  4.41540274e+02,    -2.17796378e+02, -6.68004318e+02,  1.03808703e+02, -5.39266304e+02,    -1.13416439e+02,  1.62565654e+00,  3.59596619e+02,  1.05587344e+03,    -3.83193052e+02, -2.94411151e+02, -1.90179436e+00, -1.19706512e+02,    -6.84075512e+02, -4.70078049e+02,  4.17540191e+02, -2.13462159e+02,     1.42066597e+02, -4.11242724e+02, -1.25818810e+02, -3.37754268e+02,     4.50447736e+02,  1.28350427e+02, -1.89254069e+02, -1.14149579e+02,     8.64942942e+01, -7.23473376e+01,  3.68499787e+02, -2.11444415e+02,     4.44670804e+01,  2.90185735e+02,  1.47361033e+02, -1.49415312e+02,     1.30495659e+03,  4.58983183e+02,  2.99095867e+01,  8.63270646e+01,    -5.21716140e+02,  2.59941124e+02, -6.32243811e+02, -2.16609130e+02,    -4.65119958e+02, -1.60190553e+02,  4.67155619e+02, -4.76265868e+02,     1.54932255e+02, -2.35883077e+01,  2.64927805e+01, -3.13373675e+02,    -3.75175929e+02, -2.95472141e+00, -3.59242913e+02, -1.87167860e+02,    -3.46225243e+02, -8.69795157e+01, -3.02386301e+02, -4.33672562e+02,     1.91417019e+02, -1.45645128e+02,  1.77357181e+02,  8.59441908e+01,    -6.19579384e+02, -4.61022829e+02, -3.35095665e+02,  3.01564227e+02,    -8.59249517e+00, -5.34006078e+02,  4.89910739e+02, -3.36240209e+02,     4.61977164e+02, -2.54276473e+02, -4.11191708e+02,  2.23040339e+02,    -5.72342576e+02, -3.28071713e+02,  5.36838169e+02,  1.53081885e+02,    -3.42249783e+02,  4.44587054e+02, -1.45053967e+02, -3.19230892e+02,    -2.59587147e+02, -4.09484191e+02,  1.98784133e+02, -7.63517694e+02,    -7.02279993e+02, -8.03759723e+01, -2.52260174e+02, -4.64636856e+02,     6.07563316e+02,  1.11239425e+03, -2.77760424e+02, -2.58312543e+01,    -5.33283362e+02,  5.54723360e+02,  1.57496960e+02, -1.66646465e+02,    -3.23446646e+02,  1.41689659e+02, -5.12723657e+02, -1.70143820e+02,    -7.48568975e+02,  2.96252846e+02,  1.09925041e+02,  3.56771608e+00,    -5.75851650e+01, -2.90617036e+02, -7.47158794e+01,  1.07809365e+03,    -1.59596661e+02, -3.90762063e+02, -5.70516769e+02,  1.10487932e+02,    -3.03022693e+02,  7.57046595e+01,  2.47698212e+02,  5.56273353e+01,     2.38567453e+02,  1.02889210e+02,  5.01449541e+02,  2.58002036e+02,    -2.85589064e+02,  3.57611935e+02,  2.92261230e+02,  9.40926546e+01,     3.76637331e+02, -2.07575061e+02,  6.13135058e+02,  1.55697777e+02,    -2.55003107e+02, -5.01119241e+01, -1.61102980e+02,  2.00790131e+02,    -2.21922791e+02, -2.62504869e+01, -9.30596744e+01,  6.97921038e+02,     4.52501414e+02, -5.68674175e+02, -3.59931402e+01, -4.54039337e+02,    -1.46486621e+02, -1.91567308e+02,  6.42283059e+01, -1.20337737e+01,    -2.19595919e+02,  1.05977500e+02, -6.01685063e+01, -8.93351641e+01,     7.30248846e+02,  1.52409002e+02, -6.82154040e+02, -3.72459165e+02,     7.77350071e+02,  2.31416339e+02, -7.13719089e+01,  8.98292164e+02,    -1.55876744e+02, -9.39593704e+01, -5.01008605e+01,  1.15180080e+02,     2.40320215e+02,  3.36993120e+01,  2.26386998e+02, -1.31523230e+02,    -2.63811114e+02, -3.64780111e+02, -4.05906254e+02,  3.77681961e+02,     1.06585759e+02,  3.19730284e+02,  1.17487362e+02,  7.46188675e+02,     1.48168936e+02, -6.88572821e+02, -2.88755572e+02,  8.29882612e+01,    -2.34058487e+02,  5.23845722e+02, -1.08926145e+02,  1.54978564e+02,     4.20891336e+02, -6.20642716e+02,  1.25252449e+03,  1.62590357e+02,     1.98883828e+02,  2.95977122e+02,  6.92363525e+01, -5.66227676e+00,     3.03940059e+02, -3.00410130e+02,  6.90153533e+02,  5.95071515e+02,    -3.49784689e+02,  1.27763222e+02,  5.86751332e+02, -1.82307700e+02,     1.33700750e+02,  3.59268571e+02,  3.59398941e+02, -6.61799582e+02,    -1.16215602e+02, -2.95892985e+02, -2.92173859e+01, -3.55581480e+01,    -2.02285146e+01, -1.37142578e+02, -2.49262582e+02,  7.02719989e+01,     8.57962685e+01,  4.50852815e+02, -3.55987458e+02,  3.26351158e+02,     3.78429147e+02, -1.41147194e+02,  7.46344771e+02, -5.74802415e+02,    -8.87512294e+02, -5.51985930e+01, -7.14543703e+01, -4.01311663e-01,     6.63290146e+02, -6.12992072e+01,  3.41631735e+02,  4.06111863e+02,     3.18749407e+02, -8.76915095e+01,  5.31502708e+02, -1.33672454e+02,    -2.74331713e+02, -3.90217591e+02,  4.55534728e+01,  3.25123361e+02,    -4.25392996e+01,  3.22147635e+02, -2.42351793e+01,  5.36574826e+02,     1.68468386e+02,  7.35891729e+01, -4.46876223e+01,  2.85185641e+02,     3.16952157e+02,  1.67057842e+02, -6.22176868e+00, -4.51244490e+02,     2.53126803e+02,  1.66768565e+02,  3.11038788e+02,  2.61681540e+02,     2.95711207e+02, -4.87033809e+01,  2.29737417e+02, -2.05641767e+02,    -1.05616992e+01, -4.67659822e+02, -2.61251918e+02,  3.30113720e+02,    -7.61812553e+02,  2.46766763e+02,  1.43290693e+02,  6.96808896e+02,    -2.17223855e+02,  2.57139172e+02, -9.63670193e+01, -4.06077605e+02,    -6.03723009e+02, -6.91428163e+01, -7.40614861e+02,  1.33790138e+02,    -1.74924776e+02,  2.51204780e+02,  1.70965410e+02, -2.16976798e+02,    -2.12405819e+02,  3.24568314e+02, -5.03939417e+02, -1.03545088e+02,    -1.74337441e+02,  1.98719842e+02, -4.23377757e+01,  4.77985091e+01,    -1.81402959e+02,  4.77617040e+02, -4.01131554e+02,  8.28295324e+01,     5.06916162e+02, -2.89376171e+02,  1.62708251e+01, -2.94090171e+01,    -5.77463068e+02, -3.89617140e+02, -6.68556521e+01,  2.22421887e+02,     2.68854581e+02,  4.09413085e+01, -6.86302125e+01,  1.86211218e+02,    -3.78741829e+02,  2.66825213e-01, -4.23608316e+02, -2.28463666e+02,     3.95557137e+02, -2.47032133e+02,  5.40355280e+02, -1.79155873e+02,     2.95976839e+02,  2.15215521e+02, -5.22240561e+02, -2.39766645e+02,     6.96404410e+01, -3.34278261e+02, -2.95147145e+02, -7.26831313e+02,    -4.68751780e+02, -4.39656292e+02, -3.62122853e+02,  1.99773681e+01,     1.11199934e+02,  9.16281721e+00,  1.75847507e+02, -4.79561780e+02,     1.23406504e+02,  1.75789120e+02, -5.58290403e+02, -5.39728674e+02,    -3.44713061e+02, -1.98105694e+02,  1.64052846e+02,  6.86712137e+00,    -3.74021466e+02,  2.98794295e+02, -1.67416708e+02,  4.19407325e+02,    -7.49301560e+02,  5.05884525e+02, -3.08760692e+01, -3.09907568e+02,    -2.20362298e+02,  2.62892007e+01,  3.57823233e+02, -6.33692325e+02,    -1.18465297e+02, -1.72391175e+02,  4.11396242e+02,  7.03963246e+02,    -8.15852477e+02,  7.84372869e+02,  3.81950683e+02, -6.26558311e+02,    -2.96360330e+02,  6.40769063e+02,  5.05823978e+02, -1.52893548e+02,    -3.01524241e+01,  9.07213700e+01,  5.96151561e+02, -4.44855314e+02,     1.37706983e+02, -6.39678928e+01,  2.55619003e+02, -6.21944259e+02,    -6.33251627e+01, -2.82694504e+02,  3.97421223e+02,  3.58214150e+02,    -7.20256851e+02, -4.16662790e+02, -1.90666307e+02, -3.26898403e+02,    -1.23263988e+02, -1.94038641e+02,  3.60047163e+02,  3.49955374e+02,    -5.04057510e+01, -3.87809351e+02, -7.01149856e+02,  3.64883262e+02,    -4.25721606e+02, -2.64979521e+02,  4.06849638e+01, -2.90000238e+02,    -3.50083694e+02, -2.18657602e+02, -3.57565608e+02, -2.25594025e+02,    -4.29520990e+02,  4.90614051e+02,  5.44075903e+02, -2.82125975e+01,    -2.00927820e+02, -1.35560865e+01,  3.58683039e+02, -7.42603784e+02,    -1.77761183e+02,  4.18516941e+02,  5.65154292e+02, -1.53607639e+02,     9.75420820e+01,  4.62568170e+02,  1.31236298e+02, -5.38257736e+01,    -3.72357520e+02,  1.89651747e+02, -3.02346437e+02, -1.35928082e+02,    -1.62401027e+02, -1.57195391e+02,  1.66561706e+02,  6.56163432e+02,     5.72099293e+00,  3.30595989e+01, -7.65020509e+02, -1.48794623e+02,    -3.19113347e+02,  3.95448863e+01, -3.53942208e+02,  6.62782012e+02,     6.86106835e+02,  1.24650196e+02, -1.27574196e+02,  1.20825977e+02,     2.13872219e+02, -4.02639734e+02, -6.45090814e+01,  1.19982230e+02,     1.16341616e+02,  4.78560383e+02,  3.80174889e+02, -1.77408782e+02,     2.38538796e+02, -8.16133881e+02, -3.73183351e+01,  7.18724475e+02,     8.18498729e+01, -7.52786173e+00,  2.81834745e+02, -2.42534911e+02,     7.81427204e+02, -1.05629485e+02,  7.16233654e+02,  3.12370438e+02,    -3.24661175e+02,  2.58314808e+02, -2.58303300e+02, -5.80210775e+02,    -3.36534229e+01, -4.77381893e+02, -4.51119116e+02, -4.35961279e+01,     2.72849203e+02, -4.83996899e+01, -2.83069606e+02,  6.39391687e+01,    -6.13736747e+02, -7.81436459e+01, -6.98213384e+02,  4.40856676e+02,    -1.21109744e+01, -4.34533964e+02, -1.61130063e+02,  1.44846781e+02,    -2.72321287e+02, -3.98484178e+02,  7.62454500e+02, -1.89757902e+02,    -3.74196807e+02,  2.13395569e+02, -1.01604176e+02,  4.33555572e+02,    -1.66262978e+01,  7.05182469e+01,  8.61628362e+02, -1.50777749e+02,    -2.96539577e+02, -3.20158548e+02, -4.48965221e+02, -2.78802382e+02,     2.41667449e+02,  1.79025257e+02,  1.80824721e+02,  6.32811170e+02,     1.97418939e+01,  1.42324604e+02, -5.61199390e+02,  2.13057302e+01,    -1.96814144e+02, -2.25468260e+02,  1.23076098e+01,  2.98817752e+02,     3.24598512e+02,  6.51682662e+00,  7.82885199e+01,  2.49496229e+02,     3.15834215e+02, -2.02539924e+02, -1.10788859e+02,  1.43429962e+01,    -1.98685358e+02, -6.69565429e+01, -2.32672012e+02,  6.41343561e+02,     5.49174765e+02, -1.06590780e+02,  1.04013892e+02, -2.03793305e+01,    -2.03938890e+02,  2.85321879e+02, -7.36329631e+01,  3.31085284e+02,    -4.55386635e+02,  1.59011600e+02, -9.28563481e+01, -4.60755701e+02,    -2.11950893e+02,  2.30555834e+02, -7.28706776e+02,  3.58369255e+02,     4.18206957e+02, -6.14549473e+01, -4.22004683e+01, -2.63252857e+01,     2.08097213e+02, -2.77582802e+02,  3.08869767e+02,  2.42181591e+02,    -8.84394583e+02, -2.79602657e+02,  1.91996716e+02, -7.93876461e+01,     3.27676613e+02, -5.24050297e+02, -3.09167273e+00, -3.50792080e+02,    -1.05128712e+03,  6.36770220e+02, -5.06536013e+02, -4.89842834e+02,     7.47414947e+01,  1.09036482e+03,  4.84786680e-02, -1.85519146e+02,    -1.77387971e+01, -6.13259623e+01, -7.51979464e+02, -5.26473278e+02,     6.62264350e+02, -4.35519695e+01, -3.34878365e+02,  4.26495212e+02,    -2.92827754e+02,  3.37047255e+02,  4.60700990e+02, -5.22844490e+02,    -2.20294556e+02, -2.92802188e+02, -1.27513789e+02, -1.65551871e+02,    -5.90934722e+01,  1.15997418e+02, -2.86106014e+02,  2.52545511e+02,     5.06850719e+02, -1.35675838e+02, -1.51180745e+02,  1.17462185e+02,     4.86507094e+02,  4.14761183e+02,  3.22496413e+01, -1.56599849e+01,    -4.75034868e+01, -4.33141335e+02,  3.22237434e+02, -2.05346314e+02,     1.70067864e+02, -1.31878688e+02,  2.45943812e+02,  1.49008428e+02,    -6.71369617e+02, -2.35027527e+02, -6.70260354e+02, -2.77424982e+02,     6.47259603e+01, -1.46459678e+02,  2.54136238e+02, -2.44830328e+02,     1.53658027e+01,  8.89496354e+01,  6.32446457e+02,  3.18805168e+02,    -2.32351130e+02,  1.77337462e+01,  9.60129096e+01,  3.37991238e+02,    -4.68868665e+00,  4.30547135e+02,  2.07160768e+02,  7.57143900e+02,     2.10756205e+01,  5.80267188e+02, -2.21445819e+02, -3.27464434e+02,     6.94287288e+01,  6.60514616e+01,  2.58286527e+02, -5.63089183e+01,    -1.35086336e+02,  2.19736705e+02, -3.89786987e+02, -4.41028303e+02,     6.52582388e+02, -4.89214633e+01, -3.63818723e+02, -3.83303078e+00,    -1.19912251e+02,  2.99100140e+02,  2.80667557e+02, -1.64975123e+02,     9.12061493e+00, -2.29651901e+02, -2.78021375e+02, -2.43154210e+02,    -8.13544028e+02, -2.74968098e+01, -5.48020245e+02, -4.68025321e+02,    -3.33791060e+02,  1.49093291e+02, -3.19125963e+02,  1.87056557e+02,    -4.80490766e+02,  9.85712049e+00, -3.46159116e+02,  6.30172482e+01,     1.00722879e+02,  2.47793702e+02, -1.66921222e+02, -1.26433105e+02,     2.21877414e+02,  5.11388476e+02,  2.77311953e+02,  6.46170483e+01,    -5.79437651e+02, -1.17558733e+02, -2.60908097e+02, -5.15724104e+02,     3.50711074e+02, -2.92911174e+02, -3.75193458e+01, -1.95625152e+02,    -8.61731345e+02,  4.24918275e+02, -1.42829579e+02,  3.49420610e+02,    -5.90314557e+02,  5.57244952e+02,  3.72035723e+01, -2.64717676e+02,     3.89184498e+01, -1.97097256e+02, -5.79161663e+02,  1.20592330e+02,     2.40204185e+02,  2.71360649e+01, -3.07948856e+02, -1.11182137e+02,     1.39556503e+02,  2.49244355e+02,  5.45405989e+02,  2.14945863e+02,    -2.00251528e+02,  7.52134675e+02,  2.44090406e+02,  3.32668934e+02,    -1.42584915e+02,  2.27217044e+02,  1.48759810e+02, -5.23570482e+02,    -1.59144199e+02, -3.35324658e+02, -2.66773876e+02, -8.88739795e+01,    -1.49005526e+02, -3.17597872e+02, -9.65778002e+02, -2.58855058e+02,     1.31061366e+02,  8.77302484e+01,  7.97845571e+01,  4.20025228e+02,     1.58318924e+02,  2.71561753e+02, -3.61166295e+02,  3.91564767e+02,    -4.19142480e+02, -6.48943485e+02,  1.64786384e+02, -3.43119881e+02,    -3.56914889e+02, -1.33920947e+03, -1.00839620e+02,  6.79460409e+02,     3.95898659e+02, -8.56253454e+01, -1.02243301e+02,  2.52101535e+02,     5.79400078e+02, -3.42535613e+02, -8.22429015e+01, -2.70760930e+02,    -3.03284885e+02, -2.89987243e+02,  1.35794830e+02,  6.06752405e+02,    -5.60207386e+02, -4.50850516e+02,  2.05870207e+01, -7.38527537e+01,    -1.21278506e+02, -7.89550599e+02,  4.80743523e+02,  2.12511005e+02,     7.68023424e+01,  4.10829390e+02, -2.57174547e+02,  2.52033656e+02,     2.30014339e+02,  4.63408889e+01, -4.05437262e+01,  1.03727773e+02,    -1.38796722e+02,  3.99168350e+02, -3.70085525e+02,  3.57492359e+02,     8.02923846e+01,  9.59292069e+01,  1.98082003e+02, -7.31225056e+02,     5.46670219e+01, -5.44637711e+02, -4.29879655e+02, -4.17105192e+02,    -3.82538113e+02,  1.00809667e+01,  1.10699695e+02,  4.09360629e+02,     8.13731190e+01,  1.17653973e+02, -6.02833051e+02, -2.13087924e+02,     2.79724844e+02,  1.08194792e+01,  1.54830851e+01, -7.01797207e+01,     3.10853265e+02, -7.74763682e+02,  8.91125463e+01,  1.99185656e+02,     3.86042116e+02,  3.31416647e+02, -4.82264431e+02,  6.59480260e+01,     3.65688798e+01,  4.00652938e+01,  1.66674636e+01, -1.64904025e+02,    -2.69200305e+02,  1.34009018e+02,  5.29740881e+02, -7.39499739e+01,     8.26132081e+01,  1.50689790e+02, -2.11817903e+02, -2.09149584e+02,    -9.83260137e+02, -3.27271483e+02, -4.33785181e+02, -6.34057967e+01,    -5.39949528e+02,  6.36446797e+02, -2.50085214e+02, -4.48138229e+02,    -1.32683707e+03,  5.56622043e+02,  1.17218332e+02, -1.25703840e+01,    -5.20662426e+02,  8.99950240e+01, -1.46742890e+02, -2.76095081e+02,     9.89823159e+01,  2.71269966e+02,  6.73641589e+01, -1.47969395e+02,    -2.68634150e+01,  7.85748378e+00,  1.60422907e+02, -5.17866267e+02,     5.93728495e+02, -3.54864470e+02, -2.29167594e+02, -3.58421471e+02,    -8.25356347e+02,  8.01102449e+01, -4.04723870e+02, -1.86139941e+02,     2.87888652e+02, -2.05959702e+02,  2.92440536e+00, -8.53322787e+01,    -2.16862484e+02,  1.42765253e+01,  4.51094344e+02, -4.40567751e+02,     7.83237415e+02, -1.67641164e+02,  2.86904135e+02, -6.75050387e+01,     1.27550298e+02, -9.84427411e+01,  3.96041937e+02,  5.31161378e+02,     1.69055894e+02,  4.65779169e+02, -3.28519906e+02, -2.70406470e+01,    -1.93518039e+02,  5.76083447e+02,  4.87824387e+02,  3.73585942e+02,    -1.28010354e+02, -2.56714854e+02,  2.27317231e+02, -2.18294290e+02,    -1.16604671e+02, -6.14511333e+01, -2.22246626e+02,  4.33896808e+02,    -4.91540198e+01,  3.34406402e+02,  1.19537306e+02,  1.43135160e+02,    -2.88949773e+02,  2.72950849e+02, -1.52152326e+02, -1.10581218e+02,    -2.54834505e+01, -4.29977630e+02,  6.48836047e+02, -2.39364091e+02,    -3.32832722e+01,  1.70136130e+02,  1.44650510e+02,  5.99169490e+02,    -1.42293907e+02,  6.49605194e+02,  5.91562398e+02, -8.23773049e+02,     7.34321423e+01, -1.72301365e+02,  1.22634650e+02,  7.25133709e+01,     1.50076822e+02,  5.10954997e+02,  7.85339758e+02, -6.63731867e+02,     6.48092712e+02, -7.82932291e+02, -6.52517706e+02, -1.05263739e+02,    -8.36284334e+00,  5.97933550e+02,  3.24961778e+02, -1.52792664e+02,    -7.84548147e+02,  5.96553672e+02, -3.81853528e+02, -6.42196907e+00,    -4.15295518e+01,  1.05231030e+03, -2.39904289e+02, -8.91369226e+02,     2.62446080e+02, -1.37167394e+03,  9.46060157e+01, -3.02672226e+02,    -1.53379732e+02, -2.30648473e+02, -4.95862483e+02,  3.45624330e+02,    -3.05793092e+02, -7.99396263e+01, -6.62502256e+02, -5.70858495e+01,    -4.06720176e+02, -6.29279874e+02, -1.03601074e+03,  8.50221138e+01,    -2.73304168e+02, -6.10096131e+00, -1.14063609e+02, -6.70500596e+02,    -5.35919925e+02, -4.47593793e+02, -4.50978119e+02,  4.64280948e+02,     7.87310930e+01, -4.04424124e+02, -1.53246404e+02, -1.90077807e+02,     3.14642201e+02, -2.82529600e+02, -1.02638626e+02, -1.89684324e+02,    -3.04118213e+02, -3.17428738e+02,  3.24622558e+02, -1.46890876e+02,    -7.70548283e+02,  6.51440768e+02,  3.96671653e+02,  5.06399717e+01,    -6.12133601e+02, -6.40041016e+02,  9.30694053e+01,  1.09665861e+01,    -2.54451974e+02, -4.11694576e+02,  2.99401699e+02, -6.73863719e+01,     2.32406994e+02,  4.16820000e+02,  2.86001149e+02,  2.97523372e+02,     2.15881232e+02, -1.73057740e+02, -1.05766674e+02, -1.85417812e+02,    -2.94794627e+02, -3.88054803e+02, -5.47277393e+02, -3.30328906e+02,    -6.75947631e+01, -6.71873046e+02, -7.46378752e+01,  2.75922056e+02,    -6.08097337e+02,  2.10308367e+02,  1.83833501e+02, -5.94935078e+02,    -4.79997124e+02, -1.33477407e+02,  1.78019657e+02, -3.34168263e+02,     5.92305499e+02,  5.32009883e+02, -6.32703716e+02,  4.25064473e+02,     2.99041055e+02,  6.40263140e+01,  2.11555239e+02, -3.60489092e+02,    -1.21387392e+02,  4.74803973e+01,  1.50169898e+02,  3.81867242e+02,    -4.28988436e+02, -3.85782530e+01,  1.48496761e+02, -1.27467012e+01,    -2.25740425e+02,  1.65675233e+02, -2.24525652e+02, -1.70308434e+02,     3.01115429e+01, -5.05682907e+02,  2.94240128e+01, -1.95145105e+02,    -1.07545574e+02,  7.79083626e+00, -4.78919544e+02,  4.77362073e+02,    -2.26401610e+02, -1.09374239e+03, -7.13560032e+02,  3.29864222e+02,    -3.01331126e+02, -1.46141204e+02, -2.46636101e+02, -1.40286106e+02,    -8.45323453e+02, -9.19520204e+01, -5.39658402e+02, -2.82465165e+02,     2.17007725e+02,  6.27510217e+02, -2.84709443e+00, -2.47255708e+01,     4.92641047e+02, -4.27873097e+02,  3.00376157e+02,  7.69349771e+01,    -3.52533981e+02, -1.53707987e+02,  2.08008258e+02,  1.56984113e+01,     8.30305236e+01,  9.59583934e+01, -1.99310866e+02, -2.33523435e+02,    -4.43777388e+02,  4.23886197e+02, -5.36021532e+02, -3.93280411e+02,     8.10809471e+01, -7.54305052e+02,  1.62648987e+02,  5.28649473e+02,    -4.15066061e+01,  5.99006796e+01, -2.09468208e+02, -1.71683560e+02,     8.73068205e+01,  3.16697918e+02, -3.40485516e+02,  2.59019009e+02,    -9.17863950e+01, -3.11079136e+01,  2.26435007e+02,  1.60243033e+02,    -7.60318689e+01, -2.26288206e+00,  2.05421305e+02,  2.35227782e+02,    -6.03915724e+02,  5.21565880e+01,  4.54790392e+02, -8.17639317e+02,     2.73745288e+02, -1.00465137e+03, -7.92048078e+01, -1.24692316e+02,    -6.82257736e+01, -7.60480767e+01, -2.18786403e+02, -3.20581853e+01,     1.38289999e+02, -2.03712654e+02,  1.18860445e+02,  7.30861991e+02,    -5.39892510e+02, -2.24752653e+02,  3.07309208e+02,  2.07158670e+02,     3.48785394e+02,  1.38758699e+02,  2.37195473e+02, -1.56211337e+02,    -4.12134273e+02, -3.58009075e+02, -1.77298268e+02,  7.83587353e+00,    -3.52799508e+02, -1.28141502e+02,  5.55680940e+01,  1.95664631e+02,    -8.38640409e+01,  4.73076322e+02, -4.29267070e+02, -4.25813310e+01,    -2.33938918e+01,  2.36064047e+02, -3.42135773e+02, -2.15555977e+02,     2.29472518e+02,  4.18862299e+02,  5.88625863e+02,  2.95006125e+02,     3.48178224e+02, -2.49823409e+02,  5.24313135e+02,  5.69036210e+02,    -5.21707909e+01,  3.29501492e+02,  3.19861078e+02, -2.13345468e+02,     1.52388619e+01,  5.15716342e+02, -2.33152696e+02, -1.03196431e+02,    -5.09714786e+02,  2.25489742e+02, -6.38790978e+01,  1.49638456e+02,     8.02324329e+01, -3.51203556e+02,  3.85553815e+02,  3.42480049e+02,    -1.99989965e+02,  1.55277582e+02, -4.82162511e+02, -4.33354667e+02,     1.98037244e+02, -5.80989195e+02, -2.26947398e+02,  8.16766890e+01,     6.79861154e+02, -2.03811566e+02, -8.73803328e+01, -1.25143672e+02,     9.63393878e+02,  1.21201535e+02, -3.65049944e+02,  5.75576342e+02,     5.29621187e+02,  2.54188241e+02,  6.14263760e+02,  6.80964584e+02,    -8.76074612e+01, -2.51598993e+02, -2.72576912e+02,  2.25747031e+02,     3.16637067e+02, -4.20644256e+01, -1.74781036e+02, -5.17574573e+02,    -2.52770520e+02, -3.71288788e+02,  2.48276304e+02,  1.26192503e+02,     5.26720163e+02,  4.82898278e+01, -2.09072270e+02, -6.53412156e+01,     3.36539366e+02,  1.08665118e+02,  4.28862343e+02,  4.81436449e+02,    -1.15253824e+02, -7.66562244e+01, -8.13563623e+02,  4.47780147e+02,    -4.36087255e+01,  4.21671818e+02, -1.54126146e+02, -4.91730454e+02,     1.65877693e+02,  5.82366395e+02, -2.07145859e+02,  5.72950194e+02,    -6.06285623e+02, -1.88522652e+02, -6.55144816e+02,  1.84524195e+02,     9.49642019e+01,  8.97124389e+00, -5.01020524e+02,  7.33826484e+02,     4.41441965e+02,  6.66979192e+01, -3.85714017e+02,  1.83277936e+02,    -2.27520954e+02, -7.37118560e+01, -1.83179235e+02,  1.74468755e+02,    -8.46853706e+01, -1.71050437e+02,  1.61433178e+02,  2.20351053e+02,    -7.14528502e+02,  1.61603642e+02,  5.60366104e+02,  3.50468207e+02,    -1.10780629e+02,  2.85107882e+01, -3.01047232e+02,  4.94397375e+02,     1.46170038e+02, -5.57197068e+01, -5.68872968e+01,  9.11638468e+02,     3.95047503e+00,  2.60058088e+02,  6.05067450e+02,  8.16976312e+02,     5.34226604e+02,  3.53376894e+02, -5.31916367e+02, -3.62642657e+02,     2.89691754e+02,  1.46075970e+01,  2.69467049e+02,  1.53772166e+02,     4.91116935e+02, -6.48086326e+02, -4.08978127e+02, -5.40987621e+01,    -7.23039113e+02,  1.63455083e+02,  3.30667416e+02,  1.14532313e+02,    -1.89494104e+02,  1.97043853e+02,  1.18686756e+03,  2.17997987e+02,     1.27647671e+02, -4.08833861e+02, -5.52114336e+02, -1.30453557e+02,     2.60668580e+02, -4.46491418e+01,  1.76882711e+02,  2.93210125e+02,    -4.99948456e+02,  2.08833540e+02,  4.34468048e+02,  4.89417003e+02,    -4.62339018e+01,  9.85626047e+00, -7.72687598e+01, -4.21654506e+02,    -5.55578412e+02,  6.97003614e+02, -5.66637735e+01, -4.95504228e+02,     1.81137819e+01, -1.92557002e+02,  7.63057980e+02, -1.99434894e+02,    -2.87302817e+02,  2.60572555e+02, -1.22965497e+02,  3.63264287e+02,    -4.60488155e+01,  8.39601459e+02,  4.19581047e+02, -8.71719536e+00,    -3.02031214e+02,  2.08592646e+02, -4.63662891e+02, -9.62015778e+01,     5.08493305e+02, -2.34356464e+02, -3.93472658e+02, -1.84499344e+02,     4.32490027e+02,  1.21858282e+02, -6.92932842e+02,  2.56800858e+02,     1.26132761e+02,  5.83741255e+01, -4.25879378e+02,  1.53978693e+01,     2.93558300e+02,  4.26734098e+02,  5.35017374e+02,  2.19268140e+02,     3.47753160e+01, -4.24039579e+02, -3.98205910e+02, -6.20302646e+02,    -7.84743738e+01,  2.64267281e+02, -2.04991634e+01,  4.46024680e+02,    -2.65515789e+02,  1.51380430e+02, -1.01509707e+02, -2.49328245e+02,     4.95339331e+02,  6.36216301e+01,  5.13490040e+02,  2.69539828e+01,     2.07411049e+02, -1.64709020e+02,  5.23024588e+02, -1.02322028e+02,    -3.15544661e+00, -6.52451260e+02, -8.98512369e+01,  6.07944892e+02,     5.55916209e+02,  2.20157144e+02, -1.25351040e+02,  3.11395424e+01,    -1.48251141e+02, -4.94435574e+01,  7.51438634e+02,  1.38984562e+01,    -1.99922818e+02, -9.21808059e+02, -4.50947794e+02, -3.14529159e+02,    -5.60842472e+02, -4.70112872e+02, -5.93481103e+02, -3.88261066e+02,    -3.15917704e+02, -4.00735151e+02,  3.97641890e+02, -2.10917190e+02,    -8.08093343e+02,  3.35097845e+02, -2.42775046e+02, -6.86148118e+02,     8.10462144e+02, -2.00963263e+02,  1.64485096e+02,  3.41136367e+02,     9.24664039e+00,  2.16513343e+02,  7.26919016e+00, -1.29386236e+01,    -1.14777845e+02, -6.07570082e+02,  8.90223136e+01, -1.08817111e+03,     5.46729569e+02, -3.65449517e+02, -1.14628401e+02, -1.47559626e+02,     8.99794348e+01, -1.56225511e+02,  2.39562831e+02, -4.49101242e+02,     3.18009334e+02,  3.29059991e+02,  1.28209858e+02,  8.25769469e+01,     1.67094262e+02,  6.27789416e+01,  2.53023884e+02, -8.12684653e+01,    -5.24912958e+02,  8.30397660e+01, -1.94981471e+02, -3.91321199e+01,     4.17830396e+02, -6.78915819e+02,  9.89151798e+00,  1.21929838e+01,     7.12582754e+01,  2.78313701e+02, -1.15087995e+02,  7.00898840e+02,     4.03287070e+02, -1.46409350e+02, -8.78958221e+01,  1.64527130e+01,     6.51503625e+02, -4.64644080e+02, -8.71043020e+02,  2.42182158e+02,    -1.02430249e+02, -1.06528445e+02,  1.42012965e+02,  6.56134004e+02,     3.99047653e+02, -1.48003646e+02, -4.21940336e+02, -5.02737662e+01,     2.46347766e+02, -1.10803594e+02, -6.22402878e+02, -2.46358158e+01,    -7.78357244e+02, -4.07368966e+02,  6.68139787e+02, -4.30212850e+02,    -5.59387712e+02, -4.36757702e+02, -2.96450606e+02,  2.81274234e+02,     6.92060503e+02, -4.34965201e+01,  2.29666910e+02, -1.51261708e+02,    -5.83703007e+02,  3.92616337e+02, -3.83608326e+02,  2.37017540e+02,     3.04380505e+02, -6.47448188e+01,  3.46437801e+02,  3.66594994e+02,     9.02745318e+02, -1.25265237e+02, -3.86864577e+02, -5.34631585e+02,    -1.27085566e+02, -2.20789722e+02,  8.50206193e+02, -3.71348891e+02,     8.44071617e+01,  6.12076071e+01, -2.18678229e+02, -6.82874198e+02,    -5.43392934e+01,  8.20219968e+02,  9.24904167e+01,  5.88713869e+01,    -4.49880981e+02, -5.07169350e+02, -8.21827974e+01,  4.04762896e+02,    -1.89252096e+02,  8.92769254e+02, -3.69000409e+02,  1.43546953e+02,    -1.71961569e+02, -5.72905093e+02,  2.61191130e+01, -4.27765058e+02,    -6.24687518e+02,  7.05618646e+01,  1.87805907e+01,  4.33795123e+02,     1.77603265e+02, -2.84072967e+02,  1.90036648e+02, -6.94064929e+02,    -4.42782288e+02,  7.60850947e+02,  1.08551005e+02, -1.15878649e+02,    -2.70685697e+02, -3.96528341e+01, -6.52529206e+01,  7.16658533e+02,     3.44534671e+02, -1.22507662e+02, -5.64695850e+01, -3.37800850e+02,    -1.71122590e+02, -5.63687043e+02,  4.04521893e+02,  6.37175907e+01,     1.14411420e+02,  1.28102162e+02, -4.71848631e+01, -1.53959635e+02,    -3.97996320e+00, -8.92806798e+02, -1.60098221e+02, -6.83149349e+01,    -7.63887635e+01,  4.59063004e+02,  5.30648915e+02,  1.34575787e+02,    -8.03709945e+02,  5.36336712e+02, -1.67972590e+02, -3.24245029e+02,    -7.33914905e+02, -2.74490311e+02,  4.96552884e+02,  2.32027778e+02,     6.24997439e+01,  2.58652056e+02, -4.88241576e+02, -3.73595930e+02,     4.65623680e+02,  3.20892922e+02,  4.32914366e+02, -1.28742158e+00,     5.93261811e+01,  4.64410837e+02,  8.31733830e+02, -2.05975143e+02,     3.19270831e+02, -1.43502136e+02, -3.54403258e+02, -2.88760128e+02,    -2.58086476e+02, -1.25655557e+02, -4.28675839e+02, -1.96236990e+02,    -1.17086768e+03,  2.85608597e+02,  1.63981077e+02, -3.07787910e+01,    -3.49770845e+02, -1.89976929e+02, -4.51589288e+02,  9.94824288e+01,     6.92268790e+02, -1.71600831e+02, -1.39134825e+02,  1.83753087e+02,    -4.07798494e+02,  7.29726023e+02,  1.40321345e+02,  1.52407842e+02,     4.34771089e+02,  1.33063177e+01,  4.71146106e+02,  1.38713025e+02,    -7.22149298e+01,  7.87150507e+01, -2.24389302e+01,  5.82443881e+02,     7.77236281e+01,  1.26573125e+02, -7.63994684e+01,  1.12311931e+02,    -7.77999560e+02, -3.15033474e+02, -3.86794489e+02,  4.31638419e+02,    -2.45557104e+02, -5.40230885e+02,  4.96387348e+02, -1.01672208e+02,     3.67616543e+02, -7.70295716e+02,  2.09473260e+02,  6.38403410e+01,     4.91341798e+01, -7.27681771e+01, -5.52050700e+01,  4.15477498e+02,    -1.06081112e+00, -4.16548736e+02, -1.35155324e+02,  2.12443522e+02,    -9.82910708e+02, -7.81258751e+02,  1.10969310e+01,  9.47998905e+01,    -3.67071948e+02, -3.71371874e+01,  9.10852443e+02,  2.77791361e+02,    -4.71276130e+02,  7.89182408e+01, -7.50667506e+01,  8.87031203e+01,    -2.89295329e+02,  1.56283717e+02,  2.38422454e+02, -5.63936457e+01,     9.46656864e+02, -8.81009508e+01, -2.71416165e+02,  1.63523698e+02,     3.47137858e+02, -2.99952538e+02, -2.55197316e+01,  8.08114595e+02,    -1.97289440e+01,  4.95246006e+02,  1.22263725e+02, -8.04235397e+01,    -2.20315648e+02,  4.79145344e+02, -4.64331093e+02, -1.78239322e+01,    -1.27576187e+02, -3.57005657e+02,  1.41618181e+02,  2.01808920e+02,     7.46610565e+01, -1.47855130e+01, -3.26227506e+02,  1.54353957e+02,    -1.45406124e+01, -2.10022455e+02, -1.82348825e+02,  1.66269865e+02,    -4.40217880e+01, -3.09108197e+02, -8.99484867e+02,  7.61534208e+01,     1.97059861e+02, -3.95440669e+02, -1.89070982e+02,  6.95663743e+02,     6.23669055e+01,  2.98078725e+02,  5.59107178e+01,  3.12056991e+02,     4.39219166e+01, -3.32018592e+02, -3.31975608e+01,  7.01815153e+01,     2.34313563e+02,  6.76874732e+02,  4.13903386e+02,  1.95823416e+01,     1.45269852e+02,  5.09220000e+02,  2.21220672e+02, -6.10711143e+02,    -2.26577636e+02,  1.14321936e+02,  7.18273664e+01,  2.21726122e+02,    -4.42881372e+02,  1.06133404e+02,  3.40624286e+02,  4.14814361e+02,    -3.77486860e+02, -4.24515536e+01, -1.94987180e+01, -1.15397367e+02,    -2.77901310e+02, -1.66290406e+02, -2.82937956e+01,  6.86148074e+01,     3.48775036e+02, -2.61958753e+02,  6.74565387e+02,  3.01978388e+02,     2.14831034e+02,  2.81283860e+02,  2.55341540e+02,  2.76789874e+02,     4.55487478e+02, -3.74375747e+02,  5.33587152e+02, -9.39130908e+02,     2.61753157e+02, -9.15587824e+02,  7.09401395e+02,  6.15584646e+02,    -9.72196029e+01, -4.15265929e+02, -3.55723785e+02, -4.85913572e+02,    -5.22330793e+02,  4.86431787e+02,  3.61532455e+02,  2.04507160e+02,     2.66285501e+02,  3.43218951e+02, -3.24411520e+02, -1.68599384e+02,     4.83824604e+02, -1.05743099e+02,  4.45460158e+02,  6.16243205e+02,    -3.59332580e+01, -6.08048336e+02,  1.32945563e+01, -1.01657031e+01,    -8.29801297e+01,  6.82385030e+00, -5.65791720e+02, -1.53888049e+02,     5.16430004e+01,  7.62491481e+01,  4.08043843e+02, -3.36221155e+02,     5.15992260e+02, -3.40733757e+02,  1.88146120e+02,  3.29129670e+02]
gas_BEE = []
