name = 'CO2*_19'
composition = {'H':0, 'C':1, 'N':0, 'O':2, 'Pt':1}
facet = ['Ni110']
coverage = 1
DFT_energy = [-87.12171, 'eV']
ZPE_energy = [0.298, 'eV']
frequencies = [74.0, 99.5, 111.9, 176.0, 280.5, 502.6, 652.0, 1150.2, 1760.1, 'cm-1']
gas_DFT_energy = [-18.404459, 'eV']
gas_ZPE_energy = [0.305, 'eV']
sites = 1
BEE = [-5.10841720e+02, -3.99508899e+01, -1.18079748e+02,  3.94593533e+02,    -1.87297190e+02, -1.62483580e+02, -3.51051332e+02, -7.78607615e+02,    -3.70260392e+02, -4.12172391e+02, -3.37390419e+02,  4.23417326e+01,     1.24802933e+01,  2.43216029e+01,  2.75890426e+01,  4.09938740e+02,    -1.80815207e+02, -1.56611127e+02,  1.50959712e+02, -9.68879123e+02,     5.08736924e+02, -2.28964041e+02, -4.53290635e+01, -1.04882861e+02,    -4.56520717e+01, -4.98308324e+01,  7.53509704e+02, -1.85861849e+02,    -7.26200031e+01, -4.57013031e+02,  6.69223044e+02, -1.16091138e+02,    -3.38554369e+02,  2.07623323e+02, -3.71473186e+01,  1.71582390e+02,    -2.56192663e+01,  6.13953263e+01,  2.39506000e+02, -8.85415122e+02,     4.72493867e+02,  1.11968172e+02, -5.32624848e+01, -2.93582170e+02,     9.77013994e+01, -1.59804113e+02,  3.82267694e+02,  3.21575596e+02,    -2.36498801e+02, -2.54541111e+02, -2.57979585e+02, -2.96070992e+02,     1.01948329e+02, -4.33331304e+02,  1.20733386e+02,  5.23361947e+02,     5.97778857e+02,  3.03671098e+02,  1.41160350e+02,  2.40893484e+02,     7.81239278e+02,  1.80761292e+02, -4.80332659e+02, -1.06818661e+02,    -2.06651380e+02,  5.30591149e+02, -6.52854249e+02, -5.43253632e+02,    -2.37964493e+02, -9.05085864e+01, -3.79400165e+02,  2.33629904e+02,     8.35419736e+01,  1.14935780e+02, -3.35603277e+02, -3.03672465e+02,    -4.90989024e+02,  3.23205930e+02, -2.85243376e+02,  2.30544228e+02,    -5.76328920e+01, -2.54307949e+02, -5.05169598e+02, -1.48936677e+02,    -9.85157329e+01, -1.38742961e+02,  3.43330043e+02,  6.18769229e+02,    -3.69593133e+02, -6.97363144e+02, -1.72464927e+02,  9.64648137e+02,    -4.96828810e+02,  2.86373464e+02, -9.25378897e+01, -5.40576445e+02,     2.11678611e+02,  3.30156725e+02, -1.50468873e+02,  3.03059865e+02,    -2.31314230e+02, -4.50432319e+02,  7.77689073e+02,  4.02278283e+02,     2.68302983e+02,  1.26472262e+02,  2.13202138e+02,  7.09205231e+02,    -2.17686894e+02,  5.01221502e+01, -1.20097988e+03,  1.60115928e+02,    -5.91366026e+02,  1.26527570e+02,  1.88144700e+02, -2.98081952e+02,    -4.64456402e+02,  5.20280340e+01, -2.55175768e+02,  3.10546845e+02,    -4.40275539e+02, -2.35580167e+01, -3.09098696e+02, -3.66542367e+01,    -2.61361450e+01,  1.48531424e+02,  9.77987212e+00, -5.30554805e+01,     5.28702847e+02,  7.94159410e+02,  4.14850775e+02,  6.75059193e+02,    -1.05870879e+02,  1.15608955e+02,  4.78298910e+02, -7.47026758e+01,    -6.66023045e+02, -3.28605711e+02, -4.36494355e+02, -2.50517356e+02,     2.41973662e+02, -1.02477339e+03, -1.64711966e+02,  3.74646965e+02,    -3.17888505e+02, -3.15320378e+02,  4.71560227e+02,  3.83577437e+02,    -2.99460143e+02,  1.71566123e+02, -2.14026424e+02,  3.03371199e+02,     3.51203066e+01,  1.32183678e+02, -7.54866914e+02, -4.22762847e+02,    -6.91113102e+01,  1.58525298e+00, -3.38710265e+02,  9.26140868e+02,    -1.90327663e+02, -2.90691662e+02,  3.26197588e+02, -4.15535432e+02,    -2.84384862e+02,  2.66831620e+02,  9.49507950e+01,  1.14213076e+02,     1.05750598e+02, -9.65493846e+01,  1.66793332e+02,  5.06096500e+02,    -2.56112368e+02,  1.51319634e+02,  7.90589717e+02,  2.89294679e+02,    -7.51365580e+01, -1.66634941e+02,  1.33845321e+03, -1.53461238e+02,     3.08237672e+02,  1.91154390e+02,  2.96903876e+02,  7.72705987e+02,     4.31119008e+02, -2.60411440e+01,  1.96728048e+02,  4.10220689e+02,     3.37960184e+02, -4.85669632e+02,  8.12575133e+02, -7.25760903e+02,    -1.51060915e+02,  4.98477091e+02,  7.55634040e+01,  5.73427009e+01,     2.71556921e+02,  2.09929644e+02,  3.11397824e+02, -5.53226865e+02,     4.23199907e+01, -2.36469161e+02, -9.26718830e+01, -2.88224044e+01,    -7.77294910e+01, -4.86831303e+01,  7.12877907e+02, -7.36669886e+01,    -2.41417579e+02, -2.03556222e+01,  1.01242268e+02, -5.12090789e+02,    -3.91879829e+02, -3.15644551e+02, -5.46792525e+02, -1.42564008e+02,    -3.60129895e+02,  1.69355401e+02, -8.56595660e+00, -9.35617055e+01,    -7.43264745e+01,  5.60260118e+01, -1.71577495e+02,  5.81604332e+02,    -7.15572585e+02, -1.39585951e+02, -1.36208746e+02,  1.46625745e+02,     1.60573000e+02, -4.02296151e+02, -1.55151076e+02,  3.64807866e+02,    -1.93638178e+02,  1.36910404e+02,  3.21191396e+02, -3.49409984e+01,     9.82272426e+02, -1.74533602e+02, -2.79666173e+02,  5.54776681e+01,    -1.97904658e+02,  4.62619200e+02, -3.15369588e+02,  7.34370081e+01,     5.41168727e+02, -1.15462574e+02,  1.04414014e+03,  1.11638018e+03,    -5.71761824e+02,  5.03726430e+02,  1.46545192e+02, -4.66133867e+02,     1.51756877e+02,  3.16874847e+02,  3.33521892e+02,  2.19404679e+01,     1.01919014e+02,  6.20940889e+02, -1.99468155e+02,  1.40248587e+02,     6.61785947e+02, -3.25634427e+02, -1.33465042e+02,  4.53918536e+02,     2.34308967e+02,  6.61039693e+02,  2.26455369e+02,  6.04795406e+01,     2.27407552e+02,  3.38746802e+02, -4.22750756e+02,  3.07680526e+01,     1.62083788e+02,  1.06822168e+02,  1.90864142e+02, -5.10654789e+02,     2.95710867e+02, -3.85829761e+02, -2.73770634e+02,  1.52134431e+02,    -1.21474186e+02,  4.75396622e+02, -2.06977634e+02,  2.51395196e+02,     2.80449121e+02,  6.90636766e+02,  4.82236466e+02,  4.14738085e+02,    -7.50300183e+01, -5.93619365e+01, -2.75378671e+02,  6.66731111e+02,     6.83901359e+02,  3.25677439e+02, -2.01273427e+02,  4.36164439e+02,    -7.57385635e+01,  1.83647243e+02,  5.43035607e+02,  5.06592965e+00,    -6.85895661e+01, -2.12303166e+02, -4.64315839e+02,  8.41007127e+02,     3.93839421e+02, -4.87515747e+02, -1.35475922e+02,  2.42375576e+02,    -9.27082169e+01,  5.42460988e+02,  1.05561807e+02,  6.90521239e+02,     2.68995853e+02, -2.43978195e+02,  2.12073641e+02, -3.68876671e+01,    -2.74162572e+02,  1.44126420e+02,  1.60151056e+02,  7.88016503e+02,     6.93243004e+02,  4.57325651e+02,  6.03034767e+02,  6.27964822e+01,    -2.37006993e+02,  1.33914290e+02, -2.88960446e+02, -4.42260613e+02,    -5.03314764e+02, -2.37472182e+02, -9.35810629e+02, -2.70461818e+02,    -7.43226251e+02,  1.86089307e+02, -4.00403875e+02,  3.57110461e+02,    -8.31618770e+02, -2.78631184e+02,  4.25262549e+02,  1.94256712e+02,    -7.48209196e+02,  5.36057661e+02, -2.11412100e+02,  4.53872091e+02,    -2.23841211e+02, -6.85919997e+02,  1.07223837e+02, -5.54033372e+02,    -1.15214058e+02,  1.56027388e+00,  3.69208049e+02,  1.08468920e+03,    -3.93381286e+02, -3.02881215e+02, -2.91589715e+00, -1.22110233e+02,    -7.02727890e+02, -4.83195594e+02,  4.29168051e+02, -2.18611368e+02,     1.46420689e+02, -4.22412059e+02, -1.29412460e+02, -3.47272519e+02,     4.62169186e+02,  1.31351833e+02, -1.94566124e+02, -1.17774065e+02,     8.89822626e+01, -7.40363952e+01,  3.77925278e+02, -2.17474080e+02,     4.64938841e+01,  2.97987930e+02,  1.50609175e+02, -1.53987581e+02,     1.34053592e+03,  4.72010949e+02,  3.13099317e+01,  8.84344810e+01,    -5.35866285e+02,  2.67449626e+02, -6.49819658e+02, -2.23621740e+02,    -4.78088175e+02, -1.64532768e+02,  4.80636460e+02, -4.89529308e+02,     1.60103096e+02, -2.42612900e+01,  2.70500956e+01, -3.21330560e+02,    -3.85213150e+02, -3.74809313e+00, -3.68067518e+02, -1.92269330e+02,    -3.55328061e+02, -8.89984107e+01, -3.10046289e+02, -4.45156580e+02,     1.96401029e+02, -1.49174170e+02,  1.82658403e+02,  8.81124638e+01,    -6.36979365e+02, -4.73241408e+02, -3.45660993e+02,  3.09378104e+02,    -9.31110043e+00, -5.48410490e+02,  5.03247042e+02, -3.45579338e+02,     4.74911644e+02, -2.61379810e+02, -4.22216974e+02,  2.28892273e+02,    -5.88428278e+02, -3.36043417e+02,  5.51070070e+02,  1.57284015e+02,    -3.51796109e+02,  4.56788150e+02, -1.49061341e+02, -3.27667810e+02,    -2.66477269e+02, -4.21016026e+02,  2.04737465e+02, -7.84135022e+02,    -7.20524706e+02, -8.26222600e+01, -2.59270334e+02, -4.78223415e+02,     6.24659107e+02,  1.14358923e+03, -2.84191360e+02, -2.67041808e+01,    -5.47382553e+02,  5.69956327e+02,  1.62197655e+02, -1.71379495e+02,    -3.32269320e+02,  1.45381915e+02, -5.26573933e+02, -1.73707957e+02,    -7.68834364e+02,  3.04138819e+02,  1.12927564e+02,  3.02832171e+00,    -5.97114459e+01, -2.99439481e+02, -7.73305578e+01,  1.10832563e+03,    -1.63750611e+02, -4.01625395e+02, -5.86465140e+02,  1.13503141e+02,    -3.11458713e+02,  7.77780130e+01,  2.54739214e+02,  5.71381499e+01,     2.45930341e+02,  1.06170214e+02,  5.15146616e+02,  2.64600830e+02,    -2.93703809e+02,  3.68653856e+02,  3.00312926e+02,  9.69433743e+01,     3.86265305e+02, -2.13909165e+02,  6.29699799e+02,  1.60874331e+02,    -2.62338539e+02, -5.12732786e+01, -1.65240158e+02,  2.05480213e+02,    -2.27848587e+02, -2.77374376e+01, -9.58029687e+01,  7.16699945e+02,     4.65370792e+02, -5.84191763e+02, -3.73255581e+01, -4.66184053e+02,    -1.50009940e+02, -1.96772380e+02,  6.62191742e+01, -1.25709549e+01,    -2.25877938e+02,  1.09525106e+02, -6.17776531e+01, -9.14621248e+01,     7.50386118e+02,  1.56089849e+02, -7.01295214e+02, -3.81984607e+02,     7.99355986e+02,  2.37268486e+02, -7.34176443e+01,  9.23372244e+02,    -1.59988931e+02, -9.63284515e+01, -5.19130659e+01,  1.18490063e+02,     2.47382068e+02,  3.45581349e+01,  2.32871271e+02, -1.34846341e+02,    -2.71839173e+02, -3.74128442e+02, -4.16964131e+02,  3.87387142e+02,     1.09798638e+02,  3.28452067e+02,  1.20803515e+02,  7.66828815e+02,     1.52479558e+02, -7.06871294e+02, -2.96567605e+02,  8.44752572e+01,    -2.40561999e+02,  5.38279097e+02, -1.12143792e+02,  1.58968653e+02,     4.33025693e+02, -6.38252841e+02,  1.28676772e+03,  1.67304131e+02,     2.04640444e+02,  3.04470223e+02,  7.07874627e+01, -5.90766541e+00,     3.11713800e+02, -3.08419303e+02,  7.09401682e+02,  6.11912491e+02,    -3.59061940e+02,  1.31453112e+02,  6.02983447e+02, -1.87236229e+02,     1.37797349e+02,  3.68059561e+02,  3.69129606e+02, -6.79433019e+02,    -1.18558010e+02, -3.02870769e+02, -2.99599006e+01, -3.71615823e+01,    -1.97626008e+01, -1.40643171e+02, -2.56208671e+02,  7.32510492e+01,     8.76655624e+01,  4.63317048e+02, -3.65998644e+02,  3.36135937e+02,     3.89208238e+02, -1.43961806e+02,  7.65014957e+02, -5.90488375e+02,    -9.11450974e+02, -5.68905842e+01, -7.32205871e+01, -2.52047029e-01,     6.81389024e+02, -6.23277888e+01,  3.51663691e+02,  4.18233080e+02,     3.27710067e+02, -8.96372134e+01,  5.45614663e+02, -1.37598558e+02,    -2.82549933e+02, -3.99650510e+02,  4.75935412e+01,  3.33538641e+02,    -4.31865071e+01,  3.30316689e+02, -2.43092820e+01,  5.50583478e+02,     1.72593190e+02,  7.56673121e+01, -4.55383689e+01,  2.92573328e+02,     3.26063184e+02,  1.71141329e+02, -6.84681954e+00, -4.63760090e+02,     2.60013543e+02,  1.71288052e+02,  3.19225536e+02,  2.68543731e+02,     3.04175018e+02, -5.06234407e+01,  2.36684029e+02, -2.12040366e+02,    -1.08175696e+01, -4.80109250e+02, -2.68784515e+02,  3.39533572e+02,    -7.82527671e+02,  2.53055574e+02,  1.46699070e+02,  7.16200479e+02,    -2.22024918e+02,  2.64525476e+02, -9.92135528e+01, -4.17426347e+02,    -6.19742183e+02, -7.17992656e+01, -7.61160267e+02,  1.36752375e+02,    -1.79749002e+02,  2.58457557e+02,  1.76037949e+02, -2.23180887e+02,    -2.18819443e+02,  3.34191153e+02, -5.17413129e+02, -1.06386890e+02,    -1.78660338e+02,  2.04373326e+02, -4.26194234e+01,  4.88678113e+01,    -1.85573183e+02,  4.90291688e+02, -4.13410414e+02,  8.46771584e+01,     5.20541476e+02, -2.97394088e+02,  1.68288604e+01, -2.99431051e+01,    -5.92801353e+02, -3.99387742e+02, -6.79948325e+01,  2.28847793e+02,     2.76563144e+02,  4.22118685e+01, -7.06114988e+01,  1.90562819e+02,    -3.88669897e+02, -6.17160967e-02, -4.35391803e+02, -2.34955115e+02,     4.06829064e+02, -2.53873104e+02,  5.55757169e+02, -1.84408142e+02,     3.04012312e+02,  2.21071621e+02, -5.36576197e+02, -2.45973499e+02,     7.18601553e+01, -3.43538462e+02, -3.03945811e+02, -7.46941488e+02,    -4.81501395e+02, -4.51510306e+02, -3.72122088e+02,  2.01105580e+01,     1.15631026e+02,  1.06832269e+01,  1.81293507e+02, -4.92704710e+02,     1.26415036e+02,  1.81473536e+02, -5.74002826e+02, -5.53972825e+02,    -3.53796860e+02, -2.04149883e+02,  1.68064213e+02,  6.54276263e+00,    -3.83793573e+02,  3.06051268e+02, -1.72441372e+02,  4.31341553e+02,    -7.69575728e+02,  5.20405719e+02, -3.26898357e+01, -3.19114458e+02,    -2.26398543e+02,  2.65653161e+01,  3.68276797e+02, -6.50467535e+02,    -1.21296476e+02, -1.76709888e+02,  4.21650390e+02,  7.22954555e+02,    -8.38549421e+02,  8.05876581e+02,  3.91763913e+02, -6.43996256e+02,    -3.03870065e+02,  6.58592775e+02,  5.19589693e+02, -1.57383185e+02,    -3.16685627e+01,  9.36889766e+01,  6.13312926e+02, -4.57761597e+02,     1.40958050e+02, -6.56113002e+01,  2.62223452e+02, -6.38468194e+02,    -6.44044498e+01, -2.89633659e+02,  4.08331169e+02,  3.67492839e+02,    -7.40313836e+02, -4.27840681e+02, -1.95667677e+02, -3.36307966e+02,    -1.26303484e+02, -1.98823769e+02,  3.70299013e+02,  3.59617154e+02,    -5.11674022e+01, -3.97998557e+02, -7.20717910e+02,  3.75724396e+02,    -4.37098802e+02, -2.72843243e+02,  4.20594705e+01, -2.98277362e+02,    -3.59387310e+02, -2.25149191e+02, -3.68182164e+02, -2.31409619e+02,    -4.40997595e+02,  5.03548122e+02,  5.58208353e+02, -2.98473781e+01,    -2.06119226e+02, -1.32508717e+01,  3.68683306e+02, -7.62503167e+02,    -1.82643829e+02,  4.30219135e+02,  5.81166616e+02, -1.57209227e+02,     9.98791773e+01,  4.74768452e+02,  1.34877210e+02, -5.44846704e+01,    -3.82145500e+02,  1.94181370e+02, -3.10348648e+02, -1.38646324e+02,    -1.66833790e+02, -1.61006361e+02,  1.71663794e+02,  6.74579704e+02,     4.88485715e+00,  3.39481017e+01, -7.85956302e+02, -1.52987680e+02,    -3.27513339e+02,  3.98151329e+01, -3.64345845e+02,  6.82206755e+02,     7.05253949e+02,  1.28359238e+02, -1.31819256e+02,  1.24638776e+02,     2.19205282e+02, -4.13366079e+02, -6.64127694e+01,  1.23702974e+02,     1.19564438e+02,  4.90944612e+02,  3.89788326e+02, -1.82044190e+02,     2.44594765e+02, -8.38552388e+02, -3.78819034e+01,  7.38829318e+02,     8.49543380e+01, -7.77625836e+00,  2.88743450e+02, -2.48874986e+02,     8.02444448e+02, -1.09161285e+02,  7.35082874e+02,  3.21159330e+02,    -3.34114028e+02,  2.65703794e+02, -2.65336704e+02, -5.96352445e+02,    -3.51375999e+01, -4.90337624e+02, -4.63235667e+02, -4.45828320e+01,     2.80919299e+02, -5.06590257e+01, -2.90666935e+02,  6.58331092e+01,    -6.29624530e+02, -7.94937966e+01, -7.17796262e+02,  4.52936712e+02,    -1.27223818e+01, -4.45933180e+02, -1.65400729e+02,  1.49220887e+02,    -2.80304598e+02, -4.08921634e+02,  7.83421662e+02, -1.95619289e+02,    -3.83756418e+02,  2.19816743e+02, -1.05368293e+02,  4.46033046e+02,    -1.68251056e+01,  7.22529715e+01,  8.86076973e+02, -1.53945386e+02,    -3.04920278e+02, -3.29684158e+02, -4.61114435e+02, -2.86870980e+02,     2.48219946e+02,  1.84806542e+02,  1.86471401e+02,  6.49954914e+02,     2.04985272e+01,  1.46912965e+02, -5.75798084e+02,  2.18322387e+01,    -2.01611107e+02, -2.31696180e+02,  1.18529473e+01,  3.06693072e+02,     3.33389631e+02,  6.16123129e+00,  8.07294582e+01,  2.56191737e+02,     3.24246591e+02, -2.08034794e+02, -1.13473350e+02,  1.46401027e+01,    -2.04241698e+02, -6.82745331e+01, -2.40215589e+02,  6.59362954e+02,     5.63897117e+02, -1.10286060e+02,  1.07191042e+02, -2.13310747e+01,    -2.10231513e+02,  2.93287255e+02, -7.57758507e+01,  3.39715959e+02,    -4.67402503e+02,  1.63379838e+02, -9.51035438e+01, -4.73429282e+02,    -2.17746365e+02,  2.36731041e+02, -7.50015708e+02,  3.67895129e+02,     4.29167263e+02, -6.34624283e+01, -4.38693983e+01, -2.71208717e+01,     2.13952147e+02, -2.85369392e+02,  3.16812346e+02,  2.49159721e+02,    -9.07339065e+02, -2.87834332e+02,  1.97501751e+02, -8.16645086e+01,     3.37492663e+02, -5.38320994e+02, -4.24017635e+00, -3.60484082e+02,    -1.08070896e+03,  6.54661407e+02, -5.20290694e+02, -5.04104394e+02,     7.67344276e+01,  1.11998495e+03,  6.39515833e-01, -1.91708378e+02,    -1.81581812e+01, -6.22631901e+01, -7.72146143e+02, -5.40137599e+02,     6.81170691e+02, -4.57529931e+01, -3.43774810e+02,  4.38166998e+02,    -3.00827824e+02,  3.45686246e+02,  4.72886326e+02, -5.36208839e+02,    -2.26541008e+02, -3.00752156e+02, -1.31127065e+02, -1.69926532e+02,    -6.16068048e+01,  1.19806176e+02, -2.94002706e+02,  2.59178848e+02,     5.20379316e+02, -1.38406944e+02, -1.55680184e+02,  1.20679115e+02,     4.99431192e+02,  4.26717432e+02,  3.37274012e+01, -1.70426635e+01,    -4.92799017e+01, -4.45108332e+02,  3.31157831e+02, -2.10773517e+02,     1.74612412e+02, -1.35360014e+02,  2.52258524e+02,  1.53224474e+02,    -6.89918002e+02, -2.41351464e+02, -6.88599658e+02, -2.85649543e+02,     6.59355215e+01, -1.50642115e+02,  2.61659848e+02, -2.51556913e+02,     1.61540907e+01,  9.11286909e+01,  6.49299075e+02,  3.27315376e+02,    -2.38812054e+02,  1.75805085e+01,  9.89186892e+01,  3.47049238e+02,    -4.68773723e+00,  4.42999178e+02,  2.12976081e+02,  7.77800480e+02,     2.19758648e+01,  5.95540454e+02, -2.27571752e+02, -3.36409701e+02,     7.08045346e+01,  6.77877941e+01,  2.64545986e+02, -5.93538508e+01,    -1.38168906e+02,  2.25527845e+02, -4.00929942e+02, -4.53824294e+02,     6.70607942e+02, -5.02597905e+01, -3.73039818e+02, -4.72843377e+00,    -1.22975828e+02,  3.08094178e+02,  2.88661539e+02, -1.69682936e+02,     9.21667932e+00, -2.35988435e+02, -2.85754155e+02, -2.49365696e+02,    -8.35912533e+02, -2.79443890e+01, -5.63223945e+02, -4.81111010e+02,    -3.42872418e+02,  1.53555086e+02, -3.28046508e+02,  1.92206822e+02,    -4.94558914e+02,  9.99091775e+00, -3.55757188e+02,  6.47504193e+01,     1.03020969e+02,  2.55375420e+02, -1.71724289e+02, -1.30334363e+02,     2.28497681e+02,  5.25287925e+02,  2.84775590e+02,  6.66377528e+01,    -5.96223199e+02, -1.21011572e+02, -2.67909796e+02, -5.29911695e+02,     3.60442417e+02, -3.01084138e+02, -3.86791259e+01, -2.01675562e+02,    -8.84922316e+02,  4.37287340e+02, -1.46752329e+02,  3.58697163e+02,    -6.07087990e+02,  5.72596806e+02,  3.82962613e+01, -2.71398733e+02,     4.05768045e+01, -2.02215093e+02, -5.94722934e+02,  1.24279777e+02,     2.47840610e+02,  2.74823988e+01, -3.16164242e+02, -1.14613268e+02,     1.43705263e+02,  2.56604476e+02,  5.60005182e+02,  2.20541616e+02,    -2.05593978e+02,  7.73645386e+02,  2.50025931e+02,  3.42714359e+02,    -1.46603724e+02,  2.33719248e+02,  1.53177157e+02, -5.38087546e+02,    -1.64012594e+02, -3.44543248e+02, -2.75081406e+02, -9.14314149e+01,    -1.51905456e+02, -3.27014011e+02, -9.91813565e+02, -2.65497044e+02,     1.34352430e+02,  8.93437670e+01,  8.26814234e+01,  4.30519783e+02,     1.61641683e+02,  2.79022012e+02, -3.70955534e+02,  4.02045690e+02,    -4.29492530e+02, -6.65591930e+02,  1.69248989e+02, -3.52770853e+02,    -3.66267496e+02, -1.37602622e+03, -1.03349644e+02,  6.98337165e+02,     4.05925122e+02, -8.80314907e+01, -1.04761741e+02,  2.60519874e+02,     5.94612903e+02, -3.52012396e+02, -8.49031416e+01, -2.78534268e+02,    -3.11507533e+02, -2.97389059e+02,  1.38803246e+02,  6.23468501e+02,    -5.75312336e+02, -4.63615723e+02,  2.14379267e+01, -7.62862301e+01,    -1.25077145e+02, -8.10603793e+02,  4.94745094e+02,  2.17782418e+02,     7.86106304e+01,  4.22558346e+02, -2.64686045e+02,  2.59445404e+02,     2.36509043e+02,  4.72768781e+01, -4.20706245e+01,  1.06213968e+02,    -1.42360338e+02,  4.10528666e+02, -3.79727599e+02,  3.67578027e+02,     8.23787172e+01,  9.91323947e+01,  2.03434169e+02, -7.50882116e+02,     5.63797112e+01, -5.59832132e+02, -4.41249741e+02, -4.28318301e+02,    -3.93799263e+02,  1.04456376e+01,  1.14503037e+02,  4.20695112e+02,     8.35362210e+01,  1.20768331e+02, -6.19285705e+02, -2.19154253e+02,     2.87473685e+02,  1.07317562e+01,  1.52840159e+01, -7.23789964e+01,     3.19137858e+02, -7.95801216e+02,  9.19001273e+01,  2.04476680e+02,     3.95984121e+02,  3.39971188e+02, -4.95365746e+02,  6.86727711e+01,     3.78317756e+01,  4.10627241e+01,  1.75727841e+01, -1.69624397e+02,    -2.77499896e+02,  1.38100802e+02,  5.43823477e+02, -7.53799554e+01,     8.53434319e+01,  1.54243677e+02, -2.18103841e+02, -2.15610290e+02,    -1.01073108e+03, -3.36114594e+02, -4.46035567e+02, -6.52846713e+01,    -5.55242663e+02,  6.54072278e+02, -2.57447779e+02, -4.60373610e+02,    -1.36314506e+03,  5.72065793e+02,  1.20315324e+02, -1.16430035e+01,    -5.35006863e+02,  9.17229222e+01, -1.50706934e+02, -2.83577751e+02,     1.01228113e+02,  2.78969274e+02,  6.89813774e+01, -1.52355059e+02,    -2.68703205e+01,  8.22028635e+00,  1.64128121e+02, -5.32690516e+02,     6.10217408e+02, -3.64610344e+02, -2.35651989e+02, -3.69188746e+02,    -8.49166136e+02,  8.19530604e+01, -4.16965857e+02, -1.90991691e+02,     2.95595655e+02, -2.11684656e+02,  1.86510499e+00, -8.77469647e+01,    -2.22253682e+02,  1.48905158e+01,  4.63258339e+02, -4.52494505e+02,     8.05709202e+02, -1.72973182e+02,  2.94860228e+02, -7.03761307e+01,     1.30352166e+02, -1.01180738e+02,  4.06834801e+02,  5.45443456e+02,     1.73496905e+02,  4.77094978e+02, -3.36706233e+02, -2.83694271e+01,    -1.98834631e+02,  5.91683095e+02,  5.00989013e+02,  3.83345491e+02,    -1.31432755e+02, -2.63049606e+02,  2.33292780e+02, -2.24664154e+02,    -1.19693118e+02, -6.30085662e+01, -2.29132211e+02,  4.45651913e+02,    -5.10512534e+01,  3.43066587e+02,  1.23722270e+02,  1.47216816e+02,    -2.96858075e+02,  2.79728630e+02, -1.56174286e+02, -1.12875651e+02,    -2.61112637e+01, -4.41486735e+02,  6.66619142e+02, -2.45731993e+02,    -3.40198146e+01,  1.75063225e+02,  1.49062349e+02,  6.16325332e+02,    -1.46678003e+02,  6.67189854e+02,  6.07211594e+02, -8.45765848e+02,     7.51147211e+01, -1.76670494e+02,  1.25767946e+02,  7.40044092e+01,     1.54453242e+02,  5.25486172e+02,  8.07529087e+02, -6.81389952e+02,     6.65795397e+02, -8.05170854e+02, -6.71104203e+02, -1.08335160e+02,    -8.32239226e+00,  6.14873860e+02,  3.33505173e+02, -1.56577323e+02,    -8.05062235e+02,  6.12470325e+02, -3.91854243e+02, -6.52973942e+00,    -4.29523993e+01,  1.08145858e+03, -2.45902345e+02, -9.15884549e+02,     2.69661237e+02, -1.40895247e+03,  9.74073278e+01, -3.11117469e+02,    -1.57456789e+02, -2.36982795e+02, -5.09605358e+02,  3.54787594e+02,    -3.14312518e+02, -8.21835975e+01, -6.80485840e+02, -5.82587969e+01,    -4.18354714e+02, -6.46732502e+02, -1.06251210e+03,  8.72256570e+01,    -2.81236820e+02, -5.08213456e+00, -1.17184515e+02, -6.89311657e+02,    -5.50448485e+02, -4.60267135e+02, -4.63824398e+02,  4.76581852e+02,     8.05019511e+01, -4.15762587e+02, -1.58481552e+02, -1.95786971e+02,     3.23831207e+02, -2.89924840e+02, -1.04706984e+02, -1.96068141e+02,    -3.12816235e+02, -3.26463375e+02,  3.33551148e+02, -1.50390655e+02,    -7.91579163e+02,  6.69505200e+02,  4.07372431e+02,  5.16457666e+01,    -6.30131220e+02, -6.57298224e+02,  9.50277697e+01,  1.14735780e+01,    -2.61912602e+02, -4.22400548e+02,  3.07193650e+02, -6.87434415e+01,     2.38637502e+02,  4.28039246e+02,  2.93620761e+02,  3.04634935e+02,     2.21329039e+02, -1.77955950e+02, -1.09083638e+02, -1.90223333e+02,    -3.03265337e+02, -3.98413877e+02, -5.61937864e+02, -3.39049772e+02,    -6.98873119e+01, -6.89864890e+02, -7.77096591e+01,  2.83729572e+02,    -6.25808050e+02,  2.17415209e+02,  1.89760687e+02, -6.11308893e+02,    -4.93193417e+02, -1.37548511e+02,  1.82056395e+02, -3.43603477e+02,     6.09282743e+02,  5.46938824e+02, -6.50603149e+02,  4.36041057e+02,     3.07268581e+02,  6.61178650e+01,  2.16880269e+02, -3.70404852e+02,    -1.24711375e+02,  4.87987795e+01,  1.54442688e+02,  3.91883491e+02,    -4.41057241e+02, -4.00969471e+01,  1.52527616e+02, -1.18672412e+01,    -2.32403139e+02,  1.70529799e+02, -2.30567861e+02, -1.74725136e+02,     3.06280317e+01, -5.19852647e+02,  3.00170457e+01, -1.99380799e+02,    -1.10708962e+02,  9.36180510e+00, -4.91538186e+02,  4.90510803e+02,    -2.32108413e+02, -1.12411641e+03, -7.33556503e+02,  3.38344644e+02,    -3.10074785e+02, -1.50494869e+02, -2.52648097e+02, -1.44577600e+02,    -8.68721741e+02, -9.34505615e+01, -5.54067827e+02, -2.90030927e+02,     2.22116457e+02,  6.45319668e+02, -2.43959312e+00, -2.49679383e+01,     5.06265720e+02, -4.40439619e+02,  3.08048243e+02,  7.87316970e+01,    -3.63215451e+02, -1.59178868e+02,  2.13074280e+02,  1.60287349e+01,     8.61649966e+01,  9.88227082e+01, -2.04777004e+02, -2.40508379e+02,    -4.55442390e+02,  4.35142501e+02, -5.51069562e+02, -4.04484124e+02,     8.40249396e+01, -7.74421703e+02,  1.67655916e+02,  5.42790417e+02,    -4.33743875e+01,  6.27083698e+01, -2.16143721e+02, -1.76634888e+02,     8.96500515e+01,  3.25271500e+02, -3.49370930e+02,  2.65239344e+02,    -9.47583844e+01, -3.09674782e+01,  2.31851221e+02,  1.63849822e+02,    -7.85842520e+01, -2.40945982e+00,  2.09678037e+02,  2.41728893e+02,    -6.20529813e+02,  5.29472008e+01,  4.67005480e+02, -8.39174322e+02,     2.81126991e+02, -1.03154823e+03, -8.14558424e+01, -1.28216899e+02,    -6.97314078e+01, -7.84874360e+01, -2.24791549e+02, -3.37203272e+01,     1.41675293e+02, -2.09604782e+02,  1.21711743e+02,  7.51307007e+02,    -5.54129937e+02, -2.30832711e+02,  3.16334467e+02,  2.12563326e+02,     3.58581478e+02,  1.42979804e+02,  2.42489291e+02, -1.60072997e+02,    -4.23537172e+02, -3.68097302e+02, -1.83412992e+02,  8.52609340e+00,    -3.62422570e+02, -1.31210537e+02,  5.73111827e+01,  2.01146008e+02,    -8.59547722e+01,  4.86587160e+02, -4.42572184e+02, -4.35513153e+01,    -2.45197791e+01,  2.42651929e+02, -3.51876269e+02, -2.21544661e+02,     2.34204836e+02,  4.29995857e+02,  6.05409846e+02,  3.02644549e+02,     3.58047587e+02, -2.56246279e+02,  5.39004422e+02,  5.83914135e+02,    -5.30595607e+01,  3.37727097e+02,  3.28710250e+02, -2.18646838e+02,     1.68907558e+01,  5.30165871e+02, -2.38835173e+02, -1.05402087e+02,    -5.23949713e+02,  2.31151642e+02, -6.64739041e+01,  1.54179308e+02,     8.15608462e+01, -3.60455523e+02,  3.96342394e+02,  3.51604340e+02,    -2.06240292e+02,  1.59154655e+02, -4.95843850e+02, -4.45982176e+02,     2.03541855e+02, -5.96687047e+02, -2.34138584e+02,  8.27880703e+01,     6.99174187e+02, -2.09332705e+02, -8.99969771e+01, -1.29037573e+02,     9.89710864e+02,  1.24794399e+02, -3.74923227e+02,  5.91563723e+02,     5.44019948e+02,  2.61437330e+02,  6.31712254e+02,  7.00385146e+02,    -8.94107457e+01, -2.58281406e+02, -2.79177697e+02,  2.32089266e+02,     3.25547061e+02, -4.33445380e+01, -1.79917357e+02, -5.31291382e+02,    -2.58685334e+02, -3.81775543e+02,  2.55333554e+02,  1.29991131e+02,     5.40926750e+02,  5.03135129e+01, -2.14853622e+02, -6.74389825e+01,     3.45833828e+02,  1.11515043e+02,  4.41636643e+02,  4.94598131e+02,    -1.18088257e+02, -7.85626358e+01, -8.36232189e+02,  4.59520911e+02,    -4.43920990e+01,  4.34128916e+02, -1.59265145e+02, -5.05936380e+02,     1.70335261e+02,  5.98688882e+02, -2.12809236e+02,  5.88381773e+02,    -6.22811298e+02, -1.94012010e+02, -6.74029757e+02,  1.89061681e+02,     9.70994517e+01,  9.86200245e+00, -5.15186338e+02,  7.54688311e+02,     4.53862372e+02,  6.85617833e+01, -3.97015782e+02,  1.88006800e+02,    -2.32947369e+02, -7.63997374e+01, -1.88559206e+02,  1.78861731e+02,    -8.76684703e+01, -1.75483498e+02,  1.66074663e+02,  2.26128527e+02,    -7.34686234e+02,  1.66246251e+02,  5.75825978e+02,  3.60122768e+02,    -1.13701191e+02,  2.88088189e+01, -3.09159367e+02,  5.07588804e+02,     1.49395411e+02, -5.68153617e+01, -5.84420384e+01,  9.36678714e+02,     3.50850707e+00,  2.66124266e+02,  6.22004571e+02,  8.39200922e+02,     5.48226126e+02,  3.62918208e+02, -5.46421756e+02, -3.72937193e+02,     2.97801713e+02,  1.54860896e+01,  2.76895005e+02,  1.57247911e+02,     5.05221907e+02, -6.66075392e+02, -4.20485679e+02, -5.62273718e+01,    -7.42946291e+02,  1.67801310e+02,  3.40408650e+02,  1.16436701e+02,    -1.94510185e+02,  2.02198126e+02,  1.21855757e+03,  2.24728151e+02,     1.31487835e+02, -4.19903837e+02, -5.66234358e+02, -1.33865134e+02,     2.67484162e+02, -4.60344696e+01,  1.82171596e+02,  3.01217325e+02,    -5.13815017e+02,  2.14743407e+02,  4.44543798e+02,  5.02501328e+02,    -4.79003409e+01,  1.06206175e+01, -7.91957083e+01, -4.32534429e+02,    -5.71833006e+02,  7.15311942e+02, -5.86024876e+01, -5.08253312e+02,     1.92691432e+01, -1.98464159e+02,  7.83342274e+02, -2.04441960e+02,    -2.95646735e+02,  2.68524699e+02, -1.26456496e+02,  3.73445266e+02,    -4.62530401e+01,  8.61615477e+02,  4.31475975e+02, -7.81297726e+00,    -3.10586365e+02,  2.14570633e+02, -4.76131021e+02, -9.80945774e+01,     5.22641762e+02, -2.40481300e+02, -4.03744612e+02, -1.89806755e+02,     4.44278659e+02,  1.24848525e+02, -7.12018274e+02,  2.64301817e+02,     1.28550494e+02,  6.05162422e+01, -4.37335903e+02,  1.63628859e+01,     3.01306488e+02,  4.37918063e+02,  5.49849310e+02,  2.26173520e+02,     3.60505466e+01, -4.36138485e+02, -4.08674701e+02, -6.36362552e+02,    -8.11464026e+01,  2.71785644e+02, -2.09182897e+01,  4.58233682e+02,    -2.72828095e+02,  1.55508202e+02, -1.05386080e+02, -2.55745944e+02,     5.08715998e+02,  6.50175540e+01,  5.27649577e+02,  2.78471010e+01,     2.12567207e+02, -1.68719992e+02,  5.36954951e+02, -1.05454197e+02,    -3.17037882e+00, -6.70502182e+02, -9.18186912e+01,  6.24194691e+02,     5.71034041e+02,  2.25980595e+02, -1.28959375e+02,  3.21605798e+01,    -1.52873225e+02, -5.21310753e+01,  7.72031839e+02,  1.50029653e+01,    -2.05824645e+02, -9.46862164e+02, -4.62368944e+02, -3.23166499e+02,    -5.75558765e+02, -4.83577072e+02, -6.09724301e+02, -3.98743165e+02,    -3.23451428e+02, -4.11720488e+02,  4.08232819e+02, -2.15926055e+02,    -8.29130868e+02,  3.44548900e+02, -2.49825599e+02, -7.04513960e+02,     8.33166239e+02, -2.06714361e+02,  1.68396359e+02,  3.50136649e+02,     1.08102472e+01,  2.22469530e+02,  7.54643915e+00, -1.28406681e+01,    -1.17942770e+02, -6.24285929e+02,  9.17063839e+01, -1.11709476e+03,     5.62534607e+02, -3.75244126e+02, -1.18526282e+02, -1.51801053e+02,     9.34557286e+01, -1.60507505e+02,  2.46170888e+02, -4.62247079e+02,     3.26341422e+02,  3.38333120e+02,  1.31215563e+02,  8.48697876e+01,     1.71765172e+02,  6.47169473e+01,  2.59720858e+02, -8.27180245e+01,    -5.40710718e+02,  8.51615382e+01, -2.01308993e+02, -3.99056604e+01,     4.30000029e+02, -6.97358340e+02,  1.01486938e+01,  1.24246874e+01,     7.34424351e+01,  2.85494113e+02, -1.18205259e+02,  7.20456313e+02,     4.13293512e+02, -1.50126824e+02, -9.01877950e+01,  1.73702099e+01,     6.69481651e+02, -4.76754522e+02, -8.94550108e+02,  2.48937374e+02,    -1.04778321e+02, -1.09908755e+02,  1.45831584e+02,  6.73689085e+02,     4.09402794e+02, -1.51783818e+02, -4.34019320e+02, -5.24260433e+01,     2.52936703e+02, -1.14257456e+02, -6.39527210e+02, -2.60579715e+01,    -8.00256915e+02, -4.18836991e+02,  6.87067722e+02, -4.41998910e+02,    -5.75103163e+02, -4.48735930e+02, -3.05131582e+02,  2.89049316e+02,     7.11247128e+02, -4.50465317e+01,  2.35964689e+02, -1.55627298e+02,    -5.99553196e+02,  4.03959146e+02, -3.94347243e+02,  2.43313662e+02,     3.11664766e+02, -6.72579362e+01,  3.55369614e+02,  3.76210597e+02,     9.28951634e+02, -1.27901627e+02, -3.98557198e+02, -5.49491199e+02,    -1.30880385e+02, -2.28402405e+02,  8.72666408e+02, -3.81786610e+02,     8.68130069e+01,  6.23212828e+01, -2.23858035e+02, -7.01946494e+02,    -5.59092775e+01,  8.43095309e+02,  9.63727415e+01,  6.07902132e+01,    -4.62787128e+02, -5.20197039e+02, -8.53416472e+01,  4.15625149e+02,    -1.94980367e+02,  9.16712559e+02, -3.79547265e+02,  1.47741682e+02,    -1.75965790e+02, -5.87940938e+02,  2.73007833e+01, -4.40143120e+02,    -6.41670112e+02,  7.27299402e+01,  1.92582331e+01,  4.45523500e+02,     1.82963827e+02, -2.91999160e+02,  1.95327691e+02, -7.13779046e+02,    -4.54128492e+02,  7.82009931e+02,  1.10534000e+02, -1.18497689e+02,    -2.77397468e+02, -4.01597618e+01, -6.74747454e+01,  7.36978476e+02,     3.54047786e+02, -1.25249814e+02, -5.76054486e+01, -3.46892204e+02,    -1.74773540e+02, -5.78535904e+02,  4.15844750e+02,  6.51417269e+01,     1.16890653e+02,  1.31946653e+02, -4.92087279e+01, -1.58705989e+02,    -3.18004321e+00, -9.17834594e+02, -1.63733009e+02, -7.03299319e+01,    -7.80752447e+01,  4.71076439e+02,  5.45473373e+02,  1.38467321e+02,    -8.25613354e+02,  5.51143439e+02, -1.73126134e+02, -3.32934542e+02,    -7.54089779e+02, -2.81486945e+02,  5.10419577e+02,  2.38956301e+02,     6.49326131e+01,  2.66296611e+02, -5.01521019e+02, -3.84336717e+02,     4.79095868e+02,  3.30062455e+02,  4.44483739e+02, -4.85971060e-01,     6.13643391e+01,  4.76900977e+02,  8.54343751e+02, -2.11009154e+02,     3.28220206e+02, -1.48590739e+02, -3.64257101e+02, -2.96724604e+02,    -2.65574877e+02, -1.28734179e+02, -4.39947369e+02, -2.01144566e+02,    -1.20211935e+03,  2.93369373e+02,  1.69515333e+02, -3.15550856e+01,    -3.58740291e+02, -1.94459080e+02, -4.64498644e+02,  1.01642593e+02,     7.10887039e+02, -1.76487206e+02, -1.43139999e+02,  1.88598864e+02,    -4.19325258e+02,  7.49690794e+02,  1.43920656e+02,  1.55494457e+02,     4.46560373e+02,  1.28568411e+01,  4.84421464e+02,  1.42876290e+02,    -7.33432703e+01,  8.11936278e+01, -2.36845022e+01,  5.98568505e+02,     7.94887447e+01,  1.30462340e+02, -7.86867076e+01,  1.15136887e+02,    -7.99449371e+02, -3.23321338e+02, -3.98001947e+02,  4.43219994e+02,    -2.53235641e+02, -5.54103548e+02,  5.09827499e+02, -1.04652360e+02,     3.77273853e+02, -7.91111056e+02,  2.14219565e+02,  6.51911996e+01,     5.03803685e+01, -7.54740038e+01, -5.67572893e+01,  4.26895799e+02,    -7.54122357e-01, -4.28107616e+02, -1.39609654e+02,  2.17651196e+02,    -1.00959943e+03, -8.02047207e+02,  1.16505330e+01,  9.79611002e+01,    -3.77796188e+02, -3.73599189e+01,  9.35425749e+02,  2.84803997e+02,    -4.83974276e+02,  8.09354667e+01, -7.73137359e+01,  9.14560459e+01,    -2.97395129e+02,  1.61199837e+02,  2.44374515e+02, -5.80298061e+01,     9.72596025e+02, -8.99807234e+01, -2.78870646e+02,  1.69062801e+02,     3.56962766e+02, -3.07727088e+02, -2.58038995e+01,  8.30535111e+02,    -2.00983799e+01,  5.08185455e+02,  1.25708327e+02, -8.23657280e+01,    -2.25222221e+02,  4.91262695e+02, -4.77343205e+02, -1.83896525e+01,    -1.31598407e+02, -3.66409335e+02,  1.44803984e+02,  2.07365316e+02,     7.56023957e+01, -1.51046118e+01, -3.35349285e+02,  1.58323753e+02,    -1.50992713e+01, -2.15558028e+02, -1.87179646e+02,  1.70356112e+02,    -4.46213435e+01, -3.17731476e+02, -9.24042776e+02,  7.80940687e+01,     2.01641717e+02, -4.06262000e+02, -1.94556948e+02,  7.14632047e+02,     6.46060281e+01,  3.07360579e+02,  5.76835938e+01,  3.20830126e+02,     4.50274890e+01, -3.41212057e+02, -3.50634372e+01,  7.16364507e+01,     2.41337561e+02,  6.94637929e+02,  4.25256019e+02,  1.99688521e+01,     1.48584146e+02,  5.23212787e+02,  2.27370759e+02, -6.27322949e+02,    -2.32746314e+02,  1.17249176e+02,  7.39639902e+01,  2.27704549e+02,    -4.54899001e+02,  1.07875520e+02,  3.49930602e+02,  4.26242331e+02,    -3.87518100e+02, -4.28091228e+01, -2.01449335e+01, -1.19532690e+02,    -2.84800272e+02, -1.69890591e+02, -3.00469147e+01,  7.06429026e+01,     3.58450184e+02, -2.69244835e+02,  6.93267290e+02,  3.09653739e+02,     2.20731354e+02,  2.89471464e+02,  2.61854911e+02,  2.84821676e+02,     4.68205256e+02, -3.84915007e+02,  5.48031093e+02, -9.65317073e+02,     2.69105878e+02, -9.40440164e+02,  7.28449416e+02,  6.32914027e+02,    -9.94583537e+01, -4.26308368e+02, -3.65627369e+02, -4.98801783e+02,    -5.37226090e+02,  4.99193474e+02,  3.71526465e+02,  2.10002631e+02,     2.73236378e+02,  3.53028533e+02, -3.33537744e+02, -1.72642758e+02,     4.96719016e+02, -1.08540713e+02,  4.57611552e+02,  6.33555532e+02,    -3.69540615e+01, -6.25078658e+02,  1.40252077e+01, -1.01780999e+01,    -8.53578614e+01,  7.10832991e+00, -5.80955461e+02, -1.57068176e+02,     5.38580898e+01,  7.89225779e+01,  4.19399404e+02, -3.45870821e+02,     5.29166876e+02, -3.50041558e+02,  1.93913954e+02,  3.38555845e+02]
gas_BEE = [-1.73981077e+01,-6.18276128e-01,-3.93818520e+00,1.23452883e+01,-6.14029530e+00,-4.94410807e+00,-1.19697296e+01,-2.62706805e+01,-1.13190827e+01,-1.21289102e+01,-9.89000020e+00,8.76831491e-01,6.51909849e-01,4.23751381e-01,9.41497403e-01,1.31981186e+01,-6.04154625e+00,-4.48668773e+00,5.83096122e+00,-3.12817728e+01,1.54697049e+01,-6.50472661e+00,-1.64593197e+00,-3.00592557e+00,-5.86022932e-01,-1.80313910e+00,2.50858573e+01,-5.14494079e+00,-2.47135001e+00,-1.49567216e+01,2.12629034e+01,-3.13274294e+00,-1.13251232e+01,6.01649303e+00,-8.84507457e-01,6.36824479e+00,-4.89979343e-01,1.29557334e+00,8.92556236e+00,-2.88423861e+01,1.56218566e+01,3.28733873e+00,-2.00283903e+00,-9.03750943e+00,3.40265211e+00,-4.39094827e+00,1.30587061e+01,1.01935036e+01,-7.00136852e+00,-8.49478190e+00,-8.43713701e+00,-1.01194573e+01,4.86409358e+00,-1.44894198e+01,3.94807623e+00,1.69960186e+01,1.94335926e+01,9.54011937e+00,4.95006179e+00,8.23249186e+00,2.54527361e+01,5.76831577e+00,-1.56314702e+01,-3.54073699e+00,-7.66492979e+00,1.75803101e+01,-2.14589077e+01,-1.73667000e+01,-8.28031450e+00,-3.41969487e+00,-1.21058398e+01,7.73886421e+00,3.44597402e+00,3.63828419e+00,-1.09490910e+01,-9.87688104e+00,-1.56733409e+01,1.01017521e+01,-8.92055242e+00,8.08467093e+00,-1.91569706e+00,-8.64037255e+00,-1.55403545e+01,-4.51618722e+00,-3.95771895e+00,-4.33048715e+00,1.12045768e+01,2.03014062e+01,-1.18887700e+01,-2.25130311e+01,-5.55549495e+00,3.12723357e+01,-1.58328114e+01,9.10108184e+00,-2.71689927e+00,-1.77892820e+01,7.75246908e+00,9.85256604e+00,-4.32681746e+00,9.12635807e+00,-7.77299386e+00,-1.52830616e+01,2.64239758e+01,1.25840311e+01,7.68848437e+00,3.48584259e+00,5.57653498e+00,2.33389344e+01,-7.52179286e+00,1.17601951e+00,-3.95025259e+01,5.63412415e+00,-1.92503003e+01,3.75665301e+00,5.89631976e+00,-9.66223935e+00,-1.48845373e+01,1.37526372e+00,-8.45990486e+00,1.08090099e+01,-1.32012446e+01,-1.17750853e+00,-1.05522352e+01,-8.53379979e-01,1.88997623e-01,5.21137870e+00,1.35579066e-01,-2.05212233e+00,1.76181213e+01,2.56771681e+01,1.35881949e+01,2.07137345e+01,-3.84877868e+00,2.89994573e+00,1.49104263e+01,-8.24394466e-01,-2.12388286e+01,-1.15817505e+01,-1.40177830e+01,-8.27033249e+00,7.69555592e+00,-3.35603543e+01,-4.08209783e+00,1.22677902e+01,-1.13796494e+01,-9.32054742e+00,1.51506744e+01,1.31702462e+01,-8.75446747e+00,6.64137518e+00,-7.14002321e+00,1.04359447e+01,2.02433548e+00,4.30603474e+00,-2.39769534e+01,-1.36858597e+01,-2.67898296e+00,-3.98115378e-01,-1.12431260e+01,3.04919576e+01,-4.59705911e+00,-8.87285114e+00,1.12065578e+01,-1.31641523e+01,-1.00172780e+01,8.76639497e+00,3.02552731e+00,3.20142790e+00,3.55169475e+00,-3.14404314e+00,4.30866260e+00,1.65796184e+01,-8.26927596e+00,5.46535494e+00,2.54003650e+01,8.90696530e+00,-1.46879797e+00,-5.23245046e+00,4.30625717e+01,-5.85211311e+00,1.06215864e+01,7.25188881e+00,9.08678428e+00,2.58919194e+01,1.36415962e+01,-1.17465624e+00,6.33859775e+00,1.39520525e+01,1.06339366e+01,-1.62450386e+01,2.64189129e+01,-2.41143160e+01,-4.30692386e+00,1.61063726e+01,2.92413469e+00,1.33745694e+00,8.74895316e+00,5.86516799e+00,9.44942490e+00,-1.76050840e+01,1.05603014e+00,-7.13823927e+00,-2.02228480e+00,-3.95424857e-01,-2.89870605e+00,-1.54747905e+00,2.36915977e+01,-1.82944633e+00,-8.21147781e+00,-8.02469075e-01,3.76323159e+00,-1.70693115e+01,-1.33450562e+01,-9.80448918e+00,-1.75530992e+01,-4.95210612e+00,-1.16495206e+01,5.09849429e+00,-1.80382574e-01,-3.30783152e+00,-2.45374950e+00,1.84317660e+00,-5.79204681e+00,1.84005419e+01,-2.36102661e+01,-3.63671615e+00,-4.51221980e+00,4.81859664e+00,5.36816384e+00,-1.37588948e+01,-4.27482981e+00,1.24551625e+01,-6.65785506e+00,4.03373505e+00,1.03678864e+01,-3.29360778e-01,3.22920261e+01,-4.69400099e+00,-1.00115190e+01,7.22873911e-01,-7.38454285e+00,1.46337620e+01,-1.17678052e+01,3.42851436e+00,1.55697098e+01,-3.90212449e+00,3.32795372e+01,3.55595982e+01,-1.96021722e+01,1.61039553e+01,5.39566796e+00,-1.51250331e+01,5.66506799e+00,1.08364595e+01,1.17137590e+01,1.16190867e+00,4.54053631e+00,2.02372231e+01,-6.50074528e+00,3.42318409e+00,1.98901435e+01,-1.02953681e+01,-5.29793317e+00,1.55507512e+01,8.46466151e+00,2.17369082e+01,8.19950539e+00,2.82276748e+00,7.10319895e+00,1.15195103e+01,-1.35658303e+01,1.24440342e+00,5.59703926e+00,2.74634061e+00,6.41492911e+00,-1.69554464e+01,9.62210261e+00,-1.22814783e+01,-8.89171421e+00,4.81370721e+00,-3.71972107e+00,1.59256863e+01,-5.95041055e+00,7.66576689e+00,8.86870342e+00,2.23328317e+01,1.53337572e+01,1.40780361e+01,-2.38583826e+00,-2.12252346e+00,-8.76818654e+00,2.20662366e+01,2.28913219e+01,1.04202874e+01,-6.88629926e+00,1.40885160e+01,-2.05713132e+00,5.81412123e+00,1.85396769e+01,-4.13846825e-01,-3.00867001e+00,-7.18305366e+00,-1.57517491e+01,2.69257085e+01,1.29673006e+01,-1.69459236e+01,-4.73346002e+00,7.18368017e+00,-3.33979408e+00,1.75904111e+01,4.37280451e+00,2.24457909e+01,7.69986479e+00,-7.24742513e+00,5.97274332e+00,-1.65901837e+00,-8.03451101e+00,4.54964945e+00,5.40289693e+00,2.51655749e+01,2.16996722e+01,1.56109209e+01,1.99287738e+01,2.06326796e+00,-7.67314292e+00,3.91324834e+00,-9.79161175e+00,-1.47194065e+01,-1.61697395e+01,-8.27725355e+00,-3.06762023e+01,-9.26372750e+00,-2.39220575e+01,5.37839792e+00,-1.30684360e+01,1.27681644e+01,-2.66904035e+01,-8.63594642e+00,1.30969326e+01,6.05903103e+00,-2.42448365e+01,1.62925967e+01,-7.66312989e+00,1.51217695e+01,-7.94555957e+00,-2.15617885e+01,4.39346153e+00,-1.78182011e+01,-2.93947426e+00,-1.05763530e-01,1.20060383e+01,3.52409031e+01,-1.26196719e+01,-1.03975253e+01,-1.19856925e+00,-3.06901024e+00,-2.25643873e+01,-1.64455635e+01,1.46086607e+01,-6.38267324e+00,5.14049855e+00,-1.37445237e+01,-3.84161873e+00,-1.18972624e+01,1.42814803e+01,4.38377503e+00,-6.76967070e+00,-4.04049147e+00,2.98883679e+00,-2.26187534e+00,1.15371684e+01,-7.40263907e+00,1.76622464e+00,9.27684718e+00,4.32726930e+00,-5.58575961e+00,4.37373169e+01,1.57445322e+01,1.81928783e+00,2.58189622e+00,-1.70832684e+01,8.89845728e+00,-2.09075319e+01,-8.40985281e+00,-1.61713418e+01,-5.27726844e+00,1.61742046e+01,-1.59260923e+01,5.83336118e+00,-1.03417416e+00,7.18238215e-01,-1.00835473e+01,-1.21947677e+01,-1.18946710e+00,-1.10393871e+01,-6.47503833e+00,-1.12601908e+01,-2.15163934e+00,-9.29879092e+00,-1.40384620e+01,6.56922751e+00,-4.58914052e+00,5.83966437e+00,2.87272932e+00,-2.07122237e+01,-1.49581907e+01,-1.24999108e+01,9.77258525e+00,-7.12870235e-01,-1.76649847e+01,1.60096182e+01,-1.18444798e+01,1.54876872e+01,-8.30916228e+00,-1.34985102e+01,7.71327550e+00,-1.97038338e+01,-9.97699348e+00,1.78813252e+01,5.81231031e+00,-1.08788633e+01,1.51272898e+01,-4.65064983e+00,-9.79318672e+00,-8.62974511e+00,-1.44233925e+01,6.76089850e+00,-2.52124303e+01,-2.27691013e+01,-1.87684791e+00,-8.22091698e+00,-1.65269894e+01,2.07917494e+01,3.78118311e+01,-8.01115226e+00,-6.16444419e-01,-1.78588704e+01,1.82905313e+01,5.59402848e+00,-5.14519967e+00,-1.08828564e+01,4.03461033e+00,-1.69826891e+01,-4.04186569e+00,-2.50114112e+01,9.20706417e+00,4.29333976e+00,-5.93028940e-01,-2.34739879e+00,-1.02762792e+01,-2.96488091e+00,3.71067431e+01,-4.70938013e+00,-1.29603210e+01,-1.90479436e+01,3.62855872e+00,-1.00184398e+01,2.03819769e+00,8.58084916e+00,1.81405010e+00,9.21661458e+00,4.36347230e+00,1.69871879e+01,8.11047399e+00,-9.61935850e+00,1.25708009e+01,1.01180602e+01,3.51023807e+00,1.18668683e+01,-7.25529802e+00,2.04712627e+01,5.84242985e+00,-8.88951592e+00,-2.00801455e+00,-4.81514705e+00,5.65184589e+00,-7.42728054e+00,-1.65389692e+00,-3.09991410e+00,2.27049900e+01,1.55679152e+01,-1.91221304e+01,-1.53720120e+00,-1.49779361e+01,-4.16412716e+00,-6.65798924e+00,2.26527705e+00,-7.06648804e-01,-7.50302283e+00,3.28276090e+00,-2.27244150e+00,-3.00727792e+00,2.42713862e+01,4.86201998e+00,-2.27758899e+01,-1.21207099e+01,2.61806275e+01,6.88017111e+00,-2.47904732e+00,3.03890550e+01,-5.38414569e+00,-2.67734973e+00,-2.64423455e+00,3.94979048e+00,8.32791136e+00,1.31587788e+00,8.16276295e+00,-4.11589173e+00,-9.79266398e+00,-1.11838138e+01,-1.37575010e+01,1.24929741e+01,4.09677844e+00,1.07873240e+01,4.37638186e+00,2.47604775e+01,4.94516943e+00,-2.21320368e+01,-9.34947634e+00,2.30121467e+00,-8.05604010e+00,1.75764222e+01,-3.77389657e+00,4.60134144e+00,1.45914181e+01,-2.16058089e+01,4.17031025e+01,5.55269473e+00,6.96358768e+00,1.02806689e+01,1.87318259e+00,-7.85361951e-01,9.59445464e+00,-9.83521645e+00,2.31107382e+01,2.02553900e+01,-1.09085442e+01,4.91259718e+00,1.97661781e+01,-6.24000725e+00,4.99284456e+00,1.08595885e+01,1.21690642e+01,-2.14094714e+01,-2.91621262e+00,-8.79843576e+00,-1.59346892e+00,-1.95511754e+00,2.61940006e-01,-4.87348317e+00,-8.07699975e+00,3.16208298e+00,2.64057548e+00,1.51085691e+01,-1.20706293e+01,1.12519387e+01,1.36343442e+01,-4.06332160e+00,2.26882315e+01,-1.90401799e+01,-2.91034811e+01,-1.56582181e+00,-1.49887100e+00,8.88459394e-01,2.15918813e+01,-1.68925814e+00,1.15876779e+01,1.47608408e+01,1.09729279e+01,-1.56976240e+00,1.76102219e+01,-4.49863670e+00,-9.81419625e+00,-1.23355449e+01,1.76331963e+00,1.08239629e+01,-1.50717089e+00,1.05328211e+01,-1.18128984e-01,1.68337684e+01,5.25381347e+00,2.23748142e+00,-1.45756022e+00,8.83556257e+00,1.09766792e+01,5.38649592e+00,-5.41546123e-01,-1.50167870e+01,7.95245111e+00,5.50349375e+00,1.04173153e+01,8.50512892e+00,1.00088849e+01,-1.90968014e+00,8.16319174e+00,-8.16024604e+00,-7.35492599e-01,-1.54895595e+01,-9.32764453e+00,1.16273755e+01,-2.55541730e+01,7.77874223e+00,4.48814769e+00,2.40791461e+01,-6.32159132e+00,9.03721933e+00,-3.67160973e+00,-1.34129027e+01,-2.01406127e+01,-2.92218865e+00,-2.53305017e+01,4.15256130e+00,-6.46164294e+00,8.78533092e+00,6.32778258e+00,-7.28027465e+00,-7.77299912e+00,1.17111396e+01,-1.57608045e+01,-3.58376597e+00,-4.93899178e+00,6.39977180e+00,-8.77200759e-01,1.24580628e+00,-5.06488202e+00,1.53938449e+01,-1.43622865e+01,2.56713508e+00,1.66870967e+01,-9.32016296e+00,7.87779596e-01,-1.21519889e+00,-1.92383511e+01,-1.26851713e+01,-1.60971363e+00,7.85834832e+00,8.89524769e+00,1.85670912e+00,-2.15815189e+00,5.09987850e+00,-1.22129856e+01,-2.67932492e-01,-1.48361654e+01,-7.76768085e+00,1.36009714e+01,-8.52681464e+00,1.85020624e+01,-6.11942836e+00,9.91392427e+00,7.24229141e+00,-1.71880333e+01,-7.91736649e+00,2.25168316e+00,-1.06942345e+01,-1.09469269e+01,-2.40009117e+01,-1.58519021e+01,-1.41814527e+01,-1.21856643e+01,2.16769364e-01,4.97568769e+00,1.61325658e+00,5.99021228e+00,-1.62483393e+01,3.60779541e+00,7.06951313e+00,-1.91579651e+01,-1.75132436e+01,-1.11359254e+01,-7.14556612e+00,4.85452671e+00,1.91328145e-01,-1.20595023e+01,9.42999361e+00,-5.73940383e+00,1.48019593e+01,-2.44895854e+01,1.68976136e+01,-1.47052306e+00,-1.17711582e+01,-7.33502634e+00,1.06419683e-01,1.21475482e+01,-2.03371775e+01,-3.60083060e+00,-5.17267412e+00,1.30891993e+01,2.29495542e+01,-2.76169057e+01,2.61166256e+01,1.20673608e+01,-2.10755427e+01,-9.71970169e+00,2.15112488e+01,1.68270710e+01,-5.53090190e+00,-1.66622723e+00,3.76961704e+00,2.01793329e+01,-1.55514060e+01,4.44932418e+00,-1.61154548e+00,8.83545921e+00,-2.03114336e+01,-1.39156971e+00,-8.93018462e+00,1.32176034e+01,1.16210002e+01,-2.45823875e+01,-1.36496856e+01,-6.48932854e+00,-1.06904510e+01,-3.68536085e+00,-6.21743088e+00,1.25892068e+01,1.19462922e+01,-1.56049865e+00,-1.17743185e+01,-2.39126441e+01,1.30861844e+01,-1.38678275e+01,-9.18914410e+00,1.95419517e+00,-9.61256505e+00,-1.14515221e+01,-7.92862191e+00,-1.26888495e+01,-6.96377464e+00,-1.37466963e+01,1.61447624e+01,1.77110005e+01,-1.62679689e+00,-6.63143125e+00,-3.68006298e-01,1.18140903e+01,-2.46048840e+01,-5.97084432e+00,1.46390700e+01,1.88728159e+01,-4.73545041e+00,3.11936864e+00,1.47287097e+01,4.72738512e+00,-1.00738351e+00,-1.13338194e+01,5.67952470e+00,-9.61878248e+00,-4.31786305e+00,-5.14033010e+00,-4.84268364e+00,5.82139893e+00,2.25944128e+01,-9.75906960e-01,9.55842002e-01,-2.56130548e+01,-5.18693261e+00,-1.02725438e+01,8.66849121e-01,-1.17425185e+01,2.27434510e+01,2.37996144e+01,4.92707648e+00,-5.19677519e+00,4.23159141e+00,7.14671932e+00,-1.30607787e+01,-2.27370514e+00,4.24899891e+00,3.87339751e+00,1.49118941e+01,1.19286277e+01,-5.82573130e+00,7.75644849e+00,-2.74193815e+01,-1.02062987e+00,2.46877371e+01,4.10366501e+00,4.55774375e-02,8.53332696e+00,-6.97985311e+00,2.60338996e+01,-4.37186618e+00,2.34518746e+01,1.05093881e+01,-1.20128263e+01,9.01624281e+00,-8.33327103e+00,-1.91144673e+01,-1.84234629e+00,-1.54685049e+01,-1.52720441e+01,-8.75437985e-01,9.26413715e+00,-2.33302449e+00,-9.75918133e+00,2.27863984e+00,-1.96457951e+01,-1.80780203e+00,-2.41509497e+01,1.51468074e+01,-6.73934132e-01,-1.38273314e+01,-6.02442839e+00,5.01982082e+00,-9.35208664e+00,-1.26222516e+01,2.49601481e+01,-6.86472523e+00,-1.23829252e+01,8.09469324e+00,-4.31350985e+00,1.43984561e+01,-2.53480505e-01,1.75446013e+00,2.91797631e+01,-4.44895328e+00,-1.01242420e+01,-1.11880717e+01,-1.53183637e+01,-9.77137167e+00,7.68296680e+00,6.93527054e+00,7.05163902e+00,2.07896438e+01,5.43629377e-01,5.45402080e+00,-1.80712954e+01,2.74570758e-01,-6.39641066e+00,-8.17845375e+00,2.72991593e-01,9.46189485e+00,1.07620807e+01,-2.32725943e-01,2.52450158e+00,8.53149404e+00,1.08263888e+01,-6.05955129e+00,-3.12547185e+00,3.41487493e-01,-7.05924362e+00,-2.37319180e+00,-8.52236238e+00,2.12205938e+01,1.77367982e+01,-4.61385457e+00,3.96121699e+00,-1.11719288e+00,-7.20076798e+00,9.56032036e+00,-2.56035938e+00,9.93444928e+00,-1.45472088e+01,5.12852098e+00,-2.88995619e+00,-1.52594819e+01,-7.23694200e+00,7.22659313e+00,-2.61338010e+01,1.09477325e+01,1.34078730e+01,-2.30784674e+00,-1.57503018e+00,-7.99229321e-01,6.75668336e+00,-9.37887837e+00,1.00054140e+01,8.31093842e+00,-2.87912347e+01,-9.36426757e+00,6.71894770e+00,-2.82346538e+00,1.17362652e+01,-1.72163726e+01,-1.11610880e+00,-1.13916169e+01,-3.56080605e+01,2.17896446e+01,-1.68162108e+01,-1.73868912e+01,2.52192295e+00,3.61981584e+01,6.99610314e-01,-7.43802788e+00,-2.94700455e-01,-1.37680405e+00,-2.47708483e+01,-1.68408801e+01,2.32792122e+01,-2.50972202e+00,-1.07949506e+01,1.47446526e+01,-9.49967856e+00,1.04203399e+01,1.48378279e+01,-1.64015041e+01,-7.44221960e+00,-9.04295703e+00,-4.12844503e+00,-5.92780354e+00,-3.20413864e+00,4.28348346e+00,-9.53783383e+00,8.34787379e+00,1.66339524e+01,-3.46839856e+00,-5.06154492e+00,3.94475271e+00,1.55437513e+01,1.42648604e+01,1.40061302e+00,-1.42925990e+00,-2.00070691e+00,-1.45708567e+01,1.11468183e+01,-7.05707653e+00,5.41731626e+00,-4.51127153e+00,8.04268907e+00,4.62363499e+00,-2.27009614e+01,-8.02248226e+00,-2.20057864e+01,-9.64122505e+00,1.58573007e+00,-4.73837152e+00,8.88493351e+00,-8.03292886e+00,6.28954901e-01,2.54904654e+00,2.08337822e+01,1.08823996e+01,-7.80669046e+00,-1.87138804e-01,3.72845174e+00,1.06548066e+01,4.24034857e-02,1.52327745e+01,7.69659585e+00,2.49834089e+01,1.26990359e+00,1.91942582e+01,-7.16857480e+00,-1.10007708e+01,2.08276776e+00,1.92985721e+00,7.68839696e+00,-3.15043000e+00,-3.98595550e+00,6.72769324e+00,-1.32834803e+01,-1.51310114e+01,2.13487077e+01,-1.94173890e+00,-1.19605166e+01,-9.59105777e-01,-4.01696811e+00,1.04190142e+01,9.75992717e+00,-5.71926616e+00,-1.79799386e-01,-7.74539583e+00,-9.67953658e+00,-7.39541949e+00,-2.68895819e+01,-7.69540211e-01,-1.90151132e+01,-1.57416275e+01,-1.15828416e+01,5.06320450e+00,-1.08841127e+01,5.84063439e+00,-1.69482733e+01,2.13395437e-01,-1.13791460e+01,1.66478584e+00,2.59583277e+00,9.03201360e+00,-5.78297739e+00,-5.16164341e+00,8.01797650e+00,1.73981356e+01,8.88521707e+00,2.32022351e+00,-2.00267267e+01,-4.06899606e+00,-8.49553223e+00,-1.74693932e+01,1.24213942e+01,-9.78545315e+00,-1.38214629e+00,-7.33354142e+00,-2.84557845e+01,1.50020778e+01,-5.10620544e+00,1.15190034e+01,-2.03578313e+01,1.85936224e+01,1.13986662e+00,-8.33300845e+00,1.61495725e+00,-6.48658973e+00,-1.95276788e+01,4.65107503e+00,8.92783998e+00,5.61179890e-01,-9.76974053e+00,-3.88788856e+00,5.16366399e+00,8.84095333e+00,1.79370398e+01,7.21296096e+00,-6.27046915e+00,2.55275199e+01,7.14222584e+00,1.18360874e+01,-4.52668905e+00,7.97934418e+00,5.24502157e+00,-1.79439833e+01,-5.70552715e+00,-1.10459308e+01,-9.75541539e+00,-2.83035040e+00,-3.99237162e+00,-1.13268299e+01,-3.21657688e+01,-7.97864889e+00,4.48751257e+00,1.74230248e+00,2.93517196e+00,1.27859027e+01,4.33781979e+00,8.75301164e+00,-1.23259154e+01,1.29979387e+01,-1.24369478e+01,-2.05538390e+01,4.85647344e+00,-1.10224839e+01,-1.17310364e+01,-4.48874133e+01,-3.00544643e+00,2.29339672e+01,1.27862754e+01,-3.32005521e+00,-2.82637908e+00,9.48997599e+00,1.84615141e+01,-1.17494167e+01,-2.79407529e+00,-9.21661273e+00,-1.00553349e+01,-9.20755359e+00,4.09452305e+00,2.02975353e+01,-1.88892351e+01,-1.51213250e+01,5.11688137e-01,-2.88456282e+00,-4.94070174e+00,-2.57114696e+01,1.62794988e+01,6.86826993e+00,1.78172478e+00,1.40384131e+01,-8.67097452e+00,8.98503670e+00,7.83794959e+00,1.53082967e+00,-2.05858703e+00,3.34232546e+00,-4.17577066e+00,1.30609549e+01,-1.19205905e+01,1.17750362e+01,2.81032530e+00,3.90348879e+00,6.35626769e+00,-2.34811424e+01,2.12754306e+00,-1.86938804e+01,-1.40785153e+01,-1.38706144e+01,-1.34127399e+01,7.70393034e-01,4.27247118e+00,1.35371983e+01,2.56616863e+00,4.07380874e+00,-2.00377160e+01,-7.48780004e+00,9.55288371e+00,4.13874644e-01,-5.42693942e-03,-2.51652572e+00,1.00763595e+01,-2.60151198e+01,3.23629593e+00,6.67440953e+00,1.19345802e+01,1.05734526e+01,-1.60609438e+01,3.28941243e+00,1.60283684e+00,1.85113063e+00,5.14602443e-01,-6.17243394e+00,-1.00303542e+01,4.59786468e+00,1.71617393e+01,-2.32136813e+00,3.07728362e+00,3.87847049e+00,-7.71120947e+00,-7.51112630e+00,-3.31886288e+01,-1.13381055e+01,-1.50687603e+01,-2.52870986e+00,-1.84973350e+01,2.16457403e+01,-8.97464554e+00,-1.50931591e+01,-4.47488232e+01,1.89720331e+01,3.91820876e+00,4.03883555e-02,-1.73875774e+01,2.30488901e+00,-4.80834025e+00,-9.17168296e+00,2.13151829e+00,9.19702715e+00,2.12916825e+00,-4.86269602e+00,-2.43328707e-01,4.10580463e-01,4.54525409e+00,-1.84314005e+01,2.00055420e+01,-1.15955304e+01,-7.63211502e+00,-1.24554479e+01,-2.85446099e+01,1.92313364e+00,-1.40593700e+01,-6.32516706e+00,9.52131307e+00,-6.64048865e+00,-9.64258065e-01,-3.03049919e+00,-7.21726260e+00,3.20180058e-01,1.50738876e+01,-1.51618881e+01,2.71383792e+01,-6.07092974e+00,9.92127997e+00,-2.61218867e+00,3.81173638e+00,-3.27352921e+00,1.30003279e+01,1.78120683e+01,5.17853887e+00,1.48102358e+01,-9.90892724e+00,-1.14891331e+00,-7.00248655e+00,1.86865776e+01,1.61607165e+01,1.20250747e+01,-4.28141525e+00,-7.77388131e+00,6.99485455e+00,-7.54299391e+00,-4.11583981e+00,-2.00974683e+00,-8.49083984e+00,1.43178515e+01,-2.26473227e+00,1.02627587e+01,4.56173661e+00,4.90738406e+00,-9.52157356e+00,8.64098114e+00,-4.33853335e+00,-3.16482632e+00,-5.89653321e-01,-1.46258222e+01,2.21166013e+01,-7.82522802e+00,-1.36682149e-01,5.95895822e+00,5.59738947e+00,2.08821219e+01,-5.45466154e+00,2.15894772e+01,1.93555730e+01,-2.74733978e+01,2.08870953e+00,-5.40950794e+00,3.35258557e+00,2.08259327e+00,4.62173787e+00,1.74845716e+01,2.60243536e+01,-2.18532873e+01,2.18674003e+01,-2.67148452e+01,-2.23502023e+01,-3.51868858e+00,2.71416300e-01,2.08437524e+01,1.08013179e+01,-4.75703096e+00,-2.53832435e+01,1.91671353e+01,-1.27234121e+01,-1.16152430e-02,-1.45545953e+00,3.58676707e+01,-7.29002344e+00,-2.97826071e+01,8.50129749e+00,-4.50436589e+01,3.60202059e+00,-1.03331235e+01,-4.91281417e+00,-7.31507330e+00,-1.62122497e+01,1.08543953e+01,-9.79583871e+00,-2.54981117e+00,-2.20182957e+01,-1.38175946e+00,-1.40140959e+01,-2.12286064e+01,-3.34346216e+01,3.29213843e+00,-9.24031128e+00,1.86439972e-01,-3.47221493e+00,-2.31372260e+01,-1.77064217e+01,-1.58995920e+01,-1.52392800e+01,1.51990945e+01,2.46173840e+00,-1.31882394e+01,-6.06758533e+00,-7.09539097e+00,1.08099537e+01,-8.86798938e+00,-2.89345081e+00,-7.25278007e+00,-1.06619543e+01,-1.07682345e+01,1.10603557e+01,-4.15288622e+00,-2.52909627e+01,2.21407855e+01,1.30136632e+01,1.51281899e+00,-2.15471047e+01,-2.11716208e+01,2.91514748e+00,9.00168187e-01,-9.22463397e+00,-1.33165058e+01,9.94030972e+00,-1.77951352e+00,7.56998230e+00,1.36028221e+01,9.99007959e+00,8.33809166e+00,6.61347101e+00,-6.23544352e+00,-3.70468927e+00,-5.40627592e+00,-1.00281312e+01,-1.31845351e+01,-1.78840771e+01,-1.05467328e+01,-2.59681785e+00,-2.25685567e+01,-2.77475353e+00,9.31734803e+00,-2.10122897e+01,8.29447612e+00,7.12387873e+00,-1.93326940e+01,-1.58583879e+01,-5.15468952e+00,4.84713253e+00,-1.13346716e+01,2.03459279e+01,1.78594071e+01,-2.16957842e+01,1.35415846e+01,1.01261770e+01,2.99713008e+00,6.12720056e+00,-1.19508684e+01,-4.10597729e+00,1.30555637e+00,5.22095420e+00,1.23859193e+01,-1.52518070e+01,-1.91395471e+00,4.90387207e+00,3.78657037e-01,-8.64694212e+00,5.76292563e+00,-7.53453428e+00,-5.53991100e+00,7.20700165e-01,-1.71775826e+01,1.68359972e-01,-5.52571199e+00,-3.46627925e+00,1.76906301e+00,-1.55353843e+01,1.57202985e+01,-7.22831140e+00,-3.64821867e+01,-2.42344314e+01,1.05665232e+01,-1.00830381e+01,-5.26768479e+00,-7.78514773e+00,-4.84152882e+00,-2.86832180e+01,-2.28799266e+00,-1.76638966e+01,-8.82511745e+00,6.73226119e+00,2.14640736e+01,4.59918981e-01,-7.72183872e-02,1.64172141e+01,-1.44201821e+01,9.29900191e+00,2.13323297e+00,-1.29221157e+01,-6.24411669e+00,6.24522220e+00,3.74886967e-01,3.67061006e+00,3.51281447e+00,-6.39300523e+00,-8.10863352e+00,-1.40724969e+01,1.36489299e+01,-1.83542015e+01,-1.37377533e+01,3.67378971e+00,-2.46861065e+01,5.72591207e+00,1.65505221e+01,-2.29029080e+00,3.04279378e+00,-7.78230761e+00,-5.64310275e+00,2.54569935e+00,1.04023448e+01,-1.07094363e+01,7.58755489e+00,-3.53037819e+00,-6.58331778e-01,7.09630790e+00,5.00092002e+00,-2.73258644e+00,-3.09640988e-01,5.15087106e+00,7.93118541e+00,-1.98407490e+01,1.16653436e+00,1.49435932e+01,-2.65101231e+01,9.16330904e+00,-3.30141636e+01,-2.57220108e+00,-4.21078004e+00,-2.14896623e+00,-2.78116857e+00,-7.58038314e+00,-1.45195819e+00,3.94612063e+00,-6.66325904e+00,3.57359541e+00,2.48780549e+01,-1.71732816e+01,-7.43299607e+00,1.05959719e+01,6.57473211e+00,1.15014768e+01,4.49517752e+00,7.14303070e+00,-4.50431322e+00,-1.36750484e+01,-1.25929714e+01,-6.82260727e+00,7.55371873e-01,-1.15546442e+01,-3.65371237e+00,1.86042061e+00,6.36739724e+00,-2.31418782e+00,1.62493241e+01,-1.55540661e+01,-1.49847127e+00,-1.51488452e+00,8.08161861e+00,-1.20029238e+01,-7.41220106e+00,6.19245659e+00,1.40674220e+01,1.99831044e+01,9.92162374e+00,1.20211874e+01,-7.72235559e+00,1.79275687e+01,1.81531601e+01,-1.50865722e+00,9.91061291e+00,1.07217276e+01,-5.89683170e+00,1.75263189e+00,1.76684149e+01,-7.30566849e+00,-3.27488902e+00,-1.77375659e+01,6.94411027e+00,-3.01593989e+00,5.44428377e+00,1.85496673e+00,-1.13261428e+01,1.33822720e+01,1.11856575e+01,-7.25313197e+00,4.59503411e+00,-1.62992505e+01,-1.50160478e+01,6.56576527e+00,-1.91184745e+01,-8.37668585e+00,1.75354809e+00,2.36394767e+01,-5.98214694e+00,-3.37018014e+00,-4.40716429e+00,3.21609853e+01,4.84882809e+00,-1.15439259e+01,1.93874916e+01,1.76352882e+01,8.95880756e+00,2.13528679e+01,2.27478759e+01,-2.55306114e+00,-8.21111293e+00,-8.97905094e+00,7.33089688e+00,1.01858928e+01,-1.65115373e+00,-6.31275892e+00,-1.69956099e+01,-7.28501450e+00,-1.26497243e+01,8.25306805e+00,4.55717102e+00,1.69320997e+01,2.26014161e+00,-6.97723733e+00,-2.00251544e+00,1.13509762e+01,3.60830247e+00,1.55008315e+01,1.62066807e+01,-3.50796555e+00,-2.29397465e+00,-2.72622666e+01,1.43711693e+01,-1.29517008e+00,1.51602460e+01,-6.13665197e+00,-1.73609024e+01,5.21540577e+00,1.95915456e+01,-7.13091722e+00,1.90163552e+01,-2.03242504e+01,-6.56043921e+00,-2.26229915e+01,5.73729213e+00,2.90894231e+00,8.07021262e-01,-1.70231422e+01,2.46073480e+01,1.49725487e+01,2.11338412e+00,-1.30533778e+01,6.24034803e+00,-7.04149773e+00,-3.04995495e+00,-6.09183786e+00,5.51537456e+00,-3.28153907e+00,-5.36300062e+00,5.82703207e+00,6.85446221e+00,-2.43120625e+01,5.39744996e+00,1.84483483e+01,1.16753032e+01,-3.85545987e+00,7.50130600e-01,-1.02844307e+01,1.62142979e+01,4.07244531e+00,-1.82559164e+00,-1.68941249e+00,3.01942372e+01,-3.92858565e-01,8.10325089e+00,2.02144569e+01,2.74982549e+01,1.70043607e+01,1.19587763e+01,-1.72152673e+01,-1.26284002e+01,9.57535873e+00,4.71139764e-01,8.69856540e+00,4.40176068e+00,1.74066811e+01,-2.20449443e+01,-1.35922290e+01,-2.59188890e+00,-2.37421850e+01,4.75055328e+00,1.12353696e+01,2.84788000e+00,-6.24284960e+00,6.62165915e+00,3.89644328e+01,7.93940291e+00,4.34668029e+00,-1.35596582e+01,-1.76055845e+01,-4.64564689e+00,8.26518074e+00,-1.54031577e+00,6.36268229e+00,9.72955340e+00,-1.74344433e+01,7.16264092e+00,1.29214528e+01,1.61601384e+01,-2.16220774e+00,2.61462870e-01,-2.30458397e+00,-1.33238873e+01,-1.99720745e+01,2.21423941e+01,-2.12649603e+00,-1.59266577e+01,1.05490723e+00,-7.45339768e+00,2.50446870e+01,-6.14579875e+00,-1.01395478e+01,9.70517464e+00,-3.92913617e+00,1.22736098e+01,-6.20149517e-01,2.73483176e+01,1.36526060e+01,9.35375750e-01,-1.01731330e+01,7.25238554e+00,-1.52464649e+01,-2.26218681e+00,1.76854005e+01,-7.42056157e+00,-1.24692320e+01,-5.97039078e+00,1.47027031e+01,3.56427627e+00,-2.34923214e+01,9.30771910e+00,3.52901327e+00,2.39986072e+00,-1.40151418e+01,1.40632458e+00,9.70665929e+00,1.41083029e+01,1.76730046e+01,8.48786275e+00,1.44879052e+00,-1.46143083e+01,-1.27156213e+01,-1.99256376e+01,-2.65978242e+00,9.45846309e+00,-8.15449985e-01,1.51498591e+01,-8.90245532e+00,4.80678212e+00,-4.77796105e+00,-7.69488278e+00,1.63116321e+01,1.93394248e+00,1.69830189e+01,1.47118648e+00,6.61366862e+00,-4.64680231e+00,1.68272009e+01,-3.53165364e+00,-2.14256682e-01,-2.20235106e+01,-2.81396936e+00,2.00699262e+01,1.90249598e+01,6.57019843e+00,-3.56393477e+00,8.18473583e-01,-5.56330994e+00,-2.62529153e+00,2.48686173e+01,1.08904213e+00,-6.75255548e+00,-3.06675111e+01,-1.41651310e+01,-1.05362535e+01,-1.78949289e+01,-1.63655177e+01,-1.99915936e+01,-1.26462805e+01,-9.82800384e+00,-1.27398741e+01,1.29298774e+01,-6.79448593e+00,-2.67518014e+01,1.20238575e+01,-8.72099527e+00,-2.21790169e+01,2.77925969e+01,-6.52892671e+00,5.39246265e+00,1.17900328e+01,1.57742583e+00,6.85773231e+00,4.59300087e-01,9.12376583e-02,-3.78022797e+00,-2.02058315e+01,3.22359169e+00,-3.54366211e+01,1.86334377e+01,-1.16996899e+01,-4.31182432e+00,-4.96425574e+00,4.34240060e+00,-5.55837680e+00,8.37543412e+00,-1.53689755e+01,1.07870240e+01,1.11470729e+01,4.00025845e+00,2.59207343e+00,5.75322064e+00,1.93489547e+00,9.03842253e+00,-1.96619245e+00,-1.81962419e+01,2.67723537e+00,-7.75955639e+00,-5.01982582e-01,1.45025850e+01,-2.31272199e+01,2.85653749e-01,5.24329958e-01,2.61218962e+00,8.85055568e+00,-3.84153792e+00,2.36541318e+01,1.21411101e+01,-4.61679561e+00,-2.94536821e+00,9.79325945e-01,2.21653043e+01,-1.49127866e+01,-2.90723057e+01,8.36814006e+00,-2.80827175e+00,-3.96896477e+00,4.80195232e+00,2.16825569e+01,1.24283813e+01,-4.92695270e+00,-1.45793696e+01,-2.54472312e+00,8.13992145e+00,-4.10332336e+00,-2.11833350e+01,-1.56527111e+00,-2.61617605e+01,-1.35630433e+01,2.31257172e+01,-1.41797875e+01,-1.90419487e+01,-1.51483928e+01,-1.05041534e+01,9.45434245e+00,2.34038253e+01,-1.81860027e+00,7.71852425e+00,-5.03043985e+00,-1.89734718e+01,1.44173696e+01,-1.30532536e+01,8.24100085e+00,9.21533259e+00,-3.20809079e+00,1.12818922e+01,1.15838894e+01,3.11664625e+01,-4.01936610e+00,-1.39173369e+01,-1.82937906e+01,-4.18599241e+00,-9.15282927e+00,2.80606562e+01,-1.29882438e+01,2.51382875e+00,1.73614063e+00,-6.51836940e+00,-2.29715482e+01,-1.98986210e+00,2.78985900e+01,4.12733157e+00,2.19161517e+00,-1.50700526e+01,-1.57869422e+01,-3.20773246e+00,1.33213469e+01,-6.95473770e+00,2.92839232e+01,-1.23577223e+01,4.62930962e+00,-5.48456036e+00,-1.84176925e+01,1.30453564e+00,-1.52182910e+01,-2.09242273e+01,2.09085382e+00,4.02992149e-01,1.38067700e+01,6.46442110e+00,-9.65328234e+00,6.58084621e+00,-2.33812516e+01,-1.42220746e+01,2.61434636e+01,2.32940339e+00,-3.36581695e+00,-8.20792464e+00,-2.19658968e-01,-2.42514413e+00,2.45852942e+01,1.16056025e+01,-3.55988094e+00,-1.78671155e+00,-1.14037531e+01,-4.75044170e+00,-1.82842560e+01,1.40499720e+01,1.89138386e+00,3.29855747e+00,4.42078407e+00,-2.40910098e+00,-5.56214125e+00,2.31128304e-01,-2.97178083e+01,-4.51906351e+00,-2.23350256e+00,-2.14198369e+00,1.49160020e+01,1.75524011e+01,4.64801369e+00,-2.65183015e+01,1.81790746e+01,-6.58870979e+00,-1.04353494e+01,-2.43352082e+01,-9.46356153e+00,1.63974856e+01,8.38053605e+00,3.75302329e+00,8.88171283e+00,-1.56357524e+01,-1.25738287e+01,1.66023692e+01,1.13925298e+01,1.39869377e+01,6.44853916e-01,2.55203294e+00,1.52653065e+01,2.77363701e+01,-6.84196350e+00,1.02942345e+01,-5.16796645e+00,-1.19500094e+01,-9.27984514e+00,-8.52210160e+00,-3.76292579e+00,-1.39895352e+01,-6.16224036e+00,-3.77242619e+01,9.56054640e+00,7.02731114e+00,-7.12510173e-01,-1.06161801e+01,-5.69602728e+00,-1.50913993e+01,2.98002016e+00,2.27142986e+01,-5.71370120e+00,-5.07384131e+00,5.49657636e+00,-1.39109690e+01,2.48319041e+01,4.71794224e+00,3.72459071e+00,1.46372162e+01,-3.61002878e-01,1.61008884e+01,4.76320723e+00,-2.09182198e+00,3.34222841e+00,-1.46008261e+00,2.01330919e+01,2.40950709e+00,4.81325045e+00,-2.77458892e+00,3.14501707e+00,-2.61359259e+01,-1.00380480e+01,-1.32144850e+01,1.46058384e+01,-9.22230552e+00,-1.71653994e+01,1.60719887e+01,-3.91189033e+00,1.24112228e+01,-2.53013237e+01,6.49889582e+00,1.69222000e+00,1.52188522e+00,-2.88292013e+00,-1.81085756e+00,1.38449475e+01,6.33235478e-01,-1.38110763e+01,-5.62743491e+00,6.45657029e+00,-3.32000623e+01,-2.57316092e+01,6.62032518e-01,3.63417054e+00,-1.31893243e+01,-5.24570458e-01,3.04085459e+01,8.88950251e+00,-1.58645881e+01,2.21059869e+00,-2.63380984e+00,3.43488338e+00,-9.62079596e+00,5.72813740e+00,7.12463414e+00,-1.80126296e+00,3.10907057e+01,-2.67006275e+00,-8.85698064e+00,6.50846396e+00,1.24859026e+01,-9.92626523e+00,-4.23805544e-01,2.74994170e+01,-7.74604013e-01,1.53310453e+01,4.43409588e+00,-2.45843868e+00,-6.03211329e+00,1.47094345e+01,-1.57272333e+01,-8.92488406e-01,-5.10425720e+00,-1.18006437e+01,3.80600403e+00,6.60045942e+00,1.25631106e+00,-4.85010263e-01,-1.10055777e+01,4.98410049e+00,-1.05257109e+00,-6.64088172e+00,-5.98654858e+00,5.76030382e+00,-9.84284623e-01,-1.05151923e+01,-2.99021655e+01,1.68969221e+00,5.91955566e+00,-1.22666001e+01,-6.59861485e+00,2.29520434e+01,2.48414218e+00,1.05037004e+01,1.90951040e+00,1.00036397e+01,9.90403615e-01,-1.10468123e+01,-1.51471904e+00,2.10523298e+00,7.83922473e+00,2.19532811e+01,1.39452338e+01,3.58561674e-01,3.61953200e+00,1.72379671e+01,7.28837066e+00,-2.07596894e+01,-7.78800057e+00,4.15012667e+00,2.35179442e+00,7.10157322e+00,-1.49951766e+01,2.09009151e+00,1.09858377e+01,1.38131772e+01,-1.20753066e+01,-8.35053757e-01,-5.65311274e-01,-4.95279852e+00,-8.48463812e+00,-4.54119549e+00,-1.72930512e+00,2.63721377e+00,1.17336226e+01,-8.69397780e+00,2.30949711e+01,9.37072090e+00,6.76030256e+00,1.01447685e+01,8.18335921e+00,9.36677569e+00,1.54597469e+01,-1.29802210e+01,1.77764998e+01,-3.16222564e+01,8.81180514e+00,-2.97871411e+01,2.30508401e+01,2.10478777e+01,-2.65627483e+00,-1.36747394e+01,-1.21266291e+01,-1.63749169e+01,-1.81325676e+01,1.53957632e+01,1.19204340e+01,6.76308803e+00,8.95148725e+00,1.13741372e+01,-1.12318423e+01,-4.69835355e+00,1.59296037e+01,-3.42181507e+00,1.44702939e+01,2.08381043e+01,-1.03472316e+00,-2.06987568e+01,6.88158556e-01,3.27115108e-01,-2.63744755e+00,4.06418431e-01,-1.86522696e+01,-4.34907647e+00,2.99691997e+00,2.98166055e+00,1.35912974e+01,-1.10753479e+01,1.69296900e+01,-1.12946115e+01,6.65448311e+00,1.14190383e+01]
