name = '*CO_19'
composition = {'H':0, 'C':1, 'N':0, 'O':1, 'Pt':1}
facet = ['Ni110']
coverage = 1
DFT_energy = [-82.141, 'eV']
ZPE_energy = [0.187, 'eV']
frequencies = [66.5, 153.4, 271.3, 339.5, 343.1, 1838.3, 'cm-1']
gas_DFT_energy = [-12.06623, 'eV']
gas_ZPE_energy = [0.133, 'eV']
sites = 1
BEE = [-5.03796050e+02, -3.95778330e+01, -1.16391862e+02,  3.89583417e+02,    -1.84845024e+02, -1.60390538e+02, -3.46224201e+02, -7.68034258e+02,    -3.65598596e+02, -4.07317339e+02, -3.33239376e+02,  4.19141997e+01,     1.20794856e+01,  2.43361778e+01,  2.71679683e+01,  4.04492462e+02,    -1.78402102e+02, -1.54674939e+02,  1.48641261e+02, -9.56144072e+02,     5.02418295e+02, -2.26363346e+02, -4.47342922e+01, -1.03656425e+02,    -4.53913191e+01, -4.90550380e+01,  7.43401552e+02, -1.83459620e+02,    -7.15386044e+01, -4.50836356e+02,  6.60656784e+02, -1.14814294e+02,    -3.34004881e+02,  2.05051647e+02, -3.67697157e+01,  1.69046285e+02,    -2.54373118e+01,  6.07540972e+01,  2.35886008e+02, -8.73725650e+02,     4.66163178e+02,  1.10483092e+02, -5.23821761e+01, -2.89761016e+02,     9.63058302e+01, -1.57940471e+02,  3.77076286e+02,  3.17438956e+02,    -2.33725060e+02, -2.51138220e+02, -2.54502555e+02, -2.91997163e+02,     1.00102466e+02, -4.27386791e+02,  1.19057450e+02,  5.16363400e+02,     5.89822343e+02,  2.99815755e+02,  1.39186629e+02,  2.37502834e+02,     7.71012274e+02,  1.78595889e+02, -4.73956058e+02, -1.05426260e+02,    -2.03642905e+02,  5.23400130e+02, -6.44229859e+02, -5.36281085e+02,    -2.34638923e+02, -8.91118004e+01, -3.74402232e+02,  2.30546853e+02,     8.23448333e+01,  1.13473068e+02, -3.31268505e+02, -2.99644839e+02,    -4.84549050e+02,  3.19187284e+02, -2.81576829e+02,  2.27352540e+02,    -5.68752225e+01, -2.50905260e+02, -4.98918738e+02, -1.47077476e+02,    -9.70006238e+01, -1.36990669e+02,  3.38846783e+02,  6.10505386e+02,    -3.64692449e+02, -6.88124652e+02, -1.70212347e+02,  9.51952075e+02,    -4.90382913e+02,  2.82656923e+02, -9.12506910e+01, -5.33509965e+02,     2.08609166e+02,  3.26053939e+02, -1.48611867e+02,  2.99355048e+02,    -2.28310572e+02, -4.44173035e+02,  7.66948164e+02,  3.97092159e+02,     2.65154487e+02,  1.24868786e+02,  2.10659864e+02,  6.99711135e+02,    -2.14699090e+02,  4.95730568e+01, -1.18500666e+03,  1.57962281e+02,    -5.83544523e+02,  1.24975957e+02,  1.85768310e+02, -2.94052729e+02,    -4.58461934e+02,  5.16002655e+01, -2.51873414e+02,  3.06142031e+02,    -4.34707788e+02, -2.32368166e+01, -3.04899160e+02, -3.62051177e+01,    -2.61939544e+01,  1.46301875e+02,  9.78180764e+00, -5.23262249e+01,     5.21559946e+02,  7.83776265e+02,  4.09306348e+02,  6.66582264e+02,    -1.04470075e+02,  1.14253701e+02,  4.72192578e+02, -7.43391952e+01,    -6.57469417e+02, -3.24013793e+02, -4.30841319e+02, -2.47201517e+02,     2.38820534e+02, -1.01115412e+03, -1.62917386e+02,  3.69604579e+02,    -3.13453290e+02, -3.11669526e+02,  4.65271226e+02,  3.78379032e+02,    -2.95890592e+02,  1.68946664e+02, -2.11110233e+02,  2.99263226e+02,     3.44453312e+01,  1.30462392e+02, -7.45119380e+02, -4.17287242e+02,    -6.80905611e+01,  1.56252150e+00, -3.34052144e+02,  9.13853116e+02,    -1.88343562e+02, -2.87080779e+02,  3.21621168e+02, -4.10097204e+02,    -2.80307425e+02,  2.63240393e+02,  9.36057006e+01,  1.12840340e+02,     1.04216976e+02, -9.53167112e+01,  1.64958431e+02,  4.99323470e+02,    -2.52721754e+02,  1.49048806e+02,  7.80217703e+02,  2.85597321e+02,    -7.43728314e+01, -1.64410163e+02,  1.32075864e+03, -1.51142202e+02,     3.04083201e+02,  1.88157610e+02,  2.93196213e+02,  7.62299832e+02,     4.25469020e+02, -2.54861537e+01,  1.94011316e+02,  4.04587953e+02,     3.33533396e+02, -4.79016447e+02,  8.02021347e+02, -7.16137896e+02,    -1.49299713e+02,  4.91871998e+02,  7.43213557e+01,  5.66949203e+01,     2.67902449e+02,  2.07461803e+02,  3.07340561e+02, -5.46010440e+02,     4.19053766e+01, -2.33518753e+02, -9.16906404e+01, -2.86320049e+01,    -7.66236165e+01, -4.81058067e+01,  7.03293095e+02, -7.28061116e+01,    -2.38194683e+02, -2.00144008e+01,  9.97518615e+01, -5.05149043e+02,    -3.86409679e+02, -3.11589017e+02, -5.39645906e+02, -1.40477471e+02,    -3.55325130e+02,  1.67207299e+02, -8.52996345e+00, -9.21863628e+01,    -7.32784948e+01,  5.52844301e+01, -1.69434315e+02,  5.74060894e+02,    -7.05903582e+02, -1.37992524e+02, -1.34458117e+02,  1.44824158e+02,     1.58294574e+02, -3.96736049e+02, -1.53284184e+02,  3.59775636e+02,    -1.91097543e+02,  1.35205610e+02,  3.17147897e+02, -3.47263548e+01,     9.69169185e+02, -1.72553294e+02, -2.75722874e+02,  5.50547163e+01,    -1.95071873e+02,  4.56518185e+02, -3.10797905e+02,  7.22084028e+01,     5.34495052e+02, -1.13877394e+02,  1.03062193e+03,  1.10175308e+03,    -5.64017415e+02,  4.97117981e+02,  1.44322272e+02, -4.59914104e+02,     1.49601527e+02,  3.12458291e+02,  3.28723050e+02,  2.15614488e+01,     1.00293957e+02,  6.12730469e+02, -1.96837968e+02,  1.38763968e+02,     6.53533157e+02, -3.21417774e+02, -1.31367253e+02,  4.47662546e+02,     2.30964571e+02,  6.52169033e+02,  2.23234857e+02,  5.93968323e+01,     2.24382890e+02,  3.34225654e+02, -4.17192006e+02,  3.01870128e+01,     1.59781438e+02,  1.05504779e+02,  1.88340342e+02, -5.03896367e+02,     2.91892418e+02, -3.80819856e+02, -2.70125866e+02,  1.50153825e+02,    -1.19980203e+02,  4.68891496e+02, -2.04615725e+02,  2.48062373e+02,     2.76739213e+02,  6.81527052e+02,  4.76026316e+02,  4.09199891e+02,    -7.41444685e+01, -5.84581850e+01, -2.71827549e+02,  6.57779338e+02,     6.74682500e+02,  3.21267921e+02, -1.98527675e+02,  4.30425292e+02,    -7.48357593e+01,  1.81356381e+02,  5.35607530e+02,  5.10725118e+00,    -6.74351115e+01, -2.09599291e+02, -4.57996544e+02,  8.30085542e+02,     3.88501790e+02, -4.80600884e+02, -1.33530553e+02,  2.39341209e+02,    -9.14119919e+01,  5.35296475e+02,  1.03839561e+02,  6.81347472e+02,     2.65591728e+02, -2.40996389e+02,  2.09515195e+02, -3.62254662e+01,    -2.70879862e+02,  1.42302449e+02,  1.58109937e+02,  7.77658088e+02,     6.84307970e+02,  4.51092094e+02,  5.95166044e+02,  6.20397246e+01,    -2.34044975e+02,  1.32330967e+02, -2.84937912e+02, -4.36241399e+02,    -4.96629853e+02, -2.34091206e+02, -9.23485175e+02, -2.66738369e+02,    -7.33505514e+02,  1.83713195e+02, -3.95127775e+02,  3.51989407e+02,    -8.20709021e+02, -2.75057273e+02,  4.19925485e+02,  1.91777948e+02,    -7.38216653e+02,  5.29372670e+02, -2.08299955e+02,  4.47767870e+02,    -2.20735815e+02, -6.76992282e+02,  1.05530433e+02, -5.46647516e+02,    -1.14036069e+02,  1.56036179e+00,  3.64346524e+02,  1.07039527e+03,    -3.88302120e+02, -2.98631455e+02, -2.59042835e+00, -1.20809309e+02,    -6.93440650e+02, -4.76605087e+02,  4.23291855e+02, -2.15999541e+02,     1.44286989e+02, -4.16863621e+02, -1.27703489e+02, -3.42526527e+02,     4.56274629e+02,  1.29760217e+02, -1.91909646e+02, -1.16111249e+02,     8.78089407e+01, -7.31848046e+01,  3.73021088e+02, -2.14532829e+02,     4.57559404e+01,  2.94195842e+02,  1.48867396e+02, -1.51770711e+02,     1.32287368e+03,  4.65630709e+02,  3.05714162e+01,  8.72722009e+01,    -5.28845959e+02,  2.63756358e+02, -6.41152228e+02, -2.20191308e+02,    -4.71694497e+02, -1.62410112e+02,  4.74035974e+02, -4.83066056e+02,     1.57674700e+02, -2.39174170e+01,  2.67370376e+01, -3.17206313e+02,    -3.80160005e+02, -3.45089377e+00, -3.63580571e+02, -1.89598348e+02,    -3.50623607e+02, -8.79450137e+01, -3.06232657e+02, -4.39369784e+02,     1.93872474e+02, -1.47190724e+02,  1.80240432e+02,  8.70375632e+01,    -6.28431675e+02, -4.67124683e+02, -3.40651482e+02,  3.05331887e+02,    -9.09441394e+00, -5.41171901e+02,  4.96711525e+02, -3.40833873e+02,     4.68502937e+02, -2.57945638e+02, -4.16734949e+02,  2.25811640e+02,    -5.80420901e+02, -3.31982617e+02,  5.44005316e+02,  1.55134248e+02,    -3.47254892e+02,  4.50778634e+02, -1.47074762e+02, -3.23609762e+02,    -2.62987962e+02, -4.15298815e+02,  2.01998620e+02, -7.73991048e+02,    -7.11346103e+02, -8.16503284e+01, -2.55848780e+02, -4.71575963e+02,     6.16200141e+02,  1.12821440e+03, -2.80821536e+02, -2.63808051e+01,    -5.40295517e+02,  5.62490984e+02,  1.59889834e+02, -1.69167701e+02,    -3.27909377e+02,  1.43589421e+02, -5.19652626e+02, -1.71858962e+02,    -7.58662814e+02,  3.00143471e+02,  1.11366692e+02,  3.32583499e+00,    -5.88504834e+01, -2.95167711e+02, -7.62094480e+01,  1.09341668e+03,    -1.61753151e+02, -3.96346004e+02, -5.78650603e+02,  1.12033880e+02,    -3.07420715e+02,  7.67850867e+01,  2.51222216e+02,  5.64358343e+01,     2.42389749e+02,  1.04565637e+02,  5.08317701e+02,  2.61247715e+02,    -2.89732270e+02,  3.63431687e+02,  2.96245366e+02,  9.54699793e+01,     3.81453560e+02, -2.10883315e+02,  6.21360339e+02,  1.58459460e+02,    -2.58700224e+02, -5.06280110e+01, -1.63163090e+02,  2.03119309e+02,    -2.24792656e+02, -2.71625569e+01, -9.44542915e+01,  7.07389683e+02,     4.59124196e+02, -5.76392173e+02, -3.67511725e+01, -4.60135907e+02,    -1.48288819e+02, -1.94188640e+02,  6.52280649e+01, -1.23290700e+01,    -2.22815540e+02,  1.08058183e+02, -6.08553199e+01, -9.02968377e+01,     7.40413931e+02,  1.54152846e+02, -6.92021439e+02, -3.77257900e+02,     7.88595565e+02,  2.34354484e+02, -7.24198655e+01,  9.10963001e+02,    -1.57792236e+02, -9.51637409e+01, -5.10865927e+01,  1.16889398e+02,     2.43997783e+02,  3.41319952e+01,  2.29548951e+02, -1.33146237e+02,    -2.67926263e+02, -3.69548025e+02, -4.11382790e+02,  3.82541831e+02,     1.08226771e+02,  3.24060088e+02,  1.19152894e+02,  7.56758538e+02,     1.50383021e+02, -6.97763517e+02, -2.92780558e+02,  8.35735817e+01,    -2.37283408e+02,  5.31119668e+02, -1.10397879e+02,  1.57017455e+02,     4.27019111e+02, -6.29478281e+02,  1.26983427e+03,  1.65080917e+02,     2.01812764e+02,  3.00304237e+02,  6.99274694e+01, -5.73215808e+00,     3.07805421e+02, -3.04489340e+02,  6.99974838e+02,  6.03662350e+02,    -3.54446319e+02,  1.29628098e+02,  5.94890427e+02, -1.84715821e+02,     1.35850138e+02,  3.63586494e+02,  3.64240650e+02, -6.70594583e+02,    -1.17341578e+02, -2.99183966e+02, -2.94219497e+01, -3.64506638e+01,    -1.98335688e+01, -1.38785397e+02, -2.52827278e+02,  7.20308193e+01,     8.65847829e+01,  4.57170636e+02, -3.61096173e+02,  3.31516642e+02,     3.83912512e+02, -1.42261438e+02,  7.55598064e+02, -5.82705271e+02,    -8.99565533e+02, -5.61374500e+01, -7.24883800e+01, -3.77395803e-01,     6.72519124e+02, -6.16252688e+01,  3.46801734e+02,  4.12332861e+02,     3.23321427e+02, -8.87796840e+01,  5.38548451e+02, -1.35746895e+02,    -2.78516146e+02, -3.94802082e+02,  4.67018698e+01,  3.29221936e+02,    -4.27343034e+01,  3.26164066e+02, -2.42696665e+01,  5.43600854e+02,     1.70370990e+02,  7.46407790e+01, -4.50757820e+01,  2.88903887e+02,     3.21557875e+02,  1.68975814e+02, -6.61656511e+00, -4.57645174e+02,     2.56657683e+02,  1.69054482e+02,  3.15062641e+02,  2.65112376e+02,     3.00062413e+02, -4.97600663e+01,  2.33322645e+02, -2.08923806e+02,    -1.05931332e+01, -4.73904493e+02, -2.65014676e+02,  3.34905969e+02,    -7.72211329e+02,  2.49893891e+02,  1.44999362e+02,  7.06590106e+02,    -2.19435849e+02,  2.60854280e+02, -9.78159193e+01, -4.11829069e+02,    -6.11704774e+02, -7.06484835e+01, -7.51033373e+02,  1.35155366e+02,    -1.77184748e+02,  2.54902166e+02,  1.73596200e+02, -2.20134695e+02,    -2.15716291e+02,  3.29439438e+02, -5.10901003e+02, -1.04964677e+02,    -1.76501990e+02,  2.01657348e+02, -4.23649032e+01,  4.83586563e+01,    -1.83442298e+02,  4.83975919e+02, -4.07660238e+02,  8.37075664e+01,     5.13807988e+02, -2.93413064e+02,  1.64843580e+01, -2.95903310e+01,    -5.85099172e+02, -3.94335929e+02, -6.72893528e+01,  2.25723611e+02,     2.72948702e+02,  4.16334499e+01, -6.96456633e+01,  1.88433850e+02,    -3.83715720e+02,  3.47474992e-02, -4.29545092e+02, -2.31836239e+02,     4.01187743e+02, -2.50470596e+02,  5.48195532e+02, -1.81962042e+02,     2.99881095e+02,  2.18214528e+02, -5.29511520e+02, -2.42778153e+02,     7.08598959e+01, -3.39115061e+02, -2.99582430e+02, -7.37106471e+02,    -4.75197472e+02, -4.45581285e+02, -3.67181141e+02,  2.00516933e+01,     1.13648372e+02,  1.00953394e+01,  1.78859378e+02, -4.86165723e+02,     1.24811177e+02,  1.78792784e+02, -5.66279465e+02, -5.46793632e+02,    -3.49313396e+02, -2.01327588e+02,  1.66007839e+02,  6.62138737e+00,    -3.78777937e+02,  3.02284204e+02, -1.70025385e+02,  4.25434599e+02,    -7.59532320e+02,  5.13368682e+02, -3.20371614e+01, -3.14590198e+02,    -2.23352840e+02,  2.63744629e+01,  3.63202646e+02, -6.42154524e+02,    -1.19852872e+02, -1.74543169e+02,  4.16444205e+02,  7.13592664e+02,    -8.27445614e+02,  7.95200575e+02,  3.86782456e+02, -6.35432650e+02,    -3.00028365e+02,  6.49884649e+02,  5.12808406e+02, -1.55213607e+02,    -3.09651590e+01,  9.22276087e+01,  6.05037024e+02, -4.51405250e+02,     1.39243414e+02, -6.48463636e+01,  2.58743810e+02, -6.30201378e+02,    -6.38432454e+01, -2.86050926e+02,  4.02992824e+02,  3.62696353e+02,    -7.30365924e+02, -4.22269228e+02, -1.93098187e+02, -3.31887060e+02,    -1.24781961e+02, -1.96324799e+02,  3.65336336e+02,  3.54761944e+02,    -5.05967879e+01, -3.93062716e+02, -7.11148123e+02,  3.70492143e+02,    -4.31395481e+02, -2.69029084e+02,  4.13250255e+01, -2.94282966e+02,    -3.54753727e+02, -2.22021059e+02, -3.63061900e+02, -2.28387222e+02,    -4.35260237e+02,  4.97008819e+02,  5.51021539e+02, -2.91567983e+01,    -2.03401333e+02, -1.32449577e+01,  3.63731505e+02, -7.52551134e+02,    -1.80201663e+02,  4.24471564e+02,  5.73392297e+02, -1.55360578e+02,     9.85744684e+01,  4.68756120e+02,  1.33034092e+02, -5.39933731e+01,    -3.77299279e+02,  1.91825704e+02, -3.06376695e+02, -1.37069003e+02,    -1.64767747e+02, -1.59101266e+02,  1.69282889e+02,  6.65536170e+02,     5.25133572e+00,  3.35256148e+01, -7.75567953e+02, -1.50877377e+02,    -3.23314192e+02,  3.95298645e+01, -3.59385123e+02,  6.72833913e+02,     6.95738200e+02,  1.26486974e+02, -1.29818144e+02,  1.22913077e+02,     2.16420349e+02, -4.08051719e+02, -6.55306967e+01,  1.21889129e+02,     1.17892056e+02,  4.84725912e+02,  3.84923961e+02, -1.79614795e+02,     2.41410853e+02, -8.27472465e+02, -3.75331521e+01,  7.28884268e+02,     8.34047448e+01, -7.71499233e+00,  2.85220875e+02, -2.45833766e+02,     7.91868641e+02, -1.07476221e+02,  7.25620696e+02,  3.16883998e+02,    -3.29453041e+02,  2.62084791e+02, -2.61846547e+02, -5.88427707e+02,    -3.43833188e+01, -4.84027578e+02, -4.57075366e+02, -4.40868728e+01,     2.77138821e+02, -4.97130811e+01, -2.86803101e+02,  6.48347080e+01,    -6.21645691e+02, -7.87285366e+01, -7.08171832e+02,  4.46827862e+02,    -1.24030622e+01, -4.40263338e+02, -1.63094478e+02,  1.47049106e+02,    -2.76507184e+02, -4.03738291e+02,  7.73146157e+02, -1.92824305e+02,    -3.78916157e+02,  2.16715687e+02, -1.03735684e+02,  4.39952890e+02,    -1.66156858e+01,  7.13400927e+01,  8.74101889e+02, -1.52223675e+02,    -3.00759605e+02, -3.25010279e+02, -4.55021091e+02, -2.82923799e+02,     2.44958729e+02,  1.82089212e+02,  1.83679882e+02,  6.41439623e+02,     2.01735744e+01,  1.44720677e+02, -5.68520070e+02,  2.15645604e+01,    -1.99163832e+02, -2.28604398e+02,  1.19392035e+01,  3.02788842e+02,     3.29103492e+02,  6.22576909e+00,  7.96558008e+01,  2.52873315e+02,     3.19934335e+02, -2.05309833e+02, -1.12104433e+02,  1.44382796e+01,    -2.01524097e+02, -6.74134498e+01, -2.36686921e+02,  6.50572242e+02,     5.56734055e+02, -1.08610830e+02,  1.05661289e+02, -2.09213699e+01,    -2.07306331e+02,  2.89396657e+02, -7.47461032e+01,  3.35477276e+02,    -4.61352157e+02,  1.61166413e+02, -9.39898870e+01, -4.67145905e+02,    -2.14831868e+02,  2.33637579e+02, -7.39496744e+02,  3.63168091e+02,     4.23692193e+02, -6.24486416e+01, -4.30761901e+01, -2.67271035e+01,     2.11060053e+02, -2.81654126e+02,  3.12772144e+02,  2.45728354e+02,    -8.95790217e+02, -2.83861670e+02,  1.94748780e+02, -8.05407903e+01,     3.32739968e+02, -5.31298448e+02, -3.86882723e+00, -3.55731665e+02,    -1.06622378e+03,  6.45827373e+02, -5.13395360e+02, -4.97070728e+02,     7.57103313e+01,  1.10520244e+03,  4.16931631e-01, -1.88748234e+02,    -1.80476607e+01, -6.16429162e+01, -7.62105280e+02, -5.33170712e+02,     6.71747785e+02, -4.48368344e+01, -3.39281828e+02,  4.32256033e+02,    -2.96900760e+02,  3.41339291e+02,  4.66819186e+02, -5.29436235e+02,    -2.23483013e+02, -2.96793001e+02, -1.29495927e+02, -1.67731732e+02,    -6.04865305e+01,  1.17952078e+02, -2.90109903e+02,  2.55839944e+02,     5.13575913e+02, -1.36913490e+02, -1.53518311e+02,  1.19144742e+02,     4.93053686e+02,  4.20773488e+02,  3.31916425e+01, -1.64677115e+01,    -4.85052855e+01, -4.39250696e+02,  3.26753508e+02, -2.07988865e+02,     1.72420902e+02, -1.33640329e+02,  2.48982043e+02,  1.51273258e+02,    -6.80761763e+02, -2.38204336e+02, -6.79641821e+02, -2.81665585e+02,     6.52921663e+01, -1.48633001e+02,  2.57945599e+02, -2.48206625e+02,     1.58614557e+01,  9.00861218e+01,  6.40796803e+02,  3.22880848e+02,    -2.35611792e+02,  1.75331131e+01,  9.74359481e+01,  3.42687447e+02,    -4.71429792e+00,  4.36917893e+02,  2.10060250e+02,  7.67697659e+02,     2.14766130e+01,  5.87855040e+02, -2.24482563e+02, -3.31905328e+02,     7.00398527e+01,  6.68977758e+01,  2.61375927e+02, -5.81617906e+01,    -1.36572518e+02,  2.22812852e+02, -3.95578052e+02, -4.47572187e+02,     6.61804404e+02, -4.95870588e+01, -3.68301915e+02, -4.36105315e+00,    -1.21429417e+02,  3.03846229e+02,  2.84716690e+02, -1.67401502e+02,     9.21486109e+00, -2.32855790e+02, -2.81918573e+02, -2.46173648e+02,    -8.24791061e+02, -2.76024065e+01, -5.55518412e+02, -4.74714797e+02,    -3.38183201e+02,  1.51575067e+02, -3.23668573e+02,  1.89835880e+02,    -4.87662022e+02,  9.91045924e+00, -3.51050046e+02,  6.39210234e+01,     1.01899015e+02,  2.51786051e+02, -1.69491062e+02, -1.28310497e+02,     2.25219782e+02,  5.18379008e+02,  2.81093425e+02,  6.58264507e+01,    -5.88103728e+02, -1.19492524e+02, -2.64399621e+02, -5.22929958e+02,     3.55624186e+02, -2.97137867e+02, -3.81288850e+01, -1.98825273e+02,    -8.73401241e+02,  4.31203867e+02, -1.44876517e+02,  3.54071346e+02,    -5.98766895e+02,  5.64999389e+02,  3.77287751e+01, -2.67953717e+02,     3.99189615e+01, -1.99595846e+02, -5.86836686e+02,  1.22501709e+02,     2.44272406e+02,  2.72308918e+01, -3.12152307e+02, -1.13006121e+02,     1.41709043e+02,  2.53060974e+02,  5.52733846e+02,  2.17723321e+02,    -2.02983521e+02,  7.63288403e+02,  2.46943784e+02,  3.37967076e+02,    -1.44650677e+02,  2.30396375e+02,  1.51136283e+02, -5.30899524e+02,    -1.61637323e+02, -3.39966308e+02, -2.71163486e+02, -9.01703493e+01,    -1.50320029e+02, -3.22518306e+02, -9.78825215e+02, -2.62220269e+02,     1.32631326e+02,  8.84987024e+01,  8.14735109e+01,  4.25223983e+02,     1.59836965e+02,  2.75306672e+02, -3.66056721e+02,  3.96835891e+02,    -4.24248964e+02, -6.57268018e+02,  1.67111508e+02, -3.48166691e+02,    -3.61572006e+02, -1.35778275e+03, -1.02065673e+02,  6.89107368e+02,     4.00691324e+02, -8.68445632e+01, -1.03537883e+02,  2.56528835e+02,     5.87052464e+02, -3.47235475e+02, -8.35142307e+01, -2.74687553e+02,    -3.07445182e+02, -2.93655301e+02,  1.37084951e+02,  6.15117667e+02,    -5.67742674e+02, -4.57355712e+02,  2.11570735e+01, -7.51865081e+01,    -1.23179094e+02, -8.00169997e+02,  4.88073539e+02,  2.15073022e+02,     7.77418862e+01,  4.16810018e+02, -2.61105234e+02,  2.55836462e+02,     2.33268669e+02,  4.66239561e+01, -4.12905972e+01,  1.04882294e+02,    -1.40614764e+02,  4.05093675e+02, -3.74886236e+02,  3.62712492e+02,     8.13466574e+01,  9.76109118e+01,  2.00816891e+02, -7.41137313e+02,     5.55682139e+01, -5.52267769e+02, -4.35560184e+02, -4.22686539e+02,    -3.88393052e+02,  1.03072480e+01,  1.12722845e+02,  4.15126251e+02,     8.24505041e+01,  1.19210135e+02, -6.11143581e+02, -2.16149189e+02,     2.83586559e+02,  1.05582979e+01,  1.52706239e+01, -7.13011139e+01,     3.14985882e+02, -7.85316140e+02,  9.06077287e+01,  2.01881621e+02,     3.91088421e+02,  3.35656873e+02, -4.88822583e+02,  6.73583274e+01,     3.73034128e+01,  4.04217210e+01,  1.72732350e+01, -1.67296866e+02,    -2.73461736e+02,  1.36123099e+02,  5.36909974e+02, -7.45274103e+01,     8.40070381e+01,  1.52550637e+02, -2.15057454e+02, -2.12550729e+02,    -9.97107476e+02, -3.31630825e+02, -4.40049657e+02, -6.44207076e+01,    -5.47707256e+02,  6.45328448e+02, -2.53880399e+02, -4.54242668e+02,    -1.34508863e+03,  5.64343722e+02,  1.18806258e+02, -1.17393480e+01,    -5.27865261e+02,  9.08133097e+01, -1.48730802e+02, -2.79754326e+02,     1.00148554e+02,  2.75206131e+02,  6.81813112e+01, -1.50289758e+02,    -2.67519834e+01,  8.02010273e+00,  1.62106181e+02, -5.25387264e+02,     6.02072194e+02, -3.59790248e+02, -2.32540341e+02, -3.64144407e+02,    -8.37567422e+02,  8.10427128e+01, -4.11090939e+02, -1.88427175e+02,     2.91779054e+02, -2.08828984e+02,  2.30082750e+00, -8.64429367e+01,    -2.19439765e+02,  1.46148987e+01,  4.57254612e+02, -4.46511115e+02,     7.94734008e+02, -1.70490737e+02,  2.90795661e+02, -6.92526130e+01,     1.28825504e+02, -9.98792862e+01,  4.01469439e+02,  5.38282526e+02,     1.71324083e+02,  4.71232980e+02, -3.32540859e+02, -2.78699579e+01,    -1.96162214e+02,  5.83995449e+02,  4.94561732e+02,  3.78510147e+02,    -1.29704219e+02, -2.59837457e+02,  2.30409911e+02, -2.21535948e+02,    -1.18186904e+02, -6.21575165e+01, -2.25831356e+02,  4.39798963e+02,    -5.02102583e+01,  3.38797354e+02,  1.21841205e+02,  1.45124485e+02,    -2.92942935e+02,  2.76323563e+02, -1.54261516e+02, -1.11705536e+02,    -2.57580576e+01, -4.35667965e+02,  6.57689677e+02, -2.42481647e+02,    -3.37841761e+01,  1.72616665e+02,  1.46809801e+02,  6.07841185e+02,    -1.44490770e+02,  6.58464844e+02,  5.99393548e+02, -8.34787217e+02,     7.41752030e+01, -1.74369077e+02,  1.24404686e+02,  7.32742333e+01,     1.52402177e+02,  5.18350626e+02,  7.96771394e+02, -6.72591637e+02,     6.56980039e+02, -7.94249992e+02, -6.62048411e+02, -1.06917837e+02,    -8.43190857e+00,  6.06548545e+02,  3.29200063e+02, -1.54658832e+02,    -7.94715357e+02,  6.04505803e+02, -3.86718933e+02, -6.57876050e+00,    -4.22916640e+01,  1.06690242e+03, -2.42780750e+02, -9.03726757e+02,     2.66103583e+02, -1.39039665e+03,  9.59896232e+01, -3.06975127e+02,    -1.55416525e+02, -2.33760119e+02, -5.02892966e+02,  3.50259252e+02,    -3.10216628e+02, -8.10127267e+01, -6.71607712e+02, -5.75966051e+01,    -4.12611968e+02, -6.38103293e+02, -1.04902368e+03,  8.60391714e+01,    -2.77458567e+02, -5.27709888e+00, -1.15682549e+02, -6.80055126e+02,    -5.43228466e+02, -4.53962932e+02, -4.57641873e+02,  4.70456437e+02,     7.95536097e+01, -4.10252839e+02, -1.56022543e+02, -1.93006855e+02,     3.19380128e+02, -2.86242419e+02, -1.03516061e+02, -1.93187153e+02,    -3.08484661e+02, -3.22098945e+02,  3.29079748e+02, -1.48571974e+02,    -7.81210112e+02,  6.60523552e+02,  4.02007401e+02,  5.11007794e+01,    -6.21377575e+02, -6.48746291e+02,  9.39006508e+01,  1.12102931e+01,    -2.58234540e+02, -4.17077647e+02,  3.03253761e+02, -6.79322473e+01,     2.35548342e+02,  4.22503317e+02,  2.89726130e+02,  3.01093242e+02,     2.18562948e+02, -1.75511926e+02, -1.07555209e+02, -1.87891260e+02,    -2.99208888e+02, -3.93166847e+02, -5.54560434e+02, -3.34642598e+02,    -6.87684799e+01, -6.80812738e+02, -7.64153920e+01,  2.79986655e+02,    -6.17290553e+02,  2.14044194e+02,  1.87089673e+02, -6.03416269e+02,    -4.86631108e+02, -1.35607442e+02,  1.79906722e+02, -3.38998821e+02,     6.01015089e+02,  5.39648296e+02, -6.41866652e+02,  4.30549489e+02,     3.03185345e+02,  6.50501203e+01,  2.14204119e+02, -3.65535493e+02,    -1.23107772e+02,  4.81702518e+01,  1.52345020e+02,  3.86857750e+02,    -4.35019954e+02, -3.93446485e+01,  1.50443311e+02, -1.19742465e+01,    -2.29122532e+02,  1.68161320e+02, -2.27525341e+02, -1.72571518e+02,     3.03384073e+01, -5.12915016e+02,  2.97734032e+01, -1.97121873e+02,    -1.09186179e+02,  8.72097511e+00, -4.85196198e+02,  4.84091962e+02,    -2.29232885e+02, -1.10922926e+03, -7.23646145e+02,  3.34038212e+02,    -3.05879654e+02, -1.48281289e+02, -2.49441205e+02, -1.42503080e+02,    -8.57135315e+02, -9.25642240e+01, -5.46997929e+02, -2.86304313e+02,     2.19431502e+02,  6.36660610e+02, -2.54529443e+00, -2.49491499e+01,     4.99543176e+02, -4.34504879e+02,  3.04174374e+02,  7.78237453e+01,    -3.58092165e+02, -1.56652445e+02,  2.10461782e+02,  1.59437569e+01,     8.47171887e+01,  9.73805699e+01, -2.02046827e+02, -2.37231590e+02,    -4.49626618e+02,  4.29589696e+02, -5.43701503e+02, -3.98930715e+02,     8.24577128e+01, -7.64412312e+02,  1.65351569e+02,  5.35906806e+02,    -4.25495055e+01,  6.15092544e+01, -2.13113574e+02, -1.74296575e+02,     8.85145174e+01,  3.20910856e+02, -3.44934957e+02,  2.62026785e+02,    -9.33671673e+01, -3.06910795e+01,  2.29038637e+02,  1.62005492e+02,    -7.75179449e+01, -2.32765712e+00,  2.07357236e+02,  2.38494629e+02,    -6.12299925e+02,  5.24957872e+01,  4.60790417e+02, -8.28358210e+02,     2.77467153e+02, -1.01805396e+03, -8.04069663e+01, -1.26456915e+02,    -6.90135574e+01, -7.72856506e+01, -2.21802609e+02, -3.29596326e+01,     1.39907692e+02, -2.06795093e+02,  1.20323015e+02,  7.41320558e+02,    -5.46965242e+02, -2.27821013e+02,  3.12033137e+02,  2.09886767e+02,     3.53924944e+02,  1.41038100e+02,  2.39695006e+02, -1.58239017e+02,    -4.17952177e+02, -3.63112386e+02, -1.80647881e+02,  8.31479059e+00,    -3.57683543e+02, -1.29636898e+02,  5.64555427e+01,  1.98498561e+02,    -8.48663286e+01,  4.79990717e+02, -4.36189976e+02, -4.29683058e+01,    -2.39556298e+01,  2.39388666e+02, -3.46931769e+02, -2.18541507e+02,     2.31625472e+02,  4.24371675e+02,  5.97189679e+02,  2.98704280e+02,     3.53243846e+02, -2.53014831e+02,  5.31747339e+02,  5.76485732e+02,    -5.25408385e+01,  3.33470094e+02,  3.24259389e+02, -2.16112336e+02,     1.62719023e+01,  5.23027112e+02, -2.35945404e+02, -1.04151765e+02,    -5.16871718e+02,  2.28219017e+02, -6.52766250e+01,  1.51894697e+02,     8.07478278e+01, -3.55826942e+02,  3.91044137e+02,  3.46999844e+02,    -2.03205109e+02,  1.57278867e+02, -4.89209364e+02, -4.39807143e+02,     2.00720457e+02, -5.88879001e+02, -2.30654051e+02,  8.19027784e+01,     6.89624367e+02, -2.06709589e+02, -8.87591085e+01, -1.27214547e+02,     9.76675881e+02,  1.22922214e+02, -3.70056755e+02,  5.83724019e+02,     5.36902378e+02,  2.57860360e+02,  6.23204581e+02,  6.90947185e+02,    -8.83408141e+01, -2.54964476e+02, -2.75794737e+02,  2.29017553e+02,     3.21269460e+02, -4.27112850e+01, -1.77298323e+02, -5.24341074e+02,    -2.55616485e+02, -3.76565368e+02,  2.51891849e+02,  1.28175246e+02,     5.33917537e+02,  4.94494993e+01, -2.12049397e+02, -6.64955454e+01,     3.41174840e+02,  1.10067080e+02,  4.35502775e+02,  4.88075026e+02,    -1.16606702e+02, -7.76257219e+01, -8.25042768e+02,  4.53651730e+02,    -4.39171563e+01,  4.28019391e+02, -1.56908746e+02, -4.98917427e+02,     1.68171713e+02,  5.90674168e+02, -2.09956070e+02,  5.80701004e+02,    -6.14591554e+02, -1.91349353e+02, -6.64807939e+02,  1.86680593e+02,     9.58907645e+01,  9.54037725e+00, -5.08285797e+02,  7.44699774e+02,     4.47839609e+02,  6.76626006e+01, -3.91698437e+02,  1.85595166e+02,    -2.30067089e+02, -7.51353889e+01, -1.86055193e+02,  1.76617053e+02,    -8.64311996e+01, -1.73282609e+02,  1.63795566e+02,  2.23254886e+02,    -7.24793805e+02,  1.63976850e+02,  5.68226230e+02,  3.55340799e+02,    -1.12137510e+02,  2.85114826e+01, -3.05092868e+02,  5.00970331e+02,     1.47623539e+02, -5.62062079e+01, -5.77298055e+01,  9.24388677e+02,     3.67930979e+00,  2.62917786e+02,  6.13708189e+02,  8.28008114e+02,     5.41337768e+02,  3.58137690e+02, -5.39338167e+02, -3.67844088e+02,     2.93771985e+02,  1.53016577e+01,  2.73363564e+02,  1.55339127e+02,     4.98281960e+02, -6.57145306e+02, -4.14883417e+02, -5.51395528e+01,    -7.33223876e+02,  1.65703998e+02,  3.35744635e+02,  1.15185693e+02,    -1.91961923e+02,  1.99560222e+02,  1.20271389e+03,  2.21529029e+02,     1.29619095e+02, -4.14359111e+02, -5.59104155e+02, -1.32180668e+02,     2.64116426e+02, -4.53717100e+01,  1.79658994e+02,  2.97307108e+02,    -5.06776151e+02,  2.11832947e+02,  4.39256310e+02,  4.95926227e+02,    -4.71441861e+01,  1.03581655e+01, -7.82553122e+01, -4.27100130e+02,    -5.63826442e+02,  7.06214817e+02, -5.76507934e+01, -5.01706003e+02,     1.88143646e+01, -1.95535894e+02,  7.73154290e+02, -2.02010553e+02,    -2.91535204e+02,  2.64725148e+02, -1.24700967e+02,  3.68421448e+02,    -4.60192132e+01,  8.50505504e+02,  4.25679486e+02, -8.14103373e+00,    -3.06378956e+02,  2.11584335e+02, -4.69888570e+02, -9.70392558e+01,     5.15656336e+02, -2.37386514e+02, -3.98641631e+02, -1.87284028e+02,     4.38385768e+02,  1.23267496e+02, -7.02507690e+02,  2.60659191e+02,     1.27181601e+02,  5.95930834e+01, -4.31745441e+02,  1.60110387e+01,     2.97358950e+02,  4.32216344e+02,  5.42545252e+02,  2.22816930e+02,     3.53937428e+01, -4.30290312e+02, -4.03539478e+02, -6.28230359e+02,    -7.99340635e+01,  2.68126156e+02, -2.07559693e+01,  4.52167398e+02,    -2.69113207e+02,  1.53460224e+02, -1.03622088e+02, -2.52636060e+02,     5.02091328e+02,  6.42811323e+01,  5.20638098e+02,  2.72976032e+01,     2.09929294e+02, -1.66774820e+02,  5.30032992e+02, -1.03984733e+02,    -3.06962258e+00, -6.61557126e+02, -9.07815311e+01,  6.16047049e+02,     5.63472024e+02,  2.23141569e+02, -1.27259440e+02,  3.18544483e+01,    -1.50652741e+02, -5.10324217e+01,  7.61851530e+02,  1.46200089e+01,    -2.02916882e+02, -9.34291107e+02, -4.56594387e+02, -3.18942257e+02,    -5.68076289e+02, -4.76968325e+02, -6.01766817e+02, -3.93565591e+02,    -3.19574378e+02, -4.06397410e+02,  4.03075137e+02, -2.13260977e+02,    -8.18403630e+02,  3.39777502e+02, -2.46398925e+02, -6.95351445e+02,     8.21993013e+02, -2.03949848e+02,  1.66260374e+02,  3.45459850e+02,     1.03331052e+01,  2.19646240e+02,  7.35927694e+00, -1.28973881e+01,    -1.16397200e+02, -6.16043228e+02,  9.03384137e+01, -1.10268805e+03,     5.54994303e+02, -3.70414991e+02, -1.16679140e+02, -1.49752217e+02,     9.18145550e+01, -1.58328972e+02,  2.42779749e+02, -4.55855741e+02,     3.22085970e+02,  3.33889622e+02,  1.29579290e+02,  8.38264606e+01,     1.69458509e+02,  6.38299188e+01,  2.56284916e+02, -8.19141747e+01,    -5.33183469e+02,  8.40428140e+01, -1.98342872e+02, -3.95976360e+01,     4.24126028e+02, -6.88105433e+02,  1.01340928e+01,  1.23167842e+01,     7.24264736e+01,  2.81847752e+02, -1.16697152e+02,  7.10841770e+02,     4.08285271e+02, -1.48212863e+02, -8.89711358e+01,  1.69788777e+01,     6.60567898e+02, -4.70605321e+02, -8.82834997e+02,  2.45566252e+02,    -1.03498232e+02, -1.08381703e+02,  1.43851255e+02,  6.64792774e+02,     4.04288070e+02, -1.49854230e+02, -4.28155400e+02, -5.14881591e+01,     2.49559673e+02, -1.12640092e+02, -6.31040690e+02, -2.54409303e+01,    -7.89580321e+02, -4.13275174e+02,  6.77721218e+02, -4.36209733e+02,    -5.67306006e+02, -4.42772773e+02, -3.00918697e+02,  2.85275916e+02,     7.01692171e+02, -4.44005635e+01,  2.32865191e+02, -1.53539533e+02,    -5.91717510e+02,  3.98342941e+02, -3.89037386e+02,  2.39970657e+02,     3.07768977e+02, -6.59927913e+01,  3.50756646e+02,  3.71374253e+02,     9.16259776e+02, -1.26379184e+02, -3.92945194e+02, -5.42133496e+02,    -1.28996841e+02, -2.24762056e+02,  8.61408475e+02, -3.76737497e+02,     8.56843121e+01,  6.16296817e+01, -2.21208108e+02, -6.92510722e+02,    -5.51837249e+01,  8.31782221e+02,  9.46265514e+01,  5.98216199e+01,    -4.56479353e+02, -5.13709594e+02, -8.39731030e+01,  4.10194564e+02,    -1.92138770e+02,  9.04706325e+02, -3.74528808e+02,  1.45706103e+02,    -1.73891169e+02, -5.80448618e+02,  2.67180501e+01, -4.34133784e+02,    -6.33218131e+02,  7.17267646e+01,  1.90477185e+01,  4.39733189e+02,     1.80354262e+02, -2.88137769e+02,  1.92637811e+02, -7.04177769e+02,    -4.48404343e+02,  7.71532631e+02,  1.09339785e+02, -1.17135187e+02,    -2.73965431e+02, -3.99535651e+01, -6.64953278e+01,  7.27120282e+02,     3.49340908e+02, -1.23753272e+02, -5.69348863e+01, -3.42324167e+02,    -1.72780962e+02, -5.71139452e+02,  4.10244251e+02,  6.44371742e+01,     1.15694617e+02,  1.30071249e+02, -4.83358903e+01, -1.56471061e+02,    -3.33606521e+00, -9.05659228e+02, -1.61798019e+02, -6.94349709e+01,    -7.72374617e+01,  4.64982078e+02,  5.38230637e+02,  1.36606385e+02,    -8.14728497e+02,  5.43728981e+02, -1.70558910e+02, -3.28611813e+02,    -7.44071077e+02, -2.77739528e+02,  5.03648306e+02,  2.35642176e+02,     6.36462741e+01,  2.62586960e+02, -4.95123556e+02, -3.79125486e+02,     4.72544107e+02,  3.25485488e+02,  4.38722544e+02, -6.57089125e-01,     6.03879478e+01,  4.70702391e+02,  8.43097063e+02, -2.08277562e+02,     3.23897281e+02, -1.46420994e+02, -3.59373028e+02, -2.92844630e+02,    -2.61997902e+02, -1.27269199e+02, -4.34239096e+02, -1.98686327e+02,    -1.18662481e+03,  2.89626026e+02,  1.66758828e+02, -3.12675737e+01,    -3.54242931e+02, -1.92054780e+02, -4.58318964e+02,  1.00473026e+02,     7.01685015e+02, -1.74215895e+02, -1.41131859e+02,  1.86176432e+02,    -4.13711919e+02,  7.39736206e+02,  1.42058584e+02,  1.53930944e+02,     4.40623669e+02,  1.29761079e+01,  4.77875201e+02,  1.40932751e+02,    -7.25865961e+01,  7.99642617e+01, -2.31897237e+01,  5.90476059e+02,     7.85379654e+01,  1.28554646e+02, -7.75250804e+01,  1.13833042e+02,    -7.88811164e+02, -3.19151216e+02, -3.92622111e+02,  4.37386076e+02,    -2.49516428e+02, -5.47135403e+02,  5.03129270e+02, -1.03114810e+02,     3.72369502e+02, -7.80669172e+02,  2.11667005e+02,  6.44096594e+01,     4.97610435e+01, -7.43328131e+01, -5.59184277e+01,  4.21328441e+02,    -9.82124019e-01, -4.22449474e+02, -1.37461694e+02,  2.14860711e+02,    -9.96351741e+02, -7.91683685e+02,  1.13952430e+01,  9.63555221e+01,    -3.72636756e+02, -3.71460702e+01,  9.23138677e+02,  2.81091093e+02,    -4.77685389e+02,  7.99339453e+01, -7.61704868e+01,  9.01457280e+01,    -2.93450231e+02,  1.58875126e+02,  2.41425849e+02, -5.72713809e+01,     9.59903533e+02, -8.90606289e+01, -2.75125032e+02,  1.66380305e+02,     3.52033705e+02, -3.03738047e+02, -2.55245366e+01,  8.19424929e+02,    -1.98881464e+01,  5.01732926e+02,  1.23940294e+02, -8.12740158e+01,    -2.22658301e+02,  4.85105447e+02, -4.70853483e+02, -1.81452224e+01,    -1.29526740e+02, -3.61679589e+02,  1.43184715e+02,  2.04690803e+02,     7.49827312e+01, -1.49110771e+01, -3.30813801e+02,  1.56184413e+02,    -1.47546108e+01, -2.12730242e+02, -1.84761776e+02,  1.68061952e+02,    -4.42631251e+01, -3.13506994e+02, -9.11894288e+02,  7.71951094e+01,     1.99164569e+02, -4.01078317e+02, -1.91967183e+02,  7.05280658e+02,     6.35656260e+01,  3.02863160e+02,  5.68802687e+01,  3.16554461e+02,     4.44523270e+01, -3.36677283e+02, -3.43585903e+01,  7.08001484e+01,     2.37989697e+02,  6.85670224e+02,  4.19609831e+02,  1.97364991e+01,     1.47029881e+02,  5.16209704e+02,  2.24396852e+02, -6.19002598e+02,    -2.29705426e+02,  1.15704739e+02,  7.30102305e+01,  2.24696949e+02,    -4.48885547e+02,  1.07024860e+02,  3.45393979e+02,  4.20616428e+02,    -3.82458778e+02, -4.25763947e+01, -1.97930155e+01, -1.17499151e+02,    -2.81243245e+02, -1.67950724e+02, -2.93629927e+01,  6.96628552e+01,     3.53673083e+02, -2.65608418e+02,  6.84022200e+02,  3.05687441e+02,     2.17888995e+02,  2.85536805e+02,  2.58529921e+02,  2.80943998e+02,     4.61888940e+02, -3.79659014e+02,  5.40919517e+02, -9.52481932e+02,     2.65451795e+02, -9.28228005e+02,  7.18977995e+02,  6.24368349e+02,    -9.83283782e+01, -4.20717095e+02, -3.60798717e+02, -4.92197800e+02,    -5.29875491e+02,  4.92908002e+02,  3.66636027e+02,  2.07179575e+02,     2.69705852e+02,  3.48237764e+02, -3.29022057e+02, -1.70701430e+02,     4.90361440e+02, -1.07204696e+02,  4.51704532e+02,  6.25132848e+02,    -3.64850210e+01, -6.16699328e+02,  1.38215606e+01, -1.02476602e+01,    -8.41681071e+01,  6.90476628e+00, -5.73472591e+02, -1.55319504e+02,     5.27735281e+01,  7.77430572e+01,  4.13842123e+02, -3.41183713e+02,     5.22397652e+02, -3.45381599e+02,  1.91149393e+02,  3.33982361e+02]
gas_BEE = [-1.03695449e+01, -2.57669557e-01, -2.27135498e+00,  7.25980751e+00,    -3.60137090e+00, -2.83599547e+00, -7.23434988e+00, -1.56613392e+01,    -6.43936699e+00, -6.98425318e+00, -5.71928386e+00,  4.63760010e-01,     3.55073571e-01,  1.31130189e-01,  5.61951782e-01,  7.77380232e+00,    -3.60363515e+00, -2.46411453e+00,  3.61369197e+00, -1.83980900e+01,     9.06449419e+00, -3.69487058e+00, -1.03037616e+00, -1.70776715e+00,    -1.72185154e-01, -1.07697787e+00,  1.48597189e+01, -2.98091851e+00,    -1.42533764e+00, -8.88604008e+00,  1.24184792e+01, -1.63892199e+00,    -6.80293469e+00,  3.37315515e+00, -4.89704535e-01,  3.96612451e+00,    -2.18454001e-01,  5.57834997e-01,  5.46982229e+00, -1.69983681e+01,     9.24212424e+00,  1.85550768e+00, -1.27893763e+00, -5.16772700e+00,     2.03249798e+00, -2.50717696e+00,  7.91718125e+00,  5.97424345e+00,    -3.98851856e+00, -5.06108898e+00, -5.00059120e+00, -6.02816372e+00,     3.12000444e+00, -8.60422358e+00,  2.34776522e+00,  9.95020615e+00,     1.15740852e+01,  5.54023880e+00,  2.96290437e+00,  4.92899453e+00,     1.50830771e+01,  3.39495716e+00, -9.23030088e+00, -2.04701894e+00,    -4.68776138e+00,  1.04104657e+01, -1.26186497e+01, -1.01853443e+01,    -5.03316206e+00, -2.12741327e+00, -7.02060677e+00,  4.59243638e+00,     2.20622619e+00,  2.20400459e+00, -6.47581438e+00, -5.81921142e+00,    -9.27513708e+00,  5.91048379e+00, -5.28996209e+00,  4.91220747e+00,    -1.15179854e+00, -5.13305570e+00, -9.01052889e+00, -2.62403040e+00,    -2.50750114e+00, -2.54766390e+00,  6.61529313e+00,  1.20805303e+01,    -7.01071069e+00, -1.32389325e+01, -3.23283072e+00,  1.84205702e+01,    -9.31492381e+00,  5.32919596e+00, -1.54523270e+00, -1.04311386e+01,     4.62668427e+00,  5.61142994e+00, -2.46741391e+00,  5.22944132e+00,    -4.60766488e+00, -9.14959837e+00,  1.58283684e+01,  7.41494416e+00,     4.30808743e+00,  1.93613405e+00,  3.15341348e+00,  1.37136096e+01,    -4.47821799e+00,  5.90250231e-01, -2.33232316e+01,  3.38204475e+00,    -1.13234526e+01,  2.13781227e+00,  3.45980081e+00, -5.70219110e+00,    -8.72770307e+00,  7.86523005e-01, -5.03732053e+00,  6.60252356e+00,    -7.59816658e+00, -8.81563722e-01, -6.28360135e+00, -4.19946006e-01,     2.30273378e-01,  3.12367252e+00,  8.29888676e-02, -1.21011224e+00,     1.04869266e+01,  1.51470955e+01,  8.06042879e+00,  1.19423408e+01,    -2.32006036e+00,  1.55145582e+00,  8.67675743e+00, -1.99277482e-01,    -1.25083691e+01, -6.95701607e+00, -8.20200642e+00, -4.91463865e+00,     4.45204935e+00, -1.98553216e+01, -2.25166866e+00,  7.25589025e+00,    -6.81430668e+00, -5.43450371e+00,  8.91605749e+00,  7.92589711e+00,    -5.00811770e+00,  4.21820722e+00, -4.23282100e+00,  6.25846279e+00,     1.29373350e+00,  2.41123756e+00, -1.39996772e+01, -8.03803600e+00,    -1.59897408e+00, -4.04119119e-01, -6.66519634e+00,  1.81192896e+01,    -2.46795800e+00, -5.05067427e+00,  6.69131668e+00, -7.68922660e+00,    -5.98702082e+00,  5.13488307e+00,  1.78825912e+00,  1.72446656e+00,     2.14299020e+00, -1.87417551e+00,  2.29933744e+00,  9.77873510e+00,    -4.85129505e+00,  3.29607236e+00,  1.49075185e+01,  5.21306319e+00,    -7.17730483e-01, -3.07108134e+00,  2.53252606e+01, -3.65220331e+00,     6.35932869e+00,  4.47811533e+00,  5.24382765e+00,  1.54197475e+01,     7.94759481e+00, -7.28514619e-01,  3.74844763e+00,  8.36582828e+00,     6.25173687e+00, -9.70584816e+00,  1.56166584e+01, -1.43364605e+01,    -2.41957747e+00,  9.46261718e+00,  1.82767019e+00,  7.28316732e-01,     5.08163742e+00,  3.22175422e+00,  5.46733289e+00, -1.03544621e+01,     6.14053111e-01, -4.09225160e+00, -1.06642801e+00, -1.86733814e-01,    -1.83915922e+00, -9.39289677e-01,  1.39807365e+01, -9.32393278e-01,    -4.90115623e+00, -4.22684432e-01,  2.27482436e+00, -1.01835771e+01,    -8.04663360e+00, -5.68416774e+00, -1.03590295e+01, -2.97040030e+00,    -6.85780759e+00,  2.95632833e+00, -8.29848903e-02, -2.00062210e+00,    -1.43728806e+00,  1.07763428e+00, -3.37442689e+00,  1.07459134e+01,    -1.40265693e+01, -2.04755678e+00, -2.63629922e+00,  2.82857688e+00,     3.16328077e+00, -8.21723675e+00, -2.41820533e+00,  7.41228464e+00,    -3.90562331e+00,  2.28077677e+00,  6.06619638e+00, -1.06927460e-01,     1.90999707e+01, -2.59506815e+00, -6.01325969e+00,  2.59852184e-01,    -4.53327191e+00,  8.55977282e+00, -7.25756863e+00,  2.18607146e+00,     8.83239766e+00, -2.29951023e+00,  1.95781675e+01,  2.09147400e+01,    -1.17492101e+01,  9.48426768e+00,  3.31077818e+00, -8.94406145e+00,     3.40866004e+00,  6.51611433e+00,  7.07049718e+00,  7.33683686e-01,     2.87424968e+00,  1.19764152e+01, -3.85059945e+00,  1.82572991e+00,     1.14568164e+01, -5.99226086e+00, -3.29276623e+00,  9.35060106e+00,     5.07288463e+00,  1.28423590e+01,  5.02112630e+00,  1.83451398e+00,     4.10875550e+00,  6.91092368e+00, -8.02129479e+00,  7.88266940e-01,     3.46132637e+00,  1.52720400e+00,  3.85414757e+00, -1.01061815e+01,     5.67909903e+00, -7.22072968e+00, -5.23195855e+00,  2.86835672e+00,    -2.07802443e+00,  9.52870020e+00, -3.37758645e+00,  4.52216407e+00,     5.14711328e+00,  1.31337992e+01,  8.95901591e+00,  8.41544404e+00,    -1.34489844e+00, -1.35259469e+00, -5.11675003e+00,  1.31347935e+01,     1.35869679e+01,  6.15450172e+00, -4.18466185e+00,  8.28336954e+00,    -1.00005990e+00,  3.39137781e+00,  1.10783843e+01, -3.51124360e-01,    -1.83426771e+00, -4.27237590e+00, -9.45890282e+00,  1.59292122e+01,     7.73949697e+00, -1.02118675e+01, -2.96000376e+00,  4.14234838e+00,    -2.01033115e+00,  1.04269380e+01,  2.69177885e+00,  1.32439471e+01,     4.45189608e+00, -4.20575471e+00,  3.39694879e+00, -1.04280183e+00,    -4.58225785e+00,  2.75741316e+00,  3.22979921e+00,  1.47699378e+01,     1.26676543e+01,  9.32486023e+00,  1.17714414e+01,  1.25232176e+00,    -4.55911169e+00,  2.25692809e+00, -5.74518179e+00, -8.76416138e+00,    -9.49385668e+00, -4.98169580e+00, -1.81126040e+01, -5.62326499e+00,    -1.40795980e+01,  3.10394321e+00, -7.67264097e+00,  7.74404323e+00,    -1.57352138e+01, -5.07129284e+00,  7.51806256e+00,  3.57374394e+00,    -1.43659911e+01,  9.39427825e+00, -4.61052334e+00,  8.95258566e+00,    -4.76254605e+00, -1.26530306e+01,  2.70838770e+00, -1.04718460e+01,    -1.50680036e+00, -6.19870891e-02,  7.05528620e+00,  2.07890467e+01,    -7.42652658e+00, -6.21843085e+00, -9.01842562e-01, -1.64493309e+00,    -1.32621166e+01, -9.74073440e+00,  8.68026912e+00, -3.59704031e+00,     3.12113302e+00, -8.09096938e+00, -2.24688754e+00, -7.06263190e+00,     8.27976726e+00,  2.61236389e+00, -4.05885109e+00, -2.40332724e+00,     1.81022455e+00, -1.30444624e+00,  6.62024982e+00, -4.42200646e+00,     1.15434318e+00,  5.44158826e+00,  2.46806540e+00, -3.41277579e+00,     2.58339953e+01,  9.35623481e+00,  1.22413276e+00,  1.40320915e+00,    -1.00057420e+01,  5.28283042e+00, -1.23531310e+01, -5.17286361e+00,    -9.68990540e+00, -3.07609273e+00,  9.65871782e+00, -9.44436437e+00,     3.55809577e+00, -6.57507892e-01,  3.86157272e-01, -5.76849546e+00,    -7.11225617e+00, -8.24977404e-01, -6.34711945e+00, -3.85094613e+00,    -6.51330188e+00, -1.12633121e+00, -5.37933047e+00, -8.19100032e+00,     3.88752947e+00, -2.55724704e+00,  3.50700497e+00,  1.71007587e+00,    -1.22293368e+01, -8.76300675e+00, -7.60956679e+00,  5.66927066e+00,    -5.81537914e-01, -1.03750964e+01,  9.40153096e+00, -7.08373069e+00,     9.15288661e+00, -4.91437501e+00, -7.96591591e+00,  4.52166345e+00,    -1.17331774e+01, -5.72529548e+00,  1.05002562e+01,  3.53251617e+00,    -6.42246218e+00,  9.00036482e+00, -2.69306840e+00, -5.74783141e+00,    -5.05605178e+00, -8.62346784e+00,  4.02268168e+00, -1.48490124e+01,    -1.32983113e+01, -1.05621342e+00, -4.85326686e+00, -9.86270523e+00,     1.23295804e+01,  2.24446148e+01, -4.48218278e+00, -3.71180693e-01,    -1.05165966e+01,  1.08302024e+01,  3.35355474e+00, -2.96184424e+00,    -6.42598091e+00,  2.31939015e+00, -1.00218389e+01, -2.13709743e+00,    -1.46875702e+01,  5.30395010e+00,  2.56617211e+00, -4.44946302e-01,    -1.49024377e+00, -6.12696884e+00, -1.89560035e+00,  2.21134206e+01,    -2.72200467e+00, -7.68937669e+00, -1.12326156e+01,  2.17375921e+00,    -5.95848926e+00,  1.15941763e+00,  5.13115251e+00,  1.03058685e+00,     5.65226504e+00,  2.72171838e+00,  1.00337719e+01,  4.71696249e+00,    -5.72489736e+00,  7.66899401e+00,  5.98129288e+00,  2.09700378e+00,     6.82816674e+00, -4.38579071e+00,  1.19843190e+01,  3.58553647e+00,    -5.31996646e+00, -1.22173901e+00, -2.78484593e+00,  3.17124743e+00,    -4.41308051e+00, -1.16090620e+00, -1.83156694e+00,  1.33800341e+01,     9.29496334e+00, -1.12464541e+01, -9.51739053e-01, -8.78220524e+00,    -2.37988961e+00, -3.91109528e+00,  1.38207678e+00, -4.89959162e-01,    -4.44358801e+00,  1.99873145e+00, -1.33659828e+00, -1.69837830e+00,     1.43326896e+01,  2.83452792e+00, -1.35164439e+01, -7.13187042e+00,     1.54900606e+01,  3.92141443e+00, -1.45892602e+00,  1.80129127e+01,    -3.14517029e+00, -1.51521824e+00, -1.74760322e+00,  2.37766396e+00,     4.99526741e+00,  7.42913315e-01,  4.82942034e+00, -2.35189796e+00,    -5.92931519e+00, -6.48861238e+00, -8.09947132e+00,  7.36060708e+00,     2.49966224e+00,  6.34368979e+00,  2.66986787e+00,  1.46594787e+01,     2.93283064e+00, -1.29075898e+01, -5.50238428e+00,  1.21330661e+00,    -4.72441926e+00,  1.03810163e+01, -2.22676583e+00,  2.65469383e+00,     8.70349163e+00, -1.29114742e+01,  2.45699888e+01,  3.30244100e+00,     4.14410869e+00,  6.14160706e+00,  9.73861109e-01, -5.43372448e-01,     5.55287010e+00, -5.78016909e+00,  1.37359748e+01,  1.20775088e+01,    -6.32523033e+00,  2.98138643e+00,  1.16889953e+01, -3.70144756e+00,     3.07725864e+00,  6.20761883e+00,  7.21476798e+00, -1.24974496e+01,    -1.55234599e+00, -4.99625531e+00, -1.00572175e+00, -1.19865153e+00,     3.56113305e-01, -2.87766073e+00, -4.71361379e+00,  2.05438472e+00,     1.51149085e+00,  8.92310524e+00, -7.17936195e+00,  6.75146310e+00,     8.19133315e+00, -2.19895267e+00,  1.30460336e+01, -1.11980023e+01,    -1.71333729e+01, -9.00538328e-01, -8.39663571e-01,  6.06262713e-01,     1.26970452e+01, -8.50854963e-01,  6.87178171e+00,  8.90411896e+00,     6.53907599e+00, -7.49455211e-01,  1.03675049e+01, -2.71598237e+00,    -5.88278551e+00, -7.13330408e+00,  1.06257386e+00,  6.34579380e+00,    -8.84004198e-01,  6.14133872e+00, -7.02811982e-03,  9.76399032e+00,     3.02173216e+00,  1.29259519e+00, -7.54579668e-01,  5.10415903e+00,     6.60083293e+00,  3.07510123e+00, -3.66940908e-01, -8.83888330e+00,     4.68450872e+00,  3.27553613e+00,  6.05369674e+00,  5.04940672e+00,     5.92322423e+00, -1.16332731e+00,  4.94080580e+00, -4.99252557e+00,    -4.46246333e-01, -9.10029591e+00, -5.62116801e+00,  6.95466501e+00,    -1.50334663e+01,  4.49591130e+00,  2.59182142e+00,  1.43360785e+01,    -3.51662555e+00,  5.35246026e+00, -2.25400082e+00, -7.95287561e+00,    -1.18040246e+01, -1.87799821e+00, -1.50848353e+01,  2.33181098e+00,    -3.82452992e+00,  5.27139174e+00,  3.83088921e+00, -4.31747636e+00,    -4.66860307e+00,  7.02292597e+00, -9.18173135e+00, -2.15009510e+00,    -2.80098356e+00,  3.75095964e+00, -3.77799660e-01,  7.28649478e-01,    -2.84691216e+00,  9.01928433e+00, -8.73644709e+00,  1.52273168e+00,     9.81033371e+00, -5.46220950e+00,  4.63470798e-01, -6.89732030e-01,    -1.13496778e+01, -7.38108722e+00, -8.28543377e-01,  4.74198441e+00,     5.31935859e+00,  1.12831056e+00, -1.31137689e+00,  2.92468551e+00,    -7.12376567e+00, -2.19524846e-01, -8.82280600e+00, -4.57506031e+00,     8.07563118e+00, -5.05786131e+00,  1.10252626e+01, -3.62212922e+00,     5.80717225e+00,  4.29800868e+00, -1.00840579e+01, -4.65073208e+00,     1.35356810e+00, -6.32599743e+00, -6.61031682e+00, -1.42476927e+01,    -9.40576977e+00, -8.29245150e+00, -7.20243436e+00,  9.98900102e-02,     3.19100451e+00,  1.19482156e+00,  3.68278893e+00, -9.65058756e+00,     2.03897026e+00,  4.30459766e+00, -1.13591272e+01, -1.01791590e+01,    -6.51170990e+00, -4.40063861e+00,  2.79319372e+00,  5.91839237e-02,    -7.01966886e+00,  5.45649182e+00, -3.37955690e+00,  8.83322881e+00,    -1.44048412e+01,  1.00109796e+01, -1.00685811e+00, -7.14825410e+00,    -4.35390585e+00, -6.16232953e-02,  7.24998632e+00, -1.18592118e+01,    -2.10591269e+00, -2.94300200e+00,  7.59742373e+00,  1.34465324e+01,    -1.64025305e+01,  1.53836408e+01,  6.97200197e+00, -1.25049932e+01,    -5.68805576e+00,  1.27281970e+01,  9.88777489e+00, -3.31517430e+00,    -1.05278955e+00,  2.35863679e+00,  1.20348447e+01, -9.29348455e+00,     2.58526745e+00, -9.16784314e-01,  5.17307764e+00, -1.19008138e+01,    -7.43352132e-01, -5.15522754e+00,  7.80228648e+00,  6.71579116e+00,    -1.46102957e+01, -8.03432975e+00, -3.80044185e+00, -6.36702660e+00,    -2.16759353e+00, -3.56574639e+00,  7.52455518e+00,  7.06260911e+00,    -8.60730293e-01, -6.84707933e+00, -1.42169070e+01,  7.87478000e+00,    -8.09729361e+00, -5.48026191e+00,  1.23691410e+00, -5.71773952e+00,    -6.75615359e+00, -4.80802071e+00, -7.65494782e+00, -4.01605967e+00,    -8.02635369e+00,  9.47422405e+00,  1.03474643e+01, -1.09716089e+00,    -3.84295241e+00, -1.37945198e-01,  6.87655107e+00, -1.44621642e+01,    -3.58504701e+00,  8.73857279e+00,  1.11870398e+01, -2.64407825e+00,     1.79334564e+00,  8.60922003e+00,  2.76229624e+00, -4.53689128e-01,    -6.49046343e+00,  3.17599530e+00, -5.61082597e+00, -2.44197636e+00,    -3.08324058e+00, -2.78011133e+00,  3.53631565e+00,  1.34324819e+01,    -7.74062129e-01,  5.35655637e-01, -1.51262030e+01, -3.04440318e+00,    -6.05055795e+00,  4.23432753e-01, -6.97183013e+00,  1.35935364e+01,     1.42223897e+01,  3.03950664e+00, -3.23106068e+00,  2.57944205e+00,     4.19779122e+00, -7.64504091e+00, -1.38095729e+00,  2.52357950e+00,     2.23078439e+00,  8.64787602e+00,  6.95113577e+00, -3.39556563e+00,     4.43614153e+00, -1.61924079e+01, -5.94760998e-01,  1.46711489e+01,     2.64327915e+00,  4.13011736e-02,  4.86855251e+00, -3.98561835e+00,     1.53048457e+01, -2.70795580e+00,  1.37422228e+01,  6.21092402e+00,    -7.27212909e+00,  5.35570262e+00, -4.82052337e+00, -1.11933948e+01,    -1.16348063e+00, -9.11142905e+00, -9.02417054e+00, -4.04189801e-01,     5.54080976e+00, -1.51963127e+00, -5.76315792e+00,  1.28670765e+00,    -1.14520174e+01, -9.14583579e-01, -1.44260335e+01,  9.00679886e+00,    -4.54961244e-01, -8.10111852e+00, -3.55421277e+00,  2.94787389e+00,    -5.62220792e+00, -7.37566118e+00,  1.46659749e+01, -4.18519879e+00,    -7.21501519e+00,  4.97368830e+00, -2.74930410e+00,  8.55797994e+00,    -4.78803374e-02,  8.73122922e-01,  1.73191829e+01, -2.49705823e+00,    -6.00985611e+00, -6.71379228e+00, -9.08776109e+00, -5.88772106e+00,     4.52785806e+00,  4.26536873e+00,  4.33414175e+00,  1.22562855e+01,     3.39056940e-01,  3.30801136e+00, -1.05018637e+01,  1.00696654e-01,    -3.71818439e+00, -4.90619588e+00,  8.92495574e-02,  5.52558760e+00,     6.36433547e+00, -2.27315584e-01,  1.52777189e+00,  5.05987561e+00,     6.38852337e+00, -3.48863599e+00, -1.72229941e+00,  1.78130236e-01,    -4.26645185e+00, -1.34873516e+00, -5.18411521e+00,  1.25053341e+01,     1.04223194e+01, -2.90339441e+00,  2.38371828e+00, -7.42842792e-01,    -4.35179276e+00,  5.69521515e+00, -1.51663424e+00,  5.72421594e+00,    -8.41227613e+00,  2.98931872e+00, -1.65802392e+00, -8.98132934e+00,    -4.26038456e+00,  4.15980654e+00, -1.56796766e+01,  6.29547909e+00,     7.86447065e+00, -1.37271937e+00, -9.90060494e-01, -4.77331430e-01,     4.00648752e+00, -5.62343560e+00,  5.78598004e+00,  4.94075347e+00,    -1.67890394e+01, -5.58722620e+00,  3.97029567e+00, -1.73846999e+00,     7.11247086e+00, -1.01242910e+01, -8.69343413e-01, -6.68648846e+00,    -2.11000858e+01,  1.29277134e+01, -9.89471007e+00, -1.04589532e+01,     1.43021781e+00,  2.12993169e+01,  5.79646021e-01, -4.56810140e+00,    -1.41788635e-01, -7.11525170e-01, -1.46126119e+01, -9.71426133e+00,     1.38722355e+01, -1.65951887e+00, -6.30503467e+00,  8.71445925e+00,    -5.53283046e+00,  5.99037590e+00,  8.66180562e+00, -9.50832248e+00,    -4.42124939e+00, -5.18143381e+00, -2.47025412e+00, -3.55102296e+00,    -2.15929954e+00,  2.65769666e+00, -5.66559515e+00,  4.90959274e+00,     9.72791777e+00, -1.89301001e+00, -3.01500571e+00,  2.37241391e+00,     9.13063760e+00,  8.46217366e+00,  9.16026549e-01, -1.02001335e+00,    -1.27103795e+00, -8.67784185e+00,  6.67433796e+00, -4.20432505e+00,     3.25768433e+00, -2.67794575e+00,  4.68281183e+00,  2.71255178e+00,    -1.34248758e+01, -4.73342512e+00, -1.29852116e+01, -5.81733662e+00,     8.67627455e-01, -2.84137483e+00,  5.32017360e+00, -4.69767038e+00,     3.75017586e-01,  1.39466208e+00,  1.22458480e+01,  6.37079237e+00,    -4.63563914e+00, -2.24864194e-01,  2.29461695e+00,  6.28026485e+00,     1.71385999e-02,  9.11455104e+00,  4.67851329e+00,  1.47435830e+01,     8.19665879e-01,  1.12544787e+01, -4.17892376e+00, -6.51099336e+00,     1.15955144e+00,  1.12270787e+00,  4.40251246e+00, -2.13261056e+00,    -2.28549387e+00,  3.92101504e+00, -7.87452672e+00, -9.05583518e+00,     1.25716466e+01, -1.18651869e+00, -6.96947703e+00, -6.67625486e-01,    -2.35960292e+00,  6.24323498e+00,  5.89111674e+00, -3.42203566e+00,    -1.22304081e-01, -4.56338075e+00, -5.75696739e+00, -4.21246755e+00,    -1.58298409e+01, -3.62359493e-01, -1.12493934e+01, -9.36767510e+00,    -6.82119315e+00,  3.09403730e+00, -6.48943451e+00,  3.47068613e+00,    -1.01281586e+01,  9.24149996e-02, -6.71157786e+00,  9.30861286e-01,     1.44686742e+00,  5.46092928e+00, -3.48402277e+00, -3.14004375e+00,     4.81501768e+00,  1.03329937e+01,  5.21066806e+00,  1.48588278e+00,    -1.19394660e+01, -2.43342490e+00, -4.90918892e+00, -1.03912074e+01,     7.41289255e+00, -5.77790188e+00, -9.31804934e-01, -4.41531826e+00,    -1.67527709e+01,  8.96663086e+00, -3.06136405e+00,  6.74785580e+00,    -1.21045939e+01,  1.09388688e+01,  6.63815623e-01, -4.80970520e+00,     1.03332196e+00, -3.80936572e+00, -1.14658266e+01,  2.84429487e+00,     5.43943607e+00,  2.37015656e-01, -5.70195614e+00, -2.30430478e+00,     3.16572634e+00,  5.38720322e+00,  1.05415704e+01,  4.22681716e+00,    -3.68691154e+00,  1.52642262e+01,  4.07264124e+00,  7.17921684e+00,    -2.63723391e+00,  4.71780386e+00,  3.22281346e+00, -1.06262272e+01,    -3.42628502e+00, -6.48192620e+00, -5.94667866e+00, -1.67967801e+00,    -2.15589558e+00, -6.86475990e+00, -1.89584471e+01, -4.63480414e+00,     2.66916315e+00,  8.70155879e-01,  1.85901758e+00,  7.33960573e+00,     2.40078602e+00,  5.10391960e+00, -7.32245034e+00,  7.60453393e+00,    -7.08560405e+00, -1.19448835e+01,  2.77151786e+00, -6.48102055e+00,    -6.92161645e+00, -2.65404120e+01, -1.69981409e+00,  1.36385992e+01,     7.42768878e+00, -2.00636947e+00, -1.53568186e+00,  5.80575790e+00,     1.07449811e+01, -6.90525615e+00, -1.66203065e+00, -5.48809620e+00,    -5.89192213e+00, -5.41419981e+00,  2.28567016e+00,  1.19071549e+01,    -1.11459299e+01, -8.88773963e+00,  3.37239862e-01, -1.81612055e+00,    -3.04846257e+00, -1.51193603e+01,  9.68489343e+00,  3.95716956e+00,     9.79751743e-01,  8.37571588e+00, -5.13555081e+00,  5.42759582e+00,     4.63885101e+00,  8.01401810e-01, -1.27619030e+00,  1.95146501e+00,    -2.44401487e+00,  7.74862597e+00, -7.00350405e+00,  7.01484787e+00,     1.67273954e+00,  2.40604881e+00,  3.68819348e+00, -1.36703101e+01,     1.30613556e+00, -1.10519757e+01, -8.27674585e+00, -8.12349499e+00,    -8.03741869e+00,  5.08610497e-01,  2.61796498e+00,  7.99271296e+00,     1.46906679e+00,  2.41780438e+00, -1.18057286e+01, -4.48120472e+00,     5.62661610e+00,  1.71583816e-01, -1.32162822e-01, -1.50887575e+00,     5.93564322e+00, -1.53389495e+01,  1.98064042e+00,  3.95004726e+00,     6.93185941e+00,  6.19274858e+00, -9.46082905e+00,  2.11254533e+00,     1.00549501e+00,  1.13381121e+00,  3.34813905e-01, -3.74657425e+00,    -6.18162982e+00,  2.68646840e+00,  1.00900260e+01, -1.28038466e+00,     1.87207816e+00,  2.15570062e+00, -4.70649822e+00, -4.59771264e+00,    -1.96879239e+01, -6.70369176e+00, -9.04442946e+00, -1.54151891e+00,    -1.09803052e+01,  1.28050138e+01, -5.41047059e+00, -8.93506661e+00,    -2.64908201e+01,  1.12284544e+01,  2.35682115e+00,  2.13186254e-01,    -1.02234312e+01,  1.24509378e+00, -2.74698027e+00, -5.34616006e+00,     1.09309810e+00,  5.41920298e+00,  1.20805869e+00, -2.86126685e+00,    -1.63806159e-02,  2.17718454e-01,  2.48552367e+00, -1.10239332e+01,     1.18518668e+01, -6.78610078e+00, -4.45938956e+00, -7.49866036e+00,    -1.70317974e+01,  9.88916313e-01, -8.46791301e+00, -3.67364509e+00,     5.57650794e+00, -3.91639167e+00, -8.01618922e-01, -1.79374986e+00,    -4.21943512e+00,  1.83670827e-01,  8.85037404e+00, -8.96634710e+00,     1.61907069e+01, -3.70509953e+00,  5.84103328e+00, -1.70573549e+00,     2.21233005e+00, -1.96503068e+00,  7.65914066e+00,  1.05280259e+01,     3.03711117e+00,  8.60572498e+00, -5.62798618e+00, -7.30911784e-01,    -4.18529313e+00,  1.08960832e+01,  9.52140767e+00,  7.02382931e+00,    -2.47475138e+00, -4.47673729e+00,  4.11445531e+00, -4.49585727e+00,    -2.52890065e+00, -1.16596653e+00, -5.21908443e+00,  8.41705213e+00,    -1.48639865e+00,  5.95196155e+00,  2.81110069e+00,  2.84321363e+00,    -5.62876184e+00,  5.03824836e+00, -2.44325241e+00, -1.75221068e+00,    -2.75676751e-01, -8.65011416e+00,  1.31325011e+01, -4.60546757e+00,     4.90663524e-02,  3.56891359e+00,  3.36587682e+00,  1.24520962e+01,    -3.32340097e+00,  1.27223499e+01,  1.13908674e+01, -1.62130245e+01,     1.20132456e+00, -3.15484370e+00,  1.92770305e+00,  1.20627845e+00,     2.75402418e+00,  1.03822588e+01,  1.54306244e+01, -1.28527047e+01,     1.29401198e+01, -1.58364575e+01, -1.33555850e+01, -2.08881360e+00,     1.86501245e-01,  1.24992394e+01,  6.29706931e+00, -2.80171746e+00,    -1.47438366e+01,  1.11620776e+01, -7.44486416e+00, -3.32041398e-02,    -8.62308800e-01,  2.12591423e+01, -4.17886332e+00, -1.75469747e+01,     4.97685979e+00, -2.65317708e+01,  2.17605736e+00, -6.18119156e+00,    -2.86319020e+00, -4.23281122e+00, -9.58466450e+00,  6.32028244e+00,    -5.76780100e+00, -1.49966259e+00, -1.29518604e+01, -7.46765076e-01,    -8.31788764e+00, -1.25972725e+01, -1.94550446e+01,  1.94761295e+00,    -5.52404260e+00,  2.48059067e-01, -2.01101100e+00, -1.37390554e+01,    -1.04028067e+01, -9.47371839e+00, -9.09169017e+00,  8.93039078e+00,     1.43569173e+00, -7.77118420e+00, -3.70793601e+00, -4.32916781e+00,     6.42930167e+00, -5.17777645e+00, -1.58980868e+00, -4.46449381e+00,    -6.38491670e+00, -6.41312179e+00,  6.58482884e+00, -2.31719474e+00,    -1.48864116e+01,  1.30702501e+01,  7.66345314e+00,  8.61414663e-01,    -1.28723307e+01, -1.24804508e+01,  1.63961441e+00,  5.71455338e-01,    -5.53481871e+00, -7.77650769e+00,  5.82905461e+00, -9.78403113e-01,     4.47656463e+00,  7.99025837e+00,  5.96840543e+00,  4.68738858e+00,     3.79889737e+00, -3.73826078e+00, -2.24355703e+00, -3.09825360e+00,    -6.01511034e+00, -7.85360274e+00, -1.04447657e+01, -6.15568262e+00,    -1.60192785e+00, -1.32539435e+01, -1.75044233e+00,  5.54979750e+00,    -1.25992759e+01,  5.14649096e+00,  4.40100399e+00, -1.14280998e+01,    -9.32015270e+00, -3.18516492e+00,  2.65877711e+00, -6.75796883e+00,     1.21474456e+01,  1.06298723e+01, -1.29005607e+01,  7.90764673e+00,     5.99985875e+00,  1.84162166e+00,  3.47818579e+00, -7.04836845e+00,    -2.50391505e+00,  7.17331709e-01,  3.11014192e+00,  7.24730162e+00,    -9.10453404e+00, -1.26503655e+00,  2.88157901e+00,  4.59307745e-01,    -5.26386528e+00,  3.40407412e+00, -4.42484209e+00, -3.21458126e+00,     3.69849328e-01, -1.02082440e+01,  4.40917845e-03, -3.01070561e+00,    -2.06464169e+00,  1.28871024e+00, -9.08309339e+00,  9.25301366e+00,    -4.17582804e+00, -2.15652235e+01, -1.43390847e+01,  6.14194762e+00,    -5.99871780e+00, -3.14602766e+00, -4.45122714e+00, -2.87894326e+00,    -1.70058910e+01, -1.17362255e+00, -1.04271468e+01, -5.15509359e+00,     3.86128211e+00,  1.27372108e+01,  3.48602758e-01,  5.18728495e-02,     9.68878318e+00, -8.63728985e+00,  5.32654286e+00,  1.18418852e+00,    -7.81238341e+00, -3.91270267e+00,  3.56079645e+00,  2.72780261e-01,     2.32660700e+00,  2.13984636e+00, -3.74857692e+00, -4.85126068e+00,    -8.25603405e+00,  8.03799923e+00, -1.09341394e+01, -8.20863401e+00,     2.20360036e+00, -1.44615621e+01,  3.43844032e+00,  9.62319524e+00,    -1.54719776e+00,  2.05652577e+00, -4.79976494e+00, -3.35557381e+00,     1.49021551e+00,  6.07907475e+00, -6.21283999e+00,  4.28914746e+00,    -2.19898411e+00, -2.05096237e-01,  4.05771302e+00,  2.83308080e+00,    -1.66839626e+00, -2.11406916e-01,  2.72630797e+00,  4.70699929e+00,    -1.16423221e+01,  5.43631123e-01,  8.79609285e+00, -1.54834120e+01,     5.45683954e+00, -1.93544078e+01, -1.53817541e+00, -2.45987897e+00,    -1.23817166e+00, -1.66722191e+00, -4.56434383e+00, -8.76727663e-01,     2.25465523e+00, -3.91041478e+00,  2.08459314e+00,  1.48026634e+01,    -9.97670407e+00, -4.36229788e+00,  6.36478067e+00,  3.77427753e+00,     6.80708095e+00,  2.66224364e+00,  4.05250355e+00, -2.60269604e+00,    -8.09259886e+00, -7.48187825e+00, -4.26127066e+00,  5.31440802e-01,    -6.80016301e+00, -2.03729214e+00,  1.03089750e+00,  3.75420124e+00,    -1.27195148e+00,  9.63602616e+00, -9.43837515e+00, -8.41673024e-01,    -1.04517209e+00,  4.84708503e+00, -7.15417072e+00, -4.42768336e+00,     3.42054454e+00,  8.30484804e+00,  1.18400988e+01,  5.79393909e+00,     7.22260164e+00, -4.44588266e+00,  1.06048637e+01,  1.05908629e+01,    -8.47587817e-01,  5.66446475e+00,  6.31804306e+00, -3.35170732e+00,     1.26960361e+00,  1.05665108e+01, -4.20699553e+00, -1.86188695e+00,    -1.05655780e+01,  3.99236612e+00, -1.89009146e+00,  3.28041654e+00,     9.25143330e-01, -6.64421629e+00,  7.96611331e+00,  6.54900669e+00,    -4.40029642e+00,  2.63819077e+00, -9.63043364e+00, -8.95358247e+00,     3.84887932e+00, -1.12692114e+01, -5.07116793e+00,  7.77559966e-01,     1.41031959e+01, -3.45133255e+00, -2.01565971e+00, -2.67415444e+00,     1.89913316e+01,  2.97337133e+00, -6.77747371e+00,  1.15047808e+01,     1.04049581e+01,  5.32014317e+00,  1.27795277e+01,  1.34568728e+01,    -1.37400055e+00, -4.85474186e+00, -5.23087868e+00,  4.30323330e+00,     6.03582456e+00, -1.02225196e+00, -3.73081507e+00, -9.92525235e+00,    -4.11311011e+00, -7.51678693e+00,  4.94032045e+00,  2.73091609e+00,     9.88950306e+00,  1.52512667e+00, -4.14076315e+00, -1.20240590e+00,     6.69130741e+00,  2.10075708e+00,  9.42336355e+00,  9.55159641e+00,    -1.94878851e+00, -1.28536172e+00, -1.61265300e+01,  8.42396918e+00,    -7.29682365e-01,  9.10995698e+00, -3.83377728e+00, -1.03775459e+01,     3.01648788e+00,  1.15917823e+01, -4.17990783e+00,  1.12023816e+01,    -1.19678285e+01, -3.98481534e+00, -1.35463413e+01,  3.26915047e+00,     1.61835825e+00,  5.97324647e-01, -1.00944708e+01,  1.46646782e+01,     8.86036229e+00,  1.18192174e+00, -7.84479219e+00,  3.64762772e+00,    -3.98932580e+00, -1.91521297e+00, -3.68827674e+00,  3.21989927e+00,    -2.07480859e+00, -3.10912046e+00,  3.52622200e+00,  3.97228336e+00,    -1.44925185e+01,  3.17874662e+00,  1.08740615e+01,  6.94153367e+00,    -2.32525746e+00,  3.27631910e-01, -6.11820090e+00,  9.50872177e+00,     2.19787709e+00, -1.02734516e+00, -9.77997279e-01,  1.78542788e+01,    -3.29812203e-01,  4.64733692e+00,  1.19696778e+01,  1.61877059e+01,     9.95291070e+00,  7.02317041e+00, -1.01120798e+01, -7.51715282e+00,     5.67447908e+00,  3.08589397e-01,  5.14732306e+00,  2.42427363e+00,     1.04300786e+01, -1.30744055e+01, -8.05183633e+00, -1.57455605e+00,    -1.40779026e+01,  2.78720343e+00,  6.72015822e+00,  1.39959489e+00,    -3.65538256e+00,  3.82932981e+00,  2.28878081e+01,  4.77321404e+00,     2.60484970e+00, -8.00273450e+00, -1.03013180e+01, -2.76653050e+00,     4.77927587e+00, -9.03037760e-01,  3.87276187e+00,  5.79791667e+00,    -1.03741976e+01,  4.25753461e+00,  7.27365461e+00,  9.52407456e+00,    -1.41822971e+00,  1.72076976e-01, -1.30870666e+00, -7.76592168e+00,    -1.19881642e+01,  1.29381980e+01, -1.29845574e+00, -9.27130754e+00,     7.22873544e-01, -4.56869582e+00,  1.46535258e+01, -3.62062775e+00,    -6.06981384e+00,  5.88552315e+00, -2.26999903e+00,  7.30030297e+00,    -2.30255152e-01,  1.60051788e+01,  8.04307715e+00,  8.05497194e-01,    -6.07347967e+00,  4.32078534e+00, -8.98907723e+00, -1.18046309e+00,     1.05843421e+01, -4.32605202e+00, -7.30447935e+00, -3.51551777e+00,     8.71960478e+00,  2.00219329e+00, -1.38392839e+01,  5.59518080e+00,     1.94046494e+00,  1.51735580e+00, -8.27330700e+00,  1.06841220e+00,     5.72024399e+00,  8.22562667e+00,  1.04111787e+01,  5.22511739e+00,     9.17540016e-01, -8.72862676e+00, -7.38904211e+00, -1.15872169e+01,    -1.63908899e+00,  5.69854749e+00, -4.97565215e-01,  8.96888618e+00,    -5.23711746e+00,  2.85564585e+00, -3.07674550e+00, -4.46951433e+00,     9.57486964e+00,  1.09342940e+00,  9.99907486e+00,  8.63013377e-01,     3.85052200e+00, -2.65322657e+00,  9.86592749e+00, -2.11614718e+00,    -1.28896886e-01, -1.30218117e+01, -1.60972676e+00,  1.17828497e+01,     1.12493593e+01,  3.79772762e+00, -2.03453737e+00,  5.11291331e-01,    -3.39401698e+00, -1.75652717e+00,  1.46257707e+01,  7.97245159e-01,    -4.04458120e+00, -1.80216333e+01, -8.18210473e+00, -6.22263056e+00,    -1.03939474e+01, -9.76137994e+00, -1.18752007e+01, -7.45088145e+00,    -5.66219643e+00, -7.47889581e+00,  7.59044524e+00, -3.91370865e+00,    -1.56326923e+01,  7.14696397e+00, -5.28677825e+00, -1.29962631e+01,     1.65521689e+01, -3.89589300e+00,  3.09334702e+00,  6.89813014e+00,     1.19252739e+00,  4.06875671e+00,  2.06588400e-01,  9.74497961e-02,    -2.20032918e+00, -1.19179212e+01,  1.87013065e+00, -2.07502228e+01,     1.11379347e+01, -6.85570014e+00, -2.61754843e+00, -2.99119543e+00,     2.81319842e+00, -3.27168845e+00,  4.95607218e+00, -9.16016257e+00,     6.37736214e+00,  6.64359624e+00,  2.28598512e+00,  1.52182193e+00,     3.40884921e+00,  1.15820744e+00,  5.40803358e+00, -1.03103113e+00,    -1.09299246e+01,  1.56668499e+00, -4.88302922e+00, -2.02185489e-01,     8.66137084e+00, -1.36597064e+01,  2.11600246e-01,  3.31829687e-01,     1.58601020e+00,  5.16423115e+00, -2.29657613e+00,  1.40223671e+01,     6.90962479e+00, -2.63847337e+00, -1.74469370e+00,  6.68189645e-01,     1.31337197e+01, -8.65866467e+00, -1.71207391e+01,  4.92952966e+00,    -1.50241506e+00, -2.40490684e+00,  2.87955609e+00,  1.27225746e+01,     7.20730712e+00, -2.91926886e+00, -8.71883576e+00, -1.67624888e+00,     4.75843623e+00, -2.52337206e+00, -1.25575518e+01, -1.06535124e+00,    -1.55430301e+01, -8.05299749e+00,  1.38259997e+01, -8.37561575e+00,    -1.13033016e+01, -9.00988503e+00, -6.31111725e+00,  5.56398098e+00,     1.38065073e+01, -1.19925112e+00,  4.57744638e+00, -2.95206629e+00,    -1.11368968e+01,  8.71691773e+00, -7.74052184e+00,  4.82621236e+00,     5.21525037e+00, -2.03966422e+00,  6.58036288e+00,  6.72254023e+00,     1.86693215e+01, -2.30886791e+00, -8.44784608e+00, -1.08888614e+01,    -2.49905392e+00, -5.69151508e+00,  1.64814472e+01, -7.78249918e+00,     1.44304278e+00,  9.28218130e-01, -3.73131957e+00, -1.35934613e+01,    -1.19939194e+00,  1.65041819e+01,  2.62699482e+00,  1.28713303e+00,    -8.93008846e+00, -9.16133952e+00, -2.05059801e+00,  7.83063191e+00,    -4.16240834e+00,  1.71584003e+01, -7.34083675e+00,  2.68556427e+00,    -3.17465693e+00, -1.07432460e+01,  8.53752653e-01, -9.21103407e+00,    -1.23288100e+01,  1.20262892e+00,  2.16653288e-01,  8.03009981e+00,     3.91505370e+00, -5.77517594e+00,  3.88133399e+00, -1.38612841e+01,    -8.33079650e+00,  1.55420498e+01,  1.11258502e+00, -1.84516685e+00,    -4.63632644e+00,  1.98547350e-02, -1.51318220e+00,  1.46356123e+01,     6.85677161e+00, -1.96378274e+00, -9.64187987e-01, -6.69647027e+00,    -2.62588804e+00, -1.07100946e+01,  8.38747858e+00,  1.09879670e+00,     1.89724107e+00,  2.62346613e+00, -1.62538686e+00, -3.38551167e+00,     2.68026160e-01, -1.76472203e+01, -2.48274015e+00, -1.33969645e+00,    -1.22399503e+00,  8.74069071e+00,  1.03810074e+01,  2.79332241e+00,    -1.55781376e+01,  1.07719051e+01, -4.00691994e+00, -6.10735678e+00,    -1.43380816e+01, -5.48352352e+00,  9.71158157e+00,  5.08616608e+00,     2.43780899e+00,  5.29908036e+00, -9.19144159e+00, -7.48409892e+00,     1.00348395e+01,  6.81271830e+00,  8.18695982e+00,  5.51299502e-01,     1.59521087e+00,  8.95744508e+00,  1.63817143e+01, -3.94084944e+00,     6.10765794e+00, -3.22852064e+00, -7.05085949e+00, -5.48882961e+00,    -5.02273636e+00, -2.22098855e+00, -8.18945683e+00, -3.61196569e+00,    -2.20287894e+01,  5.63226286e+00,  4.36169408e+00, -3.81185954e-01,    -6.12797232e+00, -3.23743899e+00, -8.99600670e+00,  1.62035110e+00,     1.33420883e+01, -3.31168602e+00, -3.05296540e+00,  3.13208626e+00,    -8.26389360e+00,  1.46959705e+01,  2.79195647e+00,  1.95759216e+00,     8.67139362e+00, -3.71007463e-01,  9.61543236e+00,  2.86530167e+00,    -1.15748656e+00,  2.11384548e+00, -1.00679976e+00,  1.19300974e+01,     1.36097524e+00,  2.96485421e+00, -1.57601172e+00,  1.74247368e+00,    -1.54700369e+01, -5.86683774e+00, -7.87928931e+00,  8.67639684e+00,    -5.60054002e+00, -9.98453334e+00,  9.46519449e+00, -2.35282549e+00,     7.35984110e+00, -1.48445945e+01,  3.75316783e+00,  9.01881706e-01,     9.38318882e-01, -1.84135373e+00, -1.03199978e+00,  8.16560908e+00,     3.92817361e-01, -8.19022029e+00, -3.47110578e+00,  3.65153675e+00,    -1.96523243e+01, -1.51330917e+01,  4.08542812e-01,  2.20932638e+00,    -7.97630426e+00, -1.85150868e-01,  1.78955306e+01,  5.18127153e+00,    -9.37534158e+00,  1.24123301e+00, -1.55116522e+00,  2.08659157e+00,    -5.70325729e+00,  3.45577142e+00,  4.10398062e+00, -1.11797221e+00,     1.83749395e+01, -1.50853720e+00, -5.14638933e+00,  4.03261458e+00,     7.42846266e+00, -5.78864442e+00, -1.55105452e-01,  1.62881699e+01,    -4.31548614e-01,  8.81315766e+00,  2.65200853e+00, -1.40621726e+00,    -3.29929018e+00,  8.46221475e+00, -9.34466373e+00, -5.47384184e-01,    -3.08739037e+00, -6.94970250e+00,  2.09862606e+00,  3.88333586e+00,     4.95456004e-01, -3.22131673e-01, -6.53344981e+00,  2.86609521e+00,    -5.96117158e-01, -3.83478131e+00, -3.51939889e+00,  3.36048969e+00,    -4.74175043e-01, -6.25668538e+00, -1.75994062e+01,  8.85891304e-01,     3.33454781e+00, -7.21370209e+00, -3.99752681e+00,  1.35341599e+01,     1.54974531e+00,  6.35485374e+00,  1.19000911e+00,  5.88644322e+00,     4.62669180e-01, -6.55391044e+00, -1.01958332e+00,  1.20850482e+00,     4.63962233e+00,  1.28415256e+01,  8.22769264e+00,  1.64358276e-01,     1.98461781e+00,  1.01777288e+01,  4.33275448e+00, -1.22583233e+01,    -4.61158630e+00,  2.45180517e+00,  1.43548085e+00,  4.18644980e+00,    -8.83366872e+00,  1.08584745e+00,  6.44616234e+00,  8.16317091e+00,    -7.06613111e+00, -3.98058876e-01, -3.32714860e-01, -3.04447598e+00,    -4.83952013e+00, -2.50576339e+00, -1.17799332e+00,  1.59936114e+00,     6.92810531e+00, -5.11374898e+00,  1.36870056e+01,  5.43478995e+00,     3.96069112e+00,  6.11807687e+00,  4.73726087e+00,  5.54717259e+00,     9.16251901e+00, -7.71390010e+00,  1.05303638e+01, -1.87072050e+01,     5.20488820e+00, -1.75138278e+01,  1.34854269e+01,  1.25232618e+01,    -1.51393905e+00, -8.01136578e+00, -7.20998258e+00, -9.59842159e+00,    -1.08194848e+01,  8.97427508e+00,  7.06626513e+00,  3.95504034e+00,     5.20073704e+00,  6.73567875e+00, -6.68817039e+00, -2.65791472e+00,     9.37676397e+00, -2.02885840e+00,  8.48349807e+00,  1.24447385e+01,    -5.97268533e-01, -1.23081583e+01,  4.97989919e-01,  2.80673724e-01,    -1.54194702e+00,  2.81249704e-01, -1.10089913e+01, -2.37988541e+00,     1.96511328e+00,  1.83642332e+00,  8.08286623e+00, -6.56082115e+00,     9.83924661e+00, -6.62764060e+00,  4.01626492e+00,  6.86333172e+00]
