name = '*O_19'
composition = {'H':0, 'C':0, 'N':0, 'O':1, 'Pt':1}
facet = ['Ni110']
coverage = 1
DFT_energy = [-73.776, 'eV']
ZPE_energy = [0.069, 'eV']
frequencies = [105.8, 469.0, 534.0, 'cm-1']
gas_DFT_energy = [-5.386692, 'eV']
gas_ZPE_energy = [0.099, 'eV']
sites = 1
BEE = [-5.00658631e+02, -3.94869781e+01, -1.15649902e+02,  3.87149068e+02,    -1.83747102e+02, -1.59333338e+02, -3.44152194e+02, -7.63199155e+02,    -3.63376766e+02, -4.04638384e+02, -3.31346992e+02,  4.20658108e+01,     1.20734523e+01,  2.39284404e+01,  2.69882596e+01,  4.02004100e+02,    -1.77059399e+02, -1.53498701e+02,  1.47561410e+02, -9.50262935e+02,     4.99401154e+02, -2.24869214e+02, -4.43673850e+01, -1.03028719e+02,    -4.50350559e+01, -4.86749931e+01,  7.38658521e+02, -1.82753969e+02,    -7.10589019e+01, -4.48046756e+02,  6.56212526e+02, -1.13926109e+02,    -3.31724816e+02,  2.03840049e+02, -3.66110580e+01,  1.68017771e+02,    -2.51829544e+01,  6.05065187e+01,  2.34413366e+02, -8.68057518e+02,     4.63144676e+02,  1.09981288e+02, -5.23857745e+01, -2.88033846e+02,     9.56864217e+01, -1.57302498e+02,  3.74538198e+02,  3.15531392e+02,    -2.32088766e+02, -2.49637100e+02, -2.52810292e+02, -2.90239235e+02,     9.94495937e+01, -4.24589673e+02,  1.18407478e+02,  5.13368569e+02,     5.86352521e+02,  2.98035605e+02,  1.38239923e+02,  2.36111423e+02,     7.66201711e+02,  1.77167821e+02, -4.70938192e+02, -1.04633904e+02,    -2.02231922e+02,  5.19928860e+02, -6.40014633e+02, -5.32801428e+02,    -2.33215256e+02, -8.90324411e+01, -3.71997380e+02,  2.29156480e+02,     8.16048577e+01,  1.12931092e+02, -3.29126498e+02, -2.97752533e+02,    -4.81677770e+02,  3.16886228e+02, -2.79931861e+02,  2.25922243e+02,    -5.66288011e+01, -2.49061180e+02, -4.95710012e+02, -1.46093015e+02,    -9.62312494e+01, -1.36093163e+02,  3.36684411e+02,  6.06911777e+02,    -3.62744354e+02, -6.83788606e+02, -1.69134965e+02,  9.45884601e+02,    -4.87308272e+02,  2.80799447e+02, -9.08619282e+01, -5.30061725e+02,     2.07317254e+02,  3.24118680e+02, -1.47673926e+02,  2.97395774e+02,    -2.26653867e+02, -4.41641139e+02,  7.62272849e+02,  3.94555398e+02,     2.63411835e+02,  1.24269242e+02,  2.09797236e+02,  6.95353457e+02,    -2.13387423e+02,  4.93748404e+01, -1.17736127e+03,  1.56714718e+02,    -5.79728202e+02,  1.24253490e+02,  1.84666873e+02, -2.92366307e+02,    -4.55461625e+02,  5.11064052e+01, -2.50238805e+02,  3.04234092e+02,    -4.32162554e+02, -2.31187486e+01, -3.02964390e+02, -3.60782053e+01,    -2.59677638e+01,  1.45556597e+02,  9.70263633e+00, -5.20146390e+01,     5.18437708e+02,  7.78904409e+02,  4.06697374e+02,  6.62254761e+02,    -1.03816755e+02,  1.13582771e+02,  4.69360852e+02, -7.37689746e+01,    -6.53468235e+02, -3.21957662e+02, -4.28253063e+02, -2.45634697e+02,     2.37330659e+02, -1.00490098e+03, -1.61981061e+02,  3.67437895e+02,    -3.11369834e+02, -3.09462362e+02,  4.62649711e+02,  3.76028440e+02,    -2.94129665e+02,  1.68124763e+02, -2.09689374e+02,  2.97216774e+02,     3.40571120e+01,  1.29598172e+02, -7.40605395e+02, -4.14765053e+02,    -6.76101068e+01,  1.63951200e+00, -3.32123846e+02,  9.08132004e+02,    -1.87163648e+02, -2.85264835e+02,  3.19268349e+02, -4.07471333e+02,    -2.78537759e+02,  2.61852361e+02,  9.30323945e+01,  1.12444370e+02,     1.03727380e+02, -9.45665919e+01,  1.64034023e+02,  4.96239874e+02,    -2.50939290e+02,  1.48254597e+02,  7.75407707e+02,  2.83757099e+02,    -7.40733431e+01, -1.63482710e+02,  1.31281703e+03, -1.50108673e+02,     3.02159964e+02,  1.87035540e+02,  2.91233531e+02,  7.57311267e+02,     4.22696455e+02, -2.52974125e+01,  1.92835182e+02,  4.01880382e+02,     3.31376468e+02, -4.76077265e+02,  7.97064046e+02, -7.11564044e+02,    -1.48133061e+02,  4.88707209e+02,  7.41640831e+01,  5.64457542e+01,     2.66098221e+02,  2.06223543e+02,  3.05533488e+02, -5.42576050e+02,     4.16806741e+01, -2.32093474e+02, -9.11588292e+01, -2.87045461e+01,    -7.60484625e+01, -4.78282785e+01,  6.98882468e+02, -7.25885481e+01,    -2.36539115e+02, -1.99650704e+01,  9.90117827e+01, -5.01965001e+02,    -3.84301739e+02, -3.09758060e+02, -5.36144997e+02, -1.39468749e+02,    -3.52973048e+02,  1.66296507e+02, -8.30169078e+00, -9.16340481e+01,    -7.27731817e+01,  5.48573640e+01, -1.67964154e+02,  5.70678881e+02,    -7.01616952e+02, -1.37276277e+02, -1.33498481e+02,  1.43916263e+02,     1.57459847e+02, -3.94249225e+02, -1.52150724e+02,  3.57446515e+02,    -1.89628158e+02,  1.34358628e+02,  3.15071652e+02, -3.45541005e+01,     9.62957126e+02, -1.71242281e+02, -2.73744428e+02,  5.47881815e+01,    -1.93661012e+02,  4.53883938e+02, -3.08817211e+02,  7.16264150e+01,     5.31290052e+02, -1.13168214e+02,  1.02414995e+03,  1.09500637e+03,    -5.60330943e+02,  4.94000760e+02,  1.43530672e+02, -4.57224539e+02,     1.48347903e+02,  3.10590474e+02,  3.26806775e+02,  2.14779533e+01,     9.95013878e+01,  6.09091430e+02, -1.95534368e+02,  1.38039388e+02,     6.49741454e+02, -3.19607751e+02, -1.30686860e+02,  4.44826179e+02,     2.29432295e+02,  6.47973439e+02,  2.22050373e+02,  5.89569780e+01,     2.23029732e+02,  3.32074599e+02, -4.14901713e+02,  3.00902761e+01,     1.59111034e+02,  1.04940255e+02,  1.87156382e+02, -5.00729218e+02,     2.89829348e+02, -3.78413031e+02, -2.68362869e+02,  1.49285576e+02,    -1.19154200e+02,  4.65825437e+02, -2.03007067e+02,  2.46589994e+02,     2.74962815e+02,  6.77064173e+02,  4.73104256e+02,  4.06635307e+02,    -7.34043357e+01, -5.81399912e+01, -2.70123692e+02,  6.53744386e+02,     6.70386812e+02,  3.19397025e+02, -1.97327584e+02,  4.27700347e+02,    -7.41760261e+01,  1.80082650e+02,  5.32357840e+02,  5.06407324e+00,    -6.68779197e+01, -2.07817891e+02, -4.55213300e+02,  8.24754304e+02,     3.86248590e+02, -4.77469257e+02, -1.32666502e+02,  2.38056205e+02,    -9.07910955e+01,  5.32091829e+02,  1.02895923e+02,  6.77144164e+02,     2.64384768e+02, -2.39307093e+02,  2.08061865e+02, -3.59864530e+01,    -2.69171764e+02,  1.41328931e+02,  1.56721890e+02,  7.72989677e+02,     6.80218601e+02,  4.48163603e+02,  5.91157870e+02,  6.16472160e+01,    -2.32401747e+02,  1.31439015e+02, -2.83134921e+02, -4.33728840e+02,    -4.93519105e+02, -2.32685974e+02, -9.17769697e+02, -2.65089170e+02,    -7.29124943e+02,  1.82811663e+02, -3.92719483e+02,  3.49873837e+02,    -8.15888702e+02, -2.73157930e+02,  4.17023937e+02,  1.90561442e+02,    -7.33769104e+02,  5.26086988e+02, -2.06880603e+02,  4.45119043e+02,    -2.19190465e+02, -6.72977395e+02,  1.04925407e+02, -5.43510956e+02,    -1.13263024e+02,  1.38731596e+00,  3.62096913e+02,  1.06373335e+03,    -3.85745206e+02, -2.96567978e+02, -2.47290781e+00, -1.20243481e+02,    -6.89112100e+02, -4.73474690e+02,  4.20392618e+02, -2.14508692e+02,     1.43445861e+02, -4.14351454e+02, -1.27078491e+02, -3.40271793e+02,     4.53405208e+02,  1.28592077e+02, -1.90608548e+02, -1.15591211e+02,     8.74760484e+01, -7.28803250e+01,  3.71014327e+02, -2.13209621e+02,     4.56065873e+01,  2.92487798e+02,  1.47925911e+02, -1.50940193e+02,     1.31449759e+03,  4.62931283e+02,  3.02975598e+01,  8.67460119e+01,    -5.25748325e+02,  2.62193671e+02, -6.37355968e+02, -2.18722927e+02,    -4.68659574e+02, -1.61361690e+02,  4.70858722e+02, -4.80102499e+02,     1.56947420e+02, -2.37023801e+01,  2.65260436e+01, -3.15243735e+02,    -3.77767121e+02, -3.44270698e+00, -3.61156694e+02, -1.88224894e+02,    -3.48626971e+02, -8.74892103e+01, -3.04414984e+02, -4.36693019e+02,     1.92643741e+02, -1.46254255e+02,  1.79284918e+02,  8.63769796e+01,    -6.24636729e+02, -4.64159794e+02, -3.38436065e+02,  3.03407370e+02,    -8.96216685e+00, -5.37883311e+02,  4.93665365e+02, -3.38523909e+02,     4.65709689e+02, -2.56430077e+02, -4.14338410e+02,  2.24228442e+02,    -5.76751982e+02, -3.29956776e+02,  5.40452666e+02,  1.53985662e+02,    -3.45408938e+02,  4.48161469e+02, -1.46253582e+02, -3.21821124e+02,    -2.61457515e+02, -4.12622396e+02,  2.00775318e+02, -7.69000706e+02,    -7.06908007e+02, -8.12231664e+01, -2.54177130e+02, -4.68634428e+02,     6.12417268e+02,  1.12113424e+03, -2.79005581e+02, -2.62218033e+01,    -5.36847574e+02,  5.58912823e+02,  1.58993459e+02, -1.68502839e+02,    -3.25582836e+02,  1.42728579e+02, -5.16316111e+02, -1.71014791e+02,    -7.53885225e+02,  2.98608629e+02,  1.10354389e+02,  3.24957480e+00,    -5.84839902e+01, -2.93649889e+02, -7.56711529e+01,  1.08659779e+03,    -1.60693059e+02, -3.93988762e+02, -5.75143584e+02,  1.11392759e+02,    -3.05563586e+02,  7.66194029e+01,  2.49780567e+02,  5.60362003e+01,     2.40710720e+02,  1.03906266e+02,  5.04945002e+02,  2.59383777e+02,    -2.87944489e+02,  3.61298358e+02,  2.94300072e+02,  9.49225669e+01,     3.79057541e+02, -2.09708518e+02,  6.17644755e+02,  1.57609062e+02,    -2.57228320e+02, -5.02328150e+01, -1.62155306e+02,  2.01782045e+02,    -2.23281316e+02, -2.70985520e+01, -9.41089437e+01,  7.02934291e+02,     4.56334943e+02, -5.72707322e+02, -3.66836457e+01, -4.57246940e+02,    -1.47375931e+02, -1.92882855e+02,  6.50015685e+01, -1.21746023e+01,    -2.21608608e+02,  1.07686541e+02, -6.06821540e+01, -8.97405500e+01,     7.35794789e+02,  1.53011585e+02, -6.87589061e+02, -3.74588634e+02,     7.83660101e+02,  2.33049965e+02, -7.19692461e+01,  9.05268192e+02,    -1.56739852e+02, -9.44908201e+01, -5.06497945e+01,  1.16311043e+02,     2.42533172e+02,  3.38531688e+01,  2.28135516e+02, -1.32105865e+02,    -2.66293769e+02, -3.67307121e+02, -4.08899145e+02,  3.79892650e+02,     1.07438219e+02,  3.22088902e+02,  1.18337479e+02,  7.52103084e+02,     1.49564916e+02, -6.93479204e+02, -2.90993320e+02,  8.29298245e+01,    -2.35897758e+02,  5.27891818e+02, -1.09986842e+02,  1.56172658e+02,     4.24441928e+02, -6.25541541e+02,  1.26203858e+03,  1.64001060e+02,     2.00375974e+02,  2.98383046e+02,  6.95945139e+01, -5.53254105e+00,     3.06064904e+02, -3.02675467e+02,  6.95704738e+02,  5.99926542e+02,    -3.52464466e+02,  1.28747339e+02,  5.91271721e+02, -1.83480316e+02,     1.34907771e+02,  3.61323521e+02,  3.61842537e+02, -6.66524210e+02,    -1.16537213e+02, -2.97369764e+02, -2.92855975e+01, -3.62533932e+01,    -1.97089502e+01, -1.37667027e+02, -2.51418256e+02,  7.15862697e+01,     8.58920012e+01,  4.54271925e+02, -3.58989247e+02,  3.29491597e+02,     3.81518719e+02, -1.41443654e+02,  7.51051495e+02, -5.79044760e+02,    -8.93981718e+02, -5.58952042e+01, -7.22313560e+01, -7.24286272e-01,     6.68404956e+02, -6.12159365e+01,  3.44641752e+02,  4.10015000e+02,     3.21171004e+02, -8.85772498e+01,  5.35096800e+02, -1.34849974e+02,    -2.76911855e+02, -3.92235979e+02,  4.66730322e+01,  3.27213733e+02,    -4.22631659e+01,  3.24059731e+02, -2.40009485e+01,  5.40181303e+02,     1.69371358e+02,  7.41661458e+01, -4.46080394e+01,  2.87191196e+02,     3.19370582e+02,  1.67821708e+02, -6.54537813e+00, -4.54849953e+02,     2.55117297e+02,  1.68014641e+02,  3.13092737e+02,  2.63357828e+02,     2.98062467e+02, -4.95344259e+01,  2.31993510e+02, -2.07267965e+02,    -1.04811565e+01, -4.70917021e+02, -2.63163847e+02,  3.32812527e+02,    -7.67326479e+02,  2.48272665e+02,  1.44115083e+02,  7.01972197e+02,    -2.17856035e+02,  2.59296085e+02, -9.68545490e+01, -4.09268540e+02,    -6.07646006e+02, -7.02421155e+01, -7.46224799e+02,  1.34104237e+02,    -1.75900070e+02,  2.53146107e+02,  1.72419706e+02, -2.18975451e+02,    -2.14410928e+02,  3.27349401e+02, -5.08012216e+02, -1.04264656e+02,    -1.75485185e+02,  2.00828892e+02, -4.18191650e+01,  4.79263806e+01,    -1.82417138e+02,  4.80968694e+02, -4.05295666e+02,  8.30597214e+01,     5.10712041e+02, -2.91887184e+02,  1.64225521e+01, -2.90305248e+01,    -5.81317142e+02, -3.91634380e+02, -6.68574261e+01,  2.24370126e+02,     2.71208884e+02,  4.12094876e+01, -6.94523321e+01,  1.87399561e+02,    -3.81391150e+02, -1.53527251e-01, -4.26793034e+02, -2.30176991e+02,     3.98656840e+02, -2.48830223e+02,  5.44883913e+02, -1.80922539e+02,     2.97973937e+02,  2.16837073e+02, -5.26228476e+02, -2.41144284e+02,     7.03427256e+01, -3.37135498e+02, -2.97759416e+02, -7.32543481e+02,    -4.72140141e+02, -4.42866773e+02, -3.64971810e+02,  1.99876446e+01,     1.12914315e+02,  9.94455359e+00,  1.77878317e+02, -4.83140021e+02,     1.24260898e+02,  1.77640232e+02, -5.62730439e+02, -5.43281201e+02,    -3.47224439e+02, -2.00251160e+02,  1.64917499e+02,  6.41275517e+00,    -3.76575083e+02,  3.00214894e+02, -1.69166204e+02,  4.22595884e+02,    -7.54868687e+02,  5.10213482e+02, -3.19227987e+01, -3.12569056e+02,    -2.22063700e+02,  2.62122954e+01,  3.61151951e+02, -6.38262214e+02,    -1.19094630e+02, -1.73572747e+02,  4.13709076e+02,  7.09135801e+02,    -8.22251295e+02,  7.90267860e+02,  3.84352904e+02, -6.31433265e+02,    -2.98019534e+02,  6.46015898e+02,  5.09497285e+02, -1.54340911e+02,    -3.07613866e+01,  9.18699460e+01,  6.01515428e+02, -4.48741567e+02,     1.38281666e+02, -6.46240200e+01,  2.56933412e+02, -6.26299724e+02,    -6.33683855e+01, -2.84218160e+02,  4.00530497e+02,  3.60493004e+02,    -7.25740518e+02, -4.19571645e+02, -1.91805745e+02, -3.30071105e+02,    -1.23989369e+02, -1.95104440e+02,  3.63071575e+02,  3.52670777e+02,    -5.02111626e+01, -3.90923675e+02, -7.06530729e+02,  3.68202993e+02,    -4.28680020e+02, -2.67545816e+02,  4.09928322e+01, -2.92511223e+02,    -3.52446085e+02, -2.20687856e+02, -3.61009511e+02, -2.27049464e+02,    -4.32883429e+02,  4.93944841e+02,  5.47638916e+02, -2.90299506e+01,    -2.02017174e+02, -1.31266890e+01,  3.61702175e+02, -7.47900712e+02,    -1.79190228e+02,  4.21534739e+02,  5.69904408e+02, -1.54334361e+02,     9.80663382e+01,  4.66078575e+02,  1.32151802e+02, -5.34727057e+01,    -3.75174147e+02,  1.90519592e+02, -3.04493075e+02, -1.36105333e+02,    -1.63808065e+02, -1.58043056e+02,  1.68188508e+02,  6.61221641e+02,     5.33352608e+00,  3.32118697e+01, -7.70852854e+02, -1.50080040e+02,    -3.21307551e+02,  3.92767000e+01, -3.57404815e+02,  6.68958214e+02,     6.91255713e+02,  1.25553000e+02, -1.29060641e+02,  1.22103143e+02,     2.14809312e+02, -4.05583260e+02, -6.50233845e+01,  1.21423615e+02,     1.17101259e+02,  4.81853217e+02,  3.82472651e+02, -1.78679935e+02,     2.39869207e+02, -8.22435550e+02, -3.73174042e+01,  7.24314695e+02,     8.27111690e+01, -7.81028544e+00,  2.83575250e+02, -2.44358524e+02,     7.86747878e+02, -1.06903664e+02,  7.20899612e+02,  3.15002403e+02,    -3.27258818e+02,  2.60482640e+02, -2.60233433e+02, -5.84947621e+02,    -3.41512811e+01, -4.81003277e+02, -4.54166733e+02, -4.38754135e+01,     2.75549149e+02, -4.94311976e+01, -2.84842645e+02,  6.44857529e+01,    -6.17736547e+02, -7.83371912e+01, -7.03456292e+02,  4.43889504e+02,    -1.24077983e+01, -4.37625749e+02, -1.61861295e+02,  1.46037375e+02,    -2.74862112e+02, -4.01301255e+02,  7.68620700e+02, -1.91581923e+02,    -3.76428526e+02,  2.15157887e+02, -1.03126524e+02,  4.37378566e+02,    -1.68118464e+01,  7.09324150e+01,  8.68866430e+02, -1.51101968e+02,    -2.98999547e+02, -3.23393203e+02, -4.52017403e+02, -2.81077902e+02,     2.43551981e+02,  1.81083792e+02,  1.82429979e+02,  6.37421990e+02,     2.01469370e+01,  1.43871743e+02, -5.64996621e+02,  2.15440993e+01,    -1.97595397e+02, -2.26907941e+02,  1.15326777e+01,  3.00999976e+02,     3.27013810e+02,  6.19133873e+00,  7.92808000e+01,  2.51065463e+02,     3.17724358e+02, -2.04182870e+02, -1.11568621e+02,  1.43765726e+01,    -2.00180242e+02, -6.68976813e+01, -2.35642635e+02,  6.46723347e+02,     5.53163552e+02, -1.07653081e+02,  1.05071783e+02, -2.07390742e+01,    -2.06323089e+02,  2.87763702e+02, -7.42566928e+01,  3.33648216e+02,    -4.58524810e+02,  1.60080553e+02, -9.32836735e+01, -4.64168212e+02,    -2.13324805e+02,  2.32138287e+02, -7.34862780e+02,  3.61148285e+02,     4.20992867e+02, -6.22218913e+01, -4.27455842e+01, -2.64848002e+01,     2.09903735e+02, -2.79655309e+02,  3.10799568e+02,  2.44343830e+02,    -8.89884949e+02, -2.82112918e+02,  1.93527561e+02, -8.00505875e+01,     3.30809559e+02, -5.28153329e+02, -3.73611121e+00, -3.53454895e+02,    -1.05977046e+03,  6.41774013e+02, -5.10259202e+02, -4.93926514e+02,     7.51674336e+01,  1.09856120e+03,  3.02273259e-01, -1.87743025e+02,    -1.79795915e+01, -6.14886955e+01, -7.57272190e+02, -5.30084539e+02,     6.67569281e+02, -4.44534928e+01, -3.37041225e+02,  4.29355579e+02,    -2.95199358e+02,  3.39313748e+02,  4.63787550e+02, -5.26166945e+02,    -2.22289912e+02, -2.95165292e+02, -1.28861118e+02, -1.66555031e+02,    -6.01050649e+01,  1.17178927e+02, -2.88302910e+02,  2.54148407e+02,     5.10233944e+02, -1.35893539e+02, -1.52669266e+02,  1.18420133e+02,     4.89986005e+02,  4.18347695e+02,  3.32002106e+01, -1.64282076e+01,    -4.83600158e+01, -4.36520463e+02,  3.24626664e+02, -2.06650220e+02,     1.71355202e+02, -1.32557381e+02,  2.47367822e+02,  1.50419135e+02,    -6.76684902e+02, -2.36572575e+02, -6.75375377e+02, -2.80096255e+02,     6.49859736e+01, -1.47744448e+02,  2.56402466e+02, -2.46669063e+02,     1.57367786e+01,  8.95808386e+01,  6.36723285e+02,  3.20748597e+02,    -2.34497838e+02,  1.75119123e+01,  9.68243800e+01,  3.40425426e+02,    -4.61265111e+00,  4.34199065e+02,  2.08501582e+02,  7.63088676e+02,     2.11942822e+01,  5.83963402e+02, -2.23245830e+02, -3.29799048e+02,     6.94846589e+01,  6.68054219e+01,  2.59777130e+02, -5.78341251e+01,    -1.35697347e+02,  2.21415149e+02, -3.93094494e+02, -4.44878656e+02,     6.57946748e+02, -4.90997301e+01, -3.65864806e+02, -4.35849672e+00,    -1.20746401e+02,  3.02266806e+02,  2.82841431e+02, -1.66167895e+02,     9.09224749e+00, -2.31319603e+02, -2.80267638e+02, -2.44789672e+02,    -8.19914070e+02, -2.73805406e+01, -5.51864513e+02, -4.71755235e+02,    -3.35870987e+02,  1.50704160e+02, -3.21452197e+02,  1.88822401e+02,    -4.84674750e+02,  9.89662530e+00, -3.49007879e+02,  6.35837134e+01,     1.01405888e+02,  2.50160044e+02, -1.68305116e+02, -1.27416892e+02,     2.23870125e+02,  5.14901621e+02,  2.79423148e+02,  6.53997327e+01,    -5.84371932e+02, -1.18805423e+02, -2.62781085e+02, -5.19539897e+02,     3.53131890e+02, -2.95282685e+02, -3.77962913e+01, -1.97612698e+02,    -8.67941781e+02,  4.28490188e+02, -1.43986886e+02,  3.51795287e+02,    -5.95019949e+02,  5.61526576e+02,  3.75060760e+01, -2.66247622e+02,     3.97715336e+01, -1.98218280e+02, -5.82883660e+02,  1.21618846e+02,     2.42921364e+02,  2.70483677e+01, -3.10250649e+02, -1.12371773e+02,     1.40763055e+02,  2.51517402e+02,  5.49274854e+02,  2.16202251e+02,    -2.01828336e+02,  7.58736975e+02,  2.45375723e+02,  3.35790767e+02,    -1.43747707e+02,  2.29100798e+02,  1.50238254e+02, -5.27376566e+02,    -1.60668014e+02, -3.37961103e+02, -2.69537264e+02, -8.96433714e+01,    -1.49453343e+02, -3.20581674e+02, -9.72559545e+02, -2.60575577e+02,     1.31698806e+02,  8.82349279e+01,  8.10146466e+01,  4.22688891e+02,     1.58955626e+02,  2.73624964e+02, -3.63804077e+02,  3.94327267e+02,    -4.21845562e+02, -6.53110308e+02,  1.66480584e+02, -3.46190812e+02,    -3.59253396e+02, -1.34922927e+03, -1.01409982e+02,  6.84772012e+02,     3.98003988e+02, -8.60787409e+01, -1.03256922e+02,  2.55094257e+02,     5.83573915e+02, -3.44935117e+02, -8.31979764e+01, -2.73129183e+02,    -3.05453552e+02, -2.91692132e+02,  1.36324861e+02,  6.11247292e+02,    -5.64180271e+02, -4.54680422e+02,  2.10396655e+01, -7.48187448e+01,    -1.22224181e+02, -7.95096444e+02,  4.85211783e+02,  2.13620126e+02,     7.74840875e+01,  4.14112327e+02, -2.59496509e+02,  2.54201579e+02,     2.31834721e+02,  4.63985325e+01, -4.10765927e+01,  1.04002096e+02,    -1.39863346e+02,  4.02812002e+02, -3.72489662e+02,  3.60526412e+02,     8.08397310e+01,  9.70659846e+01,  1.99466142e+02, -7.36689096e+02,     5.52590259e+01, -5.48850509e+02, -4.32805432e+02, -4.20140096e+02,    -3.86104486e+02,  1.00092863e+01,  1.12098631e+02,  4.12606339e+02,     8.18875752e+01,  1.18432632e+02, -6.07257704e+02, -2.14857975e+02,     2.81725388e+02,  1.02511843e+01,  1.51947357e+01, -7.08400573e+01,     3.13040087e+02, -7.80355508e+02,  9.00736845e+01,  2.00328766e+02,     3.88667283e+02,  3.33679979e+02, -4.85792812e+02,  6.68790563e+01,     3.70750442e+01,  4.02369414e+01,  1.73276530e+01, -1.65994659e+02,    -2.71841258e+02,  1.35435568e+02,  5.33361022e+02, -7.37792784e+01,     8.35737938e+01,  1.51687019e+02, -2.13631632e+02, -2.11242775e+02,    -9.91070869e+02, -3.29471143e+02, -4.37443360e+02, -6.38140288e+01,    -5.44444688e+02,  6.41181306e+02, -2.52221828e+02, -4.51378087e+02,    -1.33636815e+03,  5.60764694e+02,  1.18048491e+02, -1.14864070e+01,    -5.24553686e+02,  9.02229903e+01, -1.47920112e+02, -2.78022087e+02,     9.98312214e+01,  2.73483430e+02,  6.77396999e+01, -1.49601833e+02,    -2.65747892e+01,  8.02560453e+00,  1.61060325e+02, -5.22005966e+02,     5.98382406e+02, -3.57663699e+02, -2.31157851e+02, -3.62172862e+02,    -8.32490122e+02,  8.07086423e+01, -4.08509824e+02, -1.87094743e+02,     2.89819261e+02, -2.07746716e+02,  2.24223188e+00, -8.60788943e+01,    -2.17789617e+02,  1.47269715e+01,  4.54453073e+02, -4.43506362e+02,     7.90114095e+02, -1.69365559e+02,  2.88817868e+02, -6.91596860e+01,     1.28024919e+02, -9.92023600e+01,  3.98728022e+02,  5.34938969e+02,     1.70250127e+02,  4.68100887e+02, -3.30451333e+02, -2.77853584e+01,    -1.94893003e+02,  5.80415411e+02,  4.91392301e+02,  3.76144514e+02,    -1.28934904e+02, -2.58251013e+02,  2.28874424e+02, -2.20117152e+02,    -1.17254138e+02, -6.17129358e+01, -2.24454050e+02,  4.36989260e+02,    -4.98276787e+01,  3.36809450e+02,  1.21246359e+02,  1.44194806e+02,    -2.91121633e+02,  2.74371355e+02, -1.53414516e+02, -1.11015615e+02,    -2.56630921e+01, -4.32707871e+02,  6.53297788e+02, -2.41002186e+02,    -3.35703633e+01,  1.71740824e+02,  1.45800428e+02,  6.03978903e+02,    -1.43659977e+02,  6.54323012e+02,  5.95671245e+02, -8.29415489e+02,     7.36466898e+01, -1.73256455e+02,  1.23698402e+02,  7.25990658e+01,     1.51711192e+02,  5.15181208e+02,  7.92101492e+02, -6.68234832e+02,     6.52738146e+02, -7.89621012e+02, -6.57955356e+02, -1.06407061e+02,    -8.34685296e+00,  6.02804169e+02,  3.26841475e+02, -1.53310713e+02,    -7.89823808e+02,  6.00939432e+02, -3.84121787e+02, -6.30047104e+00,    -4.19853740e+01,  1.06029949e+03, -2.41286827e+02, -8.98153458e+02,     2.64570791e+02, -1.38204902e+03,  9.52922515e+01, -3.05056668e+02,    -1.54455398e+02, -2.32459422e+02, -4.99798983e+02,  3.48059566e+02,    -3.08375335e+02, -8.08596384e+01, -6.67376642e+02, -5.72851332e+01,    -4.10303936e+02, -6.33985719e+02, -1.04218786e+03,  8.52117652e+01,    -2.75800505e+02, -4.96732836e+00, -1.14976923e+02, -6.75690710e+02,    -5.39992782e+02, -4.51008771e+02, -4.54835267e+02,  4.67413037e+02,     7.88633855e+01, -4.07863202e+02, -1.54967281e+02, -1.91756805e+02,     3.17483863e+02, -2.84561441e+02, -1.02650273e+02, -1.91932115e+02,    -3.06506569e+02, -3.20199589e+02,  3.26944859e+02, -1.47707505e+02,    -7.76530778e+02,  6.56390565e+02,  3.99323586e+02,  5.06190001e+01,    -6.17478524e+02, -6.44793179e+02,  9.31905177e+01,  1.09402934e+01,    -2.56574329e+02, -4.14494310e+02,  3.01074662e+02, -6.75083042e+01,     2.34016103e+02,  4.19861514e+02,  2.87801557e+02,  2.99312717e+02,     2.17231459e+02, -1.74418178e+02, -1.06905368e+02, -1.86808324e+02,    -2.97325964e+02, -3.90632693e+02, -5.51141578e+02, -3.32557870e+02,    -6.84350162e+01, -6.76296430e+02, -7.62549226e+01,  2.78279096e+02,    -6.13750131e+02,  2.12629519e+02,  1.85840467e+02, -5.99842160e+02,    -4.83660160e+02, -1.34771427e+02,  1.78822393e+02, -3.36761652e+02,     5.97160664e+02,  5.36310306e+02, -6.37709726e+02,  4.27605815e+02,     3.01275361e+02,  6.44203414e+01,  2.12858069e+02, -3.63249586e+02,    -1.22232894e+02,  4.81089350e+01,  1.51468687e+02,  3.84356133e+02,    -4.32226419e+02, -3.90914636e+01,  1.49338461e+02, -1.18334487e+01,    -2.27788378e+02,  1.67053827e+02, -2.26062381e+02, -1.71484063e+02,     3.00068591e+01, -5.09625303e+02,  2.97422032e+01, -1.95649789e+02,    -1.08714377e+02,  8.84126958e+00, -4.82186274e+02,  4.81263798e+02,    -2.27726849e+02, -1.10266611e+03, -7.19080945e+02,  3.31939174e+02,    -3.04294855e+02, -1.47571288e+02, -2.47936511e+02, -1.41623956e+02,    -8.51841566e+02, -9.18569644e+01, -5.43545122e+02, -2.84647021e+02,     2.18106592e+02,  6.32816672e+02, -2.52214053e+00, -2.46950580e+01,     4.96603770e+02, -4.31893887e+02,  3.02140903e+02,  7.73620370e+01,    -3.56018937e+02, -1.55873527e+02,  2.09240021e+02,  1.57936197e+01,     8.40604161e+01,  9.67596335e+01, -2.00900138e+02, -2.35863366e+02,    -4.46789643e+02,  4.26971862e+02, -5.40334080e+02, -3.96309557e+02,     8.20532331e+01, -7.59744922e+02,  1.64349474e+02,  5.32887775e+02,    -4.22258305e+01,  6.11894923e+01, -2.11791437e+02, -1.73303220e+02,     8.80877519e+01,  3.19010275e+02, -3.42851156e+02,  2.60363231e+02,    -9.26030873e+01, -3.02137739e+01,  2.27402252e+02,  1.60804105e+02,    -7.71210206e+01, -2.16007436e+00,  2.06301147e+02,  2.36884712e+02,    -6.08586893e+02,  5.19864690e+01,  4.57985752e+02, -8.23167922e+02,     2.75618541e+02, -1.01172072e+03, -8.00406437e+01, -1.25638539e+02,    -6.82001415e+01, -7.68996388e+01, -2.20407929e+02, -3.30412827e+01,     1.39067208e+02, -2.05569467e+02,  1.19466573e+02,  7.36607594e+02,    -5.43528255e+02, -2.26392874e+02,  3.10161018e+02,  2.08620372e+02,     3.51792033e+02,  1.40425423e+02,  2.37982220e+02, -1.57214314e+02,    -4.15431852e+02, -3.60905332e+02, -1.79808772e+02,  8.44512164e+00,    -3.55574473e+02, -1.28904799e+02,  5.61746104e+01,  1.97379467e+02,    -8.44389816e+01,  4.77054523e+02, -4.33673061e+02, -4.25203518e+01,    -2.36976819e+01,  2.37923782e+02, -3.44594009e+02, -2.17175813e+02,     2.30038134e+02,  4.21427546e+02,  5.93706784e+02,  2.96711312e+02,     3.51002322e+02, -2.51463018e+02,  5.28295596e+02,  5.73073194e+02,    -5.21002925e+01,  3.31404396e+02,  3.22289203e+02, -2.14937339e+02,     1.63325780e+01,  5.19687554e+02, -2.34344517e+02, -1.03401539e+02,    -5.13495668e+02,  2.26834625e+02, -6.49718112e+01,  1.51015980e+02,     8.02532647e+01, -3.53593227e+02,  3.88419667e+02,  3.44950851e+02,    -2.02044246e+02,  1.56494895e+02, -4.86236099e+02, -4.36975158e+02,     1.99642183e+02, -5.85259638e+02, -2.29322932e+02,  8.15195816e+01,     6.85220937e+02, -2.05570452e+02, -8.81003400e+01, -1.26620254e+02,     9.70336762e+02,  1.22098622e+02, -3.67851426e+02,  5.80099355e+02,     5.33539989e+02,  2.56357620e+02,  6.19248436e+02,  6.86976805e+02,    -8.77475170e+01, -2.53309339e+02, -2.73901388e+02,  2.27740689e+02,     3.19279423e+02, -4.25079916e+01, -1.76345026e+02, -5.21126702e+02,    -2.54051759e+02, -3.74257282e+02,  2.50399468e+02,  1.27380154e+02,     5.30818499e+02,  4.90013332e+01, -2.10479013e+02, -6.61221493e+01,     3.39036102e+02,  1.09242287e+02,  4.32671548e+02,  4.84891432e+02,    -1.15904798e+02, -7.73481561e+01, -8.20090551e+02,  4.50783908e+02,    -4.33625691e+01,  4.25148772e+02, -1.55799098e+02, -4.95975683e+02,     1.67274341e+02,  5.87251166e+02, -2.08830540e+02,  5.77094321e+02,    -6.10844368e+02, -1.90061032e+02, -6.60567472e+02,  1.85499821e+02,     9.50385631e+01,  9.69470609e+00, -5.05158581e+02,  7.40040452e+02,     4.45139377e+02,  6.72258345e+01, -3.89483277e+02,  1.84373188e+02,    -2.28548747e+02, -7.47591965e+01, -1.85042518e+02,  1.75425026e+02,    -8.59525103e+01, -1.72275074e+02,  1.62823950e+02,  2.21924198e+02,    -7.20202946e+02,  1.62897928e+02,  5.64718423e+02,  3.53012318e+02,    -1.11276489e+02,  2.83118319e+01, -3.03137391e+02,  4.97909345e+02,     1.46813684e+02, -5.56906357e+01, -5.74003459e+01,  9.18641425e+02,     3.41751712e+00,  2.61205240e+02,  6.09981855e+02,  8.22889824e+02,     5.38122116e+02,  3.55779691e+02, -5.36225493e+02, -3.65601847e+02,     2.92082100e+02,  1.53810827e+01,  2.71575134e+02,  1.54426513e+02,     4.95058371e+02, -6.53005680e+02, -4.12264264e+02, -5.49783174e+01,    -7.28696125e+02,  1.64779473e+02,  3.33876213e+02,  1.14288788e+02,    -1.90716481e+02,  1.98274486e+02,  1.19518837e+03,  2.20374735e+02,     1.28890375e+02, -4.11749272e+02, -5.55464976e+02, -1.31091722e+02,     2.62647229e+02, -4.51603817e+01,  1.78585474e+02,  2.95367255e+02,    -5.03428556e+02,  2.10627142e+02,  4.36327973e+02,  4.92908189e+02,    -4.67174114e+01,  1.05522316e+01, -7.78990784e+01, -4.24574502e+02,    -5.60085840e+02,  7.01929442e+02, -5.73297420e+01, -4.98578063e+02,     1.87183218e+01, -1.94364669e+02,  7.68427160e+02, -2.00800964e+02,    -2.89596967e+02,  2.62925444e+02, -1.24103447e+02,  3.66279416e+02,    -4.57335377e+01,  8.45188681e+02,  4.23190180e+02, -8.02919420e+00,    -3.04582044e+02,  2.10427588e+02, -4.66946513e+02, -9.64363192e+01,     5.12326239e+02, -2.35913844e+02, -3.96244612e+02, -1.86203629e+02,     4.35496462e+02,  1.22668033e+02, -6.98100612e+02,  2.59039876e+02,     1.26271495e+02,  5.92061779e+01, -4.28995217e+02,  1.58643902e+01,     2.95567592e+02,  4.29528452e+02,  5.39278365e+02,  2.21415802e+02,     3.52370630e+01, -4.27640580e+02, -4.00974422e+02, -6.24272768e+02,    -7.96281464e+01,  2.66311150e+02, -2.05631110e+01,  4.49099728e+02,    -2.67487424e+02,  1.52390097e+02, -1.02957655e+02, -2.51174786e+02,     4.99209665e+02,  6.39562338e+01,  5.17493549e+02,  2.72201553e+01,     2.08453407e+02, -1.65778990e+02,  5.26881416e+02, -1.03601361e+02,    -2.99682694e+00, -6.57359636e+02, -9.01507924e+01,  6.12309006e+02,     5.59743035e+02,  2.21890516e+02, -1.26713468e+02,  3.16675312e+01,    -1.49761929e+02, -5.10073940e+01,  7.57254909e+02,  1.44919013e+01,    -2.01861939e+02, -9.28449456e+02, -4.53541244e+02, -3.16993462e+02,    -5.64647104e+02, -4.73934161e+02, -5.97882714e+02, -3.91121839e+02,    -3.17288844e+02, -4.04106767e+02,  4.00483925e+02, -2.11700879e+02,    -8.12996546e+02,  3.37554724e+02, -2.44833515e+02, -6.91218282e+02,     8.16744413e+02, -2.02748580e+02,  1.65132574e+02,  3.43251819e+02,     1.03798221e+01,  2.18264634e+02,  7.46979090e+00, -1.28615797e+01,    -1.15735621e+02, -6.12404557e+02,  8.98144349e+01, -1.09578284e+03,     5.51703360e+02, -3.68026545e+02, -1.15936499e+02, -1.48826769e+02,     9.12885866e+01, -1.57106097e+02,  2.41142424e+02, -4.52980135e+02,     3.20057383e+02,  3.32005325e+02,  1.28519568e+02,  8.33743717e+01,     1.68484242e+02,  6.35247481e+01,  2.54407881e+02, -8.16112434e+01,    -5.30085092e+02,  8.36146557e+01, -1.97076082e+02, -3.96396520e+01,     4.21594664e+02, -6.83744526e+02,  1.00899246e+01,  1.23030163e+01,     7.18821910e+01,  2.80136126e+02, -1.15860996e+02,  7.06245176e+02,     4.05880746e+02, -1.47296519e+02, -8.83118518e+01,  1.68841962e+01,     6.56385961e+02, -4.67673362e+02, -8.77328061e+02,  2.44116916e+02,    -1.02927906e+02, -1.07793992e+02,  1.43028522e+02,  6.60720827e+02,     4.01786771e+02, -1.48955643e+02, -4.25390692e+02, -5.10244854e+01,     2.47968524e+02, -1.11955938e+02, -6.27052211e+02, -2.52468329e+01,    -7.84766711e+02, -4.10766507e+02,  6.73473519e+02, -4.33685445e+02,    -5.63916961e+02, -4.39931768e+02, -2.99003196e+02,  2.83675350e+02,     6.97539143e+02, -4.40798620e+01,  2.31224648e+02, -1.52806516e+02,    -5.88116373e+02,  3.95550770e+02, -3.86675622e+02,  2.38301836e+02,     3.05983904e+02, -6.56177212e+01,  3.48613858e+02,  3.69136679e+02,     9.10755800e+02, -1.25570712e+02, -3.90452621e+02, -5.38701843e+02,    -1.28395505e+02, -2.23557365e+02,  8.55762758e+02, -3.74156076e+02,     8.52789198e+01,  6.11892620e+01, -2.19754582e+02, -6.88450711e+02,    -5.47440303e+01,  8.26671105e+02,  9.41784998e+01,  5.94655169e+01,    -4.53894360e+02, -5.10614233e+02, -8.35788565e+01,  4.07472927e+02,    -1.91071759e+02,  8.99092821e+02, -3.72397483e+02,  1.45105227e+02,    -1.72409551e+02, -5.76676790e+02,  2.65142599e+01, -4.31113116e+02,    -6.29289723e+02,  7.15633736e+01,  1.88856122e+01,  4.37243138e+02,     1.79337385e+02, -2.86244383e+02,  1.91334091e+02, -7.00068315e+02,    -4.45467013e+02,  7.66526175e+02,  1.08781368e+02, -1.16240356e+02,    -2.72359398e+02, -3.99515759e+01, -6.61775056e+01,  7.22732521e+02,     3.47185661e+02, -1.23030222e+02, -5.63253706e+01, -3.40154438e+02,    -1.71744159e+02, -5.67512510e+02,  4.07755364e+02,  6.41301863e+01,     1.14784514e+02,  1.29416164e+02, -4.80678989e+01, -1.55545137e+02,    -3.09387842e+00, -9.00209283e+02, -1.60692116e+02, -6.90567595e+01,    -7.66939850e+01,  4.61810293e+02,  5.34963366e+02,  1.35742740e+02,    -8.09746302e+02,  5.40180676e+02, -1.69357267e+02, -3.26597329e+02,    -7.39534628e+02, -2.75892284e+02,  5.00779023e+02,  2.34252375e+02,     6.32348843e+01,  2.61103233e+02, -4.92192191e+02, -3.76876088e+02,     4.69474190e+02,  3.23368883e+02,  4.35864893e+02, -6.25866667e-01,     5.99408568e+01,  4.67771870e+02,  8.37817266e+02, -2.06728159e+02,     3.22020210e+02, -1.45913716e+02, -3.57345023e+02, -2.91118401e+02,    -2.60612839e+02, -1.26506899e+02, -4.31416661e+02, -1.97350871e+02,    -1.17929708e+03,  2.87732952e+02,  1.65545314e+02, -3.11615694e+01,    -3.52198156e+02, -1.90972602e+02, -4.55370870e+02,  9.98524434e+01,     6.97338775e+02, -1.73149423e+02, -1.40206079e+02,  1.84988559e+02,    -4.11200641e+02,  7.34933524e+02,  1.41147259e+02,  1.52914812e+02,     4.37850682e+02,  1.28715720e+01,  4.74812258e+02,  1.40180469e+02,    -7.19546803e+01,  7.92628602e+01, -2.32112115e+01,  5.86447950e+02,     7.80924957e+01,  1.27876765e+02, -7.71513192e+01,  1.13373753e+02,    -7.83959703e+02, -3.17329566e+02, -3.90222028e+02,  4.34486239e+02,    -2.47875553e+02, -5.43672168e+02,  5.00148479e+02, -1.02478573e+02,     3.69794169e+02, -7.75990436e+02,  2.10222028e+02,  6.39948236e+01,     4.93883426e+01, -7.37941418e+01, -5.55720082e+01,  4.18926294e+02,    -8.94502177e-01, -4.19919354e+02, -1.36498058e+02,  2.13518530e+02,    -9.89926716e+02, -7.86550948e+02,  1.11852471e+01,  9.58513996e+01,    -3.70321853e+02, -3.70522454e+01,  9.17195791e+02,  2.79258811e+02,    -4.74524351e+02,  7.95221088e+01, -7.57233212e+01,  8.96409448e+01,    -2.91683645e+02,  1.57899479e+02,  2.39948736e+02, -5.69565994e+01,     9.53980114e+02, -8.82858888e+01, -2.73575324e+02,  1.65556207e+02,     3.49699760e+02, -3.01906450e+02, -2.54734335e+01,  8.14364051e+02,    -1.98331127e+01,  4.98834108e+02,  1.23230293e+02, -8.07262099e+01,    -2.21300148e+02,  4.82156003e+02, -4.68061465e+02, -1.79348452e+01,    -1.28808641e+02, -3.59414835e+02,  1.42362073e+02,  2.03584352e+02,     7.44972363e+01, -1.47577754e+01, -3.28782349e+02,  1.55101136e+02,    -1.46296803e+01, -2.11439266e+02, -1.83600916e+02,  1.66960567e+02,    -4.40272638e+01, -3.11617578e+02, -9.06478323e+02,  7.68897392e+01,     1.97922662e+02, -3.99053129e+02, -1.90727660e+02,  7.00977724e+02,     6.33213687e+01,  3.01083564e+02,  5.66393504e+01,  3.14963444e+02,     4.43875635e+01, -3.34521305e+02, -3.44071705e+01,  7.02473013e+01,     2.36684440e+02,  6.81414144e+02,  4.16988661e+02,  1.98576685e+01,     1.46301125e+02,  5.12991763e+02,  2.23060894e+02, -6.14855707e+02,    -2.28339356e+02,  1.14808229e+02,  7.25921027e+01,  2.23195612e+02,    -4.46022043e+02,  1.06367293e+02,  3.43541996e+02,  4.17846049e+02,    -3.80132047e+02, -4.20826063e+01, -1.96225820e+01, -1.16828052e+02,    -2.79309376e+02, -1.66822551e+02, -2.93216525e+01,  6.93348891e+01,     3.51500637e+02, -2.64013669e+02,  6.79656285e+02,  3.03908483e+02,     2.16791245e+02,  2.83649235e+02,  2.56772493e+02,  2.79284503e+02,     4.59022706e+02, -3.77369515e+02,  5.37501962e+02, -9.46568629e+02,     2.63859035e+02, -9.22524289e+02,  7.14624413e+02,  6.20651078e+02,    -9.76882605e+01, -4.18217343e+02, -3.58456224e+02, -4.88957786e+02,    -5.26426522e+02,  4.90045585e+02,  3.64302596e+02,  2.05987822e+02,     2.67741570e+02,  3.46308787e+02, -3.26984758e+02, -1.69646648e+02,     4.87124830e+02, -1.06549469e+02,  4.48875375e+02,  6.21150338e+02,    -3.62609637e+01, -6.12882786e+02,  1.38224828e+01, -1.03235974e+01,    -8.37203013e+01,  6.93413409e+00, -5.69884387e+02, -1.54207618e+02,     5.23670800e+01,  7.74155512e+01,  4.11193838e+02, -3.39128964e+02,     5.18983192e+02, -3.43150416e+02,  1.90015139e+02,  3.31955956e+02]
gas_BEE = [-1.38630126e+01,-5.10021069e-01,-3.09408020e+00,9.81950654e+00,-4.95416377e+00,-3.72907998e+00,-9.44821289e+00,-2.08772992e+01,-8.82449514e+00,-9.57163119e+00,-7.98974320e+00,9.30927537e-01,4.87436494e-01,1.96225523e-01,6.76283107e-01,1.05822008e+01,-4.61599670e+00,-3.24106110e+00,4.84838820e+00,-2.47600983e+01,1.23466886e+01,-5.21082269e+00,-1.27788392e+00,-2.36095173e+00,-4.55533064e-01,-1.35031533e+00,1.98327405e+01,-4.24396611e+00,-1.67873271e+00,-1.18632607e+01,1.67908257e+01,-2.28014509e+00,-9.05561220e+00,4.71425960e+00,-6.94664862e-01,5.30374381e+00,-3.17929213e-01,9.26564530e-01,7.22985868e+00,-2.27288996e+01,1.22045945e+01,2.56146431e+00,-1.74565756e+00,-7.09797847e+00,2.73234384e+00,-3.63253985e+00,1.05015164e+01,8.28176210e+00,-5.53118992e+00,-7.00650445e+00,-6.79610110e+00,-8.04825221e+00,4.01450337e+00,-1.12826161e+01,3.00166544e+00,1.35071595e+01,1.55997429e+01,7.54787902e+00,3.74793293e+00,6.46731743e+00,2.02669277e+01,4.46890617e+00,-1.23208360e+01,-2.81717708e+00,-6.16196954e+00,1.38323015e+01,-1.67695648e+01,-1.38529050e+01,-6.66614813e+00,-2.93624247e+00,-9.49119877e+00,6.18450175e+00,2.81417919e+00,3.05424321e+00,-8.67646562e+00,-7.70998164e+00,-1.25008984e+01,7.95672026e+00,-7.23520948e+00,6.50417870e+00,-1.60610910e+00,-6.74760420e+00,-1.21871898e+01,-3.62653299e+00,-3.32420020e+00,-3.36833805e+00,8.79041375e+00,1.62653064e+01,-9.62779711e+00,-1.77452454e+01,-4.36646615e+00,2.47491356e+01,-1.25520168e+01,7.16090632e+00,-2.07449260e+00,-1.40019141e+01,6.10917737e+00,7.78675806e+00,-3.45130179e+00,7.26190046e+00,-6.27713317e+00,-1.22294397e+01,2.12448189e+01,1.00572144e+01,5.84438359e+00,2.76173540e+00,4.59968347e+00,1.85256962e+01,-5.96881989e+00,9.13146267e-01,-3.11908800e+01,4.24006936e+00,-1.51705786e+01,2.94035853e+00,4.65464172e+00,-7.57468798e+00,-1.17465467e+01,1.18688782e+00,-6.83118656e+00,8.68319776e+00,-1.04529547e+01,-1.12845728e+00,-8.40552241e+00,-5.99720320e-01,1.67177825e-01,4.20005933e+00,2.94909436e-01,-1.75220530e+00,1.40984477e+01,2.04019995e+01,1.07748132e+01,1.61723808e+01,-3.07712405e+00,2.37940233e+00,1.16724494e+01,-4.48959376e-01,-1.68650945e+01,-9.29492933e+00,-1.11849963e+01,-6.58385139e+00,6.14760315e+00,-2.67958342e+01,-3.26070668e+00,9.83171288e+00,-9.08117625e+00,-7.43122748e+00,1.19896493e+01,1.06002734e+01,-6.94592758e+00,5.58363419e+00,-5.53989949e+00,8.20119804e+00,1.42008743e+00,3.30954532e+00,-1.89791564e+01,-1.08684442e+01,-1.90369683e+00,-3.79638823e-01,-8.80552393e+00,2.44468697e+01,-3.33508073e+00,-6.88582235e+00,8.40650813e+00,-1.03000188e+01,-7.98741250e+00,7.26296972e+00,2.43295171e+00,2.50265455e+00,2.86967695e+00,-2.44896510e+00,3.41741825e+00,1.30801304e+01,-6.32723294e+00,4.52424503e+00,2.01170176e+01,7.03807495e+00,-9.56646357e-01,-4.22242093e+00,3.42611321e+01,-4.70944978e+00,8.56742723e+00,5.78970082e+00,7.02789564e+00,2.05081688e+01,1.07625459e+01,-9.01471571e-01,4.92742477e+00,1.11818203e+01,8.32187624e+00,-1.27043590e+01,2.11245065e+01,-1.90570841e+01,-3.20654806e+00,1.26111753e+01,2.63654826e+00,1.26230831e+00,6.79231859e+00,4.67065411e+00,7.32354870e+00,-1.40875126e+01,9.95786869e-01,-5.73564251e+00,-1.56727997e+00,-6.70127811e-01,-2.30831253e+00,-1.19164274e+00,1.86473151e+01,-1.46936701e+00,-6.41288903e+00,-6.84164027e-01,2.96617986e+00,-1.35897982e+01,-1.10112693e+01,-7.81106607e+00,-1.39071538e+01,-3.88051160e+00,-9.06257909e+00,4.02219037e+00,-3.46081537e-02,-2.52872367e+00,-1.83234216e+00,1.43156165e+00,-4.28148166e+00,1.47128340e+01,-1.86707067e+01,-2.95932514e+00,-3.45850091e+00,3.88057273e+00,4.42054372e+00,-1.12235392e+01,-3.22149729e+00,9.84264023e+00,-5.10392833e+00,3.11467704e+00,8.18696162e+00,-3.58768139e-01,2.57165951e+01,-3.55378212e+00,-7.98025679e+00,4.19649866e-01,-5.93049101e+00,1.15739266e+01,-9.46938986e+00,2.91497441e+00,1.20801008e+01,-2.96190307e+00,2.65799372e+01,2.80340547e+01,-1.57679235e+01,1.27927260e+01,4.51626328e+00,-1.21472465e+01,4.26778790e+00,8.62952325e+00,9.34796840e+00,1.05275685e+00,3.73602273e+00,1.60593872e+01,-5.12718143e+00,2.73362696e+00,1.56402405e+01,-8.26685866e+00,-4.37171958e+00,1.24214229e+01,6.74635660e+00,1.73004612e+01,6.82054173e+00,2.13399880e+00,5.50730801e+00,9.21163039e+00,-1.09383844e+01,9.59546426e-01,4.76000311e+00,2.07882141e+00,5.14231379e+00,-1.34572253e+01,7.65767729e+00,-9.83363585e+00,-6.98744445e+00,3.86438761e+00,-2.87100144e+00,1.26622709e+01,-4.49460650e+00,5.98052566e+00,7.06334784e+00,1.75026724e+01,1.21212594e+01,1.12193315e+01,-1.71253833e+00,-1.86393583e+00,-6.76068125e+00,1.76523623e+01,1.82351887e+01,8.26060309e+00,-5.52134831e+00,1.12095527e+01,-1.28465088e+00,4.49445052e+00,1.49355291e+01,-3.07318205e-01,-2.24313462e+00,-5.59181526e+00,-1.25806286e+01,2.13819075e+01,1.02635695e+01,-1.34025180e+01,-3.77393315e+00,5.71312875e+00,-2.52733147e+00,1.40320712e+01,3.40510103e+00,1.79860455e+01,6.30530297e+00,-5.68002288e+00,4.59736620e+00,-1.35255296e+00,-6.39224002e+00,3.60156228e+00,4.17265948e+00,2.00249062e+01,1.73083785e+01,1.24072458e+01,1.59916311e+01,1.63397618e+00,-6.15907335e+00,3.13069583e+00,-7.66523182e+00,-1.18642390e+01,-1.26235183e+01,-6.44086757e+00,-2.44699149e+01,-7.43959078e+00,-1.89827573e+01,4.37249051e+00,-1.03200853e+01,1.03249880e+01,-2.13279801e+01,-6.79938257e+00,1.01606050e+01,4.81728907e+00,-1.93251186e+01,1.29800957e+01,-5.98497850e+00,1.20706481e+01,-6.12921175e+00,-1.70258404e+01,3.54996305e+00,-1.40644755e+01,-2.10541100e+00,-1.92414487e-01,9.43690357e+00,2.81143741e+01,-9.96673780e+00,-8.12417871e+00,-1.06978502e+00,-2.38897977e+00,-1.78511142e+01,-1.29843435e+01,1.14942743e+01,-4.77626509e+00,4.27313021e+00,-1.10207356e+01,-3.00937978e+00,-9.36674550e+00,1.12431614e+01,3.49539833e+00,-5.50584554e+00,-3.34009055e+00,2.56679314e+00,-1.70517205e+00,9.12994098e+00,-6.01540264e+00,1.41753261e+00,7.53167530e+00,3.49711888e+00,-4.47063547e+00,3.47968404e+01,1.26322544e+01,1.44115806e+00,2.12872861e+00,-1.35608061e+01,7.15792655e+00,-1.67874557e+01,-6.77267622e+00,-1.29934846e+01,-4.27221997e+00,1.28791467e+01,-1.27250016e+01,4.82692237e+00,-9.53444626e-01,4.56833381e-01,-8.01011315e+00,-9.64048756e+00,-1.21214262e+00,-8.58482816e+00,-4.94369873e+00,-9.04241256e+00,-1.64833233e+00,-7.40069028e+00,-1.10336452e+01,5.11116802e+00,-3.45799104e+00,4.73986936e+00,2.18193551e+00,-1.64487519e+01,-1.16873069e+01,-9.91524317e+00,7.33706627e+00,-6.47864995e-01,-1.38763097e+01,1.26947890e+01,-9.31504405e+00,1.24123753e+01,-6.61919146e+00,-1.08502409e+01,6.10581017e+00,-1.56285878e+01,-7.82794289e+00,1.40502617e+01,4.71485832e+00,-8.68311175e+00,1.21367449e+01,-3.51266361e+00,-7.72771702e+00,-6.76963848e+00,-1.15992776e+01,5.37006596e+00,-1.99303129e+01,-1.80746539e+01,-1.33557515e+00,-6.49528056e+00,-1.31100256e+01,1.67540413e+01,3.00052890e+01,-6.11439256e+00,-6.02567852e-01,-1.40394942e+01,1.46017642e+01,4.43047546e+00,-4.04470980e+00,-8.47689422e+00,3.12352175e+00,-1.33550363e+01,-3.14198845e+00,-1.96056023e+01,7.26460989e+00,3.26600072e+00,-3.77729802e-01,-2.08807280e+00,-8.17806399e+00,-2.49983861e+00,2.95341289e+01,-3.73762626e+00,-1.03065546e+01,-1.51589341e+01,2.84246251e+00,-8.02460365e+00,1.74535554e+00,6.88542631e+00,1.44932517e+00,7.33489887e+00,3.57687347e+00,1.34837367e+01,6.12464034e+00,-7.66887170e+00,1.01029876e+01,7.98983639e+00,2.80805610e+00,9.25225993e+00,-5.94764293e+00,1.63787831e+01,4.72901057e+00,-7.13770425e+00,-1.53837056e+00,-3.74344541e+00,4.41660286e+00,-5.78868865e+00,-1.53640511e+00,-2.37196412e+00,1.80828282e+01,1.23448191e+01,-1.50132384e+01,-1.38162776e+00,-1.18369269e+01,-3.36209089e+00,-5.12966986e+00,1.85394468e+00,-5.22518823e-01,-6.03208084e+00,2.80420011e+00,-1.96650022e+00,-2.30508094e+00,1.92725325e+01,3.73217340e+00,-1.80849694e+01,-9.63004089e+00,2.05954210e+01,5.34942026e+00,-2.07124862e+00,2.40951477e+01,-4.28554286e+00,-2.11464789e+00,-2.23367192e+00,3.11162078e+00,6.72362502e+00,9.55337009e-01,6.56843386e+00,-3.14077611e+00,-7.88499343e+00,-8.94522556e+00,-1.07561714e+01,9.83090811e+00,3.15271804e+00,8.56297872e+00,3.53693783e+00,1.97468112e+01,4.04251829e+00,-1.77261992e+01,-7.42157145e+00,1.60692602e+00,-6.44663995e+00,1.40272016e+01,-2.88775687e+00,3.73464090e+00,1.16519580e+01,-1.73707152e+01,3.31385319e+01,4.36698520e+00,5.54997882e+00,8.09551883e+00,1.31766221e+00,-6.05975324e-01,7.71954604e+00,-7.72218907e+00,1.84364823e+01,1.60438604e+01,-8.71324199e+00,3.70725832e+00,1.56157509e+01,-4.90430105e+00,4.07284571e+00,8.48664344e+00,9.64515729e+00,-1.68810065e+01,-1.97395077e+00,-6.81231148e+00,-1.24610377e+00,-1.55533949e+00,2.52723541e-01,-3.83989350e+00,-6.20647470e+00,2.55202961e+00,1.89423767e+00,1.19334229e+01,-9.68210127e+00,8.88825161e+00,1.09496300e+01,-3.06332315e+00,1.78606590e+01,-1.51093135e+01,-2.30867265e+01,-1.31363808e+00,-1.05012643e+00,7.01812106e-01,1.71338338e+01,-1.26080902e+00,9.05536689e+00,1.19172021e+01,8.86990884e+00,-1.54283479e+00,1.40273143e+01,-3.56448746e+00,-7.75607894e+00,-9.69084155e+00,1.51845681e+00,8.63527347e+00,-1.16489579e+00,8.42193681e+00,-1.17966761e-01,1.31964891e+01,4.18418802e+00,1.76802243e+00,-1.12855275e+00,6.96794109e+00,8.63841379e+00,4.25251670e+00,-3.78161383e-01,-1.19093903e+01,6.32758709e+00,4.49016963e+00,8.23565951e+00,6.60862784e+00,7.82147237e+00,-1.53196763e+00,6.54523158e+00,-6.60110620e+00,-4.08433898e-01,-1.22999767e+01,-7.37829191e+00,9.26515030e+00,-2.02155145e+01,5.96058468e+00,3.78113356e+00,1.91198277e+01,-4.70759363e+00,7.22057904e+00,-2.86198045e+00,-1.06274463e+01,-1.59540582e+01,-2.40784941e+00,-2.00177437e+01,3.24052400e+00,-5.06828359e+00,6.84139172e+00,5.19677396e+00,-5.80187702e+00,-6.05220055e+00,9.23900906e+00,-1.26158892e+01,-2.77027970e+00,-3.88331177e+00,5.33077213e+00,-5.21710509e-01,9.97991772e-01,-3.97754939e+00,1.23108274e+01,-1.17836139e+01,1.81033486e+00,1.32479838e+01,-7.51285543e+00,6.40127547e-01,-8.15979502e-01,-1.51348154e+01,-9.96225719e+00,-1.16316555e+00,6.36389524e+00,7.14255136e+00,1.26964109e+00,-2.08475767e+00,4.00956496e+00,-9.73383303e+00,-3.07534269e-01,-1.18247847e+01,-6.06882806e+00,1.07022104e+01,-6.87248243e+00,1.46968355e+01,-4.86240673e+00,7.72619860e+00,5.71197508e+00,-1.35271064e+01,-6.10233143e+00,1.82312968e+00,-8.67724940e+00,-8.75320244e+00,-1.93462690e+01,-1.26109312e+01,-1.10899909e+01,-9.62514241e+00,1.32151509e-01,3.99726593e+00,1.30985632e+00,4.86524509e+00,-1.30062900e+01,2.82177845e+00,5.76970119e+00,-1.51778114e+01,-1.38199343e+01,-9.01439501e+00,-5.95113945e+00,3.64464619e+00,2.63309828e-01,-9.57238232e+00,7.43849080e+00,-4.68176212e+00,1.17403402e+01,-1.95094260e+01,1.33674045e+01,-1.24999645e+00,-9.38250373e+00,-5.86980359e+00,-3.34075435e-02,9.79005389e+00,-1.61239551e+01,-2.90156373e+00,-4.09309592e+00,1.02833744e+01,1.81408343e+01,-2.21500833e+01,2.07702449e+01,9.44477496e+00,-1.66631438e+01,-7.63981242e+00,1.71889070e+01,1.33866608e+01,-4.31045899e+00,-1.19153974e+00,3.17874811e+00,1.61478075e+01,-1.24254832e+01,3.55072993e+00,-1.40585382e+00,6.94201920e+00,-1.61260569e+01,-1.07924819e+00,-6.93627591e+00,1.04630437e+01,9.17233408e+00,-1.97570165e+01,-1.08426852e+01,-5.20307673e+00,-8.61955860e+00,-2.95419068e+00,-4.87195742e+00,1.00796258e+01,9.60786777e+00,-1.08177683e+00,-9.53083589e+00,-1.90240073e+01,1.06596542e+01,-1.09149716e+01,-7.33584052e+00,1.55363232e+00,-7.66799247e+00,-9.15067336e+00,-6.37825514e+00,-1.01672952e+01,-5.46457378e+00,-1.09311043e+01,1.27862153e+01,1.39689550e+01,-1.55376399e+00,-4.99517609e+00,-4.34238441e-01,9.16253350e+00,-1.94396002e+01,-4.75093519e+00,1.16150456e+01,1.50147282e+01,-3.67213882e+00,2.32585058e+00,1.17256533e+01,3.63956668e+00,-6.60444932e-01,-8.85653688e+00,4.19373942e+00,-7.48147438e+00,-3.20983144e+00,-4.26348359e+00,-3.81136747e+00,4.71764864e+00,1.77990788e+01,-7.36665215e-01,5.74967793e-01,-2.03323453e+01,-4.00643844e+00,-8.19996793e+00,7.11094053e-01,-9.51184162e+00,1.82084175e+01,1.90104746e+01,3.90028937e+00,-4.16620157e+00,3.39906326e+00,5.57282602e+00,-1.04247920e+01,-1.97786412e+00,3.44962456e+00,2.90990849e+00,1.17595930e+01,9.29794894e+00,-4.61665799e+00,6.01290757e+00,-2.17926918e+01,-8.13943120e-01,1.96640264e+01,3.32945058e+00,1.02945336e-02,6.70783462e+00,-5.44323273e+00,2.04830585e+01,-3.66842586e+00,1.85391873e+01,8.36636915e+00,-9.70796826e+00,7.26929944e+00,-6.58728737e+00,-1.49927646e+01,-1.53459958e+00,-1.21519655e+01,-1.22451283e+01,-5.78025829e-01,7.29956599e+00,-1.90234995e+00,-7.76459108e+00,1.69046586e+00,-1.56040176e+01,-1.43969007e+00,-1.92136638e+01,1.18674894e+01,-5.67608798e-01,-1.09893553e+01,-4.64817686e+00,3.91515640e+00,-7.56999633e+00,-1.00954851e+01,1.99254618e+01,-5.36572261e+00,-9.94367974e+00,6.45948607e+00,-3.54546288e+00,1.15149041e+01,-1.86691470e-01,1.30776537e+00,2.34135748e+01,-3.40321797e+00,-8.01983098e+00,-8.94401113e+00,-1.21445087e+01,-7.86971996e+00,6.00375643e+00,5.78345741e+00,5.57485283e+00,1.66458118e+01,6.38610778e-01,4.36421972e+00,-1.42568561e+01,1.89115983e-01,-4.74371874e+00,-6.56256872e+00,7.13311591e-02,7.44034645e+00,8.68576428e+00,-2.38689461e-01,2.22795821e+00,6.59840957e+00,8.43033624e+00,-4.91484969e+00,-2.64536786e+00,2.06434208e-01,-5.83074977e+00,-1.87369056e+00,-7.02252225e+00,1.70225657e+01,1.41551504e+01,-3.75552309e+00,3.18524745e+00,-8.76036293e-01,-5.90203570e+00,7.74455669e+00,-2.15640265e+00,7.90950226e+00,-1.14520498e+01,4.09123611e+00,-2.38844022e+00,-1.21688403e+01,-5.98918606e+00,5.60585517e+00,-2.08591846e+01,8.56797359e+00,1.06672411e+01,-1.88176368e+00,-1.23447486e+00,-7.12390383e-01,5.30189288e+00,-7.39520458e+00,7.84062203e+00,6.56799245e+00,-2.26111311e+01,-7.33120128e+00,5.30031969e+00,-2.23994066e+00,9.48584463e+00,-1.36098741e+01,-1.17896029e+00,-8.88432238e+00,-2.83755819e+01,1.72724295e+01,-1.32191362e+01,-1.38226442e+01,1.87359703e+00,2.88167810e+01,6.30218182e-01,-5.99963538e+00,-1.25654298e-01,-1.20864887e+00,-1.94831703e+01,-1.33011843e+01,1.84813622e+01,-1.88331198e+00,-8.37369281e+00,1.17244160e+01,-7.50299752e+00,8.11022884e+00,1.16214333e+01,-1.28361024e+01,-5.88497123e+00,-7.12028807e+00,-3.47950854e+00,-4.66007177e+00,-2.86662080e+00,3.62149322e+00,-7.53637750e+00,6.66339441e+00,1.29933584e+01,-2.58231943e+00,-4.18078328e+00,3.25785699e+00,1.24004618e+01,1.13959465e+01,1.26885866e+00,-1.15384689e+00,-1.69252199e+00,-1.16229831e+01,8.92039021e+00,-5.54391878e+00,4.25168620e+00,-3.57564178e+00,6.39163726e+00,3.66631353e+00,-1.80456288e+01,-6.39334816e+00,-1.73630531e+01,-7.62151073e+00,1.21029406e+00,-3.92043682e+00,7.16581799e+00,-6.40902399e+00,5.02593920e-01,1.89228049e+00,1.65327206e+01,8.48775371e+00,-6.45624517e+00,-1.62418900e-01,2.90914615e+00,8.34919156e+00,-6.54101753e-02,1.22446745e+01,6.01341526e+00,2.00707364e+01,8.78496627e-01,1.50524752e+01,-5.71468797e+00,-8.65419535e+00,1.64339375e+00,1.53715227e+00,6.05113473e+00,-2.54002760e+00,-3.13452289e+00,5.28620625e+00,-1.04119339e+01,-1.22065875e+01,1.71665648e+01,-1.64884499e+00,-9.36330513e+00,-7.86155560e-01,-3.39682256e+00,8.44977653e+00,7.83810894e+00,-4.60881343e+00,-2.14660938e-01,-5.99812715e+00,-7.90313350e+00,-5.58791653e+00,-2.14921076e+01,-5.57286482e-01,-1.49170082e+01,-1.25904198e+01,-9.13036618e+00,4.28190797e+00,-8.59079272e+00,4.75952670e+00,-1.35701836e+01,8.63612050e-02,-9.04467462e+00,1.31813970e+00,2.06111453e+00,7.13146106e+00,-4.62916079e+00,-3.93216770e+00,6.43672706e+00,1.35729772e+01,7.03305791e+00,2.11678997e+00,-1.58611962e+01,-3.35683459e+00,-6.83543192e+00,-1.38632524e+01,9.96208865e+00,-7.84973137e+00,-1.16709442e+00,-5.87109681e+00,-2.26828338e+01,1.18388937e+01,-4.27705862e+00,9.18992592e+00,-1.61510893e+01,1.46500960e+01,8.71804109e-01,-6.45676350e+00,1.48724244e+00,-5.08687071e+00,-1.52955469e+01,3.61479103e+00,7.34471949e+00,1.95550209e-01,-7.52001739e+00,-3.07866650e+00,4.05354637e+00,7.21620914e+00,1.41541118e+01,5.79208337e+00,-4.90059596e+00,2.04732019e+01,5.53015791e+00,9.51559164e+00,-3.68534155e+00,6.43257653e+00,4.39019542e+00,-1.41735132e+01,-4.56045471e+00,-8.85952142e+00,-7.94237570e+00,-2.14782161e+00,-3.26136546e+00,-9.25319301e+00,-2.53243176e+01,-6.30972948e+00,3.66630608e+00,1.32644166e+00,2.34409888e+00,1.01418794e+01,3.40898773e+00,6.82648105e+00,-9.74467762e+00,1.04450359e+01,-9.82736193e+00,-1.63455186e+01,3.84607484e+00,-8.76014360e+00,-9.30558778e+00,-3.55820881e+01,-2.32181122e+00,1.83866164e+01,9.93154907e+00,-2.64328465e+00,-2.31152055e+00,7.68850068e+00,1.47794345e+01,-9.11275437e+00,-2.15562363e+00,-7.53676978e+00,-8.05606966e+00,-7.16869435e+00,3.24835595e+00,1.60121913e+01,-1.48785934e+01,-1.19122903e+01,3.26905593e-01,-2.51236238e+00,-3.84653717e+00,-2.04279057e+01,1.30731041e+01,5.40322750e+00,1.56873433e+00,1.10821676e+01,-6.91174905e+00,7.12590409e+00,6.14890341e+00,1.09227507e+00,-1.69337158e+00,2.54804575e+00,-3.39090518e+00,1.05795427e+01,-9.44519683e+00,9.53449683e+00,2.11991720e+00,3.26080245e+00,5.11132065e+00,-1.85667233e+01,1.87412953e+00,-1.49102579e+01,-1.11094040e+01,-1.10247514e+01,-1.08467510e+01,7.03926390e-01,3.54151139e+00,1.06934006e+01,1.97604133e+00,3.28564699e+00,-1.59561339e+01,-6.01102336e+00,7.38781610e+00,1.12737765e-01,-7.32915943e-04,-1.79819088e+00,8.02787246e+00,-2.06396994e+01,2.59224191e+00,5.00274953e+00,9.36841015e+00,8.45889450e+00,-1.27466572e+01,2.53696879e+00,1.36567790e+00,1.43439506e+00,3.67304907e-01,-4.84881599e+00,-8.14065488e+00,3.62434232e+00,1.35979027e+01,-1.84137257e+00,2.40457201e+00,2.97707332e+00,-6.10992233e+00,-6.19169307e+00,-2.63490148e+01,-9.00229539e+00,-1.21986083e+01,-1.97377687e+00,-1.48324302e+01,1.71895333e+01,-7.21931361e+00,-1.20540440e+01,-3.55553874e+01,1.48794062e+01,3.26866393e+00,1.98413144e-01,-1.38160301e+01,1.61333698e+00,-3.90329610e+00,-7.22697870e+00,1.79597045e+00,7.35459433e+00,1.66422599e+00,-3.82209627e+00,-2.79341657e-01,2.70897813e-01,3.58280175e+00,-1.46209255e+01,1.59150580e+01,-9.18186852e+00,-6.01165492e+00,-9.95074942e+00,-2.27971026e+01,1.47629514e+00,-1.10890442e+01,-4.94074021e+00,7.52745157e+00,-5.26127721e+00,-7.17575539e-01,-2.47901344e+00,-5.69283044e+00,3.41325081e-01,1.19962366e+01,-1.18883905e+01,2.17047209e+01,-4.74175276e+00,7.71963132e+00,-2.34320344e+00,3.02399461e+00,-2.63620081e+00,1.00128023e+01,1.40980853e+01,4.08679094e+00,1.15514937e+01,-7.66147223e+00,-1.01552106e+00,-5.65090581e+00,1.48806233e+01,1.29548463e+01,9.66149072e+00,-3.14932757e+00,-6.06712540e+00,5.44650679e+00,-5.96245364e+00,-3.41436771e+00,-1.48133808e+00,-6.90494246e+00,1.13065290e+01,-1.80169763e+00,8.20471109e+00,3.76131536e+00,3.74744952e+00,-7.57794492e+00,6.72266075e+00,-3.52859010e+00,-2.58660425e+00,-3.69989669e-01,-1.15784093e+01,1.75292268e+01,-6.14709744e+00,3.20341529e-02,4.89284786e+00,4.49020188e+00,1.65388456e+01,-4.33280493e+00,1.71408465e+01,1.53070825e+01,-2.18805880e+01,1.67010620e+00,-4.28951115e+00,2.74746174e+00,1.61238558e+00,3.69184774e+00,1.38762007e+01,2.08629461e+01,-1.72561241e+01,1.75074010e+01,-2.14580370e+01,-1.78271664e+01,-2.86189890e+00,1.70612632e-01,1.66298949e+01,8.49114964e+00,-3.66073217e+00,-2.01029625e+01,1.52169624e+01,-9.80920420e+00,-1.05956706e-01,-1.12102145e+00,2.83483984e+01,-5.58585184e+00,-2.37536150e+01,6.62277609e+00,-3.57308936e+01,2.78517545e+00,-8.22596019e+00,-3.92925611e+00,-5.76411533e+00,-1.28070080e+01,8.55823864e+00,-7.76044462e+00,-2.14022736e+00,-1.74116482e+01,-1.01708763e+00,-1.12403120e+01,-1.69510166e+01,-2.62921344e+01,2.47446903e+00,-7.33917189e+00,2.88556669e-01,-2.64317346e+00,-1.85044015e+01,-1.41056206e+01,-1.27992888e+01,-1.22615612e+01,1.19486193e+01,1.80544336e+00,-1.04719633e+01,-4.93923274e+00,-5.71988080e+00,8.69634074e+00,-7.02860570e+00,-2.07859419e+00,-5.94067679e+00,-8.39047919e+00,-8.72504123e+00,8.75688653e+00,-3.38070771e+00,-2.03413619e+01,1.75668304e+01,1.01703735e+01,1.20233320e+00,-1.72912893e+01,-1.69726206e+01,2.08201962e+00,7.12479666e-01,-7.08055163e+00,-1.05267439e+01,7.78776819e+00,-1.27541227e+00,5.90033665e+00,1.09999001e+01,7.95160080e+00,6.45758324e+00,5.22434710e+00,-5.07272949e+00,-2.90156640e+00,-4.27281855e+00,-8.06926573e+00,-1.05964535e+01,-1.40027898e+01,-8.31433118e+00,-2.19826494e+00,-1.79000270e+01,-2.21249479e+00,7.45276110e+00,-1.68245976e+01,6.67861133e+00,5.61568109e+00,-1.56111365e+01,-1.26505332e+01,-4.32715956e+00,3.66269515e+00,-9.03361537e+00,1.60193779e+01,1.40902164e+01,-1.72071805e+01,1.06391405e+01,8.12434675e+00,2.20515588e+00,4.83222395e+00,-9.42685122e+00,-3.16082266e+00,9.68001141e-01,4.26516512e+00,9.73073288e+00,-1.20489062e+01,-1.56315036e+00,3.73535484e+00,5.38618352e-01,-6.97230786e+00,4.47303074e+00,-5.97004862e+00,-4.37358717e+00,5.11247472e-01,-1.36322014e+01,1.22820791e-01,-4.19961851e+00,-2.76611671e+00,1.56644171e+00,-1.23923913e+01,1.24979284e+01,-5.71331379e+00,-2.90337459e+01,-1.90503361e+01,8.28041797e+00,-8.11779057e+00,-4.16230971e+00,-6.05209541e+00,-3.87623781e+00,-2.27049054e+01,-1.80787326e+00,-1.41250740e+01,-6.97932940e+00,5.40623474e+00,1.71797130e+01,4.56913627e-01,5.77676155e-02,1.30889909e+01,-1.15698982e+01,7.21663103e+00,1.66471918e+00,-1.06448684e+01,-5.12285644e+00,4.82533363e+00,4.04434655e-01,2.93054968e+00,2.80790451e+00,-4.98189583e+00,-6.87515747e+00,-1.13468578e+01,1.08061593e+01,-1.46140714e+01,-1.09087440e+01,2.88049725e+00,-1.95891408e+01,4.72642663e+00,1.30935155e+01,-1.90853570e+00,2.57262730e+00,-6.40784696e+00,-4.59611314e+00,1.90253833e+00,8.23569153e+00,-8.47456768e+00,5.86810767e+00,-2.87796016e+00,-2.84564603e-01,5.47922695e+00,3.80539073e+00,-2.24897379e+00,-2.72109347e-01,3.84092440e+00,6.31645851e+00,-1.57878818e+01,9.83782562e-01,1.18185159e+01,-2.10802476e+01,7.24515773e+00,-2.60118332e+01,-2.16127048e+00,-3.24016645e+00,-1.66409598e+00,-2.20249224e+00,-6.10757764e+00,-1.14040903e+00,3.01595084e+00,-5.35932854e+00,2.71835781e+00,1.98401126e+01,-1.33907261e+01,-5.72234918e+00,8.56466526e+00,5.24177941e+00,9.13016431e+00,3.72906083e+00,5.45826507e+00,-3.62702290e+00,-1.08183596e+01,-1.01679114e+01,-5.73868189e+00,6.90143986e-01,-9.41865149e+00,-2.90748107e+00,1.43801563e+00,4.97614456e+00,-1.78065724e+00,1.29643475e+01,-1.24724884e+01,-1.11184978e+00,-1.16705731e+00,6.45196642e+00,-9.41808484e+00,-5.95879473e+00,4.69904313e+00,1.09453552e+01,1.59981558e+01,7.81623183e+00,9.65691756e+00,-6.05486620e+00,1.42804967e+01,1.43736413e+01,-1.26282366e+00,7.78847442e+00,8.42314512e+00,-4.66144410e+00,1.72480102e+00,1.41588312e+01,-5.78006814e+00,-2.68823875e+00,-1.39535309e+01,5.51167533e+00,-2.55816601e+00,4.22224065e+00,1.28118361e+00,-8.92726893e+00,1.05709189e+01,8.94393880e+00,-5.92521070e+00,3.78493994e+00,-1.31161740e+01,-1.17958630e+01,5.09474646e+00,-1.50787184e+01,-6.72242890e+00,1.20437505e+00,1.87176908e+01,-4.60466359e+00,-2.68542088e+00,-3.58077486e+00,2.53340526e+01,3.85280097e+00,-9.14007044e+00,1.55637997e+01,1.39676113e+01,7.10104233e+00,1.70726999e+01,1.82384124e+01,-1.92260277e+00,-6.50259329e+00,-7.13761730e+00,5.92946985e+00,8.15783228e+00,-1.42827600e+00,-5.04308014e+00,-1.34614525e+01,-5.72190998e+00,-1.02105373e+01,6.64650907e+00,3.78521485e+00,1.33218192e+01,1.93333429e+00,-5.49666026e+00,-1.59443389e+00,8.93684345e+00,2.89254930e+00,1.24390356e+01,1.28750001e+01,-2.60833191e+00,-1.96455734e+00,-2.15390045e+01,1.13601335e+01,-1.03196160e+00,1.20379138e+01,-4.90981590e+00,-1.39398728e+01,4.17478995e+00,1.56056788e+01,-5.73421320e+00,1.52772367e+01,-1.62062328e+01,-5.21515022e+00,-1.80441518e+01,4.35113529e+00,1.93916094e+00,7.74710743e-01,-1.35949269e+01,1.96662836e+01,1.20731932e+01,1.71051933e+00,-1.06422264e+01,5.01101977e+00,-5.46386475e+00,-2.62301220e+00,-5.17656203e+00,4.26535873e+00,-2.80374055e+00,-4.17420938e+00,4.87273944e+00,5.35829395e+00,-1.91206048e+01,4.27583697e+00,1.46263371e+01,9.29872792e+00,-3.00434031e+00,4.80371022e-01,-8.23527753e+00,1.26204736e+01,3.19349816e+00,-1.41026937e+00,-1.48090828e+00,2.38234270e+01,-4.52534716e-01,6.26104086e+00,1.61103351e+01,2.18106269e+01,1.36101256e+01,9.42955655e+00,-1.37337769e+01,-1.01287563e+01,7.65578194e+00,4.19557315e-01,6.75757870e+00,3.51647354e+00,1.39048134e+01,-1.74459296e+01,-1.08140457e+01,-2.09056618e+00,-1.88852861e+01,3.76250412e+00,9.04752146e+00,2.12445652e+00,-5.01014228e+00,5.26385215e+00,3.11158198e+01,6.31957848e+00,3.39651892e+00,-1.07472226e+01,-1.39901916e+01,-3.57630786e+00,6.53165806e+00,-1.13589472e+00,5.23126422e+00,7.92015173e+00,-1.37914528e+01,5.63159200e+00,1.00665376e+01,1.29287547e+01,-1.77131809e+00,2.46386800e-01,-1.85922814e+00,-1.06148503e+01,-1.57855027e+01,1.75080429e+01,-1.67491411e+00,-1.24895979e+01,8.67302354e-01,-6.03025134e+00,1.98953409e+01,-5.17070666e+00,-8.08833142e+00,7.79594408e+00,-3.14018646e+00,9.71045909e+00,-5.13378550e-01,2.16134136e+01,1.09199344e+01,9.69255550e-01,-8.22518077e+00,5.75241015e+00,-1.20381911e+01,-1.73306278e+00,1.40639623e+01,-5.74801437e+00,-9.97517092e+00,-4.83697859e+00,1.17272943e+01,2.84816206e+00,-1.85510744e+01,7.36910294e+00,2.60060662e+00,1.88450600e+00,-1.12739378e+01,1.35717002e+00,7.82334080e+00,1.10778247e+01,1.41129341e+01,6.85529443e+00,1.27570324e+00,-1.17130374e+01,-1.00639357e+01,-1.56541072e+01,-2.13260311e+00,7.61439498e+00,-5.60967997e-01,1.21070740e+01,-6.86805513e+00,3.82930039e+00,-3.98100651e+00,-6.19184294e+00,1.30708335e+01,1.64125531e+00,1.33838821e+01,1.07678385e+00,5.08422712e+00,-3.83239985e+00,1.34360993e+01,-2.94723604e+00,-9.94324229e-02,-1.75282473e+01,-2.17556465e+00,1.60316569e+01,1.50146797e+01,5.27367037e+00,-2.89172610e+00,7.51643026e-01,-4.57611521e+00,-2.34042431e+00,1.97591731e+01,1.13287347e+00,-5.40797117e+00,-2.42348653e+01,-1.09943818e+01,-8.45017163e+00,-1.39892797e+01,-1.28605093e+01,-1.58840143e+01,-1.00771717e+01,-7.71730690e+00,-1.02370588e+01,1.01256079e+01,-5.34498566e+00,-2.09873858e+01,9.42306597e+00,-6.93060771e+00,-1.76884850e+01,2.20468625e+01,-5.17906867e+00,4.23437192e+00,9.33783065e+00,1.35446623e+00,5.53892754e+00,4.29760417e-01,6.75036069e-02,-2.99355399e+00,-1.60257294e+01,2.52712176e+00,-2.81255330e+01,1.49857458e+01,-9.10426471e+00,-3.50444834e+00,-4.10199663e+00,3.65241728e+00,-4.33130840e+00,6.54353447e+00,-1.21555232e+01,8.61292320e+00,8.96725842e+00,3.01016304e+00,2.00514274e+00,4.55655821e+00,1.53992579e+00,7.09506334e+00,-1.53409120e+00,-1.46145843e+01,2.06755231e+00,-6.40934281e+00,-4.46393940e-01,1.17177417e+01,-1.82877465e+01,2.35470392e-01,6.41590093e-01,2.12390741e+00,7.02299910e+00,-2.96283669e+00,1.88177223e+01,9.44368145e+00,-3.58620903e+00,-2.27200683e+00,7.68620582e-01,1.77119745e+01,-1.19151342e+01,-2.31114067e+01,6.58092265e+00,-2.21755466e+00,-3.15651039e+00,3.88541927e+00,1.69803812e+01,9.73076888e+00,-4.03267740e+00,-1.16100236e+01,-2.05483040e+00,6.36955389e+00,-3.20997647e+00,-1.70712155e+01,-1.30573307e+00,-2.08966430e+01,-1.08767303e+01,1.84653028e+01,-1.14234391e+01,-1.50985609e+01,-1.19961453e+01,-8.43849126e+00,7.51616542e+00,1.87031134e+01,-1.60972963e+00,5.94578506e+00,-4.08368324e+00,-1.50678257e+01,1.13092540e+01,-1.03083654e+01,6.25262064e+00,7.23481957e+00,-2.59384886e+00,8.78105176e+00,9.15087930e+00,2.50572350e+01,-3.26527010e+00,-1.11330802e+01,-1.46892155e+01,-3.48905111e+00,-7.57946536e+00,2.21524791e+01,-1.02804946e+01,2.02151417e+00,1.35613887e+00,-5.10401365e+00,-1.82237993e+01,-1.45432940e+00,2.22385894e+01,3.40329806e+00,1.63825928e+00,-1.21456677e+01,-1.27677423e+01,-2.67881740e+00,1.05959968e+01,-5.53654459e+00,2.32479859e+01,-9.84353204e+00,3.81291305e+00,-4.26239518e+00,-1.45977728e+01,9.21955280e-01,-1.22028309e+01,-1.68107200e+01,1.71121823e+00,3.11178919e-01,1.09736737e+01,5.26843530e+00,-7.64774651e+00,4.93838675e+00,-1.87121002e+01,-1.13442696e+01,2.06631877e+01,1.80740798e+00,-2.67183847e+00,-6.39000060e+00,-9.51634468e-02,-2.18756216e+00,1.95761102e+01,9.19954481e+00,-2.89976556e+00,-1.24251326e+00,-8.95247139e+00,-3.55098677e+00,-1.44981805e+01,1.12652483e+01,1.48547944e+00,2.56073018e+00,3.69905928e+00,-2.04759171e+00,-4.45950836e+00,4.61902481e-01,-2.37263078e+01,-3.40118179e+00,-1.73208900e+00,-1.61727984e+00,1.16654474e+01,1.39787139e+01,3.79743729e+00,-2.10486368e+01,1.44352178e+01,-5.24610547e+00,-8.17153214e+00,-1.92834912e+01,-7.37943530e+00,1.32075011e+01,6.53548794e+00,2.96685329e+00,7.00958903e+00,-1.25398308e+01,-9.97836737e+00,1.32808899e+01,9.02213380e+00,1.10355217e+01,7.69284630e-01,1.95474207e+00,1.21180081e+01,2.18936912e+01,-5.17409960e+00,8.02511850e+00,-4.33075653e+00,-9.53235713e+00,-7.35711773e+00,-6.81940388e+00,-3.12942790e+00,-1.11281564e+01,-4.87815263e+00,-2.97456741e+01,7.58758110e+00,5.58059683e+00,-6.39425713e-01,-8.29753280e+00,-4.48022927e+00,-1.20134016e+01,2.21606714e+00,1.80456430e+01,-4.62929210e+00,-4.13042372e+00,4.16472461e+00,-1.10737116e+01,1.95757629e+01,3.72127911e+00,2.92005605e+00,1.17258925e+01,-2.84679497e-01,1.28233498e+01,3.95351195e+00,-1.56636432e+00,2.72019733e+00,-1.27955510e+00,1.58609801e+01,1.81812539e+00,3.83922086e+00,-2.11872908e+00,2.52528591e+00,-2.08620770e+01,-7.85013616e+00,-1.07169164e+01,1.15509985e+01,-7.38377125e+00,-1.35621106e+01,1.26878172e+01,-3.14557347e+00,9.78666116e+00,-1.98849368e+01,5.08556526e+00,1.31248584e+00,1.44622798e+00,-2.39905057e+00,-1.27544013e+00,1.10825437e+01,4.54753115e-01,-1.12042775e+01,-4.54048065e+00,5.01487697e+00,-2.62772379e+01,-2.02409183e+01,4.62647157e-01,2.96629504e+00,-1.06473300e+01,-3.60358435e-01,2.41433280e+01,6.73989891e+00,-1.26744801e+01,1.68145703e+00,-2.11198484e+00,2.81283812e+00,-7.80800505e+00,4.57388184e+00,5.72372817e+00,-1.55214626e+00,2.47357934e+01,-1.92790824e+00,-6.86502836e+00,5.25025075e+00,9.94833370e+00,-7.72994234e+00,-3.79602295e-01,2.18966150e+01,-7.44275967e-01,1.22419368e+01,3.68495114e+00,-1.89604298e+00,-4.80212084e+00,1.15404163e+01,-1.24880920e+01,-6.38206075e-01,-4.20146205e+00,-9.31966983e+00,3.01710376e+00,5.33256902e+00,7.56908542e-01,-2.50303530e-01,-8.90095468e+00,3.82382462e+00,-8.55629174e-01,-5.26441395e+00,-4.73975505e+00,4.52362113e+00,-6.11732661e-01,-8.48895560e+00,-2.37887568e+01,1.36251160e+00,4.54649111e+00,-1.00442238e+01,-5.41397572e+00,1.82667378e+01,2.08856961e+00,8.26420013e+00,1.61754362e+00,8.15576625e+00,7.33594457e-01,-8.68304272e+00,-1.36463639e+00,1.69264197e+00,6.19956531e+00,1.72368399e+01,1.11349115e+01,3.76245809e-01,2.84575486e+00,1.37415249e+01,5.83370075e+00,-1.62910348e+01,-6.30392321e+00,3.04494697e+00,1.99555661e+00,5.56549846e+00,-1.18842451e+01,1.66549610e+00,8.84241671e+00,1.09030302e+01,-9.66594067e+00,-5.68508406e-01,-2.99324618e-01,-3.92976715e+00,-6.54718974e+00,-3.40879446e+00,-1.62703249e+00,2.33872419e+00,9.30661965e+00,-7.00482164e+00,1.84396828e+01,7.37603660e+00,5.42773063e+00,8.03620997e+00,6.32189129e+00,7.53214947e+00,1.22799703e+01,-1.03363408e+01,1.41119612e+01,-2.50016363e+01,6.96620706e+00,-2.36387836e+01,1.84281372e+01,1.67718974e+01,-2.13368005e+00,-1.09452077e+01,-9.65513576e+00,-1.29381147e+01,-1.44245797e+01,1.22928012e+01,9.36710966e+00,5.46341891e+00,6.95534681e+00,9.31467265e+00,-9.08090623e+00,-3.78623193e+00,1.25355720e+01,-2.68021053e+00,1.14265544e+01,1.65736011e+01,-7.71240023e-01,-1.66241941e+01,5.62214804e-01,2.51085927e-01,-1.97450955e+00,4.81058075e-01,-1.48908583e+01,-3.28134678e+00,2.42637005e+00,2.60156908e+00,1.07728373e+01,-8.79260256e+00,1.33303965e+01,-8.89047458e+00,5.25062000e+00,9.10164631e+00]
