name = '*C_19'
composition = {'H':0, 'C':1, 'N':0, 'O':0, 'Pt':1}
facet = ['Ni211']
coverage = 1
DFT_energy = [-86.0662, 'eV']
ZPE_energy = [0.098, 'eV']
frequencies = [301.4, 638.0, 646.3, 'cm-1']
gas_DFT_energy = [0.919315, 'eV']
gas_ZPE_energy = [0, 'eV']
sites = 1
BEE = [-4.95092488e+02, -3.94920019e+01, -1.14886059e+02,  3.83759076e+02,    -1.81082951e+02, -1.59123595e+02, -3.37554185e+02, -7.53745398e+02,    -3.61683487e+02, -4.05112211e+02, -3.29748270e+02,  3.85680832e+01,     1.20191579e+01,  2.63651527e+01,  2.64706344e+01,  3.99261124e+02,    -1.76613678e+02, -1.56759364e+02,  1.48037879e+02, -9.41652845e+02,     4.95675348e+02, -2.26921379e+02, -4.32361515e+01, -1.02235197e+02,    -4.88863019e+01, -4.95880040e+01,  7.31958952e+02, -1.79938270e+02,    -7.01684735e+01, -4.45101234e+02,  6.56151787e+02, -1.16675931e+02,    -3.30253163e+02,  2.03659588e+02, -3.60296337e+01,  1.64594473e+02,    -2.70670480e+01,  6.08797190e+01,  2.30484644e+02, -8.62651120e+02,     4.58664005e+02,  1.08628445e+02, -4.81325129e+01, -2.86401382e+02,     9.52130033e+01, -1.52602407e+02,  3.71153732e+02,  3.13346881e+02,    -2.33891146e+02, -2.47542550e+02, -2.53021781e+02, -2.86422602e+02,     9.54911317e+01, -4.21043629e+02,  1.15581307e+02,  5.07536423e+02,     5.78835043e+02,  2.94521872e+02,  1.36420500e+02,  2.31603218e+02,     7.59191173e+02,  1.78926383e+02, -4.66846749e+02, -1.05236931e+02,    -1.99047909e+02,  5.17325361e+02, -6.34821114e+02, -5.30841268e+02,    -2.28655263e+02, -8.14318757e+01, -3.71706655e+02,  2.26686997e+02,     8.12615700e+01,  1.10695888e+02, -3.26425497e+02, -2.94889820e+02,    -4.76917132e+02,  3.18099468e+02, -2.76813625e+02,  2.22276373e+02,    -5.53861347e+01, -2.48674857e+02, -4.93948616e+02, -1.47366382e+02,    -9.55829040e+01, -1.35111746e+02,  3.33423346e+02,  5.98507485e+02,    -3.57053609e+02, -6.77970359e+02, -1.68344799e+02,  9.38746313e+02,    -4.83505545e+02,  2.80712117e+02, -8.93893758e+01, -5.26400642e+02,     2.03583922e+02,  3.23695346e+02, -1.48512241e+02,  2.98832145e+02,    -2.27163993e+02, -4.33304016e+02,  7.52744735e+02,  3.93790029e+02,     2.63350313e+02,  1.24229757e+02,  2.07480873e+02,  6.89501251e+02,    -2.10273591e+02,  4.90108754e+01, -1.16987937e+03,  1.56153298e+02,    -5.77506554e+02,  1.22679959e+02,  1.82475637e+02, -2.88482645e+02,    -4.53352711e+02,  5.34897366e+01, -2.48434666e+02,  2.99918028e+02,    -4.30213887e+02, -2.18093861e+01, -3.00133003e+02, -3.55222896e+01,    -2.81854141e+01,  1.41872907e+02,  1.09331091e+01, -5.05196322e+01,     5.10852200e+02,  7.71723894e+02,  4.04200729e+02,  6.61474097e+02,    -1.00825823e+02,  1.15061146e+02,  4.64190226e+02, -7.75576803e+01,    -6.45562044e+02, -3.15884908e+02, -4.23993308e+02, -2.42698529e+02,     2.36791787e+02, -9.96225448e+02, -1.63178139e+02,  3.63049871e+02,    -3.08020106e+02, -3.11674524e+02,  4.57317213e+02,  3.71641983e+02,    -2.92568884e+02,  1.62139309e+02, -2.07563657e+02,  2.93966806e+02,     3.32886247e+01,  1.29892397e+02, -7.34145150e+02, -4.10290406e+02,    -6.47966165e+01,  3.26001682e+00, -3.26484401e+02,  9.01140054e+02,    -1.88569355e+02, -2.84270987e+02,  3.18100591e+02, -4.06038068e+02,    -2.75394425e+02,  2.58562366e+02,  9.33596266e+01,  1.09598013e+02,     1.01748327e+02, -9.53933626e+01,  1.64816083e+02,  4.92391018e+02,    -2.50304764e+02,  1.45843723e+02,  7.68882675e+02,  2.83199544e+02,    -7.38735242e+01, -1.61840774e+02,  1.30057566e+03, -1.48001858e+02,     2.98338317e+02,  1.82632595e+02,  2.91831428e+02,  7.51498638e+02,     4.22243205e+02, -2.47716524e+01,  1.91171210e+02,  3.99380489e+02,     3.28553546e+02, -4.69203377e+02,  7.90185986e+02, -7.03462481e+02,    -1.50317510e+02,  4.86315953e+02,  6.98921503e+01,  5.86045627e+01,     2.65394837e+02,  2.07454759e+02,  3.02956195e+02, -5.40288589e+02,     4.28812040e+01, -2.31464994e+02, -9.27733497e+01, -2.84675086e+01,    -7.49028548e+01, -4.66581839e+01,  6.91711620e+02, -7.19518882e+01,    -2.34193427e+02, -1.91709671e+01,  9.86042790e+01, -4.97332489e+02,    -3.76926126e+02, -3.08363514e+02, -5.33255007e+02, -1.39350780e+02,    -3.52050470e+02,  1.63974419e+02, -1.02734293e+01, -8.95148254e+01,    -7.24557779e+01,  5.53392069e+01, -1.70332094e+02,  5.65863978e+02,    -6.93524442e+02, -1.36649565e+02, -1.33181879e+02,  1.42356267e+02,     1.55309401e+02, -3.90831032e+02, -1.55697459e+02,  3.53243136e+02,    -1.89019480e+02,  1.33861952e+02,  3.12654320e+02, -3.61370972e+01,     9.55918165e+02, -1.75351573e+02, -2.72252975e+02,  5.52837770e+01,    -1.91186453e+02,  4.49419932e+02, -3.03235614e+02,  7.14777412e+01,     5.30722211e+02, -1.10729025e+02,  1.01676818e+03,  1.08516296e+03,    -5.54578240e+02,  4.91254725e+02,  1.40863365e+02, -4.51797211e+02,     1.49025039e+02,  3.05673680e+02,  3.20501944e+02,  1.99888990e+01,     9.87747876e+01,  6.00771819e+02, -1.95092895e+02,  1.38264775e+02,     6.44816169e+02, -3.16030071e+02, -1.25127718e+02,  4.39589549e+02,     2.26343530e+02,  6.45308461e+02,  2.16234905e+02,  5.63899522e+01,     2.22126190e+02,  3.28101770e+02, -4.08234611e+02,  2.82705121e+01,     1.53846423e+02,  1.04135347e+02,  1.85058245e+02, -4.95176132e+02,     2.90603531e+02, -3.76588903e+02, -2.66905871e+02,  1.47766713e+02,    -1.19969521e+02,  4.63030577e+02, -2.06313624e+02,  2.45369086e+02,     2.76453579e+02,  6.73856990e+02,  4.69168019e+02,  4.00220605e+02,    -7.57570361e+01, -5.71854219e+01, -2.67368345e+02,  6.47049803e+02,     6.64434717e+02,  3.15617219e+02, -1.93929197e+02,  4.25522482e+02,    -7.69660613e+01,  1.79922418e+02,  5.25115920e+02,  7.12098533e+00,    -6.52085408e+01, -2.10426536e+02, -4.47982195e+02,  8.19333476e+02,     3.80325261e+02, -4.72004038e+02, -1.30264205e+02,  2.35921259e+02,    -8.92285398e+01,  5.26120989e+02,  1.03360242e+02,  6.72933471e+02,     2.61082094e+02, -2.41030358e+02,  2.10531561e+02, -3.56103586e+01,    -2.69750701e+02,  1.42006703e+02,  1.59426147e+02,  7.66580852e+02,     6.75243121e+02,  4.43788651e+02,  5.89617063e+02,  6.09371703e+01,    -2.31687570e+02,  1.32351349e+02, -2.80868822e+02, -4.26501608e+02,    -4.89202983e+02, -2.29739966e+02, -9.09608599e+02, -2.61755610e+02,    -7.20266792e+02,  1.80878699e+02, -3.88538824e+02,  3.44348624e+02,    -8.06549022e+02, -2.73584826e+02,  4.18578870e+02,  1.89972409e+02,    -7.26622517e+02,  5.25457329e+02, -2.03527025e+02,  4.39502537e+02,    -2.17187207e+02, -6.65618847e+02,  1.02365288e+02, -5.36666604e+02,    -1.14414264e+02,  2.91660041e+00,  3.58719426e+02,  1.05525443e+03,    -3.84099045e+02, -2.95437556e+02, -1.86611417e+00, -1.18371650e+02,    -6.84553719e+02, -4.69491263e+02,  4.18138510e+02, -2.15070786e+02,     1.41407976e+02, -4.10730875e+02, -1.25733664e+02, -3.38286630e+02,     4.52214109e+02,  1.30457276e+02, -1.88895621e+02, -1.12307558e+02,     8.45684136e+01, -7.04949309e+01,  3.66924782e+02, -2.11421980e+02,     4.21975680e+01,  2.89002047e+02,  1.48648978e+02, -1.46346512e+02,     1.30493940e+03,  4.55797485e+02,  2.83365672e+01,  8.96462696e+01,    -5.19549957e+02,  2.60397903e+02, -6.31277201e+02, -2.15854455e+02,    -4.63294777e+02, -1.60933782e+02,  4.67875486e+02, -4.75318326e+02,     1.51965660e+02, -2.29924996e+01,  2.77228986e+01, -3.14222563e+02,    -3.77096402e+02, -1.80625185e+00, -3.61691369e+02, -1.87110968e+02,    -3.44695861e+02, -8.82296738e+01, -3.02436121e+02, -4.32869298e+02,     1.89539671e+02, -1.46264555e+02,  1.77708451e+02,  8.56277703e+01,    -6.18652916e+02, -4.61870676e+02, -3.33315989e+02,  3.00533973e+02,    -8.17302656e+00, -5.32938553e+02,  4.89501466e+02, -3.34914144e+02,     4.60399672e+02, -2.53092881e+02, -4.09686671e+02,  2.24427931e+02,    -5.70790456e+02, -3.27171118e+02,  5.37603275e+02,  1.51915264e+02,    -3.39832416e+02,  4.40837090e+02, -1.43895727e+02, -3.17246569e+02,    -2.57747540e+02, -4.08537236e+02,  1.99207511e+02, -7.64635845e+02,    -7.01848692e+02, -8.12883199e+01, -2.54180697e+02, -4.63022972e+02,     6.06618362e+02,  1.11157458e+03, -2.79425080e+02, -2.71938454e+01,    -5.31539782e+02,  5.56545372e+02,  1.55364791e+02, -1.63756082e+02,    -3.25186280e+02,  1.42693876e+02, -5.12692464e+02, -1.70017823e+02,    -7.47822243e+02,  2.94101044e+02,  1.10996339e+02,  5.37762965e+00,    -5.73052906e+01, -2.86161884e+02, -7.46301521e+01,  1.07329059e+03,    -1.62686030e+02, -3.88216904e+02, -5.70620635e+02,  1.09289318e+02,    -3.01997435e+02,  7.40100136e+01,  2.45209271e+02,  5.66019946e+01,     2.36446046e+02,  1.00382672e+02,  5.02520311e+02,  2.60494787e+02,    -2.84894033e+02,  3.54738211e+02,  2.92587566e+02,  9.37451362e+01,     3.77033785e+02, -2.05975057e+02,  6.12471493e+02,  1.54976715e+02,    -2.53085705e+02, -4.85182016e+01, -1.61272813e+02,  2.03665534e+02,    -2.22455606e+02, -2.39190642e+01, -9.02868567e+01,  6.99559642e+02,     4.50449881e+02, -5.69382078e+02, -3.42878005e+01, -4.55136565e+02,    -1.48906091e+02, -1.91192011e+02,  6.18355633e+01, -1.22281532e+01,    -2.17647188e+02,  1.05827857e+02, -5.81154795e+01, -8.89493367e+01,     7.30958158e+02,  1.52958742e+02, -6.82447534e+02, -3.74076930e+02,     7.77278478e+02,  2.30991412e+02, -7.21214568e+01,  8.95457289e+02,    -1.56681512e+02, -9.60985524e+01, -4.87090298e+01,  1.13080107e+02,     2.38992023e+02,  3.44584710e+01,  2.25826068e+02, -1.34475952e+02,    -2.60692999e+02, -3.64578023e+02, -4.03377536e+02,  3.78693211e+02,     1.06668171e+02,  3.18209796e+02,  1.16261259e+02,  7.45600331e+02,     1.47826646e+02, -6.89924633e+02, -2.89234023e+02,  8.41330322e+01,    -2.33867883e+02,  5.22765254e+02, -1.04942626e+02,  1.55038019e+02,     4.19382725e+02, -6.17926963e+02,  1.25139728e+03,  1.63122929e+02,     2.00952753e+02,  2.94899068e+02,  6.80721883e+01, -6.22121642e+00,     3.04056193e+02, -2.98605552e+02,  6.87919175e+02,  5.93159798e+02,    -3.48699683e+02,  1.25291771e+02,  5.84442199e+02, -1.82642646e+02,     1.33895437e+02,  3.60815604e+02,  3.59615144e+02, -6.60230972e+02,    -1.17516765e+02, -2.96089491e+02, -2.53935596e+01, -3.45829075e+01,    -2.32947336e+01, -1.38090459e+02, -2.46837736e+02,  6.85466485e+01,     8.64630471e+01,  4.50255870e+02, -3.53625334e+02,  3.24481269e+02,     3.75756194e+02, -1.41164049e+02,  7.46819981e+02, -5.75101713e+02,    -8.86729653e+02, -5.57411908e+01, -7.04856183e+01,  5.69468159e-01,     6.63076359e+02, -6.19382839e+01,  3.41959573e+02,  4.00833861e+02,     3.19847186e+02, -8.91850422e+01,  5.32633974e+02, -1.34164694e+02,    -2.71263590e+02, -3.90254893e+02,  4.48213429e+01,  3.23971520e+02,    -4.28356046e+01,  3.22919063e+02, -2.60604315e+01,  5.38955598e+02,     1.68206300e+02,  7.49918211e+01, -4.70781200e+01,  2.85442111e+02,     3.17817257e+02,  1.68162145e+02, -6.62383533e+00, -4.50954926e+02,     2.52918492e+02,  1.66117185e+02,  3.10751638e+02,  2.61025874e+02,     2.97578137e+02, -4.98120830e+01,  2.26854654e+02, -2.06893979e+02,    -8.76850310e+00, -4.67652154e+02, -2.62040046e+02,  3.28686448e+02,    -7.61002803e+02,  2.47522833e+02,  1.43083954e+02,  6.95112669e+02,    -2.20692140e+02,  2.55635064e+02, -9.87112918e+01, -4.06471047e+02,    -6.05886555e+02, -6.75070846e+01, -7.38041986e+02,  1.36215302e+02,    -1.73732693e+02,  2.51506482e+02,  1.71154579e+02, -2.14149669e+02,    -2.09436313e+02,  3.24058129e+02, -5.03204378e+02, -1.02193979e+02,    -1.74966571e+02,  1.96184349e+02, -4.58886850e+01,  4.90424751e+01,    -1.81712683e+02,  4.78016140e+02, -3.98101140e+02,  8.13612705e+01,     5.03877132e+02, -2.87149281e+02,  1.50877233e+01, -3.23492389e+01,    -5.76308084e+02, -3.91188247e+02, -6.78135696e+01,  2.21022032e+02,     2.69867206e+02,  4.06019356e+01, -6.78176291e+01,  1.86021200e+02,    -3.79348755e+02,  2.87376493e+00, -4.22301214e+02, -2.30806589e+02,     3.94308426e+02, -2.46834585e+02,  5.37576553e+02, -1.77942104e+02,     2.95683229e+02,  2.14325950e+02, -5.22598604e+02, -2.40002140e+02,     7.19802612e+01, -3.34094253e+02, -2.93075154e+02, -7.27832953e+02,    -4.67539015e+02, -4.38751974e+02, -3.60598947e+02,  1.91240958e+01,     1.09657606e+02,  7.42340642e+00,  1.74724344e+02, -4.78304927e+02,     1.21216189e+02,  1.73308557e+02, -5.57527973e+02, -5.41325264e+02,    -3.44868773e+02, -1.94238137e+02,  1.64443471e+02,  7.88531345e+00,    -3.73385557e+02,  2.99891171e+02, -1.67091097e+02,  4.19593455e+02,    -7.49187900e+02,  5.05609326e+02, -3.02461648e+01, -3.06353416e+02,    -2.19691746e+02,  2.76037613e+01,  3.55807967e+02, -6.32990314e+02,    -1.18795574e+02, -1.72177498e+02,  4.12237872e+02,  7.04918197e+02,    -8.14309872e+02,  7.84583279e+02,  3.83693720e+02, -6.26258903e+02,    -2.96168901e+02,  6.39119283e+02,  5.07876622e+02, -1.49652694e+02,    -2.99948949e+01,  8.68615589e+01,  5.93556230e+02, -4.41792460e+02,     1.37358172e+02, -6.36042211e+01,  2.56183887e+02, -6.21043998e+02,    -6.42883515e+01, -2.83000677e+02,  3.96582628e+02,  3.58813337e+02,    -7.19007168e+02, -4.16223466e+02, -1.91222829e+02, -3.25405736e+02,    -1.23204983e+02, -1.94460273e+02,  3.59329653e+02,  3.48745034e+02,    -4.98741093e+01, -3.87388195e+02, -7.01018948e+02,  3.64384363e+02,    -4.26769218e+02, -2.62850940e+02,  4.02417189e+01, -2.88975955e+02,    -3.50269138e+02, -2.15970685e+02, -3.52694568e+02, -2.25996108e+02,    -4.27516899e+02,  4.89289704e+02,  5.42877248e+02, -2.77355063e+01,    -2.01066473e+02, -1.36279399e+01,  3.56483451e+02, -7.40702832e+02,    -1.74690087e+02,  4.20561837e+02,  5.63225364e+02, -1.55762979e+02,     9.51559285e+01,  4.59992659e+02,  1.30870340e+02, -5.73314074e+01,    -3.71975226e+02,  1.90751964e+02, -3.01967138e+02, -1.35112960e+02,    -1.62617855e+02, -1.57940459e+02,  1.66898852e+02,  6.56173670e+02,     7.16243202e+00,  3.49085289e+01, -7.61717640e+02, -1.45714307e+02,    -3.19125462e+02,  3.98944951e+01, -3.54305648e+02,  6.59329391e+02,     6.84237686e+02,  1.23749827e+02, -1.24623324e+02,  1.21561540e+02,     2.14727004e+02, -4.02205046e+02, -6.48906816e+01,  1.16248273e+02,     1.17063346e+02,  4.77869778e+02,  3.79991291e+02, -1.75185762e+02,     2.39562440e+02, -8.12807706e+02, -3.65502637e+01,  7.17284220e+02,     8.06411130e+01, -5.93554114e+00,  2.80311222e+02, -2.44904522e+02,     7.81900952e+02, -1.02827566e+02,  7.17312064e+02,  3.12378574e+02,    -3.22584178e+02,  2.57619643e+02, -2.60424799e+02, -5.79317221e+02,    -3.35648182e+01, -4.77702474e+02, -4.50309010e+02, -4.52700628e+01,     2.70285357e+02, -4.75274576e+01, -2.84510438e+02,  6.34345275e+01,    -6.14985071e+02, -7.84711046e+01, -6.98730351e+02,  4.39912063e+02,    -1.13156675e+01, -4.32773328e+02, -1.60478080e+02,  1.46306362e+02,    -2.70861683e+02, -3.98515215e+02,  7.59859374e+02, -1.88611320e+02,    -3.75849676e+02,  2.12049379e+02, -9.91790177e+01,  4.32448508e+02,    -1.33226268e+01,  7.40659351e+01,  8.60140846e+02, -1.52411127e+02,    -2.94828351e+02, -3.13913514e+02, -4.49666849e+02, -2.78679284e+02,     2.39997908e+02,  1.76277701e+02,  1.79086821e+02,  6.33878943e+02,     1.98009963e+01,  1.40644868e+02, -5.61849390e+02,  2.07450651e+01,    -1.98343863e+02, -2.25998510e+02,  1.59114119e+01,  2.97373813e+02,     3.24596927e+02,  6.94131281e+00,  7.90175240e+01,  2.49987222e+02,     3.17074660e+02, -2.04005825e+02, -1.11639191e+02,  1.45707827e+01,    -1.98440028e+02, -6.70648334e+01, -2.28070538e+02,  6.40905312e+02,     5.51047910e+02, -1.07543101e+02,  1.01684744e+02, -2.00461262e+01,    -2.00459010e+02,  2.82760004e+02, -7.49935492e+01,  3.30631632e+02,    -4.56638778e+02,  1.60608998e+02, -9.44683132e+01, -4.63066605e+02,    -2.15108153e+02,  2.32371383e+02, -7.25313287e+02,  3.58313025e+02,     4.18203799e+02, -6.04524899e+01, -4.34551484e+01, -2.77468071e+01,     2.06650290e+02, -2.79760902e+02,  3.09197391e+02,  2.40119443e+02,    -8.87999179e+02, -2.80107919e+02,  1.92016599e+02, -7.77978957e+01,     3.23759038e+02, -5.21750470e+02, -3.82234406e+00, -3.52803376e+02,    -1.04819230e+03,  6.36639943e+02, -5.04148305e+02, -4.88120568e+02,     7.52706706e+01,  1.08631165e+03, -6.07360786e-02, -1.81748910e+02,    -1.76994575e+01, -6.06136415e+01, -7.52001928e+02, -5.25166747e+02,     6.59817091e+02, -4.30778509e+01, -3.36506732e+02,  4.27806704e+02,    -2.93048060e+02,  3.35979737e+02,  4.62796759e+02, -5.23530427e+02,    -2.17723856e+02, -2.92534616e+02, -1.26795073e+02, -1.64273002e+02,    -5.60431407e+01,  1.16447788e+02, -2.84975113e+02,  2.52272039e+02,     5.07514830e+02, -1.38049646e+02, -1.50754578e+02,  1.17092741e+02,     4.87092841e+02,  4.12459348e+02,  3.01537886e+01, -1.33918130e+01,    -4.50584711e+01, -4.31382679e+02,  3.20549149e+02, -2.03614492e+02,     1.67553674e+02, -1.34317925e+02,  2.47202655e+02,  1.48875400e+02,    -6.68196132e+02, -2.36493257e+02, -6.70234925e+02, -2.74514194e+02,     6.37002726e+01, -1.45981637e+02,  2.53614969e+02, -2.45374151e+02,     1.60296201e+01,  8.91066020e+01,  6.33057204e+02,  3.17938020e+02,    -2.28560927e+02,  1.78524421e+01,  9.39005257e+01,  3.39368056e+02,    -5.56522092e+00,  4.29188315e+02,  2.06077667e+02,  7.56652727e+02,     2.17752809e+01,  5.81141431e+02, -2.21519153e+02, -3.27139627e+02,     7.08292219e+01,  6.19442569e+01,  2.59333249e+02, -5.28016336e+01,    -1.35774295e+02,  2.20798745e+02, -3.88791252e+02, -4.39363528e+02,     6.51652325e+02, -5.04464349e+01, -3.63969521e+02, -3.75931848e+00,    -1.20061139e+02,  2.96049252e+02,  2.80967362e+02, -1.66654513e+02,     9.63968780e+00, -2.29949672e+02, -2.76393346e+02, -2.42646491e+02,    -8.12204304e+02, -2.95313347e+01, -5.48035677e+02, -4.67694373e+02,    -3.35509008e+02,  1.48576949e+02, -3.20296688e+02,  1.85229646e+02,    -4.78927474e+02,  8.87388731e+00, -3.45259632e+02,  6.35658202e+01,     1.00495140e+02,  2.45831860e+02, -1.67667561e+02, -1.24567428e+02,     2.20540353e+02,  5.10828434e+02,  2.76400336e+02,  6.60430108e+01,    -5.79116137e+02, -1.17303698e+02, -2.62751948e+02, -5.15667232e+02,     3.51715909e+02, -2.93727145e+02, -3.71739804e+01, -1.94021895e+02,    -8.60994657e+02,  4.22951279e+02, -1.41356408e+02,  3.50295381e+02,    -5.89414738e+02,  5.56597108e+02,  3.61910308e+01, -2.65022416e+02,     3.92008328e+01, -1.99404515e+02, -5.80921449e+02,  1.19812056e+02,     2.36886408e+02,  2.79635612e+01, -3.07079518e+02, -1.10186112e+02,     1.37453168e+02,  2.47830683e+02,  5.44850350e+02,  2.16384471e+02,    -1.99576691e+02,  7.48722474e+02,  2.45896919e+02,  3.31247302e+02,    -1.44117853e+02,  2.25447303e+02,  1.46620601e+02, -5.23787997e+02,    -1.59448205e+02, -3.34357011e+02, -2.64778310e+02, -8.80472500e+01,    -1.50011040e+02, -3.14646195e+02, -9.64600797e+02, -2.58898497e+02,     1.31388471e+02,  8.57585016e+01,  7.86479260e+01,  4.21824243e+02,     1.58087913e+02,  2.72026697e+02, -3.58416621e+02,  3.92540012e+02,    -4.18884768e+02, -6.51118323e+02,  1.62267100e+02, -3.42320911e+02,    -3.56297236e+02, -1.33833247e+03, -1.01715287e+02,  6.78642904e+02,     3.96381456e+02, -8.67759788e+01, -1.00698393e+02,  2.49447242e+02,     5.78254699e+02, -3.42863689e+02, -8.08655851e+01, -2.69250144e+02,    -3.05487053e+02, -2.89948774e+02,  1.35458232e+02,  6.08635627e+02,    -5.58021008e+02, -4.49266917e+02,  2.07239233e+01, -7.25264822e+01,    -1.20066194e+02, -7.90975518e+02,  4.79718997e+02,  2.14199102e+02,     7.59963763e+01,  4.11192624e+02, -2.57271659e+02,  2.51495588e+02,     2.28967011e+02,  4.52032556e+01, -3.91917864e+01,  1.04797532e+02,    -1.37405503e+02,  3.98671964e+02, -3.70888742e+02,  3.56621457e+02,     7.88207713e+01,  9.43068793e+01,  2.01188416e+02, -7.31089978e+02,     5.42492651e+01, -5.42925135e+02, -4.29353076e+02, -4.16545207e+02,    -3.81261916e+02,  1.19157189e+01,  1.09918237e+02,  4.09432023e+02,     8.23963002e+01,  1.16705911e+02, -6.04088818e+02, -2.12355936e+02,     2.79286511e+02,  1.22862292e+01,  1.63538371e+01, -6.88153124e+01,     3.11471836e+02, -7.74133587e+02,  8.89985156e+01,  2.01258306e+02,     3.86568226e+02,  3.30078153e+02, -4.82048642e+02,  6.36450778e+01,     3.58227530e+01,  3.66137272e+01,  1.58143297e+01, -1.64895943e+02,    -2.65728472e+02,  1.33373440e+02,  5.32147980e+02, -7.69598509e+01,     8.05282928e+01,  1.51379590e+02, -2.09507688e+02, -2.07743511e+02,    -9.79565279e+02, -3.25478616e+02, -4.29096900e+02, -6.44783688e+01,    -5.37721218e+02,  6.37083145e+02, -2.49872228e+02, -4.47783384e+02,    -1.32770716e+03,  5.55164551e+02,  1.16225437e+02, -1.38990445e+01,    -5.20841750e+02,  8.94938306e+01, -1.47027241e+02, -2.76391174e+02,     9.97570123e+01,  2.71693442e+02,  6.72855348e+01, -1.45450716e+02,    -2.88717009e+01,  6.68686874e+00,  1.64269543e+02, -5.15111004e+02,     5.92095342e+02, -3.55155450e+02, -2.29416699e+02, -3.54424408e+02,    -8.21089088e+02,  8.07498062e+01, -4.04039453e+02, -1.87366050e+02,     2.89357317e+02, -2.03537867e+02,  6.06461420e+00, -8.29358878e+01,    -2.18290468e+02,  1.37409373e+01,  4.49752942e+02, -4.40410712e+02,     7.77534651e+02, -1.66812195e+02,  2.88092876e+02, -6.46064969e+01,     1.26962586e+02, -9.99285886e+01,  3.97365900e+02,  5.29735732e+02,     1.68990902e+02,  4.65034266e+02, -3.30658744e+02, -2.69915548e+01,    -1.92796998e+02,  5.77789662e+02,  4.88745084e+02,  3.74867930e+02,    -1.25882153e+02, -2.56310449e+02,  2.28361275e+02, -2.18679024e+02,    -1.16900099e+02, -6.16780160e+01, -2.18967805e+02,  4.34513076e+02,    -4.84705777e+01,  3.34957113e+02,  1.18497216e+02,  1.44407712e+02,    -2.89500287e+02,  2.75078075e+02, -1.54670672e+02, -1.11138556e+02,    -2.56870775e+01, -4.30988978e+02,  6.50157293e+02, -2.39106413e+02,    -3.54714942e+01,  1.67383039e+02,  1.44392248e+02,  5.98012561e+02,    -1.38734496e+02,  6.49711920e+02,  5.89655559e+02, -8.22746764e+02,     7.43087276e+01, -1.73594915e+02,  1.23594241e+02,  7.40356077e+01,     1.47939786e+02,  5.10256876e+02,  7.82413866e+02, -6.64055848e+02,     6.48986853e+02, -7.79469041e+02, -6.49475276e+02, -1.03334359e+02,    -9.99490909e+00,  5.93047329e+02,  3.28381636e+02, -1.56237789e+02,    -7.84592072e+02,  5.95503705e+02, -3.80905860e+02, -1.01649331e+01,    -4.28636595e+01,  1.04773056e+03, -2.40296714e+02, -8.91199334e+02,     2.61170646e+02, -1.36817519e+03,  9.40144971e+01, -3.01434558e+02,    -1.53438217e+02, -2.31327619e+02, -4.96067905e+02,  3.47694779e+02,    -3.06008491e+02, -7.68235549e+01, -6.62606657e+02, -5.70381814e+01,    -4.03628369e+02, -6.30222943e+02, -1.03792985e+03,  8.61101590e+01,    -2.72118439e+02, -8.43371628e+00, -1.14233150e+02, -6.69639544e+02,    -5.34062123e+02, -4.46532130e+02, -4.50165726e+02,  4.63904690e+02,     7.95000708e+01, -4.04243733e+02, -1.54395287e+02, -1.89093549e+02,     3.13827747e+02, -2.82476440e+02, -1.05229459e+02, -1.89318441e+02,    -3.03160682e+02, -3.16326840e+02,  3.23914256e+02, -1.48772404e+02,    -7.69714006e+02,  6.51899556e+02,  3.97995442e+02,  5.26477731e+01,    -6.12190193e+02, -6.38810366e+02,  9.21888586e+01,  1.20224788e+01,    -2.51073154e+02, -4.11429783e+02,  3.01064846e+02, -6.71243655e+01,     2.31042837e+02,  4.18251545e+02,  2.84844069e+02,  2.99058003e+02,     2.16146458e+02, -1.71762004e+02, -1.05463916e+02, -1.86311540e+02,    -2.94848847e+02, -3.86972085e+02, -5.47484546e+02, -3.31244128e+02,    -6.77092699e+01, -6.74755411e+02, -7.20491659e+01,  2.74773886e+02,    -6.02378748e+02,  2.09095402e+02,  1.82416269e+02, -5.95278232e+02,    -4.80344174e+02, -1.31443528e+02,  1.79983745e+02, -3.35555153e+02,     5.91503753e+02,  5.30505946e+02, -6.33904396e+02,  4.29064735e+02,     2.99571737e+02,  6.39774815e+01,  2.14620225e+02, -3.60151245e+02,    -1.20330056e+02,  4.51986926e+01,  1.49104302e+02,  3.82584786e+02,    -4.27099761e+02, -3.55038307e+01,  1.50090164e+02, -1.37821256e+01,    -2.21615808e+02,  1.66634554e+02, -2.25419318e+02, -1.70187622e+02,     3.26987387e+01, -5.06172773e+02,  3.10150611e+01, -1.99969654e+02,    -1.05698790e+02,  2.93080847e+00, -4.79519435e+02,  4.75098688e+02,    -2.27131818e+02, -1.08913533e+03, -7.13296334e+02,  3.29796291e+02,    -2.98805600e+02, -1.43105384e+02, -2.45988730e+02, -1.40143556e+02,    -8.41273332e+02, -9.49830425e+01, -5.40046366e+02, -2.81141284e+02,     2.17539862e+02,  6.25584666e+02, -3.58937899e+00, -2.72391263e+01,     4.90671741e+02, -4.26053972e+02,  3.03234048e+02,  7.84247847e+01,    -3.49731253e+02, -1.50164000e+02,  2.06992901e+02,  1.56189978e+01,     8.23817142e+01,  9.63023214e+01, -1.98306393e+02, -2.34277770e+02,    -4.45490286e+02,  4.21352476e+02, -5.33964319e+02, -3.92716529e+02,     7.96622098e+01, -7.52916580e+02,  1.61882357e+02,  5.27643740e+02,    -3.95017594e+01,  5.77324137e+01, -2.08529018e+02, -1.71946385e+02,     8.61247154e+01,  3.15410166e+02, -3.40848568e+02,  2.61078266e+02,    -9.30165544e+01, -3.48600113e+01,  2.27702804e+02,  1.62015304e+02,    -7.52083326e+01, -3.66710796e+00,  2.05640392e+02,  2.36332194e+02,    -6.04399763e+02,  5.69969460e+01,  4.54092116e+02, -8.19218235e+02,     2.73353804e+02, -1.00436017e+03, -7.74671511e+01, -1.25159271e+02,    -7.23781588e+01, -7.50890604e+01, -2.17430222e+02, -2.96564334e+01,     1.39442276e+02, -2.02999947e+02,  1.18834945e+02,  7.30018692e+02,    -5.41378862e+02, -2.24510934e+02,  3.07157219e+02,  2.08937196e+02,     3.47855899e+02,  1.37119198e+02,  2.39412955e+02, -1.57703265e+02,    -4.11475315e+02, -3.56883390e+02, -1.73051978e+02,  4.87215163e+00,    -3.53405563e+02, -1.28508660e+02,  5.60368119e+01,  1.94370051e+02,    -8.44342960e+01,  4.72316224e+02, -4.24912453e+02, -4.48521217e+01,    -2.26432572e+01,  2.34109813e+02, -3.42488190e+02, -2.15105968e+02,     2.31982741e+02,  4.20769325e+02,  5.86098610e+02,  2.95750455e+02,     3.46760198e+02, -2.50433598e+02,  5.25799250e+02,  5.66544908e+02,    -5.44522684e+01,  3.32227304e+02,  3.19647707e+02, -2.14180588e+02,     1.26880777e+01,  5.15561703e+02, -2.34398051e+02, -1.04951576e+02,    -5.08491912e+02,  2.26670283e+02, -6.28869877e+01,  1.47387626e+02,     8.10237530e+01, -3.50480563e+02,  3.85929398e+02,  3.42199697e+02,    -1.99223335e+02,  1.54696395e+02, -4.82441797e+02, -4.33957215e+02,     1.96112640e+02, -5.79605203e+02, -2.26168215e+02,  8.13217223e+01,     6.78255768e+02, -2.04455666e+02, -8.76875053e+01, -1.22460939e+02,     9.63938550e+02,  1.18779392e+02, -3.64833219e+02,  5.74531415e+02,     5.28976999e+02,  2.51965554e+02,  6.12613436e+02,  6.78538909e+02,    -8.88187856e+01, -2.52009443e+02, -2.73213072e+02,  2.25489012e+02,     3.18267199e+02, -4.10230927e+01, -1.72705421e+02, -5.17179250e+02,    -2.53917889e+02, -3.71637706e+02,  2.47673449e+02,  1.26411111e+02,     5.24931990e+02,  4.74544551e+01, -2.11407531e+02, -6.62044093e+01,     3.35792513e+02,  1.10401335e+02,  4.26949614e+02,  4.82477759e+02,    -1.16503642e+02, -7.54321222e+01, -8.09585771e+02,  4.48218805e+02,    -4.62238220e+01,  4.21127439e+02, -1.53079458e+02, -4.87903960e+02,     1.65960924e+02,  5.79695009e+02, -2.05164158e+02,  5.73197714e+02,    -6.05438938e+02, -1.88308658e+02, -6.55172874e+02,  1.85699230e+02,     9.71628105e+01,  6.06104839e+00, -5.01421997e+02,  7.34879318e+02,     4.40951643e+02,  6.89462201e+01, -3.83303548e+02,  1.82865351e+02,    -2.29208725e+02, -7.28822669e+01, -1.82558398e+02,  1.75046904e+02,    -8.39074350e+01, -1.70819898e+02,  1.59933805e+02,  2.19973342e+02,    -7.12175946e+02,  1.63376419e+02,  5.60824592e+02,  3.51068884e+02,    -1.10547169e+02,  2.89514945e+01, -2.99512006e+02,  4.92725140e+02,     1.47360014e+02, -5.67965698e+01, -5.83237116e+01,  9.10486712e+02,     7.73535720e+00,  2.59316070e+02,  6.04019296e+02,  8.14508965e+02,     5.34082839e+02,  3.54232643e+02, -5.30505435e+02, -3.61583848e+02,     2.88677297e+02,  1.31684940e+01,  2.70157443e+02,  1.54987079e+02,     4.89452190e+02, -6.46127176e+02, -4.09456688e+02, -5.25928107e+01,    -7.22350248e+02,  1.63402159e+02,  3.27591786e+02,  1.18419755e+02,    -1.90248983e+02,  1.97491579e+02,  1.18802297e+03,  2.15074011e+02,     1.26335317e+02, -4.09120134e+02, -5.53241925e+02, -1.30979097e+02,     2.59249006e+02, -4.33801978e+01,  1.74261119e+02,  2.93820252e+02,    -4.99427961e+02,  2.06111482e+02,  4.39666331e+02,  4.88891093e+02,    -4.65323188e+01,  9.02684513e+00, -7.75447443e+01, -4.21652716e+02,    -5.54893881e+02,  6.96940824e+02, -5.58314336e+01, -4.94279376e+02,     1.79087469e+01, -1.89913384e+02,  7.62606431e+02, -1.99815573e+02,    -2.87499461e+02,  2.59988581e+02, -1.21284913e+02,  3.60881506e+02,    -4.74679970e+01,  8.39896578e+02,  4.19686081e+02, -1.15638712e+01,    -3.00585373e+02,  2.05794592e+02, -4.62651785e+02, -9.81635941e+01,     5.07103805e+02, -2.34271502e+02, -3.94062977e+02, -1.85543163e+02,     4.33479661e+02,  1.21990809e+02, -6.92333306e+02,  2.54596500e+02,     1.25583868e+02,  5.69845053e+01, -4.27177962e+02,  1.33763686e+01,     2.92748978e+02,  4.26175505e+02,  5.34003575e+02,  2.16401281e+02,     3.40996071e+01, -4.23122107e+02, -3.99727307e+02, -6.21555470e+02,    -7.61902572e+01,  2.63298000e+02, -2.03945869e+01,  4.47724027e+02,    -2.64210033e+02,  1.53683512e+02, -9.87913647e+01, -2.48618194e+02,     4.93308663e+02,  6.38214743e+01,  5.11630674e+02,  2.39242449e+01,     2.08486237e+02, -1.66996663e+02,  5.22429790e+02, -9.97159340e+01,    -3.39301514e+00, -6.52486585e+02, -9.04412477e+01,  6.07444048e+02,     5.55694827e+02,  2.20556389e+02, -1.25909354e+02,  3.20095877e+01,    -1.47181338e+02, -4.64731875e+01,  7.50539526e+02,  1.46846455e+01,    -1.97169576e+02, -9.21368051e+02, -4.53724785e+02, -3.13717196e+02,    -5.60279557e+02, -4.68111034e+02, -5.93055877e+02, -3.87486379e+02,    -3.18943726e+02, -4.00894239e+02,  3.98228459e+02, -2.13266814e+02,    -8.09924554e+02,  3.32707280e+02, -2.40441182e+02, -6.86049899e+02,     8.09548230e+02, -2.00934052e+02,  1.65388736e+02,  3.40402190e+02,     6.11563403e+00,  2.17992384e+02,  6.84873346e+00, -1.25705330e+01,    -1.14075548e+02, -6.04399943e+02,  8.84426508e+01, -1.08940207e+03,     5.44879154e+02, -3.66343759e+02, -1.15620850e+02, -1.48791063e+02,     8.57289709e+01, -1.57686133e+02,  2.39518451e+02, -4.49165685e+02,     3.16486514e+02,  3.25801536e+02,  1.30406086e+02,  8.20685322e+01,     1.65729424e+02,  6.18714816e+01,  2.52887776e+02, -7.95010559e+01,    -5.21964327e+02,  8.16953902e+01, -1.91520675e+02, -3.76742368e+01,     4.15675279e+02, -6.77351876e+02,  7.97924475e+00,  1.12420130e+01,     7.21756213e+01,  2.77958225e+02, -1.15449326e+02,  7.03015332e+02,     4.05291331e+02, -1.46864477e+02, -8.90044080e+01,  1.56567749e+01,     6.51269646e+02, -4.66776309e+02, -8.70676941e+02,  2.41387708e+02,    -1.02271002e+02, -1.04828401e+02,  1.40593699e+02,  6.54304780e+02,     3.99317049e+02, -1.47204903e+02, -4.21661960e+02, -4.99408661e+01,     2.46105578e+02, -1.09423401e+02, -6.22169900e+02, -2.32650908e+01,    -7.76961704e+02, -4.07888745e+02,  6.65010641e+02, -4.28659952e+02,    -5.55689577e+02, -4.34729670e+02, -2.95542861e+02,  2.79380402e+02,     6.89310047e+02, -4.23422866e+01,  2.30632302e+02, -1.50088854e+02,    -5.83938767e+02,  3.90861409e+02, -3.81314236e+02,  2.37496002e+02,     3.04131987e+02, -6.16005505e+01,  3.45416514e+02,  3.67400063e+02,     8.98969572e+02, -1.25121552e+02, -3.85211297e+02, -5.33805631e+02,    -1.26580468e+02, -2.15467301e+02,  8.50713463e+02, -3.70607897e+02,     8.53436648e+01,  6.26536180e+01, -2.20010130e+02, -6.78787612e+02,    -5.41697024e+01,  8.18212112e+02,  9.06883376e+01,  5.91989081e+01,    -4.48518735e+02, -5.08882935e+02, -8.14872498e+01,  4.06395217e+02,    -1.86759256e+02,  8.93273201e+02, -3.66958097e+02,  1.42033199e+02,    -1.74798853e+02, -5.75225389e+02,  2.54507493e+01, -4.28089006e+02,    -6.24528762e+02,  6.87512507e+01,  2.00381740e+01,  4.33708358e+02,     1.75291331e+02, -2.83598697e+02,  1.89333763e+02, -6.91162421e+02,    -4.44429604e+02,  7.59735104e+02,  1.10341438e+02, -1.19717611e+02,    -2.71393766e+02, -3.92400987e+01, -6.53661035e+01,  7.11929996e+02,     3.43090844e+02, -1.24048055e+02, -5.94333624e+01, -3.37910509e+02,    -1.71413599e+02, -5.64962484e+02,  4.01153619e+02,  6.26620316e+01,     1.16670974e+02,  1.27199955e+02, -4.53353433e+01, -1.53090075e+02,    -5.52722089e+00, -8.91429887e+02, -1.61015047e+02, -6.76051417e+01,    -7.73407246e+01,  4.61339870e+02,  5.29853188e+02,  1.35598386e+02,    -8.03677379e+02,  5.37286922e+02, -1.67168613e+02, -3.24138477e+02,    -7.32421123e+02, -2.74157127e+02,  4.94478022e+02,  2.28183687e+02,     5.71018878e+01,  2.56986444e+02, -4.89491784e+02, -3.72295031e+02,     4.62971788e+02,  3.20094411e+02,  4.34472484e+02, -2.88542108e+00,     5.72890704e+01,  4.65162891e+02,  8.29494431e+02, -2.07762107e+02,     3.16938669e+02, -1.39941561e+02, -3.51921930e+02, -2.87271935e+02,    -2.56566888e+02, -1.26198535e+02, -4.29539262e+02, -1.97216324e+02,    -1.17152421e+03,  2.86150792e+02,  1.62849589e+02, -3.09883681e+01,    -3.48907046e+02, -1.88790872e+02, -4.52446059e+02,  9.89312141e+01,     6.91792171e+02, -1.74123564e+02, -1.37766763e+02,  1.84543727e+02,    -4.06454881e+02,  7.28758119e+02,  1.39503768e+02,  1.56941213e+02,     4.33850316e+02,  1.59129586e+01,  4.71337990e+02,  1.37727913e+02,    -7.30191050e+01,  7.87143845e+01, -1.77079200e+01,  5.84291299e+02,     7.60281645e+01,  1.23531647e+02, -7.52894719e+01,  1.11689250e+02,    -7.77066975e+02, -3.12470219e+02, -3.87297199e+02,  4.31141592e+02,    -2.44940361e+02, -5.41731560e+02,  4.93889491e+02, -1.00917608e+02,     3.67588073e+02, -7.67878981e+02,  2.08695599e+02,  6.48512817e+01,     4.99790739e+01, -7.41074050e+01, -5.47055631e+01,  4.13763615e+02,    -2.51675951e+00, -4.15379142e+02, -1.33832769e+02,  2.13336203e+02,    -9.81190850e+02, -7.81247371e+02,  1.27179853e+01,  9.35649757e+01,    -3.64356716e+02, -3.60680336e+01,  9.12462348e+02,  2.77320936e+02,    -4.72010007e+02,  7.92221273e+01, -7.52184184e+01,  8.67140262e+01,    -2.88248066e+02,  1.55546620e+02,  2.39230003e+02, -5.66608037e+01,     9.46503556e+02, -9.02165499e+01, -2.70190347e+02,  1.59137815e+02,     3.47142161e+02, -2.98153386e+02, -2.52431138e+01,  8.05939769e+02,    -1.99653085e+01,  4.96367630e+02,  1.20047635e+02, -8.15657942e+01,    -2.23005825e+02,  4.80230480e+02, -4.61875179e+02, -1.76364216e+01,    -1.25840650e+02, -3.55779623e+02,  1.41848171e+02,  2.00096415e+02,     7.59991225e+01, -1.37106176e+01, -3.25505204e+02,  1.56181408e+02,    -1.47630436e+01, -2.11346657e+02, -1.82211893e+02,  1.66129346e+02,    -4.21240470e+01, -3.07843278e+02, -8.95583814e+02,  7.73927942e+01,     1.97526130e+02, -3.93561850e+02, -1.89532492e+02,  6.93937222e+02,     6.06354711e+01,  2.95760203e+02,  5.45495237e+01,  3.10307662e+02,     4.34096852e+01, -3.31816036e+02, -3.13506659e+01,  7.04945659e+01,     2.33704519e+02,  6.76083675e+02,  4.14400155e+02,  1.76134950e+01,     1.44817528e+02,  5.08071741e+02,  2.20434697e+02, -6.11591360e+02,    -2.25283515e+02,  1.13522485e+02,  7.19745569e+01,  2.22741336e+02,    -4.42630110e+02,  1.07956066e+02,  3.38078283e+02,  4.15927187e+02,    -3.77905979e+02, -4.49952337e+01, -1.94168787e+01, -1.13494636e+02,    -2.81032237e+02, -1.67636721e+02, -2.63964581e+01,  6.69714152e+01,     3.48096834e+02, -2.61980200e+02,  6.73889623e+02,  3.00230662e+02,     2.12232869e+02,  2.79529838e+02,  2.56594186e+02,  2.76120513e+02,     4.55122768e+02, -3.72135620e+02,  5.32885147e+02, -9.37262090e+02,     2.61793336e+02, -9.16304963e+02,  7.10389324e+02,  6.11664565e+02,    -9.84076632e+01, -4.14613916e+02, -3.55971584e+02, -4.85781432e+02,    -5.21843222e+02,  4.84669979e+02,  3.62048516e+02,  2.03935708e+02,     2.68450205e+02,  3.42403868e+02, -3.23853686e+02, -1.70743114e+02,     4.84020216e+02, -1.04748322e+02,  4.46492255e+02,  6.15796158e+02,    -3.63797106e+01, -6.06802510e+02,  1.10878271e+01, -1.13261222e+01,    -8.26911025e+01,  6.50654922e+00, -5.66002233e+02, -1.56776999e+02,     4.89929326e+01,  7.40624528e+01,  4.07970906e+02, -3.36925698e+02,     5.17104170e+02, -3.41226643e+02,  1.86454531e+02,  3.27813220e+02]
gas_BEE = [-3.09422465e+00,1.63723730e-01,-5.40255740e-01,1.96775545e+00,-1.09789895e+00,-6.77361444e-01,-2.09920148e+00,-4.43879772e+00,-1.56730029e+00,-1.90896553e+00,-1.42316962e+00,4.46012670e-02,2.80505472e-03,8.51986789e-02,9.54257388e-02,2.27028573e+00,-1.02866199e+00,-4.96812152e-01,1.37221339e+00,-5.18294548e+00,2.35766942e+00,-1.11608846e+00,-3.06289579e-01,-4.50782420e-01,4.14783436e-02,-2.05547449e-01,4.37921696e+00,-8.23037702e-01,-1.94127645e-01,-2.52244243e+00,3.57303744e+00,-2.87387811e-01,-2.05844183e+00,6.69755014e-01,-8.65118589e-02,1.29479347e+00,-1.41966348e-01,9.41400416e-03,1.86482141e+00,-4.79831810e+00,2.72452422e+00,4.40647540e-01,-4.17705257e-01,-1.19236146e+00,7.11238391e-01,-5.72168583e-01,2.41584281e+00,1.72022305e+00,-1.19802081e+00,-1.45906183e+00,-1.60634574e+00,-1.87636950e+00,1.37096272e+00,-2.30868604e+00,5.34273465e-01,2.72702051e+00,3.26650875e+00,1.53572968e+00,7.89971949e-01,1.43420136e+00,4.57809281e+00,9.58255373e-01,-2.60183945e+00,-6.85877577e-01,-1.55132395e+00,2.93345477e+00,-3.49848733e+00,-3.09665249e+00,-1.65459284e+00,-6.87524239e-01,-1.81813966e+00,1.42943303e+00,8.96305090e-01,5.90058995e-01,-2.02510266e+00,-1.55401297e+00,-2.63930808e+00,1.72938545e+00,-1.51489279e+00,1.73283548e+00,-4.88938611e-01,-1.56675871e+00,-2.27354656e+00,-6.92654716e-01,-8.27126265e-01,-5.03556548e-01,2.03833196e+00,3.52045736e+00,-1.84180165e+00,-3.53428027e+00,-9.26319531e-01,5.19187306e+00,-2.81979936e+00,1.58383206e+00,-1.75195700e-01,-2.97670602e+00,1.33965889e+00,1.45557159e+00,-7.08200168e-01,1.55198767e+00,-1.49998213e+00,-2.53484175e+00,4.75322995e+00,2.07519358e+00,1.01815821e+00,2.71932384e-01,6.38535120e-01,3.90290693e+00,-1.42540920e+00,1.45596689e-01,-6.73291866e+00,9.91574766e-01,-3.25196256e+00,5.31380588e-01,9.32615700e-01,-1.46186862e+00,-2.53684301e+00,2.38177289e-01,-1.60062799e+00,1.97872050e+00,-2.02170979e+00,-4.73269258e-01,-1.83506012e+00,1.30744470e-01,1.62533626e-01,9.49408534e-01,1.88146083e-01,-3.91773039e-01,3.06939206e+00,4.31742074e+00,2.39030754e+00,3.21779355e+00,-7.31933243e-01,1.79691976e-01,2.24922283e+00,1.60895854e-01,-3.50883754e+00,-2.18305499e+00,-2.40734509e+00,-1.41897866e+00,1.37936182e+00,-5.66241468e+00,-5.94125443e-01,1.94422733e+00,-2.11957054e+00,-1.68768407e+00,2.47392167e+00,2.38197695e+00,-1.43495468e+00,1.51749644e+00,-1.34237217e+00,1.84881720e+00,3.46351912e-01,6.47409876e-01,-3.92268008e+00,-2.19994926e+00,-4.96255008e-01,-4.50126599e-01,-1.74271240e+00,5.44079451e+00,-4.29979878e-01,-1.45829842e+00,1.80796692e+00,-2.07881772e+00,-1.86629155e+00,1.48003816e+00,5.32471407e-01,3.48847691e-01,6.50821896e-01,-6.42438237e-01,5.44929638e-01,2.77050832e+00,-1.30069958e+00,9.47265397e-01,4.28434712e+00,1.51809947e+00,8.51645975e-02,-8.02983049e-01,7.06337866e+00,-1.27233237e+00,2.01893025e+00,1.37914102e+00,1.36862104e+00,4.53297131e+00,2.23777449e+00,-7.57422259e-02,9.76747245e-01,2.61661650e+00,1.52592822e+00,-2.74116298e+00,4.63070903e+00,-4.31575657e+00,-5.69454139e-01,2.56399670e+00,6.03194028e-01,1.95370811e-01,1.36558343e+00,9.02019728e-01,1.33940038e+00,-2.93543154e+00,1.87317408e-01,-1.18559730e+00,-7.06656549e-03,-3.53459074e-02,-6.76636264e-01,-2.57603693e-01,4.10641817e+00,-9.95611828e-02,-1.40663320e+00,-1.36561618e-01,7.26284060e-01,-2.89042488e+00,-2.44536987e+00,-1.52421242e+00,-2.96988950e+00,-7.90422301e-01,-2.00400028e+00,6.53721639e-01,-7.50481464e-02,-5.96273861e-01,-3.90378433e-01,3.91716165e-01,-1.05719455e+00,3.07076430e+00,-4.07819965e+00,-4.18959147e-01,-7.26566018e-01,9.03900804e-01,9.92469902e-01,-2.45408386e+00,-6.43874121e-01,2.23627816e+00,-1.23627698e+00,5.95493269e-01,1.74612447e+00,1.77822949e-02,5.48687135e+00,-5.78184627e-01,-1.94067058e+00,-2.27902691e-01,-1.58454800e+00,2.14934364e+00,-2.44703129e+00,9.98905515e-01,2.01075109e+00,-5.99596938e-01,5.63791146e+00,5.71667891e+00,-3.70721304e+00,2.78198970e+00,1.11449573e+00,-2.54983304e+00,1.13233622e+00,2.04517911e+00,2.07022413e+00,2.05012003e-01,1.36884079e+00,3.43474535e+00,-1.17927402e+00,4.30826307e-01,2.77834302e+00,-1.56204434e+00,-1.04439685e+00,2.89435420e+00,1.57244610e+00,3.68995662e+00,1.64854352e+00,6.90713724e-01,1.01032283e+00,2.15564649e+00,-2.37600165e+00,2.26496486e-01,1.14880352e+00,1.53283621e-01,1.25150716e+00,-3.07828432e+00,1.73568104e+00,-2.01702074e+00,-1.63502946e+00,9.68180627e-01,-5.94606870e-01,2.90358468e+00,-8.84850276e-01,1.18854944e+00,1.49081986e+00,3.74976396e+00,2.54901274e+00,2.56166287e+00,-3.50303755e-01,-4.40035286e-01,-1.46623826e+00,3.89831321e+00,3.94351737e+00,1.66045525e+00,-1.22416079e+00,2.35788127e+00,-1.85470125e-01,9.64464500e-01,3.32433014e+00,-2.31024151e-01,-5.78263566e-01,-1.44437632e+00,-2.89118176e+00,4.62733117e+00,2.28852227e+00,-3.09280263e+00,-8.07074184e-01,9.38317476e-01,-6.32785575e-01,2.85170582e+00,9.28986110e-01,3.74697552e+00,1.19583648e+00,-9.99218008e-01,7.58032087e-01,-3.95508989e-01,-1.09779680e+00,8.45178149e-01,1.07431210e+00,4.32609189e+00,3.45518277e+00,2.90506414e+00,3.61302126e+00,5.94487614e-01,-1.51796411e+00,6.15238906e-01,-1.61795808e+00,-2.50816650e+00,-2.44906723e+00,-1.47885435e+00,-5.34334171e+00,-1.79312911e+00,-3.90300264e+00,8.24283852e-01,-2.21248754e+00,2.43710654e+00,-4.44570047e+00,-1.46922504e+00,2.01305380e+00,9.39658631e-01,-4.06477269e+00,2.44682939e+00,-1.38172033e+00,2.53910280e+00,-1.24004813e+00,-3.30125399e+00,8.06026443e-01,-2.68237357e+00,-2.05220276e-01,-1.28038919e-01,1.87756152e+00,6.03896841e+00,-2.13874902e+00,-1.79075625e+00,-6.14705719e-01,-2.70598836e-01,-3.69012404e+00,-2.93317434e+00,2.58578720e+00,-8.42067938e-01,9.75096366e-01,-2.26217642e+00,-5.12133332e-01,-2.15843460e+00,2.25039038e+00,7.27873117e-01,-1.30918707e+00,-6.43647212e-01,5.45265348e-01,-2.52150177e-01,1.53552149e+00,-1.38998084e+00,4.38235607e-01,1.66221810e+00,6.06693071e-01,-1.09266772e+00,7.49597989e+00,2.79861306e+00,3.40683738e-01,4.15197368e-01,-2.80895995e+00,1.58580817e+00,-3.42061010e+00,-1.67031383e+00,-2.93191220e+00,-9.86759618e-01,3.00537842e+00,-2.76001442e+00,1.06735600e+00,-4.05243073e-01,8.12659707e-03,-1.60819215e+00,-2.05756603e+00,-6.50173847e-01,-1.59517302e+00,-9.48214780e-01,-1.70417997e+00,-1.93828718e-01,-1.42929681e+00,-2.18243590e+00,1.10033906e+00,-5.15989827e-01,1.12770522e+00,5.61402653e-01,-3.53068987e+00,-2.42832740e+00,-2.46551055e+00,1.30696669e+00,-2.65967796e-01,-2.78891625e+00,2.74847386e+00,-2.09488122e+00,2.55667874e+00,-1.44299470e+00,-2.21841045e+00,1.24380925e+00,-3.29195110e+00,-1.45191487e+00,3.19672249e+00,1.30117127e+00,-1.76181124e+00,2.69954946e+00,-6.93102530e-01,-1.50434815e+00,-1.34121623e+00,-2.70518615e+00,1.34514597e+00,-4.46133528e+00,-3.72286245e+00,-1.84898522e-01,-1.45689831e+00,-3.05283189e+00,3.55622766e+00,6.54453788e+00,-1.07583282e+00,-1.31601575e-01,-3.05024823e+00,3.16768012e+00,9.33861774e-01,-7.30123960e-01,-1.93730407e+00,4.75975214e-01,-2.70963742e+00,-3.71534092e-01,-4.03708227e+00,1.22481028e+00,9.17610328e-01,-7.09072700e-03,-6.79904817e-01,-1.70782799e+00,-8.10225468e-01,6.57648963e+00,-7.92903128e-01,-2.27704456e+00,-3.24421168e+00,6.40232101e-01,-1.75545418e+00,2.16028547e-01,1.40849020e+00,4.48423917e-01,1.87000045e+00,9.94118083e-01,3.01547362e+00,1.24895400e+00,-1.65568078e+00,2.27389322e+00,1.81697248e+00,6.32302767e-01,1.96557364e+00,-1.29232696e+00,3.39992230e+00,1.11998547e+00,-1.47695199e+00,-5.28737824e-01,-7.41511340e-01,8.56242040e-01,-1.11814121e+00,-5.05030971e-01,-4.04644923e-01,3.75239203e+00,2.68948583e+00,-3.12428729e+00,-3.98150836e-01,-2.54111193e+00,-5.67073871e-01,-1.28339256e+00,2.60477358e-01,-1.02568087e-01,-1.32474567e+00,5.92236445e-01,-3.18857434e-01,-4.78523489e-01,4.01882681e+00,7.16471310e-01,-4.05848923e+00,-2.24105300e+00,4.50369453e+00,9.53872076e-01,-5.22879763e-01,5.16967693e+00,-7.84976130e-01,-4.41105201e-01,-8.27664590e-01,6.71288443e-01,1.53095061e+00,2.87353532e-01,1.50202315e+00,-6.44173952e-01,-1.82432022e+00,-1.76909344e+00,-2.21271764e+00,2.24025399e+00,7.71364171e-01,1.81880984e+00,9.18254549e-01,4.25378105e+00,7.08486491e-01,-3.66729652e+00,-1.61556547e+00,2.13372921e-01,-1.36587863e+00,2.99030351e+00,-3.36337331e-01,5.20645601e-01,2.53652687e+00,-3.75445677e+00,7.03581171e+00,1.11401981e+00,1.31713517e+00,1.82416924e+00,1.54887703e-01,-2.56404757e-01,1.47258835e+00,-1.71006388e+00,3.90846145e+00,3.57517493e+00,-1.68220056e+00,9.60641688e-01,3.16244315e+00,-1.04571433e+00,1.04531190e+00,1.57162869e+00,2.09843489e+00,-3.38309652e+00,-2.61462386e-01,-1.13996545e+00,-2.68730149e-01,-5.95505490e-01,2.60923223e-01,-9.06357527e-01,-1.24632015e+00,8.17769762e-01,3.54433144e-01,2.57795551e+00,-2.02449686e+00,1.99847701e+00,2.57578192e+00,-2.78682886e-01,3.23992574e+00,-3.18277419e+00,-4.79004801e+00,-2.13873916e-01,-2.58790093e-02,4.63542428e-01,3.65613085e+00,-1.59243765e-01,2.02922316e+00,2.63236868e+00,2.03093406e+00,-1.21081019e-01,2.94387890e+00,-8.44970219e-01,-1.62093697e+00,-2.06403954e+00,2.88998416e-01,1.72190831e+00,-2.54116013e-01,1.69596855e+00,1.21370498e-01,2.62958541e+00,6.74849285e-01,3.88305475e-01,-4.44664120e-01,1.31675115e+00,1.92256083e+00,8.37424572e-01,-9.18771660e-02,-2.50931363e+00,1.18659813e+00,9.19706245e-01,1.67450113e+00,1.31497801e+00,1.69143375e+00,-3.02343297e-01,1.48701764e+00,-1.91767512e+00,-8.25823931e-02,-2.64793547e+00,-1.61739851e+00,1.98783421e+00,-4.37247934e+00,1.16249147e+00,8.42347918e-01,4.34294272e+00,-8.62843907e-01,1.66717150e+00,-8.81717542e-01,-2.25776080e+00,-3.39336104e+00,-6.88792497e-01,-4.48125199e+00,7.03694781e-01,-1.15410477e+00,1.58536928e+00,1.47478359e+00,-1.21909967e+00,-1.47518661e+00,2.11930625e+00,-2.55953456e+00,-6.56916933e-01,-6.42531957e-01,9.95714680e-01,-9.17605835e-02,1.53049059e-01,-6.35674301e-01,2.51188470e+00,-2.92784915e+00,4.03123031e-01,2.73517677e+00,-1.41233121e+00,1.30737900e-01,-3.90418019e-01,-3.20750455e+00,-2.02815494e+00,-1.13942890e-01,1.44123229e+00,1.60385833e+00,5.32289217e-01,-3.30452298e-01,5.45671638e-01,-1.95885004e+00,4.63504475e-03,-2.72493581e+00,-1.48211820e+00,2.30534198e+00,-1.46569705e+00,3.22754024e+00,-1.15397241e+00,1.49193357e+00,1.27617642e+00,-2.90933516e+00,-1.22293173e+00,4.10896890e-01,-1.85216222e+00,-2.02509711e+00,-4.19723118e+00,-2.75551440e+00,-2.21007401e+00,-1.91697997e+00,-9.03947769e-02,1.08135586e+00,6.74455351e-01,1.11330929e+00,-2.81651766e+00,4.74200227e-01,1.65915139e+00,-3.28185843e+00,-2.90917738e+00,-2.01708322e+00,-1.33545160e+00,6.54978727e-01,1.85229095e-01,-1.64602293e+00,1.46863980e+00,-9.88252090e-01,2.71451061e+00,-4.05576288e+00,2.90075737e+00,-4.49418181e-01,-2.35407952e+00,-1.02440652e+00,-1.94131961e-01,1.88749574e+00,-3.28455570e+00,-4.85740964e-01,-8.22903077e-01,2.14577090e+00,3.83879188e+00,-4.99775548e+00,4.42850741e+00,1.75411697e+00,-3.56758827e+00,-1.58970067e+00,3.70467174e+00,2.96464526e+00,-1.08650125e+00,-3.09069221e-01,6.91503442e-01,3.42155525e+00,-2.68310506e+00,6.85885086e-01,-1.49180045e-01,1.53387775e+00,-3.36075049e+00,-9.45153292e-02,-1.40309056e+00,2.13030038e+00,1.79313510e+00,-4.46224119e+00,-2.27038347e+00,-1.17208479e+00,-1.77395033e+00,-5.19494836e-01,-8.55679979e-01,2.36984322e+00,1.89589346e+00,-1.23273897e-01,-1.75626939e+00,-4.36044657e+00,2.49689460e+00,-2.27360568e+00,-1.55518003e+00,4.56879792e-01,-1.66247970e+00,-1.86315490e+00,-1.54465598e+00,-2.34069921e+00,-9.50864465e-01,-2.07167447e+00,2.60199811e+00,2.77768563e+00,-4.25204558e-01,-9.50904899e-01,-2.57281973e-01,1.80135600e+00,-3.99085533e+00,-8.52574012e-01,2.78247161e+00,3.30711382e+00,-8.55022522e-01,2.53435328e-01,2.39184091e+00,8.70449443e-01,6.29449156e-02,-1.63858533e+00,8.52467222e-01,-1.50355417e+00,-6.00507537e-01,-8.62490299e-01,-7.90068685e-01,1.21115949e+00,4.08849893e+00,-3.88113028e-01,1.39710665e-01,-4.30824621e+00,-8.44310905e-01,-1.66670896e+00,-7.71340423e-02,-2.03781638e+00,3.87246843e+00,4.17698748e+00,9.28301733e-01,-1.12211173e+00,8.44897954e-01,1.23220051e+00,-2.13714105e+00,-5.98438415e-01,7.03605842e-01,5.17706812e-01,2.30081349e+00,1.73829908e+00,-7.72239924e-01,1.19264369e+00,-4.81407890e+00,-7.29762021e-02,4.27957299e+00,9.42411875e-01,1.14266135e-01,1.25789784e+00,-1.07156908e+00,4.35536188e+00,-9.33281935e-01,3.96253394e+00,1.83842438e+00,-2.42202706e+00,1.59960182e+00,-1.30643342e+00,-3.17183803e+00,-4.33551131e-01,-2.55381363e+00,-2.73019051e+00,-2.33000945e-03,1.60093422e+00,-5.37485796e-01,-1.77637226e+00,3.39432898e-01,-3.18656716e+00,-1.12549507e-01,-4.36963648e+00,2.38435914e+00,2.82568859e-03,-2.23316175e+00,-1.12681792e+00,9.21886538e-01,-1.72205676e+00,-1.97258816e+00,4.25588362e+00,-1.22953783e+00,-2.09164504e+00,1.72385462e+00,-1.06762441e+00,2.41616417e+00,8.71131245e-02,6.85567760e-02,5.12865007e+00,-6.55516378e-01,-1.62631315e+00,-1.73175804e+00,-2.68898049e+00,-1.82006137e+00,9.84616553e-01,1.49784620e+00,1.28623860e+00,3.41003953e+00,3.50600835e-02,1.06316972e+00,-2.95320411e+00,-1.07619121e-01,-1.07826905e+00,-1.78397800e+00,1.06498341e-01,1.45008930e+00,1.94931560e+00,-1.82771460e-01,5.12766073e-01,1.54834852e+00,1.84275420e+00,-8.28160962e-01,-4.38681946e-01,-5.86010855e-02,-1.36198230e+00,-4.33818538e-01,-1.56762692e+00,3.61782013e+00,3.13682725e+00,-1.35302195e+00,8.18713960e-01,-3.58067152e-01,-1.40730498e+00,1.61351989e+00,-4.87678373e-01,1.40557419e+00,-2.26279948e+00,8.26557074e-01,-6.29392489e-01,-2.51150417e+00,-1.39034387e+00,1.12495592e+00,-4.71792606e+00,1.55012006e+00,2.12717071e+00,-3.97787162e-01,-3.24583549e-01,-1.57924657e-01,9.30162949e-01,-1.79376102e+00,1.75552231e+00,1.28432137e+00,-4.85215489e+00,-1.56384137e+00,1.17621619e+00,-3.36224324e-01,2.17854025e+00,-2.86919934e+00,-6.39241322e-01,-1.89261781e+00,-6.17773744e+00,3.72451260e+00,-2.58291970e+00,-3.07936514e+00,4.78393669e-01,5.98554827e+00,1.94212648e-01,-1.48870098e+00,-1.95439399e-02,2.97601629e-03,-4.00903686e+00,-2.58584599e+00,4.05780445e+00,-8.12232489e-01,-1.68859165e+00,2.64645923e+00,-1.54054420e+00,1.47555638e+00,2.56833991e+00,-2.42609501e+00,-1.22363658e+00,-1.18311151e+00,-8.54536184e-01,-1.05905129e+00,-8.77765990e-01,7.43712719e-01,-1.62765324e+00,1.44563529e+00,2.73923761e+00,-2.53781084e-01,-9.77052211e-01,8.30425890e-01,2.60490196e+00,2.30749249e+00,4.75707671e-01,-3.98061313e-01,-4.48098993e-01,-2.51874347e+00,2.09702150e+00,-1.11387639e+00,8.69638409e-01,-9.75468758e-01,1.26459058e+00,7.45013999e-01,-3.78049858e+00,-1.50724791e+00,-3.67867137e+00,-1.53802243e+00,4.71932448e-02,-7.58414806e-01,1.53628880e+00,-1.37106861e+00,1.58803667e-01,3.05546498e-01,3.36861863e+00,1.69667592e+00,-1.25303309e+00,-3.95525747e-01,6.85596451e-01,1.81577962e+00,-1.54023222e-02,2.86013457e+00,1.35228393e+00,4.24635704e+00,2.76540430e-01,3.31205104e+00,-9.80679575e-01,-1.74787781e+00,3.26650367e-01,4.91017478e-02,1.13838742e+00,-9.23627706e-01,-6.21496774e-01,1.19700426e+00,-2.44063646e+00,-2.62413063e+00,3.47956610e+00,-4.91075446e-01,-1.94588351e+00,-3.57242081e-01,-7.04234843e-01,1.96392010e+00,1.79343297e+00,-1.18458879e+00,1.83283209e-02,-1.27713181e+00,-1.80014062e+00,-8.09055407e-01,-4.32126373e+00,8.36889023e-02,-3.25066570e+00,-2.64006049e+00,-1.94788376e+00,1.01100261e+00,-1.87830841e+00,9.81176138e-01,-3.04618275e+00,1.47895534e-02,-1.77293079e+00,1.92061987e-01,3.89664246e-01,1.86489288e+00,-1.26267913e+00,-9.26474274e-01,1.45164449e+00,3.12292602e+00,1.40544871e+00,5.85242429e-01,-3.55032542e+00,-9.32000980e-01,-1.45788696e+00,-3.09342689e+00,2.31897740e+00,-1.85348920e+00,-2.46530328e-01,-1.59998359e+00,-4.74648437e+00,2.55923518e+00,-1.12729444e+00,1.98769359e+00,-3.47728451e+00,3.18651942e+00,1.11274137e-02,-1.26828395e+00,4.17236154e-01,-1.07401811e+00,-3.36596666e+00,8.47489481e-01,1.89917664e+00,-4.73232307e-02,-1.48083480e+00,-7.51040898e-01,1.01913957e+00,1.63277774e+00,2.96870936e+00,1.35344827e+00,-9.23139646e-01,4.56362318e+00,8.79512604e-01,2.31777576e+00,-8.43286572e-01,1.22355004e+00,1.02445096e+00,-3.27511408e+00,-9.84230585e-01,-1.83541767e+00,-1.96992442e+00,-4.73070200e-01,-5.14604565e-01,-2.26226015e+00,-5.36553374e+00,-1.25482091e+00,7.88881759e-01,-2.79529830e-02,6.87134481e-01,1.90122001e+00,4.20942694e-01,1.25838992e+00,-2.05377698e+00,2.31041247e+00,-1.65524576e+00,-3.35791200e+00,5.02388977e-01,-1.83482632e+00,-1.95167028e+00,-7.68811813e+00,-5.85600774e-01,4.04155060e+00,1.96994639e+00,-8.24406245e-01,-2.33726749e-01,1.79489844e+00,2.94980757e+00,-2.11949479e+00,-2.27978679e-01,-1.56704655e+00,-1.78762969e+00,-1.53185395e+00,4.06120914e-01,3.26338927e+00,-3.21041711e+00,-2.51230413e+00,9.64394024e-02,-5.54996750e-01,-9.60476170e-01,-4.22031662e+00,3.04544698e+00,1.23614289e+00,1.15754458e-01,2.33434568e+00,-1.51607722e+00,1.64415091e+00,1.21829972e+00,7.14874224e-02,-4.06027479e-01,5.35451425e-01,-6.78373560e-01,2.13123262e+00,-1.90778878e+00,1.98199818e+00,4.93959377e-01,8.69331012e-01,1.16394106e+00,-3.82167935e+00,4.98754961e-01,-3.32551708e+00,-2.33070767e+00,-2.25234934e+00,-2.44182918e+00,4.05513476e-01,9.04837629e-01,2.20992762e+00,3.93979180e-01,7.49005058e-01,-3.40389687e+00,-1.22722021e+00,1.69376962e+00,-2.62625848e-02,-1.11018020e-01,-3.76440860e-01,1.57229363e+00,-4.46990731e+00,5.39165987e-01,1.04804564e+00,1.94313845e+00,1.60265899e+00,-2.65363437e+00,7.39198290e-01,4.62998910e-01,2.74937201e-01,1.31958948e-01,-1.40154565e+00,-1.87576425e+00,7.41621288e-01,2.97268854e+00,-5.63953297e-01,4.83338011e-01,5.24736059e-01,-1.40204984e+00,-1.39756422e+00,-5.58657930e+00,-1.94089492e+00,-2.80994405e+00,-6.51782530e-01,-3.28769257e+00,3.76573093e+00,-1.75136935e+00,-2.58478476e+00,-7.79293272e+00,3.16805186e+00,7.63454812e-01,2.81888825e-01,-2.96297970e+00,3.78077083e-01,-8.92022392e-01,-1.48038161e+00,6.39341739e-02,1.67435003e+00,3.97131578e-01,-7.63932539e-01,3.45264243e-02,1.14537204e-01,5.12790011e-01,-3.38420999e+00,3.44196378e+00,-1.82804317e+00,-1.35906791e+00,-2.23921492e+00,-5.04894179e+00,1.06506160e-01,-2.43008013e+00,-9.82595710e-01,1.67434599e+00,-9.55840038e-01,-2.15691922e-01,-4.35123934e-01,-1.18874797e+00,-1.17375369e-02,2.69350229e+00,-2.64651471e+00,4.72530376e+00,-1.21747347e+00,1.70559042e+00,-5.51464309e-01,4.63972293e-01,-5.39639535e-01,2.03133002e+00,2.89786136e+00,8.62676464e-01,2.25384722e+00,-1.40103549e+00,-2.87494467e-01,-1.27330854e+00,3.19390315e+00,3.01972720e+00,2.13175762e+00,-6.46065325e-01,-1.09847238e+00,1.15021573e+00,-1.35481927e+00,-9.38826897e-01,-2.65278995e-01,-1.67165333e+00,2.34189450e+00,-6.38437821e-01,1.51961796e+00,9.17162162e-01,7.55656872e-01,-1.51551971e+00,1.38708462e+00,-6.77701064e-01,-6.19805325e-01,8.15230542e-03,-2.57133916e+00,3.80880519e+00,-1.16095805e+00,1.50340934e-01,1.00786396e+00,1.08985199e+00,3.67355912e+00,-8.79326029e-01,3.61554692e+00,3.22335613e+00,-4.81128618e+00,8.65247115e-02,-8.09301720e-01,7.07585543e-01,4.88488456e-01,6.42107078e-01,2.97612253e+00,4.47360327e+00,-3.70771487e+00,3.86094786e+00,-4.53516686e+00,-3.93446413e+00,-6.09152723e-01,3.26416097e-02,3.70974922e+00,1.95367966e+00,-7.00061173e-01,-4.01393432e+00,3.01926803e+00,-2.02123295e+00,-1.59433933e-01,-4.05143063e-01,5.97691811e+00,-9.79800336e-01,-5.08916094e+00,1.27492334e+00,-7.29634614e+00,6.27523168e-01,-1.80153508e+00,-8.08032290e-01,-9.49760364e-01,-2.60912092e+00,1.65131315e+00,-1.67678843e+00,-1.71599078e-01,-3.81732886e+00,4.27897586e-02,-2.31379147e+00,-3.69401581e+00,-5.41032195e+00,7.47009913e-01,-1.65999229e+00,9.88924660e-02,-5.22204350e-01,-4.15644389e+00,-2.89809874e+00,-2.95035783e+00,-2.76763532e+00,2.56857146e+00,2.38836436e-01,-2.12279815e+00,-1.24908254e+00,-1.43569975e+00,1.90996841e+00,-1.24249032e+00,-3.23940050e-01,-1.60967982e+00,-1.74288568e+00,-1.89782328e+00,1.74983759e+00,-5.51538365e-01,-4.27427799e+00,3.66615206e+00,2.00362753e+00,1.76055202e-01,-3.93562319e+00,-3.55829963e+00,3.72657129e-01,3.55521581e-01,-1.63506741e+00,-2.08368133e+00,1.69867843e+00,-6.65118784e-02,1.23420971e+00,2.37872359e+00,1.71601207e+00,1.13293344e+00,9.57406478e-01,-1.18094658e+00,-7.22571792e-01,-8.71051136e-01,-1.86623080e+00,-2.13380463e+00,-2.81059960e+00,-1.62877393e+00,-4.16690321e-01,-3.90736259e+00,-4.50275659e-01,1.86162418e+00,-3.69779934e+00,1.69321189e+00,1.68000860e+00,-3.28206696e+00,-2.60328787e+00,-9.74904277e-01,4.83646978e-01,-2.02692113e+00,3.55697060e+00,3.01514021e+00,-3.97927712e+00,2.23967359e+00,1.70772651e+00,6.85161731e-01,7.90468717e-01,-2.02068589e+00,-7.45275131e-01,1.32745231e-01,9.05111990e-01,1.97578307e+00,-2.70834351e+00,-4.26672581e-01,6.98905402e-01,5.52546514e-01,-1.65079703e+00,1.20972537e+00,-1.23574104e+00,-1.04369278e+00,1.24073925e-01,-3.03452351e+00,-1.26506712e-01,-8.12913898e-01,-4.34220004e-01,5.30935330e-01,-2.52704888e+00,2.65741315e+00,-1.28471251e+00,-6.13792754e+00,-4.08483864e+00,1.65997112e+00,-1.69150879e+00,-7.20232010e-01,-1.05267015e+00,-8.43094162e-01,-4.88924905e+00,-3.09949408e-01,-3.04890618e+00,-1.38405355e+00,8.93095127e-01,3.91757812e+00,2.11741759e-01,1.66190851e-02,2.70156682e+00,-2.65494214e+00,1.38177833e+00,2.18520678e-01,-2.45008306e+00,-1.35752676e+00,8.27033880e-01,6.92905328e-02,8.13681299e-01,4.91788410e-01,-9.44932036e-01,-1.65496102e+00,-2.30252596e+00,2.23509536e+00,-3.15845796e+00,-2.51783657e+00,5.64090434e-01,-4.05593542e+00,1.18785341e+00,2.62878873e+00,-6.84128527e-01,6.58131315e-01,-1.66353040e+00,-9.74040558e-01,2.55192657e-01,1.71273490e+00,-1.62174210e+00,1.02008374e+00,-7.14933982e-01,1.02213316e-01,1.20670209e+00,9.23884325e-01,-6.81829234e-01,-1.31783371e-01,2.78711966e-01,1.51062362e+00,-3.24717323e+00,2.59112351e-01,2.25034846e+00,-4.33928096e+00,1.52432917e+00,-5.34905422e+00,-4.62103396e-01,-6.49427139e-01,-6.26061659e-01,-4.92061362e-01,-1.35771471e+00,-1.52088874e-01,2.46856581e-01,-1.25115413e+00,6.40117033e-01,4.43681417e+00,-2.58823243e+00,-1.20396674e+00,1.97154198e+00,1.04590476e+00,2.12839123e+00,8.44606326e-01,1.01491074e+00,-7.41427211e-01,-2.27844466e+00,-2.39946768e+00,-1.28252294e+00,3.09107423e-01,-1.94262007e+00,-4.50089981e-01,1.82313903e-01,9.07438797e-01,-2.90691249e-01,2.94212076e+00,-2.80019537e+00,-3.76669547e-01,-3.32122459e-01,1.30884252e+00,-1.92246166e+00,-1.18666979e+00,6.66300922e-01,2.32600761e+00,3.45876593e+00,1.67490524e+00,2.13370767e+00,-1.15661557e+00,3.20370531e+00,2.85956260e+00,-2.45710397e-01,1.27122010e+00,1.69226155e+00,-7.03325617e-01,6.45031032e-01,3.02688409e+00,-1.21346963e+00,-6.07302497e-01,-3.10942629e+00,9.36044565e-01,-7.47840272e-01,9.60814812e-01,8.57472134e-02,-1.82085225e+00,2.51857050e+00,1.76426316e+00,-1.26688166e+00,6.74849542e-01,-2.95301578e+00,-2.66582809e+00,9.03233381e-01,-3.09357202e+00,-1.43055896e+00,-2.11180334e-01,4.22847922e+00,-8.35245465e-01,-8.48342175e-01,-7.74872223e-01,5.52192770e+00,8.27013433e-01,-1.82209295e+00,3.52403119e+00,3.01792678e+00,1.51429300e+00,3.82080582e+00,3.79925955e+00,-3.08866480e-01,-1.25831468e+00,-1.72990116e+00,1.27209537e+00,1.63579686e+00,-4.15649546e-01,-1.01766615e+00,-2.85688431e+00,-9.35527968e-01,-2.19106848e+00,1.28110910e+00,9.43503443e-01,2.74201529e+00,6.01474282e-01,-1.29307475e+00,-2.67430855e-01,1.84388895e+00,7.37641108e-01,2.98693020e+00,2.80509414e+00,-4.17253576e-01,-3.67098658e-01,-4.54842565e+00,2.31692362e+00,-2.77401086e-01,2.89314724e+00,-1.38858229e+00,-3.03466479e+00,7.62115563e-01,3.29697334e+00,-1.17530035e+00,3.15590021e+00,-3.43045049e+00,-1.18978195e+00,-4.05384433e+00,7.00902744e-01,3.79798550e-01,2.21373616e-01,-3.00147293e+00,4.36458166e+00,2.67804689e+00,3.67915710e-01,-2.41786987e+00,1.15286535e+00,-1.08301370e+00,-7.08838478e-01,-1.07409554e+00,9.37679127e-01,-8.11224616e-01,-8.31795579e-01,1.13986623e+00,1.08023320e+00,-4.12277656e+00,8.96990837e-01,3.11065800e+00,1.96768868e+00,-5.98605645e-01,4.01606675e-02,-1.80069274e+00,2.60611334e+00,5.13326665e-01,-3.71152011e-01,-3.84385792e-01,4.89345072e+00,-7.32988646e-02,1.05075996e+00,3.51034478e+00,4.49005238e+00,2.73437130e+00,2.05108792e+00,-2.87018536e+00,-2.24659257e+00,1.46060286e+00,3.38512104e-01,1.48776433e+00,4.94521914e-01,3.20575346e+00,-3.70996049e+00,-2.31931627e+00,-5.51880896e-01,-3.97494287e+00,6.53430796e-01,1.93869501e+00,1.32595943e-01,-1.12087391e+00,1.11998723e+00,6.51636190e+00,1.45421157e+00,6.20280162e-01,-2.16952162e+00,-2.84708572e+00,-1.03037406e+00,1.40354835e+00,-1.81286050e-01,1.36498693e+00,1.85277482e+00,-2.85293407e+00,1.15435320e+00,1.87947672e+00,2.58227235e+00,-5.35292964e-01,-4.35439382e-02,-4.11692462e-01,-2.16945556e+00,-3.66775301e+00,3.43227560e+00,-2.70188496e-01,-2.43428149e+00,2.67918520e-01,-1.41818662e+00,4.22427156e+00,-1.12645782e+00,-1.85907588e+00,2.05747093e+00,-5.55269735e-01,1.96001067e+00,2.61253323e-01,4.42998278e+00,2.18406812e+00,3.55280992e-01,-1.69812748e+00,1.15619825e+00,-2.46585883e+00,-2.18226273e-01,3.18359708e+00,-1.19973405e+00,-1.98571784e+00,-1.05116975e+00,2.55512143e+00,2.93525450e-01,-3.94872428e+00,1.74626149e+00,4.00697075e-01,5.41778601e-01,-2.56963597e+00,4.68040135e-01,1.54931136e+00,2.19482138e+00,2.98248659e+00,1.65144421e+00,1.20945816e-01,-2.68040387e+00,-2.18373950e+00,-3.10329129e+00,-4.90072088e-01,1.85881866e+00,-3.13183634e-01,2.71134200e+00,-1.40999351e+00,7.64605760e-01,-1.20488279e+00,-1.27010648e+00,2.72161188e+00,3.33717178e-01,2.77393167e+00,1.84793922e-01,1.12166403e+00,-6.85618714e-01,2.59965323e+00,-7.06614815e-01,6.89993909e-02,-3.80441727e+00,-5.25627722e-01,3.31734020e+00,3.25123975e+00,9.68191895e-01,-3.27545834e-01,2.90208087e-01,-1.11880748e+00,-5.99932070e-01,4.17894591e+00,4.95488098e-01,-9.88967878e-01,-5.02723651e+00,-2.13709004e+00,-1.83399501e+00,-2.56725922e+00,-2.90752141e+00,-3.43676638e+00,-2.13714799e+00,-1.66155385e+00,-2.02449884e+00,2.22373298e+00,-1.18921362e+00,-4.27965208e+00,2.11317772e+00,-1.66187825e+00,-3.51128822e+00,4.81762886e+00,-1.16676196e+00,8.65493163e-01,2.05075835e+00,6.65095482e-01,1.27470589e+00,7.29839066e-02,8.65986768e-02,-7.46999549e-01,-3.44401987e+00,5.43598960e-01,-5.83193233e+00,3.42500532e+00,-1.93885579e+00,-8.59052224e-01,-8.56327498e-01,1.00836233e+00,-1.07207185e+00,1.34180170e+00,-2.54954587e+00,1.85725571e+00,2.07257890e+00,5.59646915e-01,5.52216105e-01,9.54554989e-01,2.53038792e-01,1.64573927e+00,-1.48631412e-01,-3.27834682e+00,3.45376700e-01,-1.53988129e+00,1.17656104e-01,2.75014059e+00,-4.01193405e+00,1.49892960e-01,1.37470161e-01,5.97586397e-01,1.36604060e+00,-7.16848247e-01,4.12050812e+00,1.67529866e+00,-5.67261473e-01,-4.02908991e-01,2.03131067e-01,3.81960372e+00,-2.43517021e+00,-4.96528669e+00,1.51461473e+00,-3.84003519e-01,-9.29718789e-01,7.47540031e-01,3.39009876e+00,1.85027401e+00,-8.36087178e-01,-2.70214978e+00,-6.53900125e-01,1.31622454e+00,-7.34626470e-01,-3.78947623e+00,-4.62632708e-01,-4.50191844e+00,-2.31482543e+00,4.13047688e+00,-2.41609514e+00,-3.14371693e+00,-2.70074711e+00,-1.94852735e+00,1.70652115e+00,3.89804086e+00,-5.65361955e-01,1.31649681e+00,-8.26840770e-01,-3.11980291e+00,2.78546076e+00,-2.18585949e+00,1.35591724e+00,1.16396441e+00,-5.86277186e-01,1.61883822e+00,1.77101527e+00,5.56421332e+00,-6.84971591e-01,-2.72836778e+00,-3.18624268e+00,-6.07194315e-01,-1.86325200e+00,4.76794969e+00,-2.55666516e+00,3.19527582e-01,2.31258368e-01,-9.72919172e-01,-3.86502712e+00,-4.02626204e-01,4.79933187e+00,8.69699362e-01,2.96586489e-01,-2.60912270e+00,-2.51781577e+00,-6.32965715e-01,2.31145796e+00,-1.22914110e+00,4.84045565e+00,-2.29512132e+00,5.59195203e-01,-8.68893476e-01,-3.12091525e+00,2.18431544e-01,-2.99112273e+00,-3.61221640e+00,1.98876939e-01,2.70914996e-02,2.15450867e+00,1.12407353e+00,-1.78714911e+00,1.01283695e+00,-4.05250442e+00,-2.34094618e+00,4.56342612e+00,-7.05558954e-02,-6.43347081e-01,-1.10418626e+00,2.28807974e-01,-5.20358850e-01,4.38400734e+00,2.07613894e+00,-4.79511452e-01,-3.60641533e-01,-1.90336694e+00,-4.01947077e-01,-2.94311494e+00,2.54472694e+00,3.09979146e-01,6.28039301e-01,7.88139833e-01,-5.76272664e-01,-1.06332948e+00,1.98174384e-01,-5.04098276e+00,-6.41944020e-01,-4.67038136e-01,-3.34816641e-01,2.31646450e+00,3.06351296e+00,9.25563736e-01,-4.42743452e+00,3.15410280e+00,-1.32086505e+00,-1.60611625e+00,-3.99473833e+00,-1.62603051e+00,2.82494664e+00,1.56440143e+00,8.43170185e-01,1.46830891e+00,-2.66384373e+00,-2.07159834e+00,3.12115859e+00,2.01000260e+00,2.26083427e+00,4.67242855e-01,5.61377528e-01,2.59971836e+00,4.53240653e+00,-1.13135428e+00,1.57489259e+00,-1.04540992e+00,-1.97681823e+00,-1.56271465e+00,-1.44727224e+00,-6.58508760e-01,-2.23273289e+00,-9.94570970e-01,-6.13265351e+00,1.87033599e+00,1.40246138e+00,-1.13389553e-01,-1.40962555e+00,-5.88757992e-01,-2.71134551e+00,4.36924749e-01,3.78077628e+00,-1.09661565e+00,-9.64840315e-01,7.13814238e-01,-2.55677489e+00,4.26881943e+00,7.44535057e-01,4.87967643e-01,2.41571493e+00,-2.69192302e-01,2.82897832e+00,8.71000760e-01,-3.31783184e-01,6.51416619e-01,-4.37154070e-01,3.56834681e+00,3.68098633e-01,8.91468217e-01,-5.01596393e-01,4.12750683e-01,-4.43470463e+00,-1.38893343e+00,-2.43722795e+00,2.40615405e+00,-1.78955680e+00,-2.79400605e+00,2.42210007e+00,-6.78344367e-01,2.20916688e+00,-3.95259685e+00,9.65287847e-01,8.58657257e-02,4.36836240e-01,-7.36791777e-01,-2.28142548e-01,2.32095114e+00,8.06236091e-02,-2.34447925e+00,-1.26885371e+00,8.30739615e-01,-5.82501754e+00,-4.27358946e+00,2.29999735e-01,6.57232089e-01,-2.55891194e+00,1.04756743e-01,5.26523253e+00,1.10140566e+00,-2.85465675e+00,2.16371834e-01,-3.51909204e-01,7.47115396e-01,-1.74243895e+00,1.13022551e+00,1.15182141e+00,-2.44171174e-01,5.18351099e+00,-5.65862568e-01,-1.21709346e+00,1.03104966e+00,2.38918878e+00,-1.56021489e+00,1.04802776e-01,4.82534463e+00,-1.88983668e-01,2.38751716e+00,7.82279470e-01,-2.70032408e-01,-8.52922469e-01,2.08590840e+00,-2.49074199e+00,-1.54772219e-01,-9.99965823e-01,-1.92172112e+00,5.44592433e-01,1.22811501e+00,-8.15135780e-02,-2.20215336e-02,-1.90012655e+00,6.85394852e-01,-3.06785417e-01,-9.12302623e-01,-9.35753282e-01,8.47307336e-01,-9.21400073e-02,-1.84143331e+00,-4.97434731e+00,1.88008876e-01,8.42187509e-01,-1.86635747e+00,-1.35865650e+00,3.83928091e+00,5.09706683e-01,1.72422964e+00,2.94338915e-01,1.50060444e+00,2.58893669e-02,-1.81405439e+00,-4.57396128e-01,3.33735672e-01,1.25790472e+00,3.30538614e+00,2.39318364e+00,-1.22904364e-01,5.43550276e-01,2.99456541e+00,1.16605322e+00,-3.57963120e+00,-1.36575444e+00,7.27584689e-01,4.03161162e-01,1.10313030e+00,-2.56424730e+00,3.04596122e-02,1.81744033e+00,2.29567049e+00,-1.89226602e+00,-1.53174741e-01,4.05977477e-03,-8.33462727e-01,-1.18514016e+00,-5.24851187e-01,-5.31689972e-01,5.48336380e-01,1.98285786e+00,-1.30271655e+00,4.15619370e+00,1.20305229e+00,1.03579160e+00,1.99843020e+00,1.26532131e+00,1.77299250e+00,2.61907625e+00,-2.19562915e+00,3.07292963e+00,-5.45372648e+00,1.44099217e+00,-4.89655494e+00,3.77257756e+00,3.52685071e+00,-3.95292007e-01,-2.21777680e+00,-2.24479292e+00,-2.77872974e+00,-3.28528803e+00,2.39315555e+00,1.96106559e+00,1.01283546e+00,1.57942682e+00,1.96988868e+00,-2.00700045e+00,-6.96294831e-01,2.83045672e+00,-6.63437174e-01,2.57003065e+00,3.67242364e+00,-2.80216849e-01,-3.64609754e+00,2.90245861e-01,8.05637878e-02,-2.89860101e-01,-4.86025899e-02,-3.20397465e+00,-5.11881276e-01,7.62407168e-01,7.20660360e-01,2.36259426e+00,-1.88033228e+00,2.80189960e+00,-1.92414226e+00,1.21885753e+00,1.96886383e+00]
