name = '*C_19'
composition = {'H':0, 'C':1, 'N':0, 'O':0, 'Pt':1}
facet = ['Ni211']
coverage = 1
DFT_energy = [-86.0662, 'eV']
ZPE_energy = [0.098, 'eV']
frequencies = [301.4, 638.0, 646.3, 'cm-1']
gas_DFT_energy = [0.838587, 'eV']
gas_ZPE_energy = [0, 'eV']
sites = 1
BEE = [-4.95092488e+02, -3.94920019e+01, -1.14886059e+02,  3.83759076e+02,    -1.81082951e+02, -1.59123595e+02, -3.37554185e+02, -7.53745398e+02,    -3.61683487e+02, -4.05112211e+02, -3.29748270e+02,  3.85680832e+01,     1.20191579e+01,  2.63651527e+01,  2.64706344e+01,  3.99261124e+02,    -1.76613678e+02, -1.56759364e+02,  1.48037879e+02, -9.41652845e+02,     4.95675348e+02, -2.26921379e+02, -4.32361515e+01, -1.02235197e+02,    -4.88863019e+01, -4.95880040e+01,  7.31958952e+02, -1.79938270e+02,    -7.01684735e+01, -4.45101234e+02,  6.56151787e+02, -1.16675931e+02,    -3.30253163e+02,  2.03659588e+02, -3.60296337e+01,  1.64594473e+02,    -2.70670480e+01,  6.08797190e+01,  2.30484644e+02, -8.62651120e+02,     4.58664005e+02,  1.08628445e+02, -4.81325129e+01, -2.86401382e+02,     9.52130033e+01, -1.52602407e+02,  3.71153732e+02,  3.13346881e+02,    -2.33891146e+02, -2.47542550e+02, -2.53021781e+02, -2.86422602e+02,     9.54911317e+01, -4.21043629e+02,  1.15581307e+02,  5.07536423e+02,     5.78835043e+02,  2.94521872e+02,  1.36420500e+02,  2.31603218e+02,     7.59191173e+02,  1.78926383e+02, -4.66846749e+02, -1.05236931e+02,    -1.99047909e+02,  5.17325361e+02, -6.34821114e+02, -5.30841268e+02,    -2.28655263e+02, -8.14318757e+01, -3.71706655e+02,  2.26686997e+02,     8.12615700e+01,  1.10695888e+02, -3.26425497e+02, -2.94889820e+02,    -4.76917132e+02,  3.18099468e+02, -2.76813625e+02,  2.22276373e+02,    -5.53861347e+01, -2.48674857e+02, -4.93948616e+02, -1.47366382e+02,    -9.55829040e+01, -1.35111746e+02,  3.33423346e+02,  5.98507485e+02,    -3.57053609e+02, -6.77970359e+02, -1.68344799e+02,  9.38746313e+02,    -4.83505545e+02,  2.80712117e+02, -8.93893758e+01, -5.26400642e+02,     2.03583922e+02,  3.23695346e+02, -1.48512241e+02,  2.98832145e+02,    -2.27163993e+02, -4.33304016e+02,  7.52744735e+02,  3.93790029e+02,     2.63350313e+02,  1.24229757e+02,  2.07480873e+02,  6.89501251e+02,    -2.10273591e+02,  4.90108754e+01, -1.16987937e+03,  1.56153298e+02,    -5.77506554e+02,  1.22679959e+02,  1.82475637e+02, -2.88482645e+02,    -4.53352711e+02,  5.34897366e+01, -2.48434666e+02,  2.99918028e+02,    -4.30213887e+02, -2.18093861e+01, -3.00133003e+02, -3.55222896e+01,    -2.81854141e+01,  1.41872907e+02,  1.09331091e+01, -5.05196322e+01,     5.10852200e+02,  7.71723894e+02,  4.04200729e+02,  6.61474097e+02,    -1.00825823e+02,  1.15061146e+02,  4.64190226e+02, -7.75576803e+01,    -6.45562044e+02, -3.15884908e+02, -4.23993308e+02, -2.42698529e+02,     2.36791787e+02, -9.96225448e+02, -1.63178139e+02,  3.63049871e+02,    -3.08020106e+02, -3.11674524e+02,  4.57317213e+02,  3.71641983e+02,    -2.92568884e+02,  1.62139309e+02, -2.07563657e+02,  2.93966806e+02,     3.32886247e+01,  1.29892397e+02, -7.34145150e+02, -4.10290406e+02,    -6.47966165e+01,  3.26001682e+00, -3.26484401e+02,  9.01140054e+02,    -1.88569355e+02, -2.84270987e+02,  3.18100591e+02, -4.06038068e+02,    -2.75394425e+02,  2.58562366e+02,  9.33596266e+01,  1.09598013e+02,     1.01748327e+02, -9.53933626e+01,  1.64816083e+02,  4.92391018e+02,    -2.50304764e+02,  1.45843723e+02,  7.68882675e+02,  2.83199544e+02,    -7.38735242e+01, -1.61840774e+02,  1.30057566e+03, -1.48001858e+02,     2.98338317e+02,  1.82632595e+02,  2.91831428e+02,  7.51498638e+02,     4.22243205e+02, -2.47716524e+01,  1.91171210e+02,  3.99380489e+02,     3.28553546e+02, -4.69203377e+02,  7.90185986e+02, -7.03462481e+02,    -1.50317510e+02,  4.86315953e+02,  6.98921503e+01,  5.86045627e+01,     2.65394837e+02,  2.07454759e+02,  3.02956195e+02, -5.40288589e+02,     4.28812040e+01, -2.31464994e+02, -9.27733497e+01, -2.84675086e+01,    -7.49028548e+01, -4.66581839e+01,  6.91711620e+02, -7.19518882e+01,    -2.34193427e+02, -1.91709671e+01,  9.86042790e+01, -4.97332489e+02,    -3.76926126e+02, -3.08363514e+02, -5.33255007e+02, -1.39350780e+02,    -3.52050470e+02,  1.63974419e+02, -1.02734293e+01, -8.95148254e+01,    -7.24557779e+01,  5.53392069e+01, -1.70332094e+02,  5.65863978e+02,    -6.93524442e+02, -1.36649565e+02, -1.33181879e+02,  1.42356267e+02,     1.55309401e+02, -3.90831032e+02, -1.55697459e+02,  3.53243136e+02,    -1.89019480e+02,  1.33861952e+02,  3.12654320e+02, -3.61370972e+01,     9.55918165e+02, -1.75351573e+02, -2.72252975e+02,  5.52837770e+01,    -1.91186453e+02,  4.49419932e+02, -3.03235614e+02,  7.14777412e+01,     5.30722211e+02, -1.10729025e+02,  1.01676818e+03,  1.08516296e+03,    -5.54578240e+02,  4.91254725e+02,  1.40863365e+02, -4.51797211e+02,     1.49025039e+02,  3.05673680e+02,  3.20501944e+02,  1.99888990e+01,     9.87747876e+01,  6.00771819e+02, -1.95092895e+02,  1.38264775e+02,     6.44816169e+02, -3.16030071e+02, -1.25127718e+02,  4.39589549e+02,     2.26343530e+02,  6.45308461e+02,  2.16234905e+02,  5.63899522e+01,     2.22126190e+02,  3.28101770e+02, -4.08234611e+02,  2.82705121e+01,     1.53846423e+02,  1.04135347e+02,  1.85058245e+02, -4.95176132e+02,     2.90603531e+02, -3.76588903e+02, -2.66905871e+02,  1.47766713e+02,    -1.19969521e+02,  4.63030577e+02, -2.06313624e+02,  2.45369086e+02,     2.76453579e+02,  6.73856990e+02,  4.69168019e+02,  4.00220605e+02,    -7.57570361e+01, -5.71854219e+01, -2.67368345e+02,  6.47049803e+02,     6.64434717e+02,  3.15617219e+02, -1.93929197e+02,  4.25522482e+02,    -7.69660613e+01,  1.79922418e+02,  5.25115920e+02,  7.12098533e+00,    -6.52085408e+01, -2.10426536e+02, -4.47982195e+02,  8.19333476e+02,     3.80325261e+02, -4.72004038e+02, -1.30264205e+02,  2.35921259e+02,    -8.92285398e+01,  5.26120989e+02,  1.03360242e+02,  6.72933471e+02,     2.61082094e+02, -2.41030358e+02,  2.10531561e+02, -3.56103586e+01,    -2.69750701e+02,  1.42006703e+02,  1.59426147e+02,  7.66580852e+02,     6.75243121e+02,  4.43788651e+02,  5.89617063e+02,  6.09371703e+01,    -2.31687570e+02,  1.32351349e+02, -2.80868822e+02, -4.26501608e+02,    -4.89202983e+02, -2.29739966e+02, -9.09608599e+02, -2.61755610e+02,    -7.20266792e+02,  1.80878699e+02, -3.88538824e+02,  3.44348624e+02,    -8.06549022e+02, -2.73584826e+02,  4.18578870e+02,  1.89972409e+02,    -7.26622517e+02,  5.25457329e+02, -2.03527025e+02,  4.39502537e+02,    -2.17187207e+02, -6.65618847e+02,  1.02365288e+02, -5.36666604e+02,    -1.14414264e+02,  2.91660041e+00,  3.58719426e+02,  1.05525443e+03,    -3.84099045e+02, -2.95437556e+02, -1.86611417e+00, -1.18371650e+02,    -6.84553719e+02, -4.69491263e+02,  4.18138510e+02, -2.15070786e+02,     1.41407976e+02, -4.10730875e+02, -1.25733664e+02, -3.38286630e+02,     4.52214109e+02,  1.30457276e+02, -1.88895621e+02, -1.12307558e+02,     8.45684136e+01, -7.04949309e+01,  3.66924782e+02, -2.11421980e+02,     4.21975680e+01,  2.89002047e+02,  1.48648978e+02, -1.46346512e+02,     1.30493940e+03,  4.55797485e+02,  2.83365672e+01,  8.96462696e+01,    -5.19549957e+02,  2.60397903e+02, -6.31277201e+02, -2.15854455e+02,    -4.63294777e+02, -1.60933782e+02,  4.67875486e+02, -4.75318326e+02,     1.51965660e+02, -2.29924996e+01,  2.77228986e+01, -3.14222563e+02,    -3.77096402e+02, -1.80625185e+00, -3.61691369e+02, -1.87110968e+02,    -3.44695861e+02, -8.82296738e+01, -3.02436121e+02, -4.32869298e+02,     1.89539671e+02, -1.46264555e+02,  1.77708451e+02,  8.56277703e+01,    -6.18652916e+02, -4.61870676e+02, -3.33315989e+02,  3.00533973e+02,    -8.17302656e+00, -5.32938553e+02,  4.89501466e+02, -3.34914144e+02,     4.60399672e+02, -2.53092881e+02, -4.09686671e+02,  2.24427931e+02,    -5.70790456e+02, -3.27171118e+02,  5.37603275e+02,  1.51915264e+02,    -3.39832416e+02,  4.40837090e+02, -1.43895727e+02, -3.17246569e+02,    -2.57747540e+02, -4.08537236e+02,  1.99207511e+02, -7.64635845e+02,    -7.01848692e+02, -8.12883199e+01, -2.54180697e+02, -4.63022972e+02,     6.06618362e+02,  1.11157458e+03, -2.79425080e+02, -2.71938454e+01,    -5.31539782e+02,  5.56545372e+02,  1.55364791e+02, -1.63756082e+02,    -3.25186280e+02,  1.42693876e+02, -5.12692464e+02, -1.70017823e+02,    -7.47822243e+02,  2.94101044e+02,  1.10996339e+02,  5.37762965e+00,    -5.73052906e+01, -2.86161884e+02, -7.46301521e+01,  1.07329059e+03,    -1.62686030e+02, -3.88216904e+02, -5.70620635e+02,  1.09289318e+02,    -3.01997435e+02,  7.40100136e+01,  2.45209271e+02,  5.66019946e+01,     2.36446046e+02,  1.00382672e+02,  5.02520311e+02,  2.60494787e+02,    -2.84894033e+02,  3.54738211e+02,  2.92587566e+02,  9.37451362e+01,     3.77033785e+02, -2.05975057e+02,  6.12471493e+02,  1.54976715e+02,    -2.53085705e+02, -4.85182016e+01, -1.61272813e+02,  2.03665534e+02,    -2.22455606e+02, -2.39190642e+01, -9.02868567e+01,  6.99559642e+02,     4.50449881e+02, -5.69382078e+02, -3.42878005e+01, -4.55136565e+02,    -1.48906091e+02, -1.91192011e+02,  6.18355633e+01, -1.22281532e+01,    -2.17647188e+02,  1.05827857e+02, -5.81154795e+01, -8.89493367e+01,     7.30958158e+02,  1.52958742e+02, -6.82447534e+02, -3.74076930e+02,     7.77278478e+02,  2.30991412e+02, -7.21214568e+01,  8.95457289e+02,    -1.56681512e+02, -9.60985524e+01, -4.87090298e+01,  1.13080107e+02,     2.38992023e+02,  3.44584710e+01,  2.25826068e+02, -1.34475952e+02,    -2.60692999e+02, -3.64578023e+02, -4.03377536e+02,  3.78693211e+02,     1.06668171e+02,  3.18209796e+02,  1.16261259e+02,  7.45600331e+02,     1.47826646e+02, -6.89924633e+02, -2.89234023e+02,  8.41330322e+01,    -2.33867883e+02,  5.22765254e+02, -1.04942626e+02,  1.55038019e+02,     4.19382725e+02, -6.17926963e+02,  1.25139728e+03,  1.63122929e+02,     2.00952753e+02,  2.94899068e+02,  6.80721883e+01, -6.22121642e+00,     3.04056193e+02, -2.98605552e+02,  6.87919175e+02,  5.93159798e+02,    -3.48699683e+02,  1.25291771e+02,  5.84442199e+02, -1.82642646e+02,     1.33895437e+02,  3.60815604e+02,  3.59615144e+02, -6.60230972e+02,    -1.17516765e+02, -2.96089491e+02, -2.53935596e+01, -3.45829075e+01,    -2.32947336e+01, -1.38090459e+02, -2.46837736e+02,  6.85466485e+01,     8.64630471e+01,  4.50255870e+02, -3.53625334e+02,  3.24481269e+02,     3.75756194e+02, -1.41164049e+02,  7.46819981e+02, -5.75101713e+02,    -8.86729653e+02, -5.57411908e+01, -7.04856183e+01,  5.69468159e-01,     6.63076359e+02, -6.19382839e+01,  3.41959573e+02,  4.00833861e+02,     3.19847186e+02, -8.91850422e+01,  5.32633974e+02, -1.34164694e+02,    -2.71263590e+02, -3.90254893e+02,  4.48213429e+01,  3.23971520e+02,    -4.28356046e+01,  3.22919063e+02, -2.60604315e+01,  5.38955598e+02,     1.68206300e+02,  7.49918211e+01, -4.70781200e+01,  2.85442111e+02,     3.17817257e+02,  1.68162145e+02, -6.62383533e+00, -4.50954926e+02,     2.52918492e+02,  1.66117185e+02,  3.10751638e+02,  2.61025874e+02,     2.97578137e+02, -4.98120830e+01,  2.26854654e+02, -2.06893979e+02,    -8.76850310e+00, -4.67652154e+02, -2.62040046e+02,  3.28686448e+02,    -7.61002803e+02,  2.47522833e+02,  1.43083954e+02,  6.95112669e+02,    -2.20692140e+02,  2.55635064e+02, -9.87112918e+01, -4.06471047e+02,    -6.05886555e+02, -6.75070846e+01, -7.38041986e+02,  1.36215302e+02,    -1.73732693e+02,  2.51506482e+02,  1.71154579e+02, -2.14149669e+02,    -2.09436313e+02,  3.24058129e+02, -5.03204378e+02, -1.02193979e+02,    -1.74966571e+02,  1.96184349e+02, -4.58886850e+01,  4.90424751e+01,    -1.81712683e+02,  4.78016140e+02, -3.98101140e+02,  8.13612705e+01,     5.03877132e+02, -2.87149281e+02,  1.50877233e+01, -3.23492389e+01,    -5.76308084e+02, -3.91188247e+02, -6.78135696e+01,  2.21022032e+02,     2.69867206e+02,  4.06019356e+01, -6.78176291e+01,  1.86021200e+02,    -3.79348755e+02,  2.87376493e+00, -4.22301214e+02, -2.30806589e+02,     3.94308426e+02, -2.46834585e+02,  5.37576553e+02, -1.77942104e+02,     2.95683229e+02,  2.14325950e+02, -5.22598604e+02, -2.40002140e+02,     7.19802612e+01, -3.34094253e+02, -2.93075154e+02, -7.27832953e+02,    -4.67539015e+02, -4.38751974e+02, -3.60598947e+02,  1.91240958e+01,     1.09657606e+02,  7.42340642e+00,  1.74724344e+02, -4.78304927e+02,     1.21216189e+02,  1.73308557e+02, -5.57527973e+02, -5.41325264e+02,    -3.44868773e+02, -1.94238137e+02,  1.64443471e+02,  7.88531345e+00,    -3.73385557e+02,  2.99891171e+02, -1.67091097e+02,  4.19593455e+02,    -7.49187900e+02,  5.05609326e+02, -3.02461648e+01, -3.06353416e+02,    -2.19691746e+02,  2.76037613e+01,  3.55807967e+02, -6.32990314e+02,    -1.18795574e+02, -1.72177498e+02,  4.12237872e+02,  7.04918197e+02,    -8.14309872e+02,  7.84583279e+02,  3.83693720e+02, -6.26258903e+02,    -2.96168901e+02,  6.39119283e+02,  5.07876622e+02, -1.49652694e+02,    -2.99948949e+01,  8.68615589e+01,  5.93556230e+02, -4.41792460e+02,     1.37358172e+02, -6.36042211e+01,  2.56183887e+02, -6.21043998e+02,    -6.42883515e+01, -2.83000677e+02,  3.96582628e+02,  3.58813337e+02,    -7.19007168e+02, -4.16223466e+02, -1.91222829e+02, -3.25405736e+02,    -1.23204983e+02, -1.94460273e+02,  3.59329653e+02,  3.48745034e+02,    -4.98741093e+01, -3.87388195e+02, -7.01018948e+02,  3.64384363e+02,    -4.26769218e+02, -2.62850940e+02,  4.02417189e+01, -2.88975955e+02,    -3.50269138e+02, -2.15970685e+02, -3.52694568e+02, -2.25996108e+02,    -4.27516899e+02,  4.89289704e+02,  5.42877248e+02, -2.77355063e+01,    -2.01066473e+02, -1.36279399e+01,  3.56483451e+02, -7.40702832e+02,    -1.74690087e+02,  4.20561837e+02,  5.63225364e+02, -1.55762979e+02,     9.51559285e+01,  4.59992659e+02,  1.30870340e+02, -5.73314074e+01,    -3.71975226e+02,  1.90751964e+02, -3.01967138e+02, -1.35112960e+02,    -1.62617855e+02, -1.57940459e+02,  1.66898852e+02,  6.56173670e+02,     7.16243202e+00,  3.49085289e+01, -7.61717640e+02, -1.45714307e+02,    -3.19125462e+02,  3.98944951e+01, -3.54305648e+02,  6.59329391e+02,     6.84237686e+02,  1.23749827e+02, -1.24623324e+02,  1.21561540e+02,     2.14727004e+02, -4.02205046e+02, -6.48906816e+01,  1.16248273e+02,     1.17063346e+02,  4.77869778e+02,  3.79991291e+02, -1.75185762e+02,     2.39562440e+02, -8.12807706e+02, -3.65502637e+01,  7.17284220e+02,     8.06411130e+01, -5.93554114e+00,  2.80311222e+02, -2.44904522e+02,     7.81900952e+02, -1.02827566e+02,  7.17312064e+02,  3.12378574e+02,    -3.22584178e+02,  2.57619643e+02, -2.60424799e+02, -5.79317221e+02,    -3.35648182e+01, -4.77702474e+02, -4.50309010e+02, -4.52700628e+01,     2.70285357e+02, -4.75274576e+01, -2.84510438e+02,  6.34345275e+01,    -6.14985071e+02, -7.84711046e+01, -6.98730351e+02,  4.39912063e+02,    -1.13156675e+01, -4.32773328e+02, -1.60478080e+02,  1.46306362e+02,    -2.70861683e+02, -3.98515215e+02,  7.59859374e+02, -1.88611320e+02,    -3.75849676e+02,  2.12049379e+02, -9.91790177e+01,  4.32448508e+02,    -1.33226268e+01,  7.40659351e+01,  8.60140846e+02, -1.52411127e+02,    -2.94828351e+02, -3.13913514e+02, -4.49666849e+02, -2.78679284e+02,     2.39997908e+02,  1.76277701e+02,  1.79086821e+02,  6.33878943e+02,     1.98009963e+01,  1.40644868e+02, -5.61849390e+02,  2.07450651e+01,    -1.98343863e+02, -2.25998510e+02,  1.59114119e+01,  2.97373813e+02,     3.24596927e+02,  6.94131281e+00,  7.90175240e+01,  2.49987222e+02,     3.17074660e+02, -2.04005825e+02, -1.11639191e+02,  1.45707827e+01,    -1.98440028e+02, -6.70648334e+01, -2.28070538e+02,  6.40905312e+02,     5.51047910e+02, -1.07543101e+02,  1.01684744e+02, -2.00461262e+01,    -2.00459010e+02,  2.82760004e+02, -7.49935492e+01,  3.30631632e+02,    -4.56638778e+02,  1.60608998e+02, -9.44683132e+01, -4.63066605e+02,    -2.15108153e+02,  2.32371383e+02, -7.25313287e+02,  3.58313025e+02,     4.18203799e+02, -6.04524899e+01, -4.34551484e+01, -2.77468071e+01,     2.06650290e+02, -2.79760902e+02,  3.09197391e+02,  2.40119443e+02,    -8.87999179e+02, -2.80107919e+02,  1.92016599e+02, -7.77978957e+01,     3.23759038e+02, -5.21750470e+02, -3.82234406e+00, -3.52803376e+02,    -1.04819230e+03,  6.36639943e+02, -5.04148305e+02, -4.88120568e+02,     7.52706706e+01,  1.08631165e+03, -6.07360786e-02, -1.81748910e+02,    -1.76994575e+01, -6.06136415e+01, -7.52001928e+02, -5.25166747e+02,     6.59817091e+02, -4.30778509e+01, -3.36506732e+02,  4.27806704e+02,    -2.93048060e+02,  3.35979737e+02,  4.62796759e+02, -5.23530427e+02,    -2.17723856e+02, -2.92534616e+02, -1.26795073e+02, -1.64273002e+02,    -5.60431407e+01,  1.16447788e+02, -2.84975113e+02,  2.52272039e+02,     5.07514830e+02, -1.38049646e+02, -1.50754578e+02,  1.17092741e+02,     4.87092841e+02,  4.12459348e+02,  3.01537886e+01, -1.33918130e+01,    -4.50584711e+01, -4.31382679e+02,  3.20549149e+02, -2.03614492e+02,     1.67553674e+02, -1.34317925e+02,  2.47202655e+02,  1.48875400e+02,    -6.68196132e+02, -2.36493257e+02, -6.70234925e+02, -2.74514194e+02,     6.37002726e+01, -1.45981637e+02,  2.53614969e+02, -2.45374151e+02,     1.60296201e+01,  8.91066020e+01,  6.33057204e+02,  3.17938020e+02,    -2.28560927e+02,  1.78524421e+01,  9.39005257e+01,  3.39368056e+02,    -5.56522092e+00,  4.29188315e+02,  2.06077667e+02,  7.56652727e+02,     2.17752809e+01,  5.81141431e+02, -2.21519153e+02, -3.27139627e+02,     7.08292219e+01,  6.19442569e+01,  2.59333249e+02, -5.28016336e+01,    -1.35774295e+02,  2.20798745e+02, -3.88791252e+02, -4.39363528e+02,     6.51652325e+02, -5.04464349e+01, -3.63969521e+02, -3.75931848e+00,    -1.20061139e+02,  2.96049252e+02,  2.80967362e+02, -1.66654513e+02,     9.63968780e+00, -2.29949672e+02, -2.76393346e+02, -2.42646491e+02,    -8.12204304e+02, -2.95313347e+01, -5.48035677e+02, -4.67694373e+02,    -3.35509008e+02,  1.48576949e+02, -3.20296688e+02,  1.85229646e+02,    -4.78927474e+02,  8.87388731e+00, -3.45259632e+02,  6.35658202e+01,     1.00495140e+02,  2.45831860e+02, -1.67667561e+02, -1.24567428e+02,     2.20540353e+02,  5.10828434e+02,  2.76400336e+02,  6.60430108e+01,    -5.79116137e+02, -1.17303698e+02, -2.62751948e+02, -5.15667232e+02,     3.51715909e+02, -2.93727145e+02, -3.71739804e+01, -1.94021895e+02,    -8.60994657e+02,  4.22951279e+02, -1.41356408e+02,  3.50295381e+02,    -5.89414738e+02,  5.56597108e+02,  3.61910308e+01, -2.65022416e+02,     3.92008328e+01, -1.99404515e+02, -5.80921449e+02,  1.19812056e+02,     2.36886408e+02,  2.79635612e+01, -3.07079518e+02, -1.10186112e+02,     1.37453168e+02,  2.47830683e+02,  5.44850350e+02,  2.16384471e+02,    -1.99576691e+02,  7.48722474e+02,  2.45896919e+02,  3.31247302e+02,    -1.44117853e+02,  2.25447303e+02,  1.46620601e+02, -5.23787997e+02,    -1.59448205e+02, -3.34357011e+02, -2.64778310e+02, -8.80472500e+01,    -1.50011040e+02, -3.14646195e+02, -9.64600797e+02, -2.58898497e+02,     1.31388471e+02,  8.57585016e+01,  7.86479260e+01,  4.21824243e+02,     1.58087913e+02,  2.72026697e+02, -3.58416621e+02,  3.92540012e+02,    -4.18884768e+02, -6.51118323e+02,  1.62267100e+02, -3.42320911e+02,    -3.56297236e+02, -1.33833247e+03, -1.01715287e+02,  6.78642904e+02,     3.96381456e+02, -8.67759788e+01, -1.00698393e+02,  2.49447242e+02,     5.78254699e+02, -3.42863689e+02, -8.08655851e+01, -2.69250144e+02,    -3.05487053e+02, -2.89948774e+02,  1.35458232e+02,  6.08635627e+02,    -5.58021008e+02, -4.49266917e+02,  2.07239233e+01, -7.25264822e+01,    -1.20066194e+02, -7.90975518e+02,  4.79718997e+02,  2.14199102e+02,     7.59963763e+01,  4.11192624e+02, -2.57271659e+02,  2.51495588e+02,     2.28967011e+02,  4.52032556e+01, -3.91917864e+01,  1.04797532e+02,    -1.37405503e+02,  3.98671964e+02, -3.70888742e+02,  3.56621457e+02,     7.88207713e+01,  9.43068793e+01,  2.01188416e+02, -7.31089978e+02,     5.42492651e+01, -5.42925135e+02, -4.29353076e+02, -4.16545207e+02,    -3.81261916e+02,  1.19157189e+01,  1.09918237e+02,  4.09432023e+02,     8.23963002e+01,  1.16705911e+02, -6.04088818e+02, -2.12355936e+02,     2.79286511e+02,  1.22862292e+01,  1.63538371e+01, -6.88153124e+01,     3.11471836e+02, -7.74133587e+02,  8.89985156e+01,  2.01258306e+02,     3.86568226e+02,  3.30078153e+02, -4.82048642e+02,  6.36450778e+01,     3.58227530e+01,  3.66137272e+01,  1.58143297e+01, -1.64895943e+02,    -2.65728472e+02,  1.33373440e+02,  5.32147980e+02, -7.69598509e+01,     8.05282928e+01,  1.51379590e+02, -2.09507688e+02, -2.07743511e+02,    -9.79565279e+02, -3.25478616e+02, -4.29096900e+02, -6.44783688e+01,    -5.37721218e+02,  6.37083145e+02, -2.49872228e+02, -4.47783384e+02,    -1.32770716e+03,  5.55164551e+02,  1.16225437e+02, -1.38990445e+01,    -5.20841750e+02,  8.94938306e+01, -1.47027241e+02, -2.76391174e+02,     9.97570123e+01,  2.71693442e+02,  6.72855348e+01, -1.45450716e+02,    -2.88717009e+01,  6.68686874e+00,  1.64269543e+02, -5.15111004e+02,     5.92095342e+02, -3.55155450e+02, -2.29416699e+02, -3.54424408e+02,    -8.21089088e+02,  8.07498062e+01, -4.04039453e+02, -1.87366050e+02,     2.89357317e+02, -2.03537867e+02,  6.06461420e+00, -8.29358878e+01,    -2.18290468e+02,  1.37409373e+01,  4.49752942e+02, -4.40410712e+02,     7.77534651e+02, -1.66812195e+02,  2.88092876e+02, -6.46064969e+01,     1.26962586e+02, -9.99285886e+01,  3.97365900e+02,  5.29735732e+02,     1.68990902e+02,  4.65034266e+02, -3.30658744e+02, -2.69915548e+01,    -1.92796998e+02,  5.77789662e+02,  4.88745084e+02,  3.74867930e+02,    -1.25882153e+02, -2.56310449e+02,  2.28361275e+02, -2.18679024e+02,    -1.16900099e+02, -6.16780160e+01, -2.18967805e+02,  4.34513076e+02,    -4.84705777e+01,  3.34957113e+02,  1.18497216e+02,  1.44407712e+02,    -2.89500287e+02,  2.75078075e+02, -1.54670672e+02, -1.11138556e+02,    -2.56870775e+01, -4.30988978e+02,  6.50157293e+02, -2.39106413e+02,    -3.54714942e+01,  1.67383039e+02,  1.44392248e+02,  5.98012561e+02,    -1.38734496e+02,  6.49711920e+02,  5.89655559e+02, -8.22746764e+02,     7.43087276e+01, -1.73594915e+02,  1.23594241e+02,  7.40356077e+01,     1.47939786e+02,  5.10256876e+02,  7.82413866e+02, -6.64055848e+02,     6.48986853e+02, -7.79469041e+02, -6.49475276e+02, -1.03334359e+02,    -9.99490909e+00,  5.93047329e+02,  3.28381636e+02, -1.56237789e+02,    -7.84592072e+02,  5.95503705e+02, -3.80905860e+02, -1.01649331e+01,    -4.28636595e+01,  1.04773056e+03, -2.40296714e+02, -8.91199334e+02,     2.61170646e+02, -1.36817519e+03,  9.40144971e+01, -3.01434558e+02,    -1.53438217e+02, -2.31327619e+02, -4.96067905e+02,  3.47694779e+02,    -3.06008491e+02, -7.68235549e+01, -6.62606657e+02, -5.70381814e+01,    -4.03628369e+02, -6.30222943e+02, -1.03792985e+03,  8.61101590e+01,    -2.72118439e+02, -8.43371628e+00, -1.14233150e+02, -6.69639544e+02,    -5.34062123e+02, -4.46532130e+02, -4.50165726e+02,  4.63904690e+02,     7.95000708e+01, -4.04243733e+02, -1.54395287e+02, -1.89093549e+02,     3.13827747e+02, -2.82476440e+02, -1.05229459e+02, -1.89318441e+02,    -3.03160682e+02, -3.16326840e+02,  3.23914256e+02, -1.48772404e+02,    -7.69714006e+02,  6.51899556e+02,  3.97995442e+02,  5.26477731e+01,    -6.12190193e+02, -6.38810366e+02,  9.21888586e+01,  1.20224788e+01,    -2.51073154e+02, -4.11429783e+02,  3.01064846e+02, -6.71243655e+01,     2.31042837e+02,  4.18251545e+02,  2.84844069e+02,  2.99058003e+02,     2.16146458e+02, -1.71762004e+02, -1.05463916e+02, -1.86311540e+02,    -2.94848847e+02, -3.86972085e+02, -5.47484546e+02, -3.31244128e+02,    -6.77092699e+01, -6.74755411e+02, -7.20491659e+01,  2.74773886e+02,    -6.02378748e+02,  2.09095402e+02,  1.82416269e+02, -5.95278232e+02,    -4.80344174e+02, -1.31443528e+02,  1.79983745e+02, -3.35555153e+02,     5.91503753e+02,  5.30505946e+02, -6.33904396e+02,  4.29064735e+02,     2.99571737e+02,  6.39774815e+01,  2.14620225e+02, -3.60151245e+02,    -1.20330056e+02,  4.51986926e+01,  1.49104302e+02,  3.82584786e+02,    -4.27099761e+02, -3.55038307e+01,  1.50090164e+02, -1.37821256e+01,    -2.21615808e+02,  1.66634554e+02, -2.25419318e+02, -1.70187622e+02,     3.26987387e+01, -5.06172773e+02,  3.10150611e+01, -1.99969654e+02,    -1.05698790e+02,  2.93080847e+00, -4.79519435e+02,  4.75098688e+02,    -2.27131818e+02, -1.08913533e+03, -7.13296334e+02,  3.29796291e+02,    -2.98805600e+02, -1.43105384e+02, -2.45988730e+02, -1.40143556e+02,    -8.41273332e+02, -9.49830425e+01, -5.40046366e+02, -2.81141284e+02,     2.17539862e+02,  6.25584666e+02, -3.58937899e+00, -2.72391263e+01,     4.90671741e+02, -4.26053972e+02,  3.03234048e+02,  7.84247847e+01,    -3.49731253e+02, -1.50164000e+02,  2.06992901e+02,  1.56189978e+01,     8.23817142e+01,  9.63023214e+01, -1.98306393e+02, -2.34277770e+02,    -4.45490286e+02,  4.21352476e+02, -5.33964319e+02, -3.92716529e+02,     7.96622098e+01, -7.52916580e+02,  1.61882357e+02,  5.27643740e+02,    -3.95017594e+01,  5.77324137e+01, -2.08529018e+02, -1.71946385e+02,     8.61247154e+01,  3.15410166e+02, -3.40848568e+02,  2.61078266e+02,    -9.30165544e+01, -3.48600113e+01,  2.27702804e+02,  1.62015304e+02,    -7.52083326e+01, -3.66710796e+00,  2.05640392e+02,  2.36332194e+02,    -6.04399763e+02,  5.69969460e+01,  4.54092116e+02, -8.19218235e+02,     2.73353804e+02, -1.00436017e+03, -7.74671511e+01, -1.25159271e+02,    -7.23781588e+01, -7.50890604e+01, -2.17430222e+02, -2.96564334e+01,     1.39442276e+02, -2.02999947e+02,  1.18834945e+02,  7.30018692e+02,    -5.41378862e+02, -2.24510934e+02,  3.07157219e+02,  2.08937196e+02,     3.47855899e+02,  1.37119198e+02,  2.39412955e+02, -1.57703265e+02,    -4.11475315e+02, -3.56883390e+02, -1.73051978e+02,  4.87215163e+00,    -3.53405563e+02, -1.28508660e+02,  5.60368119e+01,  1.94370051e+02,    -8.44342960e+01,  4.72316224e+02, -4.24912453e+02, -4.48521217e+01,    -2.26432572e+01,  2.34109813e+02, -3.42488190e+02, -2.15105968e+02,     2.31982741e+02,  4.20769325e+02,  5.86098610e+02,  2.95750455e+02,     3.46760198e+02, -2.50433598e+02,  5.25799250e+02,  5.66544908e+02,    -5.44522684e+01,  3.32227304e+02,  3.19647707e+02, -2.14180588e+02,     1.26880777e+01,  5.15561703e+02, -2.34398051e+02, -1.04951576e+02,    -5.08491912e+02,  2.26670283e+02, -6.28869877e+01,  1.47387626e+02,     8.10237530e+01, -3.50480563e+02,  3.85929398e+02,  3.42199697e+02,    -1.99223335e+02,  1.54696395e+02, -4.82441797e+02, -4.33957215e+02,     1.96112640e+02, -5.79605203e+02, -2.26168215e+02,  8.13217223e+01,     6.78255768e+02, -2.04455666e+02, -8.76875053e+01, -1.22460939e+02,     9.63938550e+02,  1.18779392e+02, -3.64833219e+02,  5.74531415e+02,     5.28976999e+02,  2.51965554e+02,  6.12613436e+02,  6.78538909e+02,    -8.88187856e+01, -2.52009443e+02, -2.73213072e+02,  2.25489012e+02,     3.18267199e+02, -4.10230927e+01, -1.72705421e+02, -5.17179250e+02,    -2.53917889e+02, -3.71637706e+02,  2.47673449e+02,  1.26411111e+02,     5.24931990e+02,  4.74544551e+01, -2.11407531e+02, -6.62044093e+01,     3.35792513e+02,  1.10401335e+02,  4.26949614e+02,  4.82477759e+02,    -1.16503642e+02, -7.54321222e+01, -8.09585771e+02,  4.48218805e+02,    -4.62238220e+01,  4.21127439e+02, -1.53079458e+02, -4.87903960e+02,     1.65960924e+02,  5.79695009e+02, -2.05164158e+02,  5.73197714e+02,    -6.05438938e+02, -1.88308658e+02, -6.55172874e+02,  1.85699230e+02,     9.71628105e+01,  6.06104839e+00, -5.01421997e+02,  7.34879318e+02,     4.40951643e+02,  6.89462201e+01, -3.83303548e+02,  1.82865351e+02,    -2.29208725e+02, -7.28822669e+01, -1.82558398e+02,  1.75046904e+02,    -8.39074350e+01, -1.70819898e+02,  1.59933805e+02,  2.19973342e+02,    -7.12175946e+02,  1.63376419e+02,  5.60824592e+02,  3.51068884e+02,    -1.10547169e+02,  2.89514945e+01, -2.99512006e+02,  4.92725140e+02,     1.47360014e+02, -5.67965698e+01, -5.83237116e+01,  9.10486712e+02,     7.73535720e+00,  2.59316070e+02,  6.04019296e+02,  8.14508965e+02,     5.34082839e+02,  3.54232643e+02, -5.30505435e+02, -3.61583848e+02,     2.88677297e+02,  1.31684940e+01,  2.70157443e+02,  1.54987079e+02,     4.89452190e+02, -6.46127176e+02, -4.09456688e+02, -5.25928107e+01,    -7.22350248e+02,  1.63402159e+02,  3.27591786e+02,  1.18419755e+02,    -1.90248983e+02,  1.97491579e+02,  1.18802297e+03,  2.15074011e+02,     1.26335317e+02, -4.09120134e+02, -5.53241925e+02, -1.30979097e+02,     2.59249006e+02, -4.33801978e+01,  1.74261119e+02,  2.93820252e+02,    -4.99427961e+02,  2.06111482e+02,  4.39666331e+02,  4.88891093e+02,    -4.65323188e+01,  9.02684513e+00, -7.75447443e+01, -4.21652716e+02,    -5.54893881e+02,  6.96940824e+02, -5.58314336e+01, -4.94279376e+02,     1.79087469e+01, -1.89913384e+02,  7.62606431e+02, -1.99815573e+02,    -2.87499461e+02,  2.59988581e+02, -1.21284913e+02,  3.60881506e+02,    -4.74679970e+01,  8.39896578e+02,  4.19686081e+02, -1.15638712e+01,    -3.00585373e+02,  2.05794592e+02, -4.62651785e+02, -9.81635941e+01,     5.07103805e+02, -2.34271502e+02, -3.94062977e+02, -1.85543163e+02,     4.33479661e+02,  1.21990809e+02, -6.92333306e+02,  2.54596500e+02,     1.25583868e+02,  5.69845053e+01, -4.27177962e+02,  1.33763686e+01,     2.92748978e+02,  4.26175505e+02,  5.34003575e+02,  2.16401281e+02,     3.40996071e+01, -4.23122107e+02, -3.99727307e+02, -6.21555470e+02,    -7.61902572e+01,  2.63298000e+02, -2.03945869e+01,  4.47724027e+02,    -2.64210033e+02,  1.53683512e+02, -9.87913647e+01, -2.48618194e+02,     4.93308663e+02,  6.38214743e+01,  5.11630674e+02,  2.39242449e+01,     2.08486237e+02, -1.66996663e+02,  5.22429790e+02, -9.97159340e+01,    -3.39301514e+00, -6.52486585e+02, -9.04412477e+01,  6.07444048e+02,     5.55694827e+02,  2.20556389e+02, -1.25909354e+02,  3.20095877e+01,    -1.47181338e+02, -4.64731875e+01,  7.50539526e+02,  1.46846455e+01,    -1.97169576e+02, -9.21368051e+02, -4.53724785e+02, -3.13717196e+02,    -5.60279557e+02, -4.68111034e+02, -5.93055877e+02, -3.87486379e+02,    -3.18943726e+02, -4.00894239e+02,  3.98228459e+02, -2.13266814e+02,    -8.09924554e+02,  3.32707280e+02, -2.40441182e+02, -6.86049899e+02,     8.09548230e+02, -2.00934052e+02,  1.65388736e+02,  3.40402190e+02,     6.11563403e+00,  2.17992384e+02,  6.84873346e+00, -1.25705330e+01,    -1.14075548e+02, -6.04399943e+02,  8.84426508e+01, -1.08940207e+03,     5.44879154e+02, -3.66343759e+02, -1.15620850e+02, -1.48791063e+02,     8.57289709e+01, -1.57686133e+02,  2.39518451e+02, -4.49165685e+02,     3.16486514e+02,  3.25801536e+02,  1.30406086e+02,  8.20685322e+01,     1.65729424e+02,  6.18714816e+01,  2.52887776e+02, -7.95010559e+01,    -5.21964327e+02,  8.16953902e+01, -1.91520675e+02, -3.76742368e+01,     4.15675279e+02, -6.77351876e+02,  7.97924475e+00,  1.12420130e+01,     7.21756213e+01,  2.77958225e+02, -1.15449326e+02,  7.03015332e+02,     4.05291331e+02, -1.46864477e+02, -8.90044080e+01,  1.56567749e+01,     6.51269646e+02, -4.66776309e+02, -8.70676941e+02,  2.41387708e+02,    -1.02271002e+02, -1.04828401e+02,  1.40593699e+02,  6.54304780e+02,     3.99317049e+02, -1.47204903e+02, -4.21661960e+02, -4.99408661e+01,     2.46105578e+02, -1.09423401e+02, -6.22169900e+02, -2.32650908e+01,    -7.76961704e+02, -4.07888745e+02,  6.65010641e+02, -4.28659952e+02,    -5.55689577e+02, -4.34729670e+02, -2.95542861e+02,  2.79380402e+02,     6.89310047e+02, -4.23422866e+01,  2.30632302e+02, -1.50088854e+02,    -5.83938767e+02,  3.90861409e+02, -3.81314236e+02,  2.37496002e+02,     3.04131987e+02, -6.16005505e+01,  3.45416514e+02,  3.67400063e+02,     8.98969572e+02, -1.25121552e+02, -3.85211297e+02, -5.33805631e+02,    -1.26580468e+02, -2.15467301e+02,  8.50713463e+02, -3.70607897e+02,     8.53436648e+01,  6.26536180e+01, -2.20010130e+02, -6.78787612e+02,    -5.41697024e+01,  8.18212112e+02,  9.06883376e+01,  5.91989081e+01,    -4.48518735e+02, -5.08882935e+02, -8.14872498e+01,  4.06395217e+02,    -1.86759256e+02,  8.93273201e+02, -3.66958097e+02,  1.42033199e+02,    -1.74798853e+02, -5.75225389e+02,  2.54507493e+01, -4.28089006e+02,    -6.24528762e+02,  6.87512507e+01,  2.00381740e+01,  4.33708358e+02,     1.75291331e+02, -2.83598697e+02,  1.89333763e+02, -6.91162421e+02,    -4.44429604e+02,  7.59735104e+02,  1.10341438e+02, -1.19717611e+02,    -2.71393766e+02, -3.92400987e+01, -6.53661035e+01,  7.11929996e+02,     3.43090844e+02, -1.24048055e+02, -5.94333624e+01, -3.37910509e+02,    -1.71413599e+02, -5.64962484e+02,  4.01153619e+02,  6.26620316e+01,     1.16670974e+02,  1.27199955e+02, -4.53353433e+01, -1.53090075e+02,    -5.52722089e+00, -8.91429887e+02, -1.61015047e+02, -6.76051417e+01,    -7.73407246e+01,  4.61339870e+02,  5.29853188e+02,  1.35598386e+02,    -8.03677379e+02,  5.37286922e+02, -1.67168613e+02, -3.24138477e+02,    -7.32421123e+02, -2.74157127e+02,  4.94478022e+02,  2.28183687e+02,     5.71018878e+01,  2.56986444e+02, -4.89491784e+02, -3.72295031e+02,     4.62971788e+02,  3.20094411e+02,  4.34472484e+02, -2.88542108e+00,     5.72890704e+01,  4.65162891e+02,  8.29494431e+02, -2.07762107e+02,     3.16938669e+02, -1.39941561e+02, -3.51921930e+02, -2.87271935e+02,    -2.56566888e+02, -1.26198535e+02, -4.29539262e+02, -1.97216324e+02,    -1.17152421e+03,  2.86150792e+02,  1.62849589e+02, -3.09883681e+01,    -3.48907046e+02, -1.88790872e+02, -4.52446059e+02,  9.89312141e+01,     6.91792171e+02, -1.74123564e+02, -1.37766763e+02,  1.84543727e+02,    -4.06454881e+02,  7.28758119e+02,  1.39503768e+02,  1.56941213e+02,     4.33850316e+02,  1.59129586e+01,  4.71337990e+02,  1.37727913e+02,    -7.30191050e+01,  7.87143845e+01, -1.77079200e+01,  5.84291299e+02,     7.60281645e+01,  1.23531647e+02, -7.52894719e+01,  1.11689250e+02,    -7.77066975e+02, -3.12470219e+02, -3.87297199e+02,  4.31141592e+02,    -2.44940361e+02, -5.41731560e+02,  4.93889491e+02, -1.00917608e+02,     3.67588073e+02, -7.67878981e+02,  2.08695599e+02,  6.48512817e+01,     4.99790739e+01, -7.41074050e+01, -5.47055631e+01,  4.13763615e+02,    -2.51675951e+00, -4.15379142e+02, -1.33832769e+02,  2.13336203e+02,    -9.81190850e+02, -7.81247371e+02,  1.27179853e+01,  9.35649757e+01,    -3.64356716e+02, -3.60680336e+01,  9.12462348e+02,  2.77320936e+02,    -4.72010007e+02,  7.92221273e+01, -7.52184184e+01,  8.67140262e+01,    -2.88248066e+02,  1.55546620e+02,  2.39230003e+02, -5.66608037e+01,     9.46503556e+02, -9.02165499e+01, -2.70190347e+02,  1.59137815e+02,     3.47142161e+02, -2.98153386e+02, -2.52431138e+01,  8.05939769e+02,    -1.99653085e+01,  4.96367630e+02,  1.20047635e+02, -8.15657942e+01,    -2.23005825e+02,  4.80230480e+02, -4.61875179e+02, -1.76364216e+01,    -1.25840650e+02, -3.55779623e+02,  1.41848171e+02,  2.00096415e+02,     7.59991225e+01, -1.37106176e+01, -3.25505204e+02,  1.56181408e+02,    -1.47630436e+01, -2.11346657e+02, -1.82211893e+02,  1.66129346e+02,    -4.21240470e+01, -3.07843278e+02, -8.95583814e+02,  7.73927942e+01,     1.97526130e+02, -3.93561850e+02, -1.89532492e+02,  6.93937222e+02,     6.06354711e+01,  2.95760203e+02,  5.45495237e+01,  3.10307662e+02,     4.34096852e+01, -3.31816036e+02, -3.13506659e+01,  7.04945659e+01,     2.33704519e+02,  6.76083675e+02,  4.14400155e+02,  1.76134950e+01,     1.44817528e+02,  5.08071741e+02,  2.20434697e+02, -6.11591360e+02,    -2.25283515e+02,  1.13522485e+02,  7.19745569e+01,  2.22741336e+02,    -4.42630110e+02,  1.07956066e+02,  3.38078283e+02,  4.15927187e+02,    -3.77905979e+02, -4.49952337e+01, -1.94168787e+01, -1.13494636e+02,    -2.81032237e+02, -1.67636721e+02, -2.63964581e+01,  6.69714152e+01,     3.48096834e+02, -2.61980200e+02,  6.73889623e+02,  3.00230662e+02,     2.12232869e+02,  2.79529838e+02,  2.56594186e+02,  2.76120513e+02,     4.55122768e+02, -3.72135620e+02,  5.32885147e+02, -9.37262090e+02,     2.61793336e+02, -9.16304963e+02,  7.10389324e+02,  6.11664565e+02,    -9.84076632e+01, -4.14613916e+02, -3.55971584e+02, -4.85781432e+02,    -5.21843222e+02,  4.84669979e+02,  3.62048516e+02,  2.03935708e+02,     2.68450205e+02,  3.42403868e+02, -3.23853686e+02, -1.70743114e+02,     4.84020216e+02, -1.04748322e+02,  4.46492255e+02,  6.15796158e+02,    -3.63797106e+01, -6.06802510e+02,  1.10878271e+01, -1.13261222e+01,    -8.26911025e+01,  6.50654922e+00, -5.66002233e+02, -1.56776999e+02,     4.89929326e+01,  7.40624528e+01,  4.07970906e+02, -3.36925698e+02,     5.17104170e+02, -3.41226643e+02,  1.86454531e+02,  3.27813220e+02]
gas_BEE = []
