name = 'CO2*_19'
composition = {'H':0, 'C':1, 'N':0, 'O':2, 'Pt':1}
facet = ['Ni211']
coverage = 1
DFT_energy = [-97.043535, 'eV']
ZPE_energy = [0.294, 'eV']
frequencies = [50.3, 68.5, 75.2, 226.7, 263.6, 501.4, 646.6, 1149.9, 1765.2, 'cm-1']
gas_DFT_energy = [-18.404459, 'eV']
gas_ZPE_energy = [0.305, 'eV']
sites = 1
BEE = [-5.09294917e+02, -4.02014189e+01, -1.17840469e+02,  3.93907588e+02,    -1.86100315e+02, -1.62997916e+02, -3.47737341e+02, -7.75072021e+02,    -3.70569274e+02, -4.14665184e+02, -3.38227111e+02,  4.00366060e+01,     1.25896713e+01,  2.60684977e+01,  2.72313097e+01,  4.10118133e+02,    -1.81091788e+02, -1.59750949e+02,  1.52621532e+02, -9.67308737e+02,     5.08709822e+02, -2.32162870e+02, -4.44284160e+01, -1.04727176e+02,    -4.90011709e+01, -5.06541507e+01,  7.52087206e+02, -1.85418086e+02,    -7.19506297e+01, -4.57503658e+02,  6.72572485e+02, -1.18523753e+02,    -3.39190108e+02,  2.08350044e+02, -3.68883887e+01,  1.70063024e+02,    -2.72959781e+01,  6.17623004e+01,  2.38128722e+02, -8.85569180e+02,     4.71418427e+02,  1.11665808e+02, -5.05491078e+01, -2.93573464e+02,     9.79973965e+01, -1.56999747e+02,  3.81745528e+02,  3.21589492e+02,    -2.39159390e+02, -2.54390092e+02, -2.59842548e+02, -2.94882093e+02,     9.97098412e+01, -4.32583531e+02,  1.19150042e+02,  5.21675637e+02,     5.95344519e+02,  3.02369825e+02,  1.40152300e+02,  2.38747762e+02,     7.80265259e+02,  1.82871108e+02, -4.79420919e+02, -1.07762639e+02,    -2.05090263e+02,  5.31202932e+02, -6.51611065e+02, -5.44845536e+02,    -2.35870093e+02, -8.53359192e+01, -3.80937818e+02,  2.33077176e+02,     8.38091177e+01,  1.13965428e+02, -3.35506341e+02, -3.02921001e+02,    -4.90228612e+02,  3.25671525e+02, -2.84494879e+02,  2.29262062e+02,    -5.73868564e+01, -2.55120820e+02, -5.06139872e+02, -1.50846272e+02,    -9.84347112e+01, -1.38342131e+02,  3.42655694e+02,  6.15832147e+02,    -3.67248983e+02, -6.96099433e+02, -1.72801478e+02,  9.63779814e+02,    -4.96698133e+02,  2.87985407e+02, -9.19518531e+01, -5.40359662e+02,     2.09621851e+02,  3.31658503e+02, -1.52192220e+02,  3.06163340e+02,    -2.32861738e+02, -4.46369063e+02,  7.74545582e+02,  4.04004350e+02,     2.69402863e+02,  1.27244903e+02,  2.13145510e+02,  7.08246065e+02,    -2.16476801e+02,  5.01461537e+01, -1.20150007e+03,  1.60228690e+02,    -5.92843578e+02,  1.25924392e+02,  1.87530969e+02, -2.96735245e+02,    -4.65200325e+02,  5.41225667e+01, -2.55378088e+02,  3.08875901e+02,    -4.41325983e+02, -2.30512010e+01, -3.08630581e+02, -3.62968541e+01,    -2.78506969e+01,  1.46742157e+02,  1.09564153e+01, -5.19387145e+01,     5.25688628e+02,  7.92791867e+02,  4.15368869e+02,  6.77800558e+02,    -1.03800009e+02,  1.17180534e+02,  4.76522496e+02, -7.78742099e+01,    -6.63278740e+02, -3.25457957e+02, -4.35584545e+02, -2.49337020e+02,     2.43110231e+02, -1.02361539e+03, -1.66832054e+02,  3.73230959e+02,    -3.16894423e+02, -3.18959064e+02,  4.70604245e+02,  3.82264101e+02,    -3.00067484e+02,  1.68429399e+02, -2.13382716e+02,  3.02206934e+02,     3.43978492e+01,  1.32864167e+02, -7.53766116e+02, -4.21390614e+02,    -6.69377856e+01,  2.68650268e+00, -3.35976605e+02,  9.26108029e+02,    -1.92471118e+02, -2.91465603e+02,  3.26647982e+02, -4.16571824e+02,    -2.83568922e+02,  2.65858210e+02,  9.59892588e+01,  1.12728651e+02,     1.05124554e+02, -9.78144042e+01,  1.68300721e+02,  5.05802643e+02,    -2.56579782e+02,  1.50306908e+02,  7.89711841e+02,  2.90645731e+02,    -7.54516535e+01, -1.66363514e+02,  1.33619796e+03, -1.52872976e+02,     3.06996469e+02,  1.88692592e+02,  2.98731406e+02,  7.72080588e+02,     4.33079632e+02, -2.54850106e+01,  1.96621411e+02,  4.10560954e+02,     3.37119505e+02, -4.82742023e+02,  8.11860229e+02, -7.23110866e+02,    -1.53329708e+02,  4.99221755e+02,  7.30253837e+01,  5.98269200e+01,     2.72006070e+02,  2.12236915e+02,  3.10807499e+02, -5.54582058e+02,     4.37413584e+01, -2.37401328e+02, -9.43486839e+01, -2.91454189e+01,    -7.74379888e+01, -4.80445548e+01,  7.10936646e+02, -7.36102791e+01,    -2.40509782e+02, -1.96388925e+01,  1.01534285e+02, -5.11229409e+02,    -3.88596892e+02, -3.16428661e+02, -5.47551427e+02, -1.43150856e+02,    -3.61414184e+02,  1.68264962e+02, -1.00705741e+01, -9.23524051e+01,    -7.43608845e+01,  5.66652826e+01, -1.74081399e+02,  5.81258878e+02,    -7.13302989e+02, -1.39979282e+02, -1.36502953e+02,  1.46146873e+02,     1.60090829e+02, -4.01757695e+02, -1.58953674e+02,  3.63235976e+02,    -1.93862443e+02,  1.37327347e+02,  3.20810451e+02, -3.66361557e+01,     9.81743848e+02, -1.78580323e+02, -2.79791202e+02,  5.59574024e+01,    -1.97045911e+02,  4.61684793e+02, -3.13082115e+02,  7.41238272e+01,     5.43401760e+02, -1.13867469e+02,  1.04396850e+03,  1.11454146e+03,    -5.70208912e+02,  5.04551865e+02,  1.45539031e+02, -4.64484050e+02,     1.52952579e+02,  3.15130301e+02,  3.30340531e+02,  2.06865382e+01,     1.02458656e+02,  6.17895730e+02, -2.00345668e+02,  1.41350424e+02,     6.61367415e+02, -3.24473727e+02, -1.29789043e+02,  4.52506829e+02,     2.32962868e+02,  6.62597380e+02,  2.23282819e+02,  5.89255973e+01,     2.28022368e+02,  3.37502074e+02, -4.20270414e+02,  2.96706464e+01,     1.59432442e+02,  1.06658710e+02,  1.90439712e+02, -5.09312309e+02,     2.97939095e+02, -3.86424755e+02, -2.74276685e+02,  1.52289433e+02,    -1.22648457e+02,  4.76124157e+02, -2.10381334e+02,  2.52016135e+02,     2.83546216e+02,  6.91768889e+02,  4.81661748e+02,  4.11759983e+02,    -7.68101366e+01, -5.91477680e+01, -2.74738372e+02,  6.65372650e+02,     6.82834870e+02,  3.24376570e+02, -1.99879341e+02,  4.36917335e+02,    -7.80820088e+01,  1.84229047e+02,  5.40372062e+02,  6.71007204e+00,    -6.73246258e+01, -2.15367487e+02, -4.61444420e+02,  8.41376956e+02,     3.91683743e+02, -4.85762862e+02, -1.34313032e+02,  2.41966178e+02,    -9.17654052e+01,  5.40678324e+02,  1.06322923e+02,  6.91198032e+02,     2.68492946e+02, -2.46486543e+02,  2.15066019e+02, -3.69038979e+01,    -2.76017672e+02,  1.45695105e+02,  1.63115915e+02,  7.87760859e+02,     6.93201559e+02,  4.56492077e+02,  6.05087987e+02,  6.27904738e+01,    -2.37765193e+02,  1.35550431e+02, -2.88562362e+02, -4.38962328e+02,    -5.02247568e+02, -2.36766748e+02, -9.34526699e+02, -2.69626765e+02,    -7.40239986e+02,  1.85777733e+02, -3.99207558e+02,  3.55003799e+02,    -8.29083009e+02, -2.80510003e+02,  4.28477183e+02,  1.94848422e+02,    -7.46914983e+02,  5.38458485e+02, -2.09646042e+02,  4.51979081e+02,    -2.23042093e+02, -6.83648031e+02,  1.05800083e+02, -5.51625968e+02,    -1.16335203e+02,  2.51387666e+00,  3.68315962e+02,  1.08405063e+03,    -3.94118120e+02, -3.03503968e+02, -2.75218579e+00, -1.21069723e+02,    -7.02961226e+02, -4.82445693e+02,  4.29395021e+02, -2.20019166e+02,     1.45807772e+02, -4.21929843e+02, -1.29352328e+02, -3.47698093e+02,     4.63876785e+02,  1.33121179e+02, -1.94200091e+02, -1.16118441e+02,     8.73994691e+01, -7.25495372e+01,  3.76554727e+02, -2.17320284e+02,     4.44181542e+01,  2.96973307e+02,  1.51866846e+02, -1.51322259e+02,     1.34030944e+03,  4.69207132e+02,  2.96821562e+01,  9.14319512e+01,    -5.33905788e+02,  2.67806668e+02, -6.48686294e+02, -2.22533450e+02,    -4.76379720e+02, -1.65265933e+02,  4.80969879e+02, -4.88512634e+02,     1.57261111e+02, -2.38376276e+01,  2.81608750e+01, -3.22186531e+02,    -3.86963856e+02, -2.90060522e+00, -3.70194420e+02, -1.91903724e+02,    -3.54037233e+02, -9.00751145e+01, -3.10237689e+02, -4.44388592e+02,     1.94683479e+02, -1.49613849e+02,  1.83020344e+02,  8.78144686e+01,    -6.35874651e+02, -4.73984636e+02, -3.43802867e+02,  3.08358469e+02,    -8.90906835e+00, -5.47274004e+02,  5.02947107e+02, -3.44244510e+02,     4.73416967e+02, -2.60271094e+02, -4.20913506e+02,  2.29982403e+02,    -5.86704535e+02, -3.35352636e+02,  5.51931539e+02,  1.56338687e+02,    -3.49799351e+02,  4.53610482e+02, -1.47994656e+02, -3.25991908e+02,    -2.64835053e+02, -4.20056383e+02,  2.05218085e+02, -7.85221891e+02,    -7.20261215e+02, -8.33425889e+01, -2.60896209e+02, -4.76576711e+02,     6.23510204e+02,  1.14251612e+03, -2.85692203e+02, -2.78851773e+01,    -5.45898326e+02,  5.71480747e+02,  1.60128830e+02, -1.68966710e+02,    -3.33721982e+02,  1.46128650e+02, -5.26382338e+02, -1.73849618e+02,    -7.67992815e+02,  3.02232315e+02,  1.13828982e+02,  4.84751776e+00,    -5.95135174e+01, -2.95290730e+02, -7.71569174e+01,  1.10379283e+03,    -1.66538076e+02, -3.99363644e+02, -5.86484396e+02,  1.12533119e+02,    -3.10567527e+02,  7.63463261e+01,  2.52378197e+02,  5.81170783e+01,     2.43849938e+02,  1.03950718e+02,  5.16031681e+02,  2.66709166e+02,    -2.92958914e+02,  3.65757233e+02,  3.00546850e+02,  9.64978505e+01,     3.86784004e+02, -2.12371085e+02,  6.29146267e+02,  1.60137260e+02,    -2.60531163e+02, -5.00272658e+01, -1.65375916e+02,  2.08143630e+02,    -2.28099016e+02, -2.56688530e+01, -9.32213239e+01,  7.18076007e+02,     4.63423142e+02, -5.84452719e+02, -3.59178182e+01, -4.67167309e+02,    -1.52218751e+02, -1.96577616e+02,  6.39730675e+01, -1.25855062e+01,    -2.24139314e+02,  1.09321369e+02, -6.00780487e+01, -9.11829868e+01,     7.50745914e+02,  1.56568339e+02, -7.01345890e+02, -3.83496864e+02,     7.99059356e+02,  2.37027930e+02, -7.40729174e+01,  9.20339084e+02,    -1.60495533e+02, -9.81890778e+01, -5.07976035e+01,  1.16645649e+02,     2.46162321e+02,  3.53904458e+01,  2.32277012e+02, -1.37416531e+02,    -2.69006461e+02, -3.74132303e+02, -4.14658028e+02,  3.88497580e+02,     1.09795309e+02,  3.27074633e+02,  1.19699729e+02,  7.66188345e+02,     1.52085794e+02, -7.08143486e+02, -2.97084113e+02,  8.56113779e+01,    -2.40395439e+02,  5.37275143e+02, -1.08310348e+02,  1.58972881e+02,     4.31419359e+02, -6.35445631e+02,  1.28560043e+03,  1.67745847e+02,     2.06315970e+02,  3.03342113e+02,  6.96763405e+01, -6.37391207e+00,     3.11974222e+02, -3.07061521e+02,  7.07203680e+02,  6.10050085e+02,    -3.58088767e+02,  1.29290608e+02,  6.00760900e+02, -1.87453566e+02,     1.37947224e+02,  3.69524507e+02,  3.69144959e+02, -6.77965855e+02,    -1.19923182e+02, -3.03152960e+02, -2.65477405e+01, -3.63294354e+01,    -2.26978768e+01, -1.41296297e+02, -2.54107581e+02,  7.15710506e+01,     8.82509106e+01,  4.62628698e+02, -3.63880624e+02,  3.34343194e+02,     3.86913345e+02, -1.44060061e+02,  7.65584086e+02, -5.90663741e+02,    -9.10637525e+02, -5.74067017e+01, -7.23436599e+01,  5.52739682e-01,     6.81187972e+02, -6.30494793e+01,  3.51635941e+02,  4.13390432e+02,     3.28477881e+02, -9.11942829e+01,  5.46542862e+02, -1.37907266e+02,    -2.79562304e+02, -3.99937351e+02,  4.67586894e+01,  3.32469975e+02,    -4.35440995e+01,  3.31079342e+02, -2.60270152e+01,  5.52646761e+02,     1.72216703e+02,  7.68500656e+01, -4.78409965e+01,  2.92797979e+02,     3.26516364e+02,  1.72123081e+02, -7.06826700e+00, -4.63458767e+02,     2.59705340e+02,  1.70645649e+02,  3.18909896e+02,  2.67903420e+02,     3.05727841e+02, -5.14974999e+01,  2.33977425e+02, -2.13006429e+02,    -9.25157022e+00, -4.80128952e+02, -2.69212408e+02,  3.38099979e+02,    -7.81737637e+02,  2.53781872e+02,  1.46688619e+02,  7.14544075e+02,    -2.25158613e+02,  2.63176212e+02, -1.01165889e+02, -4.17549269e+02,    -6.21583382e+02, -7.02670649e+01, -7.58751327e+02,  1.39015366e+02,    -1.78511900e+02,  2.58621499e+02,  1.76344971e+02, -2.20597919e+02,    -2.16125470e+02,  3.33436193e+02, -5.16932321e+02, -1.05220647e+02,    -1.79224406e+02,  2.02181785e+02, -4.58592098e+01,  4.99037591e+01,    -1.86001610e+02,  4.90593697e+02, -4.10617227e+02,  8.33133731e+01,     5.17891820e+02, -2.95343207e+02,  1.57679913e+01, -3.25654669e+01,    -5.91677606e+02, -4.00736272e+02, -6.89595255e+01,  2.27594750e+02,     2.77385935e+02,  4.20116379e+01, -6.98796767e+01,  1.90448071e+02,    -3.89221490e+02,  2.22745677e+00, -4.34266659e+02, -2.36990655e+02,     4.05440686e+02, -2.53618292e+02,  5.53111143e+02, -1.83457932e+02,     3.03469692e+02,  2.20322981e+02, -5.36820623e+02, -2.46091304e+02,     7.38354101e+01, -3.43427811e+02, -3.01879811e+02, -7.47715961e+02,    -4.80301867e+02, -4.50516150e+02, -3.70737857e+02,  1.94349108e+01,     1.13892012e+02,  8.94204607e+00,  1.80248993e+02, -4.91524178e+02,     1.24615631e+02,  1.79322205e+02, -5.73134516e+02, -5.55326689e+02,    -3.54222500e+02, -2.00660213e+02,  1.68344299e+02,  7.62371362e+00,    -3.83118411e+02,  3.07045074e+02, -1.72158197e+02,  4.31314348e+02,    -7.69405189e+02,  5.19952559e+02, -3.20245261e+01, -3.15840555e+02,    -2.25633040e+02,  2.77776002e+01,  3.66132429e+02, -6.49852069e+02,    -1.21652822e+02, -1.76645378e+02,  4.22626428e+02,  7.23867777e+02,    -8.37070389e+02,  8.05830440e+02,  3.93258615e+02, -6.43513673e+02,    -3.03703794e+02,  6.57115755e+02,  5.21429981e+02, -1.54560815e+02,    -3.13035778e+01,  9.02172800e+01,  6.10709801e+02, -4.54761679e+02,     1.40630787e+02, -6.53113041e+01,  2.62666989e+02, -6.37680625e+02,    -6.52655233e+01, -2.90044515e+02,  4.07598295e+02,  3.68172661e+02,    -7.39018784e+02, -4.27251143e+02, -1.96188055e+02, -3.34999196e+02,    -1.26173939e+02, -1.99180678e+02,  3.69642911e+02,  3.58392579e+02,    -5.07397713e+01, -3.97722703e+02, -7.20574266e+02,  3.75110137e+02,    -4.37945787e+02, -2.70874040e+02,  4.15933121e+01, -2.97215552e+02,    -3.59470515e+02, -2.22681756e+02, -3.63750529e+02, -2.31672103e+02,    -4.39220995e+02,  5.02367720e+02,  5.57169140e+02, -2.92293185e+01,    -2.06246296e+02, -1.36165120e+01,  3.66678508e+02, -7.60720507e+02,    -1.79733954e+02,  4.31886600e+02,  5.79356419e+02, -1.59313344e+02,     9.77444747e+01,  4.72653802e+02,  1.34651266e+02, -5.75667863e+01,    -3.81842964e+02,  1.95302130e+02, -3.09958172e+02, -1.38055245e+02,    -1.67083002e+02, -1.61769125e+02,  1.71911601e+02,  6.74467119e+02,     6.47960146e+00,  3.56111517e+01, -7.82877399e+02, -1.50178861e+02,    -3.27423459e+02,  4.01948077e+01, -3.64575029e+02,  6.78779611e+02,     7.03311747e+02,  1.27452892e+02, -1.29211880e+02,  1.25214381e+02,     2.19871325e+02, -4.13095691e+02, -6.67860452e+01,  1.20433469e+02,     1.20022494e+02,  4.90379504e+02,  3.89619329e+02, -1.80020884e+02,     2.45426405e+02, -8.35574911e+02, -3.72187698e+01,  7.37401704e+02,     8.36195243e+01, -6.38206868e+00,  2.87558058e+02, -2.51022589e+02,     8.02601054e+02, -1.06635771e+02,  7.36053747e+02,  3.21193075e+02,    -3.32149680e+02,  2.64988881e+02, -2.67240786e+02, -5.95474357e+02,    -3.48373183e+01, -4.90519449e+02, -4.62465261e+02, -4.61128174e+01,     2.78574876e+02, -4.97199231e+01, -2.91847310e+02,  6.53402048e+01,    -6.30907133e+02, -7.99968075e+01, -7.18092851e+02,  4.51679021e+02,    -1.17918308e+01, -4.44435589e+02, -1.64602572e+02,  1.50282957e+02,    -2.78939992e+02, -4.08938228e+02,  7.81132029e+02, -1.94357030e+02,    -3.85257094e+02,  2.18544624e+02, -1.03170607e+02,  4.44846973e+02,    -1.41334805e+01,  7.53086666e+01,  8.84553299e+02, -1.55504630e+02,    -3.03332048e+02, -3.23926574e+02, -4.61616465e+02, -2.86574204e+02,     2.46521291e+02,  1.82334923e+02,  1.84623822e+02,  6.50719662e+02,     2.04427536e+01,  1.45334223e+02, -5.76472168e+02,  2.12551488e+01,    -2.02955524e+02, -2.32235694e+02,  1.52183769e+01,  3.05360473e+02,     3.33391770e+02,  6.68442665e+00,  8.14734499e+01,  2.56588485e+02,     3.25211959e+02, -2.09279700e+02, -1.14293026e+02,  1.47670061e+01,    -2.03944766e+02, -6.83933740e+01, -2.36058099e+02,  6.58857556e+02,     5.65718889e+02, -1.11129159e+02,  1.05238254e+02, -2.10127393e+01,    -2.07234597e+02,  2.90954663e+02, -7.70157294e+01,  3.39441846e+02,    -4.68517016e+02,  1.64644663e+02, -9.66369267e+01, -4.75281190e+02,    -2.20529038e+02,  2.38305974e+02, -7.46538338e+02,  3.67843725e+02,     4.29098585e+02, -6.25584569e+01, -4.46966668e+01, -2.83229462e+01,     2.12459471e+02, -2.87339088e+02,  3.17314584e+02,  2.47156954e+02,    -9.10719525e+02, -2.88020164e+02,  1.97477382e+02, -8.01267737e+01,     3.33868131e+02, -5.36322914e+02, -4.81037082e+00, -3.62172423e+02,    -1.07776726e+03,  6.54357570e+02, -5.17920599e+02, -5.02367858e+02,     7.72712298e+01,  1.11628633e+03,  3.64862814e-01, -1.88237401e+02,    -1.82720291e+01, -6.18293638e+01, -7.71981944e+02, -5.39080442e+02,     6.78734256e+02, -4.52583699e+01, -3.45093792e+02,  4.39128393e+02,    -3.01067827e+02,  3.44669645e+02,  4.74825329e+02, -5.36836385e+02,    -2.24178597e+02, -3.00314504e+02, -1.30685423e+02, -1.68846602e+02,    -5.87718539e+01,  1.19837849e+02, -2.92972654e+02,  2.58875203e+02,     5.20862235e+02, -1.40412417e+02, -1.55220437e+02,  1.20508186e+02,     4.99933728e+02,  4.24402064e+02,  3.20565119e+01, -1.48449706e+01,    -4.71311150e+01, -4.43390448e+02,  3.29594887e+02, -2.09165683e+02,     1.72419563e+02, -1.37575256e+02,  2.53401987e+02,  1.52985270e+02,    -6.86973342e+02, -2.42675939e+02, -6.88509337e+02, -2.82873126e+02,     6.50939425e+01, -1.50027506e+02,  2.61001578e+02, -2.52003485e+02,     1.66962098e+01,  9.13728115e+01,  6.49585658e+02,  3.26454688e+02,    -2.35540424e+02,  1.76505032e+01,  9.70064345e+01,  3.48197699e+02,    -5.48671801e+00,  4.41690328e+02,  2.11808713e+02,  7.77366787e+02,     2.23913336e+01,  5.96399717e+02, -2.27576551e+02, -3.35999766e+02,     7.21031371e+01,  6.41761269e+01,  2.65534053e+02, -5.60896795e+01,    -1.38918068e+02,  2.26692533e+02, -3.99975415e+02, -4.52051433e+02,     6.69678174e+02, -5.16395633e+01, -3.73253258e+02, -4.48408460e+00,    -1.23256810e+02,  3.05491301e+02,  2.88660781e+02, -1.71148537e+02,     9.78686934e+00, -2.36168136e+02, -2.84366648e+02, -2.48828475e+02,    -8.34466980e+02, -2.96672253e+01, -5.62886292e+02, -4.80682033e+02,    -3.44195981e+02,  1.53073644e+02, -3.28865273e+02,  1.90618401e+02,    -4.92949148e+02,  9.22007557e+00, -3.54797341e+02,  6.52842877e+01,     1.02981837e+02,  2.53540790e+02, -1.72432365e+02, -1.28482120e+02,     2.27242280e+02,  5.24781444e+02,  2.83943528e+02,  6.79650527e+01,    -5.95624221e+02, -1.20974865e+02, -2.69616120e+02, -5.29732749e+02,     3.61326562e+02, -3.01865696e+02, -3.82025241e+01, -2.00261639e+02,    -8.84089357e+02,  4.35207679e+02, -1.45551945e+02,  3.59582325e+02,    -6.05915423e+02,  5.72041419e+02,  3.72569382e+01, -2.71694954e+02,     4.08589757e+01, -2.04232593e+02, -5.96105895e+02,  1.23409447e+02,     2.44918514e+02,  2.83286510e+01, -3.15449192e+02, -1.13727169e+02,     1.41786775e+02,  2.55220070e+02,  5.59495616e+02,  2.21886023e+02,    -2.05007002e+02,  7.70570130e+02,  2.51523474e+02,  3.41224997e+02,    -1.47977723e+02,  2.31869760e+02,  1.51245172e+02, -5.38191924e+02,    -1.64080341e+02, -3.43637158e+02, -2.73203019e+02, -9.07060564e+01,    -1.53138719e+02, -3.24368537e+02, -9.90621159e+02, -2.65581931e+02,     1.34600116e+02,  8.78486077e+01,  8.16213113e+01,  4.32249005e+02,     1.61513445e+02,  2.79288746e+02, -3.68439758e+02,  4.03021541e+02,    -4.29300444e+02, -6.67735466e+02,  1.67100661e+02, -3.52019014e+02,    -3.65687315e+02, -1.37493960e+03, -1.04132383e+02,  6.97487522e+02,     4.06385275e+02, -8.91016492e+01, -1.03615200e+02,  2.57886885e+02,     5.93693633e+02, -3.52284608e+02, -8.33698087e+01, -2.76966393e+02,    -3.13494653e+02, -2.97285588e+02,  1.38548825e+02,  6.24860984e+02,    -5.73395401e+02, -4.62014392e+02,  2.14912377e+01, -7.50337690e+01,    -1.23668001e+02, -8.11825798e+02,  4.93804870e+02,  2.19464770e+02,     7.80261025e+01,  4.22540392e+02, -2.64604056e+02,  2.58710503e+02,     2.35368834e+02,  4.62015643e+01, -4.07507521e+01,  1.07051722e+02,    -1.41142171e+02,  4.10036589e+02, -3.80340297e+02,  3.66646090e+02,     8.11514507e+01,  9.76824235e+01,  2.06180675e+02, -7.50764369e+02,     5.61189896e+01, -5.58224007e+02, -4.40812334e+02, -4.27847366e+02,    -3.92565033e+02,  1.20393316e+01,  1.13593863e+02,  4.20734897e+02,     8.43553811e+01,  1.20040494e+02, -6.20234307e+02, -2.18367793e+02,     2.87041676e+02,  1.19252919e+01,  1.62663385e+01, -7.10176838e+01,     3.19591048e+02, -7.95203354e+02,  9.16687639e+01,  2.06246155e+02,     3.96508753e+02,  3.38783849e+02, -4.95095583e+02,  6.63726698e+01,     3.72549774e+01,  3.80548139e+01,  1.68941903e+01, -1.69553046e+02,    -2.74136524e+02,  1.37452512e+02,  5.45974918e+02, -7.80892351e+01,     8.32629877e+01,  1.55063790e+02, -2.15818985e+02, -2.14118879e+02,    -1.00710446e+03, -3.34345948e+02, -4.41920899e+02, -6.61720724e+01,    -5.53124373e+02,  6.54450958e+02, -2.57157444e+02, -4.60061285e+02,    -1.36362591e+03,  5.70518707e+02,  1.19441464e+02, -1.29072876e+01,    -5.34948615e+02,  9.15720453e+01, -1.51235470e+02, -2.83789652e+02,     1.02104194e+02,  2.79270812e+02,  6.89474159e+01, -1.50124201e+02,    -2.87412277e+01,  7.18875107e+00,  1.67532957e+02, -5.30032607e+02,     6.08724986e+02, -3.64788732e+02, -2.35896874e+02, -3.65569292e+02,    -8.45108208e+02,  8.25482963e+01, -4.15954090e+02, -1.91925353e+02,     2.96898260e+02, -2.09477357e+02,  4.95084240e+00, -8.55777424e+01,    -2.23366128e+02,  1.43619885e+01,  4.62226107e+02, -4.52260894e+02,     8.00423167e+02, -1.72092454e+02,  2.95748343e+02, -6.76833879e+01,     1.29967978e+02, -1.02464892e+02,  4.07723668e+02,  5.44109988e+02,     1.73374908e+02,  4.76489922e+02, -3.38653618e+02, -2.82790177e+01,    -1.98154638e+02,  5.93211653e+02,  5.01941926e+02,  3.84679214e+02,    -1.29509415e+02, -2.62776161e+02,  2.34201016e+02, -2.24964150e+02,    -1.19932805e+02, -6.31772658e+01, -2.26007621e+02,  4.46022176e+02,    -5.03975691e+01,  3.43600910e+02,  1.22750384e+02,  1.48198695e+02,    -2.97181888e+02,  2.81603233e+02, -1.58412499e+02, -1.13736429e+02,    -2.62066760e+01, -4.42291169e+02,  6.67560655e+02, -2.45345735e+02,    -3.59619199e+01,  1.72566123e+02,  1.48738491e+02,  6.15029471e+02,    -1.43205329e+02,  6.67213607e+02,  6.05541893e+02, -8.44777762e+02,     7.57520056e+01, -1.77797263e+02,  1.26861143e+02,  7.55009017e+01,     1.52481483e+02,  5.24595654e+02,  8.04718192e+02, -6.81583189e+02,     6.66389026e+02, -8.01850164e+02, -6.68265698e+02, -1.06668822e+02,    -9.93942824e+00,  6.10335244e+02,  3.36526008e+02, -1.59397478e+02,    -8.05066572e+02,  6.11478136e+02, -3.90956799e+02, -9.81192393e+00,    -4.41719327e+01,  1.07703658e+03, -2.46154908e+02, -9.15540600e+02,     2.68406237e+02, -1.40558742e+03,  9.67466172e+01, -3.09921707e+02,    -1.57533238e+02, -2.37328878e+02, -5.09590103e+02,  3.56517880e+02,    -3.14458267e+02, -7.94366078e+01, -6.80591167e+02, -5.81934187e+01,    -4.15476892e+02, -6.47385246e+02, -1.06435479e+03,  8.82793547e+01,    -2.80186132e+02, -7.28922302e+00, -1.17435710e+02, -6.88367538e+02,    -5.48884955e+02, -4.59181336e+02, -4.63046490e+02,  4.76302781e+02,     8.10146954e+01, -4.15461404e+02, -1.59238227e+02, -1.94849130e+02,     3.22971248e+02, -2.89728917e+02, -1.07039690e+02, -1.95521304e+02,    -3.11675444e+02, -3.25426594e+02,  3.32704359e+02, -1.52130660e+02,    -7.90790799e+02,  6.69674611e+02,  4.08317616e+02,  5.34722915e+01,    -6.29864249e+02, -6.56093443e+02,  9.42463060e+01,  1.22426124e+01,    -2.58707818e+02, -4.22180232e+02,  3.08566632e+02, -6.85044568e+01,     2.37343323e+02,  4.29296666e+02,  2.92635387e+02,  3.06166530e+02,     2.21572466e+02, -1.76694462e+02, -1.08767099e+02, -1.91161714e+02,    -3.03195732e+02, -3.97242696e+02, -5.62003706e+02, -3.39739697e+02,    -6.98215984e+01, -6.92366104e+02, -7.52340879e+01,  2.82916153e+02,    -6.20652055e+02,  2.15995532e+02,  1.88622408e+02, -6.11659800e+02,    -4.93215380e+02, -1.35697950e+02,  1.83841738e+02, -3.44708867e+02,     6.08249796e+02,  5.45368843e+02, -6.51526256e+02,  4.39484504e+02,     3.07718402e+02,  6.61134409e+01,  2.19500438e+02, -3.70054639e+02,    -1.23760142e+02,  4.69098267e+01,  1.53500681e+02,  3.92504216e+02,    -4.39244707e+02, -3.72346570e+01,  1.53713433e+02, -1.27180120e+01,    -2.28846791e+02,  1.71335203e+02, -2.31284367e+02, -1.74846063e+02,     3.29376430e+01, -5.20128005e+02,  3.14393918e+01, -2.03716423e+02,    -1.08911341e+02,  4.88095105e+00, -4.92083367e+02,  4.88613756e+02,    -2.32896620e+02, -1.11985309e+03, -7.33015607e+02,  3.38345375e+02,    -3.07883277e+02, -1.47609984e+02, -2.52148729e+02, -1.44255653e+02,    -8.64958799e+02, -9.63773052e+01, -5.54469635e+02, -2.88971014e+02,     2.22686282e+02,  6.43613770e+02, -3.08957677e+00, -2.73843779e+01,     5.04423001e+02, -4.38686229e+02,  3.10534223e+02,  8.00712626e+01,    -3.60615508e+02, -1.55893851e+02,  2.12174032e+02,  1.60227003e+01,     8.53863059e+01,  9.89151927e+01, -2.03793579e+02, -2.41280051e+02,    -4.56968693e+02,  4.32941956e+02, -5.49130301e+02, -4.03813093e+02,     8.25092698e+01, -7.73107889e+02,  1.66936416e+02,  5.42135435e+02,    -4.14175177e+01,  6.05363079e+01, -2.15253375e+02, -1.76789916e+02,     8.85807192e+01,  3.24007136e+02, -3.49726059e+02,  2.67209251e+02,    -9.56366689e+01, -3.42927392e+01,  2.33089134e+02,  1.65613659e+02,    -7.79582815e+01, -3.62791457e+00,  2.10041779e+02,  2.42707311e+02,    -6.20783574e+02,  5.74863102e+01,  4.66139845e+02, -8.40516034e+02,     2.80738042e+02, -1.03124590e+03, -7.99265432e+01, -1.28521315e+02,    -7.35705884e+01, -7.76543699e+01, -2.23514985e+02, -3.15186100e+01,     1.42408091e+02, -2.08919739e+02,  1.21770539e+02,  7.50450046e+02,    -5.55328873e+02, -2.30604665e+02,  3.16122468e+02,  2.14315759e+02,     3.57847622e+02,  1.41557128e+02,  2.44566155e+02, -1.61447366e+02,    -4.22846459e+02, -3.67179134e+02, -1.79411595e+02,  5.98144954e+00,    -3.62971588e+02, -1.31627822e+02,  5.75858749e+01,  1.99926684e+02,    -8.64312206e+01,  4.85798770e+02, -4.38313803e+02, -4.56129989e+01,    -2.36154126e+01,  2.40796659e+02, -3.51685868e+02, -2.21002619e+02,     2.36545413e+02,  4.31537072e+02,  6.03026435e+02,  3.03276640e+02,     3.56627666e+02, -2.56772413e+02,  5.40204544e+02,  5.81821728e+02,    -5.51088240e+01,  3.39970770e+02,  3.28298553e+02, -2.19460059e+02,     1.45187513e+01,  5.29756254e+02, -2.40044571e+02, -1.07028485e+02,    -5.22672763e+02,  2.32134092e+02, -6.55854063e+01,  1.52044321e+02,     8.24361177e+01, -3.59792278e+02,  3.96558565e+02,  3.51356863e+02,    -2.05319050e+02,  1.58836311e+02, -4.96051225e+02, -4.46168760e+02,     2.01726317e+02, -5.95411524e+02, -2.33151695e+02,  8.25759629e+01,     6.97444225e+02, -2.09935265e+02, -9.03765668e+01, -1.26636871e+02,     9.90002827e+02,  1.22415372e+02, -3.74650938e+02,  5.90632155e+02,     5.43465171e+02,  2.59416152e+02,  6.30059925e+02,  6.97998181e+02,    -9.05029754e+01, -2.58515284e+02, -2.80032338e+02,  2.31884265e+02,     3.26795346e+02, -4.24461379e+01, -1.77984001e+02, -5.30979154e+02,    -2.59707750e+02, -3.81883665e+02,  2.54661009e+02,  1.30195162e+02,     5.39457899e+02,  4.93915263e+01, -2.16765057e+02, -6.79939564e+01,     3.44971512e+02,  1.13029821e+02,  4.39698468e+02,  4.95391134e+02,    -1.19205693e+02, -7.77057931e+01, -8.32594525e+02,  4.59934258e+02,    -4.66044676e+01,  4.33409072e+02, -1.58148707e+02, -5.02303589e+02,     1.70492393e+02,  5.96281030e+02, -2.11096589e+02,  5.88479469e+02,    -6.22073076e+02, -1.93643699e+02, -6.73671774e+02,  1.90071214e+02,     9.90044978e+01,  7.21210741e+00, -5.15475729e+02,  7.55473524e+02,     4.53360706e+02,  7.05774419e+01, -3.94874384e+02,  1.87770128e+02,    -2.34535848e+02, -7.55395724e+01, -1.87951490e+02,  1.79377215e+02,    -8.70807817e+01, -1.75429449e+02,  1.64732331e+02,  2.25820577e+02,    -7.32201722e+02,  1.67713945e+02,  5.76081713e+02,  3.60468339e+02,    -1.13286864e+02,  2.92813124e+01, -3.07783399e+02,  5.06142395e+02,     1.50547747e+02, -5.79119435e+01, -5.97871153e+01,  9.35358392e+02,     6.91670064e+00,  2.65424424e+02,  6.20949923e+02,  8.36763360e+02,     5.48277964e+02,  3.63602206e+02, -5.45318162e+02, -3.71944484e+02,     2.96636612e+02,  1.43838736e+01,  2.77447803e+02,  1.58452604e+02,     5.03562674e+02, -6.64123065e+02, -4.20567396e+02, -5.48634881e+01,    -7.42129807e+02,  1.67766461e+02,  3.37486343e+02,  1.19925740e+02,    -1.95181423e+02,  2.02671555e+02,  1.21951802e+03,  2.22071403e+02,     1.30062471e+02, -4.19971848e+02, -5.67220150e+02, -1.34450317e+02,     2.66519121e+02, -4.48049985e+01,  1.79843735e+02,  3.01778896e+02,    -5.12855168e+02,  2.12237713e+02,  4.49501876e+02,  5.01838578e+02,    -4.81120478e+01,  9.89180673e+00, -7.95889950e+01, -4.32648234e+02,    -5.70859020e+02,  7.15162854e+02, -5.76398740e+01, -5.07112146e+02,     1.90180820e+01, -1.96013204e+02,  7.83066141e+02, -2.05039843e+02,    -2.95663270e+02,  2.67911378e+02, -1.24859923e+02,  3.71183747e+02,    -4.75745525e+01,  8.61947637e+02,  4.31343870e+02, -1.05063040e+01,    -3.09079403e+02,  2.12013558e+02, -4.75124672e+02, -9.99626983e+01,     5.21360594e+02, -2.40442562e+02, -4.04298295e+02, -1.90696755e+02,     4.45066926e+02,  1.24920653e+02, -7.11280103e+02,  2.62229797e+02,     1.28145655e+02,  5.91589886e+01, -4.38587377e+02,  1.44800311e+01,     3.00591198e+02,  4.37395578e+02,  5.48904296e+02,  2.23322258e+02,     3.51151165e+01, -4.35365209e+02, -4.10185287e+02, -6.37445039e+02,    -7.90087383e+01,  2.70861239e+02, -2.09815197e+01,  4.59624727e+02,    -2.71648810e+02,  1.57373753e+02, -1.02896279e+02, -2.55277290e+02,     5.07053676e+02,  6.53745489e+01,  5.25958381e+02,  2.51550735e+01,     2.13548611e+02, -1.70924206e+02,  5.36353746e+02, -1.03301791e+02,    -3.28737392e+00, -6.70303685e+02, -9.25647827e+01,  6.23777770e+02,     5.70630424e+02,  2.26420790e+02, -1.29310665e+02,  3.30966342e+01,    -1.51887296e+02, -4.93943970e+01,  7.71286173e+02,  1.56202248e+01,    -2.03158940e+02, -9.46132370e+02, -4.64742163e+02, -3.22449128e+02,    -5.74897780e+02, -4.81524770e+02, -6.09156175e+02, -3.97963482e+02,    -3.26395962e+02, -4.11828956e+02,  4.08909333e+02, -2.18055853e+02,    -8.30501297e+02,  3.42228872e+02, -2.47676485e+02, -7.04397495e+02,     8.32024173e+02, -2.06627894e+02,  1.69356245e+02,  3.49565654e+02,     8.02384228e+00,  2.23880189e+02,  7.32246252e+00, -1.26275115e+01,    -1.17431534e+02, -6.21453179e+02,  9.11057182e+01, -1.11808655e+03,     5.60851008e+02, -3.76021756e+02, -1.19211350e+02, -1.52888263e+02,     8.94299532e+01, -1.61675798e+02,  2.45887456e+02, -4.61803951e+02,     3.24979823e+02,  3.35566468e+02,  1.32978285e+02,  8.45746377e+01,     1.70562120e+02,  6.38039800e+01,  2.59589974e+02, -8.13517279e+01,    -5.37796242e+02,  8.40312138e+01, -1.97864737e+02, -3.87393240e+01,     4.28021907e+02, -6.95930644e+02,  8.55043402e+00,  1.17546854e+01,     7.42271920e+01,  2.85171514e+02, -1.18476329e+02,  7.22063611e+02,     4.15181647e+02, -1.50472914e+02, -9.09389485e+01,  1.65832775e+01,     6.69077822e+02, -4.78670700e+02, -8.94235854e+02,  2.48364010e+02,    -1.04788565e+02, -1.08456387e+02,  1.44603853e+02,  6.71994116e+02,     4.09597443e+02, -1.51095732e+02, -4.33636185e+02, -5.19810184e+01,     2.52636862e+02, -1.13005323e+02, -6.39299956e+02, -2.46602702e+01,    -7.98801654e+02, -4.19240765e+02,  6.84098050e+02, -4.40646206e+02,    -5.71585820e+02, -4.46936003e+02, -3.04104541e+02,  2.87624391e+02,     7.08711347e+02, -4.40518657e+01,  2.36759262e+02, -1.54663685e+02,    -5.99721252e+02,  4.02226844e+02, -3.92256908e+02,  2.43636096e+02,     3.11533021e+02, -6.42573540e+01,  3.54368782e+02,  3.76810221e+02,     9.25237494e+02, -1.27979141e+02, -3.96970617e+02, -5.48576994e+02,    -1.30341635e+02, -2.23327812e+02,  8.73005329e+02, -3.81040422e+02,     8.76283867e+01,  6.37149097e+01, -2.25166540e+02, -6.98261912e+02,    -5.57928950e+01,  8.41089470e+02,  9.44967557e+01,  6.09006990e+01,    -4.61529562e+02, -5.21889633e+02, -8.46096420e+01,  4.16978112e+02,    -1.92615243e+02,  9.17047931e+02, -3.77904617e+02,  1.46267453e+02,    -1.78377663e+02, -5.90159199e+02,  2.65510403e+01, -4.40187319e+02,    -6.41520838e+02,  7.11567525e+01,  2.03278803e+01,  4.45457441e+02,     1.80768855e+02, -2.91546740e+02,  1.94551885e+02, -7.11101492e+02,    -4.55682503e+02,  7.80820689e+02,  1.12083417e+02, -1.21970536e+02,    -2.78068952e+02, -4.00572242e+01, -6.75540007e+01,  7.32776209e+02,     3.52768180e+02, -1.26626898e+02, -6.02132782e+01, -3.46980032e+02,    -1.75170026e+02, -5.79634638e+02,  4.12790854e+02,  6.44587649e+01,     1.19093722e+02,  1.31147229e+02, -4.74792827e+01, -1.57834641e+02,    -4.55800407e+00, -9.16404673e+02, -1.64570425e+02, -6.98624965e+01,    -7.90586406e+01,  4.72803027e+02,  5.44687394e+02,  1.39433265e+02,    -8.25480808e+02,  5.51752221e+02, -1.72200392e+02, -3.32812113e+02,    -7.52511506e+02, -2.81205335e+02,  5.08667487e+02,  2.35527701e+02,     5.99928680e+01,  2.64627684e+02, -5.02648110e+02, -3.83008556e+02,     4.76482023e+02,  3.29185281e+02,  4.45664853e+02, -1.83793661e+00,     5.94085271e+01,  4.77678021e+02,  8.52195717e+02, -2.12627322e+02,     3.26041697e+02, -1.45537548e+02, -3.61971447e+02, -2.95301347e+02,    -2.64253286e+02, -1.29396804e+02, -4.40628737e+02, -2.01945942e+02,    -1.20268724e+03,  2.93940669e+02,  1.68168080e+02, -3.18717192e+01,    -3.57935007e+02, -1.93360086e+02, -4.65008129e+02,  1.01281973e+02,     7.10457769e+02, -1.78800600e+02, -1.41819408e+02,  1.89208757e+02,    -4.18164106e+02,  7.48653240e+02,  1.43125327e+02,  1.59767803e+02,     4.45540076e+02,  1.52529839e+01,  4.84345243e+02,  1.41948640e+02,    -7.41287652e+01,  8.10040811e+01, -1.94145482e+01,  5.99884669e+02,     7.81607380e+01,  1.27810884e+02, -7.77402083e+01,  1.14750681e+02,    -7.98436036e+02, -3.20894567e+02, -3.98288724e+02,  4.42568496e+02,    -2.52381190e+02, -5.55562097e+02,  5.07466248e+02, -1.03869428e+02,     3.77269427e+02, -7.88763631e+02,  2.13532763e+02,  6.60375741e+01,     5.12197349e+01, -7.65454156e+01, -5.62319532e+01,  4.25441664e+02,    -2.12059806e+00, -4.27008633e+02, -1.38284799e+02,  2.18326843e+02,    -1.00806656e+03, -8.01894176e+02,  1.29703554e+01,  9.66777321e+01,    -3.75370498e+02, -3.65524383e+01,  9.36764339e+02,  2.84198827e+02,    -4.84676280e+02,  8.11899937e+01, -7.73414021e+01,  8.96587705e+01,    -2.96381791e+02,  1.60508113e+02,  2.45158007e+02, -5.81626333e+01,     9.72291967e+02, -9.20777751e+01, -2.77598665e+02,  1.64844493e+02,     3.56940022e+02, -3.06175378e+02, -2.56169380e+01,  8.28515109e+02,    -2.04324949e+01,  5.09323014e+02,  1.23600559e+02, -8.32608951e+01,    -2.27857659e+02,  4.92228877e+02, -4.74941287e+02, -1.81677319e+01,    -1.29927205e+02, -3.65301482e+02,  1.45196818e+02,  2.06016810e+02,     7.69856061e+01, -1.40522425e+01, -3.34561864e+02,  1.59782453e+02,    -1.53329474e+01, -2.16608834e+02, -1.86927288e+02,  1.70227839e+02,    -4.30688051e+01, -3.16543006e+02, -9.20558705e+02,  7.92461673e+01,     2.02074042e+02, -4.04594685e+02, -1.94984221e+02,  7.13005543e+02,     6.30414151e+01,  3.04819900e+02,  5.64427577e+01,  3.19176138e+02,     4.45365025e+01, -3.40850613e+02, -3.34163734e+01,  7.19214069e+01,     2.40630657e+02,  6.93784617e+02,  4.25702124e+02,  1.82994613e+01,     1.48484307e+02,  5.22142359e+02,  2.26609782e+02, -6.27908921e+02,    -2.31656391e+02,  1.16493404e+02,  7.39927410e+01,  2.28421609e+02,    -4.54623671e+02,  1.09709565e+02,  3.47757668e+02,  4.27042757e+02,    -3.87765186e+02, -4.51350395e+01, -1.99240993e+01, -1.17475545e+02,    -2.87527577e+02, -1.71197489e+02, -2.83090522e+01,  6.92520305e+01,     3.57763442e+02, -2.69037369e+02,  6.92533414e+02,  3.08006692e+02,     2.18387383e+02,  2.87910136e+02,  2.62904146e+02,  2.84237534e+02,     4.67706399e+02, -3.82772990e+02,  5.47415920e+02, -9.63507766e+02,     2.69016575e+02, -9.40909777e+02,  7.29334715e+02,  6.29146477e+02,    -1.00570964e+02, -4.25704559e+02, -3.65904753e+02, -4.98603601e+02,    -5.36527192e+02,  4.97773219e+02,  3.71819889e+02,  2.09449335e+02,     2.75057023e+02,  3.52211415e+02, -3.32976502e+02, -1.74715337e+02,     4.96930837e+02, -1.07766387e+02,  4.58562230e+02,  6.33011976e+02,    -3.74705085e+01, -6.23766719e+02,  1.22119474e+01, -1.14699133e+01,    -8.50082133e+01,  6.67778688e+00, -5.81192399e+02, -1.59750409e+02,     5.13226548e+01,  7.69511389e+01,  4.19248836e+02, -3.46315352e+02,     5.30139384e+02, -3.50339529e+02,  1.92312495e+02,  3.37274091e+02]
gas_BEE = [-1.73981077e+01,-6.18276128e-01,-3.93818520e+00,1.23452883e+01,-6.14029530e+00,-4.94410807e+00,-1.19697296e+01,-2.62706805e+01,-1.13190827e+01,-1.21289102e+01,-9.89000020e+00,8.76831491e-01,6.51909849e-01,4.23751381e-01,9.41497403e-01,1.31981186e+01,-6.04154625e+00,-4.48668773e+00,5.83096122e+00,-3.12817728e+01,1.54697049e+01,-6.50472661e+00,-1.64593197e+00,-3.00592557e+00,-5.86022932e-01,-1.80313910e+00,2.50858573e+01,-5.14494079e+00,-2.47135001e+00,-1.49567216e+01,2.12629034e+01,-3.13274294e+00,-1.13251232e+01,6.01649303e+00,-8.84507457e-01,6.36824479e+00,-4.89979343e-01,1.29557334e+00,8.92556236e+00,-2.88423861e+01,1.56218566e+01,3.28733873e+00,-2.00283903e+00,-9.03750943e+00,3.40265211e+00,-4.39094827e+00,1.30587061e+01,1.01935036e+01,-7.00136852e+00,-8.49478190e+00,-8.43713701e+00,-1.01194573e+01,4.86409358e+00,-1.44894198e+01,3.94807623e+00,1.69960186e+01,1.94335926e+01,9.54011937e+00,4.95006179e+00,8.23249186e+00,2.54527361e+01,5.76831577e+00,-1.56314702e+01,-3.54073699e+00,-7.66492979e+00,1.75803101e+01,-2.14589077e+01,-1.73667000e+01,-8.28031450e+00,-3.41969487e+00,-1.21058398e+01,7.73886421e+00,3.44597402e+00,3.63828419e+00,-1.09490910e+01,-9.87688104e+00,-1.56733409e+01,1.01017521e+01,-8.92055242e+00,8.08467093e+00,-1.91569706e+00,-8.64037255e+00,-1.55403545e+01,-4.51618722e+00,-3.95771895e+00,-4.33048715e+00,1.12045768e+01,2.03014062e+01,-1.18887700e+01,-2.25130311e+01,-5.55549495e+00,3.12723357e+01,-1.58328114e+01,9.10108184e+00,-2.71689927e+00,-1.77892820e+01,7.75246908e+00,9.85256604e+00,-4.32681746e+00,9.12635807e+00,-7.77299386e+00,-1.52830616e+01,2.64239758e+01,1.25840311e+01,7.68848437e+00,3.48584259e+00,5.57653498e+00,2.33389344e+01,-7.52179286e+00,1.17601951e+00,-3.95025259e+01,5.63412415e+00,-1.92503003e+01,3.75665301e+00,5.89631976e+00,-9.66223935e+00,-1.48845373e+01,1.37526372e+00,-8.45990486e+00,1.08090099e+01,-1.32012446e+01,-1.17750853e+00,-1.05522352e+01,-8.53379979e-01,1.88997623e-01,5.21137870e+00,1.35579066e-01,-2.05212233e+00,1.76181213e+01,2.56771681e+01,1.35881949e+01,2.07137345e+01,-3.84877868e+00,2.89994573e+00,1.49104263e+01,-8.24394466e-01,-2.12388286e+01,-1.15817505e+01,-1.40177830e+01,-8.27033249e+00,7.69555592e+00,-3.35603543e+01,-4.08209783e+00,1.22677902e+01,-1.13796494e+01,-9.32054742e+00,1.51506744e+01,1.31702462e+01,-8.75446747e+00,6.64137518e+00,-7.14002321e+00,1.04359447e+01,2.02433548e+00,4.30603474e+00,-2.39769534e+01,-1.36858597e+01,-2.67898296e+00,-3.98115378e-01,-1.12431260e+01,3.04919576e+01,-4.59705911e+00,-8.87285114e+00,1.12065578e+01,-1.31641523e+01,-1.00172780e+01,8.76639497e+00,3.02552731e+00,3.20142790e+00,3.55169475e+00,-3.14404314e+00,4.30866260e+00,1.65796184e+01,-8.26927596e+00,5.46535494e+00,2.54003650e+01,8.90696530e+00,-1.46879797e+00,-5.23245046e+00,4.30625717e+01,-5.85211311e+00,1.06215864e+01,7.25188881e+00,9.08678428e+00,2.58919194e+01,1.36415962e+01,-1.17465624e+00,6.33859775e+00,1.39520525e+01,1.06339366e+01,-1.62450386e+01,2.64189129e+01,-2.41143160e+01,-4.30692386e+00,1.61063726e+01,2.92413469e+00,1.33745694e+00,8.74895316e+00,5.86516799e+00,9.44942490e+00,-1.76050840e+01,1.05603014e+00,-7.13823927e+00,-2.02228480e+00,-3.95424857e-01,-2.89870605e+00,-1.54747905e+00,2.36915977e+01,-1.82944633e+00,-8.21147781e+00,-8.02469075e-01,3.76323159e+00,-1.70693115e+01,-1.33450562e+01,-9.80448918e+00,-1.75530992e+01,-4.95210612e+00,-1.16495206e+01,5.09849429e+00,-1.80382574e-01,-3.30783152e+00,-2.45374950e+00,1.84317660e+00,-5.79204681e+00,1.84005419e+01,-2.36102661e+01,-3.63671615e+00,-4.51221980e+00,4.81859664e+00,5.36816384e+00,-1.37588948e+01,-4.27482981e+00,1.24551625e+01,-6.65785506e+00,4.03373505e+00,1.03678864e+01,-3.29360778e-01,3.22920261e+01,-4.69400099e+00,-1.00115190e+01,7.22873911e-01,-7.38454285e+00,1.46337620e+01,-1.17678052e+01,3.42851436e+00,1.55697098e+01,-3.90212449e+00,3.32795372e+01,3.55595982e+01,-1.96021722e+01,1.61039553e+01,5.39566796e+00,-1.51250331e+01,5.66506799e+00,1.08364595e+01,1.17137590e+01,1.16190867e+00,4.54053631e+00,2.02372231e+01,-6.50074528e+00,3.42318409e+00,1.98901435e+01,-1.02953681e+01,-5.29793317e+00,1.55507512e+01,8.46466151e+00,2.17369082e+01,8.19950539e+00,2.82276748e+00,7.10319895e+00,1.15195103e+01,-1.35658303e+01,1.24440342e+00,5.59703926e+00,2.74634061e+00,6.41492911e+00,-1.69554464e+01,9.62210261e+00,-1.22814783e+01,-8.89171421e+00,4.81370721e+00,-3.71972107e+00,1.59256863e+01,-5.95041055e+00,7.66576689e+00,8.86870342e+00,2.23328317e+01,1.53337572e+01,1.40780361e+01,-2.38583826e+00,-2.12252346e+00,-8.76818654e+00,2.20662366e+01,2.28913219e+01,1.04202874e+01,-6.88629926e+00,1.40885160e+01,-2.05713132e+00,5.81412123e+00,1.85396769e+01,-4.13846825e-01,-3.00867001e+00,-7.18305366e+00,-1.57517491e+01,2.69257085e+01,1.29673006e+01,-1.69459236e+01,-4.73346002e+00,7.18368017e+00,-3.33979408e+00,1.75904111e+01,4.37280451e+00,2.24457909e+01,7.69986479e+00,-7.24742513e+00,5.97274332e+00,-1.65901837e+00,-8.03451101e+00,4.54964945e+00,5.40289693e+00,2.51655749e+01,2.16996722e+01,1.56109209e+01,1.99287738e+01,2.06326796e+00,-7.67314292e+00,3.91324834e+00,-9.79161175e+00,-1.47194065e+01,-1.61697395e+01,-8.27725355e+00,-3.06762023e+01,-9.26372750e+00,-2.39220575e+01,5.37839792e+00,-1.30684360e+01,1.27681644e+01,-2.66904035e+01,-8.63594642e+00,1.30969326e+01,6.05903103e+00,-2.42448365e+01,1.62925967e+01,-7.66312989e+00,1.51217695e+01,-7.94555957e+00,-2.15617885e+01,4.39346153e+00,-1.78182011e+01,-2.93947426e+00,-1.05763530e-01,1.20060383e+01,3.52409031e+01,-1.26196719e+01,-1.03975253e+01,-1.19856925e+00,-3.06901024e+00,-2.25643873e+01,-1.64455635e+01,1.46086607e+01,-6.38267324e+00,5.14049855e+00,-1.37445237e+01,-3.84161873e+00,-1.18972624e+01,1.42814803e+01,4.38377503e+00,-6.76967070e+00,-4.04049147e+00,2.98883679e+00,-2.26187534e+00,1.15371684e+01,-7.40263907e+00,1.76622464e+00,9.27684718e+00,4.32726930e+00,-5.58575961e+00,4.37373169e+01,1.57445322e+01,1.81928783e+00,2.58189622e+00,-1.70832684e+01,8.89845728e+00,-2.09075319e+01,-8.40985281e+00,-1.61713418e+01,-5.27726844e+00,1.61742046e+01,-1.59260923e+01,5.83336118e+00,-1.03417416e+00,7.18238215e-01,-1.00835473e+01,-1.21947677e+01,-1.18946710e+00,-1.10393871e+01,-6.47503833e+00,-1.12601908e+01,-2.15163934e+00,-9.29879092e+00,-1.40384620e+01,6.56922751e+00,-4.58914052e+00,5.83966437e+00,2.87272932e+00,-2.07122237e+01,-1.49581907e+01,-1.24999108e+01,9.77258525e+00,-7.12870235e-01,-1.76649847e+01,1.60096182e+01,-1.18444798e+01,1.54876872e+01,-8.30916228e+00,-1.34985102e+01,7.71327550e+00,-1.97038338e+01,-9.97699348e+00,1.78813252e+01,5.81231031e+00,-1.08788633e+01,1.51272898e+01,-4.65064983e+00,-9.79318672e+00,-8.62974511e+00,-1.44233925e+01,6.76089850e+00,-2.52124303e+01,-2.27691013e+01,-1.87684791e+00,-8.22091698e+00,-1.65269894e+01,2.07917494e+01,3.78118311e+01,-8.01115226e+00,-6.16444419e-01,-1.78588704e+01,1.82905313e+01,5.59402848e+00,-5.14519967e+00,-1.08828564e+01,4.03461033e+00,-1.69826891e+01,-4.04186569e+00,-2.50114112e+01,9.20706417e+00,4.29333976e+00,-5.93028940e-01,-2.34739879e+00,-1.02762792e+01,-2.96488091e+00,3.71067431e+01,-4.70938013e+00,-1.29603210e+01,-1.90479436e+01,3.62855872e+00,-1.00184398e+01,2.03819769e+00,8.58084916e+00,1.81405010e+00,9.21661458e+00,4.36347230e+00,1.69871879e+01,8.11047399e+00,-9.61935850e+00,1.25708009e+01,1.01180602e+01,3.51023807e+00,1.18668683e+01,-7.25529802e+00,2.04712627e+01,5.84242985e+00,-8.88951592e+00,-2.00801455e+00,-4.81514705e+00,5.65184589e+00,-7.42728054e+00,-1.65389692e+00,-3.09991410e+00,2.27049900e+01,1.55679152e+01,-1.91221304e+01,-1.53720120e+00,-1.49779361e+01,-4.16412716e+00,-6.65798924e+00,2.26527705e+00,-7.06648804e-01,-7.50302283e+00,3.28276090e+00,-2.27244150e+00,-3.00727792e+00,2.42713862e+01,4.86201998e+00,-2.27758899e+01,-1.21207099e+01,2.61806275e+01,6.88017111e+00,-2.47904732e+00,3.03890550e+01,-5.38414569e+00,-2.67734973e+00,-2.64423455e+00,3.94979048e+00,8.32791136e+00,1.31587788e+00,8.16276295e+00,-4.11589173e+00,-9.79266398e+00,-1.11838138e+01,-1.37575010e+01,1.24929741e+01,4.09677844e+00,1.07873240e+01,4.37638186e+00,2.47604775e+01,4.94516943e+00,-2.21320368e+01,-9.34947634e+00,2.30121467e+00,-8.05604010e+00,1.75764222e+01,-3.77389657e+00,4.60134144e+00,1.45914181e+01,-2.16058089e+01,4.17031025e+01,5.55269473e+00,6.96358768e+00,1.02806689e+01,1.87318259e+00,-7.85361951e-01,9.59445464e+00,-9.83521645e+00,2.31107382e+01,2.02553900e+01,-1.09085442e+01,4.91259718e+00,1.97661781e+01,-6.24000725e+00,4.99284456e+00,1.08595885e+01,1.21690642e+01,-2.14094714e+01,-2.91621262e+00,-8.79843576e+00,-1.59346892e+00,-1.95511754e+00,2.61940006e-01,-4.87348317e+00,-8.07699975e+00,3.16208298e+00,2.64057548e+00,1.51085691e+01,-1.20706293e+01,1.12519387e+01,1.36343442e+01,-4.06332160e+00,2.26882315e+01,-1.90401799e+01,-2.91034811e+01,-1.56582181e+00,-1.49887100e+00,8.88459394e-01,2.15918813e+01,-1.68925814e+00,1.15876779e+01,1.47608408e+01,1.09729279e+01,-1.56976240e+00,1.76102219e+01,-4.49863670e+00,-9.81419625e+00,-1.23355449e+01,1.76331963e+00,1.08239629e+01,-1.50717089e+00,1.05328211e+01,-1.18128984e-01,1.68337684e+01,5.25381347e+00,2.23748142e+00,-1.45756022e+00,8.83556257e+00,1.09766792e+01,5.38649592e+00,-5.41546123e-01,-1.50167870e+01,7.95245111e+00,5.50349375e+00,1.04173153e+01,8.50512892e+00,1.00088849e+01,-1.90968014e+00,8.16319174e+00,-8.16024604e+00,-7.35492599e-01,-1.54895595e+01,-9.32764453e+00,1.16273755e+01,-2.55541730e+01,7.77874223e+00,4.48814769e+00,2.40791461e+01,-6.32159132e+00,9.03721933e+00,-3.67160973e+00,-1.34129027e+01,-2.01406127e+01,-2.92218865e+00,-2.53305017e+01,4.15256130e+00,-6.46164294e+00,8.78533092e+00,6.32778258e+00,-7.28027465e+00,-7.77299912e+00,1.17111396e+01,-1.57608045e+01,-3.58376597e+00,-4.93899178e+00,6.39977180e+00,-8.77200759e-01,1.24580628e+00,-5.06488202e+00,1.53938449e+01,-1.43622865e+01,2.56713508e+00,1.66870967e+01,-9.32016296e+00,7.87779596e-01,-1.21519889e+00,-1.92383511e+01,-1.26851713e+01,-1.60971363e+00,7.85834832e+00,8.89524769e+00,1.85670912e+00,-2.15815189e+00,5.09987850e+00,-1.22129856e+01,-2.67932492e-01,-1.48361654e+01,-7.76768085e+00,1.36009714e+01,-8.52681464e+00,1.85020624e+01,-6.11942836e+00,9.91392427e+00,7.24229141e+00,-1.71880333e+01,-7.91736649e+00,2.25168316e+00,-1.06942345e+01,-1.09469269e+01,-2.40009117e+01,-1.58519021e+01,-1.41814527e+01,-1.21856643e+01,2.16769364e-01,4.97568769e+00,1.61325658e+00,5.99021228e+00,-1.62483393e+01,3.60779541e+00,7.06951313e+00,-1.91579651e+01,-1.75132436e+01,-1.11359254e+01,-7.14556612e+00,4.85452671e+00,1.91328145e-01,-1.20595023e+01,9.42999361e+00,-5.73940383e+00,1.48019593e+01,-2.44895854e+01,1.68976136e+01,-1.47052306e+00,-1.17711582e+01,-7.33502634e+00,1.06419683e-01,1.21475482e+01,-2.03371775e+01,-3.60083060e+00,-5.17267412e+00,1.30891993e+01,2.29495542e+01,-2.76169057e+01,2.61166256e+01,1.20673608e+01,-2.10755427e+01,-9.71970169e+00,2.15112488e+01,1.68270710e+01,-5.53090190e+00,-1.66622723e+00,3.76961704e+00,2.01793329e+01,-1.55514060e+01,4.44932418e+00,-1.61154548e+00,8.83545921e+00,-2.03114336e+01,-1.39156971e+00,-8.93018462e+00,1.32176034e+01,1.16210002e+01,-2.45823875e+01,-1.36496856e+01,-6.48932854e+00,-1.06904510e+01,-3.68536085e+00,-6.21743088e+00,1.25892068e+01,1.19462922e+01,-1.56049865e+00,-1.17743185e+01,-2.39126441e+01,1.30861844e+01,-1.38678275e+01,-9.18914410e+00,1.95419517e+00,-9.61256505e+00,-1.14515221e+01,-7.92862191e+00,-1.26888495e+01,-6.96377464e+00,-1.37466963e+01,1.61447624e+01,1.77110005e+01,-1.62679689e+00,-6.63143125e+00,-3.68006298e-01,1.18140903e+01,-2.46048840e+01,-5.97084432e+00,1.46390700e+01,1.88728159e+01,-4.73545041e+00,3.11936864e+00,1.47287097e+01,4.72738512e+00,-1.00738351e+00,-1.13338194e+01,5.67952470e+00,-9.61878248e+00,-4.31786305e+00,-5.14033010e+00,-4.84268364e+00,5.82139893e+00,2.25944128e+01,-9.75906960e-01,9.55842002e-01,-2.56130548e+01,-5.18693261e+00,-1.02725438e+01,8.66849121e-01,-1.17425185e+01,2.27434510e+01,2.37996144e+01,4.92707648e+00,-5.19677519e+00,4.23159141e+00,7.14671932e+00,-1.30607787e+01,-2.27370514e+00,4.24899891e+00,3.87339751e+00,1.49118941e+01,1.19286277e+01,-5.82573130e+00,7.75644849e+00,-2.74193815e+01,-1.02062987e+00,2.46877371e+01,4.10366501e+00,4.55774375e-02,8.53332696e+00,-6.97985311e+00,2.60338996e+01,-4.37186618e+00,2.34518746e+01,1.05093881e+01,-1.20128263e+01,9.01624281e+00,-8.33327103e+00,-1.91144673e+01,-1.84234629e+00,-1.54685049e+01,-1.52720441e+01,-8.75437985e-01,9.26413715e+00,-2.33302449e+00,-9.75918133e+00,2.27863984e+00,-1.96457951e+01,-1.80780203e+00,-2.41509497e+01,1.51468074e+01,-6.73934132e-01,-1.38273314e+01,-6.02442839e+00,5.01982082e+00,-9.35208664e+00,-1.26222516e+01,2.49601481e+01,-6.86472523e+00,-1.23829252e+01,8.09469324e+00,-4.31350985e+00,1.43984561e+01,-2.53480505e-01,1.75446013e+00,2.91797631e+01,-4.44895328e+00,-1.01242420e+01,-1.11880717e+01,-1.53183637e+01,-9.77137167e+00,7.68296680e+00,6.93527054e+00,7.05163902e+00,2.07896438e+01,5.43629377e-01,5.45402080e+00,-1.80712954e+01,2.74570758e-01,-6.39641066e+00,-8.17845375e+00,2.72991593e-01,9.46189485e+00,1.07620807e+01,-2.32725943e-01,2.52450158e+00,8.53149404e+00,1.08263888e+01,-6.05955129e+00,-3.12547185e+00,3.41487493e-01,-7.05924362e+00,-2.37319180e+00,-8.52236238e+00,2.12205938e+01,1.77367982e+01,-4.61385457e+00,3.96121699e+00,-1.11719288e+00,-7.20076798e+00,9.56032036e+00,-2.56035938e+00,9.93444928e+00,-1.45472088e+01,5.12852098e+00,-2.88995619e+00,-1.52594819e+01,-7.23694200e+00,7.22659313e+00,-2.61338010e+01,1.09477325e+01,1.34078730e+01,-2.30784674e+00,-1.57503018e+00,-7.99229321e-01,6.75668336e+00,-9.37887837e+00,1.00054140e+01,8.31093842e+00,-2.87912347e+01,-9.36426757e+00,6.71894770e+00,-2.82346538e+00,1.17362652e+01,-1.72163726e+01,-1.11610880e+00,-1.13916169e+01,-3.56080605e+01,2.17896446e+01,-1.68162108e+01,-1.73868912e+01,2.52192295e+00,3.61981584e+01,6.99610314e-01,-7.43802788e+00,-2.94700455e-01,-1.37680405e+00,-2.47708483e+01,-1.68408801e+01,2.32792122e+01,-2.50972202e+00,-1.07949506e+01,1.47446526e+01,-9.49967856e+00,1.04203399e+01,1.48378279e+01,-1.64015041e+01,-7.44221960e+00,-9.04295703e+00,-4.12844503e+00,-5.92780354e+00,-3.20413864e+00,4.28348346e+00,-9.53783383e+00,8.34787379e+00,1.66339524e+01,-3.46839856e+00,-5.06154492e+00,3.94475271e+00,1.55437513e+01,1.42648604e+01,1.40061302e+00,-1.42925990e+00,-2.00070691e+00,-1.45708567e+01,1.11468183e+01,-7.05707653e+00,5.41731626e+00,-4.51127153e+00,8.04268907e+00,4.62363499e+00,-2.27009614e+01,-8.02248226e+00,-2.20057864e+01,-9.64122505e+00,1.58573007e+00,-4.73837152e+00,8.88493351e+00,-8.03292886e+00,6.28954901e-01,2.54904654e+00,2.08337822e+01,1.08823996e+01,-7.80669046e+00,-1.87138804e-01,3.72845174e+00,1.06548066e+01,4.24034857e-02,1.52327745e+01,7.69659585e+00,2.49834089e+01,1.26990359e+00,1.91942582e+01,-7.16857480e+00,-1.10007708e+01,2.08276776e+00,1.92985721e+00,7.68839696e+00,-3.15043000e+00,-3.98595550e+00,6.72769324e+00,-1.32834803e+01,-1.51310114e+01,2.13487077e+01,-1.94173890e+00,-1.19605166e+01,-9.59105777e-01,-4.01696811e+00,1.04190142e+01,9.75992717e+00,-5.71926616e+00,-1.79799386e-01,-7.74539583e+00,-9.67953658e+00,-7.39541949e+00,-2.68895819e+01,-7.69540211e-01,-1.90151132e+01,-1.57416275e+01,-1.15828416e+01,5.06320450e+00,-1.08841127e+01,5.84063439e+00,-1.69482733e+01,2.13395437e-01,-1.13791460e+01,1.66478584e+00,2.59583277e+00,9.03201360e+00,-5.78297739e+00,-5.16164341e+00,8.01797650e+00,1.73981356e+01,8.88521707e+00,2.32022351e+00,-2.00267267e+01,-4.06899606e+00,-8.49553223e+00,-1.74693932e+01,1.24213942e+01,-9.78545315e+00,-1.38214629e+00,-7.33354142e+00,-2.84557845e+01,1.50020778e+01,-5.10620544e+00,1.15190034e+01,-2.03578313e+01,1.85936224e+01,1.13986662e+00,-8.33300845e+00,1.61495725e+00,-6.48658973e+00,-1.95276788e+01,4.65107503e+00,8.92783998e+00,5.61179890e-01,-9.76974053e+00,-3.88788856e+00,5.16366399e+00,8.84095333e+00,1.79370398e+01,7.21296096e+00,-6.27046915e+00,2.55275199e+01,7.14222584e+00,1.18360874e+01,-4.52668905e+00,7.97934418e+00,5.24502157e+00,-1.79439833e+01,-5.70552715e+00,-1.10459308e+01,-9.75541539e+00,-2.83035040e+00,-3.99237162e+00,-1.13268299e+01,-3.21657688e+01,-7.97864889e+00,4.48751257e+00,1.74230248e+00,2.93517196e+00,1.27859027e+01,4.33781979e+00,8.75301164e+00,-1.23259154e+01,1.29979387e+01,-1.24369478e+01,-2.05538390e+01,4.85647344e+00,-1.10224839e+01,-1.17310364e+01,-4.48874133e+01,-3.00544643e+00,2.29339672e+01,1.27862754e+01,-3.32005521e+00,-2.82637908e+00,9.48997599e+00,1.84615141e+01,-1.17494167e+01,-2.79407529e+00,-9.21661273e+00,-1.00553349e+01,-9.20755359e+00,4.09452305e+00,2.02975353e+01,-1.88892351e+01,-1.51213250e+01,5.11688137e-01,-2.88456282e+00,-4.94070174e+00,-2.57114696e+01,1.62794988e+01,6.86826993e+00,1.78172478e+00,1.40384131e+01,-8.67097452e+00,8.98503670e+00,7.83794959e+00,1.53082967e+00,-2.05858703e+00,3.34232546e+00,-4.17577066e+00,1.30609549e+01,-1.19205905e+01,1.17750362e+01,2.81032530e+00,3.90348879e+00,6.35626769e+00,-2.34811424e+01,2.12754306e+00,-1.86938804e+01,-1.40785153e+01,-1.38706144e+01,-1.34127399e+01,7.70393034e-01,4.27247118e+00,1.35371983e+01,2.56616863e+00,4.07380874e+00,-2.00377160e+01,-7.48780004e+00,9.55288371e+00,4.13874644e-01,-5.42693942e-03,-2.51652572e+00,1.00763595e+01,-2.60151198e+01,3.23629593e+00,6.67440953e+00,1.19345802e+01,1.05734526e+01,-1.60609438e+01,3.28941243e+00,1.60283684e+00,1.85113063e+00,5.14602443e-01,-6.17243394e+00,-1.00303542e+01,4.59786468e+00,1.71617393e+01,-2.32136813e+00,3.07728362e+00,3.87847049e+00,-7.71120947e+00,-7.51112630e+00,-3.31886288e+01,-1.13381055e+01,-1.50687603e+01,-2.52870986e+00,-1.84973350e+01,2.16457403e+01,-8.97464554e+00,-1.50931591e+01,-4.47488232e+01,1.89720331e+01,3.91820876e+00,4.03883555e-02,-1.73875774e+01,2.30488901e+00,-4.80834025e+00,-9.17168296e+00,2.13151829e+00,9.19702715e+00,2.12916825e+00,-4.86269602e+00,-2.43328707e-01,4.10580463e-01,4.54525409e+00,-1.84314005e+01,2.00055420e+01,-1.15955304e+01,-7.63211502e+00,-1.24554479e+01,-2.85446099e+01,1.92313364e+00,-1.40593700e+01,-6.32516706e+00,9.52131307e+00,-6.64048865e+00,-9.64258065e-01,-3.03049919e+00,-7.21726260e+00,3.20180058e-01,1.50738876e+01,-1.51618881e+01,2.71383792e+01,-6.07092974e+00,9.92127997e+00,-2.61218867e+00,3.81173638e+00,-3.27352921e+00,1.30003279e+01,1.78120683e+01,5.17853887e+00,1.48102358e+01,-9.90892724e+00,-1.14891331e+00,-7.00248655e+00,1.86865776e+01,1.61607165e+01,1.20250747e+01,-4.28141525e+00,-7.77388131e+00,6.99485455e+00,-7.54299391e+00,-4.11583981e+00,-2.00974683e+00,-8.49083984e+00,1.43178515e+01,-2.26473227e+00,1.02627587e+01,4.56173661e+00,4.90738406e+00,-9.52157356e+00,8.64098114e+00,-4.33853335e+00,-3.16482632e+00,-5.89653321e-01,-1.46258222e+01,2.21166013e+01,-7.82522802e+00,-1.36682149e-01,5.95895822e+00,5.59738947e+00,2.08821219e+01,-5.45466154e+00,2.15894772e+01,1.93555730e+01,-2.74733978e+01,2.08870953e+00,-5.40950794e+00,3.35258557e+00,2.08259327e+00,4.62173787e+00,1.74845716e+01,2.60243536e+01,-2.18532873e+01,2.18674003e+01,-2.67148452e+01,-2.23502023e+01,-3.51868858e+00,2.71416300e-01,2.08437524e+01,1.08013179e+01,-4.75703096e+00,-2.53832435e+01,1.91671353e+01,-1.27234121e+01,-1.16152430e-02,-1.45545953e+00,3.58676707e+01,-7.29002344e+00,-2.97826071e+01,8.50129749e+00,-4.50436589e+01,3.60202059e+00,-1.03331235e+01,-4.91281417e+00,-7.31507330e+00,-1.62122497e+01,1.08543953e+01,-9.79583871e+00,-2.54981117e+00,-2.20182957e+01,-1.38175946e+00,-1.40140959e+01,-2.12286064e+01,-3.34346216e+01,3.29213843e+00,-9.24031128e+00,1.86439972e-01,-3.47221493e+00,-2.31372260e+01,-1.77064217e+01,-1.58995920e+01,-1.52392800e+01,1.51990945e+01,2.46173840e+00,-1.31882394e+01,-6.06758533e+00,-7.09539097e+00,1.08099537e+01,-8.86798938e+00,-2.89345081e+00,-7.25278007e+00,-1.06619543e+01,-1.07682345e+01,1.10603557e+01,-4.15288622e+00,-2.52909627e+01,2.21407855e+01,1.30136632e+01,1.51281899e+00,-2.15471047e+01,-2.11716208e+01,2.91514748e+00,9.00168187e-01,-9.22463397e+00,-1.33165058e+01,9.94030972e+00,-1.77951352e+00,7.56998230e+00,1.36028221e+01,9.99007959e+00,8.33809166e+00,6.61347101e+00,-6.23544352e+00,-3.70468927e+00,-5.40627592e+00,-1.00281312e+01,-1.31845351e+01,-1.78840771e+01,-1.05467328e+01,-2.59681785e+00,-2.25685567e+01,-2.77475353e+00,9.31734803e+00,-2.10122897e+01,8.29447612e+00,7.12387873e+00,-1.93326940e+01,-1.58583879e+01,-5.15468952e+00,4.84713253e+00,-1.13346716e+01,2.03459279e+01,1.78594071e+01,-2.16957842e+01,1.35415846e+01,1.01261770e+01,2.99713008e+00,6.12720056e+00,-1.19508684e+01,-4.10597729e+00,1.30555637e+00,5.22095420e+00,1.23859193e+01,-1.52518070e+01,-1.91395471e+00,4.90387207e+00,3.78657037e-01,-8.64694212e+00,5.76292563e+00,-7.53453428e+00,-5.53991100e+00,7.20700165e-01,-1.71775826e+01,1.68359972e-01,-5.52571199e+00,-3.46627925e+00,1.76906301e+00,-1.55353843e+01,1.57202985e+01,-7.22831140e+00,-3.64821867e+01,-2.42344314e+01,1.05665232e+01,-1.00830381e+01,-5.26768479e+00,-7.78514773e+00,-4.84152882e+00,-2.86832180e+01,-2.28799266e+00,-1.76638966e+01,-8.82511745e+00,6.73226119e+00,2.14640736e+01,4.59918981e-01,-7.72183872e-02,1.64172141e+01,-1.44201821e+01,9.29900191e+00,2.13323297e+00,-1.29221157e+01,-6.24411669e+00,6.24522220e+00,3.74886967e-01,3.67061006e+00,3.51281447e+00,-6.39300523e+00,-8.10863352e+00,-1.40724969e+01,1.36489299e+01,-1.83542015e+01,-1.37377533e+01,3.67378971e+00,-2.46861065e+01,5.72591207e+00,1.65505221e+01,-2.29029080e+00,3.04279378e+00,-7.78230761e+00,-5.64310275e+00,2.54569935e+00,1.04023448e+01,-1.07094363e+01,7.58755489e+00,-3.53037819e+00,-6.58331778e-01,7.09630790e+00,5.00092002e+00,-2.73258644e+00,-3.09640988e-01,5.15087106e+00,7.93118541e+00,-1.98407490e+01,1.16653436e+00,1.49435932e+01,-2.65101231e+01,9.16330904e+00,-3.30141636e+01,-2.57220108e+00,-4.21078004e+00,-2.14896623e+00,-2.78116857e+00,-7.58038314e+00,-1.45195819e+00,3.94612063e+00,-6.66325904e+00,3.57359541e+00,2.48780549e+01,-1.71732816e+01,-7.43299607e+00,1.05959719e+01,6.57473211e+00,1.15014768e+01,4.49517752e+00,7.14303070e+00,-4.50431322e+00,-1.36750484e+01,-1.25929714e+01,-6.82260727e+00,7.55371873e-01,-1.15546442e+01,-3.65371237e+00,1.86042061e+00,6.36739724e+00,-2.31418782e+00,1.62493241e+01,-1.55540661e+01,-1.49847127e+00,-1.51488452e+00,8.08161861e+00,-1.20029238e+01,-7.41220106e+00,6.19245659e+00,1.40674220e+01,1.99831044e+01,9.92162374e+00,1.20211874e+01,-7.72235559e+00,1.79275687e+01,1.81531601e+01,-1.50865722e+00,9.91061291e+00,1.07217276e+01,-5.89683170e+00,1.75263189e+00,1.76684149e+01,-7.30566849e+00,-3.27488902e+00,-1.77375659e+01,6.94411027e+00,-3.01593989e+00,5.44428377e+00,1.85496673e+00,-1.13261428e+01,1.33822720e+01,1.11856575e+01,-7.25313197e+00,4.59503411e+00,-1.62992505e+01,-1.50160478e+01,6.56576527e+00,-1.91184745e+01,-8.37668585e+00,1.75354809e+00,2.36394767e+01,-5.98214694e+00,-3.37018014e+00,-4.40716429e+00,3.21609853e+01,4.84882809e+00,-1.15439259e+01,1.93874916e+01,1.76352882e+01,8.95880756e+00,2.13528679e+01,2.27478759e+01,-2.55306114e+00,-8.21111293e+00,-8.97905094e+00,7.33089688e+00,1.01858928e+01,-1.65115373e+00,-6.31275892e+00,-1.69956099e+01,-7.28501450e+00,-1.26497243e+01,8.25306805e+00,4.55717102e+00,1.69320997e+01,2.26014161e+00,-6.97723733e+00,-2.00251544e+00,1.13509762e+01,3.60830247e+00,1.55008315e+01,1.62066807e+01,-3.50796555e+00,-2.29397465e+00,-2.72622666e+01,1.43711693e+01,-1.29517008e+00,1.51602460e+01,-6.13665197e+00,-1.73609024e+01,5.21540577e+00,1.95915456e+01,-7.13091722e+00,1.90163552e+01,-2.03242504e+01,-6.56043921e+00,-2.26229915e+01,5.73729213e+00,2.90894231e+00,8.07021262e-01,-1.70231422e+01,2.46073480e+01,1.49725487e+01,2.11338412e+00,-1.30533778e+01,6.24034803e+00,-7.04149773e+00,-3.04995495e+00,-6.09183786e+00,5.51537456e+00,-3.28153907e+00,-5.36300062e+00,5.82703207e+00,6.85446221e+00,-2.43120625e+01,5.39744996e+00,1.84483483e+01,1.16753032e+01,-3.85545987e+00,7.50130600e-01,-1.02844307e+01,1.62142979e+01,4.07244531e+00,-1.82559164e+00,-1.68941249e+00,3.01942372e+01,-3.92858565e-01,8.10325089e+00,2.02144569e+01,2.74982549e+01,1.70043607e+01,1.19587763e+01,-1.72152673e+01,-1.26284002e+01,9.57535873e+00,4.71139764e-01,8.69856540e+00,4.40176068e+00,1.74066811e+01,-2.20449443e+01,-1.35922290e+01,-2.59188890e+00,-2.37421850e+01,4.75055328e+00,1.12353696e+01,2.84788000e+00,-6.24284960e+00,6.62165915e+00,3.89644328e+01,7.93940291e+00,4.34668029e+00,-1.35596582e+01,-1.76055845e+01,-4.64564689e+00,8.26518074e+00,-1.54031577e+00,6.36268229e+00,9.72955340e+00,-1.74344433e+01,7.16264092e+00,1.29214528e+01,1.61601384e+01,-2.16220774e+00,2.61462870e-01,-2.30458397e+00,-1.33238873e+01,-1.99720745e+01,2.21423941e+01,-2.12649603e+00,-1.59266577e+01,1.05490723e+00,-7.45339768e+00,2.50446870e+01,-6.14579875e+00,-1.01395478e+01,9.70517464e+00,-3.92913617e+00,1.22736098e+01,-6.20149517e-01,2.73483176e+01,1.36526060e+01,9.35375750e-01,-1.01731330e+01,7.25238554e+00,-1.52464649e+01,-2.26218681e+00,1.76854005e+01,-7.42056157e+00,-1.24692320e+01,-5.97039078e+00,1.47027031e+01,3.56427627e+00,-2.34923214e+01,9.30771910e+00,3.52901327e+00,2.39986072e+00,-1.40151418e+01,1.40632458e+00,9.70665929e+00,1.41083029e+01,1.76730046e+01,8.48786275e+00,1.44879052e+00,-1.46143083e+01,-1.27156213e+01,-1.99256376e+01,-2.65978242e+00,9.45846309e+00,-8.15449985e-01,1.51498591e+01,-8.90245532e+00,4.80678212e+00,-4.77796105e+00,-7.69488278e+00,1.63116321e+01,1.93394248e+00,1.69830189e+01,1.47118648e+00,6.61366862e+00,-4.64680231e+00,1.68272009e+01,-3.53165364e+00,-2.14256682e-01,-2.20235106e+01,-2.81396936e+00,2.00699262e+01,1.90249598e+01,6.57019843e+00,-3.56393477e+00,8.18473583e-01,-5.56330994e+00,-2.62529153e+00,2.48686173e+01,1.08904213e+00,-6.75255548e+00,-3.06675111e+01,-1.41651310e+01,-1.05362535e+01,-1.78949289e+01,-1.63655177e+01,-1.99915936e+01,-1.26462805e+01,-9.82800384e+00,-1.27398741e+01,1.29298774e+01,-6.79448593e+00,-2.67518014e+01,1.20238575e+01,-8.72099527e+00,-2.21790169e+01,2.77925969e+01,-6.52892671e+00,5.39246265e+00,1.17900328e+01,1.57742583e+00,6.85773231e+00,4.59300087e-01,9.12376583e-02,-3.78022797e+00,-2.02058315e+01,3.22359169e+00,-3.54366211e+01,1.86334377e+01,-1.16996899e+01,-4.31182432e+00,-4.96425574e+00,4.34240060e+00,-5.55837680e+00,8.37543412e+00,-1.53689755e+01,1.07870240e+01,1.11470729e+01,4.00025845e+00,2.59207343e+00,5.75322064e+00,1.93489547e+00,9.03842253e+00,-1.96619245e+00,-1.81962419e+01,2.67723537e+00,-7.75955639e+00,-5.01982582e-01,1.45025850e+01,-2.31272199e+01,2.85653749e-01,5.24329958e-01,2.61218962e+00,8.85055568e+00,-3.84153792e+00,2.36541318e+01,1.21411101e+01,-4.61679561e+00,-2.94536821e+00,9.79325945e-01,2.21653043e+01,-1.49127866e+01,-2.90723057e+01,8.36814006e+00,-2.80827175e+00,-3.96896477e+00,4.80195232e+00,2.16825569e+01,1.24283813e+01,-4.92695270e+00,-1.45793696e+01,-2.54472312e+00,8.13992145e+00,-4.10332336e+00,-2.11833350e+01,-1.56527111e+00,-2.61617605e+01,-1.35630433e+01,2.31257172e+01,-1.41797875e+01,-1.90419487e+01,-1.51483928e+01,-1.05041534e+01,9.45434245e+00,2.34038253e+01,-1.81860027e+00,7.71852425e+00,-5.03043985e+00,-1.89734718e+01,1.44173696e+01,-1.30532536e+01,8.24100085e+00,9.21533259e+00,-3.20809079e+00,1.12818922e+01,1.15838894e+01,3.11664625e+01,-4.01936610e+00,-1.39173369e+01,-1.82937906e+01,-4.18599241e+00,-9.15282927e+00,2.80606562e+01,-1.29882438e+01,2.51382875e+00,1.73614063e+00,-6.51836940e+00,-2.29715482e+01,-1.98986210e+00,2.78985900e+01,4.12733157e+00,2.19161517e+00,-1.50700526e+01,-1.57869422e+01,-3.20773246e+00,1.33213469e+01,-6.95473770e+00,2.92839232e+01,-1.23577223e+01,4.62930962e+00,-5.48456036e+00,-1.84176925e+01,1.30453564e+00,-1.52182910e+01,-2.09242273e+01,2.09085382e+00,4.02992149e-01,1.38067700e+01,6.46442110e+00,-9.65328234e+00,6.58084621e+00,-2.33812516e+01,-1.42220746e+01,2.61434636e+01,2.32940339e+00,-3.36581695e+00,-8.20792464e+00,-2.19658968e-01,-2.42514413e+00,2.45852942e+01,1.16056025e+01,-3.55988094e+00,-1.78671155e+00,-1.14037531e+01,-4.75044170e+00,-1.82842560e+01,1.40499720e+01,1.89138386e+00,3.29855747e+00,4.42078407e+00,-2.40910098e+00,-5.56214125e+00,2.31128304e-01,-2.97178083e+01,-4.51906351e+00,-2.23350256e+00,-2.14198369e+00,1.49160020e+01,1.75524011e+01,4.64801369e+00,-2.65183015e+01,1.81790746e+01,-6.58870979e+00,-1.04353494e+01,-2.43352082e+01,-9.46356153e+00,1.63974856e+01,8.38053605e+00,3.75302329e+00,8.88171283e+00,-1.56357524e+01,-1.25738287e+01,1.66023692e+01,1.13925298e+01,1.39869377e+01,6.44853916e-01,2.55203294e+00,1.52653065e+01,2.77363701e+01,-6.84196350e+00,1.02942345e+01,-5.16796645e+00,-1.19500094e+01,-9.27984514e+00,-8.52210160e+00,-3.76292579e+00,-1.39895352e+01,-6.16224036e+00,-3.77242619e+01,9.56054640e+00,7.02731114e+00,-7.12510173e-01,-1.06161801e+01,-5.69602728e+00,-1.50913993e+01,2.98002016e+00,2.27142986e+01,-5.71370120e+00,-5.07384131e+00,5.49657636e+00,-1.39109690e+01,2.48319041e+01,4.71794224e+00,3.72459071e+00,1.46372162e+01,-3.61002878e-01,1.61008884e+01,4.76320723e+00,-2.09182198e+00,3.34222841e+00,-1.46008261e+00,2.01330919e+01,2.40950709e+00,4.81325045e+00,-2.77458892e+00,3.14501707e+00,-2.61359259e+01,-1.00380480e+01,-1.32144850e+01,1.46058384e+01,-9.22230552e+00,-1.71653994e+01,1.60719887e+01,-3.91189033e+00,1.24112228e+01,-2.53013237e+01,6.49889582e+00,1.69222000e+00,1.52188522e+00,-2.88292013e+00,-1.81085756e+00,1.38449475e+01,6.33235478e-01,-1.38110763e+01,-5.62743491e+00,6.45657029e+00,-3.32000623e+01,-2.57316092e+01,6.62032518e-01,3.63417054e+00,-1.31893243e+01,-5.24570458e-01,3.04085459e+01,8.88950251e+00,-1.58645881e+01,2.21059869e+00,-2.63380984e+00,3.43488338e+00,-9.62079596e+00,5.72813740e+00,7.12463414e+00,-1.80126296e+00,3.10907057e+01,-2.67006275e+00,-8.85698064e+00,6.50846396e+00,1.24859026e+01,-9.92626523e+00,-4.23805544e-01,2.74994170e+01,-7.74604013e-01,1.53310453e+01,4.43409588e+00,-2.45843868e+00,-6.03211329e+00,1.47094345e+01,-1.57272333e+01,-8.92488406e-01,-5.10425720e+00,-1.18006437e+01,3.80600403e+00,6.60045942e+00,1.25631106e+00,-4.85010263e-01,-1.10055777e+01,4.98410049e+00,-1.05257109e+00,-6.64088172e+00,-5.98654858e+00,5.76030382e+00,-9.84284623e-01,-1.05151923e+01,-2.99021655e+01,1.68969221e+00,5.91955566e+00,-1.22666001e+01,-6.59861485e+00,2.29520434e+01,2.48414218e+00,1.05037004e+01,1.90951040e+00,1.00036397e+01,9.90403615e-01,-1.10468123e+01,-1.51471904e+00,2.10523298e+00,7.83922473e+00,2.19532811e+01,1.39452338e+01,3.58561674e-01,3.61953200e+00,1.72379671e+01,7.28837066e+00,-2.07596894e+01,-7.78800057e+00,4.15012667e+00,2.35179442e+00,7.10157322e+00,-1.49951766e+01,2.09009151e+00,1.09858377e+01,1.38131772e+01,-1.20753066e+01,-8.35053757e-01,-5.65311274e-01,-4.95279852e+00,-8.48463812e+00,-4.54119549e+00,-1.72930512e+00,2.63721377e+00,1.17336226e+01,-8.69397780e+00,2.30949711e+01,9.37072090e+00,6.76030256e+00,1.01447685e+01,8.18335921e+00,9.36677569e+00,1.54597469e+01,-1.29802210e+01,1.77764998e+01,-3.16222564e+01,8.81180514e+00,-2.97871411e+01,2.30508401e+01,2.10478777e+01,-2.65627483e+00,-1.36747394e+01,-1.21266291e+01,-1.63749169e+01,-1.81325676e+01,1.53957632e+01,1.19204340e+01,6.76308803e+00,8.95148725e+00,1.13741372e+01,-1.12318423e+01,-4.69835355e+00,1.59296037e+01,-3.42181507e+00,1.44702939e+01,2.08381043e+01,-1.03472316e+00,-2.06987568e+01,6.88158556e-01,3.27115108e-01,-2.63744755e+00,4.06418431e-01,-1.86522696e+01,-4.34907647e+00,2.99691997e+00,2.98166055e+00,1.35912974e+01,-1.10753479e+01,1.69296900e+01,-1.12946115e+01,6.65448311e+00,1.14190383e+01]
