name = '*CO_19'
composition = {'H':0, 'C':1, 'N':0, 'O':1, 'Pt':1}
facet = ['Ni211']
coverage = 1
DFT_energy = [-92.107, 'eV']
ZPE_energy = [0.185, 'eV']
frequencies = [12.0, 162.2, 275.1, 336.6, 349.2, 1864.2, 'cm-1']
gas_DFT_energy = [-12.070108, 'eV']
gas_ZPE_energy = [0.134, 'eV']
sites = 1
BEE = [-5.02237907e+02, -3.98092790e+01, -1.16191217e+02,  3.88861187e+02,    -1.83615739e+02, -1.60926913e+02, -3.42830242e+02, -7.64432272e+02,    -3.65817673e+02, -4.09756652e+02, -3.34050067e+02,  3.94768741e+01,     1.22320109e+01,  2.60354887e+01,  2.68210995e+01,  4.04710697e+02,    -1.78708808e+02, -1.57887873e+02,  1.50439518e+02, -9.54476557e+02,     5.02293381e+02, -2.29554596e+02, -4.38162658e+01, -1.03485623e+02,    -4.87411904e+01, -4.99302265e+01,  7.41961855e+02, -1.83061267e+02,    -7.08551155e+01, -4.51367752e+02,  6.64037274e+02, -1.17242209e+02,    -3.34696605e+02,  2.05763046e+02, -3.65012124e+01,  1.67556037e+02,    -2.71360294e+01,  6.11031088e+01,  2.34593248e+02, -8.73858337e+02,     4.65092773e+02,  1.10162334e+02, -4.96469477e+01, -2.89727864e+02,     9.66561034e+01, -1.55011755e+02,  3.76578118e+02,  3.17428097e+02,    -2.36378406e+02, -2.50983375e+02, -2.56478406e+02, -2.90783761e+02,     9.79068437e+01, -4.26668891e+02,  1.17455975e+02,  5.14596837e+02,     5.87333968e+02,  2.98443363e+02,  1.38152984e+02,  2.35339276e+02,     7.69974266e+02,  1.80685173e+02, -4.73049416e+02, -1.06378588e+02,    -2.02104902e+02,  5.24081955e+02, -6.42913308e+02, -5.37872132e+02,    -2.32555270e+02, -8.37952414e+01, -3.75949234e+02,  2.29959811e+02,     8.26425642e+01,  1.12438460e+02, -3.31139970e+02, -2.98875526e+02,    -4.83746332e+02,  3.21686974e+02, -2.80817417e+02,  2.26069338e+02,    -5.66130148e+01, -2.51752237e+02, -4.99784574e+02, -1.49025487e+02,    -9.69753911e+01, -1.36550077e+02,  3.38122587e+02,  6.07498781e+02,    -3.62254398e+02, -6.86832842e+02, -1.70528328e+02,  9.51062736e+02,    -4.90251402e+02,  2.84317450e+02, -9.06541529e+01, -5.33181131e+02,     2.06516277e+02,  3.27524942e+02, -1.50387911e+02,  3.02467079e+02,    -2.29875410e+02, -4.40047469e+02,  7.63859468e+02,  3.98850576e+02,     2.66202687e+02,  1.25647691e+02,  2.10554777e+02,  6.98719506e+02,    -2.13453534e+02,  4.95820287e+01, -1.18552190e+03,  1.58064964e+02,    -5.85064136e+02,  1.24334348e+02,  1.85082376e+02, -2.92667774e+02,    -4.59206850e+02,  5.36852492e+01, -2.52027990e+02,  3.04508139e+02,    -4.35757371e+02, -2.26867369e+01, -3.04400748e+02, -3.58127845e+01,    -2.79221253e+01,  1.44537078e+02,  1.09911473e+01, -5.11510396e+01,     5.18483701e+02,  7.82325057e+02,  4.09869780e+02,  6.69303453e+02,    -1.02297224e+02,  1.15882025e+02,  4.70297328e+02, -7.74773425e+01,    -6.54566771e+02, -3.20832330e+02, -4.29880022e+02, -2.46004188e+02,     2.39983785e+02, -1.00995162e+03, -1.65083848e+02,  3.68153078e+02,    -3.12427099e+02, -3.15346549e+02,  4.64249916e+02,  3.77034705e+02,    -2.96443177e+02,  1.65776501e+02, -2.10506877e+02,  2.98069180e+02,     3.36903740e+01,  1.31106249e+02, -7.43926942e+02, -4.15797434e+02,    -6.58632145e+01,  2.67237142e+00, -3.31261470e+02,  9.13815472e+02,    -1.90431213e+02, -2.87818033e+02,  3.22149259e+02, -4.11154143e+02,    -2.79523926e+02,  2.62223636e+02,  9.47069476e+01,  1.11219285e+02,     1.03617933e+02, -9.65953321e+01,  1.66431263e+02,  4.99006519e+02,    -2.53216119e+02,  1.48062355e+02,  7.79303429e+02,  2.87007585e+02,    -7.46367012e+01, -1.64167789e+02,  1.31843603e+03, -1.50614520e+02,     3.02796275e+02,  1.85766709e+02,  2.95028007e+02,  7.61671221e+02,     4.27497603e+02, -2.49565951e+01,  1.93953962e+02,  4.05007600e+02,     3.32697602e+02, -4.76066129e+02,  8.01181836e+02, -7.13405829e+02,    -1.51605147e+02,  4.92647419e+02,  7.17600980e+01,  5.92199733e+01,     2.68405114e+02,  2.09788385e+02,  3.06763374e+02, -5.47383408e+02,     4.33297525e+01, -2.34435581e+02, -9.33899748e+01, -2.89194318e+01,    -7.63640025e+01, -4.74269282e+01,  7.01306271e+02, -7.27130537e+01,    -2.37267643e+02, -1.92976207e+01,  1.00061416e+02, -5.04307809e+02,    -3.83118480e+02, -3.12343443e+02, -5.40445025e+02, -1.41160067e+02,    -3.56670059e+02,  1.66074011e+02, -1.00840453e+01, -9.09811386e+01,    -7.33441073e+01,  5.59618178e+01, -1.71948080e+02,  5.73672205e+02,    -7.03627157e+02, -1.38355176e+02, -1.34715953e+02,  1.44251981e+02,     1.57868105e+02, -3.96247145e+02, -1.57199071e+02,  3.58205279e+02,    -1.91293394e+02,  1.35623363e+02,  3.16661139e+02, -3.64412174e+01,     9.68668009e+02, -1.76665257e+02, -2.75914663e+02,  5.54843462e+01,    -1.94236111e+02,  4.55509178e+02, -3.08489224e+02,  7.29346562e+01,     5.36726515e+02, -1.12242281e+02,  1.03041162e+03,  1.09987255e+03,    -5.62478999e+02,  4.97984209e+02,  1.43341128e+02, -4.58234517e+02,     1.50823732e+02,  3.10716430e+02,  3.25534987e+02,  2.02671125e+01,     1.00877122e+02,  6.09581009e+02, -1.97735321e+02,  1.39828049e+02,     6.52960164e+02, -3.20167067e+02, -1.27653678e+02,  4.46273236e+02,     2.29607590e+02,  6.53786118e+02,  2.19999965e+02,  5.78518401e+01,     2.24981553e+02,  3.32918289e+02, -4.14633113e+02,  2.90962745e+01,     1.57118407e+02,  1.05365035e+02,  1.87894185e+02, -5.02501892e+02,     2.94161994e+02, -3.81425082e+02, -2.70667314e+02,  1.50304064e+02,    -1.21146448e+02,  4.69726749e+02, -2.08062337e+02,  2.48758268e+02,     2.79928503e+02,  6.82711526e+02,  4.75394453e+02,  4.06110963e+02,    -7.59312524e+01, -5.83054744e+01, -2.71140280e+02,  6.56416806e+02,     6.73592370e+02,  3.19994462e+02, -1.97097593e+02,  4.31194024e+02,    -7.72282917e+01,  1.81917264e+02,  5.32883600e+02,  6.81728312e+00,    -6.61743977e+01, -2.12719421e+02, -4.55077303e+02,  8.30471814e+02,     3.86318983e+02, -4.78949440e+02, -1.32404624e+02,  2.38868036e+02,    -9.04498319e+01,  5.33438546e+02,  1.04698039e+02,  6.82044785e+02,     2.65094561e+02, -2.43542670e+02,  2.12568598e+02, -3.62553148e+01,    -2.72692715e+02,  1.43907331e+02,  1.61131022e+02,  7.77415186e+02,     6.84216162e+02,  4.50249553e+02,  5.97221867e+02,  6.20144462e+01,    -2.34802322e+02,  1.33967671e+02, -2.84544815e+02, -4.32899462e+02,    -4.95562733e+02, -2.33382859e+02, -9.22101939e+02, -2.65913717e+02,    -7.30384125e+02,  1.83418401e+02, -3.93870443e+02,  3.49885219e+02,    -8.18059478e+02, -2.77032536e+02,  4.23161069e+02,  1.92383084e+02,    -7.36950672e+02,  5.31758267e+02, -2.06561847e+02,  4.45793949e+02,    -2.19889850e+02, -6.74640950e+02,  1.04045766e+02, -5.44142576e+02,    -1.15087491e+02,  2.57232470e+00,  3.63393531e+02,  1.06970132e+03,    -3.89029407e+02, -2.99336276e+02, -2.44569373e+00, -1.19665727e+02,    -6.93709142e+02, -4.75852071e+02,  4.23607749e+02, -2.17358791e+02,     1.43717130e+02, -4.16298420e+02, -1.27641149e+02, -3.42941807e+02,     4.57988994e+02,  1.31523965e+02, -1.91565676e+02, -1.14397142e+02,     8.61710326e+01, -7.15628888e+01,  3.71575904e+02, -2.14368417e+02,     4.36480858e+01,  2.93159251e+02,  1.50093168e+02, -1.49056651e+02,     1.32259741e+03,  4.62766080e+02,  2.89938736e+01,  9.03514061e+01,    -5.26827948e+02,  2.64159889e+02, -6.40039432e+02, -2.19199086e+02,    -4.69957452e+02, -1.63144403e+02,  4.74501209e+02, -4.82039676e+02,     1.54814040e+02, -2.35054653e+01,  2.78501556e+01, -3.18027842e+02,    -3.81970575e+02, -2.59418347e+00, -3.65681706e+02, -1.89267381e+02,    -3.49293900e+02, -8.90579287e+01, -3.06337380e+02, -4.38557330e+02,     1.92045921e+02, -1.47635551e+02,  1.80609667e+02,  8.67071405e+01,    -6.27354890e+02, -4.67859172e+02, -3.38835254e+02,  3.04254012e+02,    -8.70245020e+00, -5.39968723e+02,  4.96400720e+02, -3.39519175e+02,     4.67023809e+02, -2.56813443e+02, -4.15348360e+02,  2.26914522e+02,    -5.78702590e+02, -3.31213412e+02,  5.44769303e+02,  1.54161213e+02,    -3.45191198e+02,  4.47474101e+02, -1.45989010e+02, -3.21846059e+02,    -2.61262989e+02, -4.14319621e+02,  2.02470592e+02, -7.75058853e+02,    -7.10970258e+02, -8.24124120e+01, -2.57559024e+02, -4.69927344e+02,     6.15048926e+02,  1.12717396e+03, -2.82310776e+02, -2.76199555e+01,    -5.38700385e+02,  5.64078807e+02,  1.57787479e+02, -1.66641168e+02,    -3.29402457e+02,  1.44364355e+02, -5.19442977e+02, -1.71956820e+02,    -7.57748313e+02,  2.98177707e+02,  1.12269496e+02,  5.14166322e+00,    -5.86517803e+01, -2.90956786e+02, -7.60823637e+01,  1.08879886e+03,    -1.64600861e+02, -3.94045120e+02, -5.78682745e+02,  1.11042455e+02,    -3.06479303e+02,  7.53339808e+01,  2.48837173e+02,  5.74247551e+01,     2.40271253e+02,  1.02298282e+02,  5.09240484e+02,  2.63422458e+02,    -2.89025793e+02,  3.60588701e+02,  2.96481902e+02,  9.50596940e+01,     3.81920253e+02, -2.09366062e+02,  6.20732135e+02,  1.57736737e+02,    -2.56876287e+02, -4.93132011e+01, -1.63343414e+02,  2.05797024e+02,    -2.25083347e+02, -2.50442208e+01, -9.18130726e+01,  7.08800789e+02,     4.57107628e+02, -5.76653143e+02, -3.52639637e+01, -4.61070022e+02,    -1.50495908e+02, -1.93929786e+02,  6.29578200e+01, -1.23290782e+01,    -2.21032550e+02,  1.07854531e+02, -5.91073446e+01, -8.99616382e+01,     7.40822304e+02,  1.54615051e+02, -6.92135386e+02, -3.78760013e+02,     7.88358186e+02,  2.34055726e+02, -7.30921713e+01,  9.07933358e+02,    -1.58311155e+02, -9.70968673e+01, -4.99297120e+01,  1.14978193e+02,     2.42793161e+02,  3.49264139e+01,  2.28967890e+02, -1.35794603e+02,    -2.65075460e+02, -3.69502124e+02, -4.08999767e+02,  3.83601352e+02,     1.08218610e+02,  3.22654527e+02,  1.18027248e+02,  7.56089911e+02,     1.49983708e+02, -6.99056102e+02, -2.93266455e+02,  8.46541700e+01,    -2.37091432e+02,  5.30086209e+02, -1.06546358e+02,  1.56975207e+02,     4.25427870e+02, -6.26693813e+02,  1.26854837e+03,  1.65525754e+02,     2.03572644e+02,  2.99191285e+02,  6.87547060e+01, -6.19998209e+00,     3.07970613e+02, -3.03023513e+02,  6.97773395e+02,  6.01806672e+02,    -3.53448958e+02,  1.27357974e+02,  5.92614396e+02, -1.84932330e+02,     1.36041145e+02,  3.65005792e+02,  3.64260652e+02, -6.69074294e+02,    -1.18665268e+02, -2.99386881e+02, -2.59327908e+01, -3.56032600e+01,    -2.27437268e+01, -1.39467164e+02, -2.50661755e+02,  7.03463547e+01,     8.72029338e+01,  4.56471228e+02, -3.58930184e+02,  3.29703795e+02,     3.81528693e+02, -1.42268811e+02,  7.56045255e+02, -5.82880148e+02,    -8.98731091e+02, -5.66920320e+01, -7.15587999e+01,  4.50148797e-01,     6.72312523e+02, -6.23282180e+01,  3.46874879e+02,  4.07371390e+02,     3.24142677e+02, -9.03391222e+01,  5.39438114e+02, -1.36111976e+02,    -2.75502205e+02, -3.94945872e+02,  4.58838400e+01,  3.28049126e+02,    -4.30704573e+01,  3.26843815e+02, -2.60068095e+01,  5.45668141e+02,     1.69984091e+02,  7.59158134e+01, -4.73863084e+01,  2.89093872e+02,     3.22104395e+02,  1.69952768e+02, -6.85618296e+00, -4.57291511e+02,     2.56372985e+02,  1.68400880e+02,  3.14666834e+02,  2.64432384e+02,     3.01667063e+02, -5.06608879e+01,  2.30609091e+02, -2.09985741e+02,    -8.98162099e+00, -4.73868187e+02, -2.65497436e+02,  3.33410203e+02,    -7.71365712e+02,  2.50592876e+02,  1.44904714e+02,  7.04941929e+02,    -2.22575591e+02,  2.59510059e+02, -9.98761530e+01, -4.12036791e+02,    -6.13502515e+02, -6.91335310e+01, -7.48555175e+02,  1.37429366e+02,    -1.75962035e+02,  2.55102938e+02,  1.73946547e+02, -2.17521538e+02,    -2.12962462e+02,  3.28733667e+02, -5.10337790e+02, -1.03804533e+02,    -1.77081347e+02,  1.99378765e+02, -4.56131255e+01,  4.94473220e+01,    -1.83811665e+02,  4.84296258e+02, -4.04862351e+02,  8.22851901e+01,     5.11045278e+02, -2.91333515e+02,  1.54286111e+01, -3.22793755e+01,    -5.83892421e+02, -3.95652681e+02, -6.82505192e+01,  2.24459031e+02,     2.73806890e+02,  4.13788769e+01, -6.89329894e+01,  1.88248609e+02,    -3.84223875e+02,  2.39568910e+00, -4.28334383e+02, -2.33939293e+02,     3.99857543e+02, -2.50212857e+02,  5.45534569e+02, -1.80964216e+02,     2.99363461e+02,  2.17426584e+02, -5.29752448e+02, -2.42885299e+02,     7.29385356e+01, -3.39018649e+02, -2.97497878e+02, -7.37959111e+02,    -4.73922356e+02, -4.44603919e+02, -3.65709684e+02,  1.93021073e+01,     1.11962101e+02,  8.42191374e+00,  1.77798433e+02, -4.84961517e+02,     1.22978027e+02,  1.76604756e+02, -5.65367913e+02, -5.48155917e+02,    -3.49700590e+02, -1.97754110e+02,  1.66290438e+02,  7.68246246e+00,    -3.78019530e+02,  3.03244267e+02, -1.69735098e+02,  4.25439029e+02,    -7.59348547e+02,  5.13005597e+02, -3.14228172e+01, -3.11232952e+02,    -2.22582760e+02,  2.76001821e+01,  3.61037997e+02, -6.41458411e+02,    -1.20179511e+02, -1.74460287e+02,  4.17341289e+02,  7.14483627e+02,    -8.25932715e+02,  7.95167983e+02,  3.88255392e+02, -6.34939355e+02,    -2.99795983e+02,  6.48315504e+02,  5.14670667e+02, -1.52305084e+02,    -3.06265914e+01,  8.86627765e+01,  6.02407866e+02, -4.48376890e+02,     1.38875193e+02, -6.45374972e+01,  2.59179608e+02, -6.29360495e+02,    -6.46920013e+01, -2.86389230e+02,  4.02166504e+02,  3.63337295e+02,    -7.29120193e+02, -4.21692455e+02, -1.93607872e+02, -3.30525729e+02,    -1.24652488e+02, -1.96603480e+02,  3.64632739e+02,  3.53469521e+02,    -5.01252888e+01, -3.92747082e+02, -7.11011089e+02,  3.69878377e+02,    -4.32259586e+02, -2.67013788e+02,  4.08823241e+01, -2.93263149e+02,    -3.54838740e+02, -2.19498029e+02, -3.58548374e+02, -2.28676441e+02,    -4.33387228e+02,  4.95761935e+02,  5.49872249e+02, -2.85930408e+01,    -2.03512925e+02, -1.35512290e+01,  3.61639392e+02, -7.50656812e+02,    -1.77237358e+02,  4.26162216e+02,  5.71607705e+02, -1.57412597e+02,     9.63406027e+01,  4.66535579e+02,  1.32769821e+02, -5.71387040e+01,    -3.76973368e+02,  1.92934197e+02, -3.05944629e+02, -1.36367806e+02,    -1.64987153e+02, -1.59812155e+02,  1.69594634e+02,  6.65406762e+02,     6.77102091e+00,  3.52327281e+01, -7.72407794e+02, -1.47990809e+02,    -3.23210726e+02,  3.98393951e+01, -3.59686423e+02,  6.69400860e+02,     6.93780986e+02,  1.25599085e+02, -1.27165444e+02,  1.23527598e+02,     2.17112228e+02, -4.07727968e+02, -6.59646319e+01,  1.18563667e+02,     1.18381156e+02,  4.84120370e+02,  3.84693178e+02, -1.77500217e+02,     2.42213436e+02, -8.24401845e+02, -3.68102536e+01,  7.27405780e+02,     8.21230989e+01, -6.30043008e+00,  2.83962986e+02, -2.48042151e+02,     7.92014581e+02, -1.04907478e+02,  7.26582104e+02,  3.16898339e+02,    -3.27465617e+02,  2.61352824e+02, -2.63793395e+02, -5.87520439e+02,    -3.41076409e+01, -4.84174505e+02, -4.56319404e+02, -4.56560271e+01,     2.74737552e+02, -4.88160086e+01, -2.88015044e+02,  6.43519417e+01,    -6.22889401e+02, -7.91602018e+01, -7.08495215e+02,  4.45544823e+02,    -1.14839086e+01, -4.38711118e+02, -1.62260610e+02,  1.48229770e+02,    -2.75133096e+02, -4.03707274e+02,  7.70808395e+02, -1.91585756e+02,    -3.80331453e+02,  2.15469917e+02, -1.01505334e+02,  4.38857841e+02,    -1.38669524e+01,  7.44766452e+01,  8.72619362e+02, -1.53736241e+02,    -2.99125829e+02, -3.19153620e+02, -4.55518432e+02, -2.82662982e+02,     2.43235609e+02,  1.79584705e+02,  1.81849476e+02,  6.42219874e+02,     2.01850883e+01,  1.43122691e+02, -5.69091904e+02,  2.10173147e+01,    -2.00470375e+02, -2.29172696e+02,  1.52889879e+01,  3.01411514e+02,     3.29077494e+02,  6.72265329e+00,  8.04285639e+01,  2.53236084e+02,     3.20906100e+02, -2.06654047e+02, -1.12927665e+02,  1.45754413e+01,    -2.01207221e+02, -6.75072521e+01, -2.32471778e+02,  6.50117929e+02,     5.58543741e+02, -1.09531563e+02,  1.03645593e+02, -2.06161894e+01,    -2.04244011e+02,  2.86990061e+02, -7.59841837e+01,  3.35164798e+02,    -4.62471574e+02,  1.62547825e+02, -9.55494072e+01, -4.69058160e+02,    -2.17727685e+02,  2.35294522e+02, -7.36025016e+02,  3.63114216e+02,     4.23596209e+02, -6.15577693e+01, -4.40540393e+01, -2.80226527e+01,     2.09569305e+02, -2.83687881e+02,  3.13244500e+02,  2.43666193e+02,    -8.99100723e+02, -2.84129735e+02,  1.94756461e+02, -7.89455834e+01,     3.29104531e+02, -5.29196783e+02, -4.54863825e+00, -3.57478799e+02,    -1.06325576e+03,  6.45511318e+02, -5.10956902e+02, -4.95355164e+02,     7.62620807e+01,  1.10139008e+03,  1.75044601e-01, -1.85233423e+02,    -1.81074255e+01, -6.11452893e+01, -7.61863907e+02, -5.32009482e+02,     6.69294052e+02, -4.43684984e+01, -3.40658187e+02,  4.33243484e+02,    -2.97103391e+02,  3.40284821e+02,  4.68798805e+02, -5.30020618e+02,    -2.21041902e+02, -2.96366011e+02, -1.29004083e+02, -1.66566408e+02,    -5.76452780e+01,  1.18118049e+02, -2.89079305e+02,  2.55530697e+02,     5.14055532e+02, -1.38943039e+02, -1.53108458e+02,  1.18966386e+02,     4.93575707e+02,  4.18460021e+02,  3.14872047e+01, -1.42941795e+01,    -4.63279440e+01, -4.37482672e+02,  3.25166638e+02, -2.06319092e+02,     1.70177792e+02, -1.35920546e+02,  2.50123693e+02,  1.51022374e+02,    -6.77688550e+02, -2.39542793e+02, -6.79535385e+02, -2.78849345e+02,     6.43451219e+01, -1.48055819e+02,  2.57359801e+02, -2.48690776e+02,     1.64435606e+01,  9.02582340e+01,  6.41089234e+02,  3.22000855e+02,    -2.32249685e+02,  1.75781586e+01,  9.55226952e+01,  3.43865949e+02,    -5.53652295e+00,  4.35593439e+02,  2.08828567e+02,  7.67163632e+02,     2.19628083e+01,  5.88674291e+02, -2.24532948e+02, -3.31510507e+02,     7.13309468e+01,  6.31720408e+01,  2.62322838e+02, -5.49097827e+01,    -1.37299151e+02,  2.23964954e+02, -3.94607304e+02, -4.45873047e+02,     6.60825363e+02, -5.09730778e+01, -3.68442897e+02, -4.14235942e+00,    -1.21670311e+02,  3.01185396e+02,  2.84787808e+02, -1.68934668e+02,     9.84451142e+00, -2.33013713e+02, -2.80474711e+02, -2.45586432e+02,    -8.23351622e+02, -2.93449842e+01, -5.55187364e+02, -4.74288680e+02,    -3.39565872e+02,  1.51074751e+02, -3.24522326e+02,  1.88170211e+02,    -4.86082099e+02,  9.09345452e+00, -3.50055089e+02,  6.45198538e+01,     1.01856156e+02,  2.49964737e+02, -1.70215495e+02, -1.26429546e+02,     2.23982778e+02,  5.17835897e+02,  2.80239968e+02,  6.71550444e+01,    -5.87545529e+02, -1.19390902e+02, -2.66141717e+02, -5.22715886e+02,     3.56511230e+02, -2.97910018e+02, -3.76843576e+01, -1.97370453e+02,    -8.72501348e+02,  4.29106684e+02, -1.43607243e+02,  3.54924272e+02,    -5.97622263e+02,  5.64446117e+02,  3.67137382e+01, -2.68226156e+02,     4.02044058e+01, -2.01652938e+02, -5.88256617e+02,  1.21601124e+02,     2.41327357e+02,  2.80675257e+01, -3.11361802e+02, -1.12121000e+02,     1.39753617e+02,  2.51669141e+02,  5.52164149e+02,  2.19077024e+02,    -2.02362105e+02,  7.60161209e+02,  2.48488780e+02,  3.36535119e+02,    -1.46112912e+02,  2.28522446e+02,  1.49156910e+02, -5.31025246e+02,    -1.61741187e+02, -3.39071976e+02, -2.69301605e+02, -8.94842501e+01,    -1.51454422e+02, -3.19851945e+02, -9.77572780e+02, -2.62262412e+02,     1.32872275e+02,  8.69141475e+01,  8.04217020e+01,  4.26904379e+02,     1.59625550e+02,  2.75593490e+02, -3.63442958e+02,  3.97789566e+02,    -4.23984706e+02, -6.59378468e+02,  1.64846604e+02, -3.47415791e+02,    -3.60962993e+02, -1.35670151e+03, -1.02887364e+02,  6.88239501e+02,     4.01158917e+02, -8.79316137e+01, -1.02258021e+02,  2.54000739e+02,     5.86049711e+02, -3.47550971e+02, -8.20403020e+01, -2.73144959e+02,    -3.09467932e+02, -2.93545822e+02,  1.36785068e+02,  6.16540412e+02,    -5.65737959e+02, -4.55734080e+02,  2.12471418e+01, -7.38716282e+01,    -1.21791841e+02, -8.01351276e+02,  4.87145455e+02,  2.16734506e+02,     7.71397240e+01,  4.16821577e+02, -2.61045930e+02,  2.55113662e+02,     2.32120152e+02,  4.54926939e+01, -3.99526059e+01,  1.05750974e+02,    -1.39370713e+02,  4.04576838e+02, -3.75492696e+02,  3.61812509e+02,     8.00178331e+01,  9.61489041e+01,  2.03655960e+02, -7.41006402e+02,     5.53141743e+01, -5.50628328e+02, -4.35069469e+02, -4.22144485e+02,    -3.87118358e+02,  1.19145675e+01,  1.11863579e+02,  4.15152705e+02,     8.32975602e+01,  1.18430220e+02, -6.12101695e+02, -2.15332480e+02,     2.83157637e+02,  1.17850684e+01,  1.62191265e+01, -6.99467401e+01,     3.15448405e+02, -7.84659192e+02,  9.03650029e+01,  2.03616587e+02,     3.91576678e+02,  3.34389977e+02, -4.88535531e+02,  6.50931217e+01,     3.66884441e+01,  3.73035651e+01,  1.65921357e+01, -1.67256497e+02,    -2.70097806e+02,  1.35466170e+02,  5.39076033e+02, -7.73123007e+01,     8.19391067e+01,  1.53357877e+02, -2.12758813e+02, -2.11096244e+02,    -9.93463161e+02, -3.29803391e+02, -4.35847308e+02, -6.53085631e+01,    -5.45576293e+02,  6.45729826e+02, -2.53610490e+02, -4.53935264e+02,    -1.34561447e+03,  5.62764974e+02,  1.17908195e+02, -1.29404665e+01,    -5.27834717e+02,  9.06098800e+01, -1.49251577e+02, -2.79985815e+02,     1.01005329e+02,  2.75547631e+02,  6.80907691e+01, -1.47998269e+02,    -2.86253762e+01,  6.99234722e+00,  1.65588374e+02, -5.22672177e+02,     6.00558518e+02, -3.59970287e+02, -2.32746430e+02, -3.60423380e+02,    -8.33479847e+02,  8.15992163e+01, -4.10180762e+02, -1.89400204e+02,     2.93094707e+02, -2.06601541e+02,  5.33866076e+00, -8.42481751e+01,    -2.20544062e+02,  1.41328848e+01,  4.56123959e+02, -4.46215564e+02,     7.89315768e+02, -1.69679817e+02,  2.91745737e+02, -6.65225943e+01,     1.28399880e+02, -1.01176882e+02,  4.02422647e+02,  5.36843440e+02,     1.71216507e+02,  4.70499102e+02, -3.34486410e+02, -2.77872838e+01,    -1.95404263e+02,  5.85577496e+02,  4.95498380e+02,  3.79815642e+02,    -1.27687210e+02, -2.59515702e+02,  2.31348303e+02, -2.21910041e+02,    -1.18442210e+02, -6.23445342e+01, -2.22648062e+02,  4.40174875e+02,    -4.95762104e+01,  3.39305922e+02,  1.20870426e+02,  1.46148043e+02,    -2.93282720e+02,  2.78191725e+02, -1.56551356e+02, -1.12488515e+02,    -2.58822746e+01, -4.36484787e+02,  6.58695378e+02, -2.42084745e+02,    -3.57762114e+01,  1.70077190e+02,  1.46533282e+02,  6.06572028e+02,    -1.40968088e+02,  6.58446297e+02,  5.97654900e+02, -8.33741768e+02,     7.48462184e+01, -1.75572609e+02,  1.25485999e+02,  7.48026534e+01,     1.50423538e+02,  5.17465820e+02,  7.93967576e+02, -6.72748882e+02,     6.57605945e+02, -7.90866609e+02, -6.59185954e+02, -1.05188406e+02,    -1.00687676e+01,  6.01929414e+02,  3.32270635e+02, -1.57563349e+02,    -7.94605437e+02,  6.03465968e+02, -3.85786834e+02, -9.97684083e+00,    -4.35907139e+01,  1.06236838e+03, -2.43061881e+02, -9.03392961e+02,     2.64809868e+02, -1.38696310e+03,  9.53238942e+01, -3.05735098e+02,    -1.55513559e+02, -2.34169100e+02, -5.02917214e+02,  3.52035794e+02,    -3.10391365e+02, -7.81799195e+01, -6.71650061e+02, -5.75236313e+01,    -4.09635003e+02, -6.38836788e+02, -1.05077866e+03,  8.71020111e+01,    -2.76395633e+02, -7.48177666e+00, -1.15985570e+02, -6.79093346e+02,    -5.41568962e+02, -4.52873388e+02, -4.56869854e+02,  4.70143375e+02,     8.00305292e+01, -4.09965015e+02, -1.56859661e+02, -1.92092346e+02,     3.18560422e+02, -2.85999084e+02, -1.05869730e+02, -1.92691088e+02,    -3.07357033e+02, -3.21028856e+02,  3.28216720e+02, -1.50363386e+02,    -7.80428954e+02,  6.60660321e+02,  4.02995573e+02,  5.29228189e+01,    -6.21165522e+02, -6.47439015e+02,  9.30776968e+01,  1.20339321e+01,    -2.54974249e+02, -4.16719930e+02,  3.04629594e+02, -6.76805007e+01,     2.34253200e+02,  4.23795631e+02,  2.88675228e+02,  3.02600087e+02,     2.18786051e+02, -1.74246321e+02, -1.07253866e+02, -1.88867619e+02,    -2.99140949e+02, -3.91940144e+02, -5.54595616e+02, -3.35376551e+02,    -6.87428302e+01, -6.83333692e+02, -7.39400543e+01,  2.79164641e+02,    -6.12021434e+02,  2.12720209e+02,  1.85927038e+02, -6.03741470e+02,    -4.86676749e+02, -1.33699798e+02,  1.81701301e+02, -3.40188111e+02,     6.00011645e+02,  5.38067510e+02, -6.42813614e+02,  4.34035314e+02,     3.03642871e+02,  6.50635661e+01,  2.16917246e+02, -3.65188983e+02,    -1.22138854e+02,  4.62147593e+01,  1.51367081e+02,  3.87451734e+02,    -4.33153399e+02, -3.64999201e+01,  1.51721990e+02, -1.27281833e+01,    -2.25431878e+02,  1.69027110e+02, -2.28239150e+02, -1.72636390e+02,     3.26902429e+01, -5.13193509e+02,  3.12322169e+01, -2.01499166e+02,    -1.07370358e+02,  4.17482574e+00, -4.85728677e+02,  4.82118669e+02,    -2.29997979e+02, -1.10482718e+03, -7.23139628e+02,  3.34004427e+02,    -3.03627805e+02, -1.45348327e+02, -2.48873720e+02, -1.42241430e+02,    -8.53284543e+02, -9.54737041e+01, -5.47331068e+02, -2.85251141e+02,     2.19909446e+02,  6.34908600e+02, -3.23045426e+00, -2.73812436e+01,     4.97641106e+02, -4.32783696e+02,  3.06698536e+02,  7.91511381e+01,    -3.55434137e+02, -1.53378600e+02,  2.09516240e+02,  1.59166050e+01,     8.40009565e+01,  9.74908568e+01, -2.01047394e+02, -2.38022735e+02,    -4.51220173e+02,  4.27306757e+02, -5.41689686e+02, -3.98307341e+02,     8.09510019e+01, -7.62984609e+02,  1.64636524e+02,  5.35182783e+02,    -4.06182801e+01,  5.93622453e+01, -2.12223228e+02, -1.74439436e+02,     8.74078208e+01,  3.19655451e+02, -3.45255491e+02,  2.64024859e+02,    -9.43264337e+01, -3.40774155e+01,  2.30253765e+02,  1.63703324e+02,    -7.68833810e+01, -3.58455571e+00,  2.07632606e+02,  2.39532232e+02,    -6.12596885e+02,  5.71083932e+01,  4.59933135e+02, -8.29678168e+02,     2.77065398e+02, -1.01769074e+03, -7.88430563e+01, -1.26775043e+02,    -7.29274406e+01, -7.64757430e+01, -2.20488515e+02, -3.07361035e+01,     1.40647569e+02, -2.06156914e+02,  1.20353416e+02,  7.40438304e+02,    -5.48203995e+02, -2.27537851e+02,  3.11837359e+02,  2.11637585e+02,     3.53166317e+02,  1.39603714e+02,  2.41708473e+02, -1.59628214e+02,    -4.17239425e+02, -3.62157030e+02, -1.76604101e+02,  5.67175390e+00,    -3.58234651e+02, -1.30052746e+02,  5.67456759e+01,  1.97231177e+02,    -8.53624052e+01,  4.79197467e+02, -4.31932246e+02, -4.50857134e+01,    -2.30782013e+01,  2.37497861e+02, -3.46811023e+02, -2.17990989e+02,     2.33932753e+02,  4.25933889e+02,  5.94774678e+02,  2.99312190e+02,     3.51802953e+02, -2.53534411e+02,  5.33012984e+02,  5.74263287e+02,    -5.45773644e+01,  3.35773395e+02,  3.23859859e+02, -2.16880477e+02,     1.38955810e+01,  5.22655173e+02, -2.37138010e+02, -1.05760931e+02,    -5.15544721e+02,  2.29206985e+02, -6.44147098e+01,  1.49775072e+02,     8.15973935e+01, -3.55127531e+02,  3.91261277e+02,  3.46719304e+02,    -2.02348202e+02,  1.56863075e+02, -4.89420503e+02, -4.40084634e+02,     1.98885040e+02, -5.87537030e+02, -2.29697123e+02,  8.16400942e+01,     6.87918239e+02, -2.07308291e+02, -8.91426427e+01, -1.24775689e+02,     9.76987140e+02,  1.20495612e+02, -3.69826319e+02,  5.82763586e+02,     5.36295721e+02,  2.55759833e+02,  6.21480670e+02,  6.88553448e+02,    -8.94353452e+01, -2.55172499e+02, -2.76546054e+02,  2.28821099e+02,     3.22594121e+02, -4.17974140e+01, -1.75347500e+02, -5.24015868e+02,    -2.56601461e+02, -3.76728658e+02,  2.51233662e+02,  1.28402069e+02,     5.32383567e+02,  4.85914817e+01, -2.14001693e+02, -6.70995182e+01,     3.40309796e+02,  1.11608206e+02,  4.33569388e+02,  4.88874520e+02,    -1.17709518e+02, -7.67023947e+01, -8.21342740e+02,  4.54052074e+02,    -4.61965054e+01,  4.27381383e+02, -1.55810938e+02, -4.95218385e+02,     1.68255785e+02,  5.88184346e+02, -2.08138039e+02,  5.80754696e+02,    -6.13779620e+02, -1.91014722e+02, -6.64532015e+02,  1.87655007e+02,     9.78422238e+01,  6.83845677e+00, -5.08559217e+02,  7.45505224e+02,     4.47311893e+02,  6.96972365e+01, -3.89514029e+02,  1.85295577e+02,    -2.31661365e+02, -7.43141858e+01, -1.85443656e+02,  1.77148776e+02,    -8.58162503e+01, -1.73170905e+02,  1.62403430e+02,  2.22925841e+02,    -7.22313616e+02,  1.65509928e+02,  5.68501780e+02,  3.55743066e+02,    -1.11767733e+02,  2.89513709e+01, -3.03659221e+02,  4.99435517e+02,     1.48743294e+02, -5.72798657e+01, -5.91188474e+01,  9.22999108e+02,     7.14492283e+00,  2.62087849e+02,  6.12673120e+02,  8.25496722e+02,     5.41275957e+02,  3.58783442e+02, -5.38172154e+02, -3.66828587e+02,     2.92653106e+02,  1.41760350e+01,  2.73917007e+02,  1.56545097e+02,     4.96619294e+02, -6.55163141e+02, -4.15007219e+02, -5.37639334e+01,    -7.32420138e+02,  1.65703533e+02,  3.32785864e+02,  1.18707650e+02,    -1.92649398e+02,  1.99990934e+02,  1.20366111e+03,  2.18802440e+02,     1.28199921e+02, -4.14426230e+02, -5.60074211e+02, -1.32737124e+02,     2.63050289e+02, -4.41202730e+01,  1.77335573e+02,  2.97911509e+02,    -5.05820476e+02,  2.09254036e+02,  4.44190726e+02,  4.95201677e+02,    -4.73531195e+01,  9.64760920e+00, -7.86166637e+01, -4.27158906e+02,    -5.62895098e+02,  7.05994332e+02, -5.67012046e+01, -5.00516006e+02,     1.86115145e+01, -1.93058665e+02,  7.72810690e+02, -2.02577864e+02,    -2.91605212e+02,  2.64137444e+02, -1.23104290e+02,  3.66103048e+02,    -4.72669856e+01,  8.50744952e+02,  4.25614010e+02, -1.07887239e+01,    -3.04894508e+02,  2.08952835e+02, -4.68866661e+02, -9.89521573e+01,     5.14318404e+02, -2.37353448e+02, -3.99174933e+02, -1.88217606e+02,     4.39193529e+02,  1.23333536e+02, -7.01711732e+02,  2.58490732e+02,     1.26701105e+02,  5.82149244e+01, -4.32994033e+02,  1.40611407e+01,     2.96624765e+02,  4.31615137e+02,  5.41636587e+02,  2.19979729e+02,     3.44911498e+01, -4.29477866e+02, -4.05018098e+02, -6.29265169e+02,    -7.78359322e+01,  2.67180489e+02, -2.07187531e+01,  4.53629190e+02,    -2.67938217e+02,  1.55434019e+02, -1.01118757e+02, -2.52072270e+02,     5.00316484e+02,  6.46070265e+01,  5.18933130e+02,  2.45029763e+01,     2.10896697e+02, -1.68993061e+02,  5.29373808e+02, -1.01779801e+02,    -3.18138085e+00, -6.61383845e+02, -9.14637830e+01,  6.15572822e+02,     5.62999009e+02,  2.23619224e+02, -1.27632394e+02,  3.28061181e+01,    -1.49687324e+02, -4.82843029e+01,  7.61070132e+02,  1.53104728e+01,    -2.00256584e+02, -9.33574857e+02, -4.58946648e+02, -3.18179498e+02,    -5.67370320e+02, -4.74923957e+02, -6.01100653e+02, -3.92777956e+02,    -3.22524443e+02, -4.06486023e+02,  4.03670362e+02, -2.15406427e+02,    -8.19663674e+02,  3.37404585e+02, -2.44227253e+02, -6.95215133e+02,     8.20809708e+02, -2.03895075e+02,  1.67209462e+02,  3.44804721e+02,     7.48860795e+00,  2.21105696e+02,  7.08187111e+00, -1.26373428e+01,    -1.15900772e+02, -6.13122240e+02,  8.97293470e+01, -1.10363699e+03,     5.53281343e+02, -3.71219720e+02, -1.17460182e+02, -1.50900663e+02,     8.77644473e+01, -1.59553362e+02,  2.42494640e+02, -4.55501290e+02,     3.20649959e+02,  3.30996538e+02,  1.31388625e+02,  8.35110227e+01,     1.68185067e+02,  6.29162588e+01,  2.56090728e+02, -8.04109344e+01,    -5.30304705e+02,  8.28746628e+01, -1.94868778e+02, -3.83306403e+01,     4.22128756e+02, -6.86601456e+02,  8.47919966e+00,  1.15858454e+01,     7.32426176e+01,  2.81502362e+02, -1.16995080e+02,  7.12534367e+02,     4.10059518e+02, -1.48520066e+02, -8.97530786e+01,  1.61823640e+01,     6.60128496e+02, -4.72561806e+02, -8.82423650e+02,  2.44973450e+02,    -1.03536093e+02, -1.06862994e+02,  1.42627201e+02,  6.63038502e+02,     4.04423962e+02, -1.49142117e+02, -4.27786038e+02, -5.10704806e+01,     2.49283088e+02, -1.11337183e+02, -6.30795137e+02, -2.40914255e+01,    -7.88120468e+02, -4.13675867e+02,  6.74767546e+02, -4.34819589e+02,    -5.63731267e+02, -4.40878846e+02, -2.99917999e+02,  2.83747280e+02,     6.99083371e+02, -4.34224317e+01,  2.33691269e+02, -1.52523801e+02,    -5.91899784e+02,  3.96609080e+02, -3.86893892e+02,  2.40320077e+02,     3.07589178e+02, -6.29568230e+01,  3.49665649e+02,  3.71969429e+02,     9.12561115e+02, -1.26384888e+02, -3.91416072e+02, -5.41219156e+02,    -1.28521763e+02, -2.19655176e+02,  8.61693727e+02, -3.75961356e+02,     8.65028853e+01,  6.30210599e+01, -2.22501925e+02, -6.88762184e+02,    -5.50358386e+01,  8.29746879e+02,  9.27895281e+01,  5.99608313e+01,    -4.55278585e+02, -5.15391385e+02, -8.32761290e+01,  4.11630120e+02,    -1.89748284e+02,  9.05066125e+02, -3.72825546e+02,  1.44205188e+02,    -1.76308014e+02, -5.82690780e+02,  2.60174774e+01, -4.34222156e+02,    -6.33034741e+02,  7.01279054e+01,  2.01580968e+01,  4.39659297e+02,     1.78109828e+02, -2.87698009e+02,  1.91844425e+02, -7.01474300e+02,    -4.49942848e+02,  7.70313155e+02,  1.10909378e+02, -1.20674088e+02,    -2.74586608e+02, -3.97755090e+01, -6.66023440e+01,  7.22784619e+02,     3.48039589e+02, -1.25141402e+02, -5.95738037e+01, -3.42352522e+02,    -1.73083769e+02, -5.72201233e+02,  4.07114745e+02,  6.36913689e+01,     1.17868272e+02,  1.29297607e+02, -4.66052481e+01, -1.55597600e+02,    -4.68319753e+00, -9.04217383e+02, -1.62664461e+02, -6.89503770e+01,    -7.81943435e+01,  4.66759497e+02,  5.37462204e+02,  1.37599499e+02,    -8.14591244e+02,  5.44425183e+02, -1.69633802e+02, -3.28482635e+02,    -7.42472560e+02, -2.77416613e+02,  5.01887442e+02,  2.32130964e+02,     5.85986288e+01,  2.60903996e+02, -4.96226239e+02, -3.77782582e+02,     4.69907730e+02,  3.24605668e+02,  4.39948773e+02, -1.98153505e+00,     5.84300818e+01,  4.71457686e+02,  8.40844647e+02, -2.09937939e+02,     3.21693304e+02, -1.43322144e+02, -3.56994341e+02, -2.91428443e+02,    -2.60657115e+02, -1.27881736e+02, -4.34926528e+02, -1.99472171e+02,    -1.18713001e+03,  2.90157212e+02,  1.65468669e+02, -3.15427886e+01,    -3.53399040e+02, -1.90897189e+02, -4.58893915e+02,  1.00043124e+02,     7.01175095e+02, -1.76529502e+02, -1.39812043e+02,  1.86849824e+02,    -4.12526921e+02,  7.38627399e+02,  1.41220252e+02,  1.58200903e+02,     4.39596933e+02,  1.53638375e+01,  4.77850057e+02,  1.39989196e+02,    -7.33628907e+01,  7.98139469e+01, -1.88363328e+01,  5.91867512e+02,     7.71328060e+01,  1.25858682e+02, -7.65654880e+01,  1.13342847e+02,    -7.87768511e+02, -3.16641281e+02, -3.92943444e+02,  4.36689890e+02,    -2.48726443e+02, -5.48522231e+02,  5.00733817e+02, -1.02303624e+02,     3.72355484e+02, -7.78243985e+02,  2.10926059e+02,  6.52698657e+01,     5.06753126e+01, -7.54644474e+01, -5.54158652e+01,  4.19739764e+02,    -2.39589001e+00, -4.21349479e+02, -1.36152877e+02,  2.15547784e+02,    -9.94688039e+02, -7.91471035e+02,  1.27742316e+01,  9.51429744e+01,    -3.70167913e+02, -3.62399100e+01,  9.24487080e+02,  2.80464360e+02,    -4.78375786e+02,  8.01811758e+01, -7.62224783e+01,  8.83131034e+01,    -2.92467151e+02,  1.58201291e+02,  2.42196494e+02, -5.74085208e+01,     9.59580673e+02, -9.11116569e+01, -2.73830917e+02,  1.62105213e+02,     3.51988835e+02, -3.02096180e+02, -2.53474459e+01,  8.17369727e+02,    -2.01337463e+01,  5.02865824e+02,  1.21798746e+02, -8.22281624e+01,    -2.25320047e+02,  4.86054223e+02, -4.68409822e+02, -1.78654873e+01,    -1.27864343e+02, -3.60511494e+02,  1.43559813e+02,  2.03301782e+02,     7.63429449e+01, -1.38564237e+01, -3.30076512e+02,  1.57711055e+02,    -1.49874958e+01, -2.13840032e+02, -1.84488076e+02,  1.67905875e+02,    -4.26043896e+01, -3.12276327e+02, -9.08248754e+02,  7.84056177e+01,     1.99585353e+02, -3.99366241e+02, -1.92419647e+02,  7.03599990e+02,     6.20021678e+01,  3.00412560e+02,  5.56186697e+01,  3.14880887e+02,     4.39692078e+01, -3.36328284e+02, -3.27305971e+01,  7.11050019e+01,     2.37294739e+02,  6.84724871e+02,  4.20049909e+02,  1.80053349e+01,     1.46869296e+02,  5.15151846e+02,  2.23610245e+02, -6.19599600e+02,    -2.28502608e+02,  1.14895756e+02,  7.30497201e+01,  2.25489596e+02,    -4.48551353e+02,  1.08779886e+02,  3.43145027e+02,  4.21426302e+02,    -3.82752184e+02, -4.49093209e+01, -1.96167709e+01, -1.15452149e+02,    -2.84020838e+02, -1.69258469e+02, -2.76552727e+01,  6.81914610e+01,     3.52963084e+02, -2.65431061e+02,  6.83267206e+02,  3.04001905e+02,     2.15487915e+02,  2.83929392e+02,  2.59556319e+02,  2.80411921e+02,     4.61407409e+02, -3.77474484e+02,  5.40252918e+02, -9.50610927e+02,     2.65373055e+02, -9.28675128e+02,  7.19850761e+02,  6.20509930e+02,    -9.94615426e+01, -4.20067420e+02, -3.61078889e+02, -4.91980280e+02,    -5.29244318e+02,  4.91376997e+02,  3.66960634e+02,  2.06631501e+02,     2.71527510e+02,  3.47471219e+02, -3.28463148e+02, -1.72756461e+02,     4.90558802e+02, -1.06392849e+02,  4.52682607e+02,  6.24594605e+02,    -3.70501461e+01, -6.15395427e+02,  1.19652178e+01, -1.15188314e+01,    -8.38366575e+01,  6.48448115e+00, -5.73656000e+02, -1.57991571e+02,     5.02428658e+01,  7.57381281e+01,  4.13714211e+02, -3.41696182e+02,     5.23306380e+02, -3.45727172e+02,  1.89556189e+02,  3.32668424e+02]
gas_BEE = [-1.03725684e+01,-2.58139803e-01,-2.27236142e+00,7.26251985e+00,-3.60249095e+00,-2.83723754e+00,-7.23629709e+00,-1.56662065e+01,-6.44230261e+00,-6.98753413e+00,-5.72157723e+00,4.63735160e-01,3.55091661e-01,1.31770523e-01,5.62237446e-01,7.77616762e+00,-3.60531062e+00,-2.46590499e+00,3.61455026e+00,-1.84041784e+01,9.06774293e+00,-3.69649891e+00,-1.03085858e+00,-1.70838621e+00,-1.73118796e-01,-1.07775103e+00,1.48644810e+01,-2.98138037e+00,-1.42624605e+00,-8.88885349e+00,1.24236011e+01,-1.64044382e+00,-6.80545971e+00,3.37504355e+00,-4.90011465e-01,3.96673405e+00,-2.18626666e-01,5.58830500e-01,5.47047466e+00,-1.70046809e+01,9.24479809e+00,1.85604368e+00,-1.27864850e+00,-5.17014169e+00,2.03289647e+00,-2.50801098e+00,7.91950137e+00,5.97647220e+00,-3.99040148e+00,-5.06269669e+00,-5.00222511e+00,-6.02954623e+00,3.11964272e+00,-8.60735656e+00,2.34832315e+00,9.95340114e+00,1.15775723e+01,5.54218941e+00,2.96398516e+00,4.92983247e+00,1.50875079e+01,3.39677284e+00,-9.23358888e+00,-2.04778242e+00,-4.68904180e+00,1.04142668e+01,-1.26235606e+01,-1.01888155e+01,-5.03396646e+00,-2.12689528e+00,-7.02388862e+00,4.59386704e+00,2.20644965e+00,2.20471737e+00,-6.47745467e+00,-5.82114968e+00,-9.27795880e+00,5.91325137e+00,-5.29173652e+00,4.91279665e+00,-1.15163441e+00,-5.13490159e+00,-9.01458040e+00,-2.62512300e+00,-2.50818853e+00,-2.54923847e+00,6.61713449e+00,1.20836574e+01,-7.01291859e+00,-1.32437509e+01,-3.23389690e+00,1.84271956e+01,-9.31781616e+00,5.33110227e+00,-1.54577994e+00,-1.04349857e+01,4.62789664e+00,5.61384814e+00,-2.46837322e+00,5.23149785e+00,-4.60948958e+00,-9.15188810e+00,1.58328080e+01,7.41796893e+00,4.31011196e+00,1.93736848e+00,3.15442296e+00,1.37181526e+01,-4.47914970e+00,5.90494637e-01,-2.33311476e+01,3.38332330e+00,-1.13275046e+01,2.13847881e+00,3.46086333e+00,-5.70385361e+00,-8.73078628e+00,7.87393843e-01,-5.03872224e+00,6.60445614e+00,-7.60110434e+00,-8.81493769e-01,-6.28545704e+00,-4.20433934e-01,2.29532546e-01,3.12375807e+00,8.31343613e-02,-1.21055430e+00,1.04896100e+01,1.51519761e+01,8.06297623e+00,1.19474681e+01,-2.32073945e+00,1.55295032e+00,8.68003237e+00,-2.00398451e-01,-1.25124330e+01,-6.95847256e+00,-8.20439910e+00,-4.91615219e+00,4.45312232e+00,-1.98618464e+01,-2.25266207e+00,7.25824643e+00,-6.81611133e+00,-5.43673185e+00,8.91825500e+00,7.92825805e+00,-5.00972275e+00,4.21814935e+00,-4.23399033e+00,6.26036883e+00,1.29433548e+00,2.41248926e+00,-1.40044734e+01,-8.04091203e+00,-1.59925781e+00,-4.03539352e-01,-6.66716353e+00,1.81247478e+01,-2.46942898e+00,-5.05248598e+00,6.69393792e+00,-7.69216544e+00,-5.98851468e+00,5.13646814e+00,1.78883786e+00,1.72480453e+00,2.14320181e+00,-1.87486988e+00,2.30058456e+00,9.78209843e+00,-4.85354596e+00,3.29683311e+00,1.49124872e+01,5.21465058e+00,-7.18393870e-01,-3.07209951e+00,2.53337076e+01,-3.65283300e+00,6.36098611e+00,4.47901543e+00,5.24638073e+00,1.54250973e+01,7.95057230e+00,-7.29050150e-01,3.74966129e+00,8.36863570e+00,6.25431687e+00,-9.70878854e+00,1.56215227e+01,-1.43407934e+01,-2.42118502e+00,9.46598941e+00,1.82748617e+00,7.28969680e-01,5.08391231e+00,3.22305547e+00,5.46955489e+00,-1.03582379e+01,6.14564665e-01,-4.09357439e+00,-1.06770234e+00,-1.86941032e-01,-1.83916820e+00,-9.39562402e-01,1.39852004e+01,-9.32982487e-01,-4.90298467e+00,-4.23056136e-01,2.27528291e+00,-1.01870053e+01,-8.04841251e+00,-5.68624593e+00,-1.03625575e+01,-2.97145561e+00,-6.86022872e+00,2.95775012e+00,-8.33050148e-02,-2.00099761e+00,-1.43788244e+00,1.07795412e+00,-3.37601649e+00,1.07492802e+01,-1.40306869e+01,-2.04853804e+00,-2.63732411e+00,2.82941369e+00,3.16362828e+00,-8.21986716e+00,-2.41967674e+00,7.41442054e+00,-3.90688328e+00,2.28147988e+00,6.06825857e+00,-1.07169500e-01,1.91067685e+01,-2.59695172e+00,-6.01525409e+00,2.60677528e-01,-4.53415487e+00,8.56285977e+00,-7.25885117e+00,2.18614563e+00,8.83693383e+00,-2.30024195e+00,1.95848508e+01,2.09220808e+01,-1.17526437e+01,9.48740227e+00,3.31139715e+00,-8.94690331e+00,3.40996530e+00,6.51726852e+00,7.07229060e+00,7.34121148e-01,2.87406186e+00,1.19797077e+01,-3.85190587e+00,1.82656138e+00,1.14614935e+01,-5.99466315e+00,-3.29311209e+00,9.35298616e+00,5.07436738e+00,1.28470445e+01,5.02198697e+00,1.83433969e+00,4.11031560e+00,6.91295289e+00,-8.02302379e+00,7.88055729e-01,3.46143636e+00,1.52809489e+00,3.85500849e+00,-1.01088579e+01,5.68141578e+00,-7.22358921e+00,-5.23343205e+00,2.86880606e+00,-2.07897149e+00,9.53144664e+00,-3.37974802e+00,4.52384678e+00,5.14889595e+00,1.31381755e+01,8.96217065e+00,8.41763968e+00,-1.34625424e+00,-1.35274849e+00,-5.11811124e+00,1.31384925e+01,1.35913164e+01,6.15664238e+00,-4.18562203e+00,8.28610973e+00,-1.00093111e+00,3.39306460e+00,1.10814157e+01,-3.50762888e-01,-1.83455675e+00,-4.27407383e+00,-9.46093532e+00,1.59345609e+01,7.74133437e+00,-1.02147910e+01,-2.96088450e+00,4.14421300e+00,-2.01086669e+00,1.04305856e+01,2.69262200e+00,1.32484972e+01,4.45293686e+00,-4.20803649e+00,3.39910104e+00,-1.04302793e+00,-4.58473852e+00,2.75863032e+00,3.23118835e+00,1.47741584e+01,1.26721727e+01,9.32740981e+00,1.17756970e+01,1.25233715e+00,-4.56055905e+00,2.25782942e+00,-5.74710982e+00,-8.76647933e+00,-9.49747464e+00,-4.98283124e+00,-1.81185167e+01,-5.62473235e+00,-1.40840012e+01,3.10519122e+00,-7.67501815e+00,7.74579809e+00,-1.57398732e+01,-5.07309105e+00,7.52153595e+00,3.57519881e+00,-1.43705220e+01,9.39822845e+00,-4.61155341e+00,8.95522956e+00,-4.76446592e+00,-1.26576871e+01,2.70910298e+00,-1.04753275e+01,-1.50807318e+00,-6.16302670e-02,7.05785442e+00,2.07958652e+01,-7.42925883e+00,-6.22059884e+00,-9.01631458e-01,-1.64585455e+00,-1.32667683e+01,-9.74385358e+00,8.68325866e+00,-3.59879602e+00,3.12184415e+00,-8.09378695e+00,-2.24743664e+00,-7.06494086e+00,8.28274910e+00,2.61402358e+00,-4.06002011e+00,-2.40355045e+00,1.81034730e+00,-1.30472260e+00,6.62309065e+00,-4.42350269e+00,1.15374318e+00,5.44334568e+00,2.46955318e+00,-3.41313305e+00,2.58427870e+01,9.35849653e+00,1.22413805e+00,1.40412306e+00,-1.00088521e+01,5.28430316e+00,-1.23573299e+01,-5.17432478e+00,-9.69282908e+00,-3.07697205e+00,9.66142965e+00,-9.44728626e+00,3.55865737e+00,-6.57440176e-01,3.86552673e-01,-5.77075722e+00,-7.11489617e+00,-8.24177266e-01,-6.35029377e+00,-3.85279741e+00,-6.51542948e+00,-1.12710930e+00,-5.38139141e+00,-8.19404804e+00,3.88891593e+00,-2.55858788e+00,3.50790718e+00,1.71066043e+00,-1.22333189e+01,-8.76618681e+00,-7.61097030e+00,5.67149107e+00,-5.81238786e-01,-1.03788890e+01,9.40420454e+00,-7.08605973e+00,9.15562150e+00,-4.91566983e+00,-7.96867694e+00,4.52388103e+00,-1.17370414e+01,-5.72760736e+00,1.05036318e+01,3.53345488e+00,-6.42390235e+00,9.00266146e+00,-2.69368243e+00,-5.74968107e+00,-5.05784770e+00,-8.62614121e+00,4.02330634e+00,-1.48536146e+01,-1.33030367e+01,-1.05664376e+00,-4.85486137e+00,-9.86517814e+00,1.23335582e+01,2.24516232e+01,-4.48466610e+00,-3.71061408e-01,-1.05198732e+01,1.08338831e+01,3.35436325e+00,-2.96205743e+00,-6.42805958e+00,2.32049183e+00,-1.00253530e+01,-2.13812239e+00,-1.46926948e+01,5.30583316e+00,2.56700405e+00,-4.44927358e-01,-1.49009124e+00,-6.12817390e+00,-1.89578252e+00,2.21199750e+01,-2.72333893e+00,-7.69125068e+00,-1.12360115e+01,2.17424117e+00,-5.96007447e+00,1.15947000e+00,5.13271975e+00,1.03064743e+00,5.65362752e+00,2.72197037e+00,1.00370183e+01,4.71905949e+00,-5.72661447e+00,7.67074120e+00,5.98321220e+00,2.09759143e+00,6.83034516e+00,-4.38680068e+00,1.19883773e+01,3.58615252e+00,-5.32148830e+00,-1.22184816e+00,-2.78585084e+00,3.17296999e+00,-4.41513780e+00,-1.16062348e+00,-1.83204858e+00,1.33850306e+01,9.29761775e+00,-1.12509021e+01,-9.51533222e-01,-8.78542303e+00,-2.38128121e+00,-3.91191194e+00,1.38248347e+00,-4.90462664e-01,-4.44476272e+00,1.99906933e+00,-1.33681257e+00,-1.69894461e+00,1.43375901e+01,2.83585976e+00,-1.35204900e+01,-7.13440023e+00,1.54947044e+01,3.92285753e+00,-1.45938238e+00,1.80187297e+01,-3.14691894e+00,-1.51602174e+00,-1.74749659e+00,2.37827582e+00,4.99630461e+00,7.42897217e-01,4.83091818e+00,-2.35313841e+00,-5.93017652e+00,-6.49083821e+00,-8.10205465e+00,7.36322487e+00,2.50029286e+00,6.34554863e+00,2.67056626e+00,1.46639647e+01,2.93365005e+00,-1.29121137e+01,-5.50412951e+00,1.21420066e+00,-4.72596816e+00,1.03841782e+01,-2.22752033e+00,2.65589724e+00,8.70614564e+00,-1.29155848e+01,2.45780729e+01,3.30328146e+00,4.14541305e+00,6.14327838e+00,9.74354879e-01,-5.43795603e-01,5.55500979e+00,-5.78172119e+00,1.37402217e+01,1.20811163e+01,-6.32739849e+00,2.98178715e+00,1.16927021e+01,-3.70287380e+00,3.07788728e+00,6.21053092e+00,7.21745592e+00,-1.25015878e+01,-1.55320518e+00,-4.99878164e+00,-1.00583445e+00,-1.19802638e+00,3.55323167e-01,-2.87907920e+00,-4.71452689e+00,2.05402067e+00,1.51244380e+00,8.92578629e+00,-7.18123709e+00,6.75293353e+00,8.19329310e+00,-2.20070903e+00,1.30514399e+01,-1.12017130e+01,-1.71392245e+01,-9.00643704e-01,-8.40140194e-01,6.06290402e-01,1.27011288e+01,-8.51373025e-01,6.87364845e+00,8.90607187e+00,6.54138471e+00,-7.49933351e-01,1.03715354e+01,-2.71676513e+00,-5.88420515e+00,-7.13615400e+00,1.06263525e+00,6.34828648e+00,-8.84526047e-01,6.14389793e+00,-7.53340043e-03,9.76798036e+00,3.02360132e+00,1.29315075e+00,-7.54823529e-01,5.10616836e+00,6.60321994e+00,3.07651831e+00,-3.66962037e-01,-8.84143346e+00,4.68613208e+00,3.27661884e+00,6.05607865e+00,5.05114767e+00,5.92508622e+00,-1.16356860e+00,4.94181366e+00,-4.99367637e+00,-4.46092695e-01,-9.10351876e+00,-5.62333331e+00,6.95684541e+00,-1.50383760e+01,4.49758242e+00,2.59278993e+00,1.43401959e+01,-3.51876308e+00,5.35363885e+00,-2.25477311e+00,-7.95568332e+00,-1.18085248e+01,-1.87783323e+00,-1.50891353e+01,2.33293597e+00,-3.82572675e+00,5.27289609e+00,3.83161065e+00,-4.31857358e+00,-4.66938498e+00,7.02507749e+00,-9.18441306e+00,-2.15062175e+00,-2.80218383e+00,3.75189846e+00,-3.78668292e-01,7.29183151e-01,-2.84832623e+00,9.02267747e+00,-8.73805383e+00,1.52354263e+00,9.81331970e+00,-5.46399414e+00,4.63475677e-01,-6.90153557e-01,-1.13537285e+01,-7.38450533e+00,-8.29328385e-01,4.74324836e+00,5.32085939e+00,1.12818261e+00,-1.31183984e+00,2.92622387e+00,-7.12638921e+00,-2.19019429e-01,-8.82525719e+00,-4.57637900e+00,8.07823220e+00,-5.05933388e+00,1.10284271e+01,-3.62242145e+00,5.80943682e+00,4.29913545e+00,-1.00872995e+01,-4.65270651e+00,1.35401085e+00,-6.32789695e+00,-6.61219481e+00,-1.42522390e+01,-9.40882606e+00,-8.29542228e+00,-7.20474142e+00,1.00184484e-01,3.19146988e+00,1.19422859e+00,3.68341277e+00,-9.65376825e+00,2.03958898e+00,4.30491289e+00,-1.13625569e+01,-1.01829522e+01,-6.51365851e+00,-4.40138723e+00,2.79462103e+00,5.93632163e-02,-7.02274372e+00,5.45904222e+00,-3.38032159e+00,8.83582865e+00,-1.44098675e+01,1.00136362e+01,-1.00652304e+00,-7.14992747e+00,-4.35572175e+00,-6.12597564e-02,7.25214502e+00,-1.18632373e+01,-2.10700106e+00,-2.94392021e+00,7.60043538e+00,1.34508937e+01,-1.64073776e+01,1.53889470e+01,6.97491602e+00,-1.25091393e+01,-5.69040588e+00,1.27320718e+01,9.89079395e+00,-3.31543353e+00,-1.05288024e+00,2.35896830e+00,1.20381341e+01,-9.29612440e+00,2.58647852e+00,-9.17142888e-01,5.17503357e+00,-1.19049350e+01,-7.44094332e-01,-5.15742339e+00,7.80468483e+00,6.71822705e+00,-1.46147623e+01,-8.03733049e+00,-3.80190741e+00,-6.36857986e+00,-2.16855847e+00,-3.56747374e+00,7.52673526e+00,7.06526644e+00,-8.61501170e-01,-6.84942785e+00,-1.42207662e+01,7.87688237e+00,-8.10031760e+00,-5.48154110e+00,1.23735334e+00,-5.71931086e+00,-6.75867393e+00,-4.80894603e+00,-7.65640421e+00,-4.01807118e+00,-8.02934833e+00,9.47759654e+00,1.03513248e+01,-1.09699520e+00,-3.84439971e+00,-1.38082733e-01,6.87844226e+00,-1.44671659e+01,-3.58621254e+00,8.74165326e+00,1.11899474e+01,-2.64530329e+00,1.79414909e+00,8.61178535e+00,2.76277027e+00,-4.54927868e-01,-6.49262276e+00,3.17714126e+00,-5.61282019e+00,-2.44324943e+00,-3.08419125e+00,-2.78114944e+00,3.53699667e+00,1.34362287e+01,-7.73852514e-01,5.35814813e-01,-1.51308935e+01,-3.04497625e+00,-6.05309108e+00,4.24274366e-01,-6.97364400e+00,1.35972044e+01,1.42270015e+01,3.04017919e+00,-3.23122164e+00,2.57996326e+00,4.19969680e+00,-7.64745335e+00,-1.38103222e+00,2.52363376e+00,2.23181607e+00,8.65104234e+00,6.95392531e+00,-3.39707836e+00,4.43830274e+00,-1.61971675e+01,-5.95269319e-01,1.46757487e+01,2.64386163e+00,4.15657819e-02,4.87006121e+00,-3.98717788e+00,1.53104250e+01,-2.70819356e+00,1.37470334e+01,6.21259254e+00,-7.27379344e+00,5.35725575e+00,-4.82215470e+00,-1.11967059e+01,-1.16378783e+00,-9.11460077e+00,-9.02734602e+00,-4.04619865e-01,5.54192909e+00,-1.51941466e+00,-5.76538226e+00,1.28695021e+00,-1.14562054e+01,-9.15316490e-01,-1.44302415e+01,9.01051627e+00,-4.55233371e-01,-8.10374423e+00,-3.55578866e+00,2.94874110e+00,-5.62354684e+00,-7.37851371e+00,1.46701717e+01,-4.18616458e+00,-7.21797114e+00,4.97483165e+00,-2.74915989e+00,8.56023238e+00,-4.75612920e-02,8.73933424e-01,1.73242796e+01,-2.49849626e+00,-6.01159445e+00,-6.71531677e+00,-9.09098040e+00,-5.88953764e+00,4.52956774e+00,4.26580336e+00,4.33533045e+00,1.22608837e+01,3.39233869e-01,3.30844264e+00,-1.05056202e+01,1.00877715e-01,-3.71977304e+00,-4.90752680e+00,9.01059454e-02,5.52737573e+00,6.36631433e+00,-2.26957003e-01,1.52802062e+00,5.06159857e+00,6.39126663e+00,-3.49014568e+00,-1.72308405e+00,1.78521440e-01,-4.26784676e+00,-1.34963416e+00,-5.18473895e+00,1.25089267e+01,1.04254446e+01,-2.90357660e+00,2.38387525e+00,-7.42795455e-01,-4.35207754e+00,5.69687978e+00,-1.51710393e+00,5.72621565e+00,-8.41540077e+00,2.99054227e+00,-1.65867034e+00,-8.98471738e+00,-4.26197175e+00,4.16128096e+00,-1.56841003e+01,6.29764449e+00,7.86743542e+00,-1.37286521e+00,-9.90392836e-01,-4.77657009e-01,4.00799115e+00,-5.62502919e+00,5.78782149e+00,4.94232854e+00,-1.67952376e+01,-5.58914127e+00,3.97128026e+00,-1.73916858e+00,7.11385474e+00,-1.01274022e+01,-8.68831466e-01,-6.68895467e+00,-2.11062334e+01,1.29318489e+01,-9.89824597e+00,-1.04618506e+01,1.43041460e+00,2.13061617e+01,5.79743456e-01,-4.56851248e+00,-1.41614213e-01,-7.12360218e-01,-1.46180946e+01,-9.71779766e+00,1.38763545e+01,-1.65936770e+00,-6.30779274e+00,8.71773149e+00,-5.53458265e+00,5.99250721e+00,8.66486767e+00,-9.51212458e+00,-4.42245826e+00,-5.18329869e+00,-2.47055332e+00,-3.55205650e+00,-2.15903382e+00,2.65863177e+00,-5.66722032e+00,4.91150079e+00,9.73140715e+00,-1.89476751e+00,-3.01570722e+00,2.37287275e+00,9.13406417e+00,8.46474190e+00,9.15459852e-01,-1.01957192e+00,-1.27072759e+00,-8.68048795e+00,6.67634218e+00,-4.20587244e+00,3.25859965e+00,-2.67879566e+00,4.68485274e+00,2.71342121e+00,-1.34290726e+01,-4.73490422e+00,-1.29892638e+01,-5.81895885e+00,8.68240645e-01,-2.84236714e+00,5.32176212e+00,-4.69925328e+00,3.74814978e-01,1.39519779e+00,1.22507532e+01,6.37300946e+00,-4.63673572e+00,-2.24175501e-01,2.29491339e+00,6.28240817e+00,1.69517298e-02,9.11695163e+00,4.68033364e+00,1.47485003e+01,8.20138493e-01,1.12584123e+01,-4.18042746e+00,-6.51334664e+00,1.16017371e+00,1.12283324e+00,4.40468643e+00,-2.13172134e+00,-2.28672370e+00,3.92197413e+00,-7.87637026e+00,-9.05853845e+00,1.25757417e+01,-1.18709223e+00,-6.97224827e+00,-6.67616153e-01,-2.36039189e+00,6.24418270e+00,5.89346361e+00,-3.42295504e+00,-1.22565443e-01,-4.56470913e+00,-5.75852882e+00,-4.21444191e+00,-1.58352753e+01,-3.63047900e-01,-1.12534776e+01,-9.37069175e+00,-6.82392613e+00,3.09461252e+00,-6.49183397e+00,3.47153353e+00,-1.01308493e+01,9.21006313e-02,-6.71381483e+00,9.31088275e-01,1.44735234e+00,5.46162503e+00,-3.48477537e+00,-3.14085656e+00,4.81604381e+00,1.03361903e+01,5.21248581e+00,1.48627163e+00,-1.19427571e+01,-2.43359861e+00,-4.91081349e+00,-1.03946990e+01,7.41504129e+00,-5.77946316e+00,-9.32223246e-01,-4.41578996e+00,-1.67588357e+01,8.96914347e+00,-3.06196027e+00,6.75006425e+00,-1.21085052e+01,1.09420436e+01,6.63979173e-01,-4.81158292e+00,1.03317479e+00,-3.81116561e+00,-1.14700667e+01,2.84507722e+00,5.43975060e+00,2.37357177e-01,-5.70372183e+00,-2.30457049e+00,3.16633621e+00,5.38879238e+00,1.05451683e+01,4.22827776e+00,-3.68812814e+00,1.52680144e+01,4.07498422e+00,7.18065424e+00,-2.63803768e+00,4.71953428e+00,3.22341798e+00,-1.06293704e+01,-3.42731383e+00,-6.48398080e+00,-5.94765441e+00,-1.68001153e+00,-2.15725986e+00,-6.86603142e+00,-1.89648148e+01,-4.63647450e+00,2.67045117e+00,8.70706721e-01,1.85893883e+00,7.34298438e+00,2.40247184e+00,5.10599017e+00,-7.32475741e+00,7.60680434e+00,-7.08882022e+00,-1.19493358e+01,2.77221393e+00,-6.48281055e+00,-6.92415916e+00,-2.65490708e+01,-1.70053577e+00,1.36428590e+01,7.43064562e+00,-2.00694747e+00,-1.53601609e+00,5.80645763e+00,1.07485345e+01,-6.90724893e+00,-1.66273650e+00,-5.48991801e+00,-5.89395283e+00,-5.41651151e+00,2.28710714e+00,1.19114525e+01,-1.11493489e+01,-8.89027746e+00,3.37132447e-01,-1.81657483e+00,-3.04935422e+00,-1.51248287e+01,9.68711399e+00,3.95886446e+00,9.80043081e-01,8.37861774e+00,-5.13700666e+00,5.42932212e+00,4.64051928e+00,8.01991344e-01,-1.27632620e+00,1.95260896e+00,-2.44472216e+00,7.75099116e+00,-7.00641730e+00,7.01694656e+00,1.67311936e+00,2.40605836e+00,3.68961745e+00,-1.36747976e+01,1.30621160e+00,-1.10552654e+01,-8.27955852e+00,-8.12618787e+00,-8.03947011e+00,5.08892208e-01,2.61845503e+00,7.99534713e+00,1.46978231e+00,2.41846259e+00,-1.18098463e+01,-4.48285858e+00,5.62825530e+00,1.72141728e-01,-1.31948151e-01,-1.50910542e+00,5.93818863e+00,-1.53440431e+01,1.98121550e+00,3.95167818e+00,6.93439337e+00,6.19519656e+00,-9.46412373e+00,2.11259287e+00,1.00525834e+00,1.13398278e+00,3.34294101e-01,-3.74735155e+00,-6.18317330e+00,2.68705369e+00,1.00936908e+01,-1.28128961e+00,1.87247808e+00,2.15638830e+00,-4.70764477e+00,-4.59878468e+00,-1.96939552e+01,-6.70604563e+00,-9.04637673e+00,-1.54185580e+00,-1.09833780e+01,1.28091738e+01,-5.41174322e+00,-8.93800636e+00,-2.64997084e+01,1.12322696e+01,2.35760257e+00,2.12201595e-01,-1.02269411e+01,1.24527394e+00,-2.74738841e+00,-5.34802663e+00,1.09373949e+00,5.42061936e+00,1.20857675e+00,-2.86168894e+00,-1.70728886e-02,2.17491513e-01,2.48743689e+00,-1.10268843e+01,1.18553219e+01,-6.78853961e+00,-4.46052514e+00,-7.50005115e+00,-1.70360811e+01,9.89516471e-01,-8.47013426e+00,-3.67533076e+00,5.57826673e+00,-3.91751587e+00,-8.01166633e-01,-1.79429285e+00,-4.22150434e+00,1.83602685e-01,8.85280856e+00,-8.96936645e+00,1.61950533e+01,-3.70545568e+00,5.84319054e+00,-1.70541950e+00,2.21338594e+00,-1.96583123e+00,7.66201973e+00,1.05318649e+01,3.03829607e+00,8.60939397e+00,-5.63048337e+00,-7.30571194e-01,-4.18672212e+00,1.08996000e+01,9.52424555e+00,7.02625656e+00,-2.47545530e+00,-4.47871939e+00,4.11598873e+00,-4.49712457e+00,-2.52994059e+00,-1.16636283e+00,-5.22025340e+00,8.42022278e+00,-1.48645546e+00,5.95439167e+00,2.81120588e+00,2.84427110e+00,-5.63100202e+00,5.04045543e+00,-2.44437992e+00,-1.75269713e+00,-2.76090927e-01,-8.65330586e+00,1.31372366e+01,-4.60745770e+00,4.89456696e-02,3.56977585e+00,3.36667227e+00,1.24557587e+01,-3.32422605e+00,1.27267007e+01,1.13946753e+01,-1.62185002e+01,1.20236768e+00,-3.15657036e+00,1.92814907e+00,1.20678152e+00,2.75461547e+00,1.03855950e+01,1.54348398e+01,-1.28571869e+01,1.29448830e+01,-1.58409351e+01,-1.33590739e+01,-2.08900644e+00,1.86563901e-01,1.25025350e+01,6.29959464e+00,-2.80352783e+00,-1.47493120e+01,1.11660885e+01,-7.44735873e+00,-3.35054668e-02,-8.62311995e-01,2.12660043e+01,-4.18088703e+00,-1.75528590e+01,4.97854253e+00,-2.65408229e+01,2.17671009e+00,-6.18319701e+00,-2.86424197e+00,-4.23474587e+00,-9.58778945e+00,6.32279753e+00,-5.76959819e+00,-1.50024257e+00,-1.29560755e+01,-7.47329825e-01,-8.32035243e+00,-1.26015421e+01,-1.94626189e+01,1.94823570e+00,-5.52526029e+00,2.47146392e-01,-2.01132102e+00,-1.37432100e+01,-1.04060219e+01,-9.47642054e+00,-9.09409591e+00,8.93343167e+00,1.43676905e+00,-7.77371015e+00,-3.70863516e+00,-4.33014153e+00,6.43092650e+00,-5.18023144e+00,-1.59113985e+00,-4.46512551e+00,-6.38716367e+00,-6.41497719e+00,6.58725579e+00,-2.31849428e+00,-1.48912163e+01,1.30747367e+01,7.66642511e+00,8.62082753e-01,-1.28758376e+01,-1.24848575e+01,1.64034586e+00,5.71746684e-01,-5.53599631e+00,-7.77943532e+00,5.83147046e+00,-9.79282894e-01,4.47797643e+00,7.99316620e+00,5.97036031e+00,4.68953906e+00,3.80048427e+00,-3.73945385e+00,-2.24384157e+00,-3.09898401e+00,-6.01694613e+00,-7.85683547e+00,-1.04486539e+01,-6.15827716e+00,-1.60264557e+00,-1.32589173e+01,-1.75012848e+00,5.55080893e+00,-1.26020304e+01,5.14736200e+00,4.40118994e+00,-1.14316546e+01,-9.32381775e+00,-3.18579137e+00,2.66057555e+00,-6.76007556e+00,1.21510537e+01,1.06333292e+01,-1.29045053e+01,7.91104187e+00,6.00175772e+00,1.84171613e+00,3.48009246e+00,-7.05055908e+00,-2.50442381e+00,7.17068194e-01,3.11094584e+00,7.24999992e+00,-9.10725135e+00,-1.26490987e+00,2.88295985e+00,4.58010112e-01,-5.26468860e+00,3.40489724e+00,-4.42655892e+00,-3.21538380e+00,3.70425812e-01,-1.02115943e+01,4.69959225e-03,-3.01278236e+00,-2.06533185e+00,1.28800910e+00,-9.08648864e+00,9.25546829e+00,-4.17728653e+00,-2.15717141e+01,-1.43436963e+01,6.14425126e+00,-6.00014699e+00,-3.14697266e+00,-4.45321974e+00,-2.87958249e+00,-1.70108053e+01,-1.17470652e+00,-1.04306757e+01,-5.15642904e+00,3.86331470e+00,1.27403622e+01,3.48289709e-01,5.18004545e-02,9.69187706e+00,-8.63916547e+00,5.32891543e+00,1.18510880e+00,-7.81411524e+00,-3.91300580e+00,3.56233711e+00,2.72709915e-01,2.32671753e+00,2.14083102e+00,-3.74982768e+00,-4.85210173e+00,-8.25916793e+00,8.04048818e+00,-1.09372717e+01,-8.21105826e+00,2.20411523e+00,-1.44665246e+01,3.43883322e+00,9.62605487e+00,-1.54708139e+00,2.05656482e+00,-4.80025433e+00,-3.35666947e+00,1.49068605e+00,6.08123960e+00,-6.21522546e+00,4.29112641e+00,-2.19968802e+00,-2.06289225e-01,4.05938538e+00,2.83426808e+00,-1.66813470e+00,-2.11440638e-01,2.72809907e+00,4.70850616e+00,-1.16462509e+01,5.44191254e-01,8.79957756e+00,-1.54893312e+01,5.45859494e+00,-1.93610962e+01,-1.53848567e+00,-2.46082269e+00,-1.23873352e+00,-1.66738642e+00,-4.56593157e+00,-8.76242850e-01,2.25651794e+00,-3.91108251e+00,2.08544129e+00,1.48069570e+01,-9.98059734e+00,-4.36381548e+00,6.36644166e+00,3.77543534e+00,6.80857328e+00,2.66251499e+00,4.05483420e+00,-2.60379353e+00,-8.09528605e+00,-7.48385920e+00,-4.26159798e+00,5.30717686e-01,-6.80251765e+00,-2.03811284e+00,1.03135642e+00,3.75523724e+00,-1.27268527e+00,9.63857419e+00,-9.44029761e+00,-8.42177116e-01,-1.04547289e+00,4.84857016e+00,-7.15718158e+00,-4.42936208e+00,3.42300390e+00,8.30813789e+00,1.18433634e+01,5.79629172e+00,7.22489054e+00,-4.44779268e+00,1.06081740e+01,1.05944678e+01,-8.48645062e-01,5.66769775e+00,6.32047027e+00,-3.35321577e+00,1.26899184e+00,1.05702802e+01,-4.20870009e+00,-1.86312198e+00,-1.05689082e+01,3.99441424e+00,-1.88995326e+00,3.28100076e+00,9.25900590e-01,-6.64664730e+00,7.96847480e+00,6.55141431e+00,-4.40141407e+00,2.63920603e+00,-9.63314612e+00,-8.95625574e+00,3.85027839e+00,-1.12730141e+01,-5.07255326e+00,7.78663700e-01,1.41075452e+01,-3.45239098e+00,-2.01586870e+00,-2.67443730e+00,1.89975356e+01,2.97438696e+00,-6.77979694e+00,1.15080470e+01,1.04082498e+01,5.32132558e+00,1.27833818e+01,1.34606067e+01,-1.37509344e+00,-4.85687966e+00,-5.23265136e+00,4.30434549e+00,6.03802688e+00,-1.02247182e+00,-3.73173000e+00,-9.92883392e+00,-4.11542530e+00,-7.51937975e+00,4.94201183e+00,2.73143713e+00,9.89230040e+00,1.52515358e+00,-4.14222709e+00,-1.20302200e+00,6.69354177e+00,2.10168607e+00,9.42569374e+00,9.55489768e+00,-1.94974493e+00,-1.28543868e+00,-1.61312537e+01,8.42708756e+00,-7.30618186e-01,9.11236841e+00,-3.83428727e+00,-1.03804172e+01,3.01755853e+00,1.15950426e+01,-4.18105582e+00,1.12064444e+01,-1.19717019e+01,-3.98612793e+00,-1.35506102e+01,3.27092854e+00,1.61951221e+00,5.96975226e-01,-1.00974862e+01,1.46689368e+01,8.86281692e+00,1.18249332e+00,-7.84655026e+00,3.64886810e+00,-3.99123217e+00,-1.91542460e+00,-3.68937386e+00,3.22120255e+00,-2.07467829e+00,-3.11000270e+00,3.52720511e+00,3.97353708e+00,-1.44971585e+01,3.17989907e+00,1.08777518e+01,6.94397049e+00,-2.32648674e+00,3.27969836e-01,-6.12015014e+00,9.51180144e+00,2.19928578e+00,-1.02775232e+00,-9.78256729e-01,1.78602822e+01,-3.29363153e-01,4.64977422e+00,1.19731997e+01,1.61931809e+01,9.95637205e+00,7.02559282e+00,-1.01151246e+01,-7.51928425e+00,5.67671262e+00,3.07713566e-01,5.14884496e+00,2.42555447e+00,1.04330173e+01,-1.30783438e+01,-8.05474213e+00,-1.57463596e+00,-1.40825295e+01,2.78810990e+00,6.72183240e+00,1.40138983e+00,-3.65677031e+00,3.83052737e+00,2.28962227e+01,4.77406557e+00,2.60575966e+00,-8.00582562e+00,-1.03056510e+01,-2.76717297e+00,4.78046554e+00,-9.03242904e-01,3.87319461e+00,5.79974504e+00,-1.03784383e+01,4.25863974e+00,7.27740772e+00,9.52797486e+00,-1.41861937e+00,1.71696022e-01,-1.30917713e+00,-7.76892273e+00,-1.19914508e+01,1.29431279e+01,-1.29895065e+00,-9.27489779e+00,7.22696637e-01,-4.56975502e+00,1.46586731e+01,-3.62187830e+00,-6.07154256e+00,5.88664256e+00,-2.27072757e+00,7.30266097e+00,-2.31301922e-01,1.60112973e+01,8.04560304e+00,8.04921147e-01,-6.07549674e+00,4.32199412e+00,-8.99221418e+00,-1.18145755e+00,1.05875738e+01,-4.32768102e+00,-7.30742634e+00,-3.51663296e+00,8.72267514e+00,2.00330649e+00,-1.38437757e+01,5.59660926e+00,1.94156710e+00,1.51730776e+00,-8.27588589e+00,1.06825515e+00,5.72239519e+00,8.22859636e+00,1.04141531e+01,5.22632940e+00,9.18314282e-01,-8.73086192e+00,-7.39131480e+00,-1.15917825e+01,-1.63920547e+00,5.69989658e+00,-4.97560028e-01,8.97196832e+00,-5.23864401e+00,2.85710567e+00,-3.07659849e+00,-4.47096134e+00,9.57778098e+00,1.09373765e+00,1.00019180e+01,8.62801792e-01,3.85231395e+00,-2.65445876e+00,9.86962548e+00,-2.11600295e+00,-1.29336367e-01,-1.30261414e+01,-1.61048170e+00,1.17870303e+01,1.12532865e+01,3.79898890e+00,-2.03551295e+00,5.10986263e-01,-3.39460897e+00,-1.75611804e+00,1.46302192e+01,7.97044314e-01,-4.04566881e+00,-1.80280847e+01,-8.18582997e+00,-6.22451186e+00,-1.03982826e+01,-9.76410688e+00,-1.18792751e+01,-7.45345714e+00,-5.66445030e+00,-7.48144668e+00,7.59275532e+00,-3.91574992e+00,-1.56393083e+01,7.14887282e+00,-5.28802433e+00,-1.30011860e+01,1.65575821e+01,-3.89714082e+00,3.09460564e+00,6.90059304e+00,1.19165903e+00,4.06991427e+00,2.06240194e-01,9.73775093e-02,-2.20047916e+00,-1.19215198e+01,1.87044459e+00,-2.07576775e+01,1.11405636e+01,-6.85797859e+00,-2.61813709e+00,-2.99216871e+00,2.81336947e+00,-3.27283731e+00,4.95796522e+00,-9.16314910e+00,6.37984632e+00,6.64497288e+00,2.28761552e+00,1.52191077e+00,3.40989720e+00,1.15862174e+00,5.41011187e+00,-1.03170400e+00,-1.09322819e+01,1.56715610e+00,-4.88403156e+00,-2.02259625e-01,8.66325709e+00,-1.36641877e+01,2.11124540e-01,3.31748613e-01,1.58631458e+00,5.16641644e+00,-2.29737340e+00,1.40270321e+01,6.91293592e+00,-2.63965852e+00,-1.74592515e+00,6.68088812e-01,1.31380288e+01,-8.66204735e+00,-1.71266008e+01,4.93070414e+00,-1.50281005e+00,-2.40496481e+00,2.88041748e+00,1.27269114e+01,7.21002448e+00,-2.92040439e+00,-8.72135970e+00,-1.67620394e+00,4.76003644e+00,-2.52386024e+00,-1.25615937e+01,-1.06519739e+00,-1.55477433e+01,-8.05565032e+00,1.38299459e+01,-8.37804344e+00,-1.13067128e+01,-9.01258189e+00,-6.31296685e+00,5.56499474e+00,1.38105409e+01,-1.19886842e+00,4.57893635e+00,-2.95277145e+00,-1.11406809e+01,8.71923479e+00,-7.74265102e+00,4.82814336e+00,5.21774176e+00,-2.03977332e+00,6.58323874e+00,6.72539391e+00,1.86742170e+01,-2.31013690e+00,-8.44966971e+00,-1.08924963e+01,-2.49996788e+00,-5.69230347e+00,1.64874789e+01,-7.78455010e+00,1.44367595e+00,9.28994207e-01,-3.73318636e+00,-1.35972952e+01,-1.19942450e+00,1.65093390e+01,2.62703528e+00,1.28752844e+00,-8.93239285e+00,-9.16491809e+00,-2.05062358e+00,7.83363203e+00,-4.16332732e+00,1.71645062e+01,-7.34218497e+00,2.68635875e+00,-3.17650714e+00,-1.07469168e+01,8.53792083e-01,-9.21365133e+00,-1.23328458e+01,1.20262385e+00,2.17002818e-01,8.03295558e+00,3.91614093e+00,-5.77682344e+00,3.88254235e+00,-1.38649378e+01,-8.33414595e+00,1.55468064e+01,1.11408789e+00,-1.84633484e+00,-4.63840356e+00,1.97396685e-02,-1.51347084e+00,1.46389466e+01,6.85863174e+00,-1.96519641e+00,-9.65046430e-01,-6.69884677e+00,-2.62747294e+00,-1.07142840e+01,8.38997205e+00,1.09884413e+00,1.89818450e+00,2.62391340e+00,-1.62539157e+00,-3.38633378e+00,2.67328157e-01,-1.76527065e+01,-2.48404927e+00,-1.33960237e+00,-1.22469684e+00,8.74460806e+00,1.03841318e+01,2.79413437e+00,-1.55833824e+01,1.07757111e+01,-4.00807047e+00,-6.10961196e+00,-1.43429442e+01,-5.48565725e+00,9.71403491e+00,5.08687674e+00,2.43785384e+00,5.30066384e+00,-9.19463187e+00,-7.48616204e+00,1.00375496e+01,6.81488893e+00,8.19017718e+00,5.50487414e-01,1.59536450e+00,8.96029116e+00,1.63871569e+01,-3.94258613e+00,6.10930023e+00,-3.22815266e+00,-7.05306154e+00,-5.49038929e+00,-5.02382634e+00,-2.22205916e+00,-8.19263509e+00,-3.61367269e+00,-2.20363579e+01,5.63381510e+00,4.36273744e+00,-3.81138545e-01,-6.13045499e+00,-3.23912089e+00,-8.99873127e+00,1.62091740e+00,1.33465399e+01,-3.31262785e+00,-3.05382840e+00,3.13337803e+00,-8.26592955e+00,1.47008081e+01,2.79328937e+00,1.95919761e+00,8.67469255e+00,-3.70264778e-01,9.61860602e+00,2.86609223e+00,-1.15858060e+00,2.11468061e+00,-1.00631711e+00,1.19343158e+01,1.36120613e+00,2.96528081e+00,-1.57615623e+00,1.74282574e+00,-1.54752557e+01,-5.86909285e+00,-7.88151982e+00,8.67974271e+00,-5.60186792e+00,-9.98837221e+00,9.46843685e+00,-2.35369203e+00,7.36248968e+00,-1.48496598e+01,3.75508539e+00,9.02713579e-01,9.38540105e-01,-1.84173823e+00,-1.03237589e+00,8.16802466e+00,3.92864008e-01,-8.19283561e+00,-3.47154763e+00,3.65347889e+00,-1.96586045e+01,-1.51385580e+01,4.08641343e-01,2.20974038e+00,-7.97805739e+00,-1.85698239e-01,1.79017238e+01,5.18394029e+00,-9.37833272e+00,1.24179174e+00,-1.55163362e+00,2.08681699e+00,-5.70491503e+00,3.45616508e+00,4.10571349e+00,-1.11875226e+00,1.83810043e+01,-1.50913119e+00,-5.14797549e+00,4.03340761e+00,7.43054172e+00,-5.79063509e+00,-1.55545631e-01,1.62929866e+01,-4.31773547e-01,8.81641951e+00,2.65281036e+00,-1.40729260e+00,-3.30103019e+00,8.46585861e+00,-9.34758606e+00,-5.47449761e-01,-3.08807351e+00,-6.95218852e+00,2.09941769e+00,3.88397423e+00,4.96226999e-01,-3.22413468e-01,-6.53561812e+00,2.86779967e+00,-5.96106838e-01,-3.83639471e+00,-3.52099690e+00,3.36210777e+00,-4.74445784e-01,-6.25862811e+00,-1.76049573e+01,8.86381161e-01,3.33627440e+00,-7.21600315e+00,-3.99859274e+00,1.35385824e+01,1.54973639e+00,6.35665489e+00,1.19043742e+00,5.88847896e+00,4.62803606e-01,-6.55622900e+00,-1.01903044e+00,1.20919858e+00,4.64079953e+00,1.28465963e+01,8.23037573e+00,1.64256569e-01,1.98501542e+00,1.01807076e+01,4.33416829e+00,-1.22624405e+01,-4.61287696e+00,2.45259809e+00,1.43603338e+00,4.18834811e+00,-8.83663562e+00,1.08704470e+00,6.44806907e+00,8.16605145e+00,-7.06892308e+00,-3.98910402e-01,-3.32972222e-01,-3.04515564e+00,-4.84195984e+00,-2.50726023e+00,-1.17740709e+00,1.59970461e+00,6.93032425e+00,-5.11575283e+00,1.36913205e+01,5.43712602e+00,3.96184993e+00,6.11928283e+00,4.73948299e+00,5.54822890e+00,9.16559618e+00,-7.71624038e+00,1.05338074e+01,-1.87127698e+01,5.20668044e+00,-1.75199469e+01,1.34902704e+01,1.25271803e+01,-1.51477090e+00,-8.01424707e+00,-7.21179823e+00,-9.60188864e+00,-1.08226349e+01,8.97717192e+00,7.06879609e+00,3.95660306e+00,5.20281457e+00,6.73774107e+00,-6.69005042e+00,-2.65896358e+00,9.37980820e+00,-2.02933933e+00,8.48611815e+00,1.24486547e+01,-5.97078799e-01,-1.23120756e+01,4.97445051e-01,2.80901176e-01,-1.54254936e+00,2.81536579e-01,-1.10126572e+01,-2.38160401e+00,1.96497988e+00,1.83625293e+00,8.08540849e+00,-6.56308747e+00,9.84323324e+00,-6.62985755e+00,4.01696924e+00,6.86542842e+00]
