name = '*CO_29'
composition = {'H':0, 'C':1, 'N':0, 'O':1, 'Pt':1}
facet = ['Ni211']
coverage = 2
DFT_energy = [-105.762, 'eV']
ZPE_energy = [0.391, 'eV']
frequencies = [31.1, 61.1, 172.6, 198.0, 262.1, 305.2, 344.0, 365.8, 380.2, 418.9, 1857.6, 1914.9, 'cm-1']
gas_DFT_energy = [-12.070108, 'eV']
gas_ZPE_energy = [0.134, 'eV']
sites = 1
BEE = [-5.12629553e+02,-4.02174159e+01,-1.18535489e+02,3.96058770e+02,-1.87035109e+02,-1.63876712e+02,-3.49984305e+02,-7.79934938e+02,-3.72328604e+02,-4.16622039e+02,-3.39928824e+02,3.99723514e+01,1.28323238e+01,2.60594569e+01,2.74511082e+01,4.12485662e+02,-1.82247822e+02,-1.60532813e+02,1.54017157e+02,-9.72857608e+02,5.11451446e+02,-2.33263406e+02,-4.47609753e+01,-1.05078890e+02,-4.90434986e+01,-5.09875026e+01,7.56603500e+02,-1.86268128e+02,-7.24331633e+01,-4.60439624e+02,6.76367300e+02,-1.18979720e+02,-3.41458633e+02,2.09221909e+02,-3.69083427e+01,1.71461284e+02,-2.72905086e+01,6.16345058e+01,2.40061984e+02,-8.90807383e+02,4.74279288e+02,1.12205746e+02,-5.08140551e+01,-2.95095177e+02,9.86288230e+01,-1.57502334e+02,3.84413151e+02,3.23253223e+02,-2.40311413e+02,-2.55954565e+02,-2.61565394e+02,-2.96742548e+02,1.00861188e+02,-4.35328948e+02,1.19849559e+02,5.24630144e+02,5.98938198e+02,3.03818737e+02,1.41050475e+02,2.40329304e+02,7.84853348e+02,1.83987601e+02,-4.82182366e+02,-1.08371245e+02,-2.06633255e+02,5.34597540e+02,-6.55389613e+02,-5.47986825e+02,-2.37470002e+02,-8.58214986e+01,-3.83091773e+02,2.34434821e+02,8.46019218e+01,1.14608228e+02,-3.37473697e+02,-3.04752527e+02,-4.93128443e+02,3.27543637e+02,-2.86066465e+02,2.30845698e+02,-5.77196191e+01,-2.56798123e+02,-5.08781727e+02,-1.51709339e+02,-9.93816411e+01,-1.39056728e+02,3.44671981e+02,6.19531953e+02,-3.69246469e+02,-7.00148620e+02,-1.73784559e+02,9.69328916e+02,-4.99525031e+02,2.89679269e+02,-9.24675225e+01,-5.43521119e+02,2.10971576e+02,3.33157680e+02,-1.53029266e+02,3.07783828e+02,-2.34326541e+02,-4.49220109e+02,7.79478662e+02,4.06448844e+02,2.70551435e+02,1.27806056e+02,2.14013831e+02,7.12413985e+02,-2.17750690e+02,5.02147540e+01,-1.20878864e+03,1.61306233e+02,-5.96403381e+02,1.26483657e+02,1.88594834e+02,-2.98511817e+02,-4.67866615e+02,5.44044209e+01,-2.57012286e+02,3.11086274e+02,-4.43564653e+02,-2.34402407e+01,-3.10602281e+02,-3.64536052e+01,-2.75570912e+01,1.47822012e+02,1.09470178e+01,-5.21834769e+01,5.28912033e+02,7.97415297e+02,4.17957202e+02,6.81323569e+02,-1.04403657e+02,1.17592002e+02,4.79001463e+02,-7.77291690e+01,-6.66921967e+02,-3.27627059e+02,-4.37947783e+02,-2.50751575e+02,2.44497306e+02,-1.02974037e+03,-1.67371725e+02,3.75490212e+02,-3.19037863e+02,-3.20604553e+02,4.73446100e+02,3.84617048e+02,-3.01423521e+02,1.69859505e+02,-2.14723340e+02,3.04221418e+02,3.49321371e+01,1.33538576e+02,-7.57753099e+02,-4.23711014e+02,-6.73820405e+01,2.60675466e+00,-3.37980351e+02,9.31747280e+02,-1.93132262e+02,-2.92898774e+02,3.28947728e+02,-4.18964526e+02,-2.85602718e+02,2.67335979e+02,9.66748797e+01,1.13119400e+02,1.05855830e+02,-9.85684809e+01,1.68737694e+02,5.08764922e+02,-2.58108920e+02,1.51306404e+02,7.94135371e+02,2.92312297e+02,-7.55577412e+01,-1.67333300e+02,1.34383702e+03,-1.54240144e+02,3.08980435e+02,1.90135779e+02,3.00260769e+02,7.76978544e+02,4.35635369e+02,-2.58129529e+01,1.97906505e+02,4.13365043e+02,3.39077793e+02,-4.85737801e+02,8.16612458e+02,-7.27410901e+02,-1.54078836e+02,5.02154031e+02,7.36268224e+01,6.01802785e+01,2.73504860e+02,2.13054285e+02,3.12351287e+02,-5.57823734e+02,4.38640470e+01,-2.38606854e+02,-9.46236567e+01,-2.90923523e+01,-7.81619626e+01,-4.83328287e+01,7.15161119e+02,-7.37147701e+01,-2.42048265e+02,-1.96142318e+01,1.02448236e+02,-5.14477882e+02,-3.91046145e+02,-3.18144264e+02,-5.50852736e+02,-1.44257597e+02,-3.63693705e+02,1.69031147e+02,-1.00978083e+01,-9.30104587e+01,-7.48238113e+01,5.69895956e+01,-1.75143169e+02,5.84391562e+02,-7.17633320e+02,-1.40537761e+02,-1.37321737e+02,1.46921630e+02,1.61139946e+02,-4.04341240e+02,-1.59844778e+02,3.65553890e+02,-1.95097563e+02,1.38070066e+02,3.22551697e+02,-3.66635211e+01,9.87714081e+02,-1.79435799e+02,-2.81688946e+02,5.59371057e+01,-1.98582735e+02,4.64408435e+02,-3.15521928e+02,7.49985029e+01,5.45931758e+02,-1.14455062e+02,1.04992311e+03,1.12085774e+03,-5.73780000e+02,5.07496364e+02,1.46689382e+02,-4.67144752e+02,1.54199238e+02,3.17243955e+02,3.32573133e+02,2.08136390e+01,1.03594926e+02,6.21464239e+02,-2.01643725e+02,1.41706664e+02,6.64515362e+02,-3.26134396e+02,-1.30816332e+02,4.55497765e+02,2.34605806e+02,6.66695275e+02,2.24708279e+02,5.96933650e+01,2.29374321e+02,3.39665210e+02,-4.22652567e+02,3.00369812e+01,1.60429226e+02,1.07161031e+02,1.91695347e+02,-5.12429909e+02,2.99819936e+02,-3.88625895e+02,-2.75987296e+02,1.53265404e+02,-1.23175907e+02,4.79350229e+02,-2.11356710e+02,2.53461244e+02,2.85269455e+02,6.95906807e+02,4.84238795e+02,4.14260062e+02,-7.71488878e+01,-5.96419433e+01,-2.76231759e+02,6.69438641e+02,6.87098646e+02,3.26270413e+02,-2.01228796e+02,4.39498979e+02,-7.83420125e+01,1.85158999e+02,5.43769760e+02,6.62784298e+00,-6.79369665e+01,-2.16838684e+02,-4.64417430e+02,8.46328218e+02,3.94166037e+02,-4.89131507e+02,-1.35349961e+02,2.43036457e+02,-9.22653863e+01,5.43869206e+02,1.07400136e+02,6.95330466e+02,2.69685885e+02,-2.47842447e+02,2.16168562e+02,-3.73364414e+01,-2.77368804e+02,1.46609950e+02,1.64313837e+02,7.92233266e+02,6.96919192e+02,4.59514662e+02,6.08753853e+02,6.31269334e+01,-2.39169439e+02,1.36337930e+02,-2.90330984e+02,-4.41530250e+02,-5.05075281e+02,-2.38426485e+02,-9.39966041e+02,-2.71505252e+02,-7.44446481e+02,1.86653083e+02,-4.01454199e+02,3.57506038e+02,-8.33843524e+02,-2.82145094e+02,4.30785032e+02,1.95973459e+02,-7.51343575e+02,5.41169503e+02,-2.11163237e+02,4.54650748e+02,-2.24533367e+02,-6.87420119e+02,1.06673361e+02,-5.54774971e+02,-1.16567789e+02,2.53859755e+00,3.70394528e+02,1.09048605e+03,-3.96426341e+02,-3.05672505e+02,-3.16566519e+00,-1.21242372e+02,-7.07097516e+02,-4.85456489e+02,4.32097261e+02,-2.21147925e+02,1.46925159e+02,-4.24411168e+02,-1.30072490e+02,-3.50020342e+02,4.66450095e+02,1.34037321e+02,-1.95472730e+02,-1.16867235e+02,8.78030889e+01,-7.28221100e+01,3.78383332e+02,-2.18647538e+02,4.48285203e+01,2.98497845e+02,1.52530130e+02,-1.52361587e+02,1.34830522e+03,4.72005906e+02,3.02000603e+01,9.19486258e+01,-5.36743913e+02,2.69489384e+02,-6.52456778e+02,-2.24333129e+02,-4.79324041e+02,-1.66273124e+02,4.84122101e+02,-4.91319195e+02,1.58366987e+02,-2.40607673e+01,2.83382565e+01,-3.23884075e+02,-3.89169379e+02,-3.20683736e+00,-3.71986223e+02,-1.93200051e+02,-3.55953146e+02,-9.03391322e+01,-3.11833499e+02,-4.46823731e+02,1.95732255e+02,-1.50313267e+02,1.84129074e+02,8.82899852e+01,-6.39625002e+02,-4.76634093e+02,-3.46412517e+02,3.09986431e+02,-9.27065076e+00,-5.50346494e+02,5.05783338e+02,-3.46471234e+02,4.76286846e+02,-2.61750611e+02,-4.23147227e+02,2.31466697e+02,-5.90405850e+02,-3.36814422e+02,5.55091947e+02,1.57466016e+02,-3.51675069e+02,4.56088231e+02,-1.48762905e+02,-3.27582895e+02,-2.66239776e+02,-4.22766857e+02,2.06583051e+02,-7.89821510e+02,-7.24110798e+02,-8.37064282e+01,-2.62487112e+02,-4.79666150e+02,6.27345010e+02,1.14953642e+03,-2.86876068e+02,-2.81072873e+01,-5.48959039e+02,5.74937069e+02,1.61122460e+02,-1.69716443e+02,-3.35840062e+02,1.46857656e+02,-5.29460647e+02,-1.74211465e+02,-7.72476420e+02,3.03698763e+02,1.14695432e+02,4.60890939e+00,-6.01063217e+01,-2.97088580e+02,-7.78076388e+01,1.11057511e+03,-1.67504007e+02,-4.01613287e+02,-5.89985169e+02,1.13130425e+02,-3.12456872e+02,7.65544581e+01,2.53874610e+02,5.84707583e+01,2.45749460e+02,1.04842317e+02,5.19229019e+02,2.68205984e+02,-2.94734592e+02,3.68310306e+02,3.02431700e+02,9.71314363e+01,3.88679606e+02,-2.13817816e+02,6.32737486e+02,1.61407717e+02,-2.62115413e+02,-5.03243439e+01,-1.66144847e+02,2.09067035e+02,-2.29459550e+02,-2.61449538e+01,-9.36275823e+01,7.22268613e+02,4.66240106e+02,-5.87846725e+02,-3.62205199e+01,-4.69807934e+02,-1.52914469e+02,-1.97806233e+02,6.42771654e+01,-1.28240146e+01,-2.25383722e+02,1.09960696e+02,-6.03233102e+01,-9.15556698e+01,7.55230273e+02,1.57461901e+02,-7.05647525e+02,-3.85636902e+02,8.04024421e+02,2.38151681e+02,-7.45720925e+01,9.25808626e+02,-1.61434472e+02,-9.86511341e+01,-5.14388702e+01,1.17269306e+02,2.47756174e+02,3.56731229e+01,2.33769733e+02,-1.38226656e+02,-2.70912352e+02,-3.76002123e+02,-4.16999962e+02,3.90738972e+02,1.10670643e+02,3.28920030e+02,1.20487037e+02,7.70689094e+02,1.53039906e+02,-7.12038785e+02,-2.98711899e+02,8.59742487e+01,-2.41797434e+02,5.40469493e+02,-1.08792171e+02,1.59739996e+02,4.34182871e+02,-6.39445587e+02,1.29310440e+03,1.68819268e+02,2.07790032e+02,3.05274734e+02,6.98164669e+01,-6.66121803e+00,3.13529705e+02,-3.08755173e+02,7.11395874e+02,6.13794449e+02,-3.59825935e+02,1.30180012e+02,6.04338213e+02,-1.88661038e+02,1.39047795e+02,3.71233190e+02,3.71343301e+02,-6.81603346e+02,-1.20327754e+02,-3.04528772e+02,-2.66701853e+01,-3.66827243e+01,-2.25008854e+01,-1.42112997e+02,-2.55502349e+02,7.23738855e+01,8.86749300e+01,4.65353381e+02,-3.66015975e+02,3.36638244e+02,3.89370592e+02,-1.44537148e+02,7.69303402e+02,-5.94179625e+02,-9.15814796e+02,-5.77756763e+01,-7.24585128e+01,8.38663130e-01,6.85101466e+02,-6.32019307e+01,3.53843602e+02,4.16099291e+02,3.30554843e+02,-9.12746536e+01,5.49654699e+02,-1.38751091e+02,-2.81396387e+02,-4.01835485e+02,4.71594860e+01,3.34166117e+02,-4.38096933e+01,3.32890176e+02,-2.61037962e+01,5.55651053e+02,1.72993944e+02,7.72829336e+01,-4.80174001e+01,2.94237571e+02,3.28774888e+02,1.73034368e+02,-7.29645830e+00,-4.66253209e+02,2.61130053e+02,1.71649198e+02,3.20670212e+02,2.69474211e+02,3.07806858e+02,-5.20524763e+01,2.35506401e+02,-2.14834536e+02,-9.33432360e+00,-4.82869415e+02,-2.71190863e+02,3.40277025e+02,-7.86315136e+02,2.55090519e+02,1.47365305e+02,7.19015931e+02,-2.26141667e+02,2.64773634e+02,-1.02059709e+02,-4.20028967e+02,-6.25289232e+02,-7.09220969e+01,-7.63391808e+02,1.39671738e+02,-1.79709528e+02,2.60468398e+02,1.77649556e+02,-2.21823608e+02,-2.17584879e+02,3.35664443e+02,-5.19620373e+02,-1.05849488e+02,-1.79975361e+02,2.03158307e+02,-4.59364691e+01,5.01374032e+01,-1.86663500e+02,4.93283789e+02,-4.13350847e+02,8.36752617e+01,5.20760609e+02,-2.96934721e+02,1.59049700e+01,-3.28653336e+01,-5.95046650e+02,-4.02888479e+02,-6.91028010e+01,2.29037717e+02,2.79178504e+02,4.24499906e+01,-7.02261793e+01,1.91087350e+02,-3.91232298e+02,2.24297620e+00,-4.37049453e+02,-2.38645183e+02,4.08002671e+02,-2.55195281e+02,5.56519138e+02,-1.84529345e+02,3.05197735e+02,2.21574806e+02,-5.39962784e+02,-2.47485977e+02,7.44392124e+01,-3.45384072e+02,-3.03889470e+02,-7.52165660e+02,-4.83149463e+02,-4.52959387e+02,-3.73033439e+02,1.93697944e+01,1.15091813e+02,9.51973658e+00,1.81497083e+02,-4.94402162e+02,1.25041382e+02,1.80777608e+02,-5.76689572e+02,-5.58458519e+02,-3.56175913e+02,-2.02017546e+02,1.69114862e+02,7.61100221e+00,-3.85212539e+02,3.08644278e+02,-1.73259262e+02,4.34129099e+02,-7.73876716e+02,5.23169324e+02,-3.25421838e+01,-3.18007804e+02,-2.26922366e+02,2.78493671e+01,3.68429931e+02,-6.53326527e+02,-1.22313113e+02,-1.77396327e+02,4.24876805e+02,7.28053709e+02,-8.42147453e+02,8.10541821e+02,3.95391186e+02,-6.47430378e+02,-3.05446393e+02,6.60999225e+02,5.24498198e+02,-1.55458195e+02,-3.17463309e+01,9.08775959e+01,6.14364325e+02,-4.57633557e+02,1.41279442e+02,-6.55348164e+01,2.64261899e+02,-6.41223598e+02,-6.54192037e+01,-2.91498947e+02,4.10072890e+02,3.70245629e+02,-7.43515276e+02,-4.29667728e+02,-1.97362284e+02,-3.36996367e+02,-1.26732302e+02,-2.00190401e+02,3.71962315e+02,3.60525375e+02,-5.08244656e+01,-3.99658909e+02,-7.25097028e+02,3.77707027e+02,-4.40356116e+02,-2.72665596e+02,4.20300375e+01,-2.98963808e+02,-3.61556346e+02,-2.24135060e+02,-3.66050184e+02,-2.32894729e+02,-4.41503217e+02,5.05090359e+02,5.60120372e+02,-2.96978116e+01,-2.07467730e+02,-1.35040892e+01,3.68728801e+02,-7.64962329e+02,-1.80670201e+02,4.34726961e+02,5.82852233e+02,-1.60051842e+02,9.81544531e+01,4.75010249e+02,1.35558569e+02,-5.77399377e+01,-3.83716389e+02,1.96236245e+02,-3.11595355e+02,-1.38476315e+02,-1.68087923e+02,-1.62614586e+02,1.73181668e+02,6.78665809e+02,6.10231566e+00,3.58755966e+01,-7.87309976e+02,-1.50906926e+02,-3.29214880e+02,4.01287532e+01,-3.66803833e+02,6.83028839e+02,7.07742604e+02,1.28428306e+02,-1.30272114e+02,1.26229456e+02,2.21051107e+02,-4.15406537e+02,-6.72591133e+01,1.21109781e+02,1.20822745e+02,4.92857257e+02,3.91638945e+02,-1.80935834e+02,2.46694089e+02,-8.40354103e+02,-3.72100867e+01,7.42014038e+02,8.46601583e+01,-6.31694561e+00,2.88723711e+02,-2.52288317e+02,8.07284072e+02,-1.07528357e+02,7.40146154e+02,3.23120016e+02,-3.34439106e+02,2.66653728e+02,-2.68766668e+02,-5.98914699e+02,-3.53477606e+01,-4.93299457e+02,-4.65081540e+02,-4.62396320e+01,2.80302491e+02,-5.03863206e+01,-2.93573992e+02,6.57396891e+01,-6.34312429e+02,-8.01292984e+01,-7.22766738e+02,4.54440551e+02,-1.18791701e+01,-4.46705775e+02,-1.65611906e+02,1.51363086e+02,-2.80737177e+02,-4.11129390e+02,7.85463628e+02,-1.95755168e+02,-3.87405674e+02,2.20218019e+02,-1.04176862e+02,4.47552607e+02,-1.39291124e+01,7.56375550e+01,8.89951544e+02,-1.56152656e+02,-3.05195293e+02,-3.25822335e+02,-4.64398810e+02,-2.88549023e+02,2.47843068e+02,1.83755194e+02,1.86047597e+02,6.54580549e+02,2.05792798e+01,1.46467216e+02,-5.79508629e+02,2.12378192e+01,-2.04091882e+02,-2.33836290e+02,1.53011494e+01,3.06884487e+02,3.35349356e+02,6.62658955e+00,8.20727293e+01,2.58207136e+02,3.27241530e+02,-2.10388232e+02,-1.14710806e+02,1.47939194e+01,-2.05286372e+02,-6.86299134e+01,-2.37594439e+02,6.62683134e+02,5.68989806e+02,-1.12286499e+02,1.05987140e+02,-2.13565629e+01,-2.08460117e+02,2.92636443e+02,-7.75983878e+01,3.41153469e+02,-4.71034483e+02,1.65648986e+02,-9.71632214e+01,-4.78200238e+02,-2.21954119e+02,2.39674703e+02,-7.51446138e+02,3.69686785e+02,4.31519244e+02,-6.29569197e+01,-4.51530431e+01,-2.85813850e+01,2.13648112e+02,-2.89286372e+02,3.18985307e+02,2.48681122e+02,-9.15851611e+02,-2.89915422e+02,1.98733851e+02,-8.06727271e+01,3.36075835e+02,-5.39316184e+02,-5.37980675e+00,-3.64368055e+02,-1.08416661e+03,6.58484132e+02,-5.20873162e+02,-5.05769045e+02,7.77136556e+01,1.12256314e+03,7.89365102e-01,-1.89659709e+02,-1.83506259e+01,-6.18155937e+01,-7.76494167e+02,-5.41798305e+02,6.83116857e+02,-4.59664898e+01,-3.47129473e+02,4.41922095e+02,-3.02706874e+02,3.46240874e+02,4.77480542e+02,-5.39570161e+02,-2.25391723e+02,-3.01856577e+02,-1.31390918e+02,-1.69853295e+02,-5.95135711e+01,1.20807437e+02,-2.94715837e+02,2.60315298e+02,5.23899449e+02,-1.40928644e+02,-1.56147069e+02,1.21168505e+02,5.02655177e+02,4.27038291e+02,3.23156815e+01,-1.52160670e+01,-4.74528347e+01,-4.45989564e+02,3.31608453e+02,-2.10404361e+02,1.73395823e+02,-1.38506384e+02,2.54884459e+02,1.53788057e+02,-6.90936831e+02,-2.44153173e+02,-6.92506519e+02,-2.84672194e+02,6.52511996e+01,-1.50915755e+02,2.62711594e+02,-2.53506108e+02,1.69303742e+01,9.17979872e+01,6.53253331e+02,3.28441726e+02,-2.36763887e+02,1.74879454e+01,9.76504393e+01,3.50198876e+02,-5.56013983e+00,4.44542157e+02,2.13376890e+02,7.81832604e+02,2.26828504e+01,5.99816199e+02,-2.28879593e+02,-3.38021329e+02,7.23329958e+01,6.43598500e+01,2.66709010e+02,-5.69386091e+01,-1.39477652e+02,2.27887235e+02,-4.02369811e+02,-4.54894856e+02,6.73505038e+02,-5.22145034e+01,-3.75272038e+02,-4.77291647e+00,-1.23874159e+02,3.07410780e+02,2.90488990e+02,-1.72388671e+02,9.78718771e+00,-2.37621555e+02,-2.86075265e+02,-2.50016488e+02,-8.39171053e+02,-2.97446431e+01,-5.66489536e+02,-4.83621071e+02,-3.46382406e+02,1.54045025e+02,-3.31036241e+02,1.91588358e+02,-4.96168235e+02,9.15928643e+00,-3.56868008e+02,6.56462911e+01,1.03192091e+02,2.55287770e+02,-1.73578985e+02,-1.29507010e+02,2.28803923e+02,5.28008082e+02,2.85476616e+02,6.85139877e+01,-5.99486086e+02,-1.21747319e+02,-2.71144090e+02,-5.32996083e+02,3.63762176e+02,-3.03666917e+02,-3.85761924e+01,-2.01664802e+02,-8.89127559e+02,4.38043196e+02,-1.46356144e+02,3.61685011e+02,-6.09741907e+02,5.75329043e+02,3.74937728e+01,-2.73111012e+02,4.13547972e+01,-2.05455815e+02,-5.99659543e+02,1.24384434e+02,2.46640898e+02,2.83476982e+01,-3.17206793e+02,-1.14474825e+02,1.42761286e+02,2.56985910e+02,5.62681880e+02,2.23222704e+02,-2.06061784e+02,7.75360635e+02,2.52667255e+02,3.43507885e+02,-1.48871951e+02,2.33291620e+02,1.52267632e+02,-5.41509232e+02,-1.65255429e+02,-3.45558980e+02,-2.75160892e+02,-9.12517452e+01,-1.53575424e+02,-3.26479295e+02,-9.96354202e+02,-2.66951360e+02,1.35334951e+02,8.78239020e+01,8.23462761e+01,4.34352850e+02,1.61945770e+02,2.80950991e+02,-3.70527446e+02,4.05301089e+02,-4.31113267e+02,-6.71258187e+02,1.67802532e+02,-3.53970514e+02,-3.67654533e+02,-1.38311316e+03,-1.04548720e+02,7.01756853e+02,4.08672718e+02,-8.98558941e+01,-1.03899760e+02,2.59890394e+02,5.96733618e+02,-3.54489709e+02,-8.38160029e+01,-2.78617986e+02,-3.15327413e+02,-2.98812712e+02,1.39008932e+02,6.28639971e+02,-5.76655253e+02,-4.64671769e+02,2.16013932e+01,-7.56700160e+01,-1.24592591e+02,-8.16529203e+02,4.96802500e+02,2.20724553e+02,7.82518533e+01,4.25315083e+02,-2.66306934e+02,2.60427275e+02,2.36845343e+02,4.62536652e+01,-4.10899195e+01,1.07638163e+02,-1.41724126e+02,4.12528792e+02,-3.82405449e+02,3.68834597e+02,8.16255318e+01,9.84147159e+01,2.07346599e+02,-7.54812852e+02,5.65621291e+01,-5.61604887e+02,-4.43287441e+02,-4.30260255e+02,-3.95156987e+02,1.22848779e+01,1.14454473e+02,4.23285542e+02,8.48127981e+01,1.20805439e+02,-6.23906539e+02,-2.19702364e+02,2.88839567e+02,1.20786901e+01,1.61475345e+01,-7.14901604e+01,3.21400928e+02,-7.99917865e+02,9.23271132e+01,2.07672218e+02,3.98513146e+02,3.40509888e+02,-4.98005008e+02,6.71605409e+01,3.75160385e+01,3.82635023e+01,1.70801882e+01,-1.70675033e+02,-2.76082574e+02,1.38324075e+02,5.49163584e+02,-7.84485280e+01,8.38175146e+01,1.55655164e+02,-2.17344462e+02,-2.15654144e+02,-1.01313987e+03,-3.36293984e+02,-4.44562904e+02,-6.66886044e+01,-5.56413922e+02,6.58439706e+02,-2.58915300e+02,-4.62903796e+02,-1.37188773e+03,5.74032297e+02,1.20113301e+02,-1.26248756e+01,-5.38162542e+02,9.17859887e+01,-1.52054098e+02,-2.85453722e+02,1.02329385e+02,2.80957840e+02,6.92507490e+01,-1.50944410e+02,-2.86456830e+01,7.19778331e+00,1.68317266e+02,-5.33460559e+02,6.12370800e+02,-3.66886903e+02,-2.37318944e+02,-3.67847270e+02,-8.50441210e+02,8.27734091e+01,-4.18893030e+02,-1.93026335e+02,2.98665456e+02,-2.10604167e+02,4.57172786e+00,-8.60461267e+01,-2.24612575e+02,1.43103941e+01,4.64814133e+02,-4.55064235e+02,8.05326453e+02,-1.73349250e+02,2.97640648e+02,-6.82088657e+01,1.30487062e+02,-1.03181988e+02,4.10219084e+02,5.47304029e+02,1.74272358e+02,4.78797677e+02,-3.40320954e+02,-2.86212823e+01,-1.99404230e+02,5.96457037e+02,5.04778479e+02,3.86776282e+02,-1.30121644e+02,-2.64040066e+02,2.35477626e+02,-2.26475707e+02,-1.20752446e+02,-6.35382336e+01,-2.27656047e+02,4.48615255e+02,-5.09675144e+01,3.45326689e+02,1.23748873e+02,1.49129251e+02,-2.98884015e+02,2.83065456e+02,-1.59126378e+02,-1.14117263e+02,-2.62363110e+01,-4.44945150e+02,6.71761950e+02,-2.46696334e+02,-3.60347486e+01,1.73536100e+02,1.49915854e+02,6.19066136e+02,-1.44088879e+02,6.71062902e+02,6.08793085e+02,-8.49505532e+02,7.61493501e+01,-1.78770438e+02,1.27407995e+02,7.58634245e+01,1.53254242e+02,5.27823505e+02,8.09396882e+02,-6.85461942e+02,6.70387442e+02,-8.06668069e+02,-6.72518168e+02,-1.07226584e+02,-9.90892449e+00,6.14061153e+02,3.38581936e+02,-1.60428916e+02,-8.09381330e+02,6.14780590e+02,-3.93194563e+02,-9.90925215e+00,-4.45214659e+01,1.08357838e+03,-2.47298998e+02,-9.20873169e+02,2.69829759e+02,-1.41351133e+03,9.74916873e+01,-3.11869675e+02,-1.58409423e+02,-2.38604485e+02,-5.12547842e+02,3.58434879e+02,-3.16262830e+02,-7.98036459e+01,-6.84566535e+02,-5.83505139e+01,-4.18046662e+02,-6.51434286e+02,-1.07014628e+03,8.90206040e+01,-2.81992927e+02,-7.07153835e+00,-1.18096819e+02,-6.92692672e+02,-5.52067974e+02,-4.62132653e+02,-4.65943788e+02,4.79038007e+02,8.15026299e+01,-4.17870978e+02,-1.60654308e+02,-1.96213830e+02,3.24962789e+02,-2.91200007e+02,-1.07571056e+02,-1.97168866e+02,-3.13683716e+02,-3.27441224e+02,3.34800370e+02,-1.52763912e+02,-7.95258342e+02,6.73756927e+02,4.10844303e+02,5.38279202e+01,-6.34090562e+02,-6.59801193e+02,9.45379502e+01,1.24375565e+01,-2.60377120e+02,-4.24442205e+02,3.10389365e+02,-6.87681854e+01,2.38661972e+02,4.31777243e+02,2.94447071e+02,3.07421747e+02,2.22694847e+02,-1.77743819e+02,-1.09533846e+02,-1.92043231e+02,-3.05160727e+02,-3.99639598e+02,-5.65191886e+02,-3.41600821e+02,-7.04198668e+01,-6.96550491e+02,-7.57660139e+01,2.84662234e+02,-6.24507570e+02,2.17861595e+02,1.90109516e+02,-6.15182765e+02,-4.96041811e+02,-1.36742480e+02,1.84577286e+02,-3.46918645e+02,6.12175372e+02,5.48677666e+02,-6.55675587e+02,4.41958134e+02,3.09570521e+02,6.68518222e+01,2.20530726e+02,-3.72210274e+02,-1.24547888e+02,4.70513295e+01,1.54478266e+02,3.94730453e+02,-4.42044818e+02,-3.75869960e+01,1.54706995e+02,-1.24347182e+01,-2.30377380e+02,1.72389233e+02,-2.32655374e+02,-1.75763120e+02,3.30920088e+01,-5.23397547e+02,3.13505269e+01,-2.04584704e+02,-1.09461627e+02,5.43800770e+00,-4.94764877e+02,4.91403989e+02,-2.34074422e+02,-1.12631005e+03,-7.37491842e+02,3.40162406e+02,-3.09714751e+02,-1.48468909e+02,-2.53371775e+02,-1.45212026e+02,-8.70068233e+02,-9.66570769e+01,-5.57687606e+02,-2.90540311e+02,2.23700895e+02,6.47532763e+02,-2.82539431e+00,-2.73635905e+01,5.07298853e+02,-4.41418606e+02,3.12219201e+02,8.04610693e+01,-3.63099647e+02,-1.57129005e+02,2.13073101e+02,1.61180270e+01,8.62859731e+01,9.96424404e+01,-2.04885450e+02,-2.42932738e+02,-4.59540112e+02,4.35306792e+02,-5.52519169e+02,-4.06464349e+02,8.32306474e+01,-7.77328809e+02,1.68078871e+02,5.44926461e+02,-4.18934849e+01,6.13914112e+01,-2.16884571e+02,-1.77907549e+02,8.90174429e+01,3.25778934e+02,-3.51591372e+02,2.68465707e+02,-9.64770997e+01,-3.43490002e+01,2.34281973e+02,1.66324293e+02,-7.84766715e+01,-3.85644972e+00,2.10535000e+02,2.44280420e+02,-6.24360816e+02,5.77224148e+01,4.68774933e+02,-8.45128181e+02,2.82421376e+02,-1.03717181e+03,-8.03094528e+01,-1.29340619e+02,-7.41425320e+01,-7.82450192e+01,-2.24855885e+02,-3.18817361e+01,1.43075238e+02,-2.10128302e+02,1.22366255e+02,7.55090416e+02,-5.58337985e+02,-2.31979845e+02,3.18225158e+02,2.15433644e+02,3.59904410e+02,1.42345178e+02,2.45689466e+02,-1.62177797e+02,-4.25249866e+02,-3.69399504e+02,-1.80748360e+02,6.03917189e+00,-3.65051157e+02,-1.32205674e+02,5.79157810e+01,2.01067784e+02,-8.67823744e+01,4.88797393e+02,-4.41354751e+02,-4.59033390e+01,-2.40354960e+01,2.42286390e+02,-3.54080970e+02,-2.22424082e+02,2.37400982e+02,4.34139639e+02,6.06671232e+02,3.04961304e+02,3.58913688e+02,-2.58058368e+02,5.43622401e+02,5.84838083e+02,-5.53568694e+01,3.41643625e+02,3.30216210e+02,-2.20421481e+02,1.50117324e+01,5.33116684e+02,-2.41276129e+02,-1.07541097e+02,-5.25979164e+02,2.33311639e+02,-6.62679914e+01,1.53015752e+02,8.25641572e+01,-3.61781211e+02,3.99035406e+02,3.53322870e+02,-2.06820625e+02,1.59583446e+02,-4.99123823e+02,-4.49052785e+02,2.02875570e+02,-5.98844297e+02,-2.34846229e+02,8.25638705e+01,7.01850223e+02,-2.11088456e+02,-9.10348769e+01,-1.27408515e+02,9.95926937e+02,1.23319159e+02,-3.76687263e+02,5.94233890e+02,5.46651867e+02,2.60960686e+02,6.34168558e+02,7.02139692e+02,-9.07776346e+01,-2.60074375e+02,-2.81498322e+02,2.33163316e+02,3.28803476e+02,-4.27366192e+01,-1.79062082e+02,-5.33902108e+02,-2.60801820e+02,-3.84245929e+02,2.56306505e+02,1.31094575e+02,5.42306747e+02,5.00513243e+01,-2.18273660e+02,-6.84361272e+01,3.47027410e+02,1.13828196e+02,4.42838862e+02,4.98379086e+02,-1.19736969e+02,-7.79980011e+01,-8.37561879e+02,4.62474393e+02,-4.68897124e+01,4.36536803e+02,-1.59475237e+02,-5.05454485e+02,1.71465836e+02,5.99767791e+02,-2.12284380e+02,5.91836548e+02,-6.25703227e+02,-1.95032473e+02,-6.78157824e+02,1.91044882e+02,9.95956938e+01,7.39674311e+00,-5.18709212e+02,7.60274084e+02,4.56010379e+02,7.10712142e+01,-3.97376376e+02,1.88901694e+02,-2.35609824e+02,-7.62004361e+01,-1.89147754e+02,1.80267280e+02,-8.78719128e+01,-1.76331780e+02,1.65835519e+02,2.26990638e+02,-7.36719199e+02,1.68882628e+02,5.79472366e+02,3.62687379e+02,-1.14008459e+02,2.92742096e+01,-3.09635340e+02,5.08950482e+02,1.51072153e+02,-5.82398573e+01,-6.01043795e+01,9.40840933e+02,6.87082870e+00,2.66611053e+02,6.24639517e+02,8.41614332e+02,5.51201753e+02,3.65810509e+02,-5.48369706e+02,-3.74263961e+02,2.98255899e+02,1.44393116e+01,2.79086507e+02,1.59146604e+02,5.06937840e+02,-6.68157312e+02,-4.23083228e+02,-5.53471751e+01,-7.46392111e+02,1.68603381e+02,3.39585966e+02,1.20329935e+02,-1.96297045e+02,2.03893183e+02,1.22644061e+03,2.23442575e+02,1.30830758e+02,-4.22423963e+02,-5.70260864e+02,-1.35354434e+02,2.67852428e+02,-4.50076242e+01,1.80920799e+02,3.03568649e+02,-5.16147691e+02,2.13446016e+02,4.51631756e+02,5.04673563e+02,-4.87574658e+01,9.92776616e+00,-7.98936969e+01,-4.34763451e+02,-5.74830928e+02,7.18922855e+02,-5.81308233e+01,-5.09797217e+02,1.94369952e+01,-1.97425371e+02,7.87381506e+02,-2.06101883e+02,-2.97703088e+02,2.69900883e+02,-1.25491212e+02,3.73362794e+02,-4.74607139e+01,8.66772442e+02,4.33928811e+02,-1.00851512e+01,-3.10899956e+02,2.13320497e+02,-4.77829656e+02,-1.00239127e+02,5.24652037e+02,-2.41758076e+02,-4.06421627e+02,-1.91849835e+02,4.47811173e+02,1.25369079e+02,-7.15533388e+02,2.63943312e+02,1.28511675e+02,5.97053258e+01,-4.41116117e+02,1.48618185e+01,3.02203009e+02,4.39713648e+02,5.52062026e+02,2.24947247e+02,3.54168519e+01,-4.38151815e+02,-4.12465706e+02,-6.40826206e+02,-7.94644600e+01,2.72619095e+02,-2.10906948e+01,4.62427246e+02,-2.73246518e+02,1.58379196e+02,-1.03952746e+02,-2.56539703e+02,5.09828038e+02,6.55856438e+01,5.29018910e+02,2.53747994e+01,2.14737179e+02,-1.71726631e+02,5.39256945e+02,-1.03845771e+02,-3.39043679e+00,-6.74332291e+02,-9.30548063e+01,6.27216124e+02,5.74115687e+02,2.27580715e+02,-1.29992056e+02,3.33457133e+01,-1.53011428e+02,-5.00856585e+01,7.75796959e+02,1.60134422e+01,-2.04368679e+02,-9.51589898e+02,-4.67187406e+02,-3.24328602e+02,-5.77981691e+02,-4.84543294e+02,-6.12847756e+02,-4.00172395e+02,-3.28102769e+02,-4.14132039e+02,4.11302000e+02,-2.19214385e+02,-8.35195104e+02,3.44387710e+02,-2.49299852e+02,-7.08249213e+02,8.37221287e+02,-2.07848755e+02,1.70253705e+02,3.51601969e+02,8.56179744e+00,2.25238426e+02,7.37335610e+00,-1.24879041e+01,-1.17981380e+02,-6.24982540e+02,9.16596338e+01,-1.12419555e+03,5.64348080e+02,-3.78165515e+02,-1.20290457e+02,-1.53958757e+02,9.03221789e+01,-1.62709888e+02,2.47487732e+02,-4.64822301e+02,3.26742699e+02,3.37525460e+02,1.33681752e+02,8.49559947e+01,1.71622153e+02,6.42350585e+01,2.61353771e+02,-8.13723429e+01,-5.41329314e+02,8.43756721e+01,-1.99387459e+02,-3.86551094e+01,4.30754987e+02,-7.00028597e+02,8.49589751e+00,1.18392169e+01,7.48173636e+01,2.86681648e+02,-1.19144177e+02,7.26535621e+02,4.17091516e+02,-1.51276286e+02,-9.15010240e+01,1.68912350e+01,6.73136734e+02,-4.81282497e+02,-8.99457313e+02,2.49770126e+02,-1.05153613e+02,-1.09184987e+02,1.45449032e+02,6.75793662e+02,4.11707069e+02,-1.51838813e+02,-4.36493320e+02,-5.27330939e+01,2.54078521e+02,-1.13882823e+02,-6.43211216e+02,-2.50960815e+01,-8.03648046e+02,-4.21901047e+02,6.88413610e+02,-4.43055612e+02,-5.75019597e+02,-4.49613377e+02,-3.06128106e+02,2.89192942e+02,7.12850005e+02,-4.44605866e+01,2.38293495e+02,-1.55550130e+02,-6.03165804e+02,4.05004553e+02,-3.94628303e+02,2.45112693e+02,3.12915514e+02,-6.49744292e+01,3.56231247e+02,3.78749406e+02,9.31060339e+02,-1.28506021e+02,-3.99886041e+02,-5.51934726e+02,-1.31106745e+02,-2.25131412e+02,8.77937872e+02,-3.83462409e+02,8.81604962e+01,6.39463548e+01,-2.26213202e+02,-7.02382465e+02,-5.62137501e+01,8.46112023e+02,9.54985451e+01,6.12995765e+01,-4.64302004e+02,-5.24650326e+02,-8.53925246e+01,4.19421880e+02,-1.93823654e+02,9.22168107e+02,-3.80132916e+02,1.46978150e+02,-1.79420762e+02,-5.93483603e+02,2.69135035e+01,-4.43314973e+02,-6.45323506e+02,7.14634171e+01,2.04976571e+01,4.47789841e+02,1.82026749e+02,-2.93321148e+02,1.95787900e+02,-7.15353992e+02,-4.58215731e+02,7.85693989e+02,1.12251184e+02,-1.22455079e+02,-2.79362002e+02,-3.98881918e+01,-6.80652449e+01,7.37213561e+02,3.54792554e+02,-1.27067200e+02,-6.05616895e+01,-3.49050617e+02,-1.75852547e+02,-5.82890332e+02,4.15212947e+02,6.46558132e+01,1.19702641e+02,1.31957712e+02,-4.80262802e+01,-1.58944143e+02,-4.36695583e+00,-9.21905819e+02,-1.65182534e+02,-7.02912721e+01,-7.94516093e+01,4.75545205e+02,5.47895572e+02,1.40404825e+02,-8.30202948e+02,5.55158630e+02,-1.73576825e+02,-3.34693632e+02,-7.56916329e+02,-2.82749136e+02,5.11603469e+02,2.37046702e+02,6.06721202e+01,2.66318270e+02,-5.05421544e+02,-3.85448804e+02,4.79632816e+02,3.31427048e+02,4.48190591e+02,-1.55148287e+00,5.99284474e+01,4.80465708e+02,8.57218389e+02,-2.13835975e+02,3.27872194e+02,-1.46632511e+02,-3.64031416e+02,-2.96904453e+02,-2.65764871e+02,-1.30086166e+02,-4.43201150e+02,-2.02991004e+02,-1.20933417e+03,2.95624549e+02,1.69757889e+02,-3.20125538e+01,-3.59643701e+02,-1.94151731e+02,-4.67988397e+02,1.01566146e+02,7.14488431e+02,-1.79912606e+02,-1.42740768e+02,1.90260111e+02,-4.20654138e+02,7.53216808e+02,1.43880225e+02,1.60307508e+02,4.48155373e+02,1.50602146e+01,4.87428052e+02,1.42827318e+02,-7.43439570e+01,8.17864138e+01,-1.96018403e+01,6.03647363e+02,7.84466397e+01,1.28716450e+02,-7.81456715e+01,1.15128786e+02,-8.03163259e+02,-3.22470409e+02,-4.00841275e+02,4.45239171e+02,-2.54246095e+02,-5.58539589e+02,5.10291978e+02,-1.04557654e+02,3.79542190e+02,-7.93202307e+02,2.14397207e+02,6.63078494e+01,5.15753478e+01,-7.73417536e+01,-5.66039130e+01,4.27823625e+02,-1.98738144e+00,-4.29580594e+02,-1.39425135e+02,2.19371042e+02,-1.01410321e+03,-8.06499824e+02,1.31991069e+01,9.73964753e+01,-3.77834739e+02,-3.63607711e+01,9.42239033e+02,2.85759986e+02,-4.87552259e+02,8.15881936e+01,-7.79161113e+01,9.01857231e+01,-2.98077344e+02,1.61685503e+02,2.46365703e+02,-5.85974530e+01,9.77976248e+02,-9.25618596e+01,-2.79061517e+02,1.66190018e+02,3.59344691e+02,-3.07732667e+02,-2.55458815e+01,8.33434029e+02,-2.05537725e+01,5.11908641e+02,1.24292211e+02,-8.36379393e+01,-2.28722595e+02,4.94661192e+02,-4.77853059e+02,-1.83243129e+01,-1.30897313e+02,-3.67290099e+02,1.45711131e+02,2.07111592e+02,7.69654365e+01,-1.41037422e+01,-3.36643484e+02,1.60771671e+02,-1.54892377e+01,-2.17711554e+02,-1.87950944e+02,1.71139600e+02,-4.29943062e+01,-3.18433102e+02,-9.25801905e+02,7.95046843e+01,2.02808431e+02,-4.06574334e+02,-1.96258155e+02,7.17057806e+02,6.35474017e+01,3.06925363e+02,5.68698284e+01,3.20889590e+02,4.44662649e+01,-3.42920185e+02,-3.37925005e+01,7.22318830e+01,2.42153748e+02,6.97576443e+02,4.28286262e+02,1.82024258e+01,1.48889409e+02,5.25180162e+02,2.27980172e+02,-6.31746466e+02,-2.33065257e+02,1.17173661e+02,7.44446487e+01,2.29780783e+02,-4.57360578e+02,1.09949061e+02,3.49579409e+02,4.29703715e+02,-3.89873286e+02,-4.51881352e+01,-2.01060837e+01,-1.18515391e+02,-2.89095497e+02,-1.71873967e+02,-2.87570989e+01,6.97113862e+01,3.59897497e+02,-2.70683514e+02,6.96759561e+02,3.09563661e+02,2.19433392e+02,2.89845685e+02,2.64343836e+02,2.85932105e+02,4.70543000e+02,-3.85089805e+02,5.50627078e+02,-9.69340135e+02,2.70615592e+02,-9.46253746e+02,7.33429661e+02,6.32935393e+02,-1.01029814e+02,-4.28005779e+02,-3.68151899e+02,-5.01539784e+02,-5.39990918e+02,5.00317182e+02,3.74023438e+02,2.10599359e+02,2.76733861e+02,3.54316972e+02,-3.35031565e+02,-1.75504459e+02,4.99740680e+02,-1.08310677e+02,4.61150832e+02,6.37015653e+02,-3.76765418e+01,-6.27528551e+02,1.23092884e+01,-1.13741737e+01,-8.54996308e+01,6.75051884e+00,-5.84477879e+02,-1.60391078e+02,5.19998376e+01,7.74950988e+01,4.21868063e+02,-3.48510596e+02,5.32969577e+02,-3.52404654e+02,1.93634139e+02,3.39414536e+02]
gas_BEE = [-1.03725684e+01,-2.58139803e-01,-2.27236142e+00,7.26251985e+00,-3.60249095e+00,-2.83723754e+00,-7.23629709e+00,-1.56662065e+01,-6.44230261e+00,-6.98753413e+00,-5.72157723e+00,4.63735160e-01,3.55091661e-01,1.31770523e-01,5.62237446e-01,7.77616762e+00,-3.60531062e+00,-2.46590499e+00,3.61455026e+00,-1.84041784e+01,9.06774293e+00,-3.69649891e+00,-1.03085858e+00,-1.70838621e+00,-1.73118796e-01,-1.07775103e+00,1.48644810e+01,-2.98138037e+00,-1.42624605e+00,-8.88885349e+00,1.24236011e+01,-1.64044382e+00,-6.80545971e+00,3.37504355e+00,-4.90011465e-01,3.96673405e+00,-2.18626666e-01,5.58830500e-01,5.47047466e+00,-1.70046809e+01,9.24479809e+00,1.85604368e+00,-1.27864850e+00,-5.17014169e+00,2.03289647e+00,-2.50801098e+00,7.91950137e+00,5.97647220e+00,-3.99040148e+00,-5.06269669e+00,-5.00222511e+00,-6.02954623e+00,3.11964272e+00,-8.60735656e+00,2.34832315e+00,9.95340114e+00,1.15775723e+01,5.54218941e+00,2.96398516e+00,4.92983247e+00,1.50875079e+01,3.39677284e+00,-9.23358888e+00,-2.04778242e+00,-4.68904180e+00,1.04142668e+01,-1.26235606e+01,-1.01888155e+01,-5.03396646e+00,-2.12689528e+00,-7.02388862e+00,4.59386704e+00,2.20644965e+00,2.20471737e+00,-6.47745467e+00,-5.82114968e+00,-9.27795880e+00,5.91325137e+00,-5.29173652e+00,4.91279665e+00,-1.15163441e+00,-5.13490159e+00,-9.01458040e+00,-2.62512300e+00,-2.50818853e+00,-2.54923847e+00,6.61713449e+00,1.20836574e+01,-7.01291859e+00,-1.32437509e+01,-3.23389690e+00,1.84271956e+01,-9.31781616e+00,5.33110227e+00,-1.54577994e+00,-1.04349857e+01,4.62789664e+00,5.61384814e+00,-2.46837322e+00,5.23149785e+00,-4.60948958e+00,-9.15188810e+00,1.58328080e+01,7.41796893e+00,4.31011196e+00,1.93736848e+00,3.15442296e+00,1.37181526e+01,-4.47914970e+00,5.90494637e-01,-2.33311476e+01,3.38332330e+00,-1.13275046e+01,2.13847881e+00,3.46086333e+00,-5.70385361e+00,-8.73078628e+00,7.87393843e-01,-5.03872224e+00,6.60445614e+00,-7.60110434e+00,-8.81493769e-01,-6.28545704e+00,-4.20433934e-01,2.29532546e-01,3.12375807e+00,8.31343613e-02,-1.21055430e+00,1.04896100e+01,1.51519761e+01,8.06297623e+00,1.19474681e+01,-2.32073945e+00,1.55295032e+00,8.68003237e+00,-2.00398451e-01,-1.25124330e+01,-6.95847256e+00,-8.20439910e+00,-4.91615219e+00,4.45312232e+00,-1.98618464e+01,-2.25266207e+00,7.25824643e+00,-6.81611133e+00,-5.43673185e+00,8.91825500e+00,7.92825805e+00,-5.00972275e+00,4.21814935e+00,-4.23399033e+00,6.26036883e+00,1.29433548e+00,2.41248926e+00,-1.40044734e+01,-8.04091203e+00,-1.59925781e+00,-4.03539352e-01,-6.66716353e+00,1.81247478e+01,-2.46942898e+00,-5.05248598e+00,6.69393792e+00,-7.69216544e+00,-5.98851468e+00,5.13646814e+00,1.78883786e+00,1.72480453e+00,2.14320181e+00,-1.87486988e+00,2.30058456e+00,9.78209843e+00,-4.85354596e+00,3.29683311e+00,1.49124872e+01,5.21465058e+00,-7.18393870e-01,-3.07209951e+00,2.53337076e+01,-3.65283300e+00,6.36098611e+00,4.47901543e+00,5.24638073e+00,1.54250973e+01,7.95057230e+00,-7.29050150e-01,3.74966129e+00,8.36863570e+00,6.25431687e+00,-9.70878854e+00,1.56215227e+01,-1.43407934e+01,-2.42118502e+00,9.46598941e+00,1.82748617e+00,7.28969680e-01,5.08391231e+00,3.22305547e+00,5.46955489e+00,-1.03582379e+01,6.14564665e-01,-4.09357439e+00,-1.06770234e+00,-1.86941032e-01,-1.83916820e+00,-9.39562402e-01,1.39852004e+01,-9.32982487e-01,-4.90298467e+00,-4.23056136e-01,2.27528291e+00,-1.01870053e+01,-8.04841251e+00,-5.68624593e+00,-1.03625575e+01,-2.97145561e+00,-6.86022872e+00,2.95775012e+00,-8.33050148e-02,-2.00099761e+00,-1.43788244e+00,1.07795412e+00,-3.37601649e+00,1.07492802e+01,-1.40306869e+01,-2.04853804e+00,-2.63732411e+00,2.82941369e+00,3.16362828e+00,-8.21986716e+00,-2.41967674e+00,7.41442054e+00,-3.90688328e+00,2.28147988e+00,6.06825857e+00,-1.07169500e-01,1.91067685e+01,-2.59695172e+00,-6.01525409e+00,2.60677528e-01,-4.53415487e+00,8.56285977e+00,-7.25885117e+00,2.18614563e+00,8.83693383e+00,-2.30024195e+00,1.95848508e+01,2.09220808e+01,-1.17526437e+01,9.48740227e+00,3.31139715e+00,-8.94690331e+00,3.40996530e+00,6.51726852e+00,7.07229060e+00,7.34121148e-01,2.87406186e+00,1.19797077e+01,-3.85190587e+00,1.82656138e+00,1.14614935e+01,-5.99466315e+00,-3.29311209e+00,9.35298616e+00,5.07436738e+00,1.28470445e+01,5.02198697e+00,1.83433969e+00,4.11031560e+00,6.91295289e+00,-8.02302379e+00,7.88055729e-01,3.46143636e+00,1.52809489e+00,3.85500849e+00,-1.01088579e+01,5.68141578e+00,-7.22358921e+00,-5.23343205e+00,2.86880606e+00,-2.07897149e+00,9.53144664e+00,-3.37974802e+00,4.52384678e+00,5.14889595e+00,1.31381755e+01,8.96217065e+00,8.41763968e+00,-1.34625424e+00,-1.35274849e+00,-5.11811124e+00,1.31384925e+01,1.35913164e+01,6.15664238e+00,-4.18562203e+00,8.28610973e+00,-1.00093111e+00,3.39306460e+00,1.10814157e+01,-3.50762888e-01,-1.83455675e+00,-4.27407383e+00,-9.46093532e+00,1.59345609e+01,7.74133437e+00,-1.02147910e+01,-2.96088450e+00,4.14421300e+00,-2.01086669e+00,1.04305856e+01,2.69262200e+00,1.32484972e+01,4.45293686e+00,-4.20803649e+00,3.39910104e+00,-1.04302793e+00,-4.58473852e+00,2.75863032e+00,3.23118835e+00,1.47741584e+01,1.26721727e+01,9.32740981e+00,1.17756970e+01,1.25233715e+00,-4.56055905e+00,2.25782942e+00,-5.74710982e+00,-8.76647933e+00,-9.49747464e+00,-4.98283124e+00,-1.81185167e+01,-5.62473235e+00,-1.40840012e+01,3.10519122e+00,-7.67501815e+00,7.74579809e+00,-1.57398732e+01,-5.07309105e+00,7.52153595e+00,3.57519881e+00,-1.43705220e+01,9.39822845e+00,-4.61155341e+00,8.95522956e+00,-4.76446592e+00,-1.26576871e+01,2.70910298e+00,-1.04753275e+01,-1.50807318e+00,-6.16302670e-02,7.05785442e+00,2.07958652e+01,-7.42925883e+00,-6.22059884e+00,-9.01631458e-01,-1.64585455e+00,-1.32667683e+01,-9.74385358e+00,8.68325866e+00,-3.59879602e+00,3.12184415e+00,-8.09378695e+00,-2.24743664e+00,-7.06494086e+00,8.28274910e+00,2.61402358e+00,-4.06002011e+00,-2.40355045e+00,1.81034730e+00,-1.30472260e+00,6.62309065e+00,-4.42350269e+00,1.15374318e+00,5.44334568e+00,2.46955318e+00,-3.41313305e+00,2.58427870e+01,9.35849653e+00,1.22413805e+00,1.40412306e+00,-1.00088521e+01,5.28430316e+00,-1.23573299e+01,-5.17432478e+00,-9.69282908e+00,-3.07697205e+00,9.66142965e+00,-9.44728626e+00,3.55865737e+00,-6.57440176e-01,3.86552673e-01,-5.77075722e+00,-7.11489617e+00,-8.24177266e-01,-6.35029377e+00,-3.85279741e+00,-6.51542948e+00,-1.12710930e+00,-5.38139141e+00,-8.19404804e+00,3.88891593e+00,-2.55858788e+00,3.50790718e+00,1.71066043e+00,-1.22333189e+01,-8.76618681e+00,-7.61097030e+00,5.67149107e+00,-5.81238786e-01,-1.03788890e+01,9.40420454e+00,-7.08605973e+00,9.15562150e+00,-4.91566983e+00,-7.96867694e+00,4.52388103e+00,-1.17370414e+01,-5.72760736e+00,1.05036318e+01,3.53345488e+00,-6.42390235e+00,9.00266146e+00,-2.69368243e+00,-5.74968107e+00,-5.05784770e+00,-8.62614121e+00,4.02330634e+00,-1.48536146e+01,-1.33030367e+01,-1.05664376e+00,-4.85486137e+00,-9.86517814e+00,1.23335582e+01,2.24516232e+01,-4.48466610e+00,-3.71061408e-01,-1.05198732e+01,1.08338831e+01,3.35436325e+00,-2.96205743e+00,-6.42805958e+00,2.32049183e+00,-1.00253530e+01,-2.13812239e+00,-1.46926948e+01,5.30583316e+00,2.56700405e+00,-4.44927358e-01,-1.49009124e+00,-6.12817390e+00,-1.89578252e+00,2.21199750e+01,-2.72333893e+00,-7.69125068e+00,-1.12360115e+01,2.17424117e+00,-5.96007447e+00,1.15947000e+00,5.13271975e+00,1.03064743e+00,5.65362752e+00,2.72197037e+00,1.00370183e+01,4.71905949e+00,-5.72661447e+00,7.67074120e+00,5.98321220e+00,2.09759143e+00,6.83034516e+00,-4.38680068e+00,1.19883773e+01,3.58615252e+00,-5.32148830e+00,-1.22184816e+00,-2.78585084e+00,3.17296999e+00,-4.41513780e+00,-1.16062348e+00,-1.83204858e+00,1.33850306e+01,9.29761775e+00,-1.12509021e+01,-9.51533222e-01,-8.78542303e+00,-2.38128121e+00,-3.91191194e+00,1.38248347e+00,-4.90462664e-01,-4.44476272e+00,1.99906933e+00,-1.33681257e+00,-1.69894461e+00,1.43375901e+01,2.83585976e+00,-1.35204900e+01,-7.13440023e+00,1.54947044e+01,3.92285753e+00,-1.45938238e+00,1.80187297e+01,-3.14691894e+00,-1.51602174e+00,-1.74749659e+00,2.37827582e+00,4.99630461e+00,7.42897217e-01,4.83091818e+00,-2.35313841e+00,-5.93017652e+00,-6.49083821e+00,-8.10205465e+00,7.36322487e+00,2.50029286e+00,6.34554863e+00,2.67056626e+00,1.46639647e+01,2.93365005e+00,-1.29121137e+01,-5.50412951e+00,1.21420066e+00,-4.72596816e+00,1.03841782e+01,-2.22752033e+00,2.65589724e+00,8.70614564e+00,-1.29155848e+01,2.45780729e+01,3.30328146e+00,4.14541305e+00,6.14327838e+00,9.74354879e-01,-5.43795603e-01,5.55500979e+00,-5.78172119e+00,1.37402217e+01,1.20811163e+01,-6.32739849e+00,2.98178715e+00,1.16927021e+01,-3.70287380e+00,3.07788728e+00,6.21053092e+00,7.21745592e+00,-1.25015878e+01,-1.55320518e+00,-4.99878164e+00,-1.00583445e+00,-1.19802638e+00,3.55323167e-01,-2.87907920e+00,-4.71452689e+00,2.05402067e+00,1.51244380e+00,8.92578629e+00,-7.18123709e+00,6.75293353e+00,8.19329310e+00,-2.20070903e+00,1.30514399e+01,-1.12017130e+01,-1.71392245e+01,-9.00643704e-01,-8.40140194e-01,6.06290402e-01,1.27011288e+01,-8.51373025e-01,6.87364845e+00,8.90607187e+00,6.54138471e+00,-7.49933351e-01,1.03715354e+01,-2.71676513e+00,-5.88420515e+00,-7.13615400e+00,1.06263525e+00,6.34828648e+00,-8.84526047e-01,6.14389793e+00,-7.53340043e-03,9.76798036e+00,3.02360132e+00,1.29315075e+00,-7.54823529e-01,5.10616836e+00,6.60321994e+00,3.07651831e+00,-3.66962037e-01,-8.84143346e+00,4.68613208e+00,3.27661884e+00,6.05607865e+00,5.05114767e+00,5.92508622e+00,-1.16356860e+00,4.94181366e+00,-4.99367637e+00,-4.46092695e-01,-9.10351876e+00,-5.62333331e+00,6.95684541e+00,-1.50383760e+01,4.49758242e+00,2.59278993e+00,1.43401959e+01,-3.51876308e+00,5.35363885e+00,-2.25477311e+00,-7.95568332e+00,-1.18085248e+01,-1.87783323e+00,-1.50891353e+01,2.33293597e+00,-3.82572675e+00,5.27289609e+00,3.83161065e+00,-4.31857358e+00,-4.66938498e+00,7.02507749e+00,-9.18441306e+00,-2.15062175e+00,-2.80218383e+00,3.75189846e+00,-3.78668292e-01,7.29183151e-01,-2.84832623e+00,9.02267747e+00,-8.73805383e+00,1.52354263e+00,9.81331970e+00,-5.46399414e+00,4.63475677e-01,-6.90153557e-01,-1.13537285e+01,-7.38450533e+00,-8.29328385e-01,4.74324836e+00,5.32085939e+00,1.12818261e+00,-1.31183984e+00,2.92622387e+00,-7.12638921e+00,-2.19019429e-01,-8.82525719e+00,-4.57637900e+00,8.07823220e+00,-5.05933388e+00,1.10284271e+01,-3.62242145e+00,5.80943682e+00,4.29913545e+00,-1.00872995e+01,-4.65270651e+00,1.35401085e+00,-6.32789695e+00,-6.61219481e+00,-1.42522390e+01,-9.40882606e+00,-8.29542228e+00,-7.20474142e+00,1.00184484e-01,3.19146988e+00,1.19422859e+00,3.68341277e+00,-9.65376825e+00,2.03958898e+00,4.30491289e+00,-1.13625569e+01,-1.01829522e+01,-6.51365851e+00,-4.40138723e+00,2.79462103e+00,5.93632163e-02,-7.02274372e+00,5.45904222e+00,-3.38032159e+00,8.83582865e+00,-1.44098675e+01,1.00136362e+01,-1.00652304e+00,-7.14992747e+00,-4.35572175e+00,-6.12597564e-02,7.25214502e+00,-1.18632373e+01,-2.10700106e+00,-2.94392021e+00,7.60043538e+00,1.34508937e+01,-1.64073776e+01,1.53889470e+01,6.97491602e+00,-1.25091393e+01,-5.69040588e+00,1.27320718e+01,9.89079395e+00,-3.31543353e+00,-1.05288024e+00,2.35896830e+00,1.20381341e+01,-9.29612440e+00,2.58647852e+00,-9.17142888e-01,5.17503357e+00,-1.19049350e+01,-7.44094332e-01,-5.15742339e+00,7.80468483e+00,6.71822705e+00,-1.46147623e+01,-8.03733049e+00,-3.80190741e+00,-6.36857986e+00,-2.16855847e+00,-3.56747374e+00,7.52673526e+00,7.06526644e+00,-8.61501170e-01,-6.84942785e+00,-1.42207662e+01,7.87688237e+00,-8.10031760e+00,-5.48154110e+00,1.23735334e+00,-5.71931086e+00,-6.75867393e+00,-4.80894603e+00,-7.65640421e+00,-4.01807118e+00,-8.02934833e+00,9.47759654e+00,1.03513248e+01,-1.09699520e+00,-3.84439971e+00,-1.38082733e-01,6.87844226e+00,-1.44671659e+01,-3.58621254e+00,8.74165326e+00,1.11899474e+01,-2.64530329e+00,1.79414909e+00,8.61178535e+00,2.76277027e+00,-4.54927868e-01,-6.49262276e+00,3.17714126e+00,-5.61282019e+00,-2.44324943e+00,-3.08419125e+00,-2.78114944e+00,3.53699667e+00,1.34362287e+01,-7.73852514e-01,5.35814813e-01,-1.51308935e+01,-3.04497625e+00,-6.05309108e+00,4.24274366e-01,-6.97364400e+00,1.35972044e+01,1.42270015e+01,3.04017919e+00,-3.23122164e+00,2.57996326e+00,4.19969680e+00,-7.64745335e+00,-1.38103222e+00,2.52363376e+00,2.23181607e+00,8.65104234e+00,6.95392531e+00,-3.39707836e+00,4.43830274e+00,-1.61971675e+01,-5.95269319e-01,1.46757487e+01,2.64386163e+00,4.15657819e-02,4.87006121e+00,-3.98717788e+00,1.53104250e+01,-2.70819356e+00,1.37470334e+01,6.21259254e+00,-7.27379344e+00,5.35725575e+00,-4.82215470e+00,-1.11967059e+01,-1.16378783e+00,-9.11460077e+00,-9.02734602e+00,-4.04619865e-01,5.54192909e+00,-1.51941466e+00,-5.76538226e+00,1.28695021e+00,-1.14562054e+01,-9.15316490e-01,-1.44302415e+01,9.01051627e+00,-4.55233371e-01,-8.10374423e+00,-3.55578866e+00,2.94874110e+00,-5.62354684e+00,-7.37851371e+00,1.46701717e+01,-4.18616458e+00,-7.21797114e+00,4.97483165e+00,-2.74915989e+00,8.56023238e+00,-4.75612920e-02,8.73933424e-01,1.73242796e+01,-2.49849626e+00,-6.01159445e+00,-6.71531677e+00,-9.09098040e+00,-5.88953764e+00,4.52956774e+00,4.26580336e+00,4.33533045e+00,1.22608837e+01,3.39233869e-01,3.30844264e+00,-1.05056202e+01,1.00877715e-01,-3.71977304e+00,-4.90752680e+00,9.01059454e-02,5.52737573e+00,6.36631433e+00,-2.26957003e-01,1.52802062e+00,5.06159857e+00,6.39126663e+00,-3.49014568e+00,-1.72308405e+00,1.78521440e-01,-4.26784676e+00,-1.34963416e+00,-5.18473895e+00,1.25089267e+01,1.04254446e+01,-2.90357660e+00,2.38387525e+00,-7.42795455e-01,-4.35207754e+00,5.69687978e+00,-1.51710393e+00,5.72621565e+00,-8.41540077e+00,2.99054227e+00,-1.65867034e+00,-8.98471738e+00,-4.26197175e+00,4.16128096e+00,-1.56841003e+01,6.29764449e+00,7.86743542e+00,-1.37286521e+00,-9.90392836e-01,-4.77657009e-01,4.00799115e+00,-5.62502919e+00,5.78782149e+00,4.94232854e+00,-1.67952376e+01,-5.58914127e+00,3.97128026e+00,-1.73916858e+00,7.11385474e+00,-1.01274022e+01,-8.68831466e-01,-6.68895467e+00,-2.11062334e+01,1.29318489e+01,-9.89824597e+00,-1.04618506e+01,1.43041460e+00,2.13061617e+01,5.79743456e-01,-4.56851248e+00,-1.41614213e-01,-7.12360218e-01,-1.46180946e+01,-9.71779766e+00,1.38763545e+01,-1.65936770e+00,-6.30779274e+00,8.71773149e+00,-5.53458265e+00,5.99250721e+00,8.66486767e+00,-9.51212458e+00,-4.42245826e+00,-5.18329869e+00,-2.47055332e+00,-3.55205650e+00,-2.15903382e+00,2.65863177e+00,-5.66722032e+00,4.91150079e+00,9.73140715e+00,-1.89476751e+00,-3.01570722e+00,2.37287275e+00,9.13406417e+00,8.46474190e+00,9.15459852e-01,-1.01957192e+00,-1.27072759e+00,-8.68048795e+00,6.67634218e+00,-4.20587244e+00,3.25859965e+00,-2.67879566e+00,4.68485274e+00,2.71342121e+00,-1.34290726e+01,-4.73490422e+00,-1.29892638e+01,-5.81895885e+00,8.68240645e-01,-2.84236714e+00,5.32176212e+00,-4.69925328e+00,3.74814978e-01,1.39519779e+00,1.22507532e+01,6.37300946e+00,-4.63673572e+00,-2.24175501e-01,2.29491339e+00,6.28240817e+00,1.69517298e-02,9.11695163e+00,4.68033364e+00,1.47485003e+01,8.20138493e-01,1.12584123e+01,-4.18042746e+00,-6.51334664e+00,1.16017371e+00,1.12283324e+00,4.40468643e+00,-2.13172134e+00,-2.28672370e+00,3.92197413e+00,-7.87637026e+00,-9.05853845e+00,1.25757417e+01,-1.18709223e+00,-6.97224827e+00,-6.67616153e-01,-2.36039189e+00,6.24418270e+00,5.89346361e+00,-3.42295504e+00,-1.22565443e-01,-4.56470913e+00,-5.75852882e+00,-4.21444191e+00,-1.58352753e+01,-3.63047900e-01,-1.12534776e+01,-9.37069175e+00,-6.82392613e+00,3.09461252e+00,-6.49183397e+00,3.47153353e+00,-1.01308493e+01,9.21006313e-02,-6.71381483e+00,9.31088275e-01,1.44735234e+00,5.46162503e+00,-3.48477537e+00,-3.14085656e+00,4.81604381e+00,1.03361903e+01,5.21248581e+00,1.48627163e+00,-1.19427571e+01,-2.43359861e+00,-4.91081349e+00,-1.03946990e+01,7.41504129e+00,-5.77946316e+00,-9.32223246e-01,-4.41578996e+00,-1.67588357e+01,8.96914347e+00,-3.06196027e+00,6.75006425e+00,-1.21085052e+01,1.09420436e+01,6.63979173e-01,-4.81158292e+00,1.03317479e+00,-3.81116561e+00,-1.14700667e+01,2.84507722e+00,5.43975060e+00,2.37357177e-01,-5.70372183e+00,-2.30457049e+00,3.16633621e+00,5.38879238e+00,1.05451683e+01,4.22827776e+00,-3.68812814e+00,1.52680144e+01,4.07498422e+00,7.18065424e+00,-2.63803768e+00,4.71953428e+00,3.22341798e+00,-1.06293704e+01,-3.42731383e+00,-6.48398080e+00,-5.94765441e+00,-1.68001153e+00,-2.15725986e+00,-6.86603142e+00,-1.89648148e+01,-4.63647450e+00,2.67045117e+00,8.70706721e-01,1.85893883e+00,7.34298438e+00,2.40247184e+00,5.10599017e+00,-7.32475741e+00,7.60680434e+00,-7.08882022e+00,-1.19493358e+01,2.77221393e+00,-6.48281055e+00,-6.92415916e+00,-2.65490708e+01,-1.70053577e+00,1.36428590e+01,7.43064562e+00,-2.00694747e+00,-1.53601609e+00,5.80645763e+00,1.07485345e+01,-6.90724893e+00,-1.66273650e+00,-5.48991801e+00,-5.89395283e+00,-5.41651151e+00,2.28710714e+00,1.19114525e+01,-1.11493489e+01,-8.89027746e+00,3.37132447e-01,-1.81657483e+00,-3.04935422e+00,-1.51248287e+01,9.68711399e+00,3.95886446e+00,9.80043081e-01,8.37861774e+00,-5.13700666e+00,5.42932212e+00,4.64051928e+00,8.01991344e-01,-1.27632620e+00,1.95260896e+00,-2.44472216e+00,7.75099116e+00,-7.00641730e+00,7.01694656e+00,1.67311936e+00,2.40605836e+00,3.68961745e+00,-1.36747976e+01,1.30621160e+00,-1.10552654e+01,-8.27955852e+00,-8.12618787e+00,-8.03947011e+00,5.08892208e-01,2.61845503e+00,7.99534713e+00,1.46978231e+00,2.41846259e+00,-1.18098463e+01,-4.48285858e+00,5.62825530e+00,1.72141728e-01,-1.31948151e-01,-1.50910542e+00,5.93818863e+00,-1.53440431e+01,1.98121550e+00,3.95167818e+00,6.93439337e+00,6.19519656e+00,-9.46412373e+00,2.11259287e+00,1.00525834e+00,1.13398278e+00,3.34294101e-01,-3.74735155e+00,-6.18317330e+00,2.68705369e+00,1.00936908e+01,-1.28128961e+00,1.87247808e+00,2.15638830e+00,-4.70764477e+00,-4.59878468e+00,-1.96939552e+01,-6.70604563e+00,-9.04637673e+00,-1.54185580e+00,-1.09833780e+01,1.28091738e+01,-5.41174322e+00,-8.93800636e+00,-2.64997084e+01,1.12322696e+01,2.35760257e+00,2.12201595e-01,-1.02269411e+01,1.24527394e+00,-2.74738841e+00,-5.34802663e+00,1.09373949e+00,5.42061936e+00,1.20857675e+00,-2.86168894e+00,-1.70728886e-02,2.17491513e-01,2.48743689e+00,-1.10268843e+01,1.18553219e+01,-6.78853961e+00,-4.46052514e+00,-7.50005115e+00,-1.70360811e+01,9.89516471e-01,-8.47013426e+00,-3.67533076e+00,5.57826673e+00,-3.91751587e+00,-8.01166633e-01,-1.79429285e+00,-4.22150434e+00,1.83602685e-01,8.85280856e+00,-8.96936645e+00,1.61950533e+01,-3.70545568e+00,5.84319054e+00,-1.70541950e+00,2.21338594e+00,-1.96583123e+00,7.66201973e+00,1.05318649e+01,3.03829607e+00,8.60939397e+00,-5.63048337e+00,-7.30571194e-01,-4.18672212e+00,1.08996000e+01,9.52424555e+00,7.02625656e+00,-2.47545530e+00,-4.47871939e+00,4.11598873e+00,-4.49712457e+00,-2.52994059e+00,-1.16636283e+00,-5.22025340e+00,8.42022278e+00,-1.48645546e+00,5.95439167e+00,2.81120588e+00,2.84427110e+00,-5.63100202e+00,5.04045543e+00,-2.44437992e+00,-1.75269713e+00,-2.76090927e-01,-8.65330586e+00,1.31372366e+01,-4.60745770e+00,4.89456696e-02,3.56977585e+00,3.36667227e+00,1.24557587e+01,-3.32422605e+00,1.27267007e+01,1.13946753e+01,-1.62185002e+01,1.20236768e+00,-3.15657036e+00,1.92814907e+00,1.20678152e+00,2.75461547e+00,1.03855950e+01,1.54348398e+01,-1.28571869e+01,1.29448830e+01,-1.58409351e+01,-1.33590739e+01,-2.08900644e+00,1.86563901e-01,1.25025350e+01,6.29959464e+00,-2.80352783e+00,-1.47493120e+01,1.11660885e+01,-7.44735873e+00,-3.35054668e-02,-8.62311995e-01,2.12660043e+01,-4.18088703e+00,-1.75528590e+01,4.97854253e+00,-2.65408229e+01,2.17671009e+00,-6.18319701e+00,-2.86424197e+00,-4.23474587e+00,-9.58778945e+00,6.32279753e+00,-5.76959819e+00,-1.50024257e+00,-1.29560755e+01,-7.47329825e-01,-8.32035243e+00,-1.26015421e+01,-1.94626189e+01,1.94823570e+00,-5.52526029e+00,2.47146392e-01,-2.01132102e+00,-1.37432100e+01,-1.04060219e+01,-9.47642054e+00,-9.09409591e+00,8.93343167e+00,1.43676905e+00,-7.77371015e+00,-3.70863516e+00,-4.33014153e+00,6.43092650e+00,-5.18023144e+00,-1.59113985e+00,-4.46512551e+00,-6.38716367e+00,-6.41497719e+00,6.58725579e+00,-2.31849428e+00,-1.48912163e+01,1.30747367e+01,7.66642511e+00,8.62082753e-01,-1.28758376e+01,-1.24848575e+01,1.64034586e+00,5.71746684e-01,-5.53599631e+00,-7.77943532e+00,5.83147046e+00,-9.79282894e-01,4.47797643e+00,7.99316620e+00,5.97036031e+00,4.68953906e+00,3.80048427e+00,-3.73945385e+00,-2.24384157e+00,-3.09898401e+00,-6.01694613e+00,-7.85683547e+00,-1.04486539e+01,-6.15827716e+00,-1.60264557e+00,-1.32589173e+01,-1.75012848e+00,5.55080893e+00,-1.26020304e+01,5.14736200e+00,4.40118994e+00,-1.14316546e+01,-9.32381775e+00,-3.18579137e+00,2.66057555e+00,-6.76007556e+00,1.21510537e+01,1.06333292e+01,-1.29045053e+01,7.91104187e+00,6.00175772e+00,1.84171613e+00,3.48009246e+00,-7.05055908e+00,-2.50442381e+00,7.17068194e-01,3.11094584e+00,7.24999992e+00,-9.10725135e+00,-1.26490987e+00,2.88295985e+00,4.58010112e-01,-5.26468860e+00,3.40489724e+00,-4.42655892e+00,-3.21538380e+00,3.70425812e-01,-1.02115943e+01,4.69959225e-03,-3.01278236e+00,-2.06533185e+00,1.28800910e+00,-9.08648864e+00,9.25546829e+00,-4.17728653e+00,-2.15717141e+01,-1.43436963e+01,6.14425126e+00,-6.00014699e+00,-3.14697266e+00,-4.45321974e+00,-2.87958249e+00,-1.70108053e+01,-1.17470652e+00,-1.04306757e+01,-5.15642904e+00,3.86331470e+00,1.27403622e+01,3.48289709e-01,5.18004545e-02,9.69187706e+00,-8.63916547e+00,5.32891543e+00,1.18510880e+00,-7.81411524e+00,-3.91300580e+00,3.56233711e+00,2.72709915e-01,2.32671753e+00,2.14083102e+00,-3.74982768e+00,-4.85210173e+00,-8.25916793e+00,8.04048818e+00,-1.09372717e+01,-8.21105826e+00,2.20411523e+00,-1.44665246e+01,3.43883322e+00,9.62605487e+00,-1.54708139e+00,2.05656482e+00,-4.80025433e+00,-3.35666947e+00,1.49068605e+00,6.08123960e+00,-6.21522546e+00,4.29112641e+00,-2.19968802e+00,-2.06289225e-01,4.05938538e+00,2.83426808e+00,-1.66813470e+00,-2.11440638e-01,2.72809907e+00,4.70850616e+00,-1.16462509e+01,5.44191254e-01,8.79957756e+00,-1.54893312e+01,5.45859494e+00,-1.93610962e+01,-1.53848567e+00,-2.46082269e+00,-1.23873352e+00,-1.66738642e+00,-4.56593157e+00,-8.76242850e-01,2.25651794e+00,-3.91108251e+00,2.08544129e+00,1.48069570e+01,-9.98059734e+00,-4.36381548e+00,6.36644166e+00,3.77543534e+00,6.80857328e+00,2.66251499e+00,4.05483420e+00,-2.60379353e+00,-8.09528605e+00,-7.48385920e+00,-4.26159798e+00,5.30717686e-01,-6.80251765e+00,-2.03811284e+00,1.03135642e+00,3.75523724e+00,-1.27268527e+00,9.63857419e+00,-9.44029761e+00,-8.42177116e-01,-1.04547289e+00,4.84857016e+00,-7.15718158e+00,-4.42936208e+00,3.42300390e+00,8.30813789e+00,1.18433634e+01,5.79629172e+00,7.22489054e+00,-4.44779268e+00,1.06081740e+01,1.05944678e+01,-8.48645062e-01,5.66769775e+00,6.32047027e+00,-3.35321577e+00,1.26899184e+00,1.05702802e+01,-4.20870009e+00,-1.86312198e+00,-1.05689082e+01,3.99441424e+00,-1.88995326e+00,3.28100076e+00,9.25900590e-01,-6.64664730e+00,7.96847480e+00,6.55141431e+00,-4.40141407e+00,2.63920603e+00,-9.63314612e+00,-8.95625574e+00,3.85027839e+00,-1.12730141e+01,-5.07255326e+00,7.78663700e-01,1.41075452e+01,-3.45239098e+00,-2.01586870e+00,-2.67443730e+00,1.89975356e+01,2.97438696e+00,-6.77979694e+00,1.15080470e+01,1.04082498e+01,5.32132558e+00,1.27833818e+01,1.34606067e+01,-1.37509344e+00,-4.85687966e+00,-5.23265136e+00,4.30434549e+00,6.03802688e+00,-1.02247182e+00,-3.73173000e+00,-9.92883392e+00,-4.11542530e+00,-7.51937975e+00,4.94201183e+00,2.73143713e+00,9.89230040e+00,1.52515358e+00,-4.14222709e+00,-1.20302200e+00,6.69354177e+00,2.10168607e+00,9.42569374e+00,9.55489768e+00,-1.94974493e+00,-1.28543868e+00,-1.61312537e+01,8.42708756e+00,-7.30618186e-01,9.11236841e+00,-3.83428727e+00,-1.03804172e+01,3.01755853e+00,1.15950426e+01,-4.18105582e+00,1.12064444e+01,-1.19717019e+01,-3.98612793e+00,-1.35506102e+01,3.27092854e+00,1.61951221e+00,5.96975226e-01,-1.00974862e+01,1.46689368e+01,8.86281692e+00,1.18249332e+00,-7.84655026e+00,3.64886810e+00,-3.99123217e+00,-1.91542460e+00,-3.68937386e+00,3.22120255e+00,-2.07467829e+00,-3.11000270e+00,3.52720511e+00,3.97353708e+00,-1.44971585e+01,3.17989907e+00,1.08777518e+01,6.94397049e+00,-2.32648674e+00,3.27969836e-01,-6.12015014e+00,9.51180144e+00,2.19928578e+00,-1.02775232e+00,-9.78256729e-01,1.78602822e+01,-3.29363153e-01,4.64977422e+00,1.19731997e+01,1.61931809e+01,9.95637205e+00,7.02559282e+00,-1.01151246e+01,-7.51928425e+00,5.67671262e+00,3.07713566e-01,5.14884496e+00,2.42555447e+00,1.04330173e+01,-1.30783438e+01,-8.05474213e+00,-1.57463596e+00,-1.40825295e+01,2.78810990e+00,6.72183240e+00,1.40138983e+00,-3.65677031e+00,3.83052737e+00,2.28962227e+01,4.77406557e+00,2.60575966e+00,-8.00582562e+00,-1.03056510e+01,-2.76717297e+00,4.78046554e+00,-9.03242904e-01,3.87319461e+00,5.79974504e+00,-1.03784383e+01,4.25863974e+00,7.27740772e+00,9.52797486e+00,-1.41861937e+00,1.71696022e-01,-1.30917713e+00,-7.76892273e+00,-1.19914508e+01,1.29431279e+01,-1.29895065e+00,-9.27489779e+00,7.22696637e-01,-4.56975502e+00,1.46586731e+01,-3.62187830e+00,-6.07154256e+00,5.88664256e+00,-2.27072757e+00,7.30266097e+00,-2.31301922e-01,1.60112973e+01,8.04560304e+00,8.04921147e-01,-6.07549674e+00,4.32199412e+00,-8.99221418e+00,-1.18145755e+00,1.05875738e+01,-4.32768102e+00,-7.30742634e+00,-3.51663296e+00,8.72267514e+00,2.00330649e+00,-1.38437757e+01,5.59660926e+00,1.94156710e+00,1.51730776e+00,-8.27588589e+00,1.06825515e+00,5.72239519e+00,8.22859636e+00,1.04141531e+01,5.22632940e+00,9.18314282e-01,-8.73086192e+00,-7.39131480e+00,-1.15917825e+01,-1.63920547e+00,5.69989658e+00,-4.97560028e-01,8.97196832e+00,-5.23864401e+00,2.85710567e+00,-3.07659849e+00,-4.47096134e+00,9.57778098e+00,1.09373765e+00,1.00019180e+01,8.62801792e-01,3.85231395e+00,-2.65445876e+00,9.86962548e+00,-2.11600295e+00,-1.29336367e-01,-1.30261414e+01,-1.61048170e+00,1.17870303e+01,1.12532865e+01,3.79898890e+00,-2.03551295e+00,5.10986263e-01,-3.39460897e+00,-1.75611804e+00,1.46302192e+01,7.97044314e-01,-4.04566881e+00,-1.80280847e+01,-8.18582997e+00,-6.22451186e+00,-1.03982826e+01,-9.76410688e+00,-1.18792751e+01,-7.45345714e+00,-5.66445030e+00,-7.48144668e+00,7.59275532e+00,-3.91574992e+00,-1.56393083e+01,7.14887282e+00,-5.28802433e+00,-1.30011860e+01,1.65575821e+01,-3.89714082e+00,3.09460564e+00,6.90059304e+00,1.19165903e+00,4.06991427e+00,2.06240194e-01,9.73775093e-02,-2.20047916e+00,-1.19215198e+01,1.87044459e+00,-2.07576775e+01,1.11405636e+01,-6.85797859e+00,-2.61813709e+00,-2.99216871e+00,2.81336947e+00,-3.27283731e+00,4.95796522e+00,-9.16314910e+00,6.37984632e+00,6.64497288e+00,2.28761552e+00,1.52191077e+00,3.40989720e+00,1.15862174e+00,5.41011187e+00,-1.03170400e+00,-1.09322819e+01,1.56715610e+00,-4.88403156e+00,-2.02259625e-01,8.66325709e+00,-1.36641877e+01,2.11124540e-01,3.31748613e-01,1.58631458e+00,5.16641644e+00,-2.29737340e+00,1.40270321e+01,6.91293592e+00,-2.63965852e+00,-1.74592515e+00,6.68088812e-01,1.31380288e+01,-8.66204735e+00,-1.71266008e+01,4.93070414e+00,-1.50281005e+00,-2.40496481e+00,2.88041748e+00,1.27269114e+01,7.21002448e+00,-2.92040439e+00,-8.72135970e+00,-1.67620394e+00,4.76003644e+00,-2.52386024e+00,-1.25615937e+01,-1.06519739e+00,-1.55477433e+01,-8.05565032e+00,1.38299459e+01,-8.37804344e+00,-1.13067128e+01,-9.01258189e+00,-6.31296685e+00,5.56499474e+00,1.38105409e+01,-1.19886842e+00,4.57893635e+00,-2.95277145e+00,-1.11406809e+01,8.71923479e+00,-7.74265102e+00,4.82814336e+00,5.21774176e+00,-2.03977332e+00,6.58323874e+00,6.72539391e+00,1.86742170e+01,-2.31013690e+00,-8.44966971e+00,-1.08924963e+01,-2.49996788e+00,-5.69230347e+00,1.64874789e+01,-7.78455010e+00,1.44367595e+00,9.28994207e-01,-3.73318636e+00,-1.35972952e+01,-1.19942450e+00,1.65093390e+01,2.62703528e+00,1.28752844e+00,-8.93239285e+00,-9.16491809e+00,-2.05062358e+00,7.83363203e+00,-4.16332732e+00,1.71645062e+01,-7.34218497e+00,2.68635875e+00,-3.17650714e+00,-1.07469168e+01,8.53792083e-01,-9.21365133e+00,-1.23328458e+01,1.20262385e+00,2.17002818e-01,8.03295558e+00,3.91614093e+00,-5.77682344e+00,3.88254235e+00,-1.38649378e+01,-8.33414595e+00,1.55468064e+01,1.11408789e+00,-1.84633484e+00,-4.63840356e+00,1.97396685e-02,-1.51347084e+00,1.46389466e+01,6.85863174e+00,-1.96519641e+00,-9.65046430e-01,-6.69884677e+00,-2.62747294e+00,-1.07142840e+01,8.38997205e+00,1.09884413e+00,1.89818450e+00,2.62391340e+00,-1.62539157e+00,-3.38633378e+00,2.67328157e-01,-1.76527065e+01,-2.48404927e+00,-1.33960237e+00,-1.22469684e+00,8.74460806e+00,1.03841318e+01,2.79413437e+00,-1.55833824e+01,1.07757111e+01,-4.00807047e+00,-6.10961196e+00,-1.43429442e+01,-5.48565725e+00,9.71403491e+00,5.08687674e+00,2.43785384e+00,5.30066384e+00,-9.19463187e+00,-7.48616204e+00,1.00375496e+01,6.81488893e+00,8.19017718e+00,5.50487414e-01,1.59536450e+00,8.96029116e+00,1.63871569e+01,-3.94258613e+00,6.10930023e+00,-3.22815266e+00,-7.05306154e+00,-5.49038929e+00,-5.02382634e+00,-2.22205916e+00,-8.19263509e+00,-3.61367269e+00,-2.20363579e+01,5.63381510e+00,4.36273744e+00,-3.81138545e-01,-6.13045499e+00,-3.23912089e+00,-8.99873127e+00,1.62091740e+00,1.33465399e+01,-3.31262785e+00,-3.05382840e+00,3.13337803e+00,-8.26592955e+00,1.47008081e+01,2.79328937e+00,1.95919761e+00,8.67469255e+00,-3.70264778e-01,9.61860602e+00,2.86609223e+00,-1.15858060e+00,2.11468061e+00,-1.00631711e+00,1.19343158e+01,1.36120613e+00,2.96528081e+00,-1.57615623e+00,1.74282574e+00,-1.54752557e+01,-5.86909285e+00,-7.88151982e+00,8.67974271e+00,-5.60186792e+00,-9.98837221e+00,9.46843685e+00,-2.35369203e+00,7.36248968e+00,-1.48496598e+01,3.75508539e+00,9.02713579e-01,9.38540105e-01,-1.84173823e+00,-1.03237589e+00,8.16802466e+00,3.92864008e-01,-8.19283561e+00,-3.47154763e+00,3.65347889e+00,-1.96586045e+01,-1.51385580e+01,4.08641343e-01,2.20974038e+00,-7.97805739e+00,-1.85698239e-01,1.79017238e+01,5.18394029e+00,-9.37833272e+00,1.24179174e+00,-1.55163362e+00,2.08681699e+00,-5.70491503e+00,3.45616508e+00,4.10571349e+00,-1.11875226e+00,1.83810043e+01,-1.50913119e+00,-5.14797549e+00,4.03340761e+00,7.43054172e+00,-5.79063509e+00,-1.55545631e-01,1.62929866e+01,-4.31773547e-01,8.81641951e+00,2.65281036e+00,-1.40729260e+00,-3.30103019e+00,8.46585861e+00,-9.34758606e+00,-5.47449761e-01,-3.08807351e+00,-6.95218852e+00,2.09941769e+00,3.88397423e+00,4.96226999e-01,-3.22413468e-01,-6.53561812e+00,2.86779967e+00,-5.96106838e-01,-3.83639471e+00,-3.52099690e+00,3.36210777e+00,-4.74445784e-01,-6.25862811e+00,-1.76049573e+01,8.86381161e-01,3.33627440e+00,-7.21600315e+00,-3.99859274e+00,1.35385824e+01,1.54973639e+00,6.35665489e+00,1.19043742e+00,5.88847896e+00,4.62803606e-01,-6.55622900e+00,-1.01903044e+00,1.20919858e+00,4.64079953e+00,1.28465963e+01,8.23037573e+00,1.64256569e-01,1.98501542e+00,1.01807076e+01,4.33416829e+00,-1.22624405e+01,-4.61287696e+00,2.45259809e+00,1.43603338e+00,4.18834811e+00,-8.83663562e+00,1.08704470e+00,6.44806907e+00,8.16605145e+00,-7.06892308e+00,-3.98910402e-01,-3.32972222e-01,-3.04515564e+00,-4.84195984e+00,-2.50726023e+00,-1.17740709e+00,1.59970461e+00,6.93032425e+00,-5.11575283e+00,1.36913205e+01,5.43712602e+00,3.96184993e+00,6.11928283e+00,4.73948299e+00,5.54822890e+00,9.16559618e+00,-7.71624038e+00,1.05338074e+01,-1.87127698e+01,5.20668044e+00,-1.75199469e+01,1.34902704e+01,1.25271803e+01,-1.51477090e+00,-8.01424707e+00,-7.21179823e+00,-9.60188864e+00,-1.08226349e+01,8.97717192e+00,7.06879609e+00,3.95660306e+00,5.20281457e+00,6.73774107e+00,-6.69005042e+00,-2.65896358e+00,9.37980820e+00,-2.02933933e+00,8.48611815e+00,1.24486547e+01,-5.97078799e-01,-1.23120756e+01,4.97445051e-01,2.80901176e-01,-1.54254936e+00,2.81536579e-01,-1.10126572e+01,-2.38160401e+00,1.96497988e+00,1.83625293e+00,8.08540849e+00,-6.56308747e+00,9.84323324e+00,-6.62985755e+00,4.01696924e+00,6.86542842e+00]
