name = '*CO_39'
composition = {'H':0, 'C':1, 'N':0, 'O':1, 'Pt':1}
facet = ['Ni211']
coverage = 3
DFT_energy = [-119.440, 'eV']
ZPE_energy = [0.584, 'eV']
frequencies = [18.0, 49.1, 138.0, 155.5, 176.3, 205.6, 273.5, 287.0, 314.5, 322.2, 344.8, 365.2, 379.6, 384.4, 424.3, 1784.7, 1874.0, 1928.2, 'cm-1']
gas_DFT_energy = [-12.070108, 'eV']
gas_ZPE_energy = [0.134, 'eV']
sites = 1
BEE = [-5.22968605e+02,-4.06659273e+01,-1.20998627e+02,4.03241045e+02,-1.90427119e+02,-1.66922769e+02,-3.57039697e+02,-7.95387306e+02,-3.79047177e+02,-4.23603067e+02,-3.45782828e+02,4.03536172e+01,1.34782445e+01,2.61672342e+01,2.81239672e+01,4.20242917e+02,-1.85907217e+02,-1.63443953e+02,1.57497520e+02,-9.91253072e+02,5.20574235e+02,-2.36971514e+02,-4.56862424e+01,-1.06711370e+02,-4.94635446e+01,-5.21941210e+01,7.71251865e+02,-1.89315033e+02,-7.41490585e+01,-4.69482923e+02,6.88901282e+02,-1.20945784e+02,-3.48243606e+02,2.12863615e+02,-3.73159077e+01,1.75176608e+02,-2.74780434e+01,6.23077829e+01,2.45310805e+02,-9.07919508e+02,4.83459067e+02,1.14236004e+02,-5.18147600e+01,-3.00642589e+02,1.00565782e+02,-1.59884350e+02,3.92158095e+02,3.29111300e+02,-2.44351825e+02,-2.60885446e+02,-2.66609084e+02,-3.02613341e+02,1.03577029e+02,-4.44090094e+02,1.22237494e+02,5.34679104e+02,6.10389470e+02,3.09197934e+02,1.44033190e+02,2.45221917e+02,7.99576763e+02,1.87417271e+02,-4.91367690e+02,-1.10451032e+02,-2.11109400e+02,5.45219296e+02,-6.68058858e+02,-5.58073410e+02,-2.42213161e+02,-8.75653227e+01,-3.90448239e+02,2.38861234e+02,8.64792715e+01,1.16682452e+02,-3.43696056e+02,-3.10631692e+02,-5.02408857e+02,3.33526545e+02,-2.91259953e+02,2.35420824e+02,-5.86915958e+01,-2.61904902e+02,-5.17943532e+02,-1.54424166e+02,-1.01755431e+02,-1.41679647e+02,3.51173308e+02,6.31342140e+02,-3.76183215e+02,-7.13597430e+02,-1.77050379e+02,9.87712392e+02,-5.08735070e+02,2.95062240e+02,-9.43072980e+01,-5.53935607e+02,2.15447918e+02,3.38948369e+02,-1.55649431e+02,3.13145456e+02,-2.38800605e+02,-4.58250423e+02,7.94916147e+02,4.14119106e+02,2.75073511e+02,1.30049718e+02,2.17380670e+02,7.26163177e+02,-2.22006970e+02,5.08388570e+01,-1.23215246e+03,1.64637624e+02,-6.07824842e+02,1.28641663e+02,1.92072755e+02,-3.04310275e+02,-4.76576621e+02,5.51501821e+01,-2.61881788e+02,3.17564812e+02,-4.51427239e+02,-2.39953679e+01,-3.16780837e+02,-3.71636211e+01,-2.73233550e+01,1.50961383e+02,1.08456005e+01,-5.32280850e+01,5.39198588e+02,8.12450418e+02,4.26004421e+02,6.93613308e+02,-1.06483805e+02,1.19449231e+02,4.87773360e+02,-7.81667253e+01,-6.79211254e+02,-3.34270181e+02,-4.45937512e+02,-2.55487021e+02,2.48986748e+02,-1.04949322e+03,-1.69652852e+02,3.82784459e+02,-3.25602001e+02,-3.25853409e+02,4.82468937e+02,3.92138723e+02,-3.06375554e+02,1.73602898e+02,-2.18916944e+02,3.10361650e+02,3.62406801e+01,1.36085897e+02,-7.71594675e+02,-4.31636431e+02,-6.89017779e+01,2.71617612e+00,-3.44693852e+02,9.49509866e+02,-1.95950334e+02,-2.98014710e+02,3.35914888e+02,-4.26892796e+02,-2.91612919e+02,2.72366663e+02,9.86280058e+01,1.14965867e+02,1.07968335e+02,-1.00538979e+02,1.71134154e+02,5.18588453e+02,-2.63165191e+02,1.54525559e+02,8.08982963e+02,2.97609036e+02,-7.65743649e+01,-1.70457032e+02,1.36924631e+03,-1.57748461e+02,3.15035154e+02,1.94429307e+02,3.05662114e+02,7.92332414e+02,4.43855893e+02,-2.67687521e+01,2.01853652e+02,4.21665502e+02,3.45582693e+02,-4.95402387e+02,8.31897111e+02,-7.41337519e+02,-1.56716640e+02,5.11760137e+02,7.52924295e+01,6.11267936e+01,2.78816628e+02,2.16371887e+02,3.18037908e+02,-5.68308550e+02,4.44033872e+01,-2.42781249e+02,-9.59968960e+01,-2.91757123e+01,-7.98389890e+01,-4.91961111e+01,7.29032714e+02,-7.47707552e+01,-2.46867232e+02,-1.99677555e+01,1.04814715e+02,-5.24617559e+02,-3.98747977e+02,-3.23986793e+02,-5.61242805e+02,-1.47401700e+02,-3.70762340e+02,1.72072083e+02,-1.01813636e+01,-9.50449880e+01,-7.63496960e+01,5.80483929e+01,-1.78490940e+02,5.95040095e+02,-7.31549264e+02,-1.42738976e+02,-1.39976224e+02,1.49550266e+02,1.64272599e+02,-4.12400696e+02,-1.62614666e+02,3.72897261e+02,-1.98953643e+02,1.40502888e+02,3.28469754e+02,-3.68679402e+01,1.00682003e+03,-1.82429042e+02,-2.87506383e+02,5.65126213e+01,-2.02815570e+02,4.73322861e+02,-3.22307058e+02,7.69278863e+01,5.55444993e+02,-1.16729964e+02,1.06940524e+03,1.14191699e+03,-5.84975786e+02,5.16989812e+02,1.49916762e+02,-4.76008936e+02,1.57655187e+02,3.23584978e+02,3.39516953e+02,2.13664338e+01,1.06063290e+02,6.33200497e+02,-2.05528122e+02,1.43579258e+02,6.76221165e+02,-3.32141559e+02,-1.33810525e+02,4.64578896e+02,2.39566576e+02,6.79695350e+02,2.29189600e+02,6.14158246e+01,2.33843250e+02,3.46299650e+02,-4.30413213e+02,3.09004184e+01,1.63456417e+02,1.08993405e+02,1.95394045e+02,-5.22216325e+02,3.05523931e+02,-3.95857200e+02,-2.81282423e+02,1.56083890e+02,-1.25297541e+02,4.88876681e+02,-2.14875774e+02,2.58194168e+02,2.90644980e+02,7.09160039e+02,4.93083533e+02,4.22300550e+02,-7.86097808e+01,-6.08866322e+01,-2.81322559e+02,6.82309444e+02,7.00582487e+02,3.32555395e+02,-2.05253385e+02,4.47823138e+02,-7.96748819e+01,1.88533751e+02,5.54514447e+02,6.51422756e+00,-6.97096302e+01,-2.21035922e+02,-4.73508690e+02,8.62146632e+02,4.01845907e+02,-4.99244002e+02,-1.38250067e+02,2.47279543e+02,-9.41112416e+01,5.54237005e+02,1.10171487e+02,7.08590754e+02,2.74153262e+02,-2.52321389e+02,2.19949531e+02,-3.84068690e+01,-2.82192931e+02,1.49324162e+02,1.67569477e+02,8.06892601e+02,7.09650183e+02,4.68685818e+02,6.20317381e+02,6.41214379e+01,-2.43486320e+02,1.38700422e+02,-2.96196393e+02,-4.50024937e+02,-5.14733571e+02,-2.43416818e+02,-9.57755803e+02,-2.76959268e+02,-7.58425940e+02,1.89855975e+02,-4.09022621e+02,3.64963188e+02,-8.49454076e+02,-2.87286634e+02,4.38675727e+02,1.99571617e+02,-7.65649570e+02,5.50707006e+02,-2.15765706e+02,4.63456135e+02,-2.29308313e+02,-7.00246643e+02,1.09279659e+02,-5.65413621e+02,-1.18226636e+02,2.63543473e+00,3.77474313e+02,1.11119637e+03,-4.03879862e+02,-3.12067710e+02,-3.77952630e+00,-1.22895782e+02,-7.20530106e+02,-4.95109935e+02,4.40681066e+02,-2.25096155e+02,1.50012793e+02,-4.32515609e+02,-1.32460260e+02,-3.57089536e+02,4.74942928e+02,1.36689342e+02,-1.99324302e+02,-1.19232612e+02,8.93018433e+01,-7.40480264e+01,3.85296196e+02,-2.22910032e+02,4.58270051e+01,3.03758308e+02,1.55045153e+02,-1.55492061e+02,1.37399522e+03,4.81056523e+02,3.13741385e+01,9.36194890e+01,-5.46626941e+02,2.74767398e+02,-6.64848225e+02,-2.29431097e+02,-4.88586842e+02,-1.69363564e+02,4.93697784e+02,-5.00557059e+02,1.61796454e+02,-2.45172147e+01,2.88861740e+01,-3.29829469e+02,-3.96404636e+02,-3.58925877e+00,-3.78521203e+02,-1.97289874e+02,-3.62610594e+02,-9.17246386e+01,-3.17332867e+02,-4.55158657e+02,1.99460244e+02,-1.53179433e+02,1.87508094e+02,8.98939261e+01,-6.51881239e+02,-4.85474385e+02,-3.53805079e+02,3.15876910e+02,-9.71636031e+00,-5.60822975e+02,5.15083794e+02,-3.53423479e+02,4.85461207e+02,-2.66626191e+02,-4.30911055e+02,2.36153925e+02,-6.02125381e+02,-3.42489429e+02,5.65394947e+02,1.60675664e+02,-3.57957448e+02,4.64525594e+02,-1.51549572e+02,-3.33240601e+02,-2.71239342e+02,-4.31140389e+02,2.10548825e+02,-8.04508215e+02,-7.37297605e+02,-8.50291112e+01,-2.67418966e+02,-4.89306386e+02,6.39625975e+02,1.17180736e+03,-2.91655428e+02,-2.85475667e+01,-5.59208968e+02,5.85747979e+02,1.64437419e+02,-1.72665073e+02,-3.42318802e+02,1.49425128e+02,-5.39553815e+02,-1.76515914e+02,-7.87320032e+02,3.09245398e+02,1.17181063e+02,4.07593627e+00,-6.13769513e+01,-3.03096741e+02,-7.94119480e+01,1.13215240e+03,-1.70431865e+02,-4.09041982e+02,-6.01215099e+02,1.15146453e+02,-3.18315436e+02,7.76951062e+01,2.58878115e+02,5.94724359e+01,2.51121740e+02,1.07236948e+02,5.29209430e+02,2.73145977e+02,-3.00390397e+02,3.75835407e+02,3.08398599e+02,9.92242657e+01,3.95469982e+02,-2.18136130e+02,6.44742487e+02,1.64937414e+02,-2.67298630e+02,-5.12681659e+01,-1.68973006e+02,2.12439980e+02,-2.33968682e+02,-2.70446351e+01,-9.54393183e+01,7.35751920e+02,4.75284029e+02,-5.99241638e+02,-3.70348461e+01,-4.78599012e+02,-1.55402019e+02,-2.01632255e+02,6.55761685e+01,-1.33710247e+01,-2.29649405e+02,1.11936483e+02,-6.14872255e+01,-9.32109927e+01,7.69659699e+02,1.60401179e+02,-7.19055321e+02,-3.92527537e+02,8.19607085e+02,2.42256785e+02,-7.60328236e+01,9.43704551e+02,-1.64723584e+02,-1.00263617e+02,-5.27543842e+01,1.19497261e+02,2.52580806e+02,3.63890743e+01,2.38576585e+02,-1.40777120e+02,-2.76559536e+02,-3.82456256e+02,-4.25018595e+02,3.97855671e+02,1.13113840e+02,3.35168345e+02,1.22884168e+02,7.85186313e+02,1.56073836e+02,-7.25011636e+02,-3.04108544e+02,8.74239815e+01,-2.46501492e+02,5.50776026e+02,-1.11115749e+02,1.62551730e+02,4.42888038e+02,-6.52154939e+02,1.31762657e+03,1.72074373e+02,2.12018129e+02,3.11317541e+02,7.09891482e+01,-7.14567124e+00,3.19107890e+02,-3.14370168e+02,7.24906784e+02,6.25665241e+02,-3.66210832e+02,1.32945403e+02,6.16056025e+02,-1.92426838e+02,1.41936466e+02,3.77609639e+02,3.78489464e+02,-6.94185321e+02,-1.22081424e+02,-3.09827003e+02,-2.73876793e+01,-3.76515470e+01,-2.24056960e+01,-1.44900853e+02,-2.60264212e+02,7.42291702e+01,9.02449336e+01,4.74233298e+02,-3.72986217e+02,3.43419561e+02,3.97039402e+02,-1.47016011e+02,7.82733984e+02,-6.05481290e+02,-9.32894511e+02,-5.87995915e+01,-7.33680396e+01,1.24892081e+00,6.97810522e+02,-6.41611070e+01,3.60811123e+02,4.24617072e+02,3.36969012e+02,-9.21544517e+01,5.59951909e+02,-1.41383007e+02,-2.87236838e+02,-4.08810013e+02,4.83865931e+01,3.40375368e+02,-4.45783072e+01,3.39003177e+02,-2.62426468e+01,5.65769972e+02,1.76163381e+02,7.86714665e+01,-4.86849111e+01,2.99443621e+02,3.35471849e+02,1.76224014e+02,-7.74543207e+00,-4.75157838e+02,2.65896258e+02,1.74873439e+02,3.26773008e+02,2.74538579e+02,3.13946241e+02,-5.34289375e+01,2.40269368e+02,-2.19584761e+02,-9.68791975e+00,-4.91874517e+02,-2.76929796e+02,3.47113940e+02,-8.01273238e+02,2.59665587e+02,1.49782880e+02,7.32976213e+02,-2.29952598e+02,2.69949717e+02,-1.04271470e+02,-4.28034825e+02,-6.37195757e+02,-7.25545286e+01,-7.78110071e+02,1.42024910e+02,-1.83520172e+02,2.65790629e+02,1.81164800e+02,-2.26047005e+02,-2.22090141e+02,3.42604248e+02,-5.28773595e+02,-1.07831860e+02,-1.82927487e+02,2.06810781e+02,-4.64418997e+01,5.08783957e+01,-1.89584772e+02,5.02298946e+02,-4.21502583e+02,8.51288103e+01,5.30400344e+02,-3.02488412e+02,1.63601394e+01,-3.35495212e+01,-6.06277208e+02,-4.10320508e+02,-7.00504834e+01,2.33500264e+02,2.84456796e+02,4.34666751e+01,-7.14346239e+01,1.93990968e+02,-3.98297657e+02,2.19622830e+00,-4.45656919e+02,-2.43324046e+02,4.16167591e+02,-2.60161645e+02,5.67387024e+02,-1.87949132e+02,3.11181937e+02,2.25671096e+02,-5.50181377e+02,-2.52189115e+02,7.59238187e+01,-3.51611087e+02,-3.10236537e+02,-7.66245000e+02,-4.92372043e+02,-4.61406240e+02,-3.80320368e+02,1.94491038e+01,1.18119036e+02,1.04402543e+01,1.85012000e+02,-5.03795914e+02,1.27067190e+02,1.84708566e+02,-5.87978743e+02,-5.68869102e+02,-3.62514047e+02,-2.06064523e+02,1.72057403e+02,7.54607627e+00,-3.92542812e+02,3.14176738e+02,-1.76696820e+02,4.42797574e+02,-7.88373269e+02,5.33240350e+02,-3.34933225e+01,-3.24641285e+02,-2.31320994e+02,2.81728489e+01,3.75789662e+02,-6.65209164e+02,-1.24460354e+02,-1.80318094e+02,4.32457194e+02,7.41572535e+02,-8.58189907e+02,8.25940171e+02,4.02671391e+02,-6.59906623e+02,-3.11160879e+02,6.73545668e+02,5.34309643e+02,-1.58488263e+02,-3.28801650e+01,9.29680852e+01,6.26184855e+02,-4.66814809e+02,1.43757847e+02,-6.65100976e+01,2.69437566e+02,-6.53094483e+02,-6.62248489e+01,-2.96693433e+02,4.17927885e+02,3.77207148e+02,-7.57801823e+02,-4.37700442e+02,-2.01142204e+02,-3.43293090e+02,-1.28863078e+02,-2.03912536e+02,3.79178767e+02,3.67626836e+02,-5.16426960e+01,-4.06490794e+02,-7.39012634e+02,3.85391939e+02,-4.48550922e+02,-2.78202677e+02,4.31677911e+01,-3.04599909e+02,-3.68297411e+02,-2.28644438e+02,-3.73334758e+02,-2.37225840e+02,-4.49627114e+02,5.14470773e+02,5.70460536e+02,-3.07032237e+01,-2.11512855e+02,-1.34287208e+01,3.75822225e+02,-7.79320157e+02,-1.84108830e+02,4.43303925e+02,5.93921104e+02,-1.62759926e+02,1.00039528e+02,4.83387707e+02,1.38309573e+02,-5.85567157e+01,-3.90485580e+02,1.99612514e+02,-3.17300668e+02,-1.40726390e+02,-1.71089697e+02,-1.65438839e+02,1.76642057e+02,6.91845175e+02,5.46300558e+00,3.65618751e+01,-8.02160634e+02,-1.53820389e+02,-3.35271425e+02,4.05520412e+01,-3.73772514e+02,6.96465633e+02,7.21655458e+02,1.31229512e+02,-1.33180518e+02,1.28835035e+02,2.25119026e+02,-4.23025608e+02,-6.84662750e+01,1.23506889e+02,1.23370333e+02,5.01632886e+02,3.98689244e+02,-1.84425662e+02,2.51348586e+02,-8.56178601e+02,-3.76614549e+01,7.56547832e+02,8.71343854e+01,-6.27894300e+00,2.93494862e+02,-2.56552506e+02,8.22709256e+02,-1.09987712e+02,7.53781956e+02,3.29254389e+02,-3.41269213e+02,2.71908573e+02,-2.73777396e+02,-6.10267860e+02,-3.65938293e+01,-5.02442539e+02,-4.73852083e+02,-4.68849047e+01,2.85717413e+02,-5.18199355e+01,-2.99209506e+02,6.71445186e+01,-6.45766548e+02,-8.11493088e+01,-7.36927354e+02,4.63510795e+02,-1.23299009e+01,-4.54661975e+02,-1.69119790e+02,1.54549484e+02,-2.86186723e+02,-4.18581233e+02,7.99956141e+02,-1.99877777e+02,-3.94585026e+02,2.24820867e+02,-1.06608734e+02,4.56132699e+02,-1.39001418e+01,7.69532120e+01,9.07098060e+02,-1.58703602e+02,-3.11213290e+02,-3.32366847e+02,-4.73329839e+02,-2.94370434e+02,2.52519300e+02,1.87688957e+02,1.90238725e+02,6.66970296e+02,2.09511987e+01,1.49697327e+02,-5.89986377e+02,2.14849014e+01,-2.07851474e+02,-2.38395640e+02,1.54442168e+01,3.12371294e+02,3.41559810e+02,6.57536487e+00,8.35774240e+01,2.63201553e+02,3.33700355e+02,-2.14142165e+02,-1.16508991e+02,1.50673975e+01,-2.09316799e+02,-6.98688882e+01,-2.42461150e+02,6.75118364e+02,5.79338338e+02,-1.14862389e+02,1.08183843e+02,-2.20289751e+01,-2.12419741e+02,2.98197584e+02,-7.92003197e+01,3.47093834e+02,-4.79687749e+02,1.68811192e+02,-9.87685349e+01,-4.87410342e+02,-2.26188951e+02,2.44103135e+02,-7.66761372e+02,3.76291321e+02,4.39489575e+02,-6.43100813e+01,-4.62757639e+01,-2.91478864e+01,2.17757481e+02,-2.94794709e+02,3.24719129e+02,2.53691498e+02,-9.32746219e+02,-2.95704134e+02,2.02688464e+02,-8.24181878e+01,3.42833065e+02,-5.49356863e+02,-6.00193115e+00,-3.71301732e+02,-1.10489288e+03,6.71412054e+02,-5.30868058e+02,-5.16070039e+02,7.91721816e+01,1.14367937e+03,1.35675606e+00,-1.93890436e+02,-1.85349764e+01,-6.25128140e+01,-7.91219179e+02,-5.51666328e+02,6.96864007e+02,-4.74277981e+01,-3.53720198e+02,4.50688798e+02,-3.08306175e+02,3.52305955e+02,4.86186117e+02,-5.49264711e+02,-2.29708282e+02,-3.07444206e+02,-1.33600887e+02,-1.73124362e+02,-6.11545765e+01,1.23504240e+02,-3.00294222e+02,2.65142179e+02,5.33843956e+02,-1.43146394e+02,-1.59106876e+02,1.23255115e+02,5.11737746e+02,4.35593121e+02,3.29018212e+01,-1.60215797e+01,-4.84235569e+01,-4.54444333e+02,3.37977965e+02,-2.14517951e+02,1.76527519e+02,-1.41084917e+02,2.59712439e+02,1.56556468e+02,-7.04126680e+02,-2.48762375e+02,-7.05426967e+02,-2.90423299e+02,6.62025142e+01,-1.53759600e+02,2.68026341e+02,-2.58323632e+02,1.73815261e+01,9.33537106e+01,6.65572223e+02,3.34974810e+02,-2.41126086e+02,1.75299155e+01,9.97243376e+01,3.56524195e+02,-5.56044112e+00,4.53365110e+02,2.17962310e+02,7.96404620e+02,2.34847808e+01,6.11010521e+02,-2.33237190e+02,-3.44579220e+02,7.34260803e+01,6.54847151e+01,2.71201757e+02,-5.86780007e+01,-1.41706278e+02,2.31721693e+02,-4.10042498e+02,-4.63816450e+02,6.86106724e+02,-5.34477479e+01,-3.82190882e+02,-5.37746818e+00,-1.26030804e+02,3.13352354e+02,2.96212510e+02,-1.75795100e+02,9.67522140e+00,-2.42265546e+02,-2.91563919e+02,-2.54609761e+02,-8.55004286e+02,-3.03109949e+01,-5.77922646e+02,-4.92898769e+02,-3.53336514e+02,1.56868535e+02,-3.37592637e+02,1.94892732e+02,-5.06131681e+02,9.19416126e+00,-3.63681691e+02,6.67368714e+01,1.04509381e+02,2.60436641e+02,-1.76844146e+02,-1.32617848e+02,2.33523689e+02,5.38138719e+02,2.90705481e+02,6.97541889e+01,-6.11333956e+02,-1.23929986e+02,-2.76156899e+02,-5.43252092e+02,3.70954957e+02,-3.09340180e+02,-3.94565844e+01,-2.05796730e+02,-9.05796077e+02,4.46965207e+02,-1.48975487e+02,3.68426772e+02,-6.21876178e+02,5.86143872e+02,3.83057431e+01,-2.78086960e+02,4.23546043e+01,-2.09341363e+02,-6.11219099e+02,1.27172343e+02,2.51645649e+02,2.86953886e+01,-3.23034566e+02,-1.16741766e+02,1.45676337e+02,2.62188995e+02,5.73209345e+02,2.27362149e+02,-2.09748627e+02,7.90222919e+02,2.57045575e+02,3.50315321e+02,-1.51596232e+02,2.38127949e+02,1.55228630e+02,-5.51962885e+02,-1.68763185e+02,-3.52016532e+02,-2.80789186e+02,-9.29688834e+01,-1.55756958e+02,-3.32859606e+02,-1.01517587e+03,-2.71658745e+02,1.37857993e+02,8.87215298e+01,8.41139616e+01,4.41915944e+02,1.64415233e+02,2.86382371e+02,-3.77600857e+02,4.12779596e+02,-4.38392744e+02,-6.83176217e+02,1.70700287e+02,-3.60429822e+02,-3.74380620e+02,-1.40949843e+03,-1.06255675e+02,7.15151401e+02,4.16304122e+02,-9.17446067e+01,-1.05492664e+02,2.65557455e+02,6.07395761e+02,-3.61426770e+02,-8.56782129e+01,-2.84058599e+02,-3.21192484e+02,-3.04165334e+02,1.41368806e+02,6.40867015e+02,-5.87541280e+02,-4.73595722e+02,2.19233691e+01,-7.73655205e+01,-1.27458600e+02,-8.31735683e+02,5.06234265e+02,2.24742721e+02,7.92935665e+01,4.33845480e+02,-2.71528748e+02,2.65732886e+02,2.41619343e+02,4.71569761e+01,-4.22164634e+01,1.09651647e+02,-1.44035391e+02,4.20350036e+02,-3.89409624e+02,3.75773474e+02,8.32003794e+01,1.00539832e+02,2.11071030e+02,-7.68626593e+02,5.76762218e+01,-5.72514200e+02,-4.51512927e+02,-4.38387985e+02,-4.03032105e+02,1.26756237e+01,1.16970171e+02,4.31371888e+02,8.64049162e+01,1.23114678e+02,-6.35743440e+02,-2.24085588e+02,2.94516247e+02,1.25523945e+01,1.61227473e+01,-7.30527513e+01,3.27410931e+02,-8.15157162e+02,9.42794948e+01,2.11822480e+02,4.05474107e+02,3.46662557e+02,-5.07481911e+02,6.91494816e+01,3.82396329e+01,3.91941129e+01,1.74280466e+01,-1.74052824e+02,-2.81928760e+02,1.41155117e+02,5.59259345e+02,-7.96979778e+01,8.57028665e+01,1.57917959e+02,-2.21860311e+02,-2.20099280e+02,-1.03272775e+03,-3.42845152e+02,-4.53025805e+02,-6.80800820e+01,-5.67143302e+02,6.71158367e+02,-2.64134226e+02,-4.71813174e+02,-1.39815721e+03,5.85352130e+02,1.22252847e+02,-1.25755816e+01,-5.48523950e+02,9.29296575e+01,-1.54744775e+02,-2.90962443e+02,1.03645127e+02,2.86335679e+02,7.04407710e+01,-1.53790609e+02,-2.87745397e+01,7.38805701e+00,1.71247711e+02,-5.44157370e+02,6.24061378e+02,-3.73818578e+02,-2.41850147e+02,-3.75029090e+02,-8.67143014e+02,8.40199064e+01,-4.27514410e+02,-1.96801593e+02,3.04255849e+02,-2.14566576e+02,3.90386387e+00,-8.78256246e+01,-2.28851296e+02,1.44656392e+01,4.73403035e+02,-4.63965605e+02,8.21107810e+02,-1.76890095e+02,3.03637723e+02,-6.96776373e+01,1.32604625e+02,-1.05180716e+02,4.18149301e+02,5.57787933e+02,1.77343421e+02,4.87284152e+02,-3.46307644e+02,-2.93498201e+01,-2.03413021e+02,6.07318663e+02,5.13963652e+02,3.93691125e+02,-1.32606836e+02,-2.68621202e+02,2.39615925e+02,-2.30975594e+02,-1.23014198e+02,-6.47861935e+01,-2.32526110e+02,4.57141314e+02,-5.22484528e+01,3.51377593e+02,1.26447229e+02,1.52215502e+02,-3.04541423e+02,2.88064532e+02,-1.61741755e+02,-1.15693260e+02,-2.66650132e+01,-4.53480210e+02,6.84890172e+02,-2.51408910e+02,-3.63355848e+01,1.76907428e+02,1.53260725e+02,6.31481297e+02,-1.47234210e+02,6.83693678e+02,6.19919524e+02,-8.65283268e+02,7.75723896e+01,-1.82035295e+02,1.29205511e+02,7.69008179e+01,1.56005786e+02,5.38170396e+02,8.24616776e+02,-6.98230452e+02,6.83203632e+02,-8.22318728e+02,-6.85633925e+02,-1.09168143e+02,-9.69781899e+00,6.26030566e+02,3.44995980e+02,-1.63477931e+02,-8.24311302e+02,6.26140927e+02,-4.00691742e+02,-9.87246557e+00,-4.54095131e+01,1.10476834e+03,-2.51685653e+02,-9.38344866e+02,2.74891021e+02,-1.44005101e+03,9.96894586e+01,-3.17957209e+02,-1.61294727e+02,-2.43172627e+02,-5.22175749e+02,3.64922876e+02,-3.22069164e+02,-8.13721215e+01,-6.97458805e+02,-5.92563318e+01,-4.26371956e+02,-6.63993618e+02,-1.08973174e+03,9.09520344e+01,-2.87443657e+02,-6.86954457e+00,-1.20139536e+02,-7.06210664e+02,-5.62484274e+02,-4.71330369e+02,-4.74849489e+02,4.87914241e+02,8.31324865e+01,-4.25750378e+02,-1.64385913e+02,-2.00228179e+02,3.31271899e+02,-2.96511799e+02,-1.09448866e+02,-2.01465619e+02,-3.20060967e+02,-3.33746986e+02,3.41435534e+02,-1.55226312e+02,-8.09975757e+02,6.86919706e+02,4.18804334e+02,5.47992134e+01,-6.46885965e+02,-6.72166237e+02,9.61151363e+01,1.29085603e+01,-2.65742317e+02,-4.32234004e+02,3.16275977e+02,-6.99527987e+01,2.43077235e+02,4.39730363e+02,3.00199511e+02,3.12335678e+02,2.26663727e+02,-1.81223862e+02,-1.11746096e+02,-1.95161208e+02,-3.11105026e+02,-4.07402974e+02,-5.75889404e+02,-3.47917737e+02,-7.20939453e+01,-7.09866104e+02,-7.74507451e+01,2.89936863e+02,-6.36673944e+02,2.22863565e+02,1.94009521e+02,-6.26463741e+02,-5.05498564e+02,-1.39648882e+02,1.87617870e+02,-3.53617508e+02,6.24275654e+02,5.59248835e+02,-6.68457758e+02,4.50047728e+02,3.15482085e+02,6.85844123e+01,2.24294740e+02,-3.79196503e+02,-1.26900613e+02,4.78024958e+01,1.57522682e+02,4.02071916e+02,-4.50909340e+02,-3.85820912e+01,1.57813852e+02,-1.24837038e+01,-2.35135648e+02,1.75747808e+02,-2.37136122e+02,-1.78806309e+02,3.35764177e+01,-5.33565218e+02,3.15233182e+01,-2.07917696e+02,-1.11546216e+02,6.47095587e+00,-5.03847780e+02,5.00539310e+02,-2.38158967e+02,-1.14762797e+03,-7.51886043e+02,3.46369882e+02,-3.15621656e+02,-1.51600650e+02,-2.57988752e+02,-1.48174060e+02,-8.86750258e+02,-9.79599339e+01,-5.67978941e+02,-2.95723405e+02,2.27604898e+02,6.59931799e+02,-2.52207269e+00,-2.73561901e+01,5.16911646e+02,-4.49835493e+02,3.17892223e+02,8.18418033e+01,-3.70544007e+02,-1.60647140e+02,2.16708433e+02,1.62585866e+01,8.84790574e+01,1.01855123e+02,-2.08749324e+02,-2.47627120e+02,-4.67858128e+02,4.43229499e+02,-5.63243315e+02,-4.14559959e+02,8.55629572e+01,-7.91715025e+02,1.71378829e+02,5.54545013e+02,-4.30602963e+01,6.32537537e+01,-2.21297788e+02,-1.81332803e+02,9.06284786e+01,3.31945129e+02,-3.57972071e+02,2.73011631e+02,-9.86281147e+01,-3.49136051e+01,2.38405059e+02,1.69029663e+02,-7.99044609e+01,-4.12463061e+00,2.13642764e+02,2.48992492e+02,-6.36141077e+02,5.83973584e+01,4.77742758e+02,-8.60708915e+02,2.87763871e+02,-1.05671357e+03,-8.17039460e+01,-1.31961097e+02,-7.53623893e+01,-7.99294677e+01,-2.29199153e+02,-3.29269051e+01,1.45729683e+02,-2.13996767e+02,1.24376792e+02,7.69601560e+02,-5.68626947e+02,-2.36443429e+02,3.24471758e+02,2.19224578e+02,3.66477001e+02,1.44929903e+02,2.49866658e+02,-1.64740244e+02,-4.33254850e+02,-3.76512955e+02,-1.84653879e+02,6.23367683e+00,-3.71816192e+02,-1.34379230e+02,5.91596201e+01,2.04890255e+02,-8.82661167e+01,4.98304299e+02,-4.50556744e+02,-4.67914991e+01,-2.50121714e+01,2.47035274e+02,-3.61520700e+02,-2.26876948e+02,2.41120840e+02,4.42488020e+02,6.18425417e+02,3.10714638e+02,3.65940858e+02,-2.62669437e+02,5.54189026e+02,5.95392220e+02,-5.62270556e+01,3.47771350e+02,3.36657814e+02,-2.23991585e+02,1.58871917e+01,5.43561924e+02,-2.45470178e+02,-1.09410406e+02,-5.36413241e+02,2.37539372e+02,-6.79649313e+01,1.56217680e+02,8.36410660e+01,-3.68456628e+02,4.06787062e+02,3.59943322e+02,-2.11217873e+02,1.62232798e+02,-5.08706171e+02,-4.58038630e+02,2.06899936e+02,-6.10140517e+02,-2.39968040e+02,8.36997709e+01,7.15719582e+02,-2.14849323e+02,-9.28438919e+01,-1.29904789e+02,1.01487483e+03,1.26171933e+02,-3.83538131e+02,6.05554919e+02,5.56947943e+02,2.66103548e+02,6.46718002e+02,7.15576182e+02,-9.22748937e+01,-2.65042355e+02,-2.86438535e+02,2.37433041e+02,3.35005689e+02,-4.36066190e+01,-1.82754674e+02,-5.43813232e+02,-2.65174631e+02,-3.91764082e+02,2.61330655e+02,1.33701906e+02,5.52149520e+02,5.14012914e+01,-2.22590940e+02,-6.98198449e+01,3.53797941e+02,1.16080460e+02,4.51904765e+02,5.07916066e+02,-1.21870825e+02,-7.91841457e+01,-8.53629876e+02,4.70925185e+02,-4.77117664e+01,4.45580101e+02,-1.63014342e+02,-5.15583032e+02,1.74649306e+02,6.11235041e+02,-2.16386984e+02,6.02966546e+02,-6.37579296e+02,-1.99018529e+02,-6.91690944e+02,1.94596965e+02,1.01528085e+02,7.81052188e+00,-5.28769684e+02,7.74846850e+02,4.64612290e+02,7.24787445e+01,-4.04965342e+02,1.92473349e+02,-2.39702562e+02,-7.79836163e+01,-1.92726830e+02,1.83448117e+02,-8.96924214e+01,-1.79459405e+02,1.69166394e+02,2.31060405e+02,-7.51097540e+02,1.72277671e+02,5.90433776e+02,3.69647526e+02,-1.16348273e+02,2.96916095e+01,-3.15571374e+02,5.18477257e+02,1.53533134e+02,-5.92113733e+01,-6.10435923e+01,9.58699200e+02,6.73121204e+00,2.71343071e+02,6.36505011e+02,8.57808971e+02,5.61073812e+02,3.72892984e+02,-5.58417664e+02,-3.81623801e+02,3.03913061e+02,1.44867064e+01,2.84237434e+02,1.61834240e+02,5.17137366e+02,-6.81117811e+02,-4.31215340e+02,-5.68583695e+01,-7.60312685e+02,1.71465386e+02,3.46246817e+02,1.22251906e+02,-1.99969771e+02,2.07806899e+02,1.24927113e+03,2.27955396e+02,1.33502456e+02,-4.30507867e+02,-5.80564146e+02,-1.37929175e+02,2.72542485e+02,-4.59167126e+01,1.84320506e+02,3.09143542e+02,-5.26653480e+02,2.17606571e+02,4.59330445e+02,5.14245318e+02,-5.01046194e+01,1.01150439e+01,-8.11343645e+01,-4.42391012e+02,-5.86708743e+02,7.31959733e+02,-5.95908418e+01,-5.19197077e+02,2.01540842e+01,-2.01680176e+02,8.01948678e+02,-2.09498383e+02,-3.03756963e+02,2.75502079e+02,-1.27883599e+02,3.80599018e+02,-4.78265983e+01,8.82890200e+02,4.42206139e+02,-9.58269045e+00,-3.16879564e+02,2.17642649e+02,-4.86820087e+02,-1.01622969e+02,5.34886014e+02,-2.46180432e+02,-4.13690368e+02,-1.95431271e+02,4.56441935e+02,1.27509966e+02,-7.29405597e+02,2.69334407e+02,1.30451805e+02,6.11155390e+01,-4.49149929e+02,1.55214683e+01,3.07799196e+02,4.47924613e+02,5.62382275e+02,2.29819677e+02,3.64249969e+01,-4.46647632e+02,-4.19879038e+02,-6.52557106e+02,-8.09897599e+01,2.77962611e+02,-2.14248931e+01,4.71241027e+02,-2.78549740e+02,1.61397504e+02,-1.06555281e+02,-2.60942354e+02,5.19239308e+02,6.65323744e+01,5.39031832e+02,2.62286257e+01,2.18664304e+02,-1.74443401e+02,5.49173135e+02,-1.05718738e+02,-3.68870867e+00,-6.87275209e+02,-9.46406893e+01,6.38862569e+02,5.85320023e+02,2.31493045e+02,-1.32380102e+02,3.37290289e+01,-1.56196824e+02,-5.16290045e+01,7.90409909e+02,1.65832146e+01,-2.08449190e+02,-9.69743322e+02,-4.75670191e+02,-3.30412063e+02,-5.88775532e+02,-4.94116551e+02,-6.24598258e+02,-4.07564927e+02,-3.33750332e+02,-4.21717418e+02,4.18875782e+02,-2.23157049e+02,-8.51072854e+02,3.51382291e+02,-2.54259967e+02,-7.21317159e+02,8.53601498e+02,-2.11755884e+02,1.73354505e+02,3.58451495e+02,9.33778547e+00,2.29254391e+02,7.61761174e+00,-1.23274189e+01,-1.19977194e+02,-6.36736310e+02,9.36153509e+01,-1.14487159e+03,5.75151182e+02,-3.85118246e+02,-1.23071152e+02,-1.56943441e+02,9.27202058e+01,-1.65944689e+02,2.52590828e+02,-4.74177453e+02,3.32869410e+02,3.43846995e+02,1.36198369e+02,8.63022459e+01,1.75023940e+02,6.55214562e+01,2.66647972e+02,-8.23638054e+01,-5.52101612e+02,8.58817029e+01,-2.03777313e+02,-3.89421282e+01,4.39178271e+02,-7.13450433e+02,8.40203544e+00,1.19875509e+01,7.63419796e+01,2.91910434e+02,-1.21302790e+02,7.40539474e+02,4.24305229e+02,-1.54128035e+02,-9.33946139e+01,1.75412149e+01,6.86149056e+02,-4.90087297e+02,-9.16465086e+02,2.54494027e+02,-1.06769595e+02,-1.11361606e+02,1.48225213e+02,6.88611153e+02,4.19077797e+02,-1.54530296e+02,-4.45099886e+02,-5.43022382e+01,2.58931652e+02,-1.16345054e+02,-6.55523988e+02,-2.60037957e+01,-8.19045216e+02,-4.30032525e+02,7.01894647e+02,-4.51190984e+02,-5.86254587e+02,-4.58300418e+02,-3.12269860e+02,2.94473180e+02,7.26542377e+02,-4.53266355e+01,2.42912047e+02,-1.58479019e+02,-6.14405213e+02,4.13327224e+02,-4.02293982e+02,2.50042479e+02,3.18392486e+02,-6.69247565e+01,3.62960598e+02,3.85644727e+02,9.49268881e+02,-1.30682875e+02,-4.08097139e+02,-5.62618349e+02,-1.33648009e+02,-2.30389873e+02,8.94299592e+02,-3.90871226e+02,8.98163265e+01,6.49607827e+01,-2.30003350e+02,-7.15849764e+02,-5.73602856e+01,8.62407762e+02,9.80643412e+01,6.27088198e+01,-4.73157924e+02,-5.33897739e+02,-8.73648504e+01,4.27262275e+02,-1.97865669e+02,9.39336321e+02,-3.87191366e+02,1.49754694e+02,-1.82723310e+02,-6.04266514e+02,2.78034104e+01,-4.52294436e+02,-6.57558938e+02,7.27222032e+01,2.08749039e+01,4.55923694e+02,1.85873416e+02,-2.98866812e+02,1.99816118e+02,-7.29022661e+02,-4.66535895e+02,8.01025323e+02,1.13830506e+02,-1.24361800e+02,-2.84265331e+02,-3.99786254e+01,-6.94194197e+01,7.51363774e+02,3.61473708e+02,-1.29121929e+02,-6.17007493e+01,-3.55780913e+02,-1.78764435e+02,-5.93649139e+02,4.23218161e+02,6.55284200e+01,1.21547793e+02,1.34521636e+02,-4.93008525e+01,-1.62194533e+02,-4.28324779e+00,-9.39431290e+02,-1.67836961e+02,-7.15077473e+01,-8.07186920e+01,4.84554947e+02,5.58235621e+02,1.43125596e+02,-8.45818248e+02,5.65934048e+02,-1.77517449e+02,-3.40928638e+02,-7.71383260e+02,-2.88198745e+02,5.21107301e+02,2.41790493e+02,6.26523577e+01,2.71690936e+02,-5.14548653e+02,-3.93035217e+02,4.89223803e+02,3.38233540e+02,4.56547853e+02,-1.38651214e+00,6.13859703e+01,4.89429597e+02,8.73597388e+02,-2.17876660e+02,3.33991096e+02,-1.49565236e+02,-3.71036910e+02,-3.02327508e+02,-2.70751597e+02,-1.32230605e+02,-4.51551384e+02,-2.06592404e+02,-1.23160664e+03,3.01024894e+02,1.74007977e+02,-3.24144378e+01,-3.65979480e+02,-1.97535231e+02,-4.77013711e+02,1.03154051e+02,7.27795556e+02,-1.83254125e+02,-1.45644664e+02,1.93740117e+02,-4.28640370e+02,7.67832103e+02,1.46597516e+02,1.62536009e+02,4.56771388e+02,1.49067575e+01,4.96986622e+02,1.45584055e+02,-7.54397446e+01,8.37643161e+01,-2.01918501e+01,6.15552964e+02,7.97246353e+01,1.31417580e+02,-7.97045550e+01,1.16866104e+02,-8.18522335e+02,-3.28389231e+02,-4.08633632e+02,4.53876866e+02,-2.59718220e+02,-5.68630333e+02,5.19856462e+02,-1.06842491e+02,3.86744536e+02,-8.08235507e+02,2.18006846e+02,6.74632889e+01,5.23955076e+01,-7.91180249e+01,-5.78262108e+01,4.35809920e+02,-1.56193323e+00,-4.37698972e+02,-1.42602318e+02,2.23387060e+02,-1.03344720e+03,-8.21619120e+02,1.36745204e+01,9.96061641e+01,-3.85276215e+02,-3.65380443e+01,9.60043049e+02,2.91258550e+02,-4.96686705e+02,8.30320127e+01,-7.96234196e+01,9.19742121e+01,-3.03602304e+02,1.65047250e+02,2.50552815e+02,-5.97933066e+01,9.96290835e+02,-9.40337960e+01,-2.84366511e+02,1.70174298e+02,3.66649052e+02,-3.13418478e+02,-2.57953317e+01,8.49385994e+02,-2.09573072e+01,5.20972970e+02,1.26788988e+02,-8.51789158e+01,-2.32223973e+02,5.03434031e+02,-4.87270267e+02,-1.88209966e+01,-1.33875210e+02,-3.74087636e+02,1.47853406e+02,2.10767975e+02,7.77267517e+01,-1.43906867e+01,-3.43156779e+02,1.63988235e+02,-1.60052117e+01,-2.21695850e+02,-1.91479671e+02,1.74494044e+02,-4.34240198e+01,-3.24531756e+02,-9.43245654e+02,8.05899732e+01,2.06195301e+02,-4.13659446e+02,-1.99981483e+02,7.30463342e+02,6.49601042e+01,3.13409435e+02,5.80512328e+01,3.26851946e+02,4.50147022e+01,-3.49542936e+02,-3.46321626e+01,7.34115635e+01,2.46963794e+02,7.10595223e+02,4.36486162e+02,1.83670842e+01,1.50823677e+02,5.35164222e+02,2.32300414e+02,-6.43977944e+02,-2.37554555e+02,1.19521847e+02,7.58137414e+01,2.34154158e+02,-4.66190434e+02,1.11187012e+02,3.55894012e+02,4.38024006e+02,-3.97055050e+02,-4.55882053e+01,-2.06495978e+01,-1.21588811e+02,-2.94362710e+02,-1.74625727e+02,-2.96346264e+01,7.11336723e+01,3.66812056e+02,-2.75986675e+02,7.10187980e+02,3.15215254e+02,2.23317394e+02,2.95611947e+02,2.69275533e+02,2.91309965e+02,4.79685499e+02,-3.92680396e+02,5.60931230e+02,-9.87937574e+02,2.75884929e+02,-9.63845770e+02,7.47014432e+02,6.45302262e+02,-1.02618075e+02,-4.35979166e+02,-3.75113157e+02,-5.11191661e+02,-5.50682378e+02,5.09195314e+02,3.81119434e+02,2.14598981e+02,2.82082333e+02,3.61045611e+02,-3.41531845e+02,-1.78260787e+02,5.08897569e+02,-1.10166393e+02,4.69559856e+02,6.49317049e+02,-3.82365643e+01,-6.39577935e+02,1.24809957e+01,-1.11605166e+01,-8.72013411e+01,7.05287151e+00,-5.95261816e+02,-1.62983752e+02,5.36534189e+01,7.90919674e+01,4.29957697e+02,-3.55303772e+02,5.42818417e+02,-3.59135953e+02,1.97609606e+02,3.46074302e+02]
gas_BEE = [-1.03725684e+01,-2.58139803e-01,-2.27236142e+00,7.26251985e+00,-3.60249095e+00,-2.83723754e+00,-7.23629709e+00,-1.56662065e+01,-6.44230261e+00,-6.98753413e+00,-5.72157723e+00,4.63735160e-01,3.55091661e-01,1.31770523e-01,5.62237446e-01,7.77616762e+00,-3.60531062e+00,-2.46590499e+00,3.61455026e+00,-1.84041784e+01,9.06774293e+00,-3.69649891e+00,-1.03085858e+00,-1.70838621e+00,-1.73118796e-01,-1.07775103e+00,1.48644810e+01,-2.98138037e+00,-1.42624605e+00,-8.88885349e+00,1.24236011e+01,-1.64044382e+00,-6.80545971e+00,3.37504355e+00,-4.90011465e-01,3.96673405e+00,-2.18626666e-01,5.58830500e-01,5.47047466e+00,-1.70046809e+01,9.24479809e+00,1.85604368e+00,-1.27864850e+00,-5.17014169e+00,2.03289647e+00,-2.50801098e+00,7.91950137e+00,5.97647220e+00,-3.99040148e+00,-5.06269669e+00,-5.00222511e+00,-6.02954623e+00,3.11964272e+00,-8.60735656e+00,2.34832315e+00,9.95340114e+00,1.15775723e+01,5.54218941e+00,2.96398516e+00,4.92983247e+00,1.50875079e+01,3.39677284e+00,-9.23358888e+00,-2.04778242e+00,-4.68904180e+00,1.04142668e+01,-1.26235606e+01,-1.01888155e+01,-5.03396646e+00,-2.12689528e+00,-7.02388862e+00,4.59386704e+00,2.20644965e+00,2.20471737e+00,-6.47745467e+00,-5.82114968e+00,-9.27795880e+00,5.91325137e+00,-5.29173652e+00,4.91279665e+00,-1.15163441e+00,-5.13490159e+00,-9.01458040e+00,-2.62512300e+00,-2.50818853e+00,-2.54923847e+00,6.61713449e+00,1.20836574e+01,-7.01291859e+00,-1.32437509e+01,-3.23389690e+00,1.84271956e+01,-9.31781616e+00,5.33110227e+00,-1.54577994e+00,-1.04349857e+01,4.62789664e+00,5.61384814e+00,-2.46837322e+00,5.23149785e+00,-4.60948958e+00,-9.15188810e+00,1.58328080e+01,7.41796893e+00,4.31011196e+00,1.93736848e+00,3.15442296e+00,1.37181526e+01,-4.47914970e+00,5.90494637e-01,-2.33311476e+01,3.38332330e+00,-1.13275046e+01,2.13847881e+00,3.46086333e+00,-5.70385361e+00,-8.73078628e+00,7.87393843e-01,-5.03872224e+00,6.60445614e+00,-7.60110434e+00,-8.81493769e-01,-6.28545704e+00,-4.20433934e-01,2.29532546e-01,3.12375807e+00,8.31343613e-02,-1.21055430e+00,1.04896100e+01,1.51519761e+01,8.06297623e+00,1.19474681e+01,-2.32073945e+00,1.55295032e+00,8.68003237e+00,-2.00398451e-01,-1.25124330e+01,-6.95847256e+00,-8.20439910e+00,-4.91615219e+00,4.45312232e+00,-1.98618464e+01,-2.25266207e+00,7.25824643e+00,-6.81611133e+00,-5.43673185e+00,8.91825500e+00,7.92825805e+00,-5.00972275e+00,4.21814935e+00,-4.23399033e+00,6.26036883e+00,1.29433548e+00,2.41248926e+00,-1.40044734e+01,-8.04091203e+00,-1.59925781e+00,-4.03539352e-01,-6.66716353e+00,1.81247478e+01,-2.46942898e+00,-5.05248598e+00,6.69393792e+00,-7.69216544e+00,-5.98851468e+00,5.13646814e+00,1.78883786e+00,1.72480453e+00,2.14320181e+00,-1.87486988e+00,2.30058456e+00,9.78209843e+00,-4.85354596e+00,3.29683311e+00,1.49124872e+01,5.21465058e+00,-7.18393870e-01,-3.07209951e+00,2.53337076e+01,-3.65283300e+00,6.36098611e+00,4.47901543e+00,5.24638073e+00,1.54250973e+01,7.95057230e+00,-7.29050150e-01,3.74966129e+00,8.36863570e+00,6.25431687e+00,-9.70878854e+00,1.56215227e+01,-1.43407934e+01,-2.42118502e+00,9.46598941e+00,1.82748617e+00,7.28969680e-01,5.08391231e+00,3.22305547e+00,5.46955489e+00,-1.03582379e+01,6.14564665e-01,-4.09357439e+00,-1.06770234e+00,-1.86941032e-01,-1.83916820e+00,-9.39562402e-01,1.39852004e+01,-9.32982487e-01,-4.90298467e+00,-4.23056136e-01,2.27528291e+00,-1.01870053e+01,-8.04841251e+00,-5.68624593e+00,-1.03625575e+01,-2.97145561e+00,-6.86022872e+00,2.95775012e+00,-8.33050148e-02,-2.00099761e+00,-1.43788244e+00,1.07795412e+00,-3.37601649e+00,1.07492802e+01,-1.40306869e+01,-2.04853804e+00,-2.63732411e+00,2.82941369e+00,3.16362828e+00,-8.21986716e+00,-2.41967674e+00,7.41442054e+00,-3.90688328e+00,2.28147988e+00,6.06825857e+00,-1.07169500e-01,1.91067685e+01,-2.59695172e+00,-6.01525409e+00,2.60677528e-01,-4.53415487e+00,8.56285977e+00,-7.25885117e+00,2.18614563e+00,8.83693383e+00,-2.30024195e+00,1.95848508e+01,2.09220808e+01,-1.17526437e+01,9.48740227e+00,3.31139715e+00,-8.94690331e+00,3.40996530e+00,6.51726852e+00,7.07229060e+00,7.34121148e-01,2.87406186e+00,1.19797077e+01,-3.85190587e+00,1.82656138e+00,1.14614935e+01,-5.99466315e+00,-3.29311209e+00,9.35298616e+00,5.07436738e+00,1.28470445e+01,5.02198697e+00,1.83433969e+00,4.11031560e+00,6.91295289e+00,-8.02302379e+00,7.88055729e-01,3.46143636e+00,1.52809489e+00,3.85500849e+00,-1.01088579e+01,5.68141578e+00,-7.22358921e+00,-5.23343205e+00,2.86880606e+00,-2.07897149e+00,9.53144664e+00,-3.37974802e+00,4.52384678e+00,5.14889595e+00,1.31381755e+01,8.96217065e+00,8.41763968e+00,-1.34625424e+00,-1.35274849e+00,-5.11811124e+00,1.31384925e+01,1.35913164e+01,6.15664238e+00,-4.18562203e+00,8.28610973e+00,-1.00093111e+00,3.39306460e+00,1.10814157e+01,-3.50762888e-01,-1.83455675e+00,-4.27407383e+00,-9.46093532e+00,1.59345609e+01,7.74133437e+00,-1.02147910e+01,-2.96088450e+00,4.14421300e+00,-2.01086669e+00,1.04305856e+01,2.69262200e+00,1.32484972e+01,4.45293686e+00,-4.20803649e+00,3.39910104e+00,-1.04302793e+00,-4.58473852e+00,2.75863032e+00,3.23118835e+00,1.47741584e+01,1.26721727e+01,9.32740981e+00,1.17756970e+01,1.25233715e+00,-4.56055905e+00,2.25782942e+00,-5.74710982e+00,-8.76647933e+00,-9.49747464e+00,-4.98283124e+00,-1.81185167e+01,-5.62473235e+00,-1.40840012e+01,3.10519122e+00,-7.67501815e+00,7.74579809e+00,-1.57398732e+01,-5.07309105e+00,7.52153595e+00,3.57519881e+00,-1.43705220e+01,9.39822845e+00,-4.61155341e+00,8.95522956e+00,-4.76446592e+00,-1.26576871e+01,2.70910298e+00,-1.04753275e+01,-1.50807318e+00,-6.16302670e-02,7.05785442e+00,2.07958652e+01,-7.42925883e+00,-6.22059884e+00,-9.01631458e-01,-1.64585455e+00,-1.32667683e+01,-9.74385358e+00,8.68325866e+00,-3.59879602e+00,3.12184415e+00,-8.09378695e+00,-2.24743664e+00,-7.06494086e+00,8.28274910e+00,2.61402358e+00,-4.06002011e+00,-2.40355045e+00,1.81034730e+00,-1.30472260e+00,6.62309065e+00,-4.42350269e+00,1.15374318e+00,5.44334568e+00,2.46955318e+00,-3.41313305e+00,2.58427870e+01,9.35849653e+00,1.22413805e+00,1.40412306e+00,-1.00088521e+01,5.28430316e+00,-1.23573299e+01,-5.17432478e+00,-9.69282908e+00,-3.07697205e+00,9.66142965e+00,-9.44728626e+00,3.55865737e+00,-6.57440176e-01,3.86552673e-01,-5.77075722e+00,-7.11489617e+00,-8.24177266e-01,-6.35029377e+00,-3.85279741e+00,-6.51542948e+00,-1.12710930e+00,-5.38139141e+00,-8.19404804e+00,3.88891593e+00,-2.55858788e+00,3.50790718e+00,1.71066043e+00,-1.22333189e+01,-8.76618681e+00,-7.61097030e+00,5.67149107e+00,-5.81238786e-01,-1.03788890e+01,9.40420454e+00,-7.08605973e+00,9.15562150e+00,-4.91566983e+00,-7.96867694e+00,4.52388103e+00,-1.17370414e+01,-5.72760736e+00,1.05036318e+01,3.53345488e+00,-6.42390235e+00,9.00266146e+00,-2.69368243e+00,-5.74968107e+00,-5.05784770e+00,-8.62614121e+00,4.02330634e+00,-1.48536146e+01,-1.33030367e+01,-1.05664376e+00,-4.85486137e+00,-9.86517814e+00,1.23335582e+01,2.24516232e+01,-4.48466610e+00,-3.71061408e-01,-1.05198732e+01,1.08338831e+01,3.35436325e+00,-2.96205743e+00,-6.42805958e+00,2.32049183e+00,-1.00253530e+01,-2.13812239e+00,-1.46926948e+01,5.30583316e+00,2.56700405e+00,-4.44927358e-01,-1.49009124e+00,-6.12817390e+00,-1.89578252e+00,2.21199750e+01,-2.72333893e+00,-7.69125068e+00,-1.12360115e+01,2.17424117e+00,-5.96007447e+00,1.15947000e+00,5.13271975e+00,1.03064743e+00,5.65362752e+00,2.72197037e+00,1.00370183e+01,4.71905949e+00,-5.72661447e+00,7.67074120e+00,5.98321220e+00,2.09759143e+00,6.83034516e+00,-4.38680068e+00,1.19883773e+01,3.58615252e+00,-5.32148830e+00,-1.22184816e+00,-2.78585084e+00,3.17296999e+00,-4.41513780e+00,-1.16062348e+00,-1.83204858e+00,1.33850306e+01,9.29761775e+00,-1.12509021e+01,-9.51533222e-01,-8.78542303e+00,-2.38128121e+00,-3.91191194e+00,1.38248347e+00,-4.90462664e-01,-4.44476272e+00,1.99906933e+00,-1.33681257e+00,-1.69894461e+00,1.43375901e+01,2.83585976e+00,-1.35204900e+01,-7.13440023e+00,1.54947044e+01,3.92285753e+00,-1.45938238e+00,1.80187297e+01,-3.14691894e+00,-1.51602174e+00,-1.74749659e+00,2.37827582e+00,4.99630461e+00,7.42897217e-01,4.83091818e+00,-2.35313841e+00,-5.93017652e+00,-6.49083821e+00,-8.10205465e+00,7.36322487e+00,2.50029286e+00,6.34554863e+00,2.67056626e+00,1.46639647e+01,2.93365005e+00,-1.29121137e+01,-5.50412951e+00,1.21420066e+00,-4.72596816e+00,1.03841782e+01,-2.22752033e+00,2.65589724e+00,8.70614564e+00,-1.29155848e+01,2.45780729e+01,3.30328146e+00,4.14541305e+00,6.14327838e+00,9.74354879e-01,-5.43795603e-01,5.55500979e+00,-5.78172119e+00,1.37402217e+01,1.20811163e+01,-6.32739849e+00,2.98178715e+00,1.16927021e+01,-3.70287380e+00,3.07788728e+00,6.21053092e+00,7.21745592e+00,-1.25015878e+01,-1.55320518e+00,-4.99878164e+00,-1.00583445e+00,-1.19802638e+00,3.55323167e-01,-2.87907920e+00,-4.71452689e+00,2.05402067e+00,1.51244380e+00,8.92578629e+00,-7.18123709e+00,6.75293353e+00,8.19329310e+00,-2.20070903e+00,1.30514399e+01,-1.12017130e+01,-1.71392245e+01,-9.00643704e-01,-8.40140194e-01,6.06290402e-01,1.27011288e+01,-8.51373025e-01,6.87364845e+00,8.90607187e+00,6.54138471e+00,-7.49933351e-01,1.03715354e+01,-2.71676513e+00,-5.88420515e+00,-7.13615400e+00,1.06263525e+00,6.34828648e+00,-8.84526047e-01,6.14389793e+00,-7.53340043e-03,9.76798036e+00,3.02360132e+00,1.29315075e+00,-7.54823529e-01,5.10616836e+00,6.60321994e+00,3.07651831e+00,-3.66962037e-01,-8.84143346e+00,4.68613208e+00,3.27661884e+00,6.05607865e+00,5.05114767e+00,5.92508622e+00,-1.16356860e+00,4.94181366e+00,-4.99367637e+00,-4.46092695e-01,-9.10351876e+00,-5.62333331e+00,6.95684541e+00,-1.50383760e+01,4.49758242e+00,2.59278993e+00,1.43401959e+01,-3.51876308e+00,5.35363885e+00,-2.25477311e+00,-7.95568332e+00,-1.18085248e+01,-1.87783323e+00,-1.50891353e+01,2.33293597e+00,-3.82572675e+00,5.27289609e+00,3.83161065e+00,-4.31857358e+00,-4.66938498e+00,7.02507749e+00,-9.18441306e+00,-2.15062175e+00,-2.80218383e+00,3.75189846e+00,-3.78668292e-01,7.29183151e-01,-2.84832623e+00,9.02267747e+00,-8.73805383e+00,1.52354263e+00,9.81331970e+00,-5.46399414e+00,4.63475677e-01,-6.90153557e-01,-1.13537285e+01,-7.38450533e+00,-8.29328385e-01,4.74324836e+00,5.32085939e+00,1.12818261e+00,-1.31183984e+00,2.92622387e+00,-7.12638921e+00,-2.19019429e-01,-8.82525719e+00,-4.57637900e+00,8.07823220e+00,-5.05933388e+00,1.10284271e+01,-3.62242145e+00,5.80943682e+00,4.29913545e+00,-1.00872995e+01,-4.65270651e+00,1.35401085e+00,-6.32789695e+00,-6.61219481e+00,-1.42522390e+01,-9.40882606e+00,-8.29542228e+00,-7.20474142e+00,1.00184484e-01,3.19146988e+00,1.19422859e+00,3.68341277e+00,-9.65376825e+00,2.03958898e+00,4.30491289e+00,-1.13625569e+01,-1.01829522e+01,-6.51365851e+00,-4.40138723e+00,2.79462103e+00,5.93632163e-02,-7.02274372e+00,5.45904222e+00,-3.38032159e+00,8.83582865e+00,-1.44098675e+01,1.00136362e+01,-1.00652304e+00,-7.14992747e+00,-4.35572175e+00,-6.12597564e-02,7.25214502e+00,-1.18632373e+01,-2.10700106e+00,-2.94392021e+00,7.60043538e+00,1.34508937e+01,-1.64073776e+01,1.53889470e+01,6.97491602e+00,-1.25091393e+01,-5.69040588e+00,1.27320718e+01,9.89079395e+00,-3.31543353e+00,-1.05288024e+00,2.35896830e+00,1.20381341e+01,-9.29612440e+00,2.58647852e+00,-9.17142888e-01,5.17503357e+00,-1.19049350e+01,-7.44094332e-01,-5.15742339e+00,7.80468483e+00,6.71822705e+00,-1.46147623e+01,-8.03733049e+00,-3.80190741e+00,-6.36857986e+00,-2.16855847e+00,-3.56747374e+00,7.52673526e+00,7.06526644e+00,-8.61501170e-01,-6.84942785e+00,-1.42207662e+01,7.87688237e+00,-8.10031760e+00,-5.48154110e+00,1.23735334e+00,-5.71931086e+00,-6.75867393e+00,-4.80894603e+00,-7.65640421e+00,-4.01807118e+00,-8.02934833e+00,9.47759654e+00,1.03513248e+01,-1.09699520e+00,-3.84439971e+00,-1.38082733e-01,6.87844226e+00,-1.44671659e+01,-3.58621254e+00,8.74165326e+00,1.11899474e+01,-2.64530329e+00,1.79414909e+00,8.61178535e+00,2.76277027e+00,-4.54927868e-01,-6.49262276e+00,3.17714126e+00,-5.61282019e+00,-2.44324943e+00,-3.08419125e+00,-2.78114944e+00,3.53699667e+00,1.34362287e+01,-7.73852514e-01,5.35814813e-01,-1.51308935e+01,-3.04497625e+00,-6.05309108e+00,4.24274366e-01,-6.97364400e+00,1.35972044e+01,1.42270015e+01,3.04017919e+00,-3.23122164e+00,2.57996326e+00,4.19969680e+00,-7.64745335e+00,-1.38103222e+00,2.52363376e+00,2.23181607e+00,8.65104234e+00,6.95392531e+00,-3.39707836e+00,4.43830274e+00,-1.61971675e+01,-5.95269319e-01,1.46757487e+01,2.64386163e+00,4.15657819e-02,4.87006121e+00,-3.98717788e+00,1.53104250e+01,-2.70819356e+00,1.37470334e+01,6.21259254e+00,-7.27379344e+00,5.35725575e+00,-4.82215470e+00,-1.11967059e+01,-1.16378783e+00,-9.11460077e+00,-9.02734602e+00,-4.04619865e-01,5.54192909e+00,-1.51941466e+00,-5.76538226e+00,1.28695021e+00,-1.14562054e+01,-9.15316490e-01,-1.44302415e+01,9.01051627e+00,-4.55233371e-01,-8.10374423e+00,-3.55578866e+00,2.94874110e+00,-5.62354684e+00,-7.37851371e+00,1.46701717e+01,-4.18616458e+00,-7.21797114e+00,4.97483165e+00,-2.74915989e+00,8.56023238e+00,-4.75612920e-02,8.73933424e-01,1.73242796e+01,-2.49849626e+00,-6.01159445e+00,-6.71531677e+00,-9.09098040e+00,-5.88953764e+00,4.52956774e+00,4.26580336e+00,4.33533045e+00,1.22608837e+01,3.39233869e-01,3.30844264e+00,-1.05056202e+01,1.00877715e-01,-3.71977304e+00,-4.90752680e+00,9.01059454e-02,5.52737573e+00,6.36631433e+00,-2.26957003e-01,1.52802062e+00,5.06159857e+00,6.39126663e+00,-3.49014568e+00,-1.72308405e+00,1.78521440e-01,-4.26784676e+00,-1.34963416e+00,-5.18473895e+00,1.25089267e+01,1.04254446e+01,-2.90357660e+00,2.38387525e+00,-7.42795455e-01,-4.35207754e+00,5.69687978e+00,-1.51710393e+00,5.72621565e+00,-8.41540077e+00,2.99054227e+00,-1.65867034e+00,-8.98471738e+00,-4.26197175e+00,4.16128096e+00,-1.56841003e+01,6.29764449e+00,7.86743542e+00,-1.37286521e+00,-9.90392836e-01,-4.77657009e-01,4.00799115e+00,-5.62502919e+00,5.78782149e+00,4.94232854e+00,-1.67952376e+01,-5.58914127e+00,3.97128026e+00,-1.73916858e+00,7.11385474e+00,-1.01274022e+01,-8.68831466e-01,-6.68895467e+00,-2.11062334e+01,1.29318489e+01,-9.89824597e+00,-1.04618506e+01,1.43041460e+00,2.13061617e+01,5.79743456e-01,-4.56851248e+00,-1.41614213e-01,-7.12360218e-01,-1.46180946e+01,-9.71779766e+00,1.38763545e+01,-1.65936770e+00,-6.30779274e+00,8.71773149e+00,-5.53458265e+00,5.99250721e+00,8.66486767e+00,-9.51212458e+00,-4.42245826e+00,-5.18329869e+00,-2.47055332e+00,-3.55205650e+00,-2.15903382e+00,2.65863177e+00,-5.66722032e+00,4.91150079e+00,9.73140715e+00,-1.89476751e+00,-3.01570722e+00,2.37287275e+00,9.13406417e+00,8.46474190e+00,9.15459852e-01,-1.01957192e+00,-1.27072759e+00,-8.68048795e+00,6.67634218e+00,-4.20587244e+00,3.25859965e+00,-2.67879566e+00,4.68485274e+00,2.71342121e+00,-1.34290726e+01,-4.73490422e+00,-1.29892638e+01,-5.81895885e+00,8.68240645e-01,-2.84236714e+00,5.32176212e+00,-4.69925328e+00,3.74814978e-01,1.39519779e+00,1.22507532e+01,6.37300946e+00,-4.63673572e+00,-2.24175501e-01,2.29491339e+00,6.28240817e+00,1.69517298e-02,9.11695163e+00,4.68033364e+00,1.47485003e+01,8.20138493e-01,1.12584123e+01,-4.18042746e+00,-6.51334664e+00,1.16017371e+00,1.12283324e+00,4.40468643e+00,-2.13172134e+00,-2.28672370e+00,3.92197413e+00,-7.87637026e+00,-9.05853845e+00,1.25757417e+01,-1.18709223e+00,-6.97224827e+00,-6.67616153e-01,-2.36039189e+00,6.24418270e+00,5.89346361e+00,-3.42295504e+00,-1.22565443e-01,-4.56470913e+00,-5.75852882e+00,-4.21444191e+00,-1.58352753e+01,-3.63047900e-01,-1.12534776e+01,-9.37069175e+00,-6.82392613e+00,3.09461252e+00,-6.49183397e+00,3.47153353e+00,-1.01308493e+01,9.21006313e-02,-6.71381483e+00,9.31088275e-01,1.44735234e+00,5.46162503e+00,-3.48477537e+00,-3.14085656e+00,4.81604381e+00,1.03361903e+01,5.21248581e+00,1.48627163e+00,-1.19427571e+01,-2.43359861e+00,-4.91081349e+00,-1.03946990e+01,7.41504129e+00,-5.77946316e+00,-9.32223246e-01,-4.41578996e+00,-1.67588357e+01,8.96914347e+00,-3.06196027e+00,6.75006425e+00,-1.21085052e+01,1.09420436e+01,6.63979173e-01,-4.81158292e+00,1.03317479e+00,-3.81116561e+00,-1.14700667e+01,2.84507722e+00,5.43975060e+00,2.37357177e-01,-5.70372183e+00,-2.30457049e+00,3.16633621e+00,5.38879238e+00,1.05451683e+01,4.22827776e+00,-3.68812814e+00,1.52680144e+01,4.07498422e+00,7.18065424e+00,-2.63803768e+00,4.71953428e+00,3.22341798e+00,-1.06293704e+01,-3.42731383e+00,-6.48398080e+00,-5.94765441e+00,-1.68001153e+00,-2.15725986e+00,-6.86603142e+00,-1.89648148e+01,-4.63647450e+00,2.67045117e+00,8.70706721e-01,1.85893883e+00,7.34298438e+00,2.40247184e+00,5.10599017e+00,-7.32475741e+00,7.60680434e+00,-7.08882022e+00,-1.19493358e+01,2.77221393e+00,-6.48281055e+00,-6.92415916e+00,-2.65490708e+01,-1.70053577e+00,1.36428590e+01,7.43064562e+00,-2.00694747e+00,-1.53601609e+00,5.80645763e+00,1.07485345e+01,-6.90724893e+00,-1.66273650e+00,-5.48991801e+00,-5.89395283e+00,-5.41651151e+00,2.28710714e+00,1.19114525e+01,-1.11493489e+01,-8.89027746e+00,3.37132447e-01,-1.81657483e+00,-3.04935422e+00,-1.51248287e+01,9.68711399e+00,3.95886446e+00,9.80043081e-01,8.37861774e+00,-5.13700666e+00,5.42932212e+00,4.64051928e+00,8.01991344e-01,-1.27632620e+00,1.95260896e+00,-2.44472216e+00,7.75099116e+00,-7.00641730e+00,7.01694656e+00,1.67311936e+00,2.40605836e+00,3.68961745e+00,-1.36747976e+01,1.30621160e+00,-1.10552654e+01,-8.27955852e+00,-8.12618787e+00,-8.03947011e+00,5.08892208e-01,2.61845503e+00,7.99534713e+00,1.46978231e+00,2.41846259e+00,-1.18098463e+01,-4.48285858e+00,5.62825530e+00,1.72141728e-01,-1.31948151e-01,-1.50910542e+00,5.93818863e+00,-1.53440431e+01,1.98121550e+00,3.95167818e+00,6.93439337e+00,6.19519656e+00,-9.46412373e+00,2.11259287e+00,1.00525834e+00,1.13398278e+00,3.34294101e-01,-3.74735155e+00,-6.18317330e+00,2.68705369e+00,1.00936908e+01,-1.28128961e+00,1.87247808e+00,2.15638830e+00,-4.70764477e+00,-4.59878468e+00,-1.96939552e+01,-6.70604563e+00,-9.04637673e+00,-1.54185580e+00,-1.09833780e+01,1.28091738e+01,-5.41174322e+00,-8.93800636e+00,-2.64997084e+01,1.12322696e+01,2.35760257e+00,2.12201595e-01,-1.02269411e+01,1.24527394e+00,-2.74738841e+00,-5.34802663e+00,1.09373949e+00,5.42061936e+00,1.20857675e+00,-2.86168894e+00,-1.70728886e-02,2.17491513e-01,2.48743689e+00,-1.10268843e+01,1.18553219e+01,-6.78853961e+00,-4.46052514e+00,-7.50005115e+00,-1.70360811e+01,9.89516471e-01,-8.47013426e+00,-3.67533076e+00,5.57826673e+00,-3.91751587e+00,-8.01166633e-01,-1.79429285e+00,-4.22150434e+00,1.83602685e-01,8.85280856e+00,-8.96936645e+00,1.61950533e+01,-3.70545568e+00,5.84319054e+00,-1.70541950e+00,2.21338594e+00,-1.96583123e+00,7.66201973e+00,1.05318649e+01,3.03829607e+00,8.60939397e+00,-5.63048337e+00,-7.30571194e-01,-4.18672212e+00,1.08996000e+01,9.52424555e+00,7.02625656e+00,-2.47545530e+00,-4.47871939e+00,4.11598873e+00,-4.49712457e+00,-2.52994059e+00,-1.16636283e+00,-5.22025340e+00,8.42022278e+00,-1.48645546e+00,5.95439167e+00,2.81120588e+00,2.84427110e+00,-5.63100202e+00,5.04045543e+00,-2.44437992e+00,-1.75269713e+00,-2.76090927e-01,-8.65330586e+00,1.31372366e+01,-4.60745770e+00,4.89456696e-02,3.56977585e+00,3.36667227e+00,1.24557587e+01,-3.32422605e+00,1.27267007e+01,1.13946753e+01,-1.62185002e+01,1.20236768e+00,-3.15657036e+00,1.92814907e+00,1.20678152e+00,2.75461547e+00,1.03855950e+01,1.54348398e+01,-1.28571869e+01,1.29448830e+01,-1.58409351e+01,-1.33590739e+01,-2.08900644e+00,1.86563901e-01,1.25025350e+01,6.29959464e+00,-2.80352783e+00,-1.47493120e+01,1.11660885e+01,-7.44735873e+00,-3.35054668e-02,-8.62311995e-01,2.12660043e+01,-4.18088703e+00,-1.75528590e+01,4.97854253e+00,-2.65408229e+01,2.17671009e+00,-6.18319701e+00,-2.86424197e+00,-4.23474587e+00,-9.58778945e+00,6.32279753e+00,-5.76959819e+00,-1.50024257e+00,-1.29560755e+01,-7.47329825e-01,-8.32035243e+00,-1.26015421e+01,-1.94626189e+01,1.94823570e+00,-5.52526029e+00,2.47146392e-01,-2.01132102e+00,-1.37432100e+01,-1.04060219e+01,-9.47642054e+00,-9.09409591e+00,8.93343167e+00,1.43676905e+00,-7.77371015e+00,-3.70863516e+00,-4.33014153e+00,6.43092650e+00,-5.18023144e+00,-1.59113985e+00,-4.46512551e+00,-6.38716367e+00,-6.41497719e+00,6.58725579e+00,-2.31849428e+00,-1.48912163e+01,1.30747367e+01,7.66642511e+00,8.62082753e-01,-1.28758376e+01,-1.24848575e+01,1.64034586e+00,5.71746684e-01,-5.53599631e+00,-7.77943532e+00,5.83147046e+00,-9.79282894e-01,4.47797643e+00,7.99316620e+00,5.97036031e+00,4.68953906e+00,3.80048427e+00,-3.73945385e+00,-2.24384157e+00,-3.09898401e+00,-6.01694613e+00,-7.85683547e+00,-1.04486539e+01,-6.15827716e+00,-1.60264557e+00,-1.32589173e+01,-1.75012848e+00,5.55080893e+00,-1.26020304e+01,5.14736200e+00,4.40118994e+00,-1.14316546e+01,-9.32381775e+00,-3.18579137e+00,2.66057555e+00,-6.76007556e+00,1.21510537e+01,1.06333292e+01,-1.29045053e+01,7.91104187e+00,6.00175772e+00,1.84171613e+00,3.48009246e+00,-7.05055908e+00,-2.50442381e+00,7.17068194e-01,3.11094584e+00,7.24999992e+00,-9.10725135e+00,-1.26490987e+00,2.88295985e+00,4.58010112e-01,-5.26468860e+00,3.40489724e+00,-4.42655892e+00,-3.21538380e+00,3.70425812e-01,-1.02115943e+01,4.69959225e-03,-3.01278236e+00,-2.06533185e+00,1.28800910e+00,-9.08648864e+00,9.25546829e+00,-4.17728653e+00,-2.15717141e+01,-1.43436963e+01,6.14425126e+00,-6.00014699e+00,-3.14697266e+00,-4.45321974e+00,-2.87958249e+00,-1.70108053e+01,-1.17470652e+00,-1.04306757e+01,-5.15642904e+00,3.86331470e+00,1.27403622e+01,3.48289709e-01,5.18004545e-02,9.69187706e+00,-8.63916547e+00,5.32891543e+00,1.18510880e+00,-7.81411524e+00,-3.91300580e+00,3.56233711e+00,2.72709915e-01,2.32671753e+00,2.14083102e+00,-3.74982768e+00,-4.85210173e+00,-8.25916793e+00,8.04048818e+00,-1.09372717e+01,-8.21105826e+00,2.20411523e+00,-1.44665246e+01,3.43883322e+00,9.62605487e+00,-1.54708139e+00,2.05656482e+00,-4.80025433e+00,-3.35666947e+00,1.49068605e+00,6.08123960e+00,-6.21522546e+00,4.29112641e+00,-2.19968802e+00,-2.06289225e-01,4.05938538e+00,2.83426808e+00,-1.66813470e+00,-2.11440638e-01,2.72809907e+00,4.70850616e+00,-1.16462509e+01,5.44191254e-01,8.79957756e+00,-1.54893312e+01,5.45859494e+00,-1.93610962e+01,-1.53848567e+00,-2.46082269e+00,-1.23873352e+00,-1.66738642e+00,-4.56593157e+00,-8.76242850e-01,2.25651794e+00,-3.91108251e+00,2.08544129e+00,1.48069570e+01,-9.98059734e+00,-4.36381548e+00,6.36644166e+00,3.77543534e+00,6.80857328e+00,2.66251499e+00,4.05483420e+00,-2.60379353e+00,-8.09528605e+00,-7.48385920e+00,-4.26159798e+00,5.30717686e-01,-6.80251765e+00,-2.03811284e+00,1.03135642e+00,3.75523724e+00,-1.27268527e+00,9.63857419e+00,-9.44029761e+00,-8.42177116e-01,-1.04547289e+00,4.84857016e+00,-7.15718158e+00,-4.42936208e+00,3.42300390e+00,8.30813789e+00,1.18433634e+01,5.79629172e+00,7.22489054e+00,-4.44779268e+00,1.06081740e+01,1.05944678e+01,-8.48645062e-01,5.66769775e+00,6.32047027e+00,-3.35321577e+00,1.26899184e+00,1.05702802e+01,-4.20870009e+00,-1.86312198e+00,-1.05689082e+01,3.99441424e+00,-1.88995326e+00,3.28100076e+00,9.25900590e-01,-6.64664730e+00,7.96847480e+00,6.55141431e+00,-4.40141407e+00,2.63920603e+00,-9.63314612e+00,-8.95625574e+00,3.85027839e+00,-1.12730141e+01,-5.07255326e+00,7.78663700e-01,1.41075452e+01,-3.45239098e+00,-2.01586870e+00,-2.67443730e+00,1.89975356e+01,2.97438696e+00,-6.77979694e+00,1.15080470e+01,1.04082498e+01,5.32132558e+00,1.27833818e+01,1.34606067e+01,-1.37509344e+00,-4.85687966e+00,-5.23265136e+00,4.30434549e+00,6.03802688e+00,-1.02247182e+00,-3.73173000e+00,-9.92883392e+00,-4.11542530e+00,-7.51937975e+00,4.94201183e+00,2.73143713e+00,9.89230040e+00,1.52515358e+00,-4.14222709e+00,-1.20302200e+00,6.69354177e+00,2.10168607e+00,9.42569374e+00,9.55489768e+00,-1.94974493e+00,-1.28543868e+00,-1.61312537e+01,8.42708756e+00,-7.30618186e-01,9.11236841e+00,-3.83428727e+00,-1.03804172e+01,3.01755853e+00,1.15950426e+01,-4.18105582e+00,1.12064444e+01,-1.19717019e+01,-3.98612793e+00,-1.35506102e+01,3.27092854e+00,1.61951221e+00,5.96975226e-01,-1.00974862e+01,1.46689368e+01,8.86281692e+00,1.18249332e+00,-7.84655026e+00,3.64886810e+00,-3.99123217e+00,-1.91542460e+00,-3.68937386e+00,3.22120255e+00,-2.07467829e+00,-3.11000270e+00,3.52720511e+00,3.97353708e+00,-1.44971585e+01,3.17989907e+00,1.08777518e+01,6.94397049e+00,-2.32648674e+00,3.27969836e-01,-6.12015014e+00,9.51180144e+00,2.19928578e+00,-1.02775232e+00,-9.78256729e-01,1.78602822e+01,-3.29363153e-01,4.64977422e+00,1.19731997e+01,1.61931809e+01,9.95637205e+00,7.02559282e+00,-1.01151246e+01,-7.51928425e+00,5.67671262e+00,3.07713566e-01,5.14884496e+00,2.42555447e+00,1.04330173e+01,-1.30783438e+01,-8.05474213e+00,-1.57463596e+00,-1.40825295e+01,2.78810990e+00,6.72183240e+00,1.40138983e+00,-3.65677031e+00,3.83052737e+00,2.28962227e+01,4.77406557e+00,2.60575966e+00,-8.00582562e+00,-1.03056510e+01,-2.76717297e+00,4.78046554e+00,-9.03242904e-01,3.87319461e+00,5.79974504e+00,-1.03784383e+01,4.25863974e+00,7.27740772e+00,9.52797486e+00,-1.41861937e+00,1.71696022e-01,-1.30917713e+00,-7.76892273e+00,-1.19914508e+01,1.29431279e+01,-1.29895065e+00,-9.27489779e+00,7.22696637e-01,-4.56975502e+00,1.46586731e+01,-3.62187830e+00,-6.07154256e+00,5.88664256e+00,-2.27072757e+00,7.30266097e+00,-2.31301922e-01,1.60112973e+01,8.04560304e+00,8.04921147e-01,-6.07549674e+00,4.32199412e+00,-8.99221418e+00,-1.18145755e+00,1.05875738e+01,-4.32768102e+00,-7.30742634e+00,-3.51663296e+00,8.72267514e+00,2.00330649e+00,-1.38437757e+01,5.59660926e+00,1.94156710e+00,1.51730776e+00,-8.27588589e+00,1.06825515e+00,5.72239519e+00,8.22859636e+00,1.04141531e+01,5.22632940e+00,9.18314282e-01,-8.73086192e+00,-7.39131480e+00,-1.15917825e+01,-1.63920547e+00,5.69989658e+00,-4.97560028e-01,8.97196832e+00,-5.23864401e+00,2.85710567e+00,-3.07659849e+00,-4.47096134e+00,9.57778098e+00,1.09373765e+00,1.00019180e+01,8.62801792e-01,3.85231395e+00,-2.65445876e+00,9.86962548e+00,-2.11600295e+00,-1.29336367e-01,-1.30261414e+01,-1.61048170e+00,1.17870303e+01,1.12532865e+01,3.79898890e+00,-2.03551295e+00,5.10986263e-01,-3.39460897e+00,-1.75611804e+00,1.46302192e+01,7.97044314e-01,-4.04566881e+00,-1.80280847e+01,-8.18582997e+00,-6.22451186e+00,-1.03982826e+01,-9.76410688e+00,-1.18792751e+01,-7.45345714e+00,-5.66445030e+00,-7.48144668e+00,7.59275532e+00,-3.91574992e+00,-1.56393083e+01,7.14887282e+00,-5.28802433e+00,-1.30011860e+01,1.65575821e+01,-3.89714082e+00,3.09460564e+00,6.90059304e+00,1.19165903e+00,4.06991427e+00,2.06240194e-01,9.73775093e-02,-2.20047916e+00,-1.19215198e+01,1.87044459e+00,-2.07576775e+01,1.11405636e+01,-6.85797859e+00,-2.61813709e+00,-2.99216871e+00,2.81336947e+00,-3.27283731e+00,4.95796522e+00,-9.16314910e+00,6.37984632e+00,6.64497288e+00,2.28761552e+00,1.52191077e+00,3.40989720e+00,1.15862174e+00,5.41011187e+00,-1.03170400e+00,-1.09322819e+01,1.56715610e+00,-4.88403156e+00,-2.02259625e-01,8.66325709e+00,-1.36641877e+01,2.11124540e-01,3.31748613e-01,1.58631458e+00,5.16641644e+00,-2.29737340e+00,1.40270321e+01,6.91293592e+00,-2.63965852e+00,-1.74592515e+00,6.68088812e-01,1.31380288e+01,-8.66204735e+00,-1.71266008e+01,4.93070414e+00,-1.50281005e+00,-2.40496481e+00,2.88041748e+00,1.27269114e+01,7.21002448e+00,-2.92040439e+00,-8.72135970e+00,-1.67620394e+00,4.76003644e+00,-2.52386024e+00,-1.25615937e+01,-1.06519739e+00,-1.55477433e+01,-8.05565032e+00,1.38299459e+01,-8.37804344e+00,-1.13067128e+01,-9.01258189e+00,-6.31296685e+00,5.56499474e+00,1.38105409e+01,-1.19886842e+00,4.57893635e+00,-2.95277145e+00,-1.11406809e+01,8.71923479e+00,-7.74265102e+00,4.82814336e+00,5.21774176e+00,-2.03977332e+00,6.58323874e+00,6.72539391e+00,1.86742170e+01,-2.31013690e+00,-8.44966971e+00,-1.08924963e+01,-2.49996788e+00,-5.69230347e+00,1.64874789e+01,-7.78455010e+00,1.44367595e+00,9.28994207e-01,-3.73318636e+00,-1.35972952e+01,-1.19942450e+00,1.65093390e+01,2.62703528e+00,1.28752844e+00,-8.93239285e+00,-9.16491809e+00,-2.05062358e+00,7.83363203e+00,-4.16332732e+00,1.71645062e+01,-7.34218497e+00,2.68635875e+00,-3.17650714e+00,-1.07469168e+01,8.53792083e-01,-9.21365133e+00,-1.23328458e+01,1.20262385e+00,2.17002818e-01,8.03295558e+00,3.91614093e+00,-5.77682344e+00,3.88254235e+00,-1.38649378e+01,-8.33414595e+00,1.55468064e+01,1.11408789e+00,-1.84633484e+00,-4.63840356e+00,1.97396685e-02,-1.51347084e+00,1.46389466e+01,6.85863174e+00,-1.96519641e+00,-9.65046430e-01,-6.69884677e+00,-2.62747294e+00,-1.07142840e+01,8.38997205e+00,1.09884413e+00,1.89818450e+00,2.62391340e+00,-1.62539157e+00,-3.38633378e+00,2.67328157e-01,-1.76527065e+01,-2.48404927e+00,-1.33960237e+00,-1.22469684e+00,8.74460806e+00,1.03841318e+01,2.79413437e+00,-1.55833824e+01,1.07757111e+01,-4.00807047e+00,-6.10961196e+00,-1.43429442e+01,-5.48565725e+00,9.71403491e+00,5.08687674e+00,2.43785384e+00,5.30066384e+00,-9.19463187e+00,-7.48616204e+00,1.00375496e+01,6.81488893e+00,8.19017718e+00,5.50487414e-01,1.59536450e+00,8.96029116e+00,1.63871569e+01,-3.94258613e+00,6.10930023e+00,-3.22815266e+00,-7.05306154e+00,-5.49038929e+00,-5.02382634e+00,-2.22205916e+00,-8.19263509e+00,-3.61367269e+00,-2.20363579e+01,5.63381510e+00,4.36273744e+00,-3.81138545e-01,-6.13045499e+00,-3.23912089e+00,-8.99873127e+00,1.62091740e+00,1.33465399e+01,-3.31262785e+00,-3.05382840e+00,3.13337803e+00,-8.26592955e+00,1.47008081e+01,2.79328937e+00,1.95919761e+00,8.67469255e+00,-3.70264778e-01,9.61860602e+00,2.86609223e+00,-1.15858060e+00,2.11468061e+00,-1.00631711e+00,1.19343158e+01,1.36120613e+00,2.96528081e+00,-1.57615623e+00,1.74282574e+00,-1.54752557e+01,-5.86909285e+00,-7.88151982e+00,8.67974271e+00,-5.60186792e+00,-9.98837221e+00,9.46843685e+00,-2.35369203e+00,7.36248968e+00,-1.48496598e+01,3.75508539e+00,9.02713579e-01,9.38540105e-01,-1.84173823e+00,-1.03237589e+00,8.16802466e+00,3.92864008e-01,-8.19283561e+00,-3.47154763e+00,3.65347889e+00,-1.96586045e+01,-1.51385580e+01,4.08641343e-01,2.20974038e+00,-7.97805739e+00,-1.85698239e-01,1.79017238e+01,5.18394029e+00,-9.37833272e+00,1.24179174e+00,-1.55163362e+00,2.08681699e+00,-5.70491503e+00,3.45616508e+00,4.10571349e+00,-1.11875226e+00,1.83810043e+01,-1.50913119e+00,-5.14797549e+00,4.03340761e+00,7.43054172e+00,-5.79063509e+00,-1.55545631e-01,1.62929866e+01,-4.31773547e-01,8.81641951e+00,2.65281036e+00,-1.40729260e+00,-3.30103019e+00,8.46585861e+00,-9.34758606e+00,-5.47449761e-01,-3.08807351e+00,-6.95218852e+00,2.09941769e+00,3.88397423e+00,4.96226999e-01,-3.22413468e-01,-6.53561812e+00,2.86779967e+00,-5.96106838e-01,-3.83639471e+00,-3.52099690e+00,3.36210777e+00,-4.74445784e-01,-6.25862811e+00,-1.76049573e+01,8.86381161e-01,3.33627440e+00,-7.21600315e+00,-3.99859274e+00,1.35385824e+01,1.54973639e+00,6.35665489e+00,1.19043742e+00,5.88847896e+00,4.62803606e-01,-6.55622900e+00,-1.01903044e+00,1.20919858e+00,4.64079953e+00,1.28465963e+01,8.23037573e+00,1.64256569e-01,1.98501542e+00,1.01807076e+01,4.33416829e+00,-1.22624405e+01,-4.61287696e+00,2.45259809e+00,1.43603338e+00,4.18834811e+00,-8.83663562e+00,1.08704470e+00,6.44806907e+00,8.16605145e+00,-7.06892308e+00,-3.98910402e-01,-3.32972222e-01,-3.04515564e+00,-4.84195984e+00,-2.50726023e+00,-1.17740709e+00,1.59970461e+00,6.93032425e+00,-5.11575283e+00,1.36913205e+01,5.43712602e+00,3.96184993e+00,6.11928283e+00,4.73948299e+00,5.54822890e+00,9.16559618e+00,-7.71624038e+00,1.05338074e+01,-1.87127698e+01,5.20668044e+00,-1.75199469e+01,1.34902704e+01,1.25271803e+01,-1.51477090e+00,-8.01424707e+00,-7.21179823e+00,-9.60188864e+00,-1.08226349e+01,8.97717192e+00,7.06879609e+00,3.95660306e+00,5.20281457e+00,6.73774107e+00,-6.69005042e+00,-2.65896358e+00,9.37980820e+00,-2.02933933e+00,8.48611815e+00,1.24486547e+01,-5.97078799e-01,-1.23120756e+01,4.97445051e-01,2.80901176e-01,-1.54254936e+00,2.81536579e-01,-1.10126572e+01,-2.38160401e+00,1.96497988e+00,1.83625293e+00,8.08540849e+00,-6.56308747e+00,9.84323324e+00,-6.62985755e+00,4.01696924e+00,6.86542842e+00]
