name = '*CO_49'
composition = {'H':0, 'C':1, 'N':0, 'O':1, 'Pt':1}
facet = ['Ni211']
coverage = 4
DFT_energy = [-132.816, 'eV']
ZPE_energy = [0.79, 'eV']
frequencies = [33.1, 67.5, 95.9, 157.6, 169.9, 182.4, 184.7, 212.3, 286.2, 314.0, 322.0, 332.1, 336.1, 337.5, 350.2, 353.7, 362.6, 370.2, 416.2, 442.0, 1748.0, 1863.4, 1874.2, 1935.8, 'cm-1']
gas_DFT_energy = [-12.070108, 'eV']
gas_ZPE_energy = [0.134, 'eV']
sites = 1
BEE = [-5.33381709e+02,-4.11352778e+01,-1.23449566e+02,4.10411826e+02,-1.93816377e+02,-1.69958194e+02,-3.64240229e+02,-8.10929650e+02,-3.85832313e+02,-4.30504481e+02,-3.51624848e+02,4.09008198e+01,1.41573878e+01,2.61522636e+01,2.88175914e+01,4.28038886e+02,-1.89515788e+02,-1.66241896e+02,1.60842870e+02,-1.00975391e+03,5.29773528e+02,-2.40583807e+02,-4.66136454e+01,-1.08332772e+02,-4.98025715e+01,-5.34208595e+01,7.85917204e+02,-1.92445464e+02,-7.59265649e+01,-4.78545519e+02,7.01292285e+02,-1.22851069e+02,-3.55003406e+02,2.16518660e+02,-3.76899430e+01,1.78908773e+02,-2.76081078e+01,6.29404434e+01,2.50506747e+02,-9.25059044e+02,4.92648622e+02,1.16357041e+02,-5.28898649e+01,-3.06263152e+02,1.02474145e+02,-1.62386551e+02,3.99911528e+02,3.34978362e+02,-2.48330805e+02,-2.65826968e+02,-2.71525040e+02,-3.08540831e+02,1.06314918e+02,-4.52842798e+02,1.24648589e+02,5.44837252e+02,6.21967378e+02,3.14566533e+02,1.47078918e+02,2.50217595e+02,8.14360967e+02,1.90757360e+02,-5.00528534e+02,-1.12507694e+02,-2.15575041e+02,5.55812968e+02,-6.80761904e+02,-5.68054484e+02,-2.46950033e+02,-8.95256015e+01,-3.97847063e+02,2.43294374e+02,8.82793849e+01,1.18862413e+02,-3.49870756e+02,-3.16544120e+02,-5.11795273e+02,3.39419246e+02,-2.96467152e+02,2.39999234e+02,-5.96628748e+01,-2.66937172e+02,-5.27122484e+02,-1.57084204e+02,-1.04097466e+02,-1.44338641e+02,3.57714885e+02,6.43239157e+02,-3.83266744e+02,-7.27121056e+02,-1.80315768e+02,1.00608430e+03,-5.17909454e+02,3.00348783e+02,-9.62384484e+01,-5.64394560e+02,2.19962206e+02,3.44764296e+02,-1.58205416e+02,3.18402420e+02,-2.43184642e+02,-4.67428378e+02,8.10412203e+02,4.21806686e+02,2.79563110e+02,1.32299292e+02,2.20875188e+02,7.39966219e+02,-2.26294485e+02,5.14839875e+01,-1.25548092e+03,1.67956901e+02,-6.19161006e+02,1.30809585e+02,1.95640200e+02,-3.10171545e+02,-4.85256949e+02,5.58022985e+01,-2.66732796e+02,3.24125950e+02,-4.59312237e+02,-2.45765360e+01,-3.22965363e+02,-3.79384709e+01,-2.70120582e+01,1.54163814e+02,1.06828347e+01,-5.43192590e+01,5.49588744e+02,8.27545483e+02,4.34010559e+02,7.05858725e+02,-1.08628123e+02,1.21259552e+02,4.96660747e+02,-7.85282738e+01,-6.91597037e+02,-3.40953475e+02,-4.53924958e+02,-2.60215547e+02,2.53450561e+02,-1.06931107e+03,-1.71849429e+02,3.90157037e+02,-3.32162919e+02,-3.30890967e+02,4.91605593e+02,3.99656560e+02,-3.11331600e+02,1.77477603e+02,-2.23064275e+02,3.16499880e+02,3.75638220e+01,1.38640898e+02,-7.85476490e+02,-4.39614485e+02,-7.04423312e+01,2.89350462e+00,-3.51539944e+02,9.67257264e+02,-1.98780870e+02,-3.03058366e+02,3.42792799e+02,-4.34838914e+02,-2.97652554e+02,2.77450301e+02,1.00561693e+02,1.16958322e+02,1.10087008e+02,-1.02491768e+02,1.73525717e+02,5.28468513e+02,-2.68179947e+02,1.57796706e+02,8.23833415e+02,3.02840951e+02,-7.76433324e+01,-1.73541066e+02,1.39482085e+03,-1.61264551e+02,3.21075389e+02,1.98752524e+02,3.10985852e+02,8.07688931e+02,4.52043908e+02,-2.78012602e+01,2.05757771e+02,4.29880368e+02,3.52125971e+02,-5.05165383e+02,8.47230299e+02,-7.55315841e+02,-1.59238530e+02,5.21314286e+02,7.70371998e+01,6.20509187e+01,2.84119497e+02,2.19591607e+02,3.23785623e+02,-5.78798268e+02,4.49028154e+01,-2.46975410e+02,-9.73509621e+01,-2.92822640e+01,-8.14875862e+01,-5.00746635e+01,7.42936811e+02,-7.58492750e+01,-2.51662244e+02,-2.03040934e+01,1.07173942e+02,-5.34760693e+02,-4.06530874e+02,-3.29864782e+02,-5.71565625e+02,-1.50486086e+02,-3.77812351e+02,1.75215285e+02,-1.01697608e+01,-9.71506064e+01,-7.78755247e+01,5.90671765e+01,-1.81695095e+02,6.05688222e+02,-7.45541024e+02,-1.44990343e+02,-1.42626040e+02,1.52224205e+02,1.67377010e+02,-4.20437466e+02,-1.65281487e+02,3.80278504e+02,-2.02745497e+02,1.42900578e+02,3.34393852e+02,-3.70567855e+01,1.02593854e+03,-1.85326132e+02,-2.93242549e+02,5.71522422e+01,-2.07012247e+02,4.82405648e+02,-3.29091709e+02,7.88070988e+01,5.65001288e+02,-1.19063736e+02,1.08889706e+03,1.16305762e+03,-5.96127868e+02,5.26432687e+02,1.53202285e+02,-4.84955320e+02,1.61035864e+02,3.29977214e+02,3.46580817e+02,2.19332990e+01,1.08445604e+02,6.45040493e+02,-2.09372653e+02,1.45417369e+02,6.88041103e+02,-3.38254168e+02,-1.36876101e+02,4.73657332e+02,2.44527786e+02,6.92686686e+02,2.33750638e+02,6.31826812e+01,2.38394973e+02,3.52931244e+02,-4.38273638e+02,3.18394518e+01,1.66514028e+02,1.10832248e+02,1.99104612e+02,-5.32004919e+02,3.11111965e+02,-4.03063991e+02,-2.86561415e+02,1.58898793e+02,-1.27358551e+02,4.98326366e+02,-2.18248207e+02,2.62935138e+02,2.95933830e+02,7.22337276e+02,5.01903143e+02,4.30426029e+02,-8.00130739e+01,-6.20966892e+01,-2.86418196e+02,6.95190813e+02,7.14084202e+02,3.38907696e+02,-2.09324425e+02,4.56131962e+02,-8.09100721e+01,1.91890253e+02,5.65349527e+02,6.31753813e+00,-7.14865865e+01,-2.25052201e+02,-4.82633106e+02,8.77913777e+02,4.09585325e+02,-5.09330131e+02,-1.41141532e+02,2.51606552e+02,-9.59651917e+01,5.64672308e+02,1.12892855e+02,7.21825035e+02,2.78714870e+02,-2.56750251e+02,2.23659384e+02,-3.95181407e+01,-2.87002964e+02,1.51961260e+02,1.70705420e+02,8.21546726e+02,7.22416959e+02,4.77844034e+02,6.31772809e+02,6.51066568e+01,-2.47737960e+02,1.41006800e+02,-3.02097987e+02,-4.58607428e+02,-5.24420381e+02,-2.48490396e+02,-9.75570180e+02,-2.82422821e+02,-7.72547491e+02,1.93093190e+02,-4.16654743e+02,3.72459586e+02,-8.65201416e+02,-2.92276576e+02,4.46480189e+02,2.03156300e+02,-7.79964988e+02,5.60174266e+02,-2.20405697e+02,4.72352223e+02,-2.34111023e+02,-7.13203923e+02,1.11991505e+02,-5.76229597e+02,-1.19833749e+02,2.68643915e+00,3.84618463e+02,1.13197270e+03,-4.11295851e+02,-3.18452922e+02,-4.34385951e+00,-1.24622220e+02,-7.33966443e+02,-5.04747872e+02,4.49153908e+02,-2.29027412e+02,1.53096622e+02,-4.40704424e+02,-1.34892592e+02,-3.64151835e+02,4.83390434e+02,1.39252678e+02,-2.03131780e+02,-1.21658320e+02,9.08443494e+01,-7.54240348e+01,3.92343508e+02,-2.27198197e+02,4.68910730e+01,3.09017786e+02,1.57556661e+02,-1.58665671e+02,1.39968212e+03,4.90184072e+02,3.25816255e+01,9.52271557e+01,-5.56584585e+02,2.80057741e+02,-6.77295911e+02,-2.34532074e+02,-4.97780096e+02,-1.72423846e+02,5.03180139e+02,-5.09808192e+02,1.65343591e+02,-2.49439987e+01,2.94118238e+01,-3.35773675e+02,-4.03566005e+02,-3.91273087e+00,-3.84993349e+02,-2.01389951e+02,-3.69355167e+02,-9.31307095e+01,-3.22907414e+02,-4.63560892e+02,2.03295710e+02,-1.56078845e+02,1.90922427e+02,9.15082992e+01,-6.64176095e+02,-4.94310543e+02,-3.61205786e+02,3.21818960e+02,-1.01638141e+01,-5.71402199e+02,5.24381857e+02,-3.60336357e+02,4.94659421e+02,-2.71571782e+02,-4.38754173e+02,2.40803133e+02,-6.13872632e+02,-3.48164733e+02,5.75698121e+02,1.63844868e+02,-3.64330341e+02,4.73008924e+02,-1.54419831e+02,-3.38984487e+02,-2.76303243e+02,-4.39525089e+02,2.14557055e+02,-8.19134073e+02,-7.50521438e+02,-8.63881549e+01,-2.72293978e+02,-4.98967005e+02,6.51934677e+02,1.19404325e+03,-2.96402658e+02,-2.89675338e+01,-5.69483626e+02,5.96492116e+02,1.67864129e+02,-1.75787255e+02,-3.48712802e+02,1.52024591e+02,-5.49659258e+02,-1.78858390e+02,-8.02235667e+02,3.14964400e+02,1.19612143e+02,3.47065931e+00,-6.26469066e+01,-3.09225638e+02,-8.09480746e+01,1.15378096e+03,-1.73319222e+02,-4.16522355e+02,-6.12463311e+02,1.17170599e+02,-3.24210421e+02,7.89355718e+01,2.63946923e+02,6.04356039e+01,2.56517692e+02,1.09690502e+02,5.39099812e+02,2.77991886e+02,-3.06028847e+02,3.83452658e+02,3.14355104e+02,1.01349217e+02,4.02199944e+02,-2.22483635e+02,6.56801207e+02,1.68522823e+02,-2.72533448e+02,-5.22136211e+01,-1.71741697e+02,2.15750606e+02,-2.38487929e+02,-2.80247784e+01,-9.73742927e+01,7.49204350e+02,4.84370927e+02,-6.10659769e+02,-3.79626865e+01,-4.87416193e+02,-1.57832800e+02,-2.05482344e+02,6.69259589e+01,-1.39589850e+01,-2.33954917e+02,1.14006957e+02,-6.27082376e+01,-9.48889673e+01,7.84084573e+02,1.63306137e+02,-7.32390624e+02,-3.99293671e+02,8.35142302e+02,2.46417457e+02,-7.75054083e+01,9.61667539e+02,-1.68018658e+02,-1.01783590e+02,-5.40614702e+01,1.21816291e+02,2.57398121e+02,3.70660766e+01,2.43424666e+02,-1.43197906e+02,-2.82229924e+02,-3.88878446e+02,-4.33106348e+02,4.04823077e+02,1.15552954e+02,3.41448322e+02,1.25273673e+02,7.99722514e+02,1.59163143e+02,-7.37908509e+02,-3.09483778e+02,8.88873176e+01,-2.51218368e+02,5.61124477e+02,-1.13622779e+02,1.65449658e+02,4.51666298e+02,-6.64915084e+02,1.34227185e+03,1.75307596e+02,2.16171643e+02,3.17343092e+02,7.22878047e+01,-7.59830675e+00,3.24755764e+02,-3.20027773e+02,7.38400961e+02,6.37539249e+02,-3.72648536e+02,1.35795970e+02,6.27870884e+02,-1.96209284e+02,1.44740554e+02,3.83961170e+02,3.85638765e+02,-7.06825252e+02,-1.23773589e+02,-3.15215100e+02,-2.81662208e+01,-3.86345879e+01,-2.22914596e+01,-1.47607355e+02,-2.65109911e+02,7.61431434e+01,9.17469284e+01,4.83144130e+02,-3.80000946e+02,3.50266730e+02,4.04702561e+02,-1.49533512e+02,7.96249044e+02,-6.16788415e+02,-9.49957750e+02,-5.98160200e+01,-7.43583584e+01,1.58384735e+00,7.10520648e+02,-6.51361179e+01,3.67768224e+02,4.33307236e+02,3.43308802e+02,-9.30640803e+01,5.70223469e+02,-1.43990246e+02,-2.93181303e+02,-4.15817627e+02,4.97408395e+01,3.46675022e+02,-4.52583899e+01,3.45107135e+02,-2.62830074e+01,5.75895668e+02,1.79393714e+02,7.99857597e+01,-4.92260394e+01,3.04690222e+02,3.42153828e+02,1.79389246e+02,-8.18764010e+00,-4.84110639e+02,2.70688945e+02,1.78136577e+02,3.32916207e+02,2.79663049e+02,3.20025524e+02,-5.48885031e+01,2.45097158e+02,-2.24208443e+02,-1.00362613e+01,-5.00866689e+02,-2.82642055e+02,3.53995501e+02,-8.16229038e+02,2.64231011e+02,1.52205829e+02,7.46844920e+02,-2.33693287e+02,2.75133326e+02,-1.06326215e+02,-4.35996999e+02,-6.49071920e+02,-7.42134093e+01,-7.92865262e+02,1.44270653e+02,-1.87308173e+02,2.71090664e+02,1.84561947e+02,-2.30363648e+02,-2.26643909e+02,3.49540950e+02,-5.37995969e+02,-1.09751455e+02,-1.85875705e+02,2.10602933e+02,-4.68188323e+01,5.15263149e+01,-1.92530735e+02,5.11279693e+02,-4.29692109e+02,8.66083523e+01,5.40084475e+02,-3.08177878e+02,1.68014847e+01,-3.40828509e+01,-6.17540445e+02,-4.17664498e+02,-7.10009445e+01,2.37938632e+02,2.89675373e+02,4.44609374e+01,-7.27097435e+01,1.96931297e+02,-4.05375718e+02,2.08504317e+00,-4.54299400e+02,-2.47890576e+02,4.24342914e+02,-2.65107331e+02,5.78321568e+02,-1.91369843e+02,3.17192795e+02,2.29760717e+02,-5.60443062e+02,-2.56872981e+02,7.72853887e+01,-3.57811849e+02,-3.16622106e+02,-7.80267498e+02,-5.01650559e+02,-4.69879454e+02,-3.87720702e+02,1.96035262e+01,1.21149293e+02,1.13478980e+01,1.88603680e+02,-5.13165007e+02,1.29161567e+02,1.88629033e+02,-5.99317003e+02,-5.79248525e+02,-3.68845648e+02,-2.10236188e+02,1.75028493e+02,7.41543417e+00,-4.00009450e+02,3.19685529e+02,-1.80188636e+02,4.51400976e+02,-8.02886892e+02,5.43287864e+02,-3.44699065e+01,-3.31304133e+02,-2.35772741e+02,2.85342037e+01,3.83314560e+02,-6.77152533e+02,-1.26608386e+02,-1.83259314e+02,4.39984393e+02,7.55062381e+02,-8.74260524e+02,8.41370091e+02,4.09997930e+02,-6.72384778e+02,-3.16871324e+02,6.86178209e+02,5.44044217e+02,-1.61582654e+02,-3.40478909e+01,9.51815052e+01,6.38113830e+02,-4.76129341e+02,1.46212396e+02,-6.75457475e+01,2.74598163e+02,-6.64974479e+02,-6.69736436e+01,-3.01891185e+02,4.25850835e+02,3.84208245e+02,-7.72053657e+02,-4.45740546e+02,-2.04888422e+02,-3.49686904e+02,-1.30997148e+02,-2.07693958e+02,3.86405051e+02,3.74826040e+02,-5.24263864e+01,-4.13374499e+02,-7.52846849e+02,3.93080833e+02,-4.56702250e+02,-2.83857365e+02,4.42839546e+01,-3.10210765e+02,-3.75002023e+02,-2.33235441e+02,-3.80787934e+02,-2.41604637e+02,-4.57923050e+02,5.23904539e+02,5.80887214e+02,-3.17348823e+01,-2.15543911e+02,-1.33443724e+01,3.83074749e+02,-7.93741319e+02,-1.87653496e+02,4.51776661e+02,6.05003326e+02,-1.65441133e+02,1.02054412e+02,4.91795530e+02,1.41067652e+02,-5.92758746e+01,-3.97333933e+02,2.02952421e+02,-3.23062238e+02,-1.42969566e+02,-1.74120328e+02,-1.68290666e+02,1.80075165e+02,7.04993520e+02,4.83463969e+00,3.71872616e+01,-8.17060206e+02,-1.56828174e+02,-3.41378612e+02,4.09668496e+01,-3.80733670e+02,7.10030731e+02,7.35558999e+02,1.33995638e+02,-1.36136974e+02,1.31412377e+02,2.29061835e+02,-4.30658246e+02,-6.95667361e+01,1.25993316e+02,1.25965570e+02,5.10466270e+02,4.05778215e+02,-1.88047428e+02,2.56044462e+02,-8.72112761e+02,-3.81671416e+01,7.71128391e+02,8.96042577e+01,-6.26312165e+00,2.98267955e+02,-2.60787510e+02,8.38134252e+02,-1.12517800e+02,7.67323793e+02,3.35406613e+02,-3.48108543e+02,2.77180741e+02,-2.78738815e+02,-6.21727681e+02,-3.79070340e+01,-5.11627025e+02,-4.82573067e+02,-4.75045500e+01,2.91214695e+02,-5.32411033e+01,-3.04763893e+02,6.85507316e+01,-6.57178151e+02,-8.21948909e+01,-7.51009140e+02,4.72635973e+02,-1.28168383e+01,-4.62646011e+02,-1.72640233e+02,1.57708132e+02,-2.91672810e+02,-4.26080183e+02,8.14510022e+02,-2.04021545e+02,-4.01790139e+02,2.29324124e+02,-1.09108058e+02,4.64732055e+02,-1.39128744e+01,7.82393707e+01,9.24282770e+02,-1.61215619e+02,-3.17317455e+02,-3.39146942e+02,-4.82223682e+02,-3.00200075e+02,2.57286493e+02,1.91713049e+02,1.94443736e+02,6.79364978e+02,2.12837019e+01,1.52983021e+02,-6.00499896e+02,2.17465418e+01,-2.11547942e+02,-2.42815458e+02,1.54746973e+01,3.17910915e+02,3.47779670e+02,6.52636448e+00,8.50670078e+01,2.68155663e+02,3.40096083e+02,-2.17850912e+02,-1.18311217e+02,1.53602589e+01,-2.13343397e+02,-7.10796978e+01,-2.47478008e+02,6.87559726e+02,5.89626368e+02,-1.17320459e+02,1.10408059e+02,-2.27048877e+01,-2.16488853e+02,3.03883784e+02,-8.07981814e+01,3.53132645e+02,-4.88337655e+02,1.71879351e+02,-1.00265737e+02,-4.96576159e+02,-2.30256297e+02,2.48446642e+02,-7.82129757e+02,3.82986191e+02,4.47487572e+02,-6.57090815e+01,-4.73601406e+01,-2.96075268e+01,2.21943133e+02,-3.00181181e+02,3.30409963e+02,2.58829864e+02,-9.49576757e+02,-3.01497003e+02,2.06609946e+02,-8.42402995e+01,3.49656269e+02,-5.59472408e+02,-6.53796312e+00,-3.78204695e+02,-1.12567933e+03,6.84348133e+02,-5.40955221e+02,-5.26381836e+02,8.06019574e+01,1.16493191e+03,1.90282542e+00,-1.98199947e+02,-1.87395174e+01,-6.32590778e+01,-8.06012271e+02,-5.61661622e+02,7.10667968e+02,-4.88490422e+01,-3.60246173e+02,4.59461212e+02,-3.13958945e+02,3.58392321e+02,4.94797879e+02,-5.58985941e+02,-2.34160518e+02,-3.13141326e+02,-1.35834766e+02,-1.76373981e+02,-6.28343915e+01,1.26184832e+02,-3.05879807e+02,2.69930087e+02,5.43817773e+02,-1.45296306e+02,-1.62080734e+02,1.25284088e+02,5.20776895e+02,4.44256325e+02,3.34822773e+01,-1.68414524e+01,-4.94565095e+01,-4.62945928e+02,3.44309746e+02,-2.18677485e+02,1.79670943e+02,-1.43528087e+02,2.64524782e+02,1.59387387e+02,-7.17429993e+02,-2.53331200e+02,-7.18330147e+02,-2.96288048e+02,6.72822595e+01,-1.56653536e+02,2.73346610e+02,-2.63122669e+02,1.78104920e+01,9.49486562e+01,6.77921416e+02,3.41523673e+02,-2.45605213e+02,1.76343074e+01,1.01809002e+02,3.62811242e+02,-5.51055486e+00,4.62216455e+02,2.22553883e+02,8.11039368e+02,2.41970282e+01,6.22138301e+02,-2.37585290e+02,-3.51135493e+02,7.44739191e+01,6.67956917e+01,2.75708617e+02,-6.04549017e+01,-1.43898426e+02,2.35500364e+02,-4.17711772e+02,-4.72735767e+02,6.98795324e+02,-5.46538597e+01,-3.89079100e+02,-6.00579357e+00,-1.28136044e+02,3.19383801e+02,3.01872430e+02,-1.79142521e+02,9.50609719e+00,-2.46951318e+02,-2.97126908e+02,-2.59280698e+02,-8.70863623e+02,-3.08409453e+01,-5.89391059e+02,-5.02155630e+02,-3.60217211e+02,1.59707500e+02,-3.44115503e+02,1.98266610e+02,-5.16088991e+02,9.24330801e+00,-3.70596119e+02,6.77806458e+01,1.05821191e+02,2.65565098e+02,-1.80060082e+02,-1.35765568e+02,2.38259187e+02,5.48223624e+02,2.95951147e+02,7.09708476e+01,-6.23153933e+02,-1.26110329e+02,-2.81121266e+02,-5.53550866e+02,3.78033608e+02,-3.15009311e+02,-4.03705903e+01,-2.09975591e+02,-9.22488994e+02,4.55939578e+02,-1.51571459e+02,3.75163063e+02,-6.34055625e+02,5.96915359e+02,3.91049897e+01,-2.83093962e+02,4.33884660e+01,-2.13161757e+02,-6.22693867e+02,1.29990880e+02,2.56700855e+02,2.90029078e+01,-3.28935193e+02,-1.19012807e+02,1.48597341e+02,2.67440902e+02,5.83778666e+02,2.31420936e+02,-2.13485489e+02,8.05168784e+02,2.61388551e+02,3.57071018e+02,-1.54274175e+02,2.43111750e+02,1.58195200e+02,-5.62341009e+02,-1.72311676e+02,-3.58474276e+02,-2.86427600e+02,-9.46744581e+01,-1.57930501e+02,-3.39244091e+02,-1.03395578e+03,-2.76389857e+02,1.40353016e+02,8.96765089e+01,8.59345805e+01,4.49512013e+02,1.66924378e+02,2.91839942e+02,-3.84761710e+02,4.20228031e+02,-4.45729257e+02,-6.94997752e+02,1.73754940e+02,-3.66895808e+02,-3.81040937e+02,-1.43584814e+03,-1.07941207e+02,7.28548461e+02,4.23886273e+02,-9.35198378e+01,-1.07217415e+02,2.71237803e+02,6.18097872e+02,-3.68322959e+02,-8.76288739e+01,-2.89529596e+02,-3.26975354e+02,-3.09500057e+02,1.43759729e+02,6.53109422e+02,-5.98430869e+02,-4.82608654e+02,2.22240002e+01,-7.91340766e+01,-1.30299097e+02,-8.46946976e+02,5.15682666e+02,2.28709642e+02,8.03647418e+01,4.42420980e+02,-2.76764445e+02,2.71053828e+02,2.46451109e+02,4.81226026e+01,-4.33638035e+01,1.11572839e+02,-1.46387838e+02,4.28258336e+02,-3.96400497e+02,3.82734117e+02,8.48389438e+01,1.02695644e+02,2.14666042e+02,-7.82429041e+02,5.87471815e+01,-5.83468811e+02,-4.59758548e+02,-4.46590439e+02,-4.10991201e+02,1.30124371e+01,1.19494382e+02,4.39501571e+02,8.79749490e+01,1.25425472e+02,-6.47557976e+02,-2.28498520e+02,3.00238279e+02,1.30209004e+01,1.61032630e+01,-7.46582862e+01,3.33401895e+02,-8.30389897e+02,9.62749302e+01,2.15932513e+02,4.12444921e+02,3.52885423e+02,-5.16974617e+02,7.11650606e+01,3.89678300e+01,4.02006527e+01,1.78194040e+01,-1.77350785e+02,-2.87859299e+02,1.44088181e+02,5.69265529e+02,-8.07970619e+01,8.76585119e+01,1.60198334e+02,-2.26413016e+02,-2.24579673e+02,-1.05247069e+03,-3.49438123e+02,-4.61569911e+02,-6.94343350e+01,-5.77945493e+02,6.83843809e+02,-2.69356821e+02,-4.80694315e+02,-1.42430466e+03,5.96735403e+02,1.24397640e+02,-1.25244760e+01,-5.58911291e+02,9.40664806e+01,-1.57409591e+02,-2.96486490e+02,1.04994336e+02,2.91703533e+02,7.16468207e+01,-1.56739453e+02,-2.88951108e+01,7.59825755e+00,1.74118891e+02,-5.54899524e+02,6.35771719e+02,-3.80774000e+02,-2.46442582e+02,-3.82351226e+02,-8.83962731e+02,8.53598816e+01,-4.36159422e+02,-2.00518270e+02,3.09805934e+02,-2.18636459e+02,3.18169620e+00,-8.96671268e+01,-2.33027478e+02,1.46273093e+01,4.82013265e+02,-4.72858315e+02,8.37096215e+02,-1.80412278e+02,3.09604412e+02,-7.13327879e+01,1.34715995e+02,-1.07161625e+02,4.26008800e+02,5.68345757e+02,1.80443727e+02,4.95747319e+02,-3.52275881e+02,-3.01166313e+01,-2.07460108e+02,6.18083518e+02,5.23066334e+02,4.00573851e+02,-1.35185943e+02,-2.73209871e+02,2.43696497e+02,-2.35393590e+02,-1.25194169e+02,-6.60356135e+01,-2.37461792e+02,4.65686375e+02,-5.35245500e+01,3.57444994e+02,1.29189696e+02,1.55308682e+02,-3.10175752e+02,2.92950531e+02,-1.64327508e+02,-1.17227158e+02,-2.70812649e+01,-4.61936247e+02,6.97902970e+02,-2.56188974e+02,-3.65822492e+01,1.80337890e+02,1.56572458e+02,6.43930013e+02,-1.50492867e+02,6.96306008e+02,6.31057320e+02,-8.81011685e+02,7.89869794e+01,-1.85217128e+02,1.30972133e+02,7.77640146e+01,1.58857202e+02,5.48530888e+02,8.39920167e+02,-7.10996233e+02,6.95948671e+02,-8.38121310e+02,-6.98811583e+02,-1.11176100e+02,-9.42454102e+00,6.38071238e+02,3.51275510e+02,-1.66397178e+02,-8.39298811e+02,6.37595091e+02,-4.08173455e+02,-9.64328946e+00,-4.62338119e+01,1.12612719e+03,-2.56066311e+02,-9.55798988e+02,2.80039487e+02,-1.46676488e+03,1.01900842e+02,-3.24112939e+02,-1.64150598e+02,-2.47800135e+02,-5.31796263e+02,3.71363368e+02,-3.27889321e+02,-8.30898458e+01,-7.10380104e+02,-6.01923478e+01,-4.34864014e+02,-6.76442889e+02,-1.10926347e+03,9.28080792e+01,-2.92906243e+02,-6.58063601e+00,-1.22109761e+02,-7.19692698e+02,-5.72990593e+02,-4.80489662e+02,-4.83755260e+02,4.96746020e+02,8.47855595e+01,-4.33657270e+02,-1.68099227e+02,-2.04204996e+02,3.37569578e+02,-3.01900996e+02,-1.11261645e+02,-2.05754619e+02,-3.26441768e+02,-3.40102243e+02,3.48083497e+02,-1.57600233e+02,-8.24667535e+02,7.00136561e+02,4.26753504e+02,5.57213873e+01,-6.59688062e+02,-6.84633022e+02,9.76683782e+01,1.32868202e+01,-2.71175718e+02,-4.40120269e+02,3.22125651e+02,-7.11602650e+01,2.47466194e+02,4.47618717e+02,3.05955780e+02,3.17250183e+02,2.30651943e+02,-1.84707006e+02,-1.13975574e+02,-1.98255518e+02,-3.17085587e+02,-4.15204546e+02,-5.86662619e+02,-3.54213435e+02,-7.37764406e+01,-7.23083879e+02,-7.92658533e+01,2.95175449e+02,-6.49006888e+02,2.27869984e+02,1.97850473e+02,-6.37766928e+02,-5.14967637e+02,-1.42574200e+02,1.90654036e+02,-3.60226376e+02,6.36385926e+02,5.69846876e+02,-6.81188755e+02,4.58083775e+02,3.21336651e+02,7.02544128e+01,2.27957169e+02,-3.86150730e+02,-1.29277375e+02,4.86726030e+01,1.60610383e+02,4.09403258e+02,-4.59801929e+02,-3.95625487e+01,1.60839416e+02,-1.26208804e+01,-2.39991592e+02,1.79049454e+02,-2.41599744e+02,-1.81800888e+02,3.39813175e+01,-5.43726622e+02,3.17209441e+01,-2.11120543e+02,-1.13703981e+02,7.64415679e+00,-5.12899565e+02,5.09717524e+02,-2.42201599e+02,-1.16912291e+03,-7.66268549e+02,3.52567307e+02,-3.21633866e+02,-1.54838179e+02,-2.62695000e+02,-1.51113317e+02,-9.03498374e+02,-9.91908533e+01,-5.78280765e+02,-3.00924804e+02,2.31542394e+02,6.72350332e+02,-2.19293935e+00,-2.72255337e+01,5.26595424e+02,-4.58269544e+02,3.23495425e+02,8.32196585e+01,-3.78054665e+02,-1.64203964e+02,2.20374283e+02,1.63569425e+01,9.06386944e+01,1.04074069e+02,-2.12690620e+02,-2.52333829e+02,-4.76078947e+02,4.51214687e+02,-5.74013558e+02,-4.22631328e+02,8.79610488e+01,-8.06193651e+02,1.74705672e+02,5.64185847e+02,-4.42310440e+01,6.51473479e+01,-2.25720054e+02,-1.84820889e+02,9.23531378e+01,3.38166952e+02,-3.64373609e+02,2.77469800e+02,-1.00707255e+02,-3.53588088e+01,2.42473483e+02,1.71662345e+02,-8.13193594e+01,-4.33809372e+00,2.16849843e+02,2.53651342e+02,-6.47903623e+02,5.89172167e+01,4.86775680e+02,-8.76276064e+02,2.93067049e+02,-1.07630583e+03,-8.31295371e+01,-1.34575166e+02,-7.63932236e+01,-8.16432776e+01,-2.33593551e+02,-3.41163450e+01,1.48458138e+02,-2.17845597e+02,1.26347497e+02,7.84085979e+02,-5.78881762e+02,-2.40957254e+02,3.30721676e+02,2.22941309e+02,3.73058386e+02,1.47612995e+02,2.53979536e+02,-1.67234615e+02,-4.41282802e+02,-3.83620483e+02,-1.88677416e+02,6.53475068e+00,-3.78572856e+02,-1.36564165e+02,6.04331064e+01,2.08789024e+02,-8.97852997e+01,5.07860242e+02,-4.59883036e+02,-4.75888615e+01,-2.60018351e+01,2.51830096e+02,-3.68974526e+02,-2.31374602e+02,2.44798089e+02,4.50739510e+02,6.30305943e+02,3.16417910e+02,3.72978171e+02,-2.67306209e+02,5.64670748e+02,6.06056327e+02,-5.70663687e+01,3.53885332e+02,3.43148580e+02,-2.27617911e+02,1.68126947e+01,5.53974898e+02,-2.49609128e+02,-1.11261540e+02,-5.46885430e+02,2.41781683e+02,-6.96555841e+01,1.59473729e+02,8.47119824e+01,-3.75185356e+02,4.14493978e+02,3.66627306e+02,-2.15631638e+02,1.64953867e+02,-5.18308838e+02,-4.66988486e+02,2.11040419e+02,-6.21539271e+02,-2.45143400e+02,8.48548676e+01,7.29565143e+02,-2.18681493e+02,-9.45796442e+01,-1.32480332e+02,1.03375282e+03,1.29080045e+02,-3.90386647e+02,6.16953763e+02,5.67238179e+02,2.71330155e+02,6.59333124e+02,7.29142209e+02,-9.37362365e+01,-2.70030414e+02,-2.91351645e+02,2.41721222e+02,3.41190271e+02,-4.45062293e+01,-1.86493081e+02,-5.53707458e+02,-2.69597987e+02,-3.99314901e+02,2.66423983e+02,1.36289977e+02,5.62026682e+02,5.26969923e+01,-2.26918627e+02,-7.12472451e+01,3.60619284e+02,1.18361876e+02,4.61003556e+02,5.17403645e+02,-1.24001210e+02,-8.04226681e+01,-8.69794865e+02,4.79359734e+02,-4.84334915e+01,4.54558564e+02,-1.66539952e+02,-5.25842766e+02,1.77914181e+02,6.22854569e+02,-2.20638110e+02,6.14108475e+02,-6.49498841e+02,-2.03022139e+02,-7.05233645e+02,1.98193343e+02,1.03387369e+02,8.34832111e+00,-5.38868345e+02,7.89398446e+02,4.73249097e+02,7.38861694e+01,-4.12650910e+02,1.96013101e+02,-2.43729346e+02,-7.98039644e+01,-1.96352911e+02,1.86549996e+02,-9.15450770e+01,-1.82619790e+02,1.72550610e+02,2.35191779e+02,-7.65482349e+02,1.75636389e+02,6.01414941e+02,3.76581280e+02,-1.18640058e+02,3.01147921e+01,-3.21529956e+02,5.28092830e+02,1.56051295e+02,-6.00959113e+01,-6.19357681e+01,9.76614346e+02,6.49615483e+00,2.76114449e+02,6.48394861e+02,8.74101243e+02,5.71019394e+02,3.79988371e+02,-5.68516318e+02,-3.89028819e+02,3.09558523e+02,1.45580353e+01,2.89374657e+02,1.64505267e+02,5.27321126e+02,-6.94129464e+02,-4.39363236e+02,-5.84082632e+01,-7.74236796e+02,1.74344237e+02,3.53038315e+02,1.24102344e+02,-2.03617718e+02,2.11733012e+02,1.27204714e+03,2.32559084e+02,1.36213854e+02,-4.38632636e+02,-5.90818702e+02,-1.40435456e+02,2.77304910e+02,-4.68729131e+01,1.87699234e+02,3.14651042e+02,-5.37176862e+02,2.21889327e+02,4.66926221e+02,5.23931041e+02,-5.14535020e+01,1.03348334e+01,-8.24015535e+01,-4.50029079e+02,-5.98622075e+02,7.45084760e+02,-6.11162267e+01,-5.28657913e+02,2.08536969e+01,-2.05974297e+02,8.16523959e+02,-2.12865184e+02,-3.09778919e+02,2.81059597e+02,-1.30354981e+02,3.87914199e+02,-4.82054308e+01,8.99053850e+02,4.50525523e+02,-9.08713455e+00,-3.22890888e+02,2.22104960e+02,-4.95831858e+02,-1.02939311e+02,5.45100917e+02,-2.50600708e+02,-4.20956849e+02,-1.99022065e+02,4.64993901e+02,1.29673981e+02,-7.43346466e+02,2.74822595e+02,1.32403677e+02,6.25790545e+01,-4.57110722e+02,1.62304957e+01,3.13402264e+02,4.56162962e+02,5.72690872e+02,2.34688888e+02,3.74900840e+01,-4.55153155e+02,-4.27252824e+02,-6.64277195e+02,-8.25380617e+01,2.83273729e+02,-2.18102253e+01,4.79899977e+02,-2.83898855e+02,1.64351943e+02,-1.09169614e+02,-2.65410150e+02,5.28730661e+02,6.74738019e+01,5.49092488e+02,2.72203628e+01,2.22549983e+02,-1.77058486e+02,5.59160950e+02,-1.07682563e+02,-4.03703467e+00,-7.00181779e+02,-9.62324250e+01,6.50529664e+02,5.96564853e+02,2.35375020e+02,-1.34847322e+02,3.40497370e+01,-1.59368772e+02,-5.32826891e+01,8.05071052e+02,1.70915561e+01,-2.12646892e+02,-9.87923997e+02,-4.84109280e+02,-3.36501836e+02,-5.99679408e+02,-5.03700205e+02,-6.36393950e+02,-4.14969488e+02,-3.39252028e+02,-4.29389595e+02,4.26461420e+02,-2.26995220e+02,-8.66989360e+02,3.58430120e+02,-2.59242024e+02,-7.34390222e+02,8.69983753e+02,-2.15687731e+02,1.76417489e+02,3.65333097e+02,1.02113120e+01,2.33200219e+02,7.94003922e+00,-1.21924457e+01,-1.21927761e+02,-6.48595933e+02,9.56154030e+01,-1.16549107e+03,5.86008375e+02,-3.92036002e+02,-1.25836823e+02,-1.59878082e+02,9.51840449e+01,-1.69072692e+02,2.57738424e+02,-4.83522664e+02,3.38996040e+02,3.50306464e+02,1.38654729e+02,8.76300466e+01,1.78512663e+02,6.68487233e+01,2.71933446e+02,-8.34852487e+01,-5.62950620e+02,8.74227341e+01,-2.08214072e+02,-3.93794878e+01,4.47659442e+02,-7.26869910e+02,8.30713168e+00,1.21532520e+01,7.78417272e+01,2.97175525e+02,-1.23387053e+02,7.54472690e+02,4.31597601e+02,-1.57016571e+02,-9.52787016e+01,1.82146622e+01,6.99198362e+02,-4.98847036e+02,-9.33512608e+02,2.59172987e+02,-1.08342826e+02,-1.13612028e+02,1.51049207e+02,7.01539058e+02,4.26457249e+02,-1.57202660e+02,-4.53723819e+02,-5.58465956e+01,2.63785799e+02,-1.18838061e+02,-6.67786230e+02,-2.68877376e+01,-8.34488137e+02,-4.38210001e+02,7.15374553e+02,-4.59356842e+02,-5.97602986e+02,-4.66989820e+02,-3.18379970e+02,2.99801642e+02,7.40336808e+02,-4.61365141e+01,2.47457600e+02,-1.61457804e+02,-6.25660174e+02,4.21588130e+02,-4.10029414e+02,2.54924938e+02,3.23907104e+02,-6.89691149e+01,3.69807092e+02,3.92565141e+02,9.67578598e+02,-1.32882031e+02,-4.16307308e+02,-5.73290033e+02,-1.36195236e+02,-2.35749841e+02,9.10591486e+02,-3.98240373e+02,9.15156245e+01,6.59367336e+01,-2.33709216e+02,-7.29426751e+02,-5.84938443e+01,8.78731196e+02,1.00708641e+02,6.41224671e+01,-4.82030153e+02,-5.43123671e+02,-8.93721980e+01,4.34989581e+02,-2.01982593e+02,9.56455226e+02,-3.94291980e+02,1.52626776e+02,-1.85915880e+02,-6.14929734e+02,2.87110616e+01,-4.61253647e+02,-6.69811549e+02,7.40596296e+01,2.12394087e+01,4.64073447e+02,1.89826131e+02,-3.04367025e+02,2.03890206e+02,-7.42784871e+02,-4.74803290e+02,8.16347177e+02,1.15436134e+02,-1.26145826e+02,-2.89189307e+02,-4.01260786e+01,-7.07601316e+01,7.65622913e+02,3.68164038e+02,-1.31146145e+02,-6.27924434e+01,-3.62535694e+02,-1.81740392e+02,-6.04371934e+02,4.31258124e+02,6.64112170e+01,1.23328855e+02,1.37076336e+02,-5.05747228e+01,-1.65476232e+02,-4.21295271e+00,-9.57022260e+02,-1.70409728e+02,-7.27154700e+01,-8.19381049e+01,4.93501185e+02,5.68596969e+02,1.45807116e+02,-8.61441935e+02,5.76640591e+02,-1.81507844e+02,-3.47164725e+02,-7.85947188e+02,-2.93668767e+02,5.30652559e+02,2.46614348e+02,6.47418466e+01,2.77153716e+02,-5.23695128e+02,-4.00713786e+02,4.98832586e+02,3.45087961e+02,4.64868773e+02,-1.29144442e+00,6.28518461e+01,4.98394860e+02,8.90072078e+02,-2.21797810e+02,3.40181418e+02,-1.52624691e+02,-3.78188754e+02,-3.07808942e+02,-2.75799271e+02,-1.34343069e+02,-4.59874406e+02,-2.10188425e+02,-1.25392471e+03,3.06378917e+02,1.78224040e+02,-3.28544200e+01,-3.72370372e+02,-2.00970630e+02,-4.86016310e+02,1.04728094e+02,7.41133316e+02,-1.86542355e+02,-1.48552476e+02,1.97172737e+02,-4.36629594e+02,7.82484355e+02,1.49316098e+02,1.64666138e+02,4.65411574e+02,1.47133103e+01,5.06537732e+02,1.48384775e+02,-7.64489995e+01,8.56518039e+01,-2.08847698e+01,6.27361594e+02,8.10410754e+01,1.34193464e+02,-8.12734390e+01,1.18693703e+02,-8.33915849e+02,-3.34443594e+02,-4.16476957e+02,4.62565536e+02,-2.65179819e+02,-5.78769624e+02,5.29510985e+02,-1.09148155e+02,3.93883229e+02,-8.23429049e+02,2.21577301e+02,6.86272535e+01,5.31199783e+01,-8.08587830e+01,-5.90601215e+01,4.43917819e+02,-1.08347610e+00,-4.45831017e+02,-1.45749432e+02,2.27461743e+02,-1.05280593e+03,-8.36723132e+02,1.40887321e+01,1.01816847e+02,-3.92706278e+02,-3.67684757e+01,9.77777138e+02,2.96817048e+02,-5.05744455e+02,8.45256838e+01,-8.13595170e+01,9.37734756e+01,-3.09107671e+02,1.68430392e+02,2.54754978e+02,-6.10579104e+01,1.01462315e+03,-9.54486446e+01,-2.89765776e+02,1.74327653e+02,3.73957986e+02,-3.19161461e+02,-2.60322336e+01,8.65358982e+02,-2.14299465e+01,5.30059891e+02,1.29329624e+02,-8.66804333e+01,-2.35638676e+02,5.12234340e+02,-4.96844032e+02,-1.93015020e+01,-1.36915166e+02,-3.80893504e+02,1.49971109e+02,2.14469652e+02,7.84622669e+01,-1.46796220e+01,-3.49679914e+02,1.67189955e+02,-1.64800804e+01,-2.25638455e+02,-1.95003438e+02,1.77874139e+02,-4.38995614e+01,-3.30687580e+02,-9.60829625e+02,8.16500107e+01,2.09575566e+02,-4.20860939e+02,-2.03641495e+02,7.43905926e+02,6.64219812e+01,3.19957421e+02,5.92443636e+01,3.32963326e+02,4.55796640e+01,-3.56203114e+02,-3.55261639e+01,7.45353914e+01,2.51852114e+02,7.23664462e+02,4.44663994e+02,1.86189154e+01,1.52806462e+02,5.45125903e+02,2.36659136e+02,-6.56152161e+02,-2.42156964e+02,1.21857919e+02,7.71835276e+01,2.38473588e+02,-4.75063355e+02,1.12418222e+02,3.62299902e+02,4.46321707e+02,-4.04259684e+02,-4.58788072e+01,-2.12185535e+01,-1.24732488e+02,-2.99542607e+02,-1.77304053e+02,-3.05100675e+01,7.26304320e+01,3.73744665e+02,-2.81295331e+02,7.23591034e+02,3.20952444e+02,2.27322154e+02,3.01387261e+02,2.74208862e+02,2.96637135e+02,4.88832726e+02,-4.00339738e+02,5.71199433e+02,-1.00660667e+03,2.81197854e+02,-9.81465384e+02,7.60612398e+02,6.57841906e+02,-1.04184355e+02,-4.44011310e+02,-3.82004874e+02,-5.20832022e+02,-5.61341252e+02,5.18121523e+02,3.88166820e+02,2.18614212e+02,2.87388864e+02,3.67799562e+02,-3.48026525e+02,-1.81000876e+02,5.17965540e+02,-1.12015455e+02,4.77908897e+02,6.61604016e+02,-3.87555732e+01,-6.51618753e+02,1.26383610e+01,-1.09426083e+01,-8.89145855e+01,7.37813114e+00,-6.06035216e+02,-1.65491501e+02,5.53258263e+01,8.07553164e+01,4.38066923e+02,-3.62140125e+02,5.52644564e+02,-3.65862277e+02,2.01653562e+02,3.52765373e+02]
gas_BEE = [-1.03725684e+01,-2.58139803e-01,-2.27236142e+00,7.26251985e+00,-3.60249095e+00,-2.83723754e+00,-7.23629709e+00,-1.56662065e+01,-6.44230261e+00,-6.98753413e+00,-5.72157723e+00,4.63735160e-01,3.55091661e-01,1.31770523e-01,5.62237446e-01,7.77616762e+00,-3.60531062e+00,-2.46590499e+00,3.61455026e+00,-1.84041784e+01,9.06774293e+00,-3.69649891e+00,-1.03085858e+00,-1.70838621e+00,-1.73118796e-01,-1.07775103e+00,1.48644810e+01,-2.98138037e+00,-1.42624605e+00,-8.88885349e+00,1.24236011e+01,-1.64044382e+00,-6.80545971e+00,3.37504355e+00,-4.90011465e-01,3.96673405e+00,-2.18626666e-01,5.58830500e-01,5.47047466e+00,-1.70046809e+01,9.24479809e+00,1.85604368e+00,-1.27864850e+00,-5.17014169e+00,2.03289647e+00,-2.50801098e+00,7.91950137e+00,5.97647220e+00,-3.99040148e+00,-5.06269669e+00,-5.00222511e+00,-6.02954623e+00,3.11964272e+00,-8.60735656e+00,2.34832315e+00,9.95340114e+00,1.15775723e+01,5.54218941e+00,2.96398516e+00,4.92983247e+00,1.50875079e+01,3.39677284e+00,-9.23358888e+00,-2.04778242e+00,-4.68904180e+00,1.04142668e+01,-1.26235606e+01,-1.01888155e+01,-5.03396646e+00,-2.12689528e+00,-7.02388862e+00,4.59386704e+00,2.20644965e+00,2.20471737e+00,-6.47745467e+00,-5.82114968e+00,-9.27795880e+00,5.91325137e+00,-5.29173652e+00,4.91279665e+00,-1.15163441e+00,-5.13490159e+00,-9.01458040e+00,-2.62512300e+00,-2.50818853e+00,-2.54923847e+00,6.61713449e+00,1.20836574e+01,-7.01291859e+00,-1.32437509e+01,-3.23389690e+00,1.84271956e+01,-9.31781616e+00,5.33110227e+00,-1.54577994e+00,-1.04349857e+01,4.62789664e+00,5.61384814e+00,-2.46837322e+00,5.23149785e+00,-4.60948958e+00,-9.15188810e+00,1.58328080e+01,7.41796893e+00,4.31011196e+00,1.93736848e+00,3.15442296e+00,1.37181526e+01,-4.47914970e+00,5.90494637e-01,-2.33311476e+01,3.38332330e+00,-1.13275046e+01,2.13847881e+00,3.46086333e+00,-5.70385361e+00,-8.73078628e+00,7.87393843e-01,-5.03872224e+00,6.60445614e+00,-7.60110434e+00,-8.81493769e-01,-6.28545704e+00,-4.20433934e-01,2.29532546e-01,3.12375807e+00,8.31343613e-02,-1.21055430e+00,1.04896100e+01,1.51519761e+01,8.06297623e+00,1.19474681e+01,-2.32073945e+00,1.55295032e+00,8.68003237e+00,-2.00398451e-01,-1.25124330e+01,-6.95847256e+00,-8.20439910e+00,-4.91615219e+00,4.45312232e+00,-1.98618464e+01,-2.25266207e+00,7.25824643e+00,-6.81611133e+00,-5.43673185e+00,8.91825500e+00,7.92825805e+00,-5.00972275e+00,4.21814935e+00,-4.23399033e+00,6.26036883e+00,1.29433548e+00,2.41248926e+00,-1.40044734e+01,-8.04091203e+00,-1.59925781e+00,-4.03539352e-01,-6.66716353e+00,1.81247478e+01,-2.46942898e+00,-5.05248598e+00,6.69393792e+00,-7.69216544e+00,-5.98851468e+00,5.13646814e+00,1.78883786e+00,1.72480453e+00,2.14320181e+00,-1.87486988e+00,2.30058456e+00,9.78209843e+00,-4.85354596e+00,3.29683311e+00,1.49124872e+01,5.21465058e+00,-7.18393870e-01,-3.07209951e+00,2.53337076e+01,-3.65283300e+00,6.36098611e+00,4.47901543e+00,5.24638073e+00,1.54250973e+01,7.95057230e+00,-7.29050150e-01,3.74966129e+00,8.36863570e+00,6.25431687e+00,-9.70878854e+00,1.56215227e+01,-1.43407934e+01,-2.42118502e+00,9.46598941e+00,1.82748617e+00,7.28969680e-01,5.08391231e+00,3.22305547e+00,5.46955489e+00,-1.03582379e+01,6.14564665e-01,-4.09357439e+00,-1.06770234e+00,-1.86941032e-01,-1.83916820e+00,-9.39562402e-01,1.39852004e+01,-9.32982487e-01,-4.90298467e+00,-4.23056136e-01,2.27528291e+00,-1.01870053e+01,-8.04841251e+00,-5.68624593e+00,-1.03625575e+01,-2.97145561e+00,-6.86022872e+00,2.95775012e+00,-8.33050148e-02,-2.00099761e+00,-1.43788244e+00,1.07795412e+00,-3.37601649e+00,1.07492802e+01,-1.40306869e+01,-2.04853804e+00,-2.63732411e+00,2.82941369e+00,3.16362828e+00,-8.21986716e+00,-2.41967674e+00,7.41442054e+00,-3.90688328e+00,2.28147988e+00,6.06825857e+00,-1.07169500e-01,1.91067685e+01,-2.59695172e+00,-6.01525409e+00,2.60677528e-01,-4.53415487e+00,8.56285977e+00,-7.25885117e+00,2.18614563e+00,8.83693383e+00,-2.30024195e+00,1.95848508e+01,2.09220808e+01,-1.17526437e+01,9.48740227e+00,3.31139715e+00,-8.94690331e+00,3.40996530e+00,6.51726852e+00,7.07229060e+00,7.34121148e-01,2.87406186e+00,1.19797077e+01,-3.85190587e+00,1.82656138e+00,1.14614935e+01,-5.99466315e+00,-3.29311209e+00,9.35298616e+00,5.07436738e+00,1.28470445e+01,5.02198697e+00,1.83433969e+00,4.11031560e+00,6.91295289e+00,-8.02302379e+00,7.88055729e-01,3.46143636e+00,1.52809489e+00,3.85500849e+00,-1.01088579e+01,5.68141578e+00,-7.22358921e+00,-5.23343205e+00,2.86880606e+00,-2.07897149e+00,9.53144664e+00,-3.37974802e+00,4.52384678e+00,5.14889595e+00,1.31381755e+01,8.96217065e+00,8.41763968e+00,-1.34625424e+00,-1.35274849e+00,-5.11811124e+00,1.31384925e+01,1.35913164e+01,6.15664238e+00,-4.18562203e+00,8.28610973e+00,-1.00093111e+00,3.39306460e+00,1.10814157e+01,-3.50762888e-01,-1.83455675e+00,-4.27407383e+00,-9.46093532e+00,1.59345609e+01,7.74133437e+00,-1.02147910e+01,-2.96088450e+00,4.14421300e+00,-2.01086669e+00,1.04305856e+01,2.69262200e+00,1.32484972e+01,4.45293686e+00,-4.20803649e+00,3.39910104e+00,-1.04302793e+00,-4.58473852e+00,2.75863032e+00,3.23118835e+00,1.47741584e+01,1.26721727e+01,9.32740981e+00,1.17756970e+01,1.25233715e+00,-4.56055905e+00,2.25782942e+00,-5.74710982e+00,-8.76647933e+00,-9.49747464e+00,-4.98283124e+00,-1.81185167e+01,-5.62473235e+00,-1.40840012e+01,3.10519122e+00,-7.67501815e+00,7.74579809e+00,-1.57398732e+01,-5.07309105e+00,7.52153595e+00,3.57519881e+00,-1.43705220e+01,9.39822845e+00,-4.61155341e+00,8.95522956e+00,-4.76446592e+00,-1.26576871e+01,2.70910298e+00,-1.04753275e+01,-1.50807318e+00,-6.16302670e-02,7.05785442e+00,2.07958652e+01,-7.42925883e+00,-6.22059884e+00,-9.01631458e-01,-1.64585455e+00,-1.32667683e+01,-9.74385358e+00,8.68325866e+00,-3.59879602e+00,3.12184415e+00,-8.09378695e+00,-2.24743664e+00,-7.06494086e+00,8.28274910e+00,2.61402358e+00,-4.06002011e+00,-2.40355045e+00,1.81034730e+00,-1.30472260e+00,6.62309065e+00,-4.42350269e+00,1.15374318e+00,5.44334568e+00,2.46955318e+00,-3.41313305e+00,2.58427870e+01,9.35849653e+00,1.22413805e+00,1.40412306e+00,-1.00088521e+01,5.28430316e+00,-1.23573299e+01,-5.17432478e+00,-9.69282908e+00,-3.07697205e+00,9.66142965e+00,-9.44728626e+00,3.55865737e+00,-6.57440176e-01,3.86552673e-01,-5.77075722e+00,-7.11489617e+00,-8.24177266e-01,-6.35029377e+00,-3.85279741e+00,-6.51542948e+00,-1.12710930e+00,-5.38139141e+00,-8.19404804e+00,3.88891593e+00,-2.55858788e+00,3.50790718e+00,1.71066043e+00,-1.22333189e+01,-8.76618681e+00,-7.61097030e+00,5.67149107e+00,-5.81238786e-01,-1.03788890e+01,9.40420454e+00,-7.08605973e+00,9.15562150e+00,-4.91566983e+00,-7.96867694e+00,4.52388103e+00,-1.17370414e+01,-5.72760736e+00,1.05036318e+01,3.53345488e+00,-6.42390235e+00,9.00266146e+00,-2.69368243e+00,-5.74968107e+00,-5.05784770e+00,-8.62614121e+00,4.02330634e+00,-1.48536146e+01,-1.33030367e+01,-1.05664376e+00,-4.85486137e+00,-9.86517814e+00,1.23335582e+01,2.24516232e+01,-4.48466610e+00,-3.71061408e-01,-1.05198732e+01,1.08338831e+01,3.35436325e+00,-2.96205743e+00,-6.42805958e+00,2.32049183e+00,-1.00253530e+01,-2.13812239e+00,-1.46926948e+01,5.30583316e+00,2.56700405e+00,-4.44927358e-01,-1.49009124e+00,-6.12817390e+00,-1.89578252e+00,2.21199750e+01,-2.72333893e+00,-7.69125068e+00,-1.12360115e+01,2.17424117e+00,-5.96007447e+00,1.15947000e+00,5.13271975e+00,1.03064743e+00,5.65362752e+00,2.72197037e+00,1.00370183e+01,4.71905949e+00,-5.72661447e+00,7.67074120e+00,5.98321220e+00,2.09759143e+00,6.83034516e+00,-4.38680068e+00,1.19883773e+01,3.58615252e+00,-5.32148830e+00,-1.22184816e+00,-2.78585084e+00,3.17296999e+00,-4.41513780e+00,-1.16062348e+00,-1.83204858e+00,1.33850306e+01,9.29761775e+00,-1.12509021e+01,-9.51533222e-01,-8.78542303e+00,-2.38128121e+00,-3.91191194e+00,1.38248347e+00,-4.90462664e-01,-4.44476272e+00,1.99906933e+00,-1.33681257e+00,-1.69894461e+00,1.43375901e+01,2.83585976e+00,-1.35204900e+01,-7.13440023e+00,1.54947044e+01,3.92285753e+00,-1.45938238e+00,1.80187297e+01,-3.14691894e+00,-1.51602174e+00,-1.74749659e+00,2.37827582e+00,4.99630461e+00,7.42897217e-01,4.83091818e+00,-2.35313841e+00,-5.93017652e+00,-6.49083821e+00,-8.10205465e+00,7.36322487e+00,2.50029286e+00,6.34554863e+00,2.67056626e+00,1.46639647e+01,2.93365005e+00,-1.29121137e+01,-5.50412951e+00,1.21420066e+00,-4.72596816e+00,1.03841782e+01,-2.22752033e+00,2.65589724e+00,8.70614564e+00,-1.29155848e+01,2.45780729e+01,3.30328146e+00,4.14541305e+00,6.14327838e+00,9.74354879e-01,-5.43795603e-01,5.55500979e+00,-5.78172119e+00,1.37402217e+01,1.20811163e+01,-6.32739849e+00,2.98178715e+00,1.16927021e+01,-3.70287380e+00,3.07788728e+00,6.21053092e+00,7.21745592e+00,-1.25015878e+01,-1.55320518e+00,-4.99878164e+00,-1.00583445e+00,-1.19802638e+00,3.55323167e-01,-2.87907920e+00,-4.71452689e+00,2.05402067e+00,1.51244380e+00,8.92578629e+00,-7.18123709e+00,6.75293353e+00,8.19329310e+00,-2.20070903e+00,1.30514399e+01,-1.12017130e+01,-1.71392245e+01,-9.00643704e-01,-8.40140194e-01,6.06290402e-01,1.27011288e+01,-8.51373025e-01,6.87364845e+00,8.90607187e+00,6.54138471e+00,-7.49933351e-01,1.03715354e+01,-2.71676513e+00,-5.88420515e+00,-7.13615400e+00,1.06263525e+00,6.34828648e+00,-8.84526047e-01,6.14389793e+00,-7.53340043e-03,9.76798036e+00,3.02360132e+00,1.29315075e+00,-7.54823529e-01,5.10616836e+00,6.60321994e+00,3.07651831e+00,-3.66962037e-01,-8.84143346e+00,4.68613208e+00,3.27661884e+00,6.05607865e+00,5.05114767e+00,5.92508622e+00,-1.16356860e+00,4.94181366e+00,-4.99367637e+00,-4.46092695e-01,-9.10351876e+00,-5.62333331e+00,6.95684541e+00,-1.50383760e+01,4.49758242e+00,2.59278993e+00,1.43401959e+01,-3.51876308e+00,5.35363885e+00,-2.25477311e+00,-7.95568332e+00,-1.18085248e+01,-1.87783323e+00,-1.50891353e+01,2.33293597e+00,-3.82572675e+00,5.27289609e+00,3.83161065e+00,-4.31857358e+00,-4.66938498e+00,7.02507749e+00,-9.18441306e+00,-2.15062175e+00,-2.80218383e+00,3.75189846e+00,-3.78668292e-01,7.29183151e-01,-2.84832623e+00,9.02267747e+00,-8.73805383e+00,1.52354263e+00,9.81331970e+00,-5.46399414e+00,4.63475677e-01,-6.90153557e-01,-1.13537285e+01,-7.38450533e+00,-8.29328385e-01,4.74324836e+00,5.32085939e+00,1.12818261e+00,-1.31183984e+00,2.92622387e+00,-7.12638921e+00,-2.19019429e-01,-8.82525719e+00,-4.57637900e+00,8.07823220e+00,-5.05933388e+00,1.10284271e+01,-3.62242145e+00,5.80943682e+00,4.29913545e+00,-1.00872995e+01,-4.65270651e+00,1.35401085e+00,-6.32789695e+00,-6.61219481e+00,-1.42522390e+01,-9.40882606e+00,-8.29542228e+00,-7.20474142e+00,1.00184484e-01,3.19146988e+00,1.19422859e+00,3.68341277e+00,-9.65376825e+00,2.03958898e+00,4.30491289e+00,-1.13625569e+01,-1.01829522e+01,-6.51365851e+00,-4.40138723e+00,2.79462103e+00,5.93632163e-02,-7.02274372e+00,5.45904222e+00,-3.38032159e+00,8.83582865e+00,-1.44098675e+01,1.00136362e+01,-1.00652304e+00,-7.14992747e+00,-4.35572175e+00,-6.12597564e-02,7.25214502e+00,-1.18632373e+01,-2.10700106e+00,-2.94392021e+00,7.60043538e+00,1.34508937e+01,-1.64073776e+01,1.53889470e+01,6.97491602e+00,-1.25091393e+01,-5.69040588e+00,1.27320718e+01,9.89079395e+00,-3.31543353e+00,-1.05288024e+00,2.35896830e+00,1.20381341e+01,-9.29612440e+00,2.58647852e+00,-9.17142888e-01,5.17503357e+00,-1.19049350e+01,-7.44094332e-01,-5.15742339e+00,7.80468483e+00,6.71822705e+00,-1.46147623e+01,-8.03733049e+00,-3.80190741e+00,-6.36857986e+00,-2.16855847e+00,-3.56747374e+00,7.52673526e+00,7.06526644e+00,-8.61501170e-01,-6.84942785e+00,-1.42207662e+01,7.87688237e+00,-8.10031760e+00,-5.48154110e+00,1.23735334e+00,-5.71931086e+00,-6.75867393e+00,-4.80894603e+00,-7.65640421e+00,-4.01807118e+00,-8.02934833e+00,9.47759654e+00,1.03513248e+01,-1.09699520e+00,-3.84439971e+00,-1.38082733e-01,6.87844226e+00,-1.44671659e+01,-3.58621254e+00,8.74165326e+00,1.11899474e+01,-2.64530329e+00,1.79414909e+00,8.61178535e+00,2.76277027e+00,-4.54927868e-01,-6.49262276e+00,3.17714126e+00,-5.61282019e+00,-2.44324943e+00,-3.08419125e+00,-2.78114944e+00,3.53699667e+00,1.34362287e+01,-7.73852514e-01,5.35814813e-01,-1.51308935e+01,-3.04497625e+00,-6.05309108e+00,4.24274366e-01,-6.97364400e+00,1.35972044e+01,1.42270015e+01,3.04017919e+00,-3.23122164e+00,2.57996326e+00,4.19969680e+00,-7.64745335e+00,-1.38103222e+00,2.52363376e+00,2.23181607e+00,8.65104234e+00,6.95392531e+00,-3.39707836e+00,4.43830274e+00,-1.61971675e+01,-5.95269319e-01,1.46757487e+01,2.64386163e+00,4.15657819e-02,4.87006121e+00,-3.98717788e+00,1.53104250e+01,-2.70819356e+00,1.37470334e+01,6.21259254e+00,-7.27379344e+00,5.35725575e+00,-4.82215470e+00,-1.11967059e+01,-1.16378783e+00,-9.11460077e+00,-9.02734602e+00,-4.04619865e-01,5.54192909e+00,-1.51941466e+00,-5.76538226e+00,1.28695021e+00,-1.14562054e+01,-9.15316490e-01,-1.44302415e+01,9.01051627e+00,-4.55233371e-01,-8.10374423e+00,-3.55578866e+00,2.94874110e+00,-5.62354684e+00,-7.37851371e+00,1.46701717e+01,-4.18616458e+00,-7.21797114e+00,4.97483165e+00,-2.74915989e+00,8.56023238e+00,-4.75612920e-02,8.73933424e-01,1.73242796e+01,-2.49849626e+00,-6.01159445e+00,-6.71531677e+00,-9.09098040e+00,-5.88953764e+00,4.52956774e+00,4.26580336e+00,4.33533045e+00,1.22608837e+01,3.39233869e-01,3.30844264e+00,-1.05056202e+01,1.00877715e-01,-3.71977304e+00,-4.90752680e+00,9.01059454e-02,5.52737573e+00,6.36631433e+00,-2.26957003e-01,1.52802062e+00,5.06159857e+00,6.39126663e+00,-3.49014568e+00,-1.72308405e+00,1.78521440e-01,-4.26784676e+00,-1.34963416e+00,-5.18473895e+00,1.25089267e+01,1.04254446e+01,-2.90357660e+00,2.38387525e+00,-7.42795455e-01,-4.35207754e+00,5.69687978e+00,-1.51710393e+00,5.72621565e+00,-8.41540077e+00,2.99054227e+00,-1.65867034e+00,-8.98471738e+00,-4.26197175e+00,4.16128096e+00,-1.56841003e+01,6.29764449e+00,7.86743542e+00,-1.37286521e+00,-9.90392836e-01,-4.77657009e-01,4.00799115e+00,-5.62502919e+00,5.78782149e+00,4.94232854e+00,-1.67952376e+01,-5.58914127e+00,3.97128026e+00,-1.73916858e+00,7.11385474e+00,-1.01274022e+01,-8.68831466e-01,-6.68895467e+00,-2.11062334e+01,1.29318489e+01,-9.89824597e+00,-1.04618506e+01,1.43041460e+00,2.13061617e+01,5.79743456e-01,-4.56851248e+00,-1.41614213e-01,-7.12360218e-01,-1.46180946e+01,-9.71779766e+00,1.38763545e+01,-1.65936770e+00,-6.30779274e+00,8.71773149e+00,-5.53458265e+00,5.99250721e+00,8.66486767e+00,-9.51212458e+00,-4.42245826e+00,-5.18329869e+00,-2.47055332e+00,-3.55205650e+00,-2.15903382e+00,2.65863177e+00,-5.66722032e+00,4.91150079e+00,9.73140715e+00,-1.89476751e+00,-3.01570722e+00,2.37287275e+00,9.13406417e+00,8.46474190e+00,9.15459852e-01,-1.01957192e+00,-1.27072759e+00,-8.68048795e+00,6.67634218e+00,-4.20587244e+00,3.25859965e+00,-2.67879566e+00,4.68485274e+00,2.71342121e+00,-1.34290726e+01,-4.73490422e+00,-1.29892638e+01,-5.81895885e+00,8.68240645e-01,-2.84236714e+00,5.32176212e+00,-4.69925328e+00,3.74814978e-01,1.39519779e+00,1.22507532e+01,6.37300946e+00,-4.63673572e+00,-2.24175501e-01,2.29491339e+00,6.28240817e+00,1.69517298e-02,9.11695163e+00,4.68033364e+00,1.47485003e+01,8.20138493e-01,1.12584123e+01,-4.18042746e+00,-6.51334664e+00,1.16017371e+00,1.12283324e+00,4.40468643e+00,-2.13172134e+00,-2.28672370e+00,3.92197413e+00,-7.87637026e+00,-9.05853845e+00,1.25757417e+01,-1.18709223e+00,-6.97224827e+00,-6.67616153e-01,-2.36039189e+00,6.24418270e+00,5.89346361e+00,-3.42295504e+00,-1.22565443e-01,-4.56470913e+00,-5.75852882e+00,-4.21444191e+00,-1.58352753e+01,-3.63047900e-01,-1.12534776e+01,-9.37069175e+00,-6.82392613e+00,3.09461252e+00,-6.49183397e+00,3.47153353e+00,-1.01308493e+01,9.21006313e-02,-6.71381483e+00,9.31088275e-01,1.44735234e+00,5.46162503e+00,-3.48477537e+00,-3.14085656e+00,4.81604381e+00,1.03361903e+01,5.21248581e+00,1.48627163e+00,-1.19427571e+01,-2.43359861e+00,-4.91081349e+00,-1.03946990e+01,7.41504129e+00,-5.77946316e+00,-9.32223246e-01,-4.41578996e+00,-1.67588357e+01,8.96914347e+00,-3.06196027e+00,6.75006425e+00,-1.21085052e+01,1.09420436e+01,6.63979173e-01,-4.81158292e+00,1.03317479e+00,-3.81116561e+00,-1.14700667e+01,2.84507722e+00,5.43975060e+00,2.37357177e-01,-5.70372183e+00,-2.30457049e+00,3.16633621e+00,5.38879238e+00,1.05451683e+01,4.22827776e+00,-3.68812814e+00,1.52680144e+01,4.07498422e+00,7.18065424e+00,-2.63803768e+00,4.71953428e+00,3.22341798e+00,-1.06293704e+01,-3.42731383e+00,-6.48398080e+00,-5.94765441e+00,-1.68001153e+00,-2.15725986e+00,-6.86603142e+00,-1.89648148e+01,-4.63647450e+00,2.67045117e+00,8.70706721e-01,1.85893883e+00,7.34298438e+00,2.40247184e+00,5.10599017e+00,-7.32475741e+00,7.60680434e+00,-7.08882022e+00,-1.19493358e+01,2.77221393e+00,-6.48281055e+00,-6.92415916e+00,-2.65490708e+01,-1.70053577e+00,1.36428590e+01,7.43064562e+00,-2.00694747e+00,-1.53601609e+00,5.80645763e+00,1.07485345e+01,-6.90724893e+00,-1.66273650e+00,-5.48991801e+00,-5.89395283e+00,-5.41651151e+00,2.28710714e+00,1.19114525e+01,-1.11493489e+01,-8.89027746e+00,3.37132447e-01,-1.81657483e+00,-3.04935422e+00,-1.51248287e+01,9.68711399e+00,3.95886446e+00,9.80043081e-01,8.37861774e+00,-5.13700666e+00,5.42932212e+00,4.64051928e+00,8.01991344e-01,-1.27632620e+00,1.95260896e+00,-2.44472216e+00,7.75099116e+00,-7.00641730e+00,7.01694656e+00,1.67311936e+00,2.40605836e+00,3.68961745e+00,-1.36747976e+01,1.30621160e+00,-1.10552654e+01,-8.27955852e+00,-8.12618787e+00,-8.03947011e+00,5.08892208e-01,2.61845503e+00,7.99534713e+00,1.46978231e+00,2.41846259e+00,-1.18098463e+01,-4.48285858e+00,5.62825530e+00,1.72141728e-01,-1.31948151e-01,-1.50910542e+00,5.93818863e+00,-1.53440431e+01,1.98121550e+00,3.95167818e+00,6.93439337e+00,6.19519656e+00,-9.46412373e+00,2.11259287e+00,1.00525834e+00,1.13398278e+00,3.34294101e-01,-3.74735155e+00,-6.18317330e+00,2.68705369e+00,1.00936908e+01,-1.28128961e+00,1.87247808e+00,2.15638830e+00,-4.70764477e+00,-4.59878468e+00,-1.96939552e+01,-6.70604563e+00,-9.04637673e+00,-1.54185580e+00,-1.09833780e+01,1.28091738e+01,-5.41174322e+00,-8.93800636e+00,-2.64997084e+01,1.12322696e+01,2.35760257e+00,2.12201595e-01,-1.02269411e+01,1.24527394e+00,-2.74738841e+00,-5.34802663e+00,1.09373949e+00,5.42061936e+00,1.20857675e+00,-2.86168894e+00,-1.70728886e-02,2.17491513e-01,2.48743689e+00,-1.10268843e+01,1.18553219e+01,-6.78853961e+00,-4.46052514e+00,-7.50005115e+00,-1.70360811e+01,9.89516471e-01,-8.47013426e+00,-3.67533076e+00,5.57826673e+00,-3.91751587e+00,-8.01166633e-01,-1.79429285e+00,-4.22150434e+00,1.83602685e-01,8.85280856e+00,-8.96936645e+00,1.61950533e+01,-3.70545568e+00,5.84319054e+00,-1.70541950e+00,2.21338594e+00,-1.96583123e+00,7.66201973e+00,1.05318649e+01,3.03829607e+00,8.60939397e+00,-5.63048337e+00,-7.30571194e-01,-4.18672212e+00,1.08996000e+01,9.52424555e+00,7.02625656e+00,-2.47545530e+00,-4.47871939e+00,4.11598873e+00,-4.49712457e+00,-2.52994059e+00,-1.16636283e+00,-5.22025340e+00,8.42022278e+00,-1.48645546e+00,5.95439167e+00,2.81120588e+00,2.84427110e+00,-5.63100202e+00,5.04045543e+00,-2.44437992e+00,-1.75269713e+00,-2.76090927e-01,-8.65330586e+00,1.31372366e+01,-4.60745770e+00,4.89456696e-02,3.56977585e+00,3.36667227e+00,1.24557587e+01,-3.32422605e+00,1.27267007e+01,1.13946753e+01,-1.62185002e+01,1.20236768e+00,-3.15657036e+00,1.92814907e+00,1.20678152e+00,2.75461547e+00,1.03855950e+01,1.54348398e+01,-1.28571869e+01,1.29448830e+01,-1.58409351e+01,-1.33590739e+01,-2.08900644e+00,1.86563901e-01,1.25025350e+01,6.29959464e+00,-2.80352783e+00,-1.47493120e+01,1.11660885e+01,-7.44735873e+00,-3.35054668e-02,-8.62311995e-01,2.12660043e+01,-4.18088703e+00,-1.75528590e+01,4.97854253e+00,-2.65408229e+01,2.17671009e+00,-6.18319701e+00,-2.86424197e+00,-4.23474587e+00,-9.58778945e+00,6.32279753e+00,-5.76959819e+00,-1.50024257e+00,-1.29560755e+01,-7.47329825e-01,-8.32035243e+00,-1.26015421e+01,-1.94626189e+01,1.94823570e+00,-5.52526029e+00,2.47146392e-01,-2.01132102e+00,-1.37432100e+01,-1.04060219e+01,-9.47642054e+00,-9.09409591e+00,8.93343167e+00,1.43676905e+00,-7.77371015e+00,-3.70863516e+00,-4.33014153e+00,6.43092650e+00,-5.18023144e+00,-1.59113985e+00,-4.46512551e+00,-6.38716367e+00,-6.41497719e+00,6.58725579e+00,-2.31849428e+00,-1.48912163e+01,1.30747367e+01,7.66642511e+00,8.62082753e-01,-1.28758376e+01,-1.24848575e+01,1.64034586e+00,5.71746684e-01,-5.53599631e+00,-7.77943532e+00,5.83147046e+00,-9.79282894e-01,4.47797643e+00,7.99316620e+00,5.97036031e+00,4.68953906e+00,3.80048427e+00,-3.73945385e+00,-2.24384157e+00,-3.09898401e+00,-6.01694613e+00,-7.85683547e+00,-1.04486539e+01,-6.15827716e+00,-1.60264557e+00,-1.32589173e+01,-1.75012848e+00,5.55080893e+00,-1.26020304e+01,5.14736200e+00,4.40118994e+00,-1.14316546e+01,-9.32381775e+00,-3.18579137e+00,2.66057555e+00,-6.76007556e+00,1.21510537e+01,1.06333292e+01,-1.29045053e+01,7.91104187e+00,6.00175772e+00,1.84171613e+00,3.48009246e+00,-7.05055908e+00,-2.50442381e+00,7.17068194e-01,3.11094584e+00,7.24999992e+00,-9.10725135e+00,-1.26490987e+00,2.88295985e+00,4.58010112e-01,-5.26468860e+00,3.40489724e+00,-4.42655892e+00,-3.21538380e+00,3.70425812e-01,-1.02115943e+01,4.69959225e-03,-3.01278236e+00,-2.06533185e+00,1.28800910e+00,-9.08648864e+00,9.25546829e+00,-4.17728653e+00,-2.15717141e+01,-1.43436963e+01,6.14425126e+00,-6.00014699e+00,-3.14697266e+00,-4.45321974e+00,-2.87958249e+00,-1.70108053e+01,-1.17470652e+00,-1.04306757e+01,-5.15642904e+00,3.86331470e+00,1.27403622e+01,3.48289709e-01,5.18004545e-02,9.69187706e+00,-8.63916547e+00,5.32891543e+00,1.18510880e+00,-7.81411524e+00,-3.91300580e+00,3.56233711e+00,2.72709915e-01,2.32671753e+00,2.14083102e+00,-3.74982768e+00,-4.85210173e+00,-8.25916793e+00,8.04048818e+00,-1.09372717e+01,-8.21105826e+00,2.20411523e+00,-1.44665246e+01,3.43883322e+00,9.62605487e+00,-1.54708139e+00,2.05656482e+00,-4.80025433e+00,-3.35666947e+00,1.49068605e+00,6.08123960e+00,-6.21522546e+00,4.29112641e+00,-2.19968802e+00,-2.06289225e-01,4.05938538e+00,2.83426808e+00,-1.66813470e+00,-2.11440638e-01,2.72809907e+00,4.70850616e+00,-1.16462509e+01,5.44191254e-01,8.79957756e+00,-1.54893312e+01,5.45859494e+00,-1.93610962e+01,-1.53848567e+00,-2.46082269e+00,-1.23873352e+00,-1.66738642e+00,-4.56593157e+00,-8.76242850e-01,2.25651794e+00,-3.91108251e+00,2.08544129e+00,1.48069570e+01,-9.98059734e+00,-4.36381548e+00,6.36644166e+00,3.77543534e+00,6.80857328e+00,2.66251499e+00,4.05483420e+00,-2.60379353e+00,-8.09528605e+00,-7.48385920e+00,-4.26159798e+00,5.30717686e-01,-6.80251765e+00,-2.03811284e+00,1.03135642e+00,3.75523724e+00,-1.27268527e+00,9.63857419e+00,-9.44029761e+00,-8.42177116e-01,-1.04547289e+00,4.84857016e+00,-7.15718158e+00,-4.42936208e+00,3.42300390e+00,8.30813789e+00,1.18433634e+01,5.79629172e+00,7.22489054e+00,-4.44779268e+00,1.06081740e+01,1.05944678e+01,-8.48645062e-01,5.66769775e+00,6.32047027e+00,-3.35321577e+00,1.26899184e+00,1.05702802e+01,-4.20870009e+00,-1.86312198e+00,-1.05689082e+01,3.99441424e+00,-1.88995326e+00,3.28100076e+00,9.25900590e-01,-6.64664730e+00,7.96847480e+00,6.55141431e+00,-4.40141407e+00,2.63920603e+00,-9.63314612e+00,-8.95625574e+00,3.85027839e+00,-1.12730141e+01,-5.07255326e+00,7.78663700e-01,1.41075452e+01,-3.45239098e+00,-2.01586870e+00,-2.67443730e+00,1.89975356e+01,2.97438696e+00,-6.77979694e+00,1.15080470e+01,1.04082498e+01,5.32132558e+00,1.27833818e+01,1.34606067e+01,-1.37509344e+00,-4.85687966e+00,-5.23265136e+00,4.30434549e+00,6.03802688e+00,-1.02247182e+00,-3.73173000e+00,-9.92883392e+00,-4.11542530e+00,-7.51937975e+00,4.94201183e+00,2.73143713e+00,9.89230040e+00,1.52515358e+00,-4.14222709e+00,-1.20302200e+00,6.69354177e+00,2.10168607e+00,9.42569374e+00,9.55489768e+00,-1.94974493e+00,-1.28543868e+00,-1.61312537e+01,8.42708756e+00,-7.30618186e-01,9.11236841e+00,-3.83428727e+00,-1.03804172e+01,3.01755853e+00,1.15950426e+01,-4.18105582e+00,1.12064444e+01,-1.19717019e+01,-3.98612793e+00,-1.35506102e+01,3.27092854e+00,1.61951221e+00,5.96975226e-01,-1.00974862e+01,1.46689368e+01,8.86281692e+00,1.18249332e+00,-7.84655026e+00,3.64886810e+00,-3.99123217e+00,-1.91542460e+00,-3.68937386e+00,3.22120255e+00,-2.07467829e+00,-3.11000270e+00,3.52720511e+00,3.97353708e+00,-1.44971585e+01,3.17989907e+00,1.08777518e+01,6.94397049e+00,-2.32648674e+00,3.27969836e-01,-6.12015014e+00,9.51180144e+00,2.19928578e+00,-1.02775232e+00,-9.78256729e-01,1.78602822e+01,-3.29363153e-01,4.64977422e+00,1.19731997e+01,1.61931809e+01,9.95637205e+00,7.02559282e+00,-1.01151246e+01,-7.51928425e+00,5.67671262e+00,3.07713566e-01,5.14884496e+00,2.42555447e+00,1.04330173e+01,-1.30783438e+01,-8.05474213e+00,-1.57463596e+00,-1.40825295e+01,2.78810990e+00,6.72183240e+00,1.40138983e+00,-3.65677031e+00,3.83052737e+00,2.28962227e+01,4.77406557e+00,2.60575966e+00,-8.00582562e+00,-1.03056510e+01,-2.76717297e+00,4.78046554e+00,-9.03242904e-01,3.87319461e+00,5.79974504e+00,-1.03784383e+01,4.25863974e+00,7.27740772e+00,9.52797486e+00,-1.41861937e+00,1.71696022e-01,-1.30917713e+00,-7.76892273e+00,-1.19914508e+01,1.29431279e+01,-1.29895065e+00,-9.27489779e+00,7.22696637e-01,-4.56975502e+00,1.46586731e+01,-3.62187830e+00,-6.07154256e+00,5.88664256e+00,-2.27072757e+00,7.30266097e+00,-2.31301922e-01,1.60112973e+01,8.04560304e+00,8.04921147e-01,-6.07549674e+00,4.32199412e+00,-8.99221418e+00,-1.18145755e+00,1.05875738e+01,-4.32768102e+00,-7.30742634e+00,-3.51663296e+00,8.72267514e+00,2.00330649e+00,-1.38437757e+01,5.59660926e+00,1.94156710e+00,1.51730776e+00,-8.27588589e+00,1.06825515e+00,5.72239519e+00,8.22859636e+00,1.04141531e+01,5.22632940e+00,9.18314282e-01,-8.73086192e+00,-7.39131480e+00,-1.15917825e+01,-1.63920547e+00,5.69989658e+00,-4.97560028e-01,8.97196832e+00,-5.23864401e+00,2.85710567e+00,-3.07659849e+00,-4.47096134e+00,9.57778098e+00,1.09373765e+00,1.00019180e+01,8.62801792e-01,3.85231395e+00,-2.65445876e+00,9.86962548e+00,-2.11600295e+00,-1.29336367e-01,-1.30261414e+01,-1.61048170e+00,1.17870303e+01,1.12532865e+01,3.79898890e+00,-2.03551295e+00,5.10986263e-01,-3.39460897e+00,-1.75611804e+00,1.46302192e+01,7.97044314e-01,-4.04566881e+00,-1.80280847e+01,-8.18582997e+00,-6.22451186e+00,-1.03982826e+01,-9.76410688e+00,-1.18792751e+01,-7.45345714e+00,-5.66445030e+00,-7.48144668e+00,7.59275532e+00,-3.91574992e+00,-1.56393083e+01,7.14887282e+00,-5.28802433e+00,-1.30011860e+01,1.65575821e+01,-3.89714082e+00,3.09460564e+00,6.90059304e+00,1.19165903e+00,4.06991427e+00,2.06240194e-01,9.73775093e-02,-2.20047916e+00,-1.19215198e+01,1.87044459e+00,-2.07576775e+01,1.11405636e+01,-6.85797859e+00,-2.61813709e+00,-2.99216871e+00,2.81336947e+00,-3.27283731e+00,4.95796522e+00,-9.16314910e+00,6.37984632e+00,6.64497288e+00,2.28761552e+00,1.52191077e+00,3.40989720e+00,1.15862174e+00,5.41011187e+00,-1.03170400e+00,-1.09322819e+01,1.56715610e+00,-4.88403156e+00,-2.02259625e-01,8.66325709e+00,-1.36641877e+01,2.11124540e-01,3.31748613e-01,1.58631458e+00,5.16641644e+00,-2.29737340e+00,1.40270321e+01,6.91293592e+00,-2.63965852e+00,-1.74592515e+00,6.68088812e-01,1.31380288e+01,-8.66204735e+00,-1.71266008e+01,4.93070414e+00,-1.50281005e+00,-2.40496481e+00,2.88041748e+00,1.27269114e+01,7.21002448e+00,-2.92040439e+00,-8.72135970e+00,-1.67620394e+00,4.76003644e+00,-2.52386024e+00,-1.25615937e+01,-1.06519739e+00,-1.55477433e+01,-8.05565032e+00,1.38299459e+01,-8.37804344e+00,-1.13067128e+01,-9.01258189e+00,-6.31296685e+00,5.56499474e+00,1.38105409e+01,-1.19886842e+00,4.57893635e+00,-2.95277145e+00,-1.11406809e+01,8.71923479e+00,-7.74265102e+00,4.82814336e+00,5.21774176e+00,-2.03977332e+00,6.58323874e+00,6.72539391e+00,1.86742170e+01,-2.31013690e+00,-8.44966971e+00,-1.08924963e+01,-2.49996788e+00,-5.69230347e+00,1.64874789e+01,-7.78455010e+00,1.44367595e+00,9.28994207e-01,-3.73318636e+00,-1.35972952e+01,-1.19942450e+00,1.65093390e+01,2.62703528e+00,1.28752844e+00,-8.93239285e+00,-9.16491809e+00,-2.05062358e+00,7.83363203e+00,-4.16332732e+00,1.71645062e+01,-7.34218497e+00,2.68635875e+00,-3.17650714e+00,-1.07469168e+01,8.53792083e-01,-9.21365133e+00,-1.23328458e+01,1.20262385e+00,2.17002818e-01,8.03295558e+00,3.91614093e+00,-5.77682344e+00,3.88254235e+00,-1.38649378e+01,-8.33414595e+00,1.55468064e+01,1.11408789e+00,-1.84633484e+00,-4.63840356e+00,1.97396685e-02,-1.51347084e+00,1.46389466e+01,6.85863174e+00,-1.96519641e+00,-9.65046430e-01,-6.69884677e+00,-2.62747294e+00,-1.07142840e+01,8.38997205e+00,1.09884413e+00,1.89818450e+00,2.62391340e+00,-1.62539157e+00,-3.38633378e+00,2.67328157e-01,-1.76527065e+01,-2.48404927e+00,-1.33960237e+00,-1.22469684e+00,8.74460806e+00,1.03841318e+01,2.79413437e+00,-1.55833824e+01,1.07757111e+01,-4.00807047e+00,-6.10961196e+00,-1.43429442e+01,-5.48565725e+00,9.71403491e+00,5.08687674e+00,2.43785384e+00,5.30066384e+00,-9.19463187e+00,-7.48616204e+00,1.00375496e+01,6.81488893e+00,8.19017718e+00,5.50487414e-01,1.59536450e+00,8.96029116e+00,1.63871569e+01,-3.94258613e+00,6.10930023e+00,-3.22815266e+00,-7.05306154e+00,-5.49038929e+00,-5.02382634e+00,-2.22205916e+00,-8.19263509e+00,-3.61367269e+00,-2.20363579e+01,5.63381510e+00,4.36273744e+00,-3.81138545e-01,-6.13045499e+00,-3.23912089e+00,-8.99873127e+00,1.62091740e+00,1.33465399e+01,-3.31262785e+00,-3.05382840e+00,3.13337803e+00,-8.26592955e+00,1.47008081e+01,2.79328937e+00,1.95919761e+00,8.67469255e+00,-3.70264778e-01,9.61860602e+00,2.86609223e+00,-1.15858060e+00,2.11468061e+00,-1.00631711e+00,1.19343158e+01,1.36120613e+00,2.96528081e+00,-1.57615623e+00,1.74282574e+00,-1.54752557e+01,-5.86909285e+00,-7.88151982e+00,8.67974271e+00,-5.60186792e+00,-9.98837221e+00,9.46843685e+00,-2.35369203e+00,7.36248968e+00,-1.48496598e+01,3.75508539e+00,9.02713579e-01,9.38540105e-01,-1.84173823e+00,-1.03237589e+00,8.16802466e+00,3.92864008e-01,-8.19283561e+00,-3.47154763e+00,3.65347889e+00,-1.96586045e+01,-1.51385580e+01,4.08641343e-01,2.20974038e+00,-7.97805739e+00,-1.85698239e-01,1.79017238e+01,5.18394029e+00,-9.37833272e+00,1.24179174e+00,-1.55163362e+00,2.08681699e+00,-5.70491503e+00,3.45616508e+00,4.10571349e+00,-1.11875226e+00,1.83810043e+01,-1.50913119e+00,-5.14797549e+00,4.03340761e+00,7.43054172e+00,-5.79063509e+00,-1.55545631e-01,1.62929866e+01,-4.31773547e-01,8.81641951e+00,2.65281036e+00,-1.40729260e+00,-3.30103019e+00,8.46585861e+00,-9.34758606e+00,-5.47449761e-01,-3.08807351e+00,-6.95218852e+00,2.09941769e+00,3.88397423e+00,4.96226999e-01,-3.22413468e-01,-6.53561812e+00,2.86779967e+00,-5.96106838e-01,-3.83639471e+00,-3.52099690e+00,3.36210777e+00,-4.74445784e-01,-6.25862811e+00,-1.76049573e+01,8.86381161e-01,3.33627440e+00,-7.21600315e+00,-3.99859274e+00,1.35385824e+01,1.54973639e+00,6.35665489e+00,1.19043742e+00,5.88847896e+00,4.62803606e-01,-6.55622900e+00,-1.01903044e+00,1.20919858e+00,4.64079953e+00,1.28465963e+01,8.23037573e+00,1.64256569e-01,1.98501542e+00,1.01807076e+01,4.33416829e+00,-1.22624405e+01,-4.61287696e+00,2.45259809e+00,1.43603338e+00,4.18834811e+00,-8.83663562e+00,1.08704470e+00,6.44806907e+00,8.16605145e+00,-7.06892308e+00,-3.98910402e-01,-3.32972222e-01,-3.04515564e+00,-4.84195984e+00,-2.50726023e+00,-1.17740709e+00,1.59970461e+00,6.93032425e+00,-5.11575283e+00,1.36913205e+01,5.43712602e+00,3.96184993e+00,6.11928283e+00,4.73948299e+00,5.54822890e+00,9.16559618e+00,-7.71624038e+00,1.05338074e+01,-1.87127698e+01,5.20668044e+00,-1.75199469e+01,1.34902704e+01,1.25271803e+01,-1.51477090e+00,-8.01424707e+00,-7.21179823e+00,-9.60188864e+00,-1.08226349e+01,8.97717192e+00,7.06879609e+00,3.95660306e+00,5.20281457e+00,6.73774107e+00,-6.69005042e+00,-2.65896358e+00,9.37980820e+00,-2.02933933e+00,8.48611815e+00,1.24486547e+01,-5.97078799e-01,-1.23120756e+01,4.97445051e-01,2.80901176e-01,-1.54254936e+00,2.81536579e-01,-1.10126572e+01,-2.38160401e+00,1.96497988e+00,1.83625293e+00,8.08540849e+00,-6.56308747e+00,9.84323324e+00,-6.62985755e+00,4.01696924e+00,6.86542842e+00]
