name = '*CO_59'
composition = {'H':0, 'C':1, 'N':0, 'O':1, 'Pt':1}
facet = ['Ni211']
coverage = 5
DFT_energy = [-145.910, 'eV']
ZPE_energy = [0.99, 'eV']
frequencies = [57.4, 76.4, 139.7, 145.2, 148.3, 160.0, 167.1, 215.2, 230.6, 249.6, 257.6, 296.3, 313.1, 319.8, 321.5, 332.0, 343.1, 350.2, 361.0, 363.2, 370.1, 371.9, 394.0, 403.4, 444.6, 1676.9, 1758.8, 1829.8, 1910.6, 1965.5, 'cm-1']
gas_DFT_energy = [-12.070108, 'eV']
gas_ZPE_energy = [0.134, 'eV']
sites = 1
BEE = [-5.43739375e+02,-4.16414709e+01,-1.25974293e+02,4.17660077e+02,-1.97174932e+02,-1.73085971e+02,-3.71251379e+02,-8.26374371e+02,-3.92672783e+02,-4.37614414e+02,-3.57598465e+02,4.12974212e+01,1.48352408e+01,2.62319139e+01,2.94974296e+01,4.35941555e+02,-1.93191163e+02,-1.69281070e+02,1.64295634e+02,-1.02825443e+03,5.39046321e+02,-2.44376419e+02,-4.75219423e+01,-1.09989053e+02,-5.03452291e+01,-5.46713204e+01,8.00581545e+02,-1.95586013e+02,-7.76764619e+01,-4.87670796e+02,7.13985386e+02,-1.24906842e+02,-3.61869080e+02,2.20283900e+02,-3.80674228e+01,1.82596208e+02,-2.78348556e+01,6.36329473e+01,2.55665184e+02,-9.42351237e+02,5.01820980e+02,1.18464486e+02,-5.37790550e+01,-3.11965798e+02,1.04407584e+02,-1.64792079e+02,4.07698243e+02,3.40911207e+02,-2.52493393e+02,-2.70773079e+02,-2.76638724e+02,-3.14363781e+02,1.08886914e+02,-4.61657622e+02,1.26974559e+02,5.54933262e+02,6.33498965e+02,3.19908306e+02,1.50046520e+02,2.55099032e+02,8.29113412e+02,1.94205832e+02,-5.09775886e+02,-1.14633563e+02,-2.20000291e+02,5.66556714e+02,-6.93474741e+02,-5.78199179e+02,-2.51607981e+02,-9.11471289e+01,-4.05383948e+02,2.47663298e+02,9.00757127e+01,1.20968716e+02,-3.56047480e+02,-3.22467318e+02,-5.21178530e+02,3.45547588e+02,-3.01712724e+02,2.44505147e+02,-6.05669717e+01,-2.72060516e+02,-5.36396977e+02,-1.59901804e+02,-1.06494163e+02,-1.47020239e+02,3.64221270e+02,6.55061018e+02,-3.90226951e+02,-7.40743001e+02,-1.83598298e+02,1.02461441e+03,-5.27166444e+02,3.05778224e+02,-9.81570564e+01,-5.74825644e+02,2.24342814e+02,3.50668865e+02,-1.60936625e+02,3.23856087e+02,-2.47698541e+02,-4.76422637e+02,8.25857474e+02,4.29670856e+02,2.84167025e+02,1.34623901e+02,2.24399595e+02,7.53807198e+02,-2.30483652e+02,5.21465358e+01,-1.27895189e+03,1.71264275e+02,-6.30654600e+02,1.32963084e+02,1.99150019e+02,-3.15993842e+02,-4.94043217e+02,5.65974635e+01,-2.71582443e+02,3.30656118e+02,-4.67345460e+02,-2.50450349e+01,-3.29101941e+02,-3.87140803e+01,-2.68562919e+01,1.57283940e+02,1.05952523e+01,-5.53298187e+01,5.59868284e+02,8.42659448e+02,4.42096783e+02,7.18363783e+02,-1.10629597e+02,1.23300986e+02,5.05511760e+02,-7.91077842e+01,-7.03908343e+02,-3.47538134e+02,-4.61898352e+02,-2.64949904e+02,2.57989027e+02,-1.08916794e+03,-1.74241507e+02,3.97501202e+02,-3.38634829e+02,-3.36206395e+02,5.00636566e+02,4.07074530e+02,-3.16340676e+02,1.81097137e+02,-2.27255715e+02,3.22612659e+02,3.87553751e+01,1.41218872e+02,-7.99367827e+02,-4.47507450e+02,-7.18669976e+01,3.16597560e+00,-3.58264161e+02,9.85087289e+02,-2.01770879e+02,-3.08187353e+02,3.49760314e+02,-4.42899811e+02,-3.03672994e+02,2.82504929e+02,1.02597777e+02,1.18810977e+02,1.12172844e+02,-1.04523253e+02,1.76038290e+02,5.38352816e+02,-2.73323515e+02,1.61038421e+02,8.38762304e+02,3.08232303e+02,-7.87247594e+01,-1.76676653e+02,1.42044827e+03,-1.64736876e+02,3.27039725e+02,2.02989559e+02,3.16473705e+02,8.23119146e+02,4.60463655e+02,-2.88481945e+01,2.09720006e+02,4.38225493e+02,3.58786023e+02,-5.14823403e+02,8.62529058e+02,-7.69222405e+02,-1.61966606e+02,5.30988039e+02,7.86328418e+01,6.31211555e+01,2.89565040e+02,2.22981150e+02,3.29624436e+02,-5.89457448e+02,4.54584219e+01,-2.51265640e+02,-9.88857301e+01,-2.93981752e+01,-8.31199278e+01,-5.08949334e+01,7.56780710e+02,-7.69106963e+01,-2.56458790e+02,-2.06306703e+01,1.09547756e+02,-5.44940285e+02,-4.14202955e+02,-3.35796209e+02,-5.82050904e+02,-1.53688440e+02,-3.84988743e+02,1.78319679e+02,-1.02615187e+01,-9.91741764e+01,-7.94334183e+01,6.01418017e+01,-1.84985148e+02,6.16387698e+02,-7.59458286e+02,-1.47316845e+02,-1.45274029e+02,1.54822743e+02,1.70506423e+02,-4.28534789e+02,-1.68225016e+02,3.87653801e+02,-2.06582338e+02,1.45375486e+02,3.40295451e+02,-3.73807864e+01,1.04522521e+03,-1.88524982e+02,-2.99051409e+02,5.78633743e+01,-2.11170784e+02,4.91473588e+02,-3.35678973e+02,8.06396608e+01,5.74845284e+02,-1.21309078e+02,1.10860815e+03,1.18428197e+03,-6.07262345e+02,5.36006425e+02,1.56451023e+02,-4.93887303e+02,1.64440835e+02,3.36261743e+02,3.53508535e+02,2.24114645e+01,1.10767746e+02,6.56750617e+02,-2.13289990e+02,1.47373106e+02,6.99908716e+02,-3.44324463e+02,-1.39753668e+02,4.82689945e+02,2.49444058e+02,7.05851872e+02,2.38126398e+02,6.48050374e+01,2.42985159e+02,3.59508608e+02,-4.46030332e+02,3.27125329e+01,1.69414090e+02,1.12783115e+02,2.02769852e+02,-5.41703604e+02,3.16870611e+02,-4.10401837e+02,-2.91901041e+02,1.61706574e+02,-1.29504380e+02,5.07898138e+02,-2.21867785e+02,2.67793738e+02,3.01421896e+02,7.35714716e+02,5.10754498e+02,4.38391701e+02,-8.15306562e+01,-6.33486166e+01,-2.91463175e+02,7.08068640e+02,7.27600589e+02,3.45304870e+02,-2.13308984e+02,4.64522148e+02,-8.22920812e+01,1.95287970e+02,5.76053597e+02,6.29988917e+00,-7.32011813e+01,-2.29279855e+02,-4.91623578e+02,8.93879092e+02,4.17218972e+02,-5.19439391e+02,-1.44019101e+02,2.55926637e+02,-9.77576294e+01,5.75089204e+02,1.15697280e+02,7.35196744e+02,2.83291809e+02,-2.61386480e+02,2.27645129e+02,-4.05957488e+01,-2.91956832e+02,1.54672817e+02,1.74006768e+02,8.36293987e+02,7.35292879e+02,4.86982225e+02,6.43391641e+02,6.60658767e+01,-2.52049853e+02,1.43433943e+02,-3.08003752e+02,-4.67115222e+02,-5.34156826e+02,-2.53424946e+02,-9.93366839e+02,-2.87829285e+02,-7.86561600e+02,1.96394435e+02,-4.24222409e+02,3.79823052e+02,-8.80907328e+02,-2.97530999e+02,4.54553942e+02,2.06812402e+02,-7.94347590e+02,5.69882540e+02,-2.25017058e+02,4.81133497e+02,-2.38842617e+02,-7.26161684e+02,1.14527929e+02,-5.86947460e+02,-1.21523648e+02,2.85611627e+00,3.91730644e+02,1.15284398e+03,-4.18806535e+02,-3.24930783e+02,-4.81188650e+00,-1.26306143e+02,-7.47543767e+02,-5.14387141e+02,4.57725747e+02,-2.33078379e+02,1.56217423e+02,-4.48862827e+02,-1.37328708e+02,-3.71203787e+02,4.92009996e+02,1.41963654e+02,-2.06983387e+02,-1.23954687e+02,9.22689879e+01,-7.65992526e+01,3.99389800e+02,-2.31460241e+02,4.78189753e+01,3.14313141e+02,1.60168900e+02,-1.61683719e+02,1.42551232e+03,4.99170000e+02,3.37621281e+01,9.70213062e+01,-5.66506375e+02,2.85373011e+02,-6.89854367e+02,-2.39655424e+02,-5.06957055e+02,-1.75548803e+02,5.12837012e+02,-5.19064375e+02,1.68725781e+02,-2.54016442e+01,2.99746207e+01,-3.41802096e+02,-4.10894053e+02,-4.12356917e+00,-3.91638386e+02,-2.05573693e+02,-3.76126180e+02,-9.46430219e+01,-3.28523780e+02,-4.71988187e+02,2.06977490e+02,-1.59069976e+02,1.94289356e+02,9.31184181e+01,-6.76503099e+02,-5.03234053e+02,-3.68505520e+02,3.27741224e+02,-1.05884865e+01,-5.81956400e+02,5.33712013e+02,-3.67284280e+02,5.03908391e+02,-2.76507790e+02,-4.46551598e+02,2.45553995e+02,-6.25622298e+02,-3.53890058e+02,5.85991044e+02,1.66986920e+02,-3.70615973e+02,4.81313572e+02,-1.57225144e+02,-3.44680966e+02,-2.81260329e+02,-4.47897384e+02,2.18507492e+02,-8.33880585e+02,-7.63811007e+02,-8.78401288e+01,-2.77329404e+02,-5.08524203e+02,6.64280190e+02,1.21636001e+03,-3.01346915e+02,-2.94988939e+01,-5.79698897e+02,6.07434385e+02,1.71182682e+02,-1.78691853e+02,-3.55241016e+02,1.54746124e+02,-5.59847912e+02,-1.81313175e+02,-8.17142373e+02,3.20639229e+02,1.22064370e+02,2.97979571e+00,-6.38968836e+01,-3.15140454e+02,-8.24833829e+01,1.17527717e+03,-1.76382602e+02,-4.23960314e+02,-6.23741078e+02,1.19144763e+02,-3.30075117e+02,8.01284563e+01,2.68940517e+02,6.14330422e+01,2.61777171e+02,1.11979868e+02,5.49122348e+02,2.83030758e+02,-3.11719643e+02,3.91002945e+02,3.20351642e+02,1.03447944e+02,4.08998043e+02,-2.26810124e+02,6.68871908e+02,1.72016812e+02,-2.77687611e+02,-5.30568416e+01,-1.74651049e+02,2.19278194e+02,-2.43085992e+02,-2.88373886e+01,-9.91484762e+01,7.62885199e+02,4.93326930e+02,-6.22132109e+02,-3.87506362e+01,-4.96258532e+02,-1.60391312e+02,-2.09255373e+02,6.81869813e+01,-1.45154063e+01,-2.38167932e+02,1.16020440e+02,-6.38119899e+01,-9.65151476e+01,7.98669309e+02,1.66309079e+02,-7.45879989e+02,-4.06230188e+02,8.50768778e+02,2.50596725e+02,-7.90001901e+01,9.79664282e+02,-1.71373936e+02,-1.03488818e+02,-5.52515406e+01,1.23994971e+02,2.62184618e+02,3.77061714e+01,2.48256392e+02,-1.45806055e+02,-2.87778838e+02,-3.95408688e+02,-4.41070224e+02,4.11860043e+02,1.17938218e+02,3.47704804e+02,1.27610123e+02,8.14307801e+02,1.62255777e+02,-7.51059254e+02,-3.14885060e+02,9.04017200e+01,-2.55902028e+02,5.71481346e+02,-1.15993208e+02,1.68378697e+02,4.60442022e+02,-6.77679344e+02,1.36693186e+03,1.78547136e+02,2.20465329e+02,3.23369447e+02,7.35421154e+01,-8.02244428e+00,3.30390663e+02,-3.25576123e+02,7.51921966e+02,6.49393914e+02,-3.79159866e+02,1.38435406e+02,6.39636257e+02,-2.00043071e+02,1.47576354e+02,3.90448169e+02,3.92854224e+02,-7.19543116e+02,-1.25543720e+02,-3.20701423e+02,-2.87752065e+01,-3.94801657e+01,-2.23132365e+01,-1.50409585e+02,-2.69858052e+02,7.79190623e+01,9.33430212e+01,4.92089624e+02,-3.86939748e+02,3.57042820e+02,4.12173532e+02,-1.52071341e+02,8.09977354e+02,-6.28194759e+02,-9.67144280e+02,-6.08841485e+01,-7.52911325e+01,1.94494142e+00,7.23336946e+02,-6.61608192e+01,3.74792277e+02,4.41689938e+02,3.49771915e+02,-9.40956592e+01,5.80591191e+02,-1.46635385e+02,-2.98979130e+02,-4.22852370e+02,5.10249619e+01,3.52914963e+02,-4.59911073e+01,3.51268466e+02,-2.64874378e+01,5.86226134e+02,1.82679720e+02,8.14346305e+01,-4.98628792e+01,3.09983328e+02,3.48966155e+02,1.82652199e+02,-8.61555707e+00,-4.93067640e+02,2.75566975e+02,1.81432160e+02,3.39025994e+02,2.84819414e+02,3.26212558e+02,-5.63220720e+01,2.49842330e+02,-2.28922249e+02,-1.02741807e+01,-5.09872694e+02,-2.88453728e+02,3.60783175e+02,-8.31200766e+02,2.68831712e+02,1.54644398e+02,7.60751358e+02,-2.37642753e+02,2.80264134e+02,-1.08540992e+02,-4.44098342e+02,-6.61077870e+02,-7.57767249e+01,-8.07546185e+02,1.46666469e+02,-1.91117158e+02,2.76444026e+02,1.87999418e+02,-2.34573710e+02,-2.31044151e+02,3.56427335e+02,-5.47235083e+02,-1.11663096e+02,-1.88949864e+02,2.14260453e+02,-4.73574499e+01,5.23199810e+01,-1.95532665e+02,5.20400413e+02,-4.37742697e+02,8.80633848e+01,5.49685016e+02,-3.13839995e+02,1.72227090e+01,-3.47556280e+01,-6.28810764e+02,-4.25173564e+02,-7.20226108e+01,2.42316149e+02,2.94978879e+02,4.53439710e+01,-7.40056100e+01,1.99895306e+02,-4.12483771e+02,2.13698375e+00,-4.62875500e+02,-2.52589066e+02,4.32579354e+02,-2.70099983e+02,5.89185119e+02,-1.94687034e+02,3.23278503e+02,2.33789805e+02,-5.70743637e+02,-2.61608281e+02,7.88151174e+01,-3.64096581e+02,-3.22864967e+02,-7.94526361e+02,-5.10905480e+02,-4.78415420e+02,-3.95024515e+02,1.96912632e+01,1.24055012e+02,1.21494351e+01,1.92100710e+02,-5.22552711e+02,1.31229895e+02,1.92389288e+02,-6.10599258e+02,-5.89834636e+02,-3.75221612e+02,-2.14227885e+02,1.78073683e+02,7.36044354e+00,-4.07482502e+02,3.25348218e+02,-1.83627695e+02,4.60042795e+02,-8.17536663e+02,5.53418172e+02,-3.53904593e+01,-3.37747331e+02,-2.40210522e+02,2.90165342e+01,3.90795936e+02,-6.89156757e+02,-1.28807007e+02,-1.86233369e+02,4.47609935e+02,7.68680252e+02,-8.90357468e+02,8.56900767e+02,4.17445416e+02,-6.84884277e+02,-3.22624624e+02,6.98725622e+02,5.53902687e+02,-1.64483701e+02,-3.51408218e+01,9.71525346e+01,6.49944384e+02,-4.85318541e+02,1.48708269e+02,-6.85942041e+01,2.79811667e+02,-6.76935477e+02,-6.78540938e+01,-3.07126812e+02,4.33722759e+02,3.91279189e+02,-7.86426478e+02,-4.53883887e+02,-2.08689524e+02,-3.55991590e+02,-1.33201371e+02,-2.11458182e+02,3.93510800e+02,3.81958391e+02,-5.32003626e+01,-4.20325769e+02,-7.66755620e+02,4.00747125e+02,-4.64956039e+02,-2.89418991e+02,4.53669908e+01,-3.15863535e+02,-3.81820109e+02,-2.37685610e+02,-3.87995622e+02,-2.46097694e+02,-4.66133945e+02,5.33330591e+02,5.91311180e+02,-3.27557678e+01,-2.19607882e+02,-1.32724412e+01,3.90188412e+02,-8.08129174e+02,-1.91104935e+02,4.60333827e+02,6.16126270e+02,-1.68159340e+02,1.03959453e+02,5.00144111e+02,1.43756831e+02,-6.02494887e+01,-4.04248379e+02,2.06394872e+02,-3.28847437e+02,-1.45139572e+02,-1.77178142e+02,-1.71187093e+02,1.83561591e+02,7.18137964e+02,4.28244580e+00,3.78799664e+01,-8.31890624e+02,-1.59668868e+02,-3.47560211e+02,4.13921912e+01,-3.87755586e+02,7.23451981e+02,7.49468588e+02,1.36715414e+02,-1.38906453e+02,1.34035909e+02,2.33126181e+02,-4.38316914e+02,-7.07741539e+01,1.28316126e+02,1.28617632e+02,5.19406044e+02,4.12937043e+02,-1.91581497e+02,2.60794051e+02,-8.87941623e+02,-3.86303694e+01,7.85669136e+02,9.20221661e+01,-6.22331601e+00,3.03069869e+02,-2.65220815e+02,8.53700013e+02,-1.14883288e+02,7.81058194e+02,3.41530934e+02,-3.54878454e+02,2.82427562e+02,-2.83820059e+02,-6.33152028e+02,-3.92073890e+01,-5.20852360e+02,-4.91371058e+02,-4.81978716e+01,2.96560865e+02,-5.45981073e+01,-3.10408638e+02,6.99340223e+01,-6.68759946e+02,-8.32789410e+01,-7.65191009e+02,4.81752947e+02,-1.32549003e+01,-4.70681182e+02,-1.76132343e+02,1.61005457e+02,-2.97130975e+02,-4.33665329e+02,8.29070717e+02,-2.08116290e+02,-4.09033643e+02,2.33799642e+02,-1.11441239e+02,4.73427526e+02,-1.38005002e+01,7.97032367e+01,9.41499637e+02,-1.63840442e+02,-3.23347266e+02,-3.45635011e+02,-4.91156759e+02,-3.06085048e+02,2.62045598e+02,1.95569810e+02,1.98573279e+02,6.91959782e+02,2.16949902e+01,1.56167953e+02,-6.11033560e+02,2.20514412e+01,-2.15312442e+02,-2.47305475e+02,1.56224407e+01,3.23447099e+02,3.54045903e+02,6.52669449e+00,8.65993959e+01,2.73134090e+02,3.46562044e+02,-2.21758943e+02,-1.20193595e+02,1.56776968e+01,-2.17385663e+02,-7.23018200e+01,-2.52217542e+02,7.00091639e+02,6.00091700e+02,-1.19818978e+02,1.12499148e+02,-2.33479092e+01,-2.20344270e+02,3.09482716e+02,-8.24513738e+01,3.59232541e+02,-4.97114308e+02,1.75140196e+02,-1.01891382e+02,-5.05930082e+02,-2.34574341e+02,2.52975616e+02,-7.97349550e+02,3.89759228e+02,4.55617737e+02,-6.70287815e+01,-4.85802641e+01,-3.02260414e+01,2.26104791e+02,-3.05691856e+02,3.36146211e+02,2.63849320e+02,-9.66629533e+02,-3.07361186e+02,2.10548886e+02,-8.59858560e+01,3.56343301e+02,-5.69509740e+02,-7.11908176e+00,-3.85245741e+02,-1.14640326e+03,6.97308788e+02,-5.51013219e+02,-5.36652871e+02,8.20415120e+01,1.18615029e+03,2.44109163e+00,-2.02266813e+02,-1.88899850e+01,-6.39985563e+01,-8.20866086e+02,-5.71642132e+02,7.24379161e+02,-5.01561734e+01,-3.66941406e+02,4.68337339e+02,-3.19573348e+02,3.64499276e+02,5.03594324e+02,-5.68828660e+02,-2.38468597e+02,-3.18915359e+02,-1.37993023e+02,-1.79526674e+02,-6.43720016e+01,1.28998198e+02,-3.11473991e+02,2.74785439e+02,5.53909559e+02,-1.47704465e+02,-1.65117636e+02,1.27308929e+02,5.29974969e+02,4.52873096e+02,3.39040075e+01,-1.75178546e+01,-5.03243110e+01,-4.71419316e+02,3.50633984e+02,-2.22760595e+02,1.82778994e+02,-1.46113622e+02,2.69452465e+02,1.62213907e+02,-7.30568770e+02,-2.57957349e+02,-7.31295049e+02,-3.01990760e+02,6.82968504e+01,-1.59625697e+02,2.78696936e+02,-2.68013714e+02,1.82772345e+01,9.65097669e+01,6.90416801e+02,3.48115905e+02,-2.49915778e+02,1.78116425e+01,1.03806748e+02,3.69260403e+02,-5.56503195e+00,4.70982018e+02,2.27085604e+02,8.25662133e+02,2.49337386e+01,6.33370919e+02,-2.42000749e+02,-3.57724046e+02,7.55791358e+01,6.79260302e+01,2.80306790e+02,-6.19992913e+01,-1.46152040e+02,2.39320914e+02,-4.25301285e+02,-4.81691542e+02,7.11521870e+02,-5.59328253e+01,-3.96006541e+02,-6.54237356e+00,-1.30236705e+02,3.25223665e+02,3.07624615e+02,-1.82637292e+02,9.46172187e+00,-2.51645357e+02,-3.02595490e+02,-2.63933950e+02,-8.86807245e+02,-3.14390630e+01,-6.00904646e+02,-5.11457455e+02,-3.67238427e+02,1.62513142e+02,-3.50721204e+02,2.01573042e+02,-5.26010236e+02,9.24156080e+00,-3.77481391e+02,6.89321526e+01,1.07146927e+02,2.70612536e+02,-1.83290989e+02,-1.38800938e+02,2.42965454e+02,5.58325154e+02,3.01220346e+02,7.21910437e+01,-6.34976185e+02,-1.28198036e+02,-2.86201823e+02,-5.63864911e+02,3.85175896e+02,-3.20735998e+02,-4.13424360e+01,-2.13982975e+02,-9.39274707e+02,4.64837813e+02,-1.54086617e+02,3.81976901e+02,-6.46251357e+02,6.07713380e+02,3.99465548e+01,-2.88177884e+02,4.43971998e+01,-2.17110698e+02,-6.34340261e+02,1.32723807e+02,2.61594966e+02,2.93199807e+01,-3.34801770e+02,-1.21234726e+02,1.51440916e+02,2.72648616e+02,5.94377009e+02,2.35588563e+02,-2.17196999e+02,8.20010293e+02,2.65947655e+02,3.63816338e+02,-1.57095116e+02,2.48025456e+02,1.61105845e+02,-5.72793453e+02,-1.75866391e+02,-3.64976465e+02,-2.91986550e+02,-9.64068730e+01,-1.60185019e+02,-3.45530818e+02,-1.05281423e+03,-2.81210359e+02,1.42887477e+02,9.05910050e+01,8.76760940e+01,4.57251256e+02,1.69451655e+02,2.97378997e+02,-3.91780791e+02,4.27749215e+02,-4.53163959e+02,-7.07043757e+02,1.76646357e+02,-3.73372657e+02,-3.87757400e+02,-1.46233990e+03,-1.09718124e+02,7.41991515e+02,4.31649074e+02,-9.53378197e+01,-1.08793182e+02,2.76845773e+02,6.28872632e+02,-3.75265753e+02,-8.95654536e+01,-2.95033085e+02,-3.32882901e+02,-3.14945048e+02,1.46177690e+02,6.65467978e+02,-6.09255870e+02,-4.91553297e+02,2.25473285e+01,-8.08109543e+01,-1.33076885e+02,-8.62341369e+02,5.25098462e+02,2.32743425e+02,8.14935836e+01,4.51071045e+02,-2.82019994e+02,2.76346698e+02,2.51255969e+02,4.90100089e+01,-4.44008532e+01,1.13640397e+02,-1.48749681e+02,4.36182189e+02,-4.03508986e+02,3.89762699e+02,8.63451696e+01,1.04756365e+02,2.18451923e+02,-7.96371009e+02,5.98145718e+01,-5.94388137e+02,-4.68043637e+02,-4.54767481e+02,-4.18847353e+02,1.33942879e+01,1.22001490e+02,4.47655394e+02,8.96186126e+01,1.27708011e+02,-6.59511767e+02,-2.32848075e+02,3.05956873e+02,1.36028983e+01,1.61349381e+01,-7.62081282e+01,3.39484478e+02,-8.45669734e+02,9.82044395e+01,2.20090202e+02,4.19509342e+02,3.59112316e+02,-5.26512929e+02,7.30794398e+01,3.96113669e+01,4.10207102e+01,1.81354562e+01,-1.80673700e+02,-2.93657862e+02,1.46946899e+02,5.79482771e+02,-8.21071088e+01,8.95295419e+01,1.62567337e+02,-2.30898751e+02,-2.29056035e+02,-1.07218991e+03,-3.55974686e+02,-4.69941268e+02,-7.07805824e+01,-5.88675643e+02,6.96615372e+02,-2.74577386e+02,-4.89665529e+02,-1.45070500e+03,6.08103393e+02,1.26554511e+02,-1.25611391e+01,-5.69419377e+02,9.52114323e+01,-1.60078203e+02,-3.02093520e+02,1.06419146e+02,2.97115974e+02,7.28159072e+01,-1.59540446e+02,-2.91400745e+01,7.74150537e+00,1.77244341e+02,-5.65494737e+02,6.47492066e+02,-3.87765329e+02,-2.50978178e+02,-3.89399698e+02,-9.00640543e+02,8.67062849e+01,-4.44854704e+02,-2.04351500e+02,3.15439502e+02,-2.22649282e+02,2.61737869e+00,-9.14494053e+01,-2.37349271e+02,1.47758728e+01,4.90552096e+02,-4.81740951e+02,8.52769988e+02,-1.83930897e+02,3.15659687e+02,-7.27734489e+01,1.36849242e+02,-1.09198400e+02,4.34043905e+02,5.78856736e+02,1.83617212e+02,5.04275641e+02,-3.58424941e+02,-3.08551558e+01,-2.11411632e+02,6.29022072e+02,5.32253719e+02,4.07550170e+02,-1.37611198e+02,-2.77857339e+02,2.47903048e+02,-2.39897043e+02,-1.27460758e+02,-6.73186490e+01,-2.42219978e+02,4.74321225e+02,-5.47394935e+01,3.63611670e+02,1.31829788e+02,1.58451573e+02,-3.15892886e+02,2.97976042e+02,-1.67053790e+02,-1.18781767e+02,-2.75313367e+01,-4.70506267e+02,7.11122185e+02,-2.60994739e+02,-3.70093436e+01,1.83676831e+02,1.59907250e+02,6.56383559e+02,-1.53572688e+02,7.08981193e+02,6.42206310e+02,-8.96836077e+02,8.05472998e+01,-1.88565273e+02,1.32803514e+02,7.87752368e+01,1.61645734e+02,5.58862601e+02,8.55243750e+02,-7.23870665e+02,7.08839762e+02,-8.53790202e+02,-7.11938293e+02,-1.13055821e+02,-9.25755356e+00,6.49942914e+02,3.57772212e+02,-1.69604471e+02,-8.54391871e+02,6.49116502e+02,-4.15695826e+02,-9.63339854e+00,-4.71432234e+01,1.14736750e+03,-2.60569152e+02,-9.73357033e+02,2.85131562e+02,-1.49353897e+03,1.04086368e+02,-3.30216726e+02,-1.67075328e+02,-2.52534952e+02,-5.41520304e+02,3.77980277e+02,-3.33761647e+02,-8.46800279e+01,-7.23313448e+02,-6.11840497e+01,-4.43198408e+02,-6.89085053e+02,-1.12906649e+03,9.46995857e+01,-2.98336120e+02,-6.44452491e+00,-1.24143975e+02,-7.33190795e+02,-5.83464223e+02,-4.89643538e+02,-4.92685257e+02,5.05653256e+02,8.65146665e+01,-4.41602205e+02,-1.71844476e+02,-2.08133889e+02,3.43870028e+02,-3.07318479e+02,-1.13257409e+02,-2.10007558e+02,-3.32802674e+02,-3.46427676e+02,3.54784597e+02,-1.60175787e+02,-8.39491926e+02,7.13365270e+02,4.34882179e+02,5.67505719e+01,-6.72529162e+02,-6.97096737e+02,9.92187221e+01,1.37022559e+01,-2.76443036e+02,-4.47971082e+02,3.28096549e+02,-7.24193748e+01,2.51890992e+02,4.55672326e+02,3.11688169e+02,3.22308310e+02,2.34741403e+02,-1.88137386e+02,-1.16169741e+02,-2.01463549e+02,-3.23095249e+02,-4.23032559e+02,-5.97491512e+02,-3.60655026e+02,-7.54596515e+01,-7.36497942e+02,-8.08994881e+01,3.00401412e+02,-6.61061011e+02,2.32851079e+02,2.01523418e+02,-6.49125993e+02,-5.24541841e+02,-1.45408369e+02,1.93858740e+02,-3.66951189e+02,6.48491434e+02,5.80428964e+02,-6.93985787e+02,4.66376039e+02,3.27239567e+02,7.18636082e+01,2.31874732e+02,-3.93133332e+02,-1.31634196e+02,4.94190931e+01,1.63654474e+02,4.16830976e+02,-4.68560052e+02,-4.04936629e+01,1.64045686e+02,-1.28294596e+01,-2.44543966e+02,1.82379971e+02,-2.46115106e+02,-1.84781210e+02,3.45274042e+01,-5.53952940e+02,3.19848967e+01,-2.14606511e+02,-1.15788601e+02,8.50629884e+00,-5.22079983e+02,5.18830624e+02,-2.46317215e+02,-1.19046833e+03,-7.80682198e+02,3.58825511e+02,-3.27521037e+02,-1.57912834e+02,-2.67385590e+02,-1.54134339e+02,-9.20120728e+02,-1.00596837e+02,-5.88651246e+02,-3.06187685e+02,2.35504026e+02,6.84692612e+02,-1.94881650e+00,-2.72107777e+01,5.36231323e+02,-4.66721927e+02,3.29325255e+02,8.46536132e+01,-3.85386624e+02,-1.67558007e+02,2.24052484e+02,1.65029434e+01,9.27823406e+01,1.06298724e+02,-2.16632339e+02,-2.57089906e+02,-4.84586753e+02,4.59205661e+02,-5.84698532e+02,-4.30767359e+02,9.02335031e+01,-8.20671953e+02,1.78017685e+02,5.73820402e+02,-4.52992713e+01,6.69091690e+01,-2.30067169e+02,-1.88326273e+02,9.40174067e+01,3.44417346e+02,-3.70857902e+02,2.82137780e+02,-1.02882630e+02,-3.60279565e+01,2.46657892e+02,1.74319223e+02,-8.26461833e+01,-4.65398523e+00,2.20119503e+02,2.58451201e+02,-6.59808233e+02,5.96927719e+01,4.95886781e+02,-8.92059343e+02,2.98434255e+02,-1.09601294e+03,-8.44886602e+01,-1.37211681e+02,-7.76392256e+01,-8.33178740e+01,-2.37921318e+02,-3.51464880e+01,1.51293879e+02,-2.21768425e+02,1.28351169e+02,7.98595567e+02,-5.89328714e+02,-2.45432846e+02,3.36959130e+02,2.26721586e+02,3.79603190e+02,1.50229719e+02,2.58218703e+02,-1.69857934e+02,-4.49285299e+02,-3.90636122e+02,-1.92469310e+02,6.60599910e+00,-3.85421797e+02,-1.38815989e+02,6.17046270e+01,2.12608061e+02,-9.13666456e+01,5.17383398e+02,-4.69030353e+02,-4.85234523e+01,-2.69436663e+01,2.56584457e+02,-3.76524263e+02,-2.35879558e+02,2.48714228e+02,4.59122172e+02,6.42116452e+02,3.22183358e+02,3.80003794e+02,-2.72024704e+02,5.75279972e+02,6.16699461e+02,-5.80093567e+01,3.60250035e+02,3.49661631e+02,-2.31318737e+02,1.75430962e+01,5.64455582e+02,-2.53851013e+02,-1.13216412e+02,-5.57297045e+02,2.46161857e+02,-7.12434446e+01,1.62653481e+02,8.58359948e+01,-3.81957779e+02,4.22225577e+02,3.73336579e+02,-2.20060442e+02,1.67642266e+02,-5.27937650e+02,-4.75995980e+02,2.15113431e+02,-6.32945277e+02,-2.50244804e+02,8.60951379e+01,7.43399697e+02,-2.22555740e+02,-9.62884308e+01,-1.34919633e+02,1.05280811e+03,1.31884379e+02,-3.97354000e+02,6.28384651e+02,5.77549012e+02,2.76402320e+02,6.71873735e+02,7.42666331e+02,-9.52767463e+01,-2.75073897e+02,-2.96276821e+02,2.46040523e+02,3.47541920e+02,-4.53578560e+01,-1.90135709e+02,-5.63672874e+02,-2.74172607e+02,-4.06941456e+02,2.71546462e+02,1.38888261e+02,5.71897025e+02,5.40289605e+01,-2.31400831e+02,-7.27335502e+01,3.67459734e+02,1.20749982e+02,4.70023387e+02,5.26996883e+02,-1.26159390e+02,-8.15867588e+01,-8.85888623e+02,4.87918790e+02,-4.93676280e+01,4.63584743e+02,-1.69981834e+02,-5.35925259e+02,1.81147212e+02,6.34325936e+02,-2.24725562e+02,6.25323199e+02,-6.61405667e+02,-2.07073611e+02,-7.18880186e+02,2.01823517e+02,1.05376206e+02,8.70052447e+00,-5.48957554e+02,8.04040730e+02,4.81840075e+02,7.53589821e+01,-4.20264156e+02,1.99555467e+02,-2.47891680e+02,-8.15888991e+01,-1.99998171e+02,1.89750594e+02,-9.33000745e+01,-1.85764315e+02,1.75898821e+02,2.39354545e+02,-7.79835929e+02,1.79100259e+02,6.12501701e+02,3.83658557e+02,-1.21018075e+02,3.05508229e+01,-3.27465890e+02,5.37650735e+02,1.58662313e+02,-6.10397500e+01,-6.29176493e+01,9.94538795e+02,6.45231243e+00,2.80881731e+02,6.60318212e+02,8.90386538e+02,5.80969174e+02,3.87134562e+02,-5.78603717e+02,-3.96372296e+02,3.15237694e+02,1.45026916e+01,2.94556012e+02,1.67331011e+02,5.37455947e+02,-7.07126228e+02,-4.47616129e+02,-5.98300501e+01,-7.88257702e+02,1.77312024e+02,3.59727968e+02,1.26225433e+02,-2.07365268e+02,2.15671720e+02,1.29508307e+03,2.36918444e+02,1.38906043e+02,-4.46819476e+02,-6.01290447e+02,-1.42962603e+02,2.81989110e+02,-4.77441981e+01,1.91024983e+02,3.20292103e+02,-5.47763491e+02,2.26025924e+02,4.74856024e+02,5.33622145e+02,-5.27743349e+01,1.04873026e+01,-8.36224735e+01,-4.57702058e+02,-6.10492742e+02,7.58307446e+02,-6.26361406e+01,-5.38214599e+02,2.15310915e+01,-2.10101352e+02,8.31168790e+02,-2.16321435e+02,-3.15876574e+02,2.86582321e+02,-1.32807803e+02,3.95118910e+02,-4.86685546e+01,9.15334952e+02,4.58981553e+02,-8.72874950e+00,-3.28916718e+02,2.26421632e+02,-5.04915176e+02,-1.04449861e+02,5.55268254e+02,-2.55079721e+02,-4.28301707e+02,-2.02687753e+02,4.73667044e+02,1.31865319e+02,-7.57258435e+02,2.80142395e+02,1.34387966e+02,6.39407732e+01,-4.65177316e+02,1.68173228e+01,3.19039293e+02,4.64396081e+02,5.83091130e+02,2.39440719e+02,3.85534621e+01,-4.63600859e+02,-4.34734887e+02,-6.76147979e+02,-8.40279121e+01,2.88562361e+02,-2.20756710e+01,4.88746362e+02,-2.89215772e+02,1.67498425e+02,-1.11605420e+02,-2.69874059e+02,5.38142315e+02,6.84082540e+01,5.59163494e+02,2.80011317e+01,2.26527622e+02,-1.79859454e+02,5.69192644e+02,-1.09507617e+02,-4.39152881e+00,-7.13203986e+02,-9.78208344e+01,6.62224409e+02,6.07803392e+02,2.39373509e+02,-1.37377067e+02,3.44189526e+01,-1.62497537e+02,-5.47269944e+01,8.19753654e+02,1.76294057e+01,-2.16777170e+02,-1.00622447e+03,-4.92746244e+02,-3.42564958e+02,-6.10654198e+02,-5.13211833e+02,-6.48184942e+02,-4.22437322e+02,-3.44997191e+02,-4.37107581e+02,4.34052502e+02,-2.31003656e+02,-8.83027933e+02,3.65372587e+02,-2.64102484e+02,-7.47578496e+02,8.86370569e+02,-2.19678131e+02,1.79542643e+02,3.72166443e+02,1.07815400e+01,2.37282936e+02,8.15511790e+00,-1.20463473e+01,-1.23862072e+02,-6.60353150e+02,9.75918909e+01,-1.18631229e+03,5.96778919e+02,-3.99091316e+02,-1.28681996e+02,-1.62914466e+02,9.74537541e+01,-1.72296514e+02,2.62906385e+02,-4.92958556e+02,3.45074532e+02,3.56580116e+02,1.41285899e+02,8.89023381e+01,1.81895917e+02,6.81897952e+01,2.77204636e+02,-8.44923863e+01,-5.73722812e+02,8.88984363e+01,-2.12490308e+02,-3.97266151e+01,4.56081426e+02,-7.40243194e+02,8.12815998e+00,1.22744778e+01,7.93846496e+01,3.02485227e+02,-1.25506785e+02,7.68593062e+02,4.38927475e+02,-1.59935165e+02,-9.72398076e+01,1.88230702e+01,7.12273816e+02,-5.07815568e+02,-9.50590069e+02,2.63773227e+02,-1.10034437e+02,-1.15706364e+02,1.53854027e+02,7.14449763e+02,4.33924546e+02,-1.59861505e+02,-4.62368886e+02,-5.73554229e+01,2.68709453e+02,-1.21227170e+02,-6.80128809e+02,-2.77382584e+01,-8.49942397e+02,-4.46454057e+02,7.28824484e+02,-4.67513560e+02,-6.08852536e+02,-4.75574450e+02,-3.24482427e+02,3.04969892e+02,7.54059572e+02,-4.69510152e+01,2.52078302e+02,-1.64346085e+02,-6.37031728e+02,4.29760151e+02,-4.17696785e+02,2.59845353e+02,3.29525916e+02,-7.08525372e+01,3.76613194e+02,3.99598929e+02,9.85780818e+02,-1.35077766e+02,-4.24477086e+02,-5.83986306e+02,-1.38808480e+02,-2.40836612e+02,9.27051585e+02,-4.05582951e+02,9.32326972e+01,6.69967319e+01,-2.37553272e+02,-7.42886201e+02,-5.95882746e+01,8.95023305e+02,1.03233801e+02,6.55441408e+01,-4.90932779e+02,-5.52558243e+02,-9.13317866e+01,4.42916144e+02,-2.05952633e+02,9.73787204e+02,-4.01282446e+02,1.55423265e+02,-1.89300700e+02,-6.25858937e+02,2.95901756e+01,-4.70305602e+02,-6.82136363e+02,7.53075919e+01,2.16800135e+01,4.72254884e+02,1.93663302e+02,-3.09909225e+02,2.07925311e+02,-7.56473017e+02,-4.83267665e+02,8.31673182e+02,1.17232036e+02,-1.28144389e+02,-2.94166017e+02,-4.02340143e+01,-7.20867267e+01,7.79652373e+02,3.74845493e+02,-1.33281974e+02,-6.40128971e+01,-3.69261182e+02,-1.84749549e+02,-6.15222507e+02,4.39170315e+02,6.72092714e+01,1.25192284e+02,1.39636380e+02,-5.17153684e+01,-1.68686896e+02,-4.20734340e+00,-9.74626608e+02,-1.73157927e+02,-7.38619736e+01,-8.32198749e+01,5.02701343e+02,5.79017156e+02,1.48526323e+02,-8.77179837e+02,5.87510754e+02,-1.85428159e+02,-3.53451766e+02,-8.00547260e+02,-2.99131866e+02,5.40186331e+02,2.51207488e+02,6.64771136e+01,2.82529410e+02,-5.32912396e+02,-4.08378080e+02,5.08333703e+02,3.51898924e+02,4.73384771e+02,-1.25104404e+00,6.42326556e+01,5.07419508e+02,9.06544829e+02,-2.25842979e+02,3.46334230e+02,-1.55451136e+02,-3.85214270e+02,-3.13327164e+02,-2.80763091e+02,-1.36498935e+02,-4.68386818e+02,-2.13868316e+02,-1.27643991e+03,3.11741118e+02,1.82388128e+02,-3.32830834e+01,-3.78831195e+02,-2.04438273e+02,-4.95149945e+02,1.06265376e+02,7.54510821e+02,-1.89853788e+02,-1.51450224e+02,2.00768318e+02,-4.44560095e+02,7.97140841e+02,1.52022068e+02,1.67042687e+02,4.74108941e+02,1.46535914e+01,5.16167689e+02,1.51143517e+02,-7.75629258e+01,8.75733156e+01,-2.13149756e+01,6.39324546e+02,8.22948404e+01,1.36785866e+02,-8.27436989e+01,1.20424950e+02,-8.49369190e+02,-3.40405686e+02,-4.24347459e+02,4.71285597e+02,-2.70611154e+02,-5.89047729e+02,5.39185633e+02,-1.11388830e+02,4.01110526e+02,-8.38592316e+02,2.25220464e+02,6.98925242e+01,5.40029372e+01,-8.26479136e+01,-6.03310555e+01,4.51868252e+02,-7.63134317e-01,-4.54022225e+02,-1.48816468e+02,2.31671466e+02,-1.07216267e+03,-8.51935529e+02,1.45615612e+01,1.04061410e+02,-3.99985434e+02,-3.69551465e+01,9.95715608e+02,3.02434413e+02,-5.14883453e+02,8.60406355e+01,-8.31238509e+01,9.54511565e+01,-3.14659704e+02,1.71764061e+02,2.59082191e+02,-6.23282831e+01,1.03307734e+03,-9.68907766e+01,-2.95116448e+02,1.78255027e+02,3.81252843e+02,-3.24805896e+02,-2.63360785e+01,8.81287288e+02,-2.18315644e+01,5.39307687e+02,1.31809002e+02,-8.83016053e+01,-2.39273097e+02,5.21204767e+02,-5.06356647e+02,-1.97213963e+01,-1.39882141e+02,-3.87679272e+02,1.52187851e+02,2.18090820e+02,7.93389913e+01,-1.49497287e+01,-3.56294364e+02,1.70552724e+02,-1.68944950e+01,-2.29707602e+02,-1.98546409e+02,1.81251118e+02,-4.42910132e+01,-3.36794978e+02,-9.78287202e+02,8.28432985e+01,2.13062605e+02,-4.28020369e+02,-2.07333868e+02,7.57371299e+02,6.78029092e+01,3.26489585e+02,6.03928741e+01,3.39009865e+02,4.61477088e+01,-3.62914764e+02,-3.62949518e+01,7.57701186e+01,2.56708876e+02,7.36786574e+02,4.52891878e+02,1.87901116e+01,1.54806445e+02,5.55132982e+02,2.41009697e+02,-6.68420745e+02,-2.46646201e+02,1.24122993e+02,7.85680691e+01,2.42986467e+02,-4.83932731e+02,1.13794504e+02,3.68611411e+02,4.54758427e+02,-4.11623916e+02,-4.63202527e+01,-2.18456312e+01,-1.27734580e+02,-3.04982157e+02,-1.80170166e+02,-3.12880758e+01,7.40258470e+01,3.80672704e+02,-2.86692131e+02,7.37024691e+02,3.26762086e+02,2.31220809e+02,3.07029663e+02,2.79235836e+02,3.02002370e+02,4.97993664e+02,-4.07900614e+02,5.81470412e+02,-1.02524062e+03,2.86508932e+02,-9.99220377e+02,7.74358380e+02,6.70215744e+02,-1.05880585e+02,-4.52062171e+02,-3.88934629e+02,-5.30567283e+02,-5.72070644e+02,5.27037003e+02,3.95291050e+02,2.22647734e+02,2.92801939e+02,3.74633243e+02,-3.54533664e+02,-1.83879212e+02,5.27118496e+02,-1.13811977e+02,4.86344869e+02,6.73947491e+02,-3.93025135e+01,-6.63695369e+02,1.26383653e+01,-1.07488483e+01,-9.06199166e+01,7.73005292e+00,-6.16847825e+02,-1.68142990e+02,5.68511157e+01,8.23105908e+01,4.46253730e+02,-3.69062505e+02,5.62569222e+02,-3.72690459e+02,2.05640822e+02,3.59368366e+02]
gas_BEE = [-1.03725684e+01,-2.58139803e-01,-2.27236142e+00,7.26251985e+00,-3.60249095e+00,-2.83723754e+00,-7.23629709e+00,-1.56662065e+01,-6.44230261e+00,-6.98753413e+00,-5.72157723e+00,4.63735160e-01,3.55091661e-01,1.31770523e-01,5.62237446e-01,7.77616762e+00,-3.60531062e+00,-2.46590499e+00,3.61455026e+00,-1.84041784e+01,9.06774293e+00,-3.69649891e+00,-1.03085858e+00,-1.70838621e+00,-1.73118796e-01,-1.07775103e+00,1.48644810e+01,-2.98138037e+00,-1.42624605e+00,-8.88885349e+00,1.24236011e+01,-1.64044382e+00,-6.80545971e+00,3.37504355e+00,-4.90011465e-01,3.96673405e+00,-2.18626666e-01,5.58830500e-01,5.47047466e+00,-1.70046809e+01,9.24479809e+00,1.85604368e+00,-1.27864850e+00,-5.17014169e+00,2.03289647e+00,-2.50801098e+00,7.91950137e+00,5.97647220e+00,-3.99040148e+00,-5.06269669e+00,-5.00222511e+00,-6.02954623e+00,3.11964272e+00,-8.60735656e+00,2.34832315e+00,9.95340114e+00,1.15775723e+01,5.54218941e+00,2.96398516e+00,4.92983247e+00,1.50875079e+01,3.39677284e+00,-9.23358888e+00,-2.04778242e+00,-4.68904180e+00,1.04142668e+01,-1.26235606e+01,-1.01888155e+01,-5.03396646e+00,-2.12689528e+00,-7.02388862e+00,4.59386704e+00,2.20644965e+00,2.20471737e+00,-6.47745467e+00,-5.82114968e+00,-9.27795880e+00,5.91325137e+00,-5.29173652e+00,4.91279665e+00,-1.15163441e+00,-5.13490159e+00,-9.01458040e+00,-2.62512300e+00,-2.50818853e+00,-2.54923847e+00,6.61713449e+00,1.20836574e+01,-7.01291859e+00,-1.32437509e+01,-3.23389690e+00,1.84271956e+01,-9.31781616e+00,5.33110227e+00,-1.54577994e+00,-1.04349857e+01,4.62789664e+00,5.61384814e+00,-2.46837322e+00,5.23149785e+00,-4.60948958e+00,-9.15188810e+00,1.58328080e+01,7.41796893e+00,4.31011196e+00,1.93736848e+00,3.15442296e+00,1.37181526e+01,-4.47914970e+00,5.90494637e-01,-2.33311476e+01,3.38332330e+00,-1.13275046e+01,2.13847881e+00,3.46086333e+00,-5.70385361e+00,-8.73078628e+00,7.87393843e-01,-5.03872224e+00,6.60445614e+00,-7.60110434e+00,-8.81493769e-01,-6.28545704e+00,-4.20433934e-01,2.29532546e-01,3.12375807e+00,8.31343613e-02,-1.21055430e+00,1.04896100e+01,1.51519761e+01,8.06297623e+00,1.19474681e+01,-2.32073945e+00,1.55295032e+00,8.68003237e+00,-2.00398451e-01,-1.25124330e+01,-6.95847256e+00,-8.20439910e+00,-4.91615219e+00,4.45312232e+00,-1.98618464e+01,-2.25266207e+00,7.25824643e+00,-6.81611133e+00,-5.43673185e+00,8.91825500e+00,7.92825805e+00,-5.00972275e+00,4.21814935e+00,-4.23399033e+00,6.26036883e+00,1.29433548e+00,2.41248926e+00,-1.40044734e+01,-8.04091203e+00,-1.59925781e+00,-4.03539352e-01,-6.66716353e+00,1.81247478e+01,-2.46942898e+00,-5.05248598e+00,6.69393792e+00,-7.69216544e+00,-5.98851468e+00,5.13646814e+00,1.78883786e+00,1.72480453e+00,2.14320181e+00,-1.87486988e+00,2.30058456e+00,9.78209843e+00,-4.85354596e+00,3.29683311e+00,1.49124872e+01,5.21465058e+00,-7.18393870e-01,-3.07209951e+00,2.53337076e+01,-3.65283300e+00,6.36098611e+00,4.47901543e+00,5.24638073e+00,1.54250973e+01,7.95057230e+00,-7.29050150e-01,3.74966129e+00,8.36863570e+00,6.25431687e+00,-9.70878854e+00,1.56215227e+01,-1.43407934e+01,-2.42118502e+00,9.46598941e+00,1.82748617e+00,7.28969680e-01,5.08391231e+00,3.22305547e+00,5.46955489e+00,-1.03582379e+01,6.14564665e-01,-4.09357439e+00,-1.06770234e+00,-1.86941032e-01,-1.83916820e+00,-9.39562402e-01,1.39852004e+01,-9.32982487e-01,-4.90298467e+00,-4.23056136e-01,2.27528291e+00,-1.01870053e+01,-8.04841251e+00,-5.68624593e+00,-1.03625575e+01,-2.97145561e+00,-6.86022872e+00,2.95775012e+00,-8.33050148e-02,-2.00099761e+00,-1.43788244e+00,1.07795412e+00,-3.37601649e+00,1.07492802e+01,-1.40306869e+01,-2.04853804e+00,-2.63732411e+00,2.82941369e+00,3.16362828e+00,-8.21986716e+00,-2.41967674e+00,7.41442054e+00,-3.90688328e+00,2.28147988e+00,6.06825857e+00,-1.07169500e-01,1.91067685e+01,-2.59695172e+00,-6.01525409e+00,2.60677528e-01,-4.53415487e+00,8.56285977e+00,-7.25885117e+00,2.18614563e+00,8.83693383e+00,-2.30024195e+00,1.95848508e+01,2.09220808e+01,-1.17526437e+01,9.48740227e+00,3.31139715e+00,-8.94690331e+00,3.40996530e+00,6.51726852e+00,7.07229060e+00,7.34121148e-01,2.87406186e+00,1.19797077e+01,-3.85190587e+00,1.82656138e+00,1.14614935e+01,-5.99466315e+00,-3.29311209e+00,9.35298616e+00,5.07436738e+00,1.28470445e+01,5.02198697e+00,1.83433969e+00,4.11031560e+00,6.91295289e+00,-8.02302379e+00,7.88055729e-01,3.46143636e+00,1.52809489e+00,3.85500849e+00,-1.01088579e+01,5.68141578e+00,-7.22358921e+00,-5.23343205e+00,2.86880606e+00,-2.07897149e+00,9.53144664e+00,-3.37974802e+00,4.52384678e+00,5.14889595e+00,1.31381755e+01,8.96217065e+00,8.41763968e+00,-1.34625424e+00,-1.35274849e+00,-5.11811124e+00,1.31384925e+01,1.35913164e+01,6.15664238e+00,-4.18562203e+00,8.28610973e+00,-1.00093111e+00,3.39306460e+00,1.10814157e+01,-3.50762888e-01,-1.83455675e+00,-4.27407383e+00,-9.46093532e+00,1.59345609e+01,7.74133437e+00,-1.02147910e+01,-2.96088450e+00,4.14421300e+00,-2.01086669e+00,1.04305856e+01,2.69262200e+00,1.32484972e+01,4.45293686e+00,-4.20803649e+00,3.39910104e+00,-1.04302793e+00,-4.58473852e+00,2.75863032e+00,3.23118835e+00,1.47741584e+01,1.26721727e+01,9.32740981e+00,1.17756970e+01,1.25233715e+00,-4.56055905e+00,2.25782942e+00,-5.74710982e+00,-8.76647933e+00,-9.49747464e+00,-4.98283124e+00,-1.81185167e+01,-5.62473235e+00,-1.40840012e+01,3.10519122e+00,-7.67501815e+00,7.74579809e+00,-1.57398732e+01,-5.07309105e+00,7.52153595e+00,3.57519881e+00,-1.43705220e+01,9.39822845e+00,-4.61155341e+00,8.95522956e+00,-4.76446592e+00,-1.26576871e+01,2.70910298e+00,-1.04753275e+01,-1.50807318e+00,-6.16302670e-02,7.05785442e+00,2.07958652e+01,-7.42925883e+00,-6.22059884e+00,-9.01631458e-01,-1.64585455e+00,-1.32667683e+01,-9.74385358e+00,8.68325866e+00,-3.59879602e+00,3.12184415e+00,-8.09378695e+00,-2.24743664e+00,-7.06494086e+00,8.28274910e+00,2.61402358e+00,-4.06002011e+00,-2.40355045e+00,1.81034730e+00,-1.30472260e+00,6.62309065e+00,-4.42350269e+00,1.15374318e+00,5.44334568e+00,2.46955318e+00,-3.41313305e+00,2.58427870e+01,9.35849653e+00,1.22413805e+00,1.40412306e+00,-1.00088521e+01,5.28430316e+00,-1.23573299e+01,-5.17432478e+00,-9.69282908e+00,-3.07697205e+00,9.66142965e+00,-9.44728626e+00,3.55865737e+00,-6.57440176e-01,3.86552673e-01,-5.77075722e+00,-7.11489617e+00,-8.24177266e-01,-6.35029377e+00,-3.85279741e+00,-6.51542948e+00,-1.12710930e+00,-5.38139141e+00,-8.19404804e+00,3.88891593e+00,-2.55858788e+00,3.50790718e+00,1.71066043e+00,-1.22333189e+01,-8.76618681e+00,-7.61097030e+00,5.67149107e+00,-5.81238786e-01,-1.03788890e+01,9.40420454e+00,-7.08605973e+00,9.15562150e+00,-4.91566983e+00,-7.96867694e+00,4.52388103e+00,-1.17370414e+01,-5.72760736e+00,1.05036318e+01,3.53345488e+00,-6.42390235e+00,9.00266146e+00,-2.69368243e+00,-5.74968107e+00,-5.05784770e+00,-8.62614121e+00,4.02330634e+00,-1.48536146e+01,-1.33030367e+01,-1.05664376e+00,-4.85486137e+00,-9.86517814e+00,1.23335582e+01,2.24516232e+01,-4.48466610e+00,-3.71061408e-01,-1.05198732e+01,1.08338831e+01,3.35436325e+00,-2.96205743e+00,-6.42805958e+00,2.32049183e+00,-1.00253530e+01,-2.13812239e+00,-1.46926948e+01,5.30583316e+00,2.56700405e+00,-4.44927358e-01,-1.49009124e+00,-6.12817390e+00,-1.89578252e+00,2.21199750e+01,-2.72333893e+00,-7.69125068e+00,-1.12360115e+01,2.17424117e+00,-5.96007447e+00,1.15947000e+00,5.13271975e+00,1.03064743e+00,5.65362752e+00,2.72197037e+00,1.00370183e+01,4.71905949e+00,-5.72661447e+00,7.67074120e+00,5.98321220e+00,2.09759143e+00,6.83034516e+00,-4.38680068e+00,1.19883773e+01,3.58615252e+00,-5.32148830e+00,-1.22184816e+00,-2.78585084e+00,3.17296999e+00,-4.41513780e+00,-1.16062348e+00,-1.83204858e+00,1.33850306e+01,9.29761775e+00,-1.12509021e+01,-9.51533222e-01,-8.78542303e+00,-2.38128121e+00,-3.91191194e+00,1.38248347e+00,-4.90462664e-01,-4.44476272e+00,1.99906933e+00,-1.33681257e+00,-1.69894461e+00,1.43375901e+01,2.83585976e+00,-1.35204900e+01,-7.13440023e+00,1.54947044e+01,3.92285753e+00,-1.45938238e+00,1.80187297e+01,-3.14691894e+00,-1.51602174e+00,-1.74749659e+00,2.37827582e+00,4.99630461e+00,7.42897217e-01,4.83091818e+00,-2.35313841e+00,-5.93017652e+00,-6.49083821e+00,-8.10205465e+00,7.36322487e+00,2.50029286e+00,6.34554863e+00,2.67056626e+00,1.46639647e+01,2.93365005e+00,-1.29121137e+01,-5.50412951e+00,1.21420066e+00,-4.72596816e+00,1.03841782e+01,-2.22752033e+00,2.65589724e+00,8.70614564e+00,-1.29155848e+01,2.45780729e+01,3.30328146e+00,4.14541305e+00,6.14327838e+00,9.74354879e-01,-5.43795603e-01,5.55500979e+00,-5.78172119e+00,1.37402217e+01,1.20811163e+01,-6.32739849e+00,2.98178715e+00,1.16927021e+01,-3.70287380e+00,3.07788728e+00,6.21053092e+00,7.21745592e+00,-1.25015878e+01,-1.55320518e+00,-4.99878164e+00,-1.00583445e+00,-1.19802638e+00,3.55323167e-01,-2.87907920e+00,-4.71452689e+00,2.05402067e+00,1.51244380e+00,8.92578629e+00,-7.18123709e+00,6.75293353e+00,8.19329310e+00,-2.20070903e+00,1.30514399e+01,-1.12017130e+01,-1.71392245e+01,-9.00643704e-01,-8.40140194e-01,6.06290402e-01,1.27011288e+01,-8.51373025e-01,6.87364845e+00,8.90607187e+00,6.54138471e+00,-7.49933351e-01,1.03715354e+01,-2.71676513e+00,-5.88420515e+00,-7.13615400e+00,1.06263525e+00,6.34828648e+00,-8.84526047e-01,6.14389793e+00,-7.53340043e-03,9.76798036e+00,3.02360132e+00,1.29315075e+00,-7.54823529e-01,5.10616836e+00,6.60321994e+00,3.07651831e+00,-3.66962037e-01,-8.84143346e+00,4.68613208e+00,3.27661884e+00,6.05607865e+00,5.05114767e+00,5.92508622e+00,-1.16356860e+00,4.94181366e+00,-4.99367637e+00,-4.46092695e-01,-9.10351876e+00,-5.62333331e+00,6.95684541e+00,-1.50383760e+01,4.49758242e+00,2.59278993e+00,1.43401959e+01,-3.51876308e+00,5.35363885e+00,-2.25477311e+00,-7.95568332e+00,-1.18085248e+01,-1.87783323e+00,-1.50891353e+01,2.33293597e+00,-3.82572675e+00,5.27289609e+00,3.83161065e+00,-4.31857358e+00,-4.66938498e+00,7.02507749e+00,-9.18441306e+00,-2.15062175e+00,-2.80218383e+00,3.75189846e+00,-3.78668292e-01,7.29183151e-01,-2.84832623e+00,9.02267747e+00,-8.73805383e+00,1.52354263e+00,9.81331970e+00,-5.46399414e+00,4.63475677e-01,-6.90153557e-01,-1.13537285e+01,-7.38450533e+00,-8.29328385e-01,4.74324836e+00,5.32085939e+00,1.12818261e+00,-1.31183984e+00,2.92622387e+00,-7.12638921e+00,-2.19019429e-01,-8.82525719e+00,-4.57637900e+00,8.07823220e+00,-5.05933388e+00,1.10284271e+01,-3.62242145e+00,5.80943682e+00,4.29913545e+00,-1.00872995e+01,-4.65270651e+00,1.35401085e+00,-6.32789695e+00,-6.61219481e+00,-1.42522390e+01,-9.40882606e+00,-8.29542228e+00,-7.20474142e+00,1.00184484e-01,3.19146988e+00,1.19422859e+00,3.68341277e+00,-9.65376825e+00,2.03958898e+00,4.30491289e+00,-1.13625569e+01,-1.01829522e+01,-6.51365851e+00,-4.40138723e+00,2.79462103e+00,5.93632163e-02,-7.02274372e+00,5.45904222e+00,-3.38032159e+00,8.83582865e+00,-1.44098675e+01,1.00136362e+01,-1.00652304e+00,-7.14992747e+00,-4.35572175e+00,-6.12597564e-02,7.25214502e+00,-1.18632373e+01,-2.10700106e+00,-2.94392021e+00,7.60043538e+00,1.34508937e+01,-1.64073776e+01,1.53889470e+01,6.97491602e+00,-1.25091393e+01,-5.69040588e+00,1.27320718e+01,9.89079395e+00,-3.31543353e+00,-1.05288024e+00,2.35896830e+00,1.20381341e+01,-9.29612440e+00,2.58647852e+00,-9.17142888e-01,5.17503357e+00,-1.19049350e+01,-7.44094332e-01,-5.15742339e+00,7.80468483e+00,6.71822705e+00,-1.46147623e+01,-8.03733049e+00,-3.80190741e+00,-6.36857986e+00,-2.16855847e+00,-3.56747374e+00,7.52673526e+00,7.06526644e+00,-8.61501170e-01,-6.84942785e+00,-1.42207662e+01,7.87688237e+00,-8.10031760e+00,-5.48154110e+00,1.23735334e+00,-5.71931086e+00,-6.75867393e+00,-4.80894603e+00,-7.65640421e+00,-4.01807118e+00,-8.02934833e+00,9.47759654e+00,1.03513248e+01,-1.09699520e+00,-3.84439971e+00,-1.38082733e-01,6.87844226e+00,-1.44671659e+01,-3.58621254e+00,8.74165326e+00,1.11899474e+01,-2.64530329e+00,1.79414909e+00,8.61178535e+00,2.76277027e+00,-4.54927868e-01,-6.49262276e+00,3.17714126e+00,-5.61282019e+00,-2.44324943e+00,-3.08419125e+00,-2.78114944e+00,3.53699667e+00,1.34362287e+01,-7.73852514e-01,5.35814813e-01,-1.51308935e+01,-3.04497625e+00,-6.05309108e+00,4.24274366e-01,-6.97364400e+00,1.35972044e+01,1.42270015e+01,3.04017919e+00,-3.23122164e+00,2.57996326e+00,4.19969680e+00,-7.64745335e+00,-1.38103222e+00,2.52363376e+00,2.23181607e+00,8.65104234e+00,6.95392531e+00,-3.39707836e+00,4.43830274e+00,-1.61971675e+01,-5.95269319e-01,1.46757487e+01,2.64386163e+00,4.15657819e-02,4.87006121e+00,-3.98717788e+00,1.53104250e+01,-2.70819356e+00,1.37470334e+01,6.21259254e+00,-7.27379344e+00,5.35725575e+00,-4.82215470e+00,-1.11967059e+01,-1.16378783e+00,-9.11460077e+00,-9.02734602e+00,-4.04619865e-01,5.54192909e+00,-1.51941466e+00,-5.76538226e+00,1.28695021e+00,-1.14562054e+01,-9.15316490e-01,-1.44302415e+01,9.01051627e+00,-4.55233371e-01,-8.10374423e+00,-3.55578866e+00,2.94874110e+00,-5.62354684e+00,-7.37851371e+00,1.46701717e+01,-4.18616458e+00,-7.21797114e+00,4.97483165e+00,-2.74915989e+00,8.56023238e+00,-4.75612920e-02,8.73933424e-01,1.73242796e+01,-2.49849626e+00,-6.01159445e+00,-6.71531677e+00,-9.09098040e+00,-5.88953764e+00,4.52956774e+00,4.26580336e+00,4.33533045e+00,1.22608837e+01,3.39233869e-01,3.30844264e+00,-1.05056202e+01,1.00877715e-01,-3.71977304e+00,-4.90752680e+00,9.01059454e-02,5.52737573e+00,6.36631433e+00,-2.26957003e-01,1.52802062e+00,5.06159857e+00,6.39126663e+00,-3.49014568e+00,-1.72308405e+00,1.78521440e-01,-4.26784676e+00,-1.34963416e+00,-5.18473895e+00,1.25089267e+01,1.04254446e+01,-2.90357660e+00,2.38387525e+00,-7.42795455e-01,-4.35207754e+00,5.69687978e+00,-1.51710393e+00,5.72621565e+00,-8.41540077e+00,2.99054227e+00,-1.65867034e+00,-8.98471738e+00,-4.26197175e+00,4.16128096e+00,-1.56841003e+01,6.29764449e+00,7.86743542e+00,-1.37286521e+00,-9.90392836e-01,-4.77657009e-01,4.00799115e+00,-5.62502919e+00,5.78782149e+00,4.94232854e+00,-1.67952376e+01,-5.58914127e+00,3.97128026e+00,-1.73916858e+00,7.11385474e+00,-1.01274022e+01,-8.68831466e-01,-6.68895467e+00,-2.11062334e+01,1.29318489e+01,-9.89824597e+00,-1.04618506e+01,1.43041460e+00,2.13061617e+01,5.79743456e-01,-4.56851248e+00,-1.41614213e-01,-7.12360218e-01,-1.46180946e+01,-9.71779766e+00,1.38763545e+01,-1.65936770e+00,-6.30779274e+00,8.71773149e+00,-5.53458265e+00,5.99250721e+00,8.66486767e+00,-9.51212458e+00,-4.42245826e+00,-5.18329869e+00,-2.47055332e+00,-3.55205650e+00,-2.15903382e+00,2.65863177e+00,-5.66722032e+00,4.91150079e+00,9.73140715e+00,-1.89476751e+00,-3.01570722e+00,2.37287275e+00,9.13406417e+00,8.46474190e+00,9.15459852e-01,-1.01957192e+00,-1.27072759e+00,-8.68048795e+00,6.67634218e+00,-4.20587244e+00,3.25859965e+00,-2.67879566e+00,4.68485274e+00,2.71342121e+00,-1.34290726e+01,-4.73490422e+00,-1.29892638e+01,-5.81895885e+00,8.68240645e-01,-2.84236714e+00,5.32176212e+00,-4.69925328e+00,3.74814978e-01,1.39519779e+00,1.22507532e+01,6.37300946e+00,-4.63673572e+00,-2.24175501e-01,2.29491339e+00,6.28240817e+00,1.69517298e-02,9.11695163e+00,4.68033364e+00,1.47485003e+01,8.20138493e-01,1.12584123e+01,-4.18042746e+00,-6.51334664e+00,1.16017371e+00,1.12283324e+00,4.40468643e+00,-2.13172134e+00,-2.28672370e+00,3.92197413e+00,-7.87637026e+00,-9.05853845e+00,1.25757417e+01,-1.18709223e+00,-6.97224827e+00,-6.67616153e-01,-2.36039189e+00,6.24418270e+00,5.89346361e+00,-3.42295504e+00,-1.22565443e-01,-4.56470913e+00,-5.75852882e+00,-4.21444191e+00,-1.58352753e+01,-3.63047900e-01,-1.12534776e+01,-9.37069175e+00,-6.82392613e+00,3.09461252e+00,-6.49183397e+00,3.47153353e+00,-1.01308493e+01,9.21006313e-02,-6.71381483e+00,9.31088275e-01,1.44735234e+00,5.46162503e+00,-3.48477537e+00,-3.14085656e+00,4.81604381e+00,1.03361903e+01,5.21248581e+00,1.48627163e+00,-1.19427571e+01,-2.43359861e+00,-4.91081349e+00,-1.03946990e+01,7.41504129e+00,-5.77946316e+00,-9.32223246e-01,-4.41578996e+00,-1.67588357e+01,8.96914347e+00,-3.06196027e+00,6.75006425e+00,-1.21085052e+01,1.09420436e+01,6.63979173e-01,-4.81158292e+00,1.03317479e+00,-3.81116561e+00,-1.14700667e+01,2.84507722e+00,5.43975060e+00,2.37357177e-01,-5.70372183e+00,-2.30457049e+00,3.16633621e+00,5.38879238e+00,1.05451683e+01,4.22827776e+00,-3.68812814e+00,1.52680144e+01,4.07498422e+00,7.18065424e+00,-2.63803768e+00,4.71953428e+00,3.22341798e+00,-1.06293704e+01,-3.42731383e+00,-6.48398080e+00,-5.94765441e+00,-1.68001153e+00,-2.15725986e+00,-6.86603142e+00,-1.89648148e+01,-4.63647450e+00,2.67045117e+00,8.70706721e-01,1.85893883e+00,7.34298438e+00,2.40247184e+00,5.10599017e+00,-7.32475741e+00,7.60680434e+00,-7.08882022e+00,-1.19493358e+01,2.77221393e+00,-6.48281055e+00,-6.92415916e+00,-2.65490708e+01,-1.70053577e+00,1.36428590e+01,7.43064562e+00,-2.00694747e+00,-1.53601609e+00,5.80645763e+00,1.07485345e+01,-6.90724893e+00,-1.66273650e+00,-5.48991801e+00,-5.89395283e+00,-5.41651151e+00,2.28710714e+00,1.19114525e+01,-1.11493489e+01,-8.89027746e+00,3.37132447e-01,-1.81657483e+00,-3.04935422e+00,-1.51248287e+01,9.68711399e+00,3.95886446e+00,9.80043081e-01,8.37861774e+00,-5.13700666e+00,5.42932212e+00,4.64051928e+00,8.01991344e-01,-1.27632620e+00,1.95260896e+00,-2.44472216e+00,7.75099116e+00,-7.00641730e+00,7.01694656e+00,1.67311936e+00,2.40605836e+00,3.68961745e+00,-1.36747976e+01,1.30621160e+00,-1.10552654e+01,-8.27955852e+00,-8.12618787e+00,-8.03947011e+00,5.08892208e-01,2.61845503e+00,7.99534713e+00,1.46978231e+00,2.41846259e+00,-1.18098463e+01,-4.48285858e+00,5.62825530e+00,1.72141728e-01,-1.31948151e-01,-1.50910542e+00,5.93818863e+00,-1.53440431e+01,1.98121550e+00,3.95167818e+00,6.93439337e+00,6.19519656e+00,-9.46412373e+00,2.11259287e+00,1.00525834e+00,1.13398278e+00,3.34294101e-01,-3.74735155e+00,-6.18317330e+00,2.68705369e+00,1.00936908e+01,-1.28128961e+00,1.87247808e+00,2.15638830e+00,-4.70764477e+00,-4.59878468e+00,-1.96939552e+01,-6.70604563e+00,-9.04637673e+00,-1.54185580e+00,-1.09833780e+01,1.28091738e+01,-5.41174322e+00,-8.93800636e+00,-2.64997084e+01,1.12322696e+01,2.35760257e+00,2.12201595e-01,-1.02269411e+01,1.24527394e+00,-2.74738841e+00,-5.34802663e+00,1.09373949e+00,5.42061936e+00,1.20857675e+00,-2.86168894e+00,-1.70728886e-02,2.17491513e-01,2.48743689e+00,-1.10268843e+01,1.18553219e+01,-6.78853961e+00,-4.46052514e+00,-7.50005115e+00,-1.70360811e+01,9.89516471e-01,-8.47013426e+00,-3.67533076e+00,5.57826673e+00,-3.91751587e+00,-8.01166633e-01,-1.79429285e+00,-4.22150434e+00,1.83602685e-01,8.85280856e+00,-8.96936645e+00,1.61950533e+01,-3.70545568e+00,5.84319054e+00,-1.70541950e+00,2.21338594e+00,-1.96583123e+00,7.66201973e+00,1.05318649e+01,3.03829607e+00,8.60939397e+00,-5.63048337e+00,-7.30571194e-01,-4.18672212e+00,1.08996000e+01,9.52424555e+00,7.02625656e+00,-2.47545530e+00,-4.47871939e+00,4.11598873e+00,-4.49712457e+00,-2.52994059e+00,-1.16636283e+00,-5.22025340e+00,8.42022278e+00,-1.48645546e+00,5.95439167e+00,2.81120588e+00,2.84427110e+00,-5.63100202e+00,5.04045543e+00,-2.44437992e+00,-1.75269713e+00,-2.76090927e-01,-8.65330586e+00,1.31372366e+01,-4.60745770e+00,4.89456696e-02,3.56977585e+00,3.36667227e+00,1.24557587e+01,-3.32422605e+00,1.27267007e+01,1.13946753e+01,-1.62185002e+01,1.20236768e+00,-3.15657036e+00,1.92814907e+00,1.20678152e+00,2.75461547e+00,1.03855950e+01,1.54348398e+01,-1.28571869e+01,1.29448830e+01,-1.58409351e+01,-1.33590739e+01,-2.08900644e+00,1.86563901e-01,1.25025350e+01,6.29959464e+00,-2.80352783e+00,-1.47493120e+01,1.11660885e+01,-7.44735873e+00,-3.35054668e-02,-8.62311995e-01,2.12660043e+01,-4.18088703e+00,-1.75528590e+01,4.97854253e+00,-2.65408229e+01,2.17671009e+00,-6.18319701e+00,-2.86424197e+00,-4.23474587e+00,-9.58778945e+00,6.32279753e+00,-5.76959819e+00,-1.50024257e+00,-1.29560755e+01,-7.47329825e-01,-8.32035243e+00,-1.26015421e+01,-1.94626189e+01,1.94823570e+00,-5.52526029e+00,2.47146392e-01,-2.01132102e+00,-1.37432100e+01,-1.04060219e+01,-9.47642054e+00,-9.09409591e+00,8.93343167e+00,1.43676905e+00,-7.77371015e+00,-3.70863516e+00,-4.33014153e+00,6.43092650e+00,-5.18023144e+00,-1.59113985e+00,-4.46512551e+00,-6.38716367e+00,-6.41497719e+00,6.58725579e+00,-2.31849428e+00,-1.48912163e+01,1.30747367e+01,7.66642511e+00,8.62082753e-01,-1.28758376e+01,-1.24848575e+01,1.64034586e+00,5.71746684e-01,-5.53599631e+00,-7.77943532e+00,5.83147046e+00,-9.79282894e-01,4.47797643e+00,7.99316620e+00,5.97036031e+00,4.68953906e+00,3.80048427e+00,-3.73945385e+00,-2.24384157e+00,-3.09898401e+00,-6.01694613e+00,-7.85683547e+00,-1.04486539e+01,-6.15827716e+00,-1.60264557e+00,-1.32589173e+01,-1.75012848e+00,5.55080893e+00,-1.26020304e+01,5.14736200e+00,4.40118994e+00,-1.14316546e+01,-9.32381775e+00,-3.18579137e+00,2.66057555e+00,-6.76007556e+00,1.21510537e+01,1.06333292e+01,-1.29045053e+01,7.91104187e+00,6.00175772e+00,1.84171613e+00,3.48009246e+00,-7.05055908e+00,-2.50442381e+00,7.17068194e-01,3.11094584e+00,7.24999992e+00,-9.10725135e+00,-1.26490987e+00,2.88295985e+00,4.58010112e-01,-5.26468860e+00,3.40489724e+00,-4.42655892e+00,-3.21538380e+00,3.70425812e-01,-1.02115943e+01,4.69959225e-03,-3.01278236e+00,-2.06533185e+00,1.28800910e+00,-9.08648864e+00,9.25546829e+00,-4.17728653e+00,-2.15717141e+01,-1.43436963e+01,6.14425126e+00,-6.00014699e+00,-3.14697266e+00,-4.45321974e+00,-2.87958249e+00,-1.70108053e+01,-1.17470652e+00,-1.04306757e+01,-5.15642904e+00,3.86331470e+00,1.27403622e+01,3.48289709e-01,5.18004545e-02,9.69187706e+00,-8.63916547e+00,5.32891543e+00,1.18510880e+00,-7.81411524e+00,-3.91300580e+00,3.56233711e+00,2.72709915e-01,2.32671753e+00,2.14083102e+00,-3.74982768e+00,-4.85210173e+00,-8.25916793e+00,8.04048818e+00,-1.09372717e+01,-8.21105826e+00,2.20411523e+00,-1.44665246e+01,3.43883322e+00,9.62605487e+00,-1.54708139e+00,2.05656482e+00,-4.80025433e+00,-3.35666947e+00,1.49068605e+00,6.08123960e+00,-6.21522546e+00,4.29112641e+00,-2.19968802e+00,-2.06289225e-01,4.05938538e+00,2.83426808e+00,-1.66813470e+00,-2.11440638e-01,2.72809907e+00,4.70850616e+00,-1.16462509e+01,5.44191254e-01,8.79957756e+00,-1.54893312e+01,5.45859494e+00,-1.93610962e+01,-1.53848567e+00,-2.46082269e+00,-1.23873352e+00,-1.66738642e+00,-4.56593157e+00,-8.76242850e-01,2.25651794e+00,-3.91108251e+00,2.08544129e+00,1.48069570e+01,-9.98059734e+00,-4.36381548e+00,6.36644166e+00,3.77543534e+00,6.80857328e+00,2.66251499e+00,4.05483420e+00,-2.60379353e+00,-8.09528605e+00,-7.48385920e+00,-4.26159798e+00,5.30717686e-01,-6.80251765e+00,-2.03811284e+00,1.03135642e+00,3.75523724e+00,-1.27268527e+00,9.63857419e+00,-9.44029761e+00,-8.42177116e-01,-1.04547289e+00,4.84857016e+00,-7.15718158e+00,-4.42936208e+00,3.42300390e+00,8.30813789e+00,1.18433634e+01,5.79629172e+00,7.22489054e+00,-4.44779268e+00,1.06081740e+01,1.05944678e+01,-8.48645062e-01,5.66769775e+00,6.32047027e+00,-3.35321577e+00,1.26899184e+00,1.05702802e+01,-4.20870009e+00,-1.86312198e+00,-1.05689082e+01,3.99441424e+00,-1.88995326e+00,3.28100076e+00,9.25900590e-01,-6.64664730e+00,7.96847480e+00,6.55141431e+00,-4.40141407e+00,2.63920603e+00,-9.63314612e+00,-8.95625574e+00,3.85027839e+00,-1.12730141e+01,-5.07255326e+00,7.78663700e-01,1.41075452e+01,-3.45239098e+00,-2.01586870e+00,-2.67443730e+00,1.89975356e+01,2.97438696e+00,-6.77979694e+00,1.15080470e+01,1.04082498e+01,5.32132558e+00,1.27833818e+01,1.34606067e+01,-1.37509344e+00,-4.85687966e+00,-5.23265136e+00,4.30434549e+00,6.03802688e+00,-1.02247182e+00,-3.73173000e+00,-9.92883392e+00,-4.11542530e+00,-7.51937975e+00,4.94201183e+00,2.73143713e+00,9.89230040e+00,1.52515358e+00,-4.14222709e+00,-1.20302200e+00,6.69354177e+00,2.10168607e+00,9.42569374e+00,9.55489768e+00,-1.94974493e+00,-1.28543868e+00,-1.61312537e+01,8.42708756e+00,-7.30618186e-01,9.11236841e+00,-3.83428727e+00,-1.03804172e+01,3.01755853e+00,1.15950426e+01,-4.18105582e+00,1.12064444e+01,-1.19717019e+01,-3.98612793e+00,-1.35506102e+01,3.27092854e+00,1.61951221e+00,5.96975226e-01,-1.00974862e+01,1.46689368e+01,8.86281692e+00,1.18249332e+00,-7.84655026e+00,3.64886810e+00,-3.99123217e+00,-1.91542460e+00,-3.68937386e+00,3.22120255e+00,-2.07467829e+00,-3.11000270e+00,3.52720511e+00,3.97353708e+00,-1.44971585e+01,3.17989907e+00,1.08777518e+01,6.94397049e+00,-2.32648674e+00,3.27969836e-01,-6.12015014e+00,9.51180144e+00,2.19928578e+00,-1.02775232e+00,-9.78256729e-01,1.78602822e+01,-3.29363153e-01,4.64977422e+00,1.19731997e+01,1.61931809e+01,9.95637205e+00,7.02559282e+00,-1.01151246e+01,-7.51928425e+00,5.67671262e+00,3.07713566e-01,5.14884496e+00,2.42555447e+00,1.04330173e+01,-1.30783438e+01,-8.05474213e+00,-1.57463596e+00,-1.40825295e+01,2.78810990e+00,6.72183240e+00,1.40138983e+00,-3.65677031e+00,3.83052737e+00,2.28962227e+01,4.77406557e+00,2.60575966e+00,-8.00582562e+00,-1.03056510e+01,-2.76717297e+00,4.78046554e+00,-9.03242904e-01,3.87319461e+00,5.79974504e+00,-1.03784383e+01,4.25863974e+00,7.27740772e+00,9.52797486e+00,-1.41861937e+00,1.71696022e-01,-1.30917713e+00,-7.76892273e+00,-1.19914508e+01,1.29431279e+01,-1.29895065e+00,-9.27489779e+00,7.22696637e-01,-4.56975502e+00,1.46586731e+01,-3.62187830e+00,-6.07154256e+00,5.88664256e+00,-2.27072757e+00,7.30266097e+00,-2.31301922e-01,1.60112973e+01,8.04560304e+00,8.04921147e-01,-6.07549674e+00,4.32199412e+00,-8.99221418e+00,-1.18145755e+00,1.05875738e+01,-4.32768102e+00,-7.30742634e+00,-3.51663296e+00,8.72267514e+00,2.00330649e+00,-1.38437757e+01,5.59660926e+00,1.94156710e+00,1.51730776e+00,-8.27588589e+00,1.06825515e+00,5.72239519e+00,8.22859636e+00,1.04141531e+01,5.22632940e+00,9.18314282e-01,-8.73086192e+00,-7.39131480e+00,-1.15917825e+01,-1.63920547e+00,5.69989658e+00,-4.97560028e-01,8.97196832e+00,-5.23864401e+00,2.85710567e+00,-3.07659849e+00,-4.47096134e+00,9.57778098e+00,1.09373765e+00,1.00019180e+01,8.62801792e-01,3.85231395e+00,-2.65445876e+00,9.86962548e+00,-2.11600295e+00,-1.29336367e-01,-1.30261414e+01,-1.61048170e+00,1.17870303e+01,1.12532865e+01,3.79898890e+00,-2.03551295e+00,5.10986263e-01,-3.39460897e+00,-1.75611804e+00,1.46302192e+01,7.97044314e-01,-4.04566881e+00,-1.80280847e+01,-8.18582997e+00,-6.22451186e+00,-1.03982826e+01,-9.76410688e+00,-1.18792751e+01,-7.45345714e+00,-5.66445030e+00,-7.48144668e+00,7.59275532e+00,-3.91574992e+00,-1.56393083e+01,7.14887282e+00,-5.28802433e+00,-1.30011860e+01,1.65575821e+01,-3.89714082e+00,3.09460564e+00,6.90059304e+00,1.19165903e+00,4.06991427e+00,2.06240194e-01,9.73775093e-02,-2.20047916e+00,-1.19215198e+01,1.87044459e+00,-2.07576775e+01,1.11405636e+01,-6.85797859e+00,-2.61813709e+00,-2.99216871e+00,2.81336947e+00,-3.27283731e+00,4.95796522e+00,-9.16314910e+00,6.37984632e+00,6.64497288e+00,2.28761552e+00,1.52191077e+00,3.40989720e+00,1.15862174e+00,5.41011187e+00,-1.03170400e+00,-1.09322819e+01,1.56715610e+00,-4.88403156e+00,-2.02259625e-01,8.66325709e+00,-1.36641877e+01,2.11124540e-01,3.31748613e-01,1.58631458e+00,5.16641644e+00,-2.29737340e+00,1.40270321e+01,6.91293592e+00,-2.63965852e+00,-1.74592515e+00,6.68088812e-01,1.31380288e+01,-8.66204735e+00,-1.71266008e+01,4.93070414e+00,-1.50281005e+00,-2.40496481e+00,2.88041748e+00,1.27269114e+01,7.21002448e+00,-2.92040439e+00,-8.72135970e+00,-1.67620394e+00,4.76003644e+00,-2.52386024e+00,-1.25615937e+01,-1.06519739e+00,-1.55477433e+01,-8.05565032e+00,1.38299459e+01,-8.37804344e+00,-1.13067128e+01,-9.01258189e+00,-6.31296685e+00,5.56499474e+00,1.38105409e+01,-1.19886842e+00,4.57893635e+00,-2.95277145e+00,-1.11406809e+01,8.71923479e+00,-7.74265102e+00,4.82814336e+00,5.21774176e+00,-2.03977332e+00,6.58323874e+00,6.72539391e+00,1.86742170e+01,-2.31013690e+00,-8.44966971e+00,-1.08924963e+01,-2.49996788e+00,-5.69230347e+00,1.64874789e+01,-7.78455010e+00,1.44367595e+00,9.28994207e-01,-3.73318636e+00,-1.35972952e+01,-1.19942450e+00,1.65093390e+01,2.62703528e+00,1.28752844e+00,-8.93239285e+00,-9.16491809e+00,-2.05062358e+00,7.83363203e+00,-4.16332732e+00,1.71645062e+01,-7.34218497e+00,2.68635875e+00,-3.17650714e+00,-1.07469168e+01,8.53792083e-01,-9.21365133e+00,-1.23328458e+01,1.20262385e+00,2.17002818e-01,8.03295558e+00,3.91614093e+00,-5.77682344e+00,3.88254235e+00,-1.38649378e+01,-8.33414595e+00,1.55468064e+01,1.11408789e+00,-1.84633484e+00,-4.63840356e+00,1.97396685e-02,-1.51347084e+00,1.46389466e+01,6.85863174e+00,-1.96519641e+00,-9.65046430e-01,-6.69884677e+00,-2.62747294e+00,-1.07142840e+01,8.38997205e+00,1.09884413e+00,1.89818450e+00,2.62391340e+00,-1.62539157e+00,-3.38633378e+00,2.67328157e-01,-1.76527065e+01,-2.48404927e+00,-1.33960237e+00,-1.22469684e+00,8.74460806e+00,1.03841318e+01,2.79413437e+00,-1.55833824e+01,1.07757111e+01,-4.00807047e+00,-6.10961196e+00,-1.43429442e+01,-5.48565725e+00,9.71403491e+00,5.08687674e+00,2.43785384e+00,5.30066384e+00,-9.19463187e+00,-7.48616204e+00,1.00375496e+01,6.81488893e+00,8.19017718e+00,5.50487414e-01,1.59536450e+00,8.96029116e+00,1.63871569e+01,-3.94258613e+00,6.10930023e+00,-3.22815266e+00,-7.05306154e+00,-5.49038929e+00,-5.02382634e+00,-2.22205916e+00,-8.19263509e+00,-3.61367269e+00,-2.20363579e+01,5.63381510e+00,4.36273744e+00,-3.81138545e-01,-6.13045499e+00,-3.23912089e+00,-8.99873127e+00,1.62091740e+00,1.33465399e+01,-3.31262785e+00,-3.05382840e+00,3.13337803e+00,-8.26592955e+00,1.47008081e+01,2.79328937e+00,1.95919761e+00,8.67469255e+00,-3.70264778e-01,9.61860602e+00,2.86609223e+00,-1.15858060e+00,2.11468061e+00,-1.00631711e+00,1.19343158e+01,1.36120613e+00,2.96528081e+00,-1.57615623e+00,1.74282574e+00,-1.54752557e+01,-5.86909285e+00,-7.88151982e+00,8.67974271e+00,-5.60186792e+00,-9.98837221e+00,9.46843685e+00,-2.35369203e+00,7.36248968e+00,-1.48496598e+01,3.75508539e+00,9.02713579e-01,9.38540105e-01,-1.84173823e+00,-1.03237589e+00,8.16802466e+00,3.92864008e-01,-8.19283561e+00,-3.47154763e+00,3.65347889e+00,-1.96586045e+01,-1.51385580e+01,4.08641343e-01,2.20974038e+00,-7.97805739e+00,-1.85698239e-01,1.79017238e+01,5.18394029e+00,-9.37833272e+00,1.24179174e+00,-1.55163362e+00,2.08681699e+00,-5.70491503e+00,3.45616508e+00,4.10571349e+00,-1.11875226e+00,1.83810043e+01,-1.50913119e+00,-5.14797549e+00,4.03340761e+00,7.43054172e+00,-5.79063509e+00,-1.55545631e-01,1.62929866e+01,-4.31773547e-01,8.81641951e+00,2.65281036e+00,-1.40729260e+00,-3.30103019e+00,8.46585861e+00,-9.34758606e+00,-5.47449761e-01,-3.08807351e+00,-6.95218852e+00,2.09941769e+00,3.88397423e+00,4.96226999e-01,-3.22413468e-01,-6.53561812e+00,2.86779967e+00,-5.96106838e-01,-3.83639471e+00,-3.52099690e+00,3.36210777e+00,-4.74445784e-01,-6.25862811e+00,-1.76049573e+01,8.86381161e-01,3.33627440e+00,-7.21600315e+00,-3.99859274e+00,1.35385824e+01,1.54973639e+00,6.35665489e+00,1.19043742e+00,5.88847896e+00,4.62803606e-01,-6.55622900e+00,-1.01903044e+00,1.20919858e+00,4.64079953e+00,1.28465963e+01,8.23037573e+00,1.64256569e-01,1.98501542e+00,1.01807076e+01,4.33416829e+00,-1.22624405e+01,-4.61287696e+00,2.45259809e+00,1.43603338e+00,4.18834811e+00,-8.83663562e+00,1.08704470e+00,6.44806907e+00,8.16605145e+00,-7.06892308e+00,-3.98910402e-01,-3.32972222e-01,-3.04515564e+00,-4.84195984e+00,-2.50726023e+00,-1.17740709e+00,1.59970461e+00,6.93032425e+00,-5.11575283e+00,1.36913205e+01,5.43712602e+00,3.96184993e+00,6.11928283e+00,4.73948299e+00,5.54822890e+00,9.16559618e+00,-7.71624038e+00,1.05338074e+01,-1.87127698e+01,5.20668044e+00,-1.75199469e+01,1.34902704e+01,1.25271803e+01,-1.51477090e+00,-8.01424707e+00,-7.21179823e+00,-9.60188864e+00,-1.08226349e+01,8.97717192e+00,7.06879609e+00,3.95660306e+00,5.20281457e+00,6.73774107e+00,-6.69005042e+00,-2.65896358e+00,9.37980820e+00,-2.02933933e+00,8.48611815e+00,1.24486547e+01,-5.97078799e-01,-1.23120756e+01,4.97445051e-01,2.80901176e-01,-1.54254936e+00,2.81536579e-01,-1.10126572e+01,-2.38160401e+00,1.96497988e+00,1.83625293e+00,8.08540849e+00,-6.56308747e+00,9.84323324e+00,-6.62985755e+00,4.01696924e+00,6.86542842e+00]
