name = '*CO_69'
composition = {'H':0, 'C':1, 'N':0, 'O':1, 'Pt':1}
facet = ['Ni211']
coverage = 6
DFT_energy = [-157.770, 'eV']
ZPE_energy = [1.21, 'eV']
frequencies = [12.0, 62.3, 100.6, 129.3, 163.1, 182.6, 191.2, 202.5, 208.3, 230.8, 235.5, 258.0, 266.0, 276.1, 299.2, 315.8, 319.0, 323.3, 328.0, 339.5, 345.0, 366.8, 379.9, 390.7, 393.2, 407.4, 419.7, 450.5, 450.8, 464.1, 1632.5, 1782.0, 1796.5, 1910.8, 1923.6, 1972.5, 'cm-1']
gas_DFT_energy = [-12.070108, 'eV']
gas_ZPE_energy = [0.134, 'eV']
sites = 1
BEE = [-5.54115293e+02,-4.21815424e+01,-1.28530473e+02,4.24905856e+02,-2.00529694e+02,-1.76168881e+02,-3.78314797e+02,-8.41891703e+02,-3.99492166e+02,-4.44689526e+02,-3.63597227e+02,4.17624279e+01,1.55205134e+01,2.61839864e+01,3.01965159e+01,4.43869999e+02,-1.96810983e+02,-1.72253234e+02,1.67795481e+02,-1.04671775e+03,5.48352332e+02,-2.48085037e+02,-4.84514366e+01,-1.11644698e+02,-5.08537769e+01,-5.59881994e+01,8.15251810e+02,-1.98758077e+02,-7.94449667e+01,-4.96836635e+02,7.26637841e+02,-1.26882909e+02,-3.68771413e+02,2.24060540e+02,-3.84600740e+01,1.86364284e+02,-2.80115470e+01,6.42911628e+01,2.60800303e+02,-9.59665264e+02,5.10886695e+02,1.20571617e+02,-5.47804984e+01,-3.17706983e+02,1.06341884e+02,-1.67217849e+02,4.15539399e+02,3.46904837e+02,-2.56593728e+02,-2.75864159e+02,-2.81741939e+02,-3.20177586e+02,1.11439710e+02,-4.70494497e+02,1.29292808e+02,5.65031091e+02,6.45126076e+02,3.25203492e+02,1.53029331e+02,2.59954637e+02,8.43825806e+02,1.97634769e+02,-5.19041133e+02,-1.16683736e+02,-2.24417980e+02,5.77281210e+02,-7.06140756e+02,-5.88208398e+02,-2.56226515e+02,-9.28562518e+01,-4.12974873e+02,2.52042475e+02,9.18833321e+01,1.23213615e+02,-3.62116313e+02,-3.28418777e+02,-5.30598304e+02,3.51645006e+02,-3.07003923e+02,2.48956394e+02,-6.14223204e+01,-2.77121760e+02,-5.45665342e+02,-1.62748298e+02,-1.08992446e+02,-1.49789997e+02,3.70636966e+02,6.66898627e+02,-3.97319237e+02,-7.54399349e+02,-1.86824259e+02,1.04316924e+03,-5.36299874e+02,3.11179069e+02,-1.00121916e+02,-5.85217233e+02,2.28788630e+02,3.56574711e+02,-1.63612051e+02,3.29190773e+02,-2.52185010e+02,-4.85515908e+02,8.41476238e+02,4.37605018e+02,2.88639924e+02,1.36992959e+02,2.27993376e+02,7.67662926e+02,-2.34660134e+02,5.27617918e+01,-1.30238095e+03,1.74548463e+02,-6.42068498e+02,1.35044525e+02,2.02656422e+02,-3.21817084e+02,-5.02781794e+02,5.73979637e+01,-2.76371809e+02,3.37328639e+02,-4.75327799e+02,-2.56002526e+01,-3.35264400e+02,-3.95364515e+01,-2.66862992e+01,1.60369306e+02,1.05426536e+01,-5.63838730e+01,5.70166050e+02,8.57767927e+02,4.50153506e+02,7.30743498e+02,-1.12657258e+02,1.25392201e+02,5.14349407e+02,-7.95944152e+01,-7.16177207e+02,-3.54083655e+02,-4.69859501e+02,-2.69688209e+02,2.62439446e+02,-1.10910866e+03,-1.76596861e+02,4.04938614e+02,-3.45110891e+02,-3.41457175e+02,5.09609340e+02,4.14626646e+02,-3.21278802e+02,1.84840959e+02,-2.31329567e+02,3.28715419e+02,3.99580466e+01,1.43756638e+02,-8.13225050e+02,-4.55418884e+02,-7.31957588e+01,3.49883469e+00,-3.65028479e+02,1.00295521e+03,-2.04640623e+02,-3.13146679e+02,3.56651157e+02,-4.50930576e+02,-3.09682790e+02,2.87651323e+02,1.04594666e+02,1.20586961e+02,1.14291593e+02,-1.06488516e+02,1.78486728e+02,5.48265393e+02,-2.78407415e+02,1.64435746e+02,8.53626918e+02,3.13560876e+02,-7.97955089e+01,-1.79826517e+02,1.44616791e+03,-1.68242723e+02,3.32990010e+02,2.07313028e+02,3.21929012e+02,8.38603921e+02,4.68825213e+02,-2.99648076e+01,2.13654785e+02,4.46577658e+02,3.65464893e+02,-5.24518692e+02,8.77848600e+02,-7.83097278e+02,-1.64607914e+02,5.40633573e+02,8.03089096e+01,6.42775352e+01,2.94981408e+02,2.26259526e+02,3.35457429e+02,-6.00143291e+02,4.60730318e+01,-2.55495737e+02,-1.00488289e+02,-2.96116716e+01,-8.47364232e+01,-5.17311100e+01,7.70553674e+02,-7.79886307e+01,-2.61253759e+02,-2.09767839e+01,1.11884157e+02,-5.55214441e+02,-4.21989538e+02,-3.41732021e+02,-5.92507594e+02,-1.56901380e+02,-3.92090407e+02,1.81519651e+02,-1.03204326e+01,-1.01192576e+02,-8.09821887e+01,6.11880184e+01,-1.88156007e+02,6.27061712e+02,-7.73373129e+02,-1.49659703e+02,-1.47871476e+02,1.57390044e+02,1.73620442e+02,-4.36745996e+02,-1.71139894e+02,3.94992468e+02,-2.10275386e+02,1.47743171e+02,3.46137112e+02,-3.77151977e+01,1.06458493e+03,-1.91679145e+02,-3.04881875e+02,5.85443521e+01,-2.15294630e+02,5.00625346e+02,-3.42312821e+02,8.24417090e+01,5.84687080e+02,-1.23510227e+02,1.12831087e+03,1.20551252e+03,-6.18433730e+02,5.45539021e+02,1.59771208e+02,-5.02891212e+02,1.67789020e+02,3.42517023e+02,3.60526711e+02,2.29953065e+01,1.13003177e+02,6.68419361e+02,-2.17172097e+02,1.49240340e+02,7.11788746e+02,-3.50458612e+02,-1.42692255e+02,4.91713360e+02,2.54332713e+02,7.19091176e+02,2.42619956e+02,6.63691431e+01,2.47522710e+02,3.66076582e+02,-4.53774850e+02,3.35745929e+01,1.72403185e+02,1.14726462e+02,2.06413395e+02,-5.51346405e+02,3.22605898e+02,-4.17756495e+02,-2.97128982e+02,1.64428185e+02,-1.31564939e+02,5.17427561e+02,-2.25416484e+02,2.72658406e+02,3.06882975e+02,7.49004862e+02,5.19562025e+02,4.46341099e+02,-8.30447238e+01,-6.46795973e+01,-2.96367574e+02,7.20978096e+02,7.41139705e+02,3.51761762e+02,-2.17338659e+02,4.72913721e+02,-8.35097084e+01,1.98661684e+02,5.86815578e+02,6.27637265e+00,-7.48340360e+01,-2.33414283e+02,-5.00573728e+02,9.09816862e+02,4.24823249e+02,-5.29551046e+02,-1.46965989e+02,2.60311667e+02,-9.95677590e+01,5.85585071e+02,1.18489930e+02,7.48643500e+02,2.87916616e+02,-2.66060361e+02,2.31632233e+02,-4.17218812e+01,-2.96941299e+02,1.57443450e+02,1.77251045e+02,8.50977959e+02,7.48171596e+02,4.96053510e+02,6.55007800e+02,6.69807136e+01,-2.56314080e+02,1.45818106e+02,-3.13903389e+02,-4.75710911e+02,-5.43894590e+02,-2.58374097e+02,-1.01118449e+03,-2.93251093e+02,-8.00595106e+02,1.99729149e+02,-4.31769028e+02,3.87275980e+02,-8.96644688e+02,-3.02717152e+02,4.62518852e+02,2.10504369e+02,-8.08799092e+02,5.79618757e+02,-2.29568668e+02,4.90005414e+02,-2.43642717e+02,-7.39163476e+02,1.17166596e+02,-5.97748571e+02,-1.23129275e+02,3.04659787e+00,3.98908942e+02,1.17370405e+03,-4.26289308e+02,-3.31430732e+02,-5.27220437e+00,-1.27967982e+02,-7.61120376e+02,-5.23974983e+02,4.66268554e+02,-2.37004310e+02,1.59385379e+02,-4.57072104e+02,-1.39780310e+02,-3.78241725e+02,5.00527862e+02,1.44691531e+02,-2.10844652e+02,-1.26260553e+02,9.38114593e+01,-7.78144396e+01,4.06516963e+02,-2.35767542e+02,4.86856548e+01,3.19608851e+02,1.62827511e+02,-1.64718225e+02,1.45136256e+03,5.08137233e+02,3.50172483e+01,9.88467375e+01,-5.76400475e+02,2.90725499e+02,-7.02557138e+02,-2.44873312e+02,-5.16176520e+02,-1.78615257e+02,5.22420324e+02,-5.28363553e+02,1.72214792e+02,-2.58347310e+01,3.05199105e+01,-3.47759050e+02,-4.18197427e+02,-4.29679250e+00,-3.98239202e+02,-2.09776747e+02,-3.82886463e+02,-9.61442076e+01,-3.34089308e+02,-4.80397587e+02,2.10679620e+02,-1.62042840e+02,1.97704954e+02,9.47072063e+01,-6.88856778e+02,-5.12135977e+02,-3.75762445e+02,3.33630495e+02,-1.10542226e+01,-5.92546430e+02,5.42965576e+02,-3.74193267e+02,5.13181016e+02,-2.81417794e+02,-4.54501157e+02,2.50334289e+02,-6.37449204e+02,-3.59544577e+02,5.96152874e+02,1.70051723e+02,-3.76876471e+02,4.89668380e+02,-1.59985524e+02,-3.50405074e+02,-2.86230973e+02,-4.56287131e+02,2.22362718e+02,-8.48493627e+02,-7.77039598e+02,-8.92759776e+01,-2.82353179e+02,-5.18058965e+02,6.76711783e+02,1.23870688e+03,-3.06180102e+02,-3.00447399e+01,-5.89864901e+02,6.18420281e+02,1.74527172e+02,-1.81554169e+02,-3.61654150e+02,1.57495898e+02,-5.70029289e+02,-1.83697720e+02,-8.32004826e+02,3.26331098e+02,1.24416111e+02,2.43838343e+00,-6.51384745e+01,-3.21100680e+02,-8.40038770e+01,1.19677578e+03,-1.79446804e+02,-4.31380371e+02,-6.35027931e+02,1.21102067e+02,-3.35922838e+02,8.13890960e+01,2.74021008e+02,6.23388306e+01,2.67004163e+02,1.14297570e+02,5.59075529e+02,2.87999329e+02,-3.17390989e+02,3.98652569e+02,3.26308712e+02,1.05595522e+02,4.15621289e+02,-2.31170950e+02,6.80963881e+02,1.75577083e+02,-2.82952681e+02,-5.38280166e+01,-1.77526454e+02,2.22747855e+02,-2.47784597e+02,-2.97107728e+01,-1.00992843e+02,7.76618766e+02,5.02349429e+02,-6.33632360e+02,-3.95473554e+01,-5.05079461e+02,-1.63011689e+02,-2.12884551e+02,6.95142741e+01,-1.51258523e+01,-2.42394362e+02,1.18150384e+02,-6.50130658e+01,-9.81333199e+01,8.13304908e+02,1.69267384e+02,-7.59309514e+02,-4.13013658e+02,8.66311411e+02,2.54742982e+02,-8.04891539e+01,9.97667937e+02,-1.74806825e+02,-1.05170614e+02,-5.64439919e+01,1.26205316e+02,2.66971405e+02,3.82819389e+01,2.53093145e+02,-1.48330074e+02,-2.93311914e+02,-4.01858276e+02,-4.49032091e+02,4.18758417e+02,1.20317443e+02,3.53928092e+02,1.29927256e+02,8.28934490e+02,1.65396694e+02,-7.64171524e+02,-3.20258882e+02,9.18360474e+01,-2.60592333e+02,5.81837269e+02,-1.18500369e+02,1.71416603e+02,4.69292275e+02,-6.90539069e+02,1.39161458e+03,1.81735267e+02,2.24695361e+02,3.29385571e+02,7.47367985e+01,-8.49650533e+00,3.36081673e+02,-3.31021042e+02,7.65494013e+02,6.61229326e+02,-3.85662887e+02,1.40988296e+02,6.51436491e+02,-2.03895892e+02,1.50400639e+02,3.96876056e+02,4.00104032e+02,-7.32203489e+02,-1.27184391e+02,-3.26164740e+02,-2.94589126e+01,-4.02673025e+01,-2.23427193e+01,-1.53216361e+02,-2.74530737e+02,7.96931127e+01,9.48680150e+01,5.00975775e+02,-3.93922841e+02,3.63731953e+02,4.19653625e+02,-1.54629661e+02,8.23670798e+02,-6.39563164e+02,-9.84315983e+02,-6.19559972e+01,-7.62592613e+01,2.23711881e+00,7.36095069e+02,-6.71382056e+01,3.81805811e+02,4.50189597e+02,3.56287640e+02,-9.51493815e+01,5.91005492e+02,-1.49302877e+02,-3.04833039e+02,-4.29777691e+02,5.23762860e+01,3.59217464e+02,-4.66894026e+01,3.57457034e+02,-2.66986004e+01,5.96501461e+02,1.86081125e+02,8.28808192e+01,-5.03619806e+01,3.15271591e+02,3.55827187e+02,1.85893611e+02,-9.07419838e+00,-5.01980739e+02,2.80488667e+02,1.84786621e+02,3.45111666e+02,2.89989650e+02,3.32333933e+02,-5.78499135e+01,2.54586337e+02,-2.33560659e+02,-1.04364027e+01,-5.18857232e+02,-2.94328536e+02,3.67592569e+02,-8.46077364e+02,2.73388452e+02,1.57046362e+02,7.74592018e+02,-2.41509718e+02,2.85347612e+02,-1.10689999e+02,-4.52237561e+02,-6.73043809e+02,-7.73691769e+01,-8.22157830e+02,1.48996540e+02,-1.94830515e+02,2.81737492e+02,1.91397716e+02,-2.38791603e+02,-2.35371257e+02,3.63372872e+02,-5.56417874e+02,-1.13528261e+02,-1.92017667e+02,2.17990721e+02,-4.77977044e+01,5.31311481e+01,-1.98536971e+02,5.29507762e+02,-4.45850950e+02,8.94668517e+01,5.59233235e+02,-3.19568132e+02,1.76233001e+01,-3.53052543e+01,-6.40077584e+02,-4.32660878e+02,-7.30286687e+01,2.46744576e+02,3.00281875e+02,4.60842042e+01,-7.54954193e+01,2.02941452e+02,-4.19647751e+02,2.17370055e+00,-4.71408692e+02,-2.57162134e+02,4.40830074e+02,-2.75088492e+02,6.00059922e+02,-1.97934359e+02,3.29409020e+02,2.37789069e+02,-5.80959179e+02,-2.66345202e+02,8.03097521e+01,-3.70395169e+02,-3.29227194e+02,-8.08869781e+02,-5.20172248e+02,-4.86949512e+02,-4.02358680e+02,1.98163689e+01,1.27058282e+02,1.29114904e+01,1.95673002e+02,-5.31997254e+02,1.33297487e+02,1.96003449e+02,-6.21875739e+02,-6.00301398e+02,-3.81561491e+02,-2.18321551e+02,1.81091363e+02,7.24483539e+00,-4.15070253e+02,3.30974538e+02,-1.87079175e+02,4.68658704e+02,-8.32202807e+02,5.63492717e+02,-3.63367302e+01,-3.44194525e+02,-2.44806448e+02,2.94447356e+01,3.98449916e+02,-7.01121585e+02,-1.31056820e+02,-1.89181467e+02,4.55132435e+02,7.82184635e+02,-9.06438711e+02,8.72461778e+02,4.24906327e+02,-6.97377292e+02,-3.28339129e+02,7.11294276e+02,5.63698677e+02,-1.67318332e+02,-3.62396485e+01,9.92193471e+01,6.61887108e+02,-4.94584194e+02,1.51205618e+02,-6.97105270e+01,2.84991326e+02,-6.88860825e+02,-6.87166761e+01,-3.12321876e+02,4.41585373e+02,3.98323631e+02,-8.00815767e+02,-4.62027452e+02,-2.12467558e+02,-3.62332637e+02,-1.35448758e+02,-2.15225670e+02,4.00622697e+02,3.89203018e+02,-5.39905641e+01,-4.27345762e+02,-7.80551344e+02,4.08469268e+02,-4.73165884e+02,-2.95005522e+02,4.64637367e+01,-3.21513777e+02,-3.88634410e+02,-2.42145822e+02,-3.95233672e+02,-2.50638429e+02,-4.74433014e+02,5.42806170e+02,6.01730828e+02,-3.38489460e+01,-2.23571570e+02,-1.31388348e+01,3.97239488e+02,-8.22508161e+02,-1.94676694e+02,4.68890530e+02,6.27162100e+02,-1.70761758e+02,1.05901074e+02,5.08455420e+02,1.46350046e+02,-6.12260960e+01,-4.11102261e+02,2.09614266e+02,-3.34589505e+02,-1.47266897e+02,-1.80311861e+02,-1.74052239e+02,1.87044938e+02,7.31184436e+02,3.68550704e+00,3.85229364e+01,-8.46715376e+02,-1.62485218e+02,-3.53828747e+02,4.18789448e+01,-3.94856650e+02,7.37012224e+02,7.63482860e+02,1.39501277e+02,-1.41660758e+02,1.36644217e+02,2.37172048e+02,-4.45917355e+02,-7.19329677e+01,1.30611617e+02,1.31246963e+02,5.28316951e+02,4.20079164e+02,-1.95186525e+02,2.65507259e+02,-9.03741269e+02,-3.91903861e+01,8.00263174e+02,9.45278566e+01,-6.19624398e+00,3.07773988e+02,-2.69597011e+02,8.69200642e+02,-1.17285075e+02,7.94695091e+02,3.47631922e+02,-3.61641549e+02,2.87703322e+02,-2.88881762e+02,-6.44499276e+02,-4.05592404e+01,-5.30071501e+02,-5.00146139e+02,-4.88688367e+01,3.01847658e+02,-5.59791280e+01,-3.16065795e+02,7.12535967e+01,-6.80295314e+02,-8.43474431e+01,-7.79345354e+02,4.90968684e+02,-1.38270826e+01,-4.78705210e+02,-1.79594276e+02,1.64282192e+02,-3.02603119e+02,-4.41275616e+02,8.43556005e+02,-2.12229530e+02,-4.16320331e+02,2.38237447e+02,-1.13775350e+02,4.82175950e+02,-1.36228676e+01,8.11815562e+01,9.58797370e+02,-1.66399399e+02,-3.29379930e+02,-3.52235006e+02,-5.00117859e+02,-3.11992683e+02,2.66903523e+02,1.99495890e+02,2.02791647e+02,7.04627965e+02,2.22081398e+01,1.59342121e+02,-6.21499623e+02,2.23455180e+01,-2.18937186e+02,-2.51712759e+02,1.56843107e+01,3.28982417e+02,3.60331204e+02,6.52012486e+00,8.81739109e+01,2.78022321e+02,3.53011656e+02,-2.25721251e+02,-1.22091698e+02,1.60111855e+01,-2.21509719e+02,-7.35446075e+01,-2.57077839e+02,7.12624157e+02,6.10444339e+02,-1.22217680e+02,1.14520371e+02,-2.39858468e+01,-2.24219234e+02,3.15150836e+02,-8.41085430e+01,3.65327367e+02,-5.05814733e+02,1.78376948e+02,-1.03433188e+02,-5.15317049e+02,-2.38897627e+02,2.57427238e+02,-8.12637551e+02,3.96490922e+02,4.63757223e+02,-6.83911172e+01,-4.98256091e+01,-3.08362034e+01,2.30374866e+02,-3.11137251e+02,3.41740631e+02,2.68933751e+02,-9.83525379e+02,-3.13262510e+02,2.14471815e+02,-8.77949850e+01,3.63084154e+02,-5.79466878e+02,-7.71040560e+00,-3.92248082e+02,-1.16716216e+03,7.10300954e+02,-5.61102624e+02,-5.46987174e+02,8.33545705e+01,1.20737444e+03,3.05217550e+00,-2.06364801e+02,-1.89463989e+01,-6.48455519e+01,-8.35771233e+02,-5.81590763e+02,7.38104218e+02,-5.13915991e+01,-3.73590347e+02,4.77233708e+02,-3.25178371e+02,3.70537415e+02,5.12255175e+02,-5.78646867e+02,-2.42844079e+02,-3.24720534e+02,-1.40145551e+02,-1.82650102e+02,-6.59998593e+01,1.31946111e+02,-3.17056758e+02,2.79613461e+02,5.63929159e+02,-1.50126392e+02,-1.68178140e+02,1.29307407e+02,5.39185669e+02,4.61607394e+02,3.42984427e+01,-1.82319603e+01,-5.12305130e+01,-4.79927447e+02,3.56940135e+02,-2.26868575e+02,1.85845284e+02,-1.48649348e+02,2.74396259e+02,1.65047205e+02,-7.43740360e+02,-2.62557810e+02,-7.44200507e+02,-3.07798548e+02,6.93687967e+01,-1.62667061e+02,2.84113501e+02,-2.72862265e+02,1.86993538e+01,9.79967415e+01,7.02986208e+02,3.54636714e+02,-2.54329719e+02,1.80561039e+01,1.05824016e+02,3.75626576e+02,-5.58917202e+00,4.79768816e+02,2.31628596e+02,8.40353546e+02,2.56833844e+01,6.44461562e+02,-2.46500073e+02,-3.64368219e+02,7.66635889e+01,6.91114754e+01,2.84895140e+02,-6.34885991e+01,-1.48399966e+02,2.43061163e+02,-4.32777642e+02,-4.90718088e+02,7.24329426e+02,-5.72127170e+01,-4.02858192e+02,-7.13330544e+00,-1.32393499e+02,3.31068811e+02,3.13492369e+02,-1.86098896e+02,9.34971194e+00,-2.56306879e+02,-3.08115202e+02,-2.68599813e+02,-9.02882512e+02,-3.20753504e+01,-6.12388710e+02,-5.20804208e+02,-3.74280031e+02,1.65413351e+02,-3.57316982e+02,2.04907813e+02,-5.35936528e+02,9.16658276e+00,-3.84452207e+02,7.00586461e+01,1.08481397e+02,2.75547710e+02,-1.86450544e+02,-1.41845222e+02,2.47683150e+02,5.68305290e+02,3.06481460e+02,7.35181243e+01,-6.46775597e+02,-1.30212138e+02,-2.91244105e+02,-5.74203567e+02,3.92266590e+02,-3.26426167e+02,-4.23916659e+01,-2.17911628e+02,-9.56070871e+02,4.73768943e+02,-1.56585299e+02,3.88737043e+02,-6.58509737e+02,6.18433226e+02,4.07750582e+01,-2.93215341e+02,4.54477475e+01,-2.21098939e+02,-6.45898907e+02,1.35464064e+02,2.66464099e+02,2.96029906e+01,-3.40591583e+02,-1.23405952e+02,1.54251233e+02,2.77980162e+02,6.04955058e+02,2.39693935e+02,-2.20939032e+02,8.34875615e+02,2.70551750e+02,3.70556661e+02,-1.59879690e+02,2.53052973e+02,1.64031595e+02,-5.83136630e+02,-1.79498950e+02,-3.71495527e+02,-2.97547616e+02,-9.80747213e+01,-1.62417851e+02,-3.51806094e+02,-1.07157600e+03,-2.85972640e+02,1.45488153e+02,9.14885262e+01,8.93961997e+01,4.65048026e+02,1.72014421e+02,3.02897815e+02,-3.98834936e+02,4.35214840e+02,-4.60608593e+02,-7.19040603e+02,1.79549957e+02,-3.79837454e+02,-3.94495518e+02,-1.48883222e+03,-1.11428172e+02,7.55473383e+02,4.39317517e+02,-9.70661915e+01,-1.10393544e+02,2.82515721e+02,6.39647457e+02,-3.82085868e+02,-9.16490504e+01,-3.00620554e+02,-3.38780127e+02,-3.20367715e+02,1.48656161e+02,6.77847820e+02,-6.20006140e+02,-5.00485531e+02,2.28456345e+01,-8.25854389e+01,-1.35869205e+02,-8.77755587e+02,5.34451798e+02,2.36694260e+02,8.26532519e+01,4.59813215e+02,-2.87226326e+02,2.81712544e+02,2.56081294e+02,4.98897561e+01,-4.54789803e+01,1.15636567e+02,-1.51128916e+02,4.44193484e+02,-4.10692538e+02,3.96868480e+02,8.77864273e+01,1.06817019e+02,2.22187749e+02,-8.10183883e+02,6.08713641e+01,-6.05240636e+02,-4.76294822e+02,-4.62968091e+02,-4.26765647e+02,1.37370958e+01,1.24549200e+02,4.55818931e+02,9.12670895e+01,1.29955238e+02,-6.71452356e+02,-2.37297387e+02,3.11572300e+02,1.41288488e+01,1.61385912e+01,-7.77228240e+01,3.45624619e+02,-8.60931650e+02,1.00218132e+02,2.24156399e+02,4.26499136e+02,3.65406438e+02,-5.36076937e+02,7.49839503e+01,4.02486907e+01,4.18606000e+01,1.84092068e+01,-1.83920843e+02,-2.99624687e+02,1.49808528e+02,5.89653142e+02,-8.33338939e+01,9.14450162e+01,1.64834284e+02,-2.35418964e+02,-2.33594757e+02,-1.09201624e+03,-3.62501563e+02,-4.78323068e+02,-7.20748137e+01,-5.99427010e+02,7.09387952e+02,-2.79841572e+02,-4.98643405e+02,-1.47708359e+03,6.19458551e+02,1.28735680e+02,-1.25714057e+01,-5.79913340e+02,9.61955642e+01,-1.62658185e+02,-3.07668151e+02,1.07904736e+02,3.02490318e+02,7.39297385e+01,-1.62307606e+02,-2.94028310e+01,7.83741825e+00,1.80371402e+02,-5.76053462e+02,6.59169982e+02,-3.94776138e+02,-2.55421370e+02,-3.96463329e+02,-9.17298568e+02,8.80809594e+01,-4.53554390e+02,-2.08179506e+02,3.21000207e+02,-2.26707859e+02,1.95717424e+00,-9.33143397e+01,-2.41630543e+02,1.49999571e+01,4.98999155e+02,-4.90570283e+02,8.68542607e+02,-1.87408895e+02,3.21682781e+02,-7.43600145e+01,1.38998438e+02,-1.11275136e+02,4.41994169e+02,5.89429441e+02,1.86775948e+02,5.12743819e+02,-3.64495847e+02,-3.15883817e+01,-2.15433226e+02,6.39880798e+02,5.41380409e+02,4.14466633e+02,-1.39920824e+02,-2.82481014e+02,2.52039604e+02,-2.44361588e+02,-1.29746025e+02,-6.86035414e+01,-2.47045355e+02,4.82977331e+02,-5.59538359e+01,3.69824533e+02,1.34488063e+02,1.61573306e+02,-3.21671748e+02,3.02974248e+02,-1.69781124e+02,-1.20225359e+02,-2.79760364e+01,-4.79059617e+02,7.24350481e+02,-2.65884517e+02,-3.73320569e+01,1.87069709e+02,1.63206378e+02,6.68823207e+02,-1.56743060e+02,7.21649495e+02,6.53328747e+02,-9.12638692e+02,8.21635210e+01,-1.91967834e+02,1.34576749e+02,7.96576184e+01,1.64508257e+02,5.69261226e+02,8.70597620e+02,-7.36690266e+02,7.21760452e+02,-8.69553449e+02,-7.25066913e+02,-1.14922702e+02,-9.07694419e+00,6.61861178e+02,3.64184337e+02,-1.72769005e+02,-8.69436522e+02,6.60630383e+02,-4.23072070e+02,-9.60815384e+00,-4.79761754e+01,1.16866660e+03,-2.65077351e+02,-9.90910334e+02,2.90214410e+02,-1.52040907e+03,1.06261343e+02,-3.36362987e+02,-1.69971283e+02,-2.57401303e+02,-5.51290570e+02,3.84601417e+02,-3.39585599e+02,-8.63876564e+01,-7.36160492e+02,-6.21973853e+01,-4.51599498e+02,-7.01776276e+02,-1.14870770e+03,9.64420640e+01,-3.03743768e+02,-6.28376505e+00,-1.26114357e+02,-7.46652338e+02,-5.93914018e+02,-4.98777045e+02,-5.01618932e+02,5.14463849e+02,8.82642083e+01,-4.49600694e+02,-1.75615578e+02,-2.12106527e+02,3.50178445e+02,-3.12842879e+02,-1.15205928e+02,-2.14235122e+02,-3.39238862e+02,-3.52785330e+02,3.61581836e+02,-1.62763129e+02,-8.54358196e+02,7.26664367e+02,4.43015767e+02,5.77932454e+01,-6.85390235e+02,-7.09622949e+02,1.00673383e+02,1.40800084e+01,-2.81624436e+02,-4.55824404e+02,3.33987860e+02,-7.36794335e+01,2.56269424e+02,4.63747441e+02,3.17477011e+02,3.27289837e+02,2.38824289e+02,-1.91641694e+02,-1.18348133e+02,-2.04594366e+02,-3.29146749e+02,-4.30984569e+02,-6.08282621e+02,-3.67125636e+02,-7.72718915e+01,-7.49881048e+02,-8.25913511e+01,3.05522877e+02,-6.73128479e+02,2.37888487e+02,2.05085487e+02,-6.60550461e+02,-5.34151058e+02,-1.48316347e+02,1.97028497e+02,-3.73701093e+02,6.60544103e+02,5.91047399e+02,-7.06694263e+02,4.74651850e+02,3.33178071e+02,7.33582392e+01,2.35822901e+02,-4.00052920e+02,-1.33963518e+02,5.01511127e+01,1.66732712e+02,4.24234676e+02,-4.77332304e+02,-4.14513228e+01,1.67262180e+02,-1.30371772e+01,-2.49150815e+02,1.85607841e+02,-2.50675745e+02,-1.87639359e+02,3.50382786e+01,-5.64182300e+02,3.22814226e+01,-2.17984816e+02,-1.17959003e+02,9.42350693e+00,-5.31287089e+02,5.27891747e+02,-2.50332111e+02,-1.21186594e+03,-7.95090239e+02,3.65041902e+02,-3.33467101e+02,-1.61091781e+02,-2.72070009e+02,-1.57132864e+02,-9.36702909e+02,-1.01940897e+02,-5.99010492e+02,-3.11399471e+02,2.39545821e+02,6.96980681e+02,-1.70823855e+00,-2.70707007e+01,5.45901035e+02,-4.75134629e+02,3.35077253e+02,8.61206811e+01,-3.92790888e+02,-1.70982816e+02,2.27683369e+02,1.66581946e+01,9.49017482e+01,1.08630373e+02,-2.20582555e+02,-2.61867970e+02,-4.93145225e+02,4.67159963e+02,-5.95389910e+02,-4.38870386e+02,9.25725436e+01,-8.35150633e+02,1.81290562e+02,5.83372188e+02,-4.63963014e+01,6.88196611e+01,-2.34446248e+02,-1.91893140e+02,9.57314882e+01,3.50635617e+02,-3.77329321e+02,2.86739626e+02,-1.05101924e+02,-3.66630532e+01,2.50674250e+02,1.76845140e+02,-8.39358880e+01,-4.94922175e+00,2.23377691e+02,2.63202237e+02,-6.71727094e+02,6.04155346e+01,5.05126150e+02,-9.07870796e+02,3.03807081e+02,-1.11567062e+03,-8.58785133e+01,-1.39809440e+02,-7.87392503e+01,-8.49890818e+01,-2.42321099e+02,-3.61919936e+01,1.54283224e+02,-2.25581184e+02,1.30275709e+02,8.13097332e+02,-5.99709682e+02,-2.49886803e+02,3.43246465e+02,2.30473454e+02,3.86071364e+02,1.52838174e+02,2.62391978e+02,-1.72469240e+02,-4.57351057e+02,-3.97629321e+02,-1.96398451e+02,6.67080367e+00,-3.92350687e+02,-1.41038405e+02,6.29856076e+01,2.16425668e+02,-9.29375314e+01,5.26892430e+02,-4.78255427e+02,-4.94062162e+01,-2.79605046e+01,2.61404838e+02,-3.84144337e+02,-2.40503942e+02,2.52551366e+02,4.67486880e+02,6.53956170e+02,3.27927421e+02,3.87070011e+02,-2.76727718e+02,5.85833641e+02,6.27287484e+02,-5.90127487e+01,3.66685420e+02,3.56249287e+02,-2.35061850e+02,1.83786440e+01,5.75070481e+02,-2.58035498e+02,-1.15182944e+02,-5.67660049e+02,2.50610105e+02,-7.28755320e+01,1.65840144e+02,8.69107500e+01,-3.88704905e+02,4.29893659e+02,3.80114682e+02,-2.24646956e+02,1.70330587e+02,-5.37540237e+02,-4.85006930e+02,2.19239915e+02,-6.44381861e+02,-2.55448560e+02,8.73436037e+01,7.57216889e+02,-2.26403346e+02,-9.79063618e+01,-1.37402035e+02,1.07176169e+03,1.34754702e+02,-4.04330771e+02,6.39807682e+02,5.87799160e+02,2.81499711e+02,6.84437309e+02,7.56251719e+02,-9.67753389e+01,-2.80183670e+02,-3.01117842e+02,2.50376048e+02,3.53963735e+02,-4.62431060e+01,-1.93796375e+02,-5.73591941e+02,-2.78756076e+02,-4.14681135e+02,2.76782508e+02,1.41491091e+02,5.81683765e+02,5.53859434e+01,-2.35825580e+02,-7.42853186e+01,3.74308870e+02,1.23108796e+02,4.79107537e+02,5.36573710e+02,-1.28283513e+02,-8.27325996e+01,-9.01927966e+02,4.96464965e+02,-5.02632278e+01,4.72544564e+02,-1.73410473e+02,-5.46090046e+02,1.84373208e+02,6.45842488e+02,-2.28853875e+02,6.36627277e+02,-6.73318041e+02,-2.11171689e+02,-7.32628567e+02,2.05469372e+02,1.07266159e+02,9.14330953e+00,-5.59059431e+02,8.18688618e+02,4.90458224e+02,7.67920083e+01,-4.27956616e+02,2.03009024e+02,-2.52009104e+02,-8.34386838e+01,-2.03766829e+02,1.92912272e+02,-9.50407838e+01,-1.88847250e+02,1.79336757e+02,2.43469599e+02,-7.94169813e+02,1.82562911e+02,6.23583940e+02,3.90766466e+02,-1.23428293e+02,3.09399549e+01,-3.33409409e+02,5.47159735e+02,1.61260087e+02,-6.18989030e+01,-6.39192232e+01,1.01249868e+03,6.32125766e+00,2.85649543e+02,6.72249041e+02,9.06705897e+02,5.90941397e+02,3.94256208e+02,-5.88665535e+02,-4.03740343e+02,3.21047185e+02,1.43719601e+01,2.99668843e+02,1.70134377e+02,5.47550084e+02,-7.20110496e+02,-4.55915443e+02,-6.12868822e+01,-8.02335433e+02,1.80291998e+02,3.66435023e+02,1.28298521e+02,-2.11090484e+02,2.19514297e+02,1.31815744e+03,2.41314898e+02,1.41645527e+02,-4.55086041e+02,-6.11766979e+02,-1.45338882e+02,2.86554126e+02,-4.85987944e+01,1.94335104e+02,3.25938224e+02,-5.58492755e+02,2.30182046e+02,4.82679254e+02,5.43451620e+02,-5.41540890e+01,1.06865824e+01,-8.48466988e+01,-4.65412228e+02,-6.22369038e+02,7.71613829e+02,-6.42348143e+01,-5.47779094e+02,2.22396699e+01,-2.14284593e+02,8.45769451e+02,-2.19802874e+02,-3.21965998e+02,2.92011349e+02,-1.35272884e+02,4.02413540e+02,-4.92109525e+01,9.31606129e+02,4.67466239e+02,-8.26347936e+00,-3.35043862e+02,2.30749520e+02,-5.14017167e+02,-1.05941417e+02,5.65478744e+02,-2.59497986e+02,-4.35726896e+02,-2.06385941e+02,4.82371402e+02,1.34141163e+02,-7.71148853e+02,2.85460372e+02,1.36274491e+02,6.52699789e+01,-4.73242567e+02,1.75217428e+01,3.24767777e+02,4.72633599e+02,5.93464174e+02,2.44273829e+02,3.98078346e+01,-4.72045818e+02,-4.42095432e+02,-6.88021689e+02,-8.55616841e+01,2.93820220e+02,-2.22365817e+01,4.97544489e+02,-2.94497979e+02,1.70701276e+02,-1.14046422e+02,-2.74281107e+02,5.47577213e+02,6.93812860e+01,5.69188569e+02,2.87443385e+01,2.30446068e+02,-1.82650138e+02,5.79283700e+02,-1.11326590e+02,-4.79405498e+00,-7.26207466e+02,-9.93761672e+01,6.73939481e+02,6.19017729e+02,2.43345636e+02,-1.39986103e+02,3.47358415e+01,-1.65669068e+02,-5.63114758e+01,8.34391391e+02,1.81927750e+01,-2.20997935e+02,-1.02455257e+03,-5.01302229e+02,-3.48592912e+02,-6.21622635e+02,-5.22689495e+02,-6.59966748e+02,-4.29864584e+02,-3.50615695e+02,-4.44907455e+02,4.41537186e+02,-2.34970915e+02,-8.99040683e+02,3.72249048e+02,-2.68994703e+02,-7.60872580e+02,9.02798521e+02,-2.23694187e+02,1.82634901e+02,3.78946932e+02,1.13808703e+01,2.41319884e+02,8.36161778e+00,-1.18856957e+01,-1.25721045e+02,-6.72073279e+02,9.95058840e+01,-1.20709901e+03,6.07581095e+02,-4.06053765e+02,-1.31539484e+02,-1.66048552e+02,9.98174146e+01,-1.75429156e+02,2.68086717e+02,-5.02425384e+02,3.51182246e+02,3.62856976e+02,1.43884586e+02,9.00795752e+01,1.85295941e+02,6.95384779e+01,2.82467971e+02,-8.55011823e+01,-5.84520400e+02,9.03951304e+01,-2.16934397e+02,-4.00865852e+01,4.64482764e+02,-7.53593083e+02,7.91057139e+00,1.24524052e+01,8.08772763e+01,3.07837919e+02,-1.27626896e+02,7.82753913e+02,4.46262848e+02,-1.62844981e+02,-9.92793716e+01,1.94052418e+01,7.25419998e+02,-5.16804548e+02,-9.67655030e+02,2.68327972e+02,-1.11600160e+02,-1.17756586e+02,1.56779458e+02,7.27381874e+02,4.41328601e+02,-1.62614289e+02,-4.71015296e+02,-5.88440293e+01,2.73612745e+02,-1.23615444e+02,-6.92489119e+02,-2.85688020e+01,-8.65453658e+02,-4.54752270e+02,7.42299374e+02,-4.75746881e+02,-6.20156932e+02,-4.84127625e+02,-3.30616042e+02,3.10054644e+02,7.67834601e+02,-4.77435842e+01,2.56650262e+02,-1.67237024e+02,-6.48406052e+02,4.37854761e+02,-4.25345323e+02,2.64692350e+02,3.35159836e+02,-7.27550232e+01,3.83503415e+02,4.06642644e+02,1.00410720e+03,-1.37314759e+02,-4.32631362e+02,-5.94763771e+02,-1.41556089e+02,-2.46054439e+02,9.43412261e+02,-4.12821967e+02,9.49744622e+01,6.80637377e+01,-2.41336087e+02,-7.56319495e+02,-6.06207120e+01,9.11340255e+02,1.05842409e+02,6.69694925e+01,-4.99895771e+02,-5.62035965e+02,-9.33959928e+01,4.50795713e+02,-2.09961813e+02,9.91131549e+02,-4.08201771e+02,1.58332872e+02,-1.92597672e+02,-6.36648717e+02,3.04842416e+01,-4.79355335e+02,-6.94502564e+02,7.65791637e+01,2.21555583e+01,4.80435100e+02,1.97589435e+02,-3.15409392e+02,2.11909797e+02,-7.70174752e+02,-4.91742918e+02,8.46975085e+02,1.19050912e+02,-1.30067111e+02,-2.99090237e+02,-4.03201684e+01,-7.34701988e+01,7.93586544e+02,3.81455314e+02,-1.35478774e+02,-6.51505074e+01,-3.75938914e+02,-1.87717511e+02,-6.26063827e+02,4.47101527e+02,6.80289141e+01,1.26975986e+02,1.42222564e+02,-5.29763210e+01,-1.71928872e+02,-4.15418154e+00,-9.92320746e+02,-1.75734292e+02,-7.49422729e+01,-8.44619399e+01,5.11920307e+02,5.89391700e+02,1.51262402e+02,-8.92909698e+02,5.98402862e+02,-1.89378070e+02,-3.59739210e+02,-8.15173799e+02,-3.04549098e+02,5.49747340e+02,2.55760479e+02,6.82466585e+01,2.87946933e+02,-5.42167509e+02,-4.16080250e+02,5.17872222e+02,3.58720115e+02,4.81871554e+02,-1.23369935e+00,6.55702591e+01,5.16416378e+02,9.22998764e+02,-2.29780638e+02,3.52488353e+02,-1.58320074e+02,-3.92303840e+02,-3.18845256e+02,-2.85707501e+02,-1.38687174e+02,-4.76887107e+02,-2.17570689e+02,-1.29882875e+03,3.17002183e+02,1.86598542e+02,-3.37042636e+01,-3.85329680e+02,-2.07971720e+02,-5.04271281e+02,1.07688237e+02,7.67868936e+02,-1.93121939e+02,-1.54361786e+02,2.04282813e+02,-4.52427324e+02,8.11733535e+02,1.54753510e+02,1.69304733e+02,4.82936008e+02,1.46074737e+01,5.25874545e+02,1.53985756e+02,-7.86121651e+01,8.95664473e+01,-2.17555899e+01,6.51238066e+02,8.34581209e+01,1.39413634e+02,-8.41470672e+01,1.22160403e+02,-8.64887891e+02,-3.46423750e+02,-4.32273114e+02,4.80049865e+02,-2.76071763e+02,-5.99259177e+02,5.48899665e+02,-1.13668808e+02,4.08269328e+02,-8.53799175e+02,2.28855352e+02,7.11477838e+01,5.48964579e+01,-8.44502608e+01,-6.15499581e+01,4.59830384e+02,-4.09231757e-01,-4.62248490e+02,-1.51857717e+02,2.35832609e+02,-1.09139695e+03,-8.67087166e+02,1.50066866e+01,1.06356014e+02,-4.07273153e+02,-3.71370910e+01,1.01361888e+03,3.08080268e+02,-5.23961967e+02,8.75705766e+01,-8.49095470e+01,9.70841221e+01,-3.20188604e+02,1.75045619e+02,2.63400744e+02,-6.37287068e+01,1.05156666e+03,-9.81794139e+01,-3.00492064e+02,1.82353987e+02,3.88490421e+02,-3.30445972e+02,-2.66919988e+01,8.97202583e+02,-2.22765599e+01,5.48497433e+02,1.34336815e+02,-8.99870667e+01,-2.42826233e+02,5.30168513e+02,-5.15968927e+02,-2.00999479e+01,-1.42930004e+02,-3.94475423e+02,1.54302220e+02,2.21693359e+02,8.00806220e+01,-1.52022698e+01,-3.62976763e+02,1.73915652e+02,-1.72585993e+01,-2.33834721e+02,-2.02111874e+02,1.84693428e+02,-4.45886259e+01,-3.42957555e+02,-9.95719670e+02,8.40290567e+01,2.16531613e+02,-4.35343634e+02,-2.11059985e+02,7.70812954e+02,6.92166831e+01,3.33103418e+02,6.16034736e+01,3.45211492e+02,4.66938218e+01,-3.69637160e+02,-3.70776083e+01,7.69619497e+01,2.61575184e+02,7.49926415e+02,4.61125728e+02,1.89960127e+01,1.56685681e+02,5.65129421e+02,2.45414092e+02,-6.80639592e+02,-2.51138803e+02,1.26304620e+02,8.00274108e+01,2.47507747e+02,-4.92783616e+02,1.15182738e+02,3.74938712e+02,4.63145277e+02,-4.19037222e+02,-4.67142077e+01,-2.24205195e+01,-1.30824758e+02,-3.10344115e+02,-1.82933560e+02,-3.21084677e+01,7.54536875e+01,3.87565695e+02,-2.92176314e+02,7.50451224e+02,3.32656469e+02,2.35152725e+02,3.12572685e+02,2.84185539e+02,3.07300917e+02,5.07173851e+02,-4.15498033e+02,5.91711717e+02,-1.04379011e+03,2.91847326e+02,-1.01698823e+03,7.88141640e+02,6.82690724e+02,-1.07573804e+02,-4.60168913e+02,-3.95799126e+02,-5.40206205e+02,-5.82765241e+02,5.35931796e+02,4.02432633e+02,2.26740834e+02,2.98130301e+02,3.81559958e+02,-3.61095246e+02,-1.86729616e+02,5.36147936e+02,-1.15566146e+02,4.94669937e+02,6.86308920e+02,-3.97761298e+01,-6.75833839e+02,1.25680962e+01,-1.04982128e+01,-9.23349599e+01,8.23086278e+00,-6.27683568e+02,-1.70755532e+02,5.83886356e+01,8.38847225e+01,4.54410494e+02,-3.75991804e+02,5.72456130e+02,-3.79478090e+02,2.09617402e+02,3.66080355e+02]
gas_BEE = [-1.03725684e+01,-2.58139803e-01,-2.27236142e+00,7.26251985e+00,-3.60249095e+00,-2.83723754e+00,-7.23629709e+00,-1.56662065e+01,-6.44230261e+00,-6.98753413e+00,-5.72157723e+00,4.63735160e-01,3.55091661e-01,1.31770523e-01,5.62237446e-01,7.77616762e+00,-3.60531062e+00,-2.46590499e+00,3.61455026e+00,-1.84041784e+01,9.06774293e+00,-3.69649891e+00,-1.03085858e+00,-1.70838621e+00,-1.73118796e-01,-1.07775103e+00,1.48644810e+01,-2.98138037e+00,-1.42624605e+00,-8.88885349e+00,1.24236011e+01,-1.64044382e+00,-6.80545971e+00,3.37504355e+00,-4.90011465e-01,3.96673405e+00,-2.18626666e-01,5.58830500e-01,5.47047466e+00,-1.70046809e+01,9.24479809e+00,1.85604368e+00,-1.27864850e+00,-5.17014169e+00,2.03289647e+00,-2.50801098e+00,7.91950137e+00,5.97647220e+00,-3.99040148e+00,-5.06269669e+00,-5.00222511e+00,-6.02954623e+00,3.11964272e+00,-8.60735656e+00,2.34832315e+00,9.95340114e+00,1.15775723e+01,5.54218941e+00,2.96398516e+00,4.92983247e+00,1.50875079e+01,3.39677284e+00,-9.23358888e+00,-2.04778242e+00,-4.68904180e+00,1.04142668e+01,-1.26235606e+01,-1.01888155e+01,-5.03396646e+00,-2.12689528e+00,-7.02388862e+00,4.59386704e+00,2.20644965e+00,2.20471737e+00,-6.47745467e+00,-5.82114968e+00,-9.27795880e+00,5.91325137e+00,-5.29173652e+00,4.91279665e+00,-1.15163441e+00,-5.13490159e+00,-9.01458040e+00,-2.62512300e+00,-2.50818853e+00,-2.54923847e+00,6.61713449e+00,1.20836574e+01,-7.01291859e+00,-1.32437509e+01,-3.23389690e+00,1.84271956e+01,-9.31781616e+00,5.33110227e+00,-1.54577994e+00,-1.04349857e+01,4.62789664e+00,5.61384814e+00,-2.46837322e+00,5.23149785e+00,-4.60948958e+00,-9.15188810e+00,1.58328080e+01,7.41796893e+00,4.31011196e+00,1.93736848e+00,3.15442296e+00,1.37181526e+01,-4.47914970e+00,5.90494637e-01,-2.33311476e+01,3.38332330e+00,-1.13275046e+01,2.13847881e+00,3.46086333e+00,-5.70385361e+00,-8.73078628e+00,7.87393843e-01,-5.03872224e+00,6.60445614e+00,-7.60110434e+00,-8.81493769e-01,-6.28545704e+00,-4.20433934e-01,2.29532546e-01,3.12375807e+00,8.31343613e-02,-1.21055430e+00,1.04896100e+01,1.51519761e+01,8.06297623e+00,1.19474681e+01,-2.32073945e+00,1.55295032e+00,8.68003237e+00,-2.00398451e-01,-1.25124330e+01,-6.95847256e+00,-8.20439910e+00,-4.91615219e+00,4.45312232e+00,-1.98618464e+01,-2.25266207e+00,7.25824643e+00,-6.81611133e+00,-5.43673185e+00,8.91825500e+00,7.92825805e+00,-5.00972275e+00,4.21814935e+00,-4.23399033e+00,6.26036883e+00,1.29433548e+00,2.41248926e+00,-1.40044734e+01,-8.04091203e+00,-1.59925781e+00,-4.03539352e-01,-6.66716353e+00,1.81247478e+01,-2.46942898e+00,-5.05248598e+00,6.69393792e+00,-7.69216544e+00,-5.98851468e+00,5.13646814e+00,1.78883786e+00,1.72480453e+00,2.14320181e+00,-1.87486988e+00,2.30058456e+00,9.78209843e+00,-4.85354596e+00,3.29683311e+00,1.49124872e+01,5.21465058e+00,-7.18393870e-01,-3.07209951e+00,2.53337076e+01,-3.65283300e+00,6.36098611e+00,4.47901543e+00,5.24638073e+00,1.54250973e+01,7.95057230e+00,-7.29050150e-01,3.74966129e+00,8.36863570e+00,6.25431687e+00,-9.70878854e+00,1.56215227e+01,-1.43407934e+01,-2.42118502e+00,9.46598941e+00,1.82748617e+00,7.28969680e-01,5.08391231e+00,3.22305547e+00,5.46955489e+00,-1.03582379e+01,6.14564665e-01,-4.09357439e+00,-1.06770234e+00,-1.86941032e-01,-1.83916820e+00,-9.39562402e-01,1.39852004e+01,-9.32982487e-01,-4.90298467e+00,-4.23056136e-01,2.27528291e+00,-1.01870053e+01,-8.04841251e+00,-5.68624593e+00,-1.03625575e+01,-2.97145561e+00,-6.86022872e+00,2.95775012e+00,-8.33050148e-02,-2.00099761e+00,-1.43788244e+00,1.07795412e+00,-3.37601649e+00,1.07492802e+01,-1.40306869e+01,-2.04853804e+00,-2.63732411e+00,2.82941369e+00,3.16362828e+00,-8.21986716e+00,-2.41967674e+00,7.41442054e+00,-3.90688328e+00,2.28147988e+00,6.06825857e+00,-1.07169500e-01,1.91067685e+01,-2.59695172e+00,-6.01525409e+00,2.60677528e-01,-4.53415487e+00,8.56285977e+00,-7.25885117e+00,2.18614563e+00,8.83693383e+00,-2.30024195e+00,1.95848508e+01,2.09220808e+01,-1.17526437e+01,9.48740227e+00,3.31139715e+00,-8.94690331e+00,3.40996530e+00,6.51726852e+00,7.07229060e+00,7.34121148e-01,2.87406186e+00,1.19797077e+01,-3.85190587e+00,1.82656138e+00,1.14614935e+01,-5.99466315e+00,-3.29311209e+00,9.35298616e+00,5.07436738e+00,1.28470445e+01,5.02198697e+00,1.83433969e+00,4.11031560e+00,6.91295289e+00,-8.02302379e+00,7.88055729e-01,3.46143636e+00,1.52809489e+00,3.85500849e+00,-1.01088579e+01,5.68141578e+00,-7.22358921e+00,-5.23343205e+00,2.86880606e+00,-2.07897149e+00,9.53144664e+00,-3.37974802e+00,4.52384678e+00,5.14889595e+00,1.31381755e+01,8.96217065e+00,8.41763968e+00,-1.34625424e+00,-1.35274849e+00,-5.11811124e+00,1.31384925e+01,1.35913164e+01,6.15664238e+00,-4.18562203e+00,8.28610973e+00,-1.00093111e+00,3.39306460e+00,1.10814157e+01,-3.50762888e-01,-1.83455675e+00,-4.27407383e+00,-9.46093532e+00,1.59345609e+01,7.74133437e+00,-1.02147910e+01,-2.96088450e+00,4.14421300e+00,-2.01086669e+00,1.04305856e+01,2.69262200e+00,1.32484972e+01,4.45293686e+00,-4.20803649e+00,3.39910104e+00,-1.04302793e+00,-4.58473852e+00,2.75863032e+00,3.23118835e+00,1.47741584e+01,1.26721727e+01,9.32740981e+00,1.17756970e+01,1.25233715e+00,-4.56055905e+00,2.25782942e+00,-5.74710982e+00,-8.76647933e+00,-9.49747464e+00,-4.98283124e+00,-1.81185167e+01,-5.62473235e+00,-1.40840012e+01,3.10519122e+00,-7.67501815e+00,7.74579809e+00,-1.57398732e+01,-5.07309105e+00,7.52153595e+00,3.57519881e+00,-1.43705220e+01,9.39822845e+00,-4.61155341e+00,8.95522956e+00,-4.76446592e+00,-1.26576871e+01,2.70910298e+00,-1.04753275e+01,-1.50807318e+00,-6.16302670e-02,7.05785442e+00,2.07958652e+01,-7.42925883e+00,-6.22059884e+00,-9.01631458e-01,-1.64585455e+00,-1.32667683e+01,-9.74385358e+00,8.68325866e+00,-3.59879602e+00,3.12184415e+00,-8.09378695e+00,-2.24743664e+00,-7.06494086e+00,8.28274910e+00,2.61402358e+00,-4.06002011e+00,-2.40355045e+00,1.81034730e+00,-1.30472260e+00,6.62309065e+00,-4.42350269e+00,1.15374318e+00,5.44334568e+00,2.46955318e+00,-3.41313305e+00,2.58427870e+01,9.35849653e+00,1.22413805e+00,1.40412306e+00,-1.00088521e+01,5.28430316e+00,-1.23573299e+01,-5.17432478e+00,-9.69282908e+00,-3.07697205e+00,9.66142965e+00,-9.44728626e+00,3.55865737e+00,-6.57440176e-01,3.86552673e-01,-5.77075722e+00,-7.11489617e+00,-8.24177266e-01,-6.35029377e+00,-3.85279741e+00,-6.51542948e+00,-1.12710930e+00,-5.38139141e+00,-8.19404804e+00,3.88891593e+00,-2.55858788e+00,3.50790718e+00,1.71066043e+00,-1.22333189e+01,-8.76618681e+00,-7.61097030e+00,5.67149107e+00,-5.81238786e-01,-1.03788890e+01,9.40420454e+00,-7.08605973e+00,9.15562150e+00,-4.91566983e+00,-7.96867694e+00,4.52388103e+00,-1.17370414e+01,-5.72760736e+00,1.05036318e+01,3.53345488e+00,-6.42390235e+00,9.00266146e+00,-2.69368243e+00,-5.74968107e+00,-5.05784770e+00,-8.62614121e+00,4.02330634e+00,-1.48536146e+01,-1.33030367e+01,-1.05664376e+00,-4.85486137e+00,-9.86517814e+00,1.23335582e+01,2.24516232e+01,-4.48466610e+00,-3.71061408e-01,-1.05198732e+01,1.08338831e+01,3.35436325e+00,-2.96205743e+00,-6.42805958e+00,2.32049183e+00,-1.00253530e+01,-2.13812239e+00,-1.46926948e+01,5.30583316e+00,2.56700405e+00,-4.44927358e-01,-1.49009124e+00,-6.12817390e+00,-1.89578252e+00,2.21199750e+01,-2.72333893e+00,-7.69125068e+00,-1.12360115e+01,2.17424117e+00,-5.96007447e+00,1.15947000e+00,5.13271975e+00,1.03064743e+00,5.65362752e+00,2.72197037e+00,1.00370183e+01,4.71905949e+00,-5.72661447e+00,7.67074120e+00,5.98321220e+00,2.09759143e+00,6.83034516e+00,-4.38680068e+00,1.19883773e+01,3.58615252e+00,-5.32148830e+00,-1.22184816e+00,-2.78585084e+00,3.17296999e+00,-4.41513780e+00,-1.16062348e+00,-1.83204858e+00,1.33850306e+01,9.29761775e+00,-1.12509021e+01,-9.51533222e-01,-8.78542303e+00,-2.38128121e+00,-3.91191194e+00,1.38248347e+00,-4.90462664e-01,-4.44476272e+00,1.99906933e+00,-1.33681257e+00,-1.69894461e+00,1.43375901e+01,2.83585976e+00,-1.35204900e+01,-7.13440023e+00,1.54947044e+01,3.92285753e+00,-1.45938238e+00,1.80187297e+01,-3.14691894e+00,-1.51602174e+00,-1.74749659e+00,2.37827582e+00,4.99630461e+00,7.42897217e-01,4.83091818e+00,-2.35313841e+00,-5.93017652e+00,-6.49083821e+00,-8.10205465e+00,7.36322487e+00,2.50029286e+00,6.34554863e+00,2.67056626e+00,1.46639647e+01,2.93365005e+00,-1.29121137e+01,-5.50412951e+00,1.21420066e+00,-4.72596816e+00,1.03841782e+01,-2.22752033e+00,2.65589724e+00,8.70614564e+00,-1.29155848e+01,2.45780729e+01,3.30328146e+00,4.14541305e+00,6.14327838e+00,9.74354879e-01,-5.43795603e-01,5.55500979e+00,-5.78172119e+00,1.37402217e+01,1.20811163e+01,-6.32739849e+00,2.98178715e+00,1.16927021e+01,-3.70287380e+00,3.07788728e+00,6.21053092e+00,7.21745592e+00,-1.25015878e+01,-1.55320518e+00,-4.99878164e+00,-1.00583445e+00,-1.19802638e+00,3.55323167e-01,-2.87907920e+00,-4.71452689e+00,2.05402067e+00,1.51244380e+00,8.92578629e+00,-7.18123709e+00,6.75293353e+00,8.19329310e+00,-2.20070903e+00,1.30514399e+01,-1.12017130e+01,-1.71392245e+01,-9.00643704e-01,-8.40140194e-01,6.06290402e-01,1.27011288e+01,-8.51373025e-01,6.87364845e+00,8.90607187e+00,6.54138471e+00,-7.49933351e-01,1.03715354e+01,-2.71676513e+00,-5.88420515e+00,-7.13615400e+00,1.06263525e+00,6.34828648e+00,-8.84526047e-01,6.14389793e+00,-7.53340043e-03,9.76798036e+00,3.02360132e+00,1.29315075e+00,-7.54823529e-01,5.10616836e+00,6.60321994e+00,3.07651831e+00,-3.66962037e-01,-8.84143346e+00,4.68613208e+00,3.27661884e+00,6.05607865e+00,5.05114767e+00,5.92508622e+00,-1.16356860e+00,4.94181366e+00,-4.99367637e+00,-4.46092695e-01,-9.10351876e+00,-5.62333331e+00,6.95684541e+00,-1.50383760e+01,4.49758242e+00,2.59278993e+00,1.43401959e+01,-3.51876308e+00,5.35363885e+00,-2.25477311e+00,-7.95568332e+00,-1.18085248e+01,-1.87783323e+00,-1.50891353e+01,2.33293597e+00,-3.82572675e+00,5.27289609e+00,3.83161065e+00,-4.31857358e+00,-4.66938498e+00,7.02507749e+00,-9.18441306e+00,-2.15062175e+00,-2.80218383e+00,3.75189846e+00,-3.78668292e-01,7.29183151e-01,-2.84832623e+00,9.02267747e+00,-8.73805383e+00,1.52354263e+00,9.81331970e+00,-5.46399414e+00,4.63475677e-01,-6.90153557e-01,-1.13537285e+01,-7.38450533e+00,-8.29328385e-01,4.74324836e+00,5.32085939e+00,1.12818261e+00,-1.31183984e+00,2.92622387e+00,-7.12638921e+00,-2.19019429e-01,-8.82525719e+00,-4.57637900e+00,8.07823220e+00,-5.05933388e+00,1.10284271e+01,-3.62242145e+00,5.80943682e+00,4.29913545e+00,-1.00872995e+01,-4.65270651e+00,1.35401085e+00,-6.32789695e+00,-6.61219481e+00,-1.42522390e+01,-9.40882606e+00,-8.29542228e+00,-7.20474142e+00,1.00184484e-01,3.19146988e+00,1.19422859e+00,3.68341277e+00,-9.65376825e+00,2.03958898e+00,4.30491289e+00,-1.13625569e+01,-1.01829522e+01,-6.51365851e+00,-4.40138723e+00,2.79462103e+00,5.93632163e-02,-7.02274372e+00,5.45904222e+00,-3.38032159e+00,8.83582865e+00,-1.44098675e+01,1.00136362e+01,-1.00652304e+00,-7.14992747e+00,-4.35572175e+00,-6.12597564e-02,7.25214502e+00,-1.18632373e+01,-2.10700106e+00,-2.94392021e+00,7.60043538e+00,1.34508937e+01,-1.64073776e+01,1.53889470e+01,6.97491602e+00,-1.25091393e+01,-5.69040588e+00,1.27320718e+01,9.89079395e+00,-3.31543353e+00,-1.05288024e+00,2.35896830e+00,1.20381341e+01,-9.29612440e+00,2.58647852e+00,-9.17142888e-01,5.17503357e+00,-1.19049350e+01,-7.44094332e-01,-5.15742339e+00,7.80468483e+00,6.71822705e+00,-1.46147623e+01,-8.03733049e+00,-3.80190741e+00,-6.36857986e+00,-2.16855847e+00,-3.56747374e+00,7.52673526e+00,7.06526644e+00,-8.61501170e-01,-6.84942785e+00,-1.42207662e+01,7.87688237e+00,-8.10031760e+00,-5.48154110e+00,1.23735334e+00,-5.71931086e+00,-6.75867393e+00,-4.80894603e+00,-7.65640421e+00,-4.01807118e+00,-8.02934833e+00,9.47759654e+00,1.03513248e+01,-1.09699520e+00,-3.84439971e+00,-1.38082733e-01,6.87844226e+00,-1.44671659e+01,-3.58621254e+00,8.74165326e+00,1.11899474e+01,-2.64530329e+00,1.79414909e+00,8.61178535e+00,2.76277027e+00,-4.54927868e-01,-6.49262276e+00,3.17714126e+00,-5.61282019e+00,-2.44324943e+00,-3.08419125e+00,-2.78114944e+00,3.53699667e+00,1.34362287e+01,-7.73852514e-01,5.35814813e-01,-1.51308935e+01,-3.04497625e+00,-6.05309108e+00,4.24274366e-01,-6.97364400e+00,1.35972044e+01,1.42270015e+01,3.04017919e+00,-3.23122164e+00,2.57996326e+00,4.19969680e+00,-7.64745335e+00,-1.38103222e+00,2.52363376e+00,2.23181607e+00,8.65104234e+00,6.95392531e+00,-3.39707836e+00,4.43830274e+00,-1.61971675e+01,-5.95269319e-01,1.46757487e+01,2.64386163e+00,4.15657819e-02,4.87006121e+00,-3.98717788e+00,1.53104250e+01,-2.70819356e+00,1.37470334e+01,6.21259254e+00,-7.27379344e+00,5.35725575e+00,-4.82215470e+00,-1.11967059e+01,-1.16378783e+00,-9.11460077e+00,-9.02734602e+00,-4.04619865e-01,5.54192909e+00,-1.51941466e+00,-5.76538226e+00,1.28695021e+00,-1.14562054e+01,-9.15316490e-01,-1.44302415e+01,9.01051627e+00,-4.55233371e-01,-8.10374423e+00,-3.55578866e+00,2.94874110e+00,-5.62354684e+00,-7.37851371e+00,1.46701717e+01,-4.18616458e+00,-7.21797114e+00,4.97483165e+00,-2.74915989e+00,8.56023238e+00,-4.75612920e-02,8.73933424e-01,1.73242796e+01,-2.49849626e+00,-6.01159445e+00,-6.71531677e+00,-9.09098040e+00,-5.88953764e+00,4.52956774e+00,4.26580336e+00,4.33533045e+00,1.22608837e+01,3.39233869e-01,3.30844264e+00,-1.05056202e+01,1.00877715e-01,-3.71977304e+00,-4.90752680e+00,9.01059454e-02,5.52737573e+00,6.36631433e+00,-2.26957003e-01,1.52802062e+00,5.06159857e+00,6.39126663e+00,-3.49014568e+00,-1.72308405e+00,1.78521440e-01,-4.26784676e+00,-1.34963416e+00,-5.18473895e+00,1.25089267e+01,1.04254446e+01,-2.90357660e+00,2.38387525e+00,-7.42795455e-01,-4.35207754e+00,5.69687978e+00,-1.51710393e+00,5.72621565e+00,-8.41540077e+00,2.99054227e+00,-1.65867034e+00,-8.98471738e+00,-4.26197175e+00,4.16128096e+00,-1.56841003e+01,6.29764449e+00,7.86743542e+00,-1.37286521e+00,-9.90392836e-01,-4.77657009e-01,4.00799115e+00,-5.62502919e+00,5.78782149e+00,4.94232854e+00,-1.67952376e+01,-5.58914127e+00,3.97128026e+00,-1.73916858e+00,7.11385474e+00,-1.01274022e+01,-8.68831466e-01,-6.68895467e+00,-2.11062334e+01,1.29318489e+01,-9.89824597e+00,-1.04618506e+01,1.43041460e+00,2.13061617e+01,5.79743456e-01,-4.56851248e+00,-1.41614213e-01,-7.12360218e-01,-1.46180946e+01,-9.71779766e+00,1.38763545e+01,-1.65936770e+00,-6.30779274e+00,8.71773149e+00,-5.53458265e+00,5.99250721e+00,8.66486767e+00,-9.51212458e+00,-4.42245826e+00,-5.18329869e+00,-2.47055332e+00,-3.55205650e+00,-2.15903382e+00,2.65863177e+00,-5.66722032e+00,4.91150079e+00,9.73140715e+00,-1.89476751e+00,-3.01570722e+00,2.37287275e+00,9.13406417e+00,8.46474190e+00,9.15459852e-01,-1.01957192e+00,-1.27072759e+00,-8.68048795e+00,6.67634218e+00,-4.20587244e+00,3.25859965e+00,-2.67879566e+00,4.68485274e+00,2.71342121e+00,-1.34290726e+01,-4.73490422e+00,-1.29892638e+01,-5.81895885e+00,8.68240645e-01,-2.84236714e+00,5.32176212e+00,-4.69925328e+00,3.74814978e-01,1.39519779e+00,1.22507532e+01,6.37300946e+00,-4.63673572e+00,-2.24175501e-01,2.29491339e+00,6.28240817e+00,1.69517298e-02,9.11695163e+00,4.68033364e+00,1.47485003e+01,8.20138493e-01,1.12584123e+01,-4.18042746e+00,-6.51334664e+00,1.16017371e+00,1.12283324e+00,4.40468643e+00,-2.13172134e+00,-2.28672370e+00,3.92197413e+00,-7.87637026e+00,-9.05853845e+00,1.25757417e+01,-1.18709223e+00,-6.97224827e+00,-6.67616153e-01,-2.36039189e+00,6.24418270e+00,5.89346361e+00,-3.42295504e+00,-1.22565443e-01,-4.56470913e+00,-5.75852882e+00,-4.21444191e+00,-1.58352753e+01,-3.63047900e-01,-1.12534776e+01,-9.37069175e+00,-6.82392613e+00,3.09461252e+00,-6.49183397e+00,3.47153353e+00,-1.01308493e+01,9.21006313e-02,-6.71381483e+00,9.31088275e-01,1.44735234e+00,5.46162503e+00,-3.48477537e+00,-3.14085656e+00,4.81604381e+00,1.03361903e+01,5.21248581e+00,1.48627163e+00,-1.19427571e+01,-2.43359861e+00,-4.91081349e+00,-1.03946990e+01,7.41504129e+00,-5.77946316e+00,-9.32223246e-01,-4.41578996e+00,-1.67588357e+01,8.96914347e+00,-3.06196027e+00,6.75006425e+00,-1.21085052e+01,1.09420436e+01,6.63979173e-01,-4.81158292e+00,1.03317479e+00,-3.81116561e+00,-1.14700667e+01,2.84507722e+00,5.43975060e+00,2.37357177e-01,-5.70372183e+00,-2.30457049e+00,3.16633621e+00,5.38879238e+00,1.05451683e+01,4.22827776e+00,-3.68812814e+00,1.52680144e+01,4.07498422e+00,7.18065424e+00,-2.63803768e+00,4.71953428e+00,3.22341798e+00,-1.06293704e+01,-3.42731383e+00,-6.48398080e+00,-5.94765441e+00,-1.68001153e+00,-2.15725986e+00,-6.86603142e+00,-1.89648148e+01,-4.63647450e+00,2.67045117e+00,8.70706721e-01,1.85893883e+00,7.34298438e+00,2.40247184e+00,5.10599017e+00,-7.32475741e+00,7.60680434e+00,-7.08882022e+00,-1.19493358e+01,2.77221393e+00,-6.48281055e+00,-6.92415916e+00,-2.65490708e+01,-1.70053577e+00,1.36428590e+01,7.43064562e+00,-2.00694747e+00,-1.53601609e+00,5.80645763e+00,1.07485345e+01,-6.90724893e+00,-1.66273650e+00,-5.48991801e+00,-5.89395283e+00,-5.41651151e+00,2.28710714e+00,1.19114525e+01,-1.11493489e+01,-8.89027746e+00,3.37132447e-01,-1.81657483e+00,-3.04935422e+00,-1.51248287e+01,9.68711399e+00,3.95886446e+00,9.80043081e-01,8.37861774e+00,-5.13700666e+00,5.42932212e+00,4.64051928e+00,8.01991344e-01,-1.27632620e+00,1.95260896e+00,-2.44472216e+00,7.75099116e+00,-7.00641730e+00,7.01694656e+00,1.67311936e+00,2.40605836e+00,3.68961745e+00,-1.36747976e+01,1.30621160e+00,-1.10552654e+01,-8.27955852e+00,-8.12618787e+00,-8.03947011e+00,5.08892208e-01,2.61845503e+00,7.99534713e+00,1.46978231e+00,2.41846259e+00,-1.18098463e+01,-4.48285858e+00,5.62825530e+00,1.72141728e-01,-1.31948151e-01,-1.50910542e+00,5.93818863e+00,-1.53440431e+01,1.98121550e+00,3.95167818e+00,6.93439337e+00,6.19519656e+00,-9.46412373e+00,2.11259287e+00,1.00525834e+00,1.13398278e+00,3.34294101e-01,-3.74735155e+00,-6.18317330e+00,2.68705369e+00,1.00936908e+01,-1.28128961e+00,1.87247808e+00,2.15638830e+00,-4.70764477e+00,-4.59878468e+00,-1.96939552e+01,-6.70604563e+00,-9.04637673e+00,-1.54185580e+00,-1.09833780e+01,1.28091738e+01,-5.41174322e+00,-8.93800636e+00,-2.64997084e+01,1.12322696e+01,2.35760257e+00,2.12201595e-01,-1.02269411e+01,1.24527394e+00,-2.74738841e+00,-5.34802663e+00,1.09373949e+00,5.42061936e+00,1.20857675e+00,-2.86168894e+00,-1.70728886e-02,2.17491513e-01,2.48743689e+00,-1.10268843e+01,1.18553219e+01,-6.78853961e+00,-4.46052514e+00,-7.50005115e+00,-1.70360811e+01,9.89516471e-01,-8.47013426e+00,-3.67533076e+00,5.57826673e+00,-3.91751587e+00,-8.01166633e-01,-1.79429285e+00,-4.22150434e+00,1.83602685e-01,8.85280856e+00,-8.96936645e+00,1.61950533e+01,-3.70545568e+00,5.84319054e+00,-1.70541950e+00,2.21338594e+00,-1.96583123e+00,7.66201973e+00,1.05318649e+01,3.03829607e+00,8.60939397e+00,-5.63048337e+00,-7.30571194e-01,-4.18672212e+00,1.08996000e+01,9.52424555e+00,7.02625656e+00,-2.47545530e+00,-4.47871939e+00,4.11598873e+00,-4.49712457e+00,-2.52994059e+00,-1.16636283e+00,-5.22025340e+00,8.42022278e+00,-1.48645546e+00,5.95439167e+00,2.81120588e+00,2.84427110e+00,-5.63100202e+00,5.04045543e+00,-2.44437992e+00,-1.75269713e+00,-2.76090927e-01,-8.65330586e+00,1.31372366e+01,-4.60745770e+00,4.89456696e-02,3.56977585e+00,3.36667227e+00,1.24557587e+01,-3.32422605e+00,1.27267007e+01,1.13946753e+01,-1.62185002e+01,1.20236768e+00,-3.15657036e+00,1.92814907e+00,1.20678152e+00,2.75461547e+00,1.03855950e+01,1.54348398e+01,-1.28571869e+01,1.29448830e+01,-1.58409351e+01,-1.33590739e+01,-2.08900644e+00,1.86563901e-01,1.25025350e+01,6.29959464e+00,-2.80352783e+00,-1.47493120e+01,1.11660885e+01,-7.44735873e+00,-3.35054668e-02,-8.62311995e-01,2.12660043e+01,-4.18088703e+00,-1.75528590e+01,4.97854253e+00,-2.65408229e+01,2.17671009e+00,-6.18319701e+00,-2.86424197e+00,-4.23474587e+00,-9.58778945e+00,6.32279753e+00,-5.76959819e+00,-1.50024257e+00,-1.29560755e+01,-7.47329825e-01,-8.32035243e+00,-1.26015421e+01,-1.94626189e+01,1.94823570e+00,-5.52526029e+00,2.47146392e-01,-2.01132102e+00,-1.37432100e+01,-1.04060219e+01,-9.47642054e+00,-9.09409591e+00,8.93343167e+00,1.43676905e+00,-7.77371015e+00,-3.70863516e+00,-4.33014153e+00,6.43092650e+00,-5.18023144e+00,-1.59113985e+00,-4.46512551e+00,-6.38716367e+00,-6.41497719e+00,6.58725579e+00,-2.31849428e+00,-1.48912163e+01,1.30747367e+01,7.66642511e+00,8.62082753e-01,-1.28758376e+01,-1.24848575e+01,1.64034586e+00,5.71746684e-01,-5.53599631e+00,-7.77943532e+00,5.83147046e+00,-9.79282894e-01,4.47797643e+00,7.99316620e+00,5.97036031e+00,4.68953906e+00,3.80048427e+00,-3.73945385e+00,-2.24384157e+00,-3.09898401e+00,-6.01694613e+00,-7.85683547e+00,-1.04486539e+01,-6.15827716e+00,-1.60264557e+00,-1.32589173e+01,-1.75012848e+00,5.55080893e+00,-1.26020304e+01,5.14736200e+00,4.40118994e+00,-1.14316546e+01,-9.32381775e+00,-3.18579137e+00,2.66057555e+00,-6.76007556e+00,1.21510537e+01,1.06333292e+01,-1.29045053e+01,7.91104187e+00,6.00175772e+00,1.84171613e+00,3.48009246e+00,-7.05055908e+00,-2.50442381e+00,7.17068194e-01,3.11094584e+00,7.24999992e+00,-9.10725135e+00,-1.26490987e+00,2.88295985e+00,4.58010112e-01,-5.26468860e+00,3.40489724e+00,-4.42655892e+00,-3.21538380e+00,3.70425812e-01,-1.02115943e+01,4.69959225e-03,-3.01278236e+00,-2.06533185e+00,1.28800910e+00,-9.08648864e+00,9.25546829e+00,-4.17728653e+00,-2.15717141e+01,-1.43436963e+01,6.14425126e+00,-6.00014699e+00,-3.14697266e+00,-4.45321974e+00,-2.87958249e+00,-1.70108053e+01,-1.17470652e+00,-1.04306757e+01,-5.15642904e+00,3.86331470e+00,1.27403622e+01,3.48289709e-01,5.18004545e-02,9.69187706e+00,-8.63916547e+00,5.32891543e+00,1.18510880e+00,-7.81411524e+00,-3.91300580e+00,3.56233711e+00,2.72709915e-01,2.32671753e+00,2.14083102e+00,-3.74982768e+00,-4.85210173e+00,-8.25916793e+00,8.04048818e+00,-1.09372717e+01,-8.21105826e+00,2.20411523e+00,-1.44665246e+01,3.43883322e+00,9.62605487e+00,-1.54708139e+00,2.05656482e+00,-4.80025433e+00,-3.35666947e+00,1.49068605e+00,6.08123960e+00,-6.21522546e+00,4.29112641e+00,-2.19968802e+00,-2.06289225e-01,4.05938538e+00,2.83426808e+00,-1.66813470e+00,-2.11440638e-01,2.72809907e+00,4.70850616e+00,-1.16462509e+01,5.44191254e-01,8.79957756e+00,-1.54893312e+01,5.45859494e+00,-1.93610962e+01,-1.53848567e+00,-2.46082269e+00,-1.23873352e+00,-1.66738642e+00,-4.56593157e+00,-8.76242850e-01,2.25651794e+00,-3.91108251e+00,2.08544129e+00,1.48069570e+01,-9.98059734e+00,-4.36381548e+00,6.36644166e+00,3.77543534e+00,6.80857328e+00,2.66251499e+00,4.05483420e+00,-2.60379353e+00,-8.09528605e+00,-7.48385920e+00,-4.26159798e+00,5.30717686e-01,-6.80251765e+00,-2.03811284e+00,1.03135642e+00,3.75523724e+00,-1.27268527e+00,9.63857419e+00,-9.44029761e+00,-8.42177116e-01,-1.04547289e+00,4.84857016e+00,-7.15718158e+00,-4.42936208e+00,3.42300390e+00,8.30813789e+00,1.18433634e+01,5.79629172e+00,7.22489054e+00,-4.44779268e+00,1.06081740e+01,1.05944678e+01,-8.48645062e-01,5.66769775e+00,6.32047027e+00,-3.35321577e+00,1.26899184e+00,1.05702802e+01,-4.20870009e+00,-1.86312198e+00,-1.05689082e+01,3.99441424e+00,-1.88995326e+00,3.28100076e+00,9.25900590e-01,-6.64664730e+00,7.96847480e+00,6.55141431e+00,-4.40141407e+00,2.63920603e+00,-9.63314612e+00,-8.95625574e+00,3.85027839e+00,-1.12730141e+01,-5.07255326e+00,7.78663700e-01,1.41075452e+01,-3.45239098e+00,-2.01586870e+00,-2.67443730e+00,1.89975356e+01,2.97438696e+00,-6.77979694e+00,1.15080470e+01,1.04082498e+01,5.32132558e+00,1.27833818e+01,1.34606067e+01,-1.37509344e+00,-4.85687966e+00,-5.23265136e+00,4.30434549e+00,6.03802688e+00,-1.02247182e+00,-3.73173000e+00,-9.92883392e+00,-4.11542530e+00,-7.51937975e+00,4.94201183e+00,2.73143713e+00,9.89230040e+00,1.52515358e+00,-4.14222709e+00,-1.20302200e+00,6.69354177e+00,2.10168607e+00,9.42569374e+00,9.55489768e+00,-1.94974493e+00,-1.28543868e+00,-1.61312537e+01,8.42708756e+00,-7.30618186e-01,9.11236841e+00,-3.83428727e+00,-1.03804172e+01,3.01755853e+00,1.15950426e+01,-4.18105582e+00,1.12064444e+01,-1.19717019e+01,-3.98612793e+00,-1.35506102e+01,3.27092854e+00,1.61951221e+00,5.96975226e-01,-1.00974862e+01,1.46689368e+01,8.86281692e+00,1.18249332e+00,-7.84655026e+00,3.64886810e+00,-3.99123217e+00,-1.91542460e+00,-3.68937386e+00,3.22120255e+00,-2.07467829e+00,-3.11000270e+00,3.52720511e+00,3.97353708e+00,-1.44971585e+01,3.17989907e+00,1.08777518e+01,6.94397049e+00,-2.32648674e+00,3.27969836e-01,-6.12015014e+00,9.51180144e+00,2.19928578e+00,-1.02775232e+00,-9.78256729e-01,1.78602822e+01,-3.29363153e-01,4.64977422e+00,1.19731997e+01,1.61931809e+01,9.95637205e+00,7.02559282e+00,-1.01151246e+01,-7.51928425e+00,5.67671262e+00,3.07713566e-01,5.14884496e+00,2.42555447e+00,1.04330173e+01,-1.30783438e+01,-8.05474213e+00,-1.57463596e+00,-1.40825295e+01,2.78810990e+00,6.72183240e+00,1.40138983e+00,-3.65677031e+00,3.83052737e+00,2.28962227e+01,4.77406557e+00,2.60575966e+00,-8.00582562e+00,-1.03056510e+01,-2.76717297e+00,4.78046554e+00,-9.03242904e-01,3.87319461e+00,5.79974504e+00,-1.03784383e+01,4.25863974e+00,7.27740772e+00,9.52797486e+00,-1.41861937e+00,1.71696022e-01,-1.30917713e+00,-7.76892273e+00,-1.19914508e+01,1.29431279e+01,-1.29895065e+00,-9.27489779e+00,7.22696637e-01,-4.56975502e+00,1.46586731e+01,-3.62187830e+00,-6.07154256e+00,5.88664256e+00,-2.27072757e+00,7.30266097e+00,-2.31301922e-01,1.60112973e+01,8.04560304e+00,8.04921147e-01,-6.07549674e+00,4.32199412e+00,-8.99221418e+00,-1.18145755e+00,1.05875738e+01,-4.32768102e+00,-7.30742634e+00,-3.51663296e+00,8.72267514e+00,2.00330649e+00,-1.38437757e+01,5.59660926e+00,1.94156710e+00,1.51730776e+00,-8.27588589e+00,1.06825515e+00,5.72239519e+00,8.22859636e+00,1.04141531e+01,5.22632940e+00,9.18314282e-01,-8.73086192e+00,-7.39131480e+00,-1.15917825e+01,-1.63920547e+00,5.69989658e+00,-4.97560028e-01,8.97196832e+00,-5.23864401e+00,2.85710567e+00,-3.07659849e+00,-4.47096134e+00,9.57778098e+00,1.09373765e+00,1.00019180e+01,8.62801792e-01,3.85231395e+00,-2.65445876e+00,9.86962548e+00,-2.11600295e+00,-1.29336367e-01,-1.30261414e+01,-1.61048170e+00,1.17870303e+01,1.12532865e+01,3.79898890e+00,-2.03551295e+00,5.10986263e-01,-3.39460897e+00,-1.75611804e+00,1.46302192e+01,7.97044314e-01,-4.04566881e+00,-1.80280847e+01,-8.18582997e+00,-6.22451186e+00,-1.03982826e+01,-9.76410688e+00,-1.18792751e+01,-7.45345714e+00,-5.66445030e+00,-7.48144668e+00,7.59275532e+00,-3.91574992e+00,-1.56393083e+01,7.14887282e+00,-5.28802433e+00,-1.30011860e+01,1.65575821e+01,-3.89714082e+00,3.09460564e+00,6.90059304e+00,1.19165903e+00,4.06991427e+00,2.06240194e-01,9.73775093e-02,-2.20047916e+00,-1.19215198e+01,1.87044459e+00,-2.07576775e+01,1.11405636e+01,-6.85797859e+00,-2.61813709e+00,-2.99216871e+00,2.81336947e+00,-3.27283731e+00,4.95796522e+00,-9.16314910e+00,6.37984632e+00,6.64497288e+00,2.28761552e+00,1.52191077e+00,3.40989720e+00,1.15862174e+00,5.41011187e+00,-1.03170400e+00,-1.09322819e+01,1.56715610e+00,-4.88403156e+00,-2.02259625e-01,8.66325709e+00,-1.36641877e+01,2.11124540e-01,3.31748613e-01,1.58631458e+00,5.16641644e+00,-2.29737340e+00,1.40270321e+01,6.91293592e+00,-2.63965852e+00,-1.74592515e+00,6.68088812e-01,1.31380288e+01,-8.66204735e+00,-1.71266008e+01,4.93070414e+00,-1.50281005e+00,-2.40496481e+00,2.88041748e+00,1.27269114e+01,7.21002448e+00,-2.92040439e+00,-8.72135970e+00,-1.67620394e+00,4.76003644e+00,-2.52386024e+00,-1.25615937e+01,-1.06519739e+00,-1.55477433e+01,-8.05565032e+00,1.38299459e+01,-8.37804344e+00,-1.13067128e+01,-9.01258189e+00,-6.31296685e+00,5.56499474e+00,1.38105409e+01,-1.19886842e+00,4.57893635e+00,-2.95277145e+00,-1.11406809e+01,8.71923479e+00,-7.74265102e+00,4.82814336e+00,5.21774176e+00,-2.03977332e+00,6.58323874e+00,6.72539391e+00,1.86742170e+01,-2.31013690e+00,-8.44966971e+00,-1.08924963e+01,-2.49996788e+00,-5.69230347e+00,1.64874789e+01,-7.78455010e+00,1.44367595e+00,9.28994207e-01,-3.73318636e+00,-1.35972952e+01,-1.19942450e+00,1.65093390e+01,2.62703528e+00,1.28752844e+00,-8.93239285e+00,-9.16491809e+00,-2.05062358e+00,7.83363203e+00,-4.16332732e+00,1.71645062e+01,-7.34218497e+00,2.68635875e+00,-3.17650714e+00,-1.07469168e+01,8.53792083e-01,-9.21365133e+00,-1.23328458e+01,1.20262385e+00,2.17002818e-01,8.03295558e+00,3.91614093e+00,-5.77682344e+00,3.88254235e+00,-1.38649378e+01,-8.33414595e+00,1.55468064e+01,1.11408789e+00,-1.84633484e+00,-4.63840356e+00,1.97396685e-02,-1.51347084e+00,1.46389466e+01,6.85863174e+00,-1.96519641e+00,-9.65046430e-01,-6.69884677e+00,-2.62747294e+00,-1.07142840e+01,8.38997205e+00,1.09884413e+00,1.89818450e+00,2.62391340e+00,-1.62539157e+00,-3.38633378e+00,2.67328157e-01,-1.76527065e+01,-2.48404927e+00,-1.33960237e+00,-1.22469684e+00,8.74460806e+00,1.03841318e+01,2.79413437e+00,-1.55833824e+01,1.07757111e+01,-4.00807047e+00,-6.10961196e+00,-1.43429442e+01,-5.48565725e+00,9.71403491e+00,5.08687674e+00,2.43785384e+00,5.30066384e+00,-9.19463187e+00,-7.48616204e+00,1.00375496e+01,6.81488893e+00,8.19017718e+00,5.50487414e-01,1.59536450e+00,8.96029116e+00,1.63871569e+01,-3.94258613e+00,6.10930023e+00,-3.22815266e+00,-7.05306154e+00,-5.49038929e+00,-5.02382634e+00,-2.22205916e+00,-8.19263509e+00,-3.61367269e+00,-2.20363579e+01,5.63381510e+00,4.36273744e+00,-3.81138545e-01,-6.13045499e+00,-3.23912089e+00,-8.99873127e+00,1.62091740e+00,1.33465399e+01,-3.31262785e+00,-3.05382840e+00,3.13337803e+00,-8.26592955e+00,1.47008081e+01,2.79328937e+00,1.95919761e+00,8.67469255e+00,-3.70264778e-01,9.61860602e+00,2.86609223e+00,-1.15858060e+00,2.11468061e+00,-1.00631711e+00,1.19343158e+01,1.36120613e+00,2.96528081e+00,-1.57615623e+00,1.74282574e+00,-1.54752557e+01,-5.86909285e+00,-7.88151982e+00,8.67974271e+00,-5.60186792e+00,-9.98837221e+00,9.46843685e+00,-2.35369203e+00,7.36248968e+00,-1.48496598e+01,3.75508539e+00,9.02713579e-01,9.38540105e-01,-1.84173823e+00,-1.03237589e+00,8.16802466e+00,3.92864008e-01,-8.19283561e+00,-3.47154763e+00,3.65347889e+00,-1.96586045e+01,-1.51385580e+01,4.08641343e-01,2.20974038e+00,-7.97805739e+00,-1.85698239e-01,1.79017238e+01,5.18394029e+00,-9.37833272e+00,1.24179174e+00,-1.55163362e+00,2.08681699e+00,-5.70491503e+00,3.45616508e+00,4.10571349e+00,-1.11875226e+00,1.83810043e+01,-1.50913119e+00,-5.14797549e+00,4.03340761e+00,7.43054172e+00,-5.79063509e+00,-1.55545631e-01,1.62929866e+01,-4.31773547e-01,8.81641951e+00,2.65281036e+00,-1.40729260e+00,-3.30103019e+00,8.46585861e+00,-9.34758606e+00,-5.47449761e-01,-3.08807351e+00,-6.95218852e+00,2.09941769e+00,3.88397423e+00,4.96226999e-01,-3.22413468e-01,-6.53561812e+00,2.86779967e+00,-5.96106838e-01,-3.83639471e+00,-3.52099690e+00,3.36210777e+00,-4.74445784e-01,-6.25862811e+00,-1.76049573e+01,8.86381161e-01,3.33627440e+00,-7.21600315e+00,-3.99859274e+00,1.35385824e+01,1.54973639e+00,6.35665489e+00,1.19043742e+00,5.88847896e+00,4.62803606e-01,-6.55622900e+00,-1.01903044e+00,1.20919858e+00,4.64079953e+00,1.28465963e+01,8.23037573e+00,1.64256569e-01,1.98501542e+00,1.01807076e+01,4.33416829e+00,-1.22624405e+01,-4.61287696e+00,2.45259809e+00,1.43603338e+00,4.18834811e+00,-8.83663562e+00,1.08704470e+00,6.44806907e+00,8.16605145e+00,-7.06892308e+00,-3.98910402e-01,-3.32972222e-01,-3.04515564e+00,-4.84195984e+00,-2.50726023e+00,-1.17740709e+00,1.59970461e+00,6.93032425e+00,-5.11575283e+00,1.36913205e+01,5.43712602e+00,3.96184993e+00,6.11928283e+00,4.73948299e+00,5.54822890e+00,9.16559618e+00,-7.71624038e+00,1.05338074e+01,-1.87127698e+01,5.20668044e+00,-1.75199469e+01,1.34902704e+01,1.25271803e+01,-1.51477090e+00,-8.01424707e+00,-7.21179823e+00,-9.60188864e+00,-1.08226349e+01,8.97717192e+00,7.06879609e+00,3.95660306e+00,5.20281457e+00,6.73774107e+00,-6.69005042e+00,-2.65896358e+00,9.37980820e+00,-2.02933933e+00,8.48611815e+00,1.24486547e+01,-5.97078799e-01,-1.23120756e+01,4.97445051e-01,2.80901176e-01,-1.54254936e+00,2.81536579e-01,-1.10126572e+01,-2.38160401e+00,1.96497988e+00,1.83625293e+00,8.08540849e+00,-6.56308747e+00,9.84323324e+00,-6.62985755e+00,4.01696924e+00,6.86542842e+00]