name = '*O_19'
composition = {'H':0, 'C':0, 'N':0, 'O':1, 'Pt':1}
facet = ['Ni211']
coverage = 1
DFT_energy = [-83.848, 'eV']
ZPE_energy = [0.07, 'eV']
frequencies = [93.3, 482.6, 548.8, 'cm-1']
gas_DFT_energy = [-5.386692, 'eV']
gas_ZPE_energy = [0.099, 'eV']
sites = 1
BEE = [-4.99084685e+02, -3.97215043e+01, -1.15441900e+02,  3.86404725e+02,    -1.82522600e+02, -1.59847213e+02, -3.40781195e+02, -7.59601049e+02,    -3.63620120e+02, -4.07032479e+02, -3.32119698e+02,  3.96800942e+01,     1.22300042e+01,  2.56198273e+01,  2.66406970e+01,  4.02186137e+02,    -1.77337782e+02, -1.56670116e+02,  1.49284674e+02, -9.48574056e+02,     4.99242898e+02, -2.28014823e+02, -4.34670725e+01, -1.02845421e+02,    -4.83612639e+01, -4.95386713e+01,  7.37189229e+02, -1.82313542e+02,    -7.04071086e+01, -4.48525773e+02,  6.59512494e+02, -1.16341034e+02,    -3.32359121e+02,  2.04547459e+02, -3.63362182e+01,  1.66502505e+02,    -2.68631999e+01,  6.08736809e+01,  2.33072306e+02, -8.68151982e+02,     4.62045703e+02,  1.09679141e+02, -4.96662400e+01, -2.88006731e+02,     9.60127466e+01, -1.54415431e+02,  3.73996140e+02,  3.15499444e+02,    -2.34703095e+02, -2.49460758e+02, -2.54708094e+02, -2.89026404e+02,     9.72350643e+01, -4.23853871e+02,  1.16811615e+02,  5.11613139e+02,     5.83841517e+02,  2.96669761e+02,  1.37225600e+02,  2.33954009e+02,     7.65121144e+02,  1.79228658e+02, -4.70008544e+02, -1.05570416e+02,    -2.00681095e+02,  5.20554930e+02, -6.38697250e+02, -5.34320443e+02,    -2.31099608e+02, -8.37861032e+01, -3.73536593e+02,  2.28563789e+02,     8.18599258e+01,  1.11917464e+02, -3.28964838e+02, -2.96980588e+02,    -4.80857019e+02,  3.19330349e+02, -2.79136776e+02,  2.24610521e+02,    -5.63538238e+01, -2.49873126e+02, -4.96575108e+02, -1.48006291e+02,    -9.61785615e+01, -1.35671438e+02,  3.35951380e+02,  6.03884027e+02,    -3.60329586e+02, -6.82482008e+02, -1.69447248e+02,  9.44942939e+02,    -4.87122204e+02,  2.82407001e+02, -9.02828991e+01, -5.29753927e+02,     2.05250565e+02,  3.25573694e+02, -1.49403009e+02,  3.00442870e+02,    -2.28180376e+02, -4.37535221e+02,  7.59131833e+02,  3.96248189e+02,     2.64442083e+02,  1.25039997e+02,  2.09685456e+02,  6.94349827e+02,    -2.12148817e+02,  4.93881695e+01, -1.17778974e+03,  1.56819169e+02,    -5.81180929e+02,  1.23613379e+02,  1.83996072e+02, -2.90989625e+02,    -4.56157735e+02,  5.31628686e+01, -2.50378764e+02,  3.02582688e+02,    -4.33165801e+02, -2.25686895e+01, -3.02459491e+02, -3.57080459e+01,    -2.76610630e+01,  1.43784810e+02,  1.08818132e+01, -5.08739155e+01,     5.15358629e+02,  7.77425215e+02,  4.07202656e+02,  6.64915755e+02,    -1.01683391e+02,  1.15186883e+02,  4.67492016e+02, -7.68846506e+01,    -6.50576817e+02, -3.18786148e+02, -4.27276763e+02, -2.44425993e+02,     2.38451812e+02, -1.00364506e+03, -1.64087950e+02,  3.65995649e+02,    -3.10351690e+02, -3.13040644e+02,  4.61626718e+02,  3.74664391e+02,    -2.94657006e+02,  1.64956920e+02, -2.09053962e+02,  2.96020243e+02,     3.33278589e+01,  1.30266739e+02, -7.39404081e+02, -4.13292054e+02,    -6.54142608e+01,  2.76953168e+00, -3.29364612e+02,  9.08010957e+02,    -1.89234067e+02, -2.85984301e+02,  3.19760532e+02, -4.08495241e+02,    -2.77739008e+02,  2.60838141e+02,  9.40981200e+01,  1.10878146e+02,     1.03108823e+02, -9.58180086e+01,  1.65499680e+02,  4.95905835e+02,    -2.51409211e+02,  1.47264740e+02,  7.74451536e+02,  2.85094239e+02,    -7.43529736e+01, -1.63219179e+02,  1.31044452e+03, -1.49542616e+02,     3.00864522e+02,  1.84628756e+02,  2.93031775e+02,  7.56636766e+02,     4.24665054e+02, -2.47820274e+01,  1.92743324e+02,  4.02243274e+02,     3.30526651e+02, -4.73121574e+02,  7.96193875e+02, -7.08818550e+02,    -1.50398332e+02,  4.89430079e+02,  7.16123082e+01,  5.89292170e+01,     2.66580737e+02,  2.08508185e+02,  3.04952298e+02, -5.43892452e+02,     4.30847610e+01, -2.32995974e+02, -9.28341209e+01, -2.89908856e+01,    -7.57582299e+01, -4.71516093e+01,  6.96882378e+02, -7.25062991e+01,    -2.35602344e+02, -1.92644313e+01,  9.93097312e+01, -5.01088294e+02,    -3.80984490e+02, -3.10493055e+02, -5.36877672e+02, -1.40110907e+02,    -3.54265681e+02,  1.65176841e+02, -9.82510598e+00, -9.04243964e+01,    -7.28345749e+01,  5.55078071e+01, -1.70447444e+02,  5.70257574e+02,    -6.99302924e+02, -1.37625583e+02, -1.33761653e+02,  1.43357378e+02,     1.56996891e+02, -3.93718363e+02, -1.55991350e+02,  3.55866001e+02,    -1.89819979e+02,  1.34762908e+02,  3.14594543e+02, -3.62437759e+01,     9.62391486e+02, -1.75290058e+02, -2.73905988e+02,  5.52318887e+01,    -1.92802520e+02,  4.52893992e+02, -3.06491510e+02,  7.23251144e+01,     5.33481268e+02, -1.11558373e+02,  1.02386397e+03,  1.09306469e+03,    -5.58745361e+02,  4.94803273e+02,  1.42540413e+02, -4.55533610e+02,     1.49551982e+02,  3.08839283e+02,  3.23629472e+02,  2.02109030e+01,     1.00044061e+02,  6.05941831e+02, -1.96395968e+02,  1.39083264e+02,     6.49185295e+02, -3.18380509e+02, -1.27002494e+02,  4.43397156e+02,     2.28087232e+02,  6.49531326e+02,  2.18835246e+02,  5.74090175e+01,     2.23635087e+02,  3.30765065e+02, -4.12340056e+02,  2.90018469e+01,     1.56428620e+02,  1.04791371e+02,  1.86685018e+02, -4.99301486e+02,     2.92042647e+02, -3.78980501e+02, -2.68867816e+02,  1.49409988e+02,    -1.20312070e+02,  4.66574224e+02, -2.06399233e+02,  2.47232568e+02,     2.78085133e+02,  6.78175435e+02,  4.72457777e+02,  4.03567952e+02,    -7.51925458e+01, -5.79485195e+01, -2.69426850e+02,  6.52333887e+02,     6.69271366e+02,  3.18110176e+02, -1.95892032e+02,  4.28430771e+02,    -7.65494497e+01,  1.80634027e+02,  5.29635430e+02,  6.73911807e+00,    -6.56297000e+01, -2.10872982e+02, -4.52283532e+02,  8.25046483e+02,     3.84039629e+02, -4.75766579e+02, -1.31514117e+02,  2.37599052e+02,    -8.98461578e+01,  5.30236700e+02,  1.03725992e+02,  6.77781749e+02,     2.63850886e+02, -2.41802325e+02,  2.11070431e+02, -3.60208027e+01,    -2.70963136e+02,  1.42881047e+02,  1.59689892e+02,  7.72680802e+02,     6.80090552e+02,  4.47286225e+02,  5.93151185e+02,  6.16152914e+01,    -2.33120920e+02,  1.33042323e+02, -2.82751577e+02, -4.30399082e+02,    -4.92438030e+02, -2.31974954e+02, -9.16359589e+02, -2.64230561e+02,    -7.26016647e+02,  1.82493858e+02, -3.91467213e+02,  3.47753417e+02,    -8.13224539e+02, -2.75051659e+02,  4.20207451e+02,  1.91140442e+02,    -7.32439433e+02,  5.28426581e+02, -2.05147505e+02,  4.43159397e+02,    -2.18369558e+02, -6.70620191e+02,  1.03485001e+02, -5.41037505e+02,    -1.14330334e+02,  2.37684477e+00,  3.61155967e+02,  1.06298347e+03,    -3.86436133e+02, -2.97235122e+02, -2.31614021e+00, -1.19130929e+02,    -6.89319094e+02, -4.72703450e+02,  4.20650922e+02, -2.15854163e+02,     1.42858262e+02, -4.13793663e+02, -1.27006323e+02, -3.40678270e+02,     4.55072715e+02,  1.30334539e+02, -1.90240123e+02, -1.13893516e+02,     8.58548508e+01, -7.13144944e+01,  3.69604599e+02, -2.13029393e+02,     4.34987924e+01,  2.91424250e+02,  1.49144951e+02, -1.48245709e+02,     1.31413855e+03,  4.60066361e+02,  2.87239339e+01,  8.97830694e+01,    -5.23719951e+02,  2.62572819e+02, -6.36195395e+02, -2.17702393e+02,    -4.66891846e+02, -1.62075312e+02,  4.71236935e+02, -4.79035088e+02,     1.54104859e+02, -2.32838955e+01,  2.76350853e+01, -3.16062268e+02,    -3.79529084e+02, -2.58907697e+00, -3.63224271e+02, -1.87889590e+02,    -3.47309748e+02, -8.85827258e+01, -3.04522820e+02, -4.35878076e+02,     1.90854904e+02, -1.46711588e+02,  1.79623635e+02,  8.60500752e+01,    -6.23508962e+02, -4.64864167e+02, -3.36588431e+02,  3.02353002e+02,    -8.55942002e+00, -5.36683632e+02,  4.93310656e+02, -3.37192149e+02,     4.64202381e+02, -2.55286611e+02, -4.12961231e+02,  2.25318194e+02,    -5.75005564e+02, -3.29178857e+02,  5.41202543e+02,  1.53015753e+02,    -3.43335785e+02,  4.44876761e+02, -1.45178886e+02, -3.20054615e+02,    -2.59755666e+02, -4.11626527e+02,  2.01231857e+02, -7.69992983e+02,    -7.06517463e+02, -8.19552544e+01, -2.55826555e+02, -4.66963687e+02,     6.11229861e+02,  1.12000155e+03, -2.80467121e+02, -2.74196927e+01,    -5.35254482e+02,  5.60413117e+02,  1.56912306e+02, -1.66019026e+02,    -3.27022956e+02,  1.43470069e+02, -5.16083211e+02, -1.71106494e+02,    -7.52966163e+02,  2.96677965e+02,  1.11251735e+02,  5.03445958e+00,    -5.82671459e+01, -2.89466955e+02, -7.54964687e+01,  1.08194233e+03,    -1.63486339e+02, -3.91671527e+02, -5.75127360e+02,  1.10404114e+02,    -3.04602341e+02,  7.51786952e+01,  2.47404718e+02,  5.70058395e+01,     2.38602756e+02,  1.01662349e+02,  5.05806439e+02,  2.61503645e+02,    -2.87201440e+02,  3.58418607e+02,  2.94524640e+02,  9.45094840e+01,     3.79494471e+02, -2.08171777e+02,  6.17018204e+02,  1.56878897e+02,    -2.55409752e+02, -4.89426609e+01, -1.62300118e+02,  2.04416003e+02,    -2.23558775e+02, -2.50050453e+01, -9.15013503e+01,  7.04270218e+02,     4.54314022e+02, -5.72943134e+02, -3.52345065e+01, -4.58166514e+02,    -1.49549143e+02, -1.92636470e+02,  6.27491266e+01, -1.21885896e+01,    -2.19831879e+02,  1.07462319e+02, -5.89774912e+01, -8.94329779e+01,     7.36127690e+02,  1.53469554e+02, -6.87604602e+02, -3.76028717e+02,     7.83338913e+02,  2.32754936e+02, -7.26263393e+01,  9.02187670e+02,    -1.57264253e+02, -9.63705460e+01, -4.95025892e+01,  1.14430426e+02,     2.41300471e+02,  3.46515189e+01,  2.27562586e+02, -1.34700521e+02,    -2.63447074e+02, -3.67229886e+02, -4.06540185e+02,  3.80911733e+02,     1.07427574e+02,  3.20683322e+02,  1.17209075e+02,  7.51376718e+02,     1.49164520e+02, -6.94694725e+02, -2.91455663e+02,  8.40278039e+01,    -2.35710254e+02,  5.26830704e+02, -1.06189110e+02,  1.56138253e+02,     4.22832447e+02, -6.22728984e+02,  1.26071055e+03,  1.64421391e+02,     2.02076023e+02,  2.97242830e+02,  6.84564582e+01, -6.00813583e+00,     3.06245822e+02, -3.01225886e+02,  6.93441453e+02,  5.98027914e+02,    -3.51454743e+02,  1.26526312e+02,  5.88999375e+02, -1.83691549e+02,     1.35057869e+02,  3.62717010e+02,  3.61838579e+02, -6.64983802e+02,    -1.17852133e+02, -2.97595297e+02, -2.58542919e+01, -3.54181273e+01,    -2.26164262e+01, -1.38328416e+02, -2.49267929e+02,  6.98985569e+01,     8.64906681e+01,  4.53543880e+02, -3.56821492e+02,  3.27666286e+02,     3.79147825e+02, -1.41497200e+02,  7.51473620e+02, -5.79176789e+02,    -8.93076333e+02, -5.64257085e+01, -7.13045014e+01,  9.88181037e-02,     6.68136156e+02, -6.19372847e+01,  3.44650837e+02,  4.05100022e+02,     3.21934486e+02, -9.01033273e+01,  5.35953568e+02, -1.35178899e+02,    -2.73912239e+02, -3.92399178e+02,  4.58668988e+01,  3.26073740e+02,    -4.25926858e+01,  3.24741100e+02, -2.57016329e+01,  5.42193978e+02,     1.68998564e+02,  7.53940135e+01, -4.68940937e+01,  2.87370336e+02,     3.19864625e+02,  1.68792617e+02, -6.78124454e+00, -4.54476514e+02,     2.54802128e+02,  1.67351150e+02,  3.12713554e+02,  2.62676541e+02,     2.99619983e+02, -5.04369533e+01,  2.29278508e+02, -2.08272709e+02,    -8.89709996e+00, -4.70855446e+02, -2.63619131e+02,  3.31324163e+02,    -7.66449902e+02,  2.48963089e+02,  1.44022631e+02,  7.00260968e+02,    -2.20964041e+02,  2.57944049e+02, -9.88494676e+01, -4.09411744e+02,    -6.09407478e+02, -6.87186365e+01, -7.43718684e+02,  1.36352195e+02,    -1.74677562e+02,  2.53316894e+02,  1.72724957e+02, -2.16369668e+02,    -2.11679082e+02,  3.26620580e+02, -5.07412653e+02, -1.03088403e+02,    -1.76037464e+02,  1.98575034e+02, -4.50348029e+01,  4.89723727e+01,    -1.82791415e+02,  4.81234906e+02, -4.02461482e+02,  8.16512184e+01,     5.07951442e+02, -2.89816759e+02,  1.53744242e+01, -3.16783087e+01,    -5.80108481e+02, -3.92931420e+02, -6.78184933e+01,  2.23091628e+02,     2.72002199e+02,  4.09659813e+01, -6.87338740e+01,  1.87209837e+02,    -3.81880887e+02,  2.17381930e+00, -4.25587690e+02, -2.32210440e+02,     3.97303360e+02, -2.48555778e+02,  5.42205834e+02, -1.79921508e+02,     2.97448020e+02,  2.16039940e+02, -5.26435799e+02, -2.41239873e+02,     7.23500231e+01, -3.36986953e+02, -2.95686704e+02, -7.33291829e+02,    -4.70858996e+02, -4.41861361e+02, -3.63521180e+02,  1.92629201e+01,     1.11212771e+02,  8.25578552e+00,  1.76796573e+02, -4.81912797e+02,     1.22448001e+02,  1.75452205e+02, -5.61798488e+02, -5.44594635e+02,    -3.47585292e+02, -1.96701167e+02,  1.65190655e+02,  7.47070459e+00,    -3.75848479e+02,  3.01159101e+02, -1.68872117e+02,  4.22558144e+02,    -7.54624049e+02,  5.09773177e+02, -3.12815663e+01, -3.09236788e+02,    -2.21295039e+02,  2.74307513e+01,  3.58988923e+02, -6.37537937e+02,    -1.19415301e+02, -1.73479645e+02,  4.14587354e+02,  7.09960355e+02,    -8.20680509e+02,  7.90171623e+02,  3.85804299e+02, -6.30890549e+02,    -2.97781445e+02,  6.44430796e+02,  5.11295553e+02, -1.51462821e+02,    -3.04250144e+01,  8.83576738e+01,  5.98852637e+02, -4.45721145e+02,     1.37916114e+02, -6.43147636e+01,  2.57358846e+02, -6.25432162e+02,    -6.41890301e+01, -2.84563654e+02,  3.99709142e+02,  3.61144176e+02,    -7.24428771e+02, -4.18956727e+02, -1.92304418e+02, -3.28695360e+02,    -1.23843385e+02, -1.95406204e+02,  3.62347246e+02,  3.51404175e+02,    -4.97632565e+01, -3.90567761e+02, -7.06316855e+02,  3.67556696e+02,    -4.29506229e+02, -2.65549215e+02,  4.05508153e+01, -2.91444225e+02,    -3.52493652e+02, -2.18178240e+02, -3.56523036e+02, -2.27329950e+02,    -4.31035698e+02,  4.92705307e+02,  5.46508848e+02, -2.84506418e+01,    -2.02134521e+02, -1.34523113e+01,  3.59645541e+02, -7.46003310e+02,    -1.76250186e+02,  4.23169666e+02,  5.68062082e+02, -1.56378520e+02,     9.58941373e+01,  4.63848200e+02,  1.31897850e+02, -5.65805527e+01,    -3.74828623e+02,  1.91609062e+02, -3.04057887e+02, -1.35442962e+02,    -1.64006386e+02, -1.58750595e+02,  1.68452195e+02,  6.61041702e+02,     6.85380182e+00,  3.48952683e+01, -7.67671016e+02, -1.47233482e+02,    -3.21187461e+02,  3.96078090e+01, -3.57638971e+02,  6.65490970e+02,     6.89264337e+02,  1.24659833e+02, -1.26428164e+02,  1.22674046e+02,     2.15467231e+02, -4.05239183e+02, -6.54130472e+01,  1.18130504e+02,     1.17584246e+02,  4.81225424e+02,  3.82235606e+02, -1.76618198e+02,     2.40681339e+02, -8.19352585e+02, -3.66195316e+01,  7.22820905e+02,     8.14273224e+01, -6.40259950e+00,  2.82311373e+02, -2.46501188e+02,     7.86850635e+02, -1.04355769e+02,  7.21796896e+02,  3.14992381e+02,    -3.25261566e+02,  2.59742404e+02, -2.62143868e+02, -5.84016002e+02,    -3.38840267e+01, -4.81115510e+02, -4.53381760e+02, -4.54215816e+01,     2.73145109e+02, -4.85070277e+01, -2.86017691e+02,  6.40027291e+01,    -6.18935572e+02, -7.87869981e+01, -7.03705731e+02,  4.42609455e+02,    -1.14973169e+01, -4.36057023e+02, -1.61051213e+02,  1.47170512e+02,    -2.73464845e+02, -4.01252317e+02,  7.66236872e+02, -1.90324909e+02,    -3.77839909e+02,  2.13877120e+02, -1.00901351e+02,  4.36220487e+02,    -1.41006713e+01,  7.40272869e+01,  8.67311989e+02, -1.52607315e+02,    -2.97377535e+02, -3.17602143e+02, -4.52479272e+02, -2.80778145e+02,     2.41834194e+02,  1.78587654e+02,  1.80603044e+02,  6.38140729e+02,     2.01268213e+01,  1.42282750e+02, -5.65549201e+02,  2.09831194e+01,    -1.98887776e+02, -2.27425150e+02,  1.48669129e+01,  2.99612310e+02,     3.26959641e+02,  6.70079178e+00,  8.00198660e+01,  2.51408742e+02,     3.18671179e+02, -2.05469661e+02, -1.12369005e+02,  1.45100645e+01,    -1.99850564e+02, -6.70111010e+01, -2.31458970e+02,  6.46193601e+02,     5.54899822e+02, -1.08519518e+02,  1.03081502e+02, -2.04324789e+01,    -2.03276942e+02,  2.85376451e+02, -7.54910159e+01,  3.33320993e+02,    -4.59609499e+02,  1.61399369e+02, -9.48010729e+01, -4.66016796e+02,    -2.16146720e+02,  2.33734644e+02, -7.31376344e+02,  3.61075310e+02,     4.20871920e+02, -6.13392083e+01, -4.36613705e+01, -2.77325309e+01,     2.08410250e+02, -2.81614622e+02,  3.11255811e+02,  2.42309167e+02,    -8.93137339e+02, -2.82333601e+02,  1.93515672e+02, -7.84864146e+01,     3.27164884e+02, -5.26052066e+02, -4.36059212e+00, -3.55150180e+02,    -1.05674268e+03,  6.41419407e+02, -5.07827811e+02, -4.92193019e+02,     7.57086299e+01,  1.09473888e+03,  4.93231633e-02, -1.84253702e+02,    -1.80444655e+01, -6.10185666e+01, -7.57005427e+02, -5.28947813e+02,     6.65105613e+02, -4.39724945e+01, -3.38370039e+02,  4.30314645e+02,    -2.95397328e+02,  3.38244777e+02,  4.65699589e+02, -5.26729761e+02,    -2.19884917e+02, -2.94727047e+02, -1.28358839e+02, -1.65409756e+02,    -5.72646198e+01,  1.17293931e+02, -2.87252453e+02,  2.53821404e+02,     5.10687771e+02, -1.37887772e+02, -1.52230334e+02,  1.18221758e+02,     4.90448885e+02,  4.16038680e+02,  3.14974660e+01, -1.42552627e+01,    -4.61950271e+01, -4.34732746e+02,  3.23020468e+02, -2.04999210e+02,     1.69113163e+02, -1.34778268e+02,  2.48495868e+02,  1.50153378e+02,    -6.73621952e+02, -2.37879106e+02, -6.75206452e+02, -2.77297936e+02,     6.40777747e+01, -1.47142849e+02,  2.55789764e+02, -2.47123372e+02,     1.63000262e+01,  8.97671124e+01,  6.36978792e+02,  3.19883099e+02,    -2.31168627e+02,  1.75734257e+01,  9.49275124e+01,  3.41533900e+02,    -5.40592361e+00,  4.32859938e+02,  2.07283042e+02,  7.62516921e+02,     2.16593259e+01,  5.84748381e+02, -2.23273273e+02, -3.29389641e+02,     7.07652711e+01,  6.31443516e+01,  2.60706859e+02, -5.45741193e+01,    -1.36419354e+02,  2.22526622e+02, -3.92092100e+02, -4.43123168e+02,     6.56934219e+02, -5.04768111e+01, -3.66005486e+02, -4.14428794e+00,    -1.20981605e+02,  2.99607271e+02,  2.82866681e+02, -1.67656323e+02,     9.68721990e+00, -2.31475579e+02, -2.78835797e+02, -2.44221891e+02,    -8.18423236e+02, -2.91164978e+01, -5.51518057e+02, -4.71288269e+02,    -3.37221445e+02,  1.50176437e+02, -3.22259784e+02,  1.87153924e+02,    -4.83059487e+02,  9.09303841e+00, -3.48003604e+02,  6.41482640e+01,     1.01348225e+02,  2.48308860e+02, -1.68991916e+02, -1.25570696e+02,     2.22627116e+02,  5.14324954e+02,  2.78557711e+02,  6.66965191e+01,    -5.83744512e+02, -1.18693634e+02, -2.64486289e+02, -5.19298099e+02,     3.53975455e+02, -2.96026189e+02, -3.73386132e+01, -1.96159612e+02,    -8.66996118e+02,  4.26387320e+02, -1.42713940e+02,  3.52630775e+02,    -5.93841320e+02,  5.60930653e+02,  3.64835152e+01, -2.66517585e+02,     4.00453936e+01, -2.00239193e+02, -5.84255900e+02,  1.20727726e+02,     2.39969503e+02,  2.78854118e+01, -3.09464436e+02, -1.11478627e+02,     1.38813560e+02,  2.50118360e+02,  5.48687088e+02,  2.17516342e+02,    -2.01203755e+02,  7.55563930e+02,  2.46885284e+02,  3.34300859e+02,    -1.45161130e+02,  2.27258142e+02,  1.48252057e+02, -5.27452371e+02,    -1.60755209e+02, -3.37044468e+02, -2.67644117e+02, -8.89406315e+01,    -1.50602392e+02, -3.17893227e+02, -9.71252863e+02, -2.60607473e+02,     1.31933433e+02,  8.66749090e+01,  7.99503076e+01,  4.24348612e+02,     1.58764159e+02,  2.73895814e+02, -3.61214263e+02,  3.95250386e+02,    -4.21571781e+02, -6.55150453e+02,  1.64255135e+02, -3.45395964e+02,    -3.58619755e+02, -1.34804826e+03, -1.02206970e+02,  6.83848400e+02,     3.98449039e+02, -8.71346032e+01, -1.02028301e+02,  2.52528938e+02,     5.82549049e+02, -3.45219245e+02, -8.17338704e+01, -2.71564307e+02,    -3.07426769e+02, -2.91561609e+02,  1.36054928e+02,  6.12620898e+02,    -5.62172772e+02, -4.53047169e+02,  2.11047825e+01, -7.35165666e+01,    -1.20833453e+02, -7.96215936e+02,  4.84229735e+02,  2.15261402e+02,     7.68734881e+01,  4.14092059e+02, -2.59400597e+02,  2.53460101e+02,     2.30688886e+02,  4.53117182e+01, -3.97591579e+01,  1.04847759e+02,    -1.38610417e+02,  4.02271149e+02, -3.73062475e+02,  3.59580907e+02,     7.95442779e+01,  9.56099459e+01,  2.02232938e+02, -7.36498935e+02,     5.49894241e+01, -5.47199526e+02, -4.32303038e+02, -4.19609683e+02,    -3.84818930e+02,  1.15998191e+01,  1.11215743e+02,  4.12610436e+02,     8.27183408e+01,  1.17664628e+02, -6.08154402e+02, -2.14050365e+02,     2.81290573e+02,  1.14841078e+01,  1.61583684e+01, -6.94934711e+01,     3.13471760e+02, -7.79666516e+02,  8.98303169e+01,  2.02046318e+02,     3.89113897e+02,  3.32423601e+02, -4.85478894e+02,  6.46173932e+01,     3.64704548e+01,  3.71844054e+01,  1.66404963e+01, -1.65924361e+02,    -2.68483187e+02,  1.34787476e+02,  5.35449969e+02, -7.65114395e+01,     8.15181440e+01,  1.52465821e+02, -2.11325244e+02, -2.09760421e+02,    -9.87396143e+02, -3.27655587e+02, -4.33247745e+02, -6.46837301e+01,    -5.42295095e+02,  6.41529693e+02, -2.51930303e+02, -4.51040121e+02,    -1.33676914e+03,  5.59183544e+02,  1.17139549e+02, -1.27285878e+01,    -5.24481963e+02,  9.00197505e+01, -1.48432244e+02, -2.78241140e+02,     1.00677405e+02,  2.73790766e+02,  6.76585148e+01, -1.47329713e+02,    -2.84381680e+01,  7.01135505e+00,  1.64502450e+02, -5.19288649e+02,     5.96834159e+02, -3.57817439e+02, -2.31360930e+02, -3.58464420e+02,    -8.28368191e+02,  8.12749887e+01, -4.07539119e+02, -1.88050166e+02,     2.91094140e+02, -2.05532486e+02,  5.26514971e+00, -8.39150397e+01,    -2.18874343e+02,  1.42307896e+01,  4.53316548e+02, -4.43205225e+02,     7.84716152e+02, -1.68511276e+02,  2.89744237e+02, -6.64456719e+01,     1.27606135e+02, -1.00471643e+02,  3.99622019e+02,  5.33511106e+02,     1.70118862e+02,  4.67373734e+02, -3.32366500e+02, -2.76919869e+01,    -1.94159420e+02,  5.81910053e+02,  4.92271444e+02,  3.77413883e+02,    -1.26963103e+02, -2.57924905e+02,  2.29759409e+02, -2.20448875e+02,    -1.17473037e+02, -6.18987542e+01, -2.21283833e+02,  4.37336518e+02,    -4.91822000e+01,  3.37293665e+02,  1.20264694e+02,  1.45209962e+02,    -2.91431632e+02,  2.76193120e+02, -1.55654025e+02, -1.11797715e+02,    -2.57775829e+01, -4.33490310e+02,  6.54235378e+02, -2.40610207e+02,    -3.55129944e+01,  1.69216890e+02,  1.45512154e+02,  6.02674218e+02,    -1.40178414e+02,  6.54266590e+02,  5.93911610e+02, -8.28320811e+02,     7.43050408e+01, -1.74417777e+02,  1.24740620e+02,  7.40676844e+01,     1.49730326e+02,  5.14260555e+02,  7.89228400e+02, -6.68343476e+02,     6.53296825e+02, -7.86224799e+02, -6.55059595e+02, -1.04692812e+02,    -9.94920200e+00,  5.98185881e+02,  3.29853160e+02, -1.56147618e+02,    -7.89701362e+02,  5.99883898e+02, -3.83184791e+02, -9.61229034e+00,    -4.32506006e+01,  1.05577449e+03, -2.41545893e+02, -8.97750686e+02,     2.63285364e+02, -1.37856945e+03,  9.46365725e+01, -3.03814304e+02,    -1.54533357e+02, -2.32850746e+02, -4.99764534e+02,  3.49775901e+02,    -3.08498891e+02, -7.80822409e+01, -6.67388554e+02, -5.72177979e+01,    -4.07360144e+02, -6.34630714e+02, -1.04388995e+03,  8.62652730e+01,    -2.74713683e+02, -7.17441285e+00, -1.15240775e+02, -6.74683079e+02,    -5.38340569e+02, -4.49898058e+02, -4.54014313e+02,  4.67064303e+02,     7.93515452e+01, -4.07536696e+02, -1.55765128e+02, -1.90822530e+02,     3.16625659e+02, -2.84319128e+02, -1.04990351e+02, -1.91388115e+02,    -3.05367781e+02, -3.19116928e+02,  3.26076901e+02, -1.49454652e+02,    -7.75671460e+02,  6.56509863e+02,  4.00268363e+02,  5.24277341e+01,    -6.17211288e+02, -6.43476563e+02,  9.23825869e+01,  1.17382327e+01,    -2.53335092e+02, -4.14155689e+02,  3.02424090e+02, -6.72676598e+01,     2.32702526e+02,  4.21085788e+02,  2.86769043e+02,  3.00783520e+02,     2.17445957e+02, -1.73150277e+02, -1.06590875e+02, -1.87736771e+02,    -2.97230502e+02, -3.89404318e+02, -5.51161149e+02, -3.33250519e+02,    -6.83994688e+01, -6.78755321e+02, -7.37869966e+01,  2.77424528e+02,    -6.08492229e+02,  2.11270832e+02,  1.84651000e+02, -6.00099770e+02,    -4.83663607e+02, -1.32874131e+02,  1.80596625e+02, -3.37880155e+02,     5.96101020e+02,  5.34693944e+02, -6.38587968e+02,  4.31021301e+02,     3.01702506e+02,  6.44305136e+01,  2.15502195e+02, -3.62863538e+02,    -1.21256561e+02,  4.61906649e+01,  1.50499290e+02,  3.84926067e+02,    -4.30366362e+02, -3.62528252e+01,  1.50570479e+02, -1.26462911e+01,    -2.24159838e+02,  1.67885243e+02, -2.26763624e+02, -1.71539627e+02,     3.23248154e+01, -5.09860722e+02,  3.11761825e+01, -1.99970026e+02,    -1.06902691e+02,  4.35049056e+00, -4.82685237e+02,  4.79279919e+02,    -2.28473280e+02, -1.09824764e+03, -7.18525660e+02,  3.31894186e+02,    -3.02052274e+02, -1.44676869e+02, -2.47402529e+02, -1.41333693e+02,    -8.47972443e+02, -9.47517583e+01, -5.43835989e+02, -2.83567646e+02,     2.18604574e+02,  6.31023276e+02, -3.19079595e+00, -2.70800964e+01,     4.94696996e+02, -4.30117840e+02,  3.04615938e+02,  7.86787001e+01,    -3.53367453e+02, -1.52601573e+02,  2.08293368e+02,  1.57556490e+01,     8.33183826e+01,  9.68612280e+01, -1.99906307e+02, -2.36619136e+02,    -4.48302213e+02,  4.24685484e+02, -5.38309542e+02, -3.95647717e+02,     8.05807350e+01, -7.58301392e+02,  1.63612875e+02,  5.32126359e+02,    -4.02886072e+01,  5.90351362e+01, -2.10865195e+02, -1.73432854e+02,     8.70022691e+01,  3.17746298e+02, -3.43157185e+02,  2.62319098e+02,    -9.35190157e+01, -3.35810170e+01,  2.28598937e+02,  1.62491457e+02,    -7.64726629e+01, -3.39391684e+00,  2.06605785e+02,  2.37881696e+02,    -6.08819386e+02,  5.65407428e+01,  4.57119493e+02, -8.24430369e+02,     2.75197886e+02, -1.01131733e+03, -7.84817505e+01, -1.25945980e+02,    -7.20370715e+01, -7.60906222e+01, -2.19098026e+02, -3.08561563e+01,     1.39804351e+02, -2.04884574e+02,  1.19478989e+02,  7.35668649e+02,    -5.44713019e+02, -2.26117058e+02,  3.09922615e+02,  2.10342762e+02,     3.50997147e+02,  1.38986203e+02,  2.39984634e+02, -1.58555240e+02,    -4.14699832e+02, -3.59941991e+02, -1.75775543e+02,  5.84331799e+00,    -3.56089660e+02, -1.29306532e+02,  5.64667429e+01,  1.96120445e+02,    -8.49257462e+01,  4.76238306e+02, -4.29405871e+02, -4.46173407e+01,    -2.28257721e+01,  2.36034179e+02, -3.44446973e+02, -2.16625339e+02,     2.32328950e+02,  4.22946253e+02,  5.91281614e+02,  2.97309129e+02,     3.49536874e+02, -2.51971326e+02,  5.29487284e+02,  5.70862849e+02,    -5.41202341e+01,  3.33665024e+02,  3.21881209e+02, -2.15685825e+02,     1.39638291e+01,  5.19263098e+02, -2.35507527e+02, -1.05003353e+02,    -5.12163936e+02,  2.27806414e+02, -6.41065608e+01,  1.48905269e+02,     8.11060988e+01, -3.52885588e+02,  3.88598822e+02,  3.44668548e+02,    -2.01160522e+02,  1.56092252e+02, -4.86402837e+02, -4.37192342e+02,     1.97833675e+02, -5.83915092e+02, -2.28364564e+02,  8.12966221e+01,     6.83466093e+02, -2.06145733e+02, -8.84682781e+01, -1.24194660e+02,     9.70558321e+02,  1.19705596e+02, -3.67571447e+02,  5.79111184e+02,     5.32903957e+02,  2.54283828e+02,  6.17504810e+02,  6.84544664e+02,    -8.88416681e+01, -2.53504087e+02, -2.74653376e+02,  2.27523530e+02,     3.20533489e+02, -4.16023230e+01, -1.74415387e+02, -5.20772994e+02,    -2.55030801e+02, -3.74388320e+02,  2.49723460e+02,  1.27587982e+02,     5.29266629e+02,  4.81112272e+01, -2.12388715e+02, -6.67070166e+01,     3.38162662e+02,  1.10763972e+02,  4.30701895e+02,  4.85643357e+02,    -1.17004179e+02, -7.64408216e+01, -8.16372155e+02,  4.51149209e+02,    -4.55974351e+01,  4.24455660e+02, -1.54682189e+02, -4.92297727e+02,     1.67372072e+02,  5.84772685e+02, -2.07057467e+02,  5.77121761e+02,    -6.10021861e+02, -1.89701704e+02, -6.60217612e+02,  1.86487179e+02,     9.69706710e+01,  7.02544820e+00, -5.05397139e+02,  7.40745486e+02,     4.44579718e+02,  6.92456574e+01, -3.87278442e+02,  1.84075487e+02,    -2.30126013e+02, -7.39262697e+01, -1.84411496e+02,  1.75928846e+02,    -8.53264977e+01, -1.72169594e+02,  1.61445899e+02,  2.21588892e+02,    -7.17670862e+02,  1.64389912e+02,  5.64940492e+02,  3.53363629e+02,    -1.10891106e+02,  2.87710720e+01, -3.01707016e+02,  4.96386806e+02,     1.47943749e+02, -5.67480598e+01, -5.87519998e+01,  9.17201271e+02,     6.84221493e+00,  2.60408638e+02,  6.08893990e+02,  8.20382150e+02,     5.38045679e+02,  3.56413048e+02, -5.35035486e+02, -3.64582972e+02,     2.90934595e+02,  1.42465540e+01,  2.72087025e+02,  1.55623086e+02,     4.93364189e+02, -6.51000751e+02, -4.12337345e+02, -5.36314393e+01,    -7.27820136e+02,  1.64745890e+02,  3.30913954e+02,  1.17791897e+02,    -1.91385894e+02,  1.98705344e+02,  1.19603986e+03,  2.17676030e+02,     1.27469934e+02, -4.11798184e+02, -5.56386002e+02, -1.31635290e+02,     2.61600511e+02, -4.39233543e+01,  1.76242630e+02,  2.95918542e+02,    -5.02462157e+02,  2.08081923e+02,  4.41228236e+02,  4.92185844e+02,    -4.69266816e+01,  9.83870783e+00, -7.82586043e+01, -4.24613399e+02,    -5.59122521e+02,  7.01680663e+02, -5.63904971e+01, -4.97387902e+02,     1.84937762e+01, -1.91903666e+02,  7.68056908e+02, -2.01339959e+02,    -2.89632132e+02,  2.62299846e+02, -1.22515935e+02,  3.63969888e+02,    -4.69924348e+01,  8.45409627e+02,  4.23067371e+02, -1.06804174e+01,    -3.03072839e+02,  2.07837945e+02, -4.65904699e+02, -9.83184325e+01,     5.10973777e+02, -2.35863869e+02, -3.96741673e+02, -1.87101096e+02,     4.36259354e+02,  1.22737467e+02, -6.97290522e+02,  2.56904847e+02,     1.25805585e+02,  5.78294987e+01, -4.30179513e+02,  1.39382100e+01,     2.94834773e+02,  4.28942344e+02,  5.38315805e+02,  2.18569087e+02,     3.43379684e+01, -4.26804283e+02, -4.02406160e+02, -6.25277954e+02,    -7.75147443e+01,  2.65344027e+02, -2.05537272e+01,  4.50485317e+02,    -2.66315367e+02,  1.54301857e+02, -1.00461462e+02, -2.50614525e+02,     4.97445893e+02,  6.42849649e+01,  5.15766661e+02,  2.44963326e+01,     2.09405165e+02, -1.67944198e+02,  5.26203742e+02, -1.01418529e+02,    -3.13135697e+00, -6.57123249e+02, -9.08472723e+01,  6.11813535e+02,     5.59264949e+02,  2.22323498e+02, -1.27069219e+02,  3.25770294e+01,    -1.48778448e+02, -4.82772636e+01,  7.56432178e+02,  1.51385950e+01,    -1.99213104e+02, -9.27681410e+02, -4.55855851e+02, -3.16212961e+02,    -5.63941464e+02, -4.71858634e+02, -5.97194274e+02, -3.90303975e+02,    -3.20184315e+02, -4.04160580e+02,  4.01058294e+02, -2.13812761e+02,    -8.14253885e+02,  3.35200078e+02, -2.42655914e+02, -6.91043575e+02,     8.15515229e+02, -2.02671908e+02,  1.66081895e+02,  3.42631108e+02,     7.56210576e+00,  2.19657081e+02,  7.22779347e+00, -1.26030450e+01,    -1.15215335e+02, -6.09481399e+02,  8.92209834e+01, -1.09664497e+03,     5.49946038e+02, -3.68780451e+02, -1.16678060e+02, -1.49930181e+02,     8.72633982e+01, -1.58290957e+02,  2.40859292e+02, -4.52559757e+02,     3.18632671e+02,  3.29138125e+02,  1.30304676e+02,  8.30459348e+01,     1.67239361e+02,  6.26038294e+01,  2.54226623e+02, -8.01608662e+01,    -5.27156199e+02,  8.24725768e+01, -1.93603216e+02, -3.84080301e+01,     4.19575961e+02, -6.82232317e+02,  8.44039610e+00,  1.15929115e+01,     7.26685164e+01,  2.79784276e+02, -1.16125095e+02,  7.07842276e+02,     4.07659245e+02, -1.47609826e+02, -8.90775640e+01,  1.60925425e+01,     6.55919768e+02, -4.69575347e+02, -8.76887411e+02,  2.43519694e+02,    -1.02948260e+02, -1.06291829e+02,  1.41813478e+02,  6.58971545e+02,     4.01897267e+02, -1.48239202e+02, -4.24984590e+02, -5.05922783e+01,     2.47677178e+02, -1.10668394e+02, -6.26757441e+02, -2.38798179e+01,    -7.83248161e+02, -4.11132727e+02,  6.70477504e+02, -4.32275555e+02,    -5.60350040e+02, -4.38050668e+02, -2.97962925e+02,  2.82164085e+02,     6.94933195e+02, -4.30711928e+01,  2.32010995e+02, -1.51800051e+02,    -5.88245635e+02,  3.93798620e+02, -3.84544004e+02,  2.38645898e+02,     3.05815221e+02, -6.26227524e+01,  3.47565067e+02,  3.69704420e+02,     9.06996363e+02, -1.25608834e+02, -3.88872348e+02, -5.37752841e+02,    -1.27902354e+02, -2.18479602e+02,  8.55988453e+02, -3.73342780e+02,     8.60861846e+01,  6.25798095e+01, -2.21018718e+02, -6.84698714e+02,    -5.45973102e+01,  8.24594402e+02,  9.23413515e+01,  5.96035759e+01,    -4.52644983e+02, -5.12234082e+02, -8.28690516e+01,  4.08835674e+02,    -1.88707688e+02,  8.99376674e+02, -3.70676026e+02,  1.43619348e+02,    -1.74789115e+02, -5.78839813e+02,  2.58117810e+01, -4.31142572e+02,    -6.29073568e+02,  6.99793938e+01,  1.99760566e+01,  4.37137680e+02,     1.77119103e+02, -2.85770248e+02,  1.90555552e+02, -6.97329592e+02,    -4.46965545e+02,  7.65268256e+02,  1.10340799e+02, -1.19727865e+02,    -2.72975594e+02, -3.97892365e+01, -6.62577414e+01,  7.18394485e+02,     3.45869545e+02, -1.24403416e+02, -5.89436905e+01, -3.40182171e+02,    -1.72074507e+02, -5.68527270e+02,  4.04639509e+02,  6.33965467e+01,     1.16925888e+02,  1.28626894e+02, -4.63368775e+01, -1.54657000e+02,    -4.46496292e+00, -8.98692754e+02, -1.61527123e+02, -6.85652601e+01,    -7.76414092e+01,  4.63531281e+02,  5.34147589e+02,  1.36703832e+02,    -8.09555543e+02,  5.40808039e+02, -1.68444589e+02, -3.26446656e+02,    -7.37906242e+02, -2.75592774e+02,  4.98980488e+02,  2.30764232e+02,     5.82704967e+01,  2.59421327e+02, -4.93235730e+02, -3.75516887e+02,     4.66810825e+02,  3.22485290e+02,  4.37032888e+02, -1.97640109e+00,     5.79871808e+01,  4.68494055e+02,  8.35558890e+02, -2.08360081e+02,     3.19806875e+02, -1.42817088e+02, -3.54998332e+02, -2.89676524e+02,    -2.59265872e+02, -1.27107463e+02, -4.32067368e+02, -1.98112765e+02,    -1.17972949e+03,  2.88232791e+02,  1.64246320e+02, -3.14389838e+01,    -3.51348595e+02, -1.89833995e+02, -4.55865593e+02,  9.94397197e+01,     6.96802882e+02, -1.75421816e+02, -1.38887982e+02,  1.85619364e+02,    -4.09992023e+02,  7.33808738e+02,  1.40318479e+02,  1.57133923e+02,     4.36811248e+02,  1.52459871e+01,  4.74734852e+02,  1.39236633e+02,    -7.27179969e+01,  7.90904343e+01, -1.88954876e+01,  5.87775814e+02,     7.67162077e+01,  1.25206998e+02, -7.62052484e+01,  1.12902224e+02,    -7.82877621e+02, -3.14847213e+02, -3.90495700e+02,  4.33787171e+02,    -2.47058243e+02, -5.45038930e+02,  4.97745897e+02, -1.01686376e+02,     3.69755676e+02, -7.73565388e+02,  2.09484311e+02,  6.48501879e+01,     5.02555842e+01, -7.48819160e+01, -5.50688310e+01,  4.17355187e+02,    -2.26583098e+00, -4.18780337e+02, -1.35180505e+02,  2.14204519e+02,    -9.88240644e+02, -7.86290490e+02,  1.25363686e+01,  9.46245119e+01,    -3.67836306e+02, -3.61742459e+01,  9.18470389e+02,  2.78646384e+02,    -4.75168642e+02,  7.97682325e+01, -7.57686518e+01,  8.78148997e+01,    -2.90655353e+02,  1.57213128e+02,  2.40687666e+02, -5.70933759e+01,     9.53568614e+02, -9.03215794e+01, -2.72285499e+02,  1.61330347e+02,     3.49651922e+02, -3.00293101e+02, -2.53012874e+01,  8.12274798e+02,    -2.01109152e+01,  4.99925825e+02,  1.21106575e+02, -8.16634533e+01,    -2.23912407e+02,  4.83076719e+02, -4.65628232e+02, -1.76731302e+01,    -1.27162225e+02, -3.58239497e+02,  1.42710421e+02,  2.02192120e+02,     7.58514441e+01, -1.37064965e+01, -3.28006064e+02,  1.56602957e+02,    -1.48755726e+01, -2.12514033e+02, -1.83315464e+02,  1.66833981e+02,    -4.24073012e+01, -3.10385664e+02, -9.02837556e+02,  7.80552341e+01,     1.98345296e+02, -3.97314142e+02, -1.91140435e+02,  6.99262577e+02,     6.17612498e+01,  2.98606620e+02,  5.53801991e+01,  3.13292949e+02,     4.39012796e+01, -3.34152440e+02, -3.27702392e+01,  7.05328613e+01,     2.35974793e+02,  6.80461938e+02,  4.17397046e+02,  1.81614541e+01,     1.46126663e+02,  5.11903105e+02,  2.22261066e+02, -6.15402605e+02,    -2.27163703e+02,  1.14015937e+02,  7.26080526e+01,  2.23944766e+02,    -4.45685845e+02,  1.08106714e+02,  3.41297361e+02,  4.18613143e+02,    -3.80385797e+02, -4.43784895e+01, -1.94404617e+01, -1.14802056e+02,    -2.82038779e+02, -1.68110090e+02, -2.75965895e+01,  6.78975666e+01,     3.50775389e+02, -2.63809200e+02,  6.78857535e+02,  3.02232635e+02,     2.14399180e+02,  2.82033378e+02,  2.57793317e+02,  2.78704163e+02,     4.58511219e+02, -3.75193629e+02,  5.36792198e+02, -9.44651504e+02,     2.63769837e+02, -9.22889391e+02,  7.15444912e+02,  6.16810109e+02,    -9.87909627e+01, -4.17566826e+02, -3.58691237e+02, -4.88725819e+02,    -5.25736339e+02,  4.88505892e+02,  3.64581793e+02,  2.05438230e+02,     2.69536860e+02,  3.45500036e+02, -3.26403081e+02, -1.71669779e+02,     4.87266786e+02, -1.05738582e+02,  4.49781530e+02,  6.20554247e+02,    -3.67984453e+01, -6.11527821e+02,  1.19743218e+01, -1.15814718e+01,    -8.33836090e+01,  6.51984417e+00, -5.70029898e+02, -1.56859823e+02,     4.98496772e+01,  7.54187360e+01,  4.11024519e+02, -3.39595958e+02,     5.19879001e+02, -3.43460592e+02,  1.88422608e+02,  3.30630153e+02]
gas_BEE = [-1.38630126e+01,-5.10021069e-01,-3.09408020e+00,9.81950654e+00,-4.95416377e+00,-3.72907998e+00,-9.44821289e+00,-2.08772992e+01,-8.82449514e+00,-9.57163119e+00,-7.98974320e+00,9.30927537e-01,4.87436494e-01,1.96225523e-01,6.76283107e-01,1.05822008e+01,-4.61599670e+00,-3.24106110e+00,4.84838820e+00,-2.47600983e+01,1.23466886e+01,-5.21082269e+00,-1.27788392e+00,-2.36095173e+00,-4.55533064e-01,-1.35031533e+00,1.98327405e+01,-4.24396611e+00,-1.67873271e+00,-1.18632607e+01,1.67908257e+01,-2.28014509e+00,-9.05561220e+00,4.71425960e+00,-6.94664862e-01,5.30374381e+00,-3.17929213e-01,9.26564530e-01,7.22985868e+00,-2.27288996e+01,1.22045945e+01,2.56146431e+00,-1.74565756e+00,-7.09797847e+00,2.73234384e+00,-3.63253985e+00,1.05015164e+01,8.28176210e+00,-5.53118992e+00,-7.00650445e+00,-6.79610110e+00,-8.04825221e+00,4.01450337e+00,-1.12826161e+01,3.00166544e+00,1.35071595e+01,1.55997429e+01,7.54787902e+00,3.74793293e+00,6.46731743e+00,2.02669277e+01,4.46890617e+00,-1.23208360e+01,-2.81717708e+00,-6.16196954e+00,1.38323015e+01,-1.67695648e+01,-1.38529050e+01,-6.66614813e+00,-2.93624247e+00,-9.49119877e+00,6.18450175e+00,2.81417919e+00,3.05424321e+00,-8.67646562e+00,-7.70998164e+00,-1.25008984e+01,7.95672026e+00,-7.23520948e+00,6.50417870e+00,-1.60610910e+00,-6.74760420e+00,-1.21871898e+01,-3.62653299e+00,-3.32420020e+00,-3.36833805e+00,8.79041375e+00,1.62653064e+01,-9.62779711e+00,-1.77452454e+01,-4.36646615e+00,2.47491356e+01,-1.25520168e+01,7.16090632e+00,-2.07449260e+00,-1.40019141e+01,6.10917737e+00,7.78675806e+00,-3.45130179e+00,7.26190046e+00,-6.27713317e+00,-1.22294397e+01,2.12448189e+01,1.00572144e+01,5.84438359e+00,2.76173540e+00,4.59968347e+00,1.85256962e+01,-5.96881989e+00,9.13146267e-01,-3.11908800e+01,4.24006936e+00,-1.51705786e+01,2.94035853e+00,4.65464172e+00,-7.57468798e+00,-1.17465467e+01,1.18688782e+00,-6.83118656e+00,8.68319776e+00,-1.04529547e+01,-1.12845728e+00,-8.40552241e+00,-5.99720320e-01,1.67177825e-01,4.20005933e+00,2.94909436e-01,-1.75220530e+00,1.40984477e+01,2.04019995e+01,1.07748132e+01,1.61723808e+01,-3.07712405e+00,2.37940233e+00,1.16724494e+01,-4.48959376e-01,-1.68650945e+01,-9.29492933e+00,-1.11849963e+01,-6.58385139e+00,6.14760315e+00,-2.67958342e+01,-3.26070668e+00,9.83171288e+00,-9.08117625e+00,-7.43122748e+00,1.19896493e+01,1.06002734e+01,-6.94592758e+00,5.58363419e+00,-5.53989949e+00,8.20119804e+00,1.42008743e+00,3.30954532e+00,-1.89791564e+01,-1.08684442e+01,-1.90369683e+00,-3.79638823e-01,-8.80552393e+00,2.44468697e+01,-3.33508073e+00,-6.88582235e+00,8.40650813e+00,-1.03000188e+01,-7.98741250e+00,7.26296972e+00,2.43295171e+00,2.50265455e+00,2.86967695e+00,-2.44896510e+00,3.41741825e+00,1.30801304e+01,-6.32723294e+00,4.52424503e+00,2.01170176e+01,7.03807495e+00,-9.56646357e-01,-4.22242093e+00,3.42611321e+01,-4.70944978e+00,8.56742723e+00,5.78970082e+00,7.02789564e+00,2.05081688e+01,1.07625459e+01,-9.01471571e-01,4.92742477e+00,1.11818203e+01,8.32187624e+00,-1.27043590e+01,2.11245065e+01,-1.90570841e+01,-3.20654806e+00,1.26111753e+01,2.63654826e+00,1.26230831e+00,6.79231859e+00,4.67065411e+00,7.32354870e+00,-1.40875126e+01,9.95786869e-01,-5.73564251e+00,-1.56727997e+00,-6.70127811e-01,-2.30831253e+00,-1.19164274e+00,1.86473151e+01,-1.46936701e+00,-6.41288903e+00,-6.84164027e-01,2.96617986e+00,-1.35897982e+01,-1.10112693e+01,-7.81106607e+00,-1.39071538e+01,-3.88051160e+00,-9.06257909e+00,4.02219037e+00,-3.46081537e-02,-2.52872367e+00,-1.83234216e+00,1.43156165e+00,-4.28148166e+00,1.47128340e+01,-1.86707067e+01,-2.95932514e+00,-3.45850091e+00,3.88057273e+00,4.42054372e+00,-1.12235392e+01,-3.22149729e+00,9.84264023e+00,-5.10392833e+00,3.11467704e+00,8.18696162e+00,-3.58768139e-01,2.57165951e+01,-3.55378212e+00,-7.98025679e+00,4.19649866e-01,-5.93049101e+00,1.15739266e+01,-9.46938986e+00,2.91497441e+00,1.20801008e+01,-2.96190307e+00,2.65799372e+01,2.80340547e+01,-1.57679235e+01,1.27927260e+01,4.51626328e+00,-1.21472465e+01,4.26778790e+00,8.62952325e+00,9.34796840e+00,1.05275685e+00,3.73602273e+00,1.60593872e+01,-5.12718143e+00,2.73362696e+00,1.56402405e+01,-8.26685866e+00,-4.37171958e+00,1.24214229e+01,6.74635660e+00,1.73004612e+01,6.82054173e+00,2.13399880e+00,5.50730801e+00,9.21163039e+00,-1.09383844e+01,9.59546426e-01,4.76000311e+00,2.07882141e+00,5.14231379e+00,-1.34572253e+01,7.65767729e+00,-9.83363585e+00,-6.98744445e+00,3.86438761e+00,-2.87100144e+00,1.26622709e+01,-4.49460650e+00,5.98052566e+00,7.06334784e+00,1.75026724e+01,1.21212594e+01,1.12193315e+01,-1.71253833e+00,-1.86393583e+00,-6.76068125e+00,1.76523623e+01,1.82351887e+01,8.26060309e+00,-5.52134831e+00,1.12095527e+01,-1.28465088e+00,4.49445052e+00,1.49355291e+01,-3.07318205e-01,-2.24313462e+00,-5.59181526e+00,-1.25806286e+01,2.13819075e+01,1.02635695e+01,-1.34025180e+01,-3.77393315e+00,5.71312875e+00,-2.52733147e+00,1.40320712e+01,3.40510103e+00,1.79860455e+01,6.30530297e+00,-5.68002288e+00,4.59736620e+00,-1.35255296e+00,-6.39224002e+00,3.60156228e+00,4.17265948e+00,2.00249062e+01,1.73083785e+01,1.24072458e+01,1.59916311e+01,1.63397618e+00,-6.15907335e+00,3.13069583e+00,-7.66523182e+00,-1.18642390e+01,-1.26235183e+01,-6.44086757e+00,-2.44699149e+01,-7.43959078e+00,-1.89827573e+01,4.37249051e+00,-1.03200853e+01,1.03249880e+01,-2.13279801e+01,-6.79938257e+00,1.01606050e+01,4.81728907e+00,-1.93251186e+01,1.29800957e+01,-5.98497850e+00,1.20706481e+01,-6.12921175e+00,-1.70258404e+01,3.54996305e+00,-1.40644755e+01,-2.10541100e+00,-1.92414487e-01,9.43690357e+00,2.81143741e+01,-9.96673780e+00,-8.12417871e+00,-1.06978502e+00,-2.38897977e+00,-1.78511142e+01,-1.29843435e+01,1.14942743e+01,-4.77626509e+00,4.27313021e+00,-1.10207356e+01,-3.00937978e+00,-9.36674550e+00,1.12431614e+01,3.49539833e+00,-5.50584554e+00,-3.34009055e+00,2.56679314e+00,-1.70517205e+00,9.12994098e+00,-6.01540264e+00,1.41753261e+00,7.53167530e+00,3.49711888e+00,-4.47063547e+00,3.47968404e+01,1.26322544e+01,1.44115806e+00,2.12872861e+00,-1.35608061e+01,7.15792655e+00,-1.67874557e+01,-6.77267622e+00,-1.29934846e+01,-4.27221997e+00,1.28791467e+01,-1.27250016e+01,4.82692237e+00,-9.53444626e-01,4.56833381e-01,-8.01011315e+00,-9.64048756e+00,-1.21214262e+00,-8.58482816e+00,-4.94369873e+00,-9.04241256e+00,-1.64833233e+00,-7.40069028e+00,-1.10336452e+01,5.11116802e+00,-3.45799104e+00,4.73986936e+00,2.18193551e+00,-1.64487519e+01,-1.16873069e+01,-9.91524317e+00,7.33706627e+00,-6.47864995e-01,-1.38763097e+01,1.26947890e+01,-9.31504405e+00,1.24123753e+01,-6.61919146e+00,-1.08502409e+01,6.10581017e+00,-1.56285878e+01,-7.82794289e+00,1.40502617e+01,4.71485832e+00,-8.68311175e+00,1.21367449e+01,-3.51266361e+00,-7.72771702e+00,-6.76963848e+00,-1.15992776e+01,5.37006596e+00,-1.99303129e+01,-1.80746539e+01,-1.33557515e+00,-6.49528056e+00,-1.31100256e+01,1.67540413e+01,3.00052890e+01,-6.11439256e+00,-6.02567852e-01,-1.40394942e+01,1.46017642e+01,4.43047546e+00,-4.04470980e+00,-8.47689422e+00,3.12352175e+00,-1.33550363e+01,-3.14198845e+00,-1.96056023e+01,7.26460989e+00,3.26600072e+00,-3.77729802e-01,-2.08807280e+00,-8.17806399e+00,-2.49983861e+00,2.95341289e+01,-3.73762626e+00,-1.03065546e+01,-1.51589341e+01,2.84246251e+00,-8.02460365e+00,1.74535554e+00,6.88542631e+00,1.44932517e+00,7.33489887e+00,3.57687347e+00,1.34837367e+01,6.12464034e+00,-7.66887170e+00,1.01029876e+01,7.98983639e+00,2.80805610e+00,9.25225993e+00,-5.94764293e+00,1.63787831e+01,4.72901057e+00,-7.13770425e+00,-1.53837056e+00,-3.74344541e+00,4.41660286e+00,-5.78868865e+00,-1.53640511e+00,-2.37196412e+00,1.80828282e+01,1.23448191e+01,-1.50132384e+01,-1.38162776e+00,-1.18369269e+01,-3.36209089e+00,-5.12966986e+00,1.85394468e+00,-5.22518823e-01,-6.03208084e+00,2.80420011e+00,-1.96650022e+00,-2.30508094e+00,1.92725325e+01,3.73217340e+00,-1.80849694e+01,-9.63004089e+00,2.05954210e+01,5.34942026e+00,-2.07124862e+00,2.40951477e+01,-4.28554286e+00,-2.11464789e+00,-2.23367192e+00,3.11162078e+00,6.72362502e+00,9.55337009e-01,6.56843386e+00,-3.14077611e+00,-7.88499343e+00,-8.94522556e+00,-1.07561714e+01,9.83090811e+00,3.15271804e+00,8.56297872e+00,3.53693783e+00,1.97468112e+01,4.04251829e+00,-1.77261992e+01,-7.42157145e+00,1.60692602e+00,-6.44663995e+00,1.40272016e+01,-2.88775687e+00,3.73464090e+00,1.16519580e+01,-1.73707152e+01,3.31385319e+01,4.36698520e+00,5.54997882e+00,8.09551883e+00,1.31766221e+00,-6.05975324e-01,7.71954604e+00,-7.72218907e+00,1.84364823e+01,1.60438604e+01,-8.71324199e+00,3.70725832e+00,1.56157509e+01,-4.90430105e+00,4.07284571e+00,8.48664344e+00,9.64515729e+00,-1.68810065e+01,-1.97395077e+00,-6.81231148e+00,-1.24610377e+00,-1.55533949e+00,2.52723541e-01,-3.83989350e+00,-6.20647470e+00,2.55202961e+00,1.89423767e+00,1.19334229e+01,-9.68210127e+00,8.88825161e+00,1.09496300e+01,-3.06332315e+00,1.78606590e+01,-1.51093135e+01,-2.30867265e+01,-1.31363808e+00,-1.05012643e+00,7.01812106e-01,1.71338338e+01,-1.26080902e+00,9.05536689e+00,1.19172021e+01,8.86990884e+00,-1.54283479e+00,1.40273143e+01,-3.56448746e+00,-7.75607894e+00,-9.69084155e+00,1.51845681e+00,8.63527347e+00,-1.16489579e+00,8.42193681e+00,-1.17966761e-01,1.31964891e+01,4.18418802e+00,1.76802243e+00,-1.12855275e+00,6.96794109e+00,8.63841379e+00,4.25251670e+00,-3.78161383e-01,-1.19093903e+01,6.32758709e+00,4.49016963e+00,8.23565951e+00,6.60862784e+00,7.82147237e+00,-1.53196763e+00,6.54523158e+00,-6.60110620e+00,-4.08433898e-01,-1.22999767e+01,-7.37829191e+00,9.26515030e+00,-2.02155145e+01,5.96058468e+00,3.78113356e+00,1.91198277e+01,-4.70759363e+00,7.22057904e+00,-2.86198045e+00,-1.06274463e+01,-1.59540582e+01,-2.40784941e+00,-2.00177437e+01,3.24052400e+00,-5.06828359e+00,6.84139172e+00,5.19677396e+00,-5.80187702e+00,-6.05220055e+00,9.23900906e+00,-1.26158892e+01,-2.77027970e+00,-3.88331177e+00,5.33077213e+00,-5.21710509e-01,9.97991772e-01,-3.97754939e+00,1.23108274e+01,-1.17836139e+01,1.81033486e+00,1.32479838e+01,-7.51285543e+00,6.40127547e-01,-8.15979502e-01,-1.51348154e+01,-9.96225719e+00,-1.16316555e+00,6.36389524e+00,7.14255136e+00,1.26964109e+00,-2.08475767e+00,4.00956496e+00,-9.73383303e+00,-3.07534269e-01,-1.18247847e+01,-6.06882806e+00,1.07022104e+01,-6.87248243e+00,1.46968355e+01,-4.86240673e+00,7.72619860e+00,5.71197508e+00,-1.35271064e+01,-6.10233143e+00,1.82312968e+00,-8.67724940e+00,-8.75320244e+00,-1.93462690e+01,-1.26109312e+01,-1.10899909e+01,-9.62514241e+00,1.32151509e-01,3.99726593e+00,1.30985632e+00,4.86524509e+00,-1.30062900e+01,2.82177845e+00,5.76970119e+00,-1.51778114e+01,-1.38199343e+01,-9.01439501e+00,-5.95113945e+00,3.64464619e+00,2.63309828e-01,-9.57238232e+00,7.43849080e+00,-4.68176212e+00,1.17403402e+01,-1.95094260e+01,1.33674045e+01,-1.24999645e+00,-9.38250373e+00,-5.86980359e+00,-3.34075435e-02,9.79005389e+00,-1.61239551e+01,-2.90156373e+00,-4.09309592e+00,1.02833744e+01,1.81408343e+01,-2.21500833e+01,2.07702449e+01,9.44477496e+00,-1.66631438e+01,-7.63981242e+00,1.71889070e+01,1.33866608e+01,-4.31045899e+00,-1.19153974e+00,3.17874811e+00,1.61478075e+01,-1.24254832e+01,3.55072993e+00,-1.40585382e+00,6.94201920e+00,-1.61260569e+01,-1.07924819e+00,-6.93627591e+00,1.04630437e+01,9.17233408e+00,-1.97570165e+01,-1.08426852e+01,-5.20307673e+00,-8.61955860e+00,-2.95419068e+00,-4.87195742e+00,1.00796258e+01,9.60786777e+00,-1.08177683e+00,-9.53083589e+00,-1.90240073e+01,1.06596542e+01,-1.09149716e+01,-7.33584052e+00,1.55363232e+00,-7.66799247e+00,-9.15067336e+00,-6.37825514e+00,-1.01672952e+01,-5.46457378e+00,-1.09311043e+01,1.27862153e+01,1.39689550e+01,-1.55376399e+00,-4.99517609e+00,-4.34238441e-01,9.16253350e+00,-1.94396002e+01,-4.75093519e+00,1.16150456e+01,1.50147282e+01,-3.67213882e+00,2.32585058e+00,1.17256533e+01,3.63956668e+00,-6.60444932e-01,-8.85653688e+00,4.19373942e+00,-7.48147438e+00,-3.20983144e+00,-4.26348359e+00,-3.81136747e+00,4.71764864e+00,1.77990788e+01,-7.36665215e-01,5.74967793e-01,-2.03323453e+01,-4.00643844e+00,-8.19996793e+00,7.11094053e-01,-9.51184162e+00,1.82084175e+01,1.90104746e+01,3.90028937e+00,-4.16620157e+00,3.39906326e+00,5.57282602e+00,-1.04247920e+01,-1.97786412e+00,3.44962456e+00,2.90990849e+00,1.17595930e+01,9.29794894e+00,-4.61665799e+00,6.01290757e+00,-2.17926918e+01,-8.13943120e-01,1.96640264e+01,3.32945058e+00,1.02945336e-02,6.70783462e+00,-5.44323273e+00,2.04830585e+01,-3.66842586e+00,1.85391873e+01,8.36636915e+00,-9.70796826e+00,7.26929944e+00,-6.58728737e+00,-1.49927646e+01,-1.53459958e+00,-1.21519655e+01,-1.22451283e+01,-5.78025829e-01,7.29956599e+00,-1.90234995e+00,-7.76459108e+00,1.69046586e+00,-1.56040176e+01,-1.43969007e+00,-1.92136638e+01,1.18674894e+01,-5.67608798e-01,-1.09893553e+01,-4.64817686e+00,3.91515640e+00,-7.56999633e+00,-1.00954851e+01,1.99254618e+01,-5.36572261e+00,-9.94367974e+00,6.45948607e+00,-3.54546288e+00,1.15149041e+01,-1.86691470e-01,1.30776537e+00,2.34135748e+01,-3.40321797e+00,-8.01983098e+00,-8.94401113e+00,-1.21445087e+01,-7.86971996e+00,6.00375643e+00,5.78345741e+00,5.57485283e+00,1.66458118e+01,6.38610778e-01,4.36421972e+00,-1.42568561e+01,1.89115983e-01,-4.74371874e+00,-6.56256872e+00,7.13311591e-02,7.44034645e+00,8.68576428e+00,-2.38689461e-01,2.22795821e+00,6.59840957e+00,8.43033624e+00,-4.91484969e+00,-2.64536786e+00,2.06434208e-01,-5.83074977e+00,-1.87369056e+00,-7.02252225e+00,1.70225657e+01,1.41551504e+01,-3.75552309e+00,3.18524745e+00,-8.76036293e-01,-5.90203570e+00,7.74455669e+00,-2.15640265e+00,7.90950226e+00,-1.14520498e+01,4.09123611e+00,-2.38844022e+00,-1.21688403e+01,-5.98918606e+00,5.60585517e+00,-2.08591846e+01,8.56797359e+00,1.06672411e+01,-1.88176368e+00,-1.23447486e+00,-7.12390383e-01,5.30189288e+00,-7.39520458e+00,7.84062203e+00,6.56799245e+00,-2.26111311e+01,-7.33120128e+00,5.30031969e+00,-2.23994066e+00,9.48584463e+00,-1.36098741e+01,-1.17896029e+00,-8.88432238e+00,-2.83755819e+01,1.72724295e+01,-1.32191362e+01,-1.38226442e+01,1.87359703e+00,2.88167810e+01,6.30218182e-01,-5.99963538e+00,-1.25654298e-01,-1.20864887e+00,-1.94831703e+01,-1.33011843e+01,1.84813622e+01,-1.88331198e+00,-8.37369281e+00,1.17244160e+01,-7.50299752e+00,8.11022884e+00,1.16214333e+01,-1.28361024e+01,-5.88497123e+00,-7.12028807e+00,-3.47950854e+00,-4.66007177e+00,-2.86662080e+00,3.62149322e+00,-7.53637750e+00,6.66339441e+00,1.29933584e+01,-2.58231943e+00,-4.18078328e+00,3.25785699e+00,1.24004618e+01,1.13959465e+01,1.26885866e+00,-1.15384689e+00,-1.69252199e+00,-1.16229831e+01,8.92039021e+00,-5.54391878e+00,4.25168620e+00,-3.57564178e+00,6.39163726e+00,3.66631353e+00,-1.80456288e+01,-6.39334816e+00,-1.73630531e+01,-7.62151073e+00,1.21029406e+00,-3.92043682e+00,7.16581799e+00,-6.40902399e+00,5.02593920e-01,1.89228049e+00,1.65327206e+01,8.48775371e+00,-6.45624517e+00,-1.62418900e-01,2.90914615e+00,8.34919156e+00,-6.54101753e-02,1.22446745e+01,6.01341526e+00,2.00707364e+01,8.78496627e-01,1.50524752e+01,-5.71468797e+00,-8.65419535e+00,1.64339375e+00,1.53715227e+00,6.05113473e+00,-2.54002760e+00,-3.13452289e+00,5.28620625e+00,-1.04119339e+01,-1.22065875e+01,1.71665648e+01,-1.64884499e+00,-9.36330513e+00,-7.86155560e-01,-3.39682256e+00,8.44977653e+00,7.83810894e+00,-4.60881343e+00,-2.14660938e-01,-5.99812715e+00,-7.90313350e+00,-5.58791653e+00,-2.14921076e+01,-5.57286482e-01,-1.49170082e+01,-1.25904198e+01,-9.13036618e+00,4.28190797e+00,-8.59079272e+00,4.75952670e+00,-1.35701836e+01,8.63612050e-02,-9.04467462e+00,1.31813970e+00,2.06111453e+00,7.13146106e+00,-4.62916079e+00,-3.93216770e+00,6.43672706e+00,1.35729772e+01,7.03305791e+00,2.11678997e+00,-1.58611962e+01,-3.35683459e+00,-6.83543192e+00,-1.38632524e+01,9.96208865e+00,-7.84973137e+00,-1.16709442e+00,-5.87109681e+00,-2.26828338e+01,1.18388937e+01,-4.27705862e+00,9.18992592e+00,-1.61510893e+01,1.46500960e+01,8.71804109e-01,-6.45676350e+00,1.48724244e+00,-5.08687071e+00,-1.52955469e+01,3.61479103e+00,7.34471949e+00,1.95550209e-01,-7.52001739e+00,-3.07866650e+00,4.05354637e+00,7.21620914e+00,1.41541118e+01,5.79208337e+00,-4.90059596e+00,2.04732019e+01,5.53015791e+00,9.51559164e+00,-3.68534155e+00,6.43257653e+00,4.39019542e+00,-1.41735132e+01,-4.56045471e+00,-8.85952142e+00,-7.94237570e+00,-2.14782161e+00,-3.26136546e+00,-9.25319301e+00,-2.53243176e+01,-6.30972948e+00,3.66630608e+00,1.32644166e+00,2.34409888e+00,1.01418794e+01,3.40898773e+00,6.82648105e+00,-9.74467762e+00,1.04450359e+01,-9.82736193e+00,-1.63455186e+01,3.84607484e+00,-8.76014360e+00,-9.30558778e+00,-3.55820881e+01,-2.32181122e+00,1.83866164e+01,9.93154907e+00,-2.64328465e+00,-2.31152055e+00,7.68850068e+00,1.47794345e+01,-9.11275437e+00,-2.15562363e+00,-7.53676978e+00,-8.05606966e+00,-7.16869435e+00,3.24835595e+00,1.60121913e+01,-1.48785934e+01,-1.19122903e+01,3.26905593e-01,-2.51236238e+00,-3.84653717e+00,-2.04279057e+01,1.30731041e+01,5.40322750e+00,1.56873433e+00,1.10821676e+01,-6.91174905e+00,7.12590409e+00,6.14890341e+00,1.09227507e+00,-1.69337158e+00,2.54804575e+00,-3.39090518e+00,1.05795427e+01,-9.44519683e+00,9.53449683e+00,2.11991720e+00,3.26080245e+00,5.11132065e+00,-1.85667233e+01,1.87412953e+00,-1.49102579e+01,-1.11094040e+01,-1.10247514e+01,-1.08467510e+01,7.03926390e-01,3.54151139e+00,1.06934006e+01,1.97604133e+00,3.28564699e+00,-1.59561339e+01,-6.01102336e+00,7.38781610e+00,1.12737765e-01,-7.32915943e-04,-1.79819088e+00,8.02787246e+00,-2.06396994e+01,2.59224191e+00,5.00274953e+00,9.36841015e+00,8.45889450e+00,-1.27466572e+01,2.53696879e+00,1.36567790e+00,1.43439506e+00,3.67304907e-01,-4.84881599e+00,-8.14065488e+00,3.62434232e+00,1.35979027e+01,-1.84137257e+00,2.40457201e+00,2.97707332e+00,-6.10992233e+00,-6.19169307e+00,-2.63490148e+01,-9.00229539e+00,-1.21986083e+01,-1.97377687e+00,-1.48324302e+01,1.71895333e+01,-7.21931361e+00,-1.20540440e+01,-3.55553874e+01,1.48794062e+01,3.26866393e+00,1.98413144e-01,-1.38160301e+01,1.61333698e+00,-3.90329610e+00,-7.22697870e+00,1.79597045e+00,7.35459433e+00,1.66422599e+00,-3.82209627e+00,-2.79341657e-01,2.70897813e-01,3.58280175e+00,-1.46209255e+01,1.59150580e+01,-9.18186852e+00,-6.01165492e+00,-9.95074942e+00,-2.27971026e+01,1.47629514e+00,-1.10890442e+01,-4.94074021e+00,7.52745157e+00,-5.26127721e+00,-7.17575539e-01,-2.47901344e+00,-5.69283044e+00,3.41325081e-01,1.19962366e+01,-1.18883905e+01,2.17047209e+01,-4.74175276e+00,7.71963132e+00,-2.34320344e+00,3.02399461e+00,-2.63620081e+00,1.00128023e+01,1.40980853e+01,4.08679094e+00,1.15514937e+01,-7.66147223e+00,-1.01552106e+00,-5.65090581e+00,1.48806233e+01,1.29548463e+01,9.66149072e+00,-3.14932757e+00,-6.06712540e+00,5.44650679e+00,-5.96245364e+00,-3.41436771e+00,-1.48133808e+00,-6.90494246e+00,1.13065290e+01,-1.80169763e+00,8.20471109e+00,3.76131536e+00,3.74744952e+00,-7.57794492e+00,6.72266075e+00,-3.52859010e+00,-2.58660425e+00,-3.69989669e-01,-1.15784093e+01,1.75292268e+01,-6.14709744e+00,3.20341529e-02,4.89284786e+00,4.49020188e+00,1.65388456e+01,-4.33280493e+00,1.71408465e+01,1.53070825e+01,-2.18805880e+01,1.67010620e+00,-4.28951115e+00,2.74746174e+00,1.61238558e+00,3.69184774e+00,1.38762007e+01,2.08629461e+01,-1.72561241e+01,1.75074010e+01,-2.14580370e+01,-1.78271664e+01,-2.86189890e+00,1.70612632e-01,1.66298949e+01,8.49114964e+00,-3.66073217e+00,-2.01029625e+01,1.52169624e+01,-9.80920420e+00,-1.05956706e-01,-1.12102145e+00,2.83483984e+01,-5.58585184e+00,-2.37536150e+01,6.62277609e+00,-3.57308936e+01,2.78517545e+00,-8.22596019e+00,-3.92925611e+00,-5.76411533e+00,-1.28070080e+01,8.55823864e+00,-7.76044462e+00,-2.14022736e+00,-1.74116482e+01,-1.01708763e+00,-1.12403120e+01,-1.69510166e+01,-2.62921344e+01,2.47446903e+00,-7.33917189e+00,2.88556669e-01,-2.64317346e+00,-1.85044015e+01,-1.41056206e+01,-1.27992888e+01,-1.22615612e+01,1.19486193e+01,1.80544336e+00,-1.04719633e+01,-4.93923274e+00,-5.71988080e+00,8.69634074e+00,-7.02860570e+00,-2.07859419e+00,-5.94067679e+00,-8.39047919e+00,-8.72504123e+00,8.75688653e+00,-3.38070771e+00,-2.03413619e+01,1.75668304e+01,1.01703735e+01,1.20233320e+00,-1.72912893e+01,-1.69726206e+01,2.08201962e+00,7.12479666e-01,-7.08055163e+00,-1.05267439e+01,7.78776819e+00,-1.27541227e+00,5.90033665e+00,1.09999001e+01,7.95160080e+00,6.45758324e+00,5.22434710e+00,-5.07272949e+00,-2.90156640e+00,-4.27281855e+00,-8.06926573e+00,-1.05964535e+01,-1.40027898e+01,-8.31433118e+00,-2.19826494e+00,-1.79000270e+01,-2.21249479e+00,7.45276110e+00,-1.68245976e+01,6.67861133e+00,5.61568109e+00,-1.56111365e+01,-1.26505332e+01,-4.32715956e+00,3.66269515e+00,-9.03361537e+00,1.60193779e+01,1.40902164e+01,-1.72071805e+01,1.06391405e+01,8.12434675e+00,2.20515588e+00,4.83222395e+00,-9.42685122e+00,-3.16082266e+00,9.68001141e-01,4.26516512e+00,9.73073288e+00,-1.20489062e+01,-1.56315036e+00,3.73535484e+00,5.38618352e-01,-6.97230786e+00,4.47303074e+00,-5.97004862e+00,-4.37358717e+00,5.11247472e-01,-1.36322014e+01,1.22820791e-01,-4.19961851e+00,-2.76611671e+00,1.56644171e+00,-1.23923913e+01,1.24979284e+01,-5.71331379e+00,-2.90337459e+01,-1.90503361e+01,8.28041797e+00,-8.11779057e+00,-4.16230971e+00,-6.05209541e+00,-3.87623781e+00,-2.27049054e+01,-1.80787326e+00,-1.41250740e+01,-6.97932940e+00,5.40623474e+00,1.71797130e+01,4.56913627e-01,5.77676155e-02,1.30889909e+01,-1.15698982e+01,7.21663103e+00,1.66471918e+00,-1.06448684e+01,-5.12285644e+00,4.82533363e+00,4.04434655e-01,2.93054968e+00,2.80790451e+00,-4.98189583e+00,-6.87515747e+00,-1.13468578e+01,1.08061593e+01,-1.46140714e+01,-1.09087440e+01,2.88049725e+00,-1.95891408e+01,4.72642663e+00,1.30935155e+01,-1.90853570e+00,2.57262730e+00,-6.40784696e+00,-4.59611314e+00,1.90253833e+00,8.23569153e+00,-8.47456768e+00,5.86810767e+00,-2.87796016e+00,-2.84564603e-01,5.47922695e+00,3.80539073e+00,-2.24897379e+00,-2.72109347e-01,3.84092440e+00,6.31645851e+00,-1.57878818e+01,9.83782562e-01,1.18185159e+01,-2.10802476e+01,7.24515773e+00,-2.60118332e+01,-2.16127048e+00,-3.24016645e+00,-1.66409598e+00,-2.20249224e+00,-6.10757764e+00,-1.14040903e+00,3.01595084e+00,-5.35932854e+00,2.71835781e+00,1.98401126e+01,-1.33907261e+01,-5.72234918e+00,8.56466526e+00,5.24177941e+00,9.13016431e+00,3.72906083e+00,5.45826507e+00,-3.62702290e+00,-1.08183596e+01,-1.01679114e+01,-5.73868189e+00,6.90143986e-01,-9.41865149e+00,-2.90748107e+00,1.43801563e+00,4.97614456e+00,-1.78065724e+00,1.29643475e+01,-1.24724884e+01,-1.11184978e+00,-1.16705731e+00,6.45196642e+00,-9.41808484e+00,-5.95879473e+00,4.69904313e+00,1.09453552e+01,1.59981558e+01,7.81623183e+00,9.65691756e+00,-6.05486620e+00,1.42804967e+01,1.43736413e+01,-1.26282366e+00,7.78847442e+00,8.42314512e+00,-4.66144410e+00,1.72480102e+00,1.41588312e+01,-5.78006814e+00,-2.68823875e+00,-1.39535309e+01,5.51167533e+00,-2.55816601e+00,4.22224065e+00,1.28118361e+00,-8.92726893e+00,1.05709189e+01,8.94393880e+00,-5.92521070e+00,3.78493994e+00,-1.31161740e+01,-1.17958630e+01,5.09474646e+00,-1.50787184e+01,-6.72242890e+00,1.20437505e+00,1.87176908e+01,-4.60466359e+00,-2.68542088e+00,-3.58077486e+00,2.53340526e+01,3.85280097e+00,-9.14007044e+00,1.55637997e+01,1.39676113e+01,7.10104233e+00,1.70726999e+01,1.82384124e+01,-1.92260277e+00,-6.50259329e+00,-7.13761730e+00,5.92946985e+00,8.15783228e+00,-1.42827600e+00,-5.04308014e+00,-1.34614525e+01,-5.72190998e+00,-1.02105373e+01,6.64650907e+00,3.78521485e+00,1.33218192e+01,1.93333429e+00,-5.49666026e+00,-1.59443389e+00,8.93684345e+00,2.89254930e+00,1.24390356e+01,1.28750001e+01,-2.60833191e+00,-1.96455734e+00,-2.15390045e+01,1.13601335e+01,-1.03196160e+00,1.20379138e+01,-4.90981590e+00,-1.39398728e+01,4.17478995e+00,1.56056788e+01,-5.73421320e+00,1.52772367e+01,-1.62062328e+01,-5.21515022e+00,-1.80441518e+01,4.35113529e+00,1.93916094e+00,7.74710743e-01,-1.35949269e+01,1.96662836e+01,1.20731932e+01,1.71051933e+00,-1.06422264e+01,5.01101977e+00,-5.46386475e+00,-2.62301220e+00,-5.17656203e+00,4.26535873e+00,-2.80374055e+00,-4.17420938e+00,4.87273944e+00,5.35829395e+00,-1.91206048e+01,4.27583697e+00,1.46263371e+01,9.29872792e+00,-3.00434031e+00,4.80371022e-01,-8.23527753e+00,1.26204736e+01,3.19349816e+00,-1.41026937e+00,-1.48090828e+00,2.38234270e+01,-4.52534716e-01,6.26104086e+00,1.61103351e+01,2.18106269e+01,1.36101256e+01,9.42955655e+00,-1.37337769e+01,-1.01287563e+01,7.65578194e+00,4.19557315e-01,6.75757870e+00,3.51647354e+00,1.39048134e+01,-1.74459296e+01,-1.08140457e+01,-2.09056618e+00,-1.88852861e+01,3.76250412e+00,9.04752146e+00,2.12445652e+00,-5.01014228e+00,5.26385215e+00,3.11158198e+01,6.31957848e+00,3.39651892e+00,-1.07472226e+01,-1.39901916e+01,-3.57630786e+00,6.53165806e+00,-1.13589472e+00,5.23126422e+00,7.92015173e+00,-1.37914528e+01,5.63159200e+00,1.00665376e+01,1.29287547e+01,-1.77131809e+00,2.46386800e-01,-1.85922814e+00,-1.06148503e+01,-1.57855027e+01,1.75080429e+01,-1.67491411e+00,-1.24895979e+01,8.67302354e-01,-6.03025134e+00,1.98953409e+01,-5.17070666e+00,-8.08833142e+00,7.79594408e+00,-3.14018646e+00,9.71045909e+00,-5.13378550e-01,2.16134136e+01,1.09199344e+01,9.69255550e-01,-8.22518077e+00,5.75241015e+00,-1.20381911e+01,-1.73306278e+00,1.40639623e+01,-5.74801437e+00,-9.97517092e+00,-4.83697859e+00,1.17272943e+01,2.84816206e+00,-1.85510744e+01,7.36910294e+00,2.60060662e+00,1.88450600e+00,-1.12739378e+01,1.35717002e+00,7.82334080e+00,1.10778247e+01,1.41129341e+01,6.85529443e+00,1.27570324e+00,-1.17130374e+01,-1.00639357e+01,-1.56541072e+01,-2.13260311e+00,7.61439498e+00,-5.60967997e-01,1.21070740e+01,-6.86805513e+00,3.82930039e+00,-3.98100651e+00,-6.19184294e+00,1.30708335e+01,1.64125531e+00,1.33838821e+01,1.07678385e+00,5.08422712e+00,-3.83239985e+00,1.34360993e+01,-2.94723604e+00,-9.94324229e-02,-1.75282473e+01,-2.17556465e+00,1.60316569e+01,1.50146797e+01,5.27367037e+00,-2.89172610e+00,7.51643026e-01,-4.57611521e+00,-2.34042431e+00,1.97591731e+01,1.13287347e+00,-5.40797117e+00,-2.42348653e+01,-1.09943818e+01,-8.45017163e+00,-1.39892797e+01,-1.28605093e+01,-1.58840143e+01,-1.00771717e+01,-7.71730690e+00,-1.02370588e+01,1.01256079e+01,-5.34498566e+00,-2.09873858e+01,9.42306597e+00,-6.93060771e+00,-1.76884850e+01,2.20468625e+01,-5.17906867e+00,4.23437192e+00,9.33783065e+00,1.35446623e+00,5.53892754e+00,4.29760417e-01,6.75036069e-02,-2.99355399e+00,-1.60257294e+01,2.52712176e+00,-2.81255330e+01,1.49857458e+01,-9.10426471e+00,-3.50444834e+00,-4.10199663e+00,3.65241728e+00,-4.33130840e+00,6.54353447e+00,-1.21555232e+01,8.61292320e+00,8.96725842e+00,3.01016304e+00,2.00514274e+00,4.55655821e+00,1.53992579e+00,7.09506334e+00,-1.53409120e+00,-1.46145843e+01,2.06755231e+00,-6.40934281e+00,-4.46393940e-01,1.17177417e+01,-1.82877465e+01,2.35470392e-01,6.41590093e-01,2.12390741e+00,7.02299910e+00,-2.96283669e+00,1.88177223e+01,9.44368145e+00,-3.58620903e+00,-2.27200683e+00,7.68620582e-01,1.77119745e+01,-1.19151342e+01,-2.31114067e+01,6.58092265e+00,-2.21755466e+00,-3.15651039e+00,3.88541927e+00,1.69803812e+01,9.73076888e+00,-4.03267740e+00,-1.16100236e+01,-2.05483040e+00,6.36955389e+00,-3.20997647e+00,-1.70712155e+01,-1.30573307e+00,-2.08966430e+01,-1.08767303e+01,1.84653028e+01,-1.14234391e+01,-1.50985609e+01,-1.19961453e+01,-8.43849126e+00,7.51616542e+00,1.87031134e+01,-1.60972963e+00,5.94578506e+00,-4.08368324e+00,-1.50678257e+01,1.13092540e+01,-1.03083654e+01,6.25262064e+00,7.23481957e+00,-2.59384886e+00,8.78105176e+00,9.15087930e+00,2.50572350e+01,-3.26527010e+00,-1.11330802e+01,-1.46892155e+01,-3.48905111e+00,-7.57946536e+00,2.21524791e+01,-1.02804946e+01,2.02151417e+00,1.35613887e+00,-5.10401365e+00,-1.82237993e+01,-1.45432940e+00,2.22385894e+01,3.40329806e+00,1.63825928e+00,-1.21456677e+01,-1.27677423e+01,-2.67881740e+00,1.05959968e+01,-5.53654459e+00,2.32479859e+01,-9.84353204e+00,3.81291305e+00,-4.26239518e+00,-1.45977728e+01,9.21955280e-01,-1.22028309e+01,-1.68107200e+01,1.71121823e+00,3.11178919e-01,1.09736737e+01,5.26843530e+00,-7.64774651e+00,4.93838675e+00,-1.87121002e+01,-1.13442696e+01,2.06631877e+01,1.80740798e+00,-2.67183847e+00,-6.39000060e+00,-9.51634468e-02,-2.18756216e+00,1.95761102e+01,9.19954481e+00,-2.89976556e+00,-1.24251326e+00,-8.95247139e+00,-3.55098677e+00,-1.44981805e+01,1.12652483e+01,1.48547944e+00,2.56073018e+00,3.69905928e+00,-2.04759171e+00,-4.45950836e+00,4.61902481e-01,-2.37263078e+01,-3.40118179e+00,-1.73208900e+00,-1.61727984e+00,1.16654474e+01,1.39787139e+01,3.79743729e+00,-2.10486368e+01,1.44352178e+01,-5.24610547e+00,-8.17153214e+00,-1.92834912e+01,-7.37943530e+00,1.32075011e+01,6.53548794e+00,2.96685329e+00,7.00958903e+00,-1.25398308e+01,-9.97836737e+00,1.32808899e+01,9.02213380e+00,1.10355217e+01,7.69284630e-01,1.95474207e+00,1.21180081e+01,2.18936912e+01,-5.17409960e+00,8.02511850e+00,-4.33075653e+00,-9.53235713e+00,-7.35711773e+00,-6.81940388e+00,-3.12942790e+00,-1.11281564e+01,-4.87815263e+00,-2.97456741e+01,7.58758110e+00,5.58059683e+00,-6.39425713e-01,-8.29753280e+00,-4.48022927e+00,-1.20134016e+01,2.21606714e+00,1.80456430e+01,-4.62929210e+00,-4.13042372e+00,4.16472461e+00,-1.10737116e+01,1.95757629e+01,3.72127911e+00,2.92005605e+00,1.17258925e+01,-2.84679497e-01,1.28233498e+01,3.95351195e+00,-1.56636432e+00,2.72019733e+00,-1.27955510e+00,1.58609801e+01,1.81812539e+00,3.83922086e+00,-2.11872908e+00,2.52528591e+00,-2.08620770e+01,-7.85013616e+00,-1.07169164e+01,1.15509985e+01,-7.38377125e+00,-1.35621106e+01,1.26878172e+01,-3.14557347e+00,9.78666116e+00,-1.98849368e+01,5.08556526e+00,1.31248584e+00,1.44622798e+00,-2.39905057e+00,-1.27544013e+00,1.10825437e+01,4.54753115e-01,-1.12042775e+01,-4.54048065e+00,5.01487697e+00,-2.62772379e+01,-2.02409183e+01,4.62647157e-01,2.96629504e+00,-1.06473300e+01,-3.60358435e-01,2.41433280e+01,6.73989891e+00,-1.26744801e+01,1.68145703e+00,-2.11198484e+00,2.81283812e+00,-7.80800505e+00,4.57388184e+00,5.72372817e+00,-1.55214626e+00,2.47357934e+01,-1.92790824e+00,-6.86502836e+00,5.25025075e+00,9.94833370e+00,-7.72994234e+00,-3.79602295e-01,2.18966150e+01,-7.44275967e-01,1.22419368e+01,3.68495114e+00,-1.89604298e+00,-4.80212084e+00,1.15404163e+01,-1.24880920e+01,-6.38206075e-01,-4.20146205e+00,-9.31966983e+00,3.01710376e+00,5.33256902e+00,7.56908542e-01,-2.50303530e-01,-8.90095468e+00,3.82382462e+00,-8.55629174e-01,-5.26441395e+00,-4.73975505e+00,4.52362113e+00,-6.11732661e-01,-8.48895560e+00,-2.37887568e+01,1.36251160e+00,4.54649111e+00,-1.00442238e+01,-5.41397572e+00,1.82667378e+01,2.08856961e+00,8.26420013e+00,1.61754362e+00,8.15576625e+00,7.33594457e-01,-8.68304272e+00,-1.36463639e+00,1.69264197e+00,6.19956531e+00,1.72368399e+01,1.11349115e+01,3.76245809e-01,2.84575486e+00,1.37415249e+01,5.83370075e+00,-1.62910348e+01,-6.30392321e+00,3.04494697e+00,1.99555661e+00,5.56549846e+00,-1.18842451e+01,1.66549610e+00,8.84241671e+00,1.09030302e+01,-9.66594067e+00,-5.68508406e-01,-2.99324618e-01,-3.92976715e+00,-6.54718974e+00,-3.40879446e+00,-1.62703249e+00,2.33872419e+00,9.30661965e+00,-7.00482164e+00,1.84396828e+01,7.37603660e+00,5.42773063e+00,8.03620997e+00,6.32189129e+00,7.53214947e+00,1.22799703e+01,-1.03363408e+01,1.41119612e+01,-2.50016363e+01,6.96620706e+00,-2.36387836e+01,1.84281372e+01,1.67718974e+01,-2.13368005e+00,-1.09452077e+01,-9.65513576e+00,-1.29381147e+01,-1.44245797e+01,1.22928012e+01,9.36710966e+00,5.46341891e+00,6.95534681e+00,9.31467265e+00,-9.08090623e+00,-3.78623193e+00,1.25355720e+01,-2.68021053e+00,1.14265544e+01,1.65736011e+01,-7.71240023e-01,-1.66241941e+01,5.62214804e-01,2.51085927e-01,-1.97450955e+00,4.81058075e-01,-1.48908583e+01,-3.28134678e+00,2.42637005e+00,2.60156908e+00,1.07728373e+01,-8.79260256e+00,1.33303965e+01,-8.89047458e+00,5.25062000e+00,9.10164631e+00]
