Eb
-1.518133803767924
-1.4463899536500975
-1.4748456380129973
-1.4869970403867967
-1.6948681261978606
-1.4448950872175423
-1.6609940754709385
-1.682671619053508
-1.5276441442730402
-1.5619352614198903
-1.4122440327307686
-1.4347270045503606
-1.712363754314346
-1.4764724024167606
-1.5797248009134037
-1.5783652991101462
-1.5429728454554024
-1.3240081244725417
-1.6441880562093871
-1.5784214142982478
-1.5831154238267686
-1.4401620191873548
-1.6059298170160652
-1.619993873081551
-1.3801909429911952
-1.5048916578075797
-1.38815016545567
-1.3712080762892427
-1.4588234753168123
-1.3497671459590066
-1.5945493507470019
-1.4310011869159691
-1.478685864280365
-1.58830407543185
-1.6005360215190194
-1.5067178300809019
-1.535459035692206
-1.4803582052471
-1.5694337494098392
-1.5165913976045147
-1.5023527102704861
-1.633953771140753
-1.6734157035324593
-1.4169067984583634
-1.5309456168055533
-1.6601606420364075
-1.5412695730829853
-1.4379455086119606
-1.502596849883716
-1.5749688377088518
-1.3621111414664497
-1.5952153100776485
-1.420812772225716
-1.4731160239137893
-1.5258207794813075
-1.5290409986327234
-1.5225327985530441
-1.3601887664689798
-1.4613584638361345
-1.5366041702360604
-1.4044823412654068
-1.531516148993319
-1.5953013970221406
-1.5422196285479366
-1.6379570059842266
-1.6817806898696404
-1.6636173180106368
-1.5134841185681012
-1.628210230972968
-1.7769345593312007
-1.408667536101163
-1.443211662183785
-1.4185577046911675
-1.4770396579676799
-1.6206455993854405
-1.5028324090731005
-1.4625607115829524
-1.600375565799908
-1.5545326640051798
-1.4411747727826025
-1.5725914146152462
-1.5430233701369218
-1.545351611364083
-1.4230300233687156
-1.5522621478101968
-1.5777146568338427
-1.4735090432120046
-1.447722092313029
-1.623950425641027
-1.4920858758584075
-1.5220209819619086
-1.4468810044970724
-1.536980295176491
-1.626875417714615
-1.3773877250325022
-1.6208560398974612
-1.3617314521067954
-1.565500643916664
-1.3505664829335675
-1.6775296163727376
-1.5799263827722712
-1.6019197777453371
-1.4092746164827759
-1.747682410057081
-1.557396008363213
-1.6943639831537638
-1.7175967827163134
-1.5118066329314388
-1.684729606005778
-1.5410901792569263
-1.494062020548256
-1.462287253848487
-1.4379039495393044
-1.5096316598912978
-1.5443440681928138
-1.478470793048814
-1.5372411927437923
-1.541170925415642
-1.5560768311451127
-1.5385084610801698
-1.3716225489070268
-1.6198429688124314
-1.5840503734937528
-1.4156408575248278
-1.5831077897293078
-1.6219959595549085
-1.4951474003665695
-1.7034980070181867
-1.437944866276041
-1.4767069976613243
-1.6152699633470888
-1.650863111531521
-1.7618721079412527
-1.6918403029078064
-1.4739852902224015
-1.4646218200249805
-1.7246202444401888
-1.6942547232606415
-1.6525995129435813
-1.67155753610308
-1.615537545656764
-1.5571611619089367
-1.4512724645098398
-1.5626061443028902
-1.6774993528691269
-1.5245813990748331
-1.6931008096425444
-1.2967970754891667
-1.554831318936408
-1.3995368841572997
-1.5375138836909628
-1.4570899526644894
-1.4787228141094744
-1.5307449735755085
-1.6961754678480077
-1.6866373799210947
-1.6620457335437209
-1.768045344591819
-1.5707940893693717
-1.4749857729614178
-1.363969218998971
-1.5198659866028237
-1.6720990516517986
-1.406595637534437
-1.4538800386549582
-1.4731288701786838
-1.710785756433765
-1.5371108302611418
-1.5962493923320125
-1.4166503817854306
-1.5336411921878863
-1.5216382573673002
-1.4759341341151355
-1.4921906011390433
-1.4755205128298599
-1.6680897093239935
-1.4243881233117275
-1.4576456205848274
-1.567216211876655
-1.5017393658544158
-1.398942351975279
-1.4548451639920899
-1.5671076660497647
-1.5068848202508889
-1.747308191874339
-1.4467519563267501
-1.6970558633158106
-1.6180325947954373
-1.6268156049198979
-1.5978008230290612
-1.395829202523771
-1.7960102886279685
-1.4295460524640333
-1.6105471535985032
-1.5077531263579118
-1.7658973036696608
-1.5774006743305051
-1.607662648629784
-1.5980199198906462
-1.404063224709006
-1.5219498360300037
-1.4615418774559146
-1.3838086378038543
-1.5495112969528932
-1.5259194123847024
-1.5796887388996765
-1.420049547982046
-1.5312581788729247
-1.6214371867261264
-1.637972545860542
-1.6399424709555035
-1.5099166635713885
-1.6564805201581123
-1.4459689135960332
-1.4238596994194097
-1.3823417048016289
-1.35051826045175
-1.4981237324420391
-1.5230137707781068
-1.5337176308467928
-1.4915634713786758
-1.5301849769536702
-1.586237472878544
-1.504559084778947
-1.556324092126033
-1.4446613531144568
-1.5642392080410268
-1.3801358275390498
-1.6208977852891593
-1.5814323731241586
-1.2398360560362711
-1.476631334148891
-1.59987057063001
-1.6555666254602102
-1.3783962801493885
-1.4063891230908077
-1.5638382459397917
-1.2989719036137792
-1.6282774183427478
-1.6374478292084547
-1.6331037303600553
-1.7301156070396644
-1.6926662044833591
-1.5121729261458228
-1.8231409708589865
-1.648380305436266
-1.5351523657276402
-1.5767895164110541
-1.8112797896412758
-1.62199916649638
-1.569531277600177
-1.5816403557357006
-1.5694579192669806
-1.5404228256309977
-1.4653670439373059
-1.365650859817471
-1.4866731005621148
-1.3916533710081467
-1.4541872595355088
-1.554708429912111
-1.5262276030809971
-1.6129857603637419
-1.7026111608403376
-1.4767269666488403
-1.4691923819634098
-1.686790697553647
-1.243139456593525
-1.5296181854805297
-1.7343498426615866
-1.4053638853268637
-1.6042206703736355
-1.6189210455543943
-1.3896862959391711
-1.7159650646746485
-1.4992144391665363
-1.6596498700914282
-1.6160439139663936
-1.5111639051596768
-1.428369577133786
-1.6188602409575452
-1.5577984497294146
-1.7082213973508544
-1.4832452957538251
-1.7132147797261439
-1.7804088938955545
-1.6564917605810479
-1.4296421293363721
-1.2728632140008642
-1.5712519666920244
-1.5104781960900624
-1.5774883135007371
-1.4709815556901162
-1.4944046582463102
-1.6082037907151516
-1.5842942064522738
-1.5985850999195463
-1.4070140390505035
-1.447229569614393
-1.3616253922943429
-1.698472076359991
-1.6129745570891387
-1.5165873917931165
-1.652576649748056
-1.567710786230748
-1.571707051851206
-1.508023103612416
-1.5277530777260093
-1.5081470501027638
-1.6921607072327998
-1.4961748374817034
-1.6271691546746467
-1.622674946904965
-1.6145729176395776
-1.3791515393399152
-1.7744699803122046
-1.4895348114998583
-1.4363342317183623
-1.5692515591058935
-1.6228261088191402
-1.5930935012599434
-1.557545419190376
-1.5115396590958312
-1.4727345483995293
-1.4366144623132158
-1.6154720334838117
-1.660751998203878
-1.5120214470223416
-1.6911305618346688
-1.5303947937382816
-1.4849475104023782
-1.722063588668334
-1.5341044769896968
-1.6323697381803868
-1.6191262171117415
-1.6362635126531302
-1.4440261867619597
-1.5649336230852384
-1.4061631025213046
-1.6979974594477198
-1.5772071020927712
-1.4875528275524346
-1.6050675343799128
-1.5480555492559205
-1.4177916446546988
-1.6302450590125588
-1.50685111747282
-1.4351073863477097
-1.5057713119230982
-1.5838451657459096
-1.6049237466585637
-1.4670760234369027
-1.5581950788048857
-1.517493730181016
-1.378185833712692
-1.6286233513943245
-1.6678866639985195
-1.394133881924887
-1.618478292341095
-1.4761922771813545
-1.3942704121110836
-1.6167431750237
-1.5408988863722755
-1.4177938915549948
-1.4909596358666306
-1.7081934013410205
-1.5335371310567893
-1.6144486416697497
-1.5416677980053866
-1.3630232492623122
-1.660035526399092
-1.5850673282103855
-1.6226873735288905
-1.5032553112102747
-1.4519802112216098
-1.5258238022617405
-1.6760054526461747
-1.5135030731130428
-1.3921308136278299
-1.521225453414516
-1.7520437541320177
-1.6513611821479515
-1.6094688564440958
-1.4704049669948347
-1.5104708131632663
-1.7555802041850086
-1.467431459041057
-1.616360267959152
-1.638802481771819
-1.4782011328626226
-1.595243372896629
-1.625738124561586
-1.4740273288085604
-1.3983652026513909
-1.684932764808913
-1.5162288741371128
-1.456636353739757
-1.48836357034358
-1.4053998709478055
-1.4795694912855168
-1.506277779021545
-1.323752514148211
-1.460270201525569
-1.568906711734499
-1.4401402020925644
-1.486816597233684
-1.4935177086387341
-1.5299094285344665
-1.5238917196312514
-1.5213627123339748
-1.5723802898062615
-1.5354486790931787
-1.619164697074936
-1.6097920475834542
-1.5409758464550762
-1.6917563394198538
-1.5953006760644257
-1.5505808734986317
-1.6678335691217683
-1.4233617811144086
-1.3729408005652033
-1.5533164314767873
-1.1733769292867748
-1.5148654961946164
-1.6007019938910645
-1.6573810217447686
-1.6426442371125916
-1.6287128805777655
-1.5231573973402988
-1.667213644960981
-1.3367250171335758
-1.3925233445427665
-1.623356564857545
-1.5254936454618644
-1.5435053516418975
-1.4625749487924224
-1.3972000671651124
-1.7650179519576454
-1.6603581397046128
-1.4677758286812548
-1.5669605941674032
-1.4493226857031658
-1.6789590919684088
-1.5182948766922948
-1.4930265402909022
-1.5247415257881016
-1.6028097278022528
-1.475101462331807
-1.5139297475413898
-1.534685238679355
-1.6421982732611795
-1.6127897040847774
-1.2495013449907901
-1.3104741770131696
-1.6575552146985757
-1.4494822767248365
-1.4538592808957276
-1.5342871618307328
-1.5241413675511666
-1.4194358886595637
-1.5753735945767602
-1.40291477627963
-1.3663734123972517
-1.5752592756053332
-1.6632777943192991
-1.5255251887285084
-1.5741306549563205
-1.535053909385141
-1.519307155628482
-1.4742901490550366
-1.495671509879557
-1.5234871846825229
-1.5992208151731688
-1.6215409886897874
-1.7320752571408917
-1.5005213548848833
-1.6697934471011138
-1.5183082756818322
-1.6165594276797535
-1.6385475530672338
-1.6903395991080856
-1.3905710090465107
-1.5411451244698355
-1.5881162904486388
-1.5416850609106376
-1.451868827167047
-1.5801251551073179
-1.4272733378902487
-1.5206076424736494
-1.6474406157803543
-1.6162047338116423
-1.679429438406281
-1.6413236644662987
-1.6546531477344502
-1.5578360488247682
-1.443653788343937
-1.6440141234932497
-1.7205414011548896
-1.6205231825528585
-1.493277386126863
-1.4307392595284227
-1.525152614584517
-1.4359218956691198
-1.710556685926722
-1.4111219199809568
-1.5153861357988205
-1.5404560735413213
-1.5162726133171134
-1.3828433445619233
-1.640272004028546
-1.5244513259184629
-1.6751086826668882
-1.416664190910467
-1.515355399037361
-1.446226794525188
-1.3707948939164964
-1.521798252648125
-1.6144603440725689
-1.4167163270895173
-1.557354000821121
-1.6001742457248014
-1.5587500364888953
-1.521662212413844
-1.6295416480520473
-1.5992055249324153
-1.56118228520711
-1.647347622050546
-1.5205628906741708
-1.5539233684858402
-1.6712310043667173
-1.4970680243129095
-1.5206324248100955
-1.5593717565784857
-1.5083794571108626
-1.629590645616922
-1.4539283551746394
-1.476865292700495
-1.531385142544778
-1.3445321326175446
-1.5161984457276674
-1.5010320306265648
-1.5297457879565997
-1.557512410667755
-1.4739715643108582
-1.556034996523607
-1.4540161219377818
-1.4727014027656793
-1.8278406539144143
-1.6392665062180711
-1.4235227665835808
-1.6487384512861816
-1.5217896950690033
-1.506592245661352
-1.5281529794758768
-1.5113426918447885
-1.6408095827963507
-1.6482185784167598
-1.2483369002137579
-1.5439179363378024
-1.6476204910055685
-1.4288900379122254
-1.5509628194110405
-1.3761501276129522
-1.5358072617408354
-1.4367359279396155
-1.6275439779935823
-1.5230896463542365
-1.6573625722243435
-1.2928509729393625
-1.5248440631007725
-1.3868750286664682
-1.468819170000188
-1.5371500176747048
-1.5891935960183758
-1.7461531991131523
-1.6671063573837444
-1.318316238918925
-1.6270705236792402
-1.4725744120217428
-1.4124377692190784
-1.746412503520844
-1.5137332724067107
-1.6494776363026062
-1.5645107142035144
-1.5582134102967586
-1.6652522097101894
-1.5636385001897253
-1.4625063010661492
-1.4542893679750364
-1.605222202570161
-1.5115584746418165
-1.4687876800973925
-1.5210114061864033
-1.764683321334246
-1.3389634806739963
-1.4582718052018322
-1.5265378380245416
-1.661495761645746
-1.5999750329197724
-1.4169829958575946
-1.4478446757972279
-1.5900376512164485
-1.5505930959215846
-1.4173669446675206
-1.3801081951912693
-1.4418345580442278
-1.455879855235196
-1.470930050996401
-1.4481365573525267
-1.4795203975272386
-1.5974911595741936
-1.7276616819061132
-1.5336134514964215
-1.602786272259305
-1.6445503586562893
-1.4990203528344068
-1.6136995731991064
-1.6340091620893205
-1.5025079164636281
-1.4969305703037605
-1.6241901408553545
-1.4552628983767661
-1.4612191195288204
-1.5001899209100564
-1.5681920762015267
-1.5505261677673836
-1.5515061626056479
-1.7117521219889085
-1.3937517892261866
-1.3920439406306002
-1.4963307170951055
-1.5147304999500193
-1.510611168160608
-1.686878930268989
-1.5959481879984594
-1.5094830021340258
-1.4155470660993785
-1.6356871157815078
-1.4768681103631067
-1.5448409545351396
-1.4479132790191755
-1.6069809371782782
-1.6649380134319216
-1.6369111912562175
-1.3486444211735744
-1.6004137336283293
-1.567988881912271
-1.479033232554258
-1.6021021089457044
-1.5531520074415823
-1.4164978885951882
-1.4184295751535956
-1.564293173442607
-1.726770402689091
-1.4738938986498198
-1.711318447922352
-1.4520765212319304
-1.6733355373605292
-1.4954668733598027
-1.4929081740642687
-1.470679089402914
-1.5161765319625573
-1.483637519864736
-1.5469037275807551
-1.6768143534750664
-1.4781014120568443
-1.4079284889469932
-1.5607974790057142
-1.4016423746323596
-1.5467095485692681
-1.703113419545133
-1.5633226280258157
-1.470644712493332
-1.4635555396956619
-1.5182833325979743
-1.443880979513665
-1.4846000369366266
-1.4189801795411654
-1.6972277439963364
-1.4307657145973494
-1.8590412590394152
-1.5489473207700613
-1.7683935630351755
-1.6026873100927332
-1.5521870375477533
-1.5103501917601125
-1.5518146003145326
-1.4975020554146568
-1.6630255532330125
-1.637193646240945
-1.5689779092882645
-1.6735989963353006
-1.5179073150900422
-1.5772300841658051
-1.471841645866789
-1.5762658567810206
-1.7396054098505545
-1.4846681035576452
-1.32841939665893
-1.4549292844067736
-1.606509835265257
-1.397295258292914
-1.4849783480563836
-1.4828697079696695
-1.5693219633625688
-1.5325573849744565
-1.5823851441636307
-1.5775899254122407
-1.6655128447668233
-1.6295227579798564
-1.5522180665826681
-1.551117738365786
-1.4891497223050294
-1.5889590612531759
-1.5473863648942192
-1.3966094025005589
-1.495701296167283
-1.6791993569777688
-1.500894925232842
-1.5624839537939863
-1.5271833525158343
-1.4960725107649608
-1.463737414638743
-1.4820878227163519
-1.5328644260414706
-1.528793568739431
-1.7054996343146698
-1.7413335419299187
-1.381961811651152
-1.5510451933589025
-1.4068596341620605
-1.4119206769057655
-1.504999468886549
-1.462111949547456
-1.6874223113426368
-1.5940290153478998
-1.6925972645185254
-1.7128020367194523
-1.5120211148732778
-1.5795463350216323
-1.5223547855627562
-1.4487932490899311
-1.357612840671095
-1.5314905479260545
-1.3432174898991462
-1.3868961389143237
-1.6233304764414527
-1.5237350842258266
-1.8264163293422442
-1.506413271220838
-1.5147541559749804
-1.6262295655204753
-1.449335089757028
-1.585994106559177
-1.66518230316548
-1.7545351133387044
-1.7225986483638138
-1.5499431847093064
-1.415813495240421
-1.384687636452128
-1.527507765068492
-1.3740231169816752
-1.403504930616748
-1.6744237034578955
-1.6648954700312402
-1.401247234469281
-1.5246082055329282
-1.5399725353081521
-1.4455287269236408
-1.698904164910843
-1.5679076733546538
-1.5162155362231715
-1.5934031083113354
-1.561834788091204
-1.7563492805529108
-1.7036227027651734
-1.4981621670240202
-1.4869279451342692
-1.5325651383499377
-1.3848804768348657
-1.2795179918575883
-1.5469960147521533
-1.6496368985570609
-1.4666133240432941
-1.544628193949194
-1.7515905449466658
-1.4986622663457325
-1.3637345539402617
-1.416284686736276
-1.472294575794912
-1.5032859320973984
-1.7028998275238934
-1.3734806391219365
-1.4977613406812793
-1.4879919063250675
-1.6171838913690664
-1.5791028304556534
-1.513916361644533
-1.5268580332965858
-1.547706382330233
-1.456591029186285
-1.59129538170275
-1.6466590989208498
-1.7004112948588244
-1.740925936097483
-1.5519454603340535
-1.5010810217285666
-1.4850428549327148
-1.539461265273502
-1.6072898742568356
-1.404498713090959
-1.6152218222041057
-1.6616818115254546
-1.63723642631696
-1.8112420306471222
-1.5822791620793168
-1.577623292508152
-1.5395991059184198
-1.718875986926065
-1.6357030317274024
-1.5012030362946547
-1.5493996969909034
-1.4319753786976577
-1.4387798657964623
-1.6704167527583706
-1.6084576692136991
-1.530801809060236
-1.6042306682597882
-1.6026274158677722
-1.5711942824733924
-1.6455202082125595
-1.5516081667779886
-1.4533804056770805
-1.4935015200791781
-1.6172605664282287
-1.6529121014641532
-1.4891005591119608
-1.5381502835831498
-1.2982045469295755
-1.4906342032159046
-1.555219284545629
-1.641259462289213
-1.69833457209905
-1.6712254785227572
-1.6156847824043439
-1.6259123609929702
-1.5432443483045581
-1.4476283730008959
-1.52239001739148
-1.7082264715381612
-1.442588450664772
-1.4303525493586804
-1.698001976058407
-1.403724001635652
-1.6909124472094135
-1.5124643980716286
-1.3286092600349235
-1.4236514704282754
-1.7494980900589354
-1.7201134671763327
-1.7123470020238756
-1.590872411314706
-1.5386022925707863
-1.37725465021785
-1.4055177523890698
-1.5584206379549386
-1.4376153500608737
-1.500144832027928
-1.5283569287996386
-1.4734574305226715
-1.3379198658860076
-1.558237063304233
-1.5841044530264554
-1.3827275906330385
-1.6080194164045736
-1.4677473506034175
-1.3137512048180042
-1.6771428524126009
-1.5941760005217702
-1.5801063845977126
-1.5442768673600682
-1.559686081368298
-1.3649301237925329
-1.5903673759379302
-1.7116760696558373
-1.4866238623185808
-1.6159619271456052
-1.5106540443708525
-1.559036941229806
-1.4786556151078116
-1.5559997193237685
-1.3536136459768358
-1.5739860399762051
-1.4927408590044493
-1.4666426258097829
-1.6257981381062336
-1.5030611629856878
-1.6586891340507464
-1.337486602401441
-1.6115701625692473
-1.7510270600991547
-1.7651134300318247
-1.6373261605236564
-1.5572564537239941
-1.4646122374539061
-1.6470298574285493
-1.417549074561503
-1.5006278075018908
-1.422812086207344
-1.5531310925267974
-1.5830714327287296
-1.4329189582709105
-1.6340378280405048
-1.6846109465087373
-1.6752588681147245
-1.364892542915527
-1.665018574165373
-1.458642884089116
-1.5016984979640817
-1.6174599403652508
-1.5716963172307032
-1.7368493704501589
-1.5617635694426824
-1.5059421965925708
-1.5858208386135644
-1.4936929198330517
-1.498861129081634
-1.593372545729892
-1.4176934925162286
-1.6496907934659362
-1.6074171487849753
-1.522445644924062
-1.5632217311818124
-1.722213680838884
-1.6062427849245893
-1.3888311796937671
-1.6348798403986677
-1.47322281319326
-1.430128646457291
-1.4264695060166446
-1.4812524411680101
-1.5069593294489252
-1.489549948138773
-1.398514980148775
-1.5141647430237697
-1.452721200606419
-1.4402859593299127
-1.5249842788102228
-1.6387966536333174
-1.5900102250878962
-1.5759893604557362
-1.6117520146840292
-1.5307517757282199
-1.6042643518237583
-1.4387007160983174
-1.642332673387827
-1.5466823603504238
-1.6486448291154883
-1.457538038725005
-1.4736522250647965
-1.4191388551430393
-1.62148394981498
-1.4947917390026078
-1.6705454776167556
-1.4329373895632926
-1.5407859206362104
-1.473946175780231
-1.478423649480277
-1.5231862172646373
-1.4674492866752757
-1.4644218849468444
-1.4502776784391642
-1.4490192638615298
-1.5523150827996233
-1.4638103329728054
-1.486239637601841
-1.7084085664194362
-1.4551813353145064
-1.432012188898966
-1.5628161170036634
-1.619541892236077
-1.534340733150188
-1.4334306902559035
-1.538279898844337
-1.509940270501147
-1.4789053432985497
-1.5986560890452353
-1.4126909796633953
-1.579165257098765
-1.4866590848754129
-1.5131635346074574
-1.5363149033170416
-1.6451442921905333
-1.6114721758864903
-1.4895502731712895
-1.785512341921681
-1.571493070447218
-1.5020020780305003
-1.5054434181590182
-1.597113952482104
-1.4877680614561868
-1.6344279560181434
-1.467093107534108
-1.5004929895926296
-1.4843286899231458
-1.4007627628015342
-1.5649399695881883
-1.4695084947833692
-1.511464047230163
-1.3893157913688583
-1.4951220015161653
-1.5082028012737112
-1.5258755384356704
-1.54698881343408
-1.4670048119851344
-1.658102053984038
-1.433487505523459
-1.3743114203236058
-1.5255046885118446
-1.425026486131074
-1.5798425210431049
-1.4473250303493899
-1.5295273534810576
-1.59705530946448
-1.4750372115564279
-1.581849966277101
-1.7252323995432732
-1.6533327130600242
-1.4974303572301295
-1.4105305730950732
-1.470392043515531
-1.5834451654592385
-1.6350500618912065
-1.4274855238625435
-1.7329418130127863
-1.7712941109256803
-1.5027790611164846
-1.547859702587914
-1.5169558229673612
-1.547474628576822
-1.4860583403251724
-1.6927861724594067
-1.5565946527865435
-1.5318985122580315
-1.4909031254417755
-1.6128017470716713
-1.5440310968368625
-1.557849062615249
-1.6080132299808412
-1.453956779457883
-1.4748282457181716
-1.4769511929713843
-1.557666539785565
-1.47853604161552
-1.6183586770491871
-1.455907680110144
-1.72854380816932
-1.7468827192768401
-1.531172833104634
-1.5684841234924392
-1.5866508838162474
-1.7048827519896577
-1.430298183545915
-1.5306617026393212
-1.5906189766776748
-1.5975583064258956
-1.666592787231366
-1.421044132569392
-1.4724239808425068
-1.5785568925521005
-1.4357741345320605
-1.6647694401465927
-1.5310256329262018
-1.6343258351820698
-1.684758126682567
-1.563730121232922
-1.5677665496021973
-1.4212136381248257
-1.411950827306157
-1.6473458346802232
-1.4382995765359112
-1.4992267320807287
-1.6060081851356642
-1.5847054936096043
-1.5645848279888952
-1.5418343418854334
-1.5033214403855197
-1.5263978214000247
-1.6500176424622452
-1.5990615056095976
-1.4835452049947264
-1.4752197849024924
-1.618740001943877
-1.5764862994807913
-1.6507041189488376
-1.5724319778433724
-1.5358458488745832
-1.5729851217646171
-1.5776831356211858
-1.5276084602695335
-1.6531162260917824
-1.540564647204917
-1.4373498442641903
-1.5185167970642937
-1.480206584260067
-1.4011054388861695
-1.29653585543673
-1.6158658426642134
-1.7222668442546905
-1.7054229557651581
-1.6287465815121038
-1.6338408213182163
-1.5389938075397804
-1.5031315112033639
-1.641116630515583
-1.6427307733434269
-1.5433951411637388
-1.5744228170115662
-1.721355511354517
-1.8484124918453233
-1.606645147937158
-1.6521797129059905
-1.5334983609893698
-1.5698017235812571
-1.4856091463327914
-1.5537700220214674
-1.5475334593548382
-1.4190602401437218
-1.6225990334618743
-1.4217656968198753
-1.450601755887945
-1.4924334793472305
-1.4384985043173302
-1.6882763877504061
-1.570985383156966
-1.475533032144014
-1.5518374838658424
-1.4968100049942485
-1.5002667713494446
-1.7968162585607814
-1.7309095894653694
-1.4959582039860777
-1.4299648526808113
-1.4570144878295395
-1.6786516607122337
-1.6225679007913527
-1.6449114995981944
-1.3062010869808631
-1.5213852160402652
-1.5824444913296247
-1.532821861731101
-1.586574882552867
-1.5951333741469718
-1.6003470657104728
-1.5261731902113524
-1.3803159925349178
-1.6112546587807088
-1.2936074243889948
-1.5245914469354211
-1.6306299023288204
-1.604532533553133
-1.421420951941215
-1.459793499878451
-1.7003241932891342
-1.444304292157085
-1.5606614964964791
-1.270093609352756
-1.3551529152851884
-1.4563065979469592
-1.6869984616632578
-1.5984819220171005
-1.4256869585361187
-1.5276303454833453
-1.6495888603431954
-1.5212194416249005
-1.5926892513838595
-1.4302921015286358
-1.6399376648122868
-1.5061755815442446
-1.7398746470701951
-1.589794101133748
-1.5865529437163381
-1.6014720791005175
-1.5699489696675641
-1.66225372345437
-1.520042433182418
-1.4780591375218535
-1.3751891945006136
-1.6347169459484512
-1.4794440343393411
-1.6041942553936934
-1.5901508344160789
-1.5355944282842202
-1.2655609786508784
-1.3878528823583167
-1.569914513521681
-1.5895177437624
-1.7567233666646374
-1.4840343597154515
-1.325480674134269
-1.8277954607609672
-1.6352001577117932
-1.446709623975412
-1.564592098081306
-1.4907077351980433
-1.5447253065080417
-1.5298005962221453
-1.518386318962996
-1.6001539948470054
-1.5027349501157232
-1.6148730431395109
-1.5612775899186317
-1.6255286006804077
-1.463511266069709
-1.202449851726783
-1.6572109634625747
-1.3699093656329708
-1.5422558752939892
-1.6074951956661607
-1.5865089024708112
-1.4620287792609545
-1.425885101874222
-1.41669335077205
-1.4857418887115443
-1.5366677405314135
-1.52400157095461
-1.5661219676048859
-1.5285395695995163
-1.5823634495094225
-1.4903183943906786
-1.362458522975146
-1.452672123310208
-1.6579729289659042
-1.436297759549774
-1.558037625406259
-1.5413276560002487
-1.4903630644469352
-1.561474666598528
-1.4309900308090278
-1.549668786247537
-1.5522569511689568
-1.4898875686509498
-1.6059495426711976
-1.4346193630748516
-1.5962214622306021
-1.5190669104205483
-1.6612419093570168
-1.5159371911991997
-1.5160825476618527
-1.5711048263120801
-1.4231247485710838
-1.3994798551834613
-1.658271185014513
-1.5361407885220046
-1.5301324782813808
-1.394194690089071
-1.4755112044400533
-1.5672029742551388
-1.5400219596777447
-1.543520037402402
-1.4248396529078367
-1.54699327410367
-1.5839766155232837
-1.727285629032366
-1.6125839077400315
-1.4232542415206524
-1.6459732493369472
-1.369400337129946
-1.4719283868524329
-1.7034978723834513
-1.6108002654149658
-1.5459683904352346
-1.4788234159642037
-1.4778626215790922
-1.5982375168503609
-1.380354256424539
-1.6451559678432943
-1.608985709155732
-1.7046797715785722
-1.4962704770380846
-1.4522403997492468
-1.4956572444195189
-1.6526530241347928
-1.4322573979481206
-1.444287513037139
-1.456724972462073
-1.447830890211975
-1.5385805310416707
-1.4984290359076908
-1.7244430403025603
-1.5805417425741553
-1.3858925560850963
-1.4855049382524896
-1.474788074053805
-1.6651674785005248
-1.7058605974678613
-1.4604593005469724
-1.583921781341985
-1.524209216846117
-1.481016504726398
-1.6633613989519063
-1.5187384562382533
-1.5223971661404079
-1.7235315943201783
-1.5410458596273884
-1.6111564999972998
-1.5341569251459788
-1.5128598961558168
-1.5759636893450875
-1.7120120973064843
-1.6965520946146277
-1.6744937438563028
-1.470895308678621
-1.855911536971007
-1.552795081416349
-1.5097560837617294
-1.6084410021631612
-1.6232794476449826
-1.4844303503720369
-1.6448734312398656
-1.3772718264922332
-1.5676936308146843
-1.4056590897542591
-1.538485149899472
-1.5066097337079611
-1.5844772250508186
-1.68053604323228
-1.481076209711631
-1.5414418015679416
-1.5345659684653796
-1.6397607069696232
-1.5491334644726678
-1.443626596943993
-1.7592002113654814
-1.4732972984578296
-1.5609975173956627
-1.4541000190787727
-1.4618850048174608
-1.4350049626421537
-1.5596269653368182
-1.4488114520213244
-1.4697443089100375
-1.5134419491147213
-1.7445510226888246
-1.6411967599574524
-1.6696840330671563
-1.6866500111182052
-1.482558949376866
-1.49364314834785
-1.5387810883667186
-1.557329219438742
-1.5050558920277126
-1.4365768607698328
-1.4000805818100588
-1.45286766844157
-1.6377531251916366
-1.5288731925884917
-1.5436622674656917
-1.6594405581573142
-1.5469822717789157
-1.5770287625031472
-1.7285492322627292
-1.5113609314749468
-1.607919705472316
-1.442857900000682
-1.5780178818734782
-1.5369358499244186
-1.4467528329260944
-1.6888136095453063
-1.4815604193555956
-1.4104400125136465
-1.5371659412640781
-1.4037664597579749
-1.5843272280250034
-1.4423967689134187
-1.5918488213499415
-1.63079607932211
-1.4069415851693634
-1.7161682529043318
-1.567610291316214
-1.5009123374999547
-1.4823720498838782
-1.4415397043040343
-1.6236943411779574
-1.4494259702137189
-1.4165417902225812
-1.4696632719066098
-1.6902643189361726
-1.4205670957367929
-1.6711299681510923
-1.4837512716389867
-1.4846844455250618
-1.4681015979431322
-1.37133705420419
-1.5005688026828068
-1.5807827606721787
-1.5911101331071364
-1.4858342922032932
-1.555059487825389
-1.5102812552840135
-1.5185481967544252
-1.586454234358186
-1.709493108955641
-1.6899500817390383
-1.3244370675693986
-1.489192443759677
-1.4520751423396305
-1.6379820197730766
-1.5525690205986677
-1.4288150955201147
-1.5272223197493133
-1.6025887964487993
-1.4798547093247727
-1.5851109611143919
-1.4569205283217173
-1.4047842844940135
-1.523111579918364
-1.5953868222236736
-1.5405647598664416
-1.5395356425811997
-1.4497831932213785
-1.4567386658926011
-1.465075453136805
-1.626958033118342
-1.4396840208559638
-1.53871830585976
-1.748454663688051
-1.5693161001429985
-1.4007884519529483
-1.3981924854307053
-1.522796972550566
-1.5485242269748412
-1.5661395835777583
-1.6339934343314155
-1.6317651798958082
-1.5546185071724175
-1.4645874132940122
-1.5519356977949457
-1.5383543461837945
-1.4416730031263683
-1.5615884165890748
-1.45646369779719
-1.5448449840571072
-1.4420459159430834
-1.4521628774324427
-1.5789416769746367
-1.5293037963594145
-1.4700636472849737
-1.5733929306411198
-1.4365723519747462
-1.2990678214072489
-1.5911700055506852
-1.6235622549239501
-1.5767527773650727
-1.3724541570206554
-1.452808158857195
-1.5265537049842806
-1.4957284782986449
-1.3865184393870607
-1.468863868891816
-1.6036264858320806
-1.5447905589220206
-1.4816334644920275
-1.7344681361910546
-1.5679568461626872
-1.7417545172254165
-1.6091114631301693
-1.5978792533267274
-1.5631294711375006
-1.4706447499787956
-1.478815303849757
-1.6406646790746322
-1.540409893755097
-1.5011976428863818
-1.5321219382384328
-1.3569380892371683
-1.3979153226305847
-1.5471858299345627
-1.6701351798306234
-1.4515679940726613
-1.5568888569619617
-1.4773620932145075
-1.5821131758155271
-1.538428469900424
-1.5621583276312379
-1.4718851825654014
-1.6321383319701113
-1.6246328452785015
-1.7044432132691014
-1.6413612518712455
-1.4718445943179859
-1.636208344563034
-1.4766382744557518
-1.5795069154843873
-1.4750498434282946
-1.384639929098114
-1.6231684342580905
-1.6885914359292542
-1.4361251262828816
-1.4613177025901223
-1.7018484974339572
-1.434617350625956
-1.7197226000940162
-1.5414787337906688
-1.482180785894883
-1.528199206113868
-1.5477595539434112
-1.5060567855451588
-1.4850929099834644
-1.5435997797074474
-1.5296418697787644
-1.4432212307143146
-1.582435654827961
-1.5956118509111832
-1.738635077640751
-1.6447609792908224
-1.597590267621058
-1.5683267011275994
-1.5106785286110949
-1.6590120116510647
-1.4798708471173825
-1.6129829024871754
-1.5665553551813396
-1.4764573016262688
-1.5276347781120307
-1.6720958870517677
-1.3811382898156523
-1.552814295717127
-1.4396882115291874
-1.4957930296716313
-1.5539236351068553
-1.5010452492156787
-1.5975374514690657
-1.494324305465824
-1.4763537623313994
-1.5868861598031003
-1.6670047100671042
-1.4671046975493027
-1.6020244797472287
-1.4651366548041977
-1.5744428757763629
-1.5650821202284249
-1.627509059965604
-1.5302018925466996
-1.7597902019963811
-1.5098628285490463
-1.5751426729690792
-1.5415136902535096
-1.368498878606232
-1.5257553799804953
-1.5097535523318157
-1.5627051779017052
-1.613695992003363
-1.4833019269177186
-1.583188676856171
-1.311504890945102
-1.5040954335517256
-1.5455605653256157
-1.416342215529923
-1.7510979141042355
-1.4865410067617404
-1.5095558164087706
-1.5900790693097306
-1.5691523787515322
-1.654666792299352
-1.5152596569381274
-1.5276991599483267
-1.453258720470668
-1.5643259935084046
-1.6320660716891524
-1.717819260267369
-1.4674548019709732
-1.5763944371337288
-1.4623445799676205
-1.481864226120365
-1.49751529182695
-1.4515382411044015
-1.5705755079686625
-1.5548693568483145
-1.7627868975354772
-1.4507617880755177
-1.5819612125261955
-1.4840391947383864
-1.5545228334806325
-1.412097569521178
-1.3658351547807968
-1.4749900774811948
-1.551964718923287
-1.400965778656591
-1.526380876739978
-1.5444138117812827
-1.554815424859811
-1.3797118518279348
-1.3974373084816278
-1.491330390072882
-1.576575909332476
-1.3170596619374138
-1.4336819905148843
-1.4126001607831995
-1.5653063234018418
-1.331716334443172
-1.5441559174063286
-1.5657581327156578
-1.4577868954103934
-1.5317761055755454
-1.5655615731358399
-1.361282132894928
-1.6622975484825773
-1.5197183932837675
-1.5082280514029804
-1.6989766161233746
-1.7260470865132866
-1.5729931000139317
-1.4259602510805678
-1.4506074148781494
-1.5718415766396845
-1.4247229770898855
-1.5568845430042018
-1.420812387470562
-1.5289673475373888
-1.638831654959768
-1.475577600139104
-1.5381102937326432
-1.5516589675747863
-1.4262098062506539
-1.4497641720767263
-1.6756609596237126
-1.3005545142604138
-1.5949127599882047
-1.5754236228310958
-1.5476381477905932
-1.6055446138505545
-1.537778015608822
-1.5341797066189073
-1.5089527916881025
-1.4346937795266541
-1.5999502597708073
-1.4162564014496866
-1.6382283823950416
-1.6228098285278918
-1.5705733475309813
-1.5070485184244689
-1.409774483687329
-1.5705553163456614
-1.5460904931909525
-1.5814041174240572
-1.3657044683717174
-1.7067742456318413
-1.4884295715342546
-1.4605761096810852
-1.4664244544002187
-1.5172029555828743
-1.4245884627447367
-1.4003047652277232
-1.64555997651658
-1.5475744016487454
-1.5989438223545065
-1.627269086836117
-1.6461754444028998
-1.5482240558617661
-1.6130536974166034
-1.4873634409422891
-1.428131832313312
-1.3161703600905241
-1.4185953236614246
-1.2907756644934807
-1.5510111239064717
-1.5635204603120911
-1.3637826235437558
-1.293431228457763
-1.3685251510833325
-1.6050133456622575
-1.4632883122403086
-1.5119690966268422
-1.6257839726977679
-1.4388726423349567
-1.6867957569284329
-1.4769963471185292
-1.444938244554578
-1.8212265137436567
-1.5298006965484916
-1.4935404735331872
-1.7171284255662158
-1.3534173801026128
-1.4540285940397695
-1.5676851563927414
-1.5376926932289052
-1.604082043040437
-1.6494938758685862
-1.6113726394036405
-1.4684671676987282
-1.5012221306969025
-1.5417121790654562
-1.4769948747033368
-1.4227315181531708
-1.594975344158911
-1.4245037699630245
-1.461817228081868
-1.6393421122190404
-1.480729451885452
-1.5093194783650006
-1.5770427326691845
-1.6994457334521744
-1.4961002933263359
-1.5127963140023937
-1.564993722311442
-1.550639799773716
-1.5948004253120303
-1.5719532434270427
-1.516949561252062
-1.3728998226640812
-1.4104974151867395
-1.6513617341820037
-1.6157413973770645
-1.7643401367868279
-1.5833721493654593
-1.3848965569490588
-1.4494677753825727
-1.6428849119076752
-1.6053422751903526
-1.524710966191046
-1.4068245050357575
-1.3235026812030526
-1.5787188408373112
-1.526048270066596
-1.565282556683428
-1.621852430123564
-1.4746779821990117
-1.5847951836960306
-1.4240536696050299
-1.6890694803736732
-1.480505851914387
-1.6225571197176691
-1.4552391282607307
-1.7756405127679216
-1.4068540634501119
-1.7120986971344934
-1.699861698682497
-1.5585781166979942
-1.5204207228773683
-1.5964665036056545
-1.5570567358926581
-1.4311639216295475
-1.583552148889268
-1.5787954753700646
-1.4556599372839827
-1.411119357517947
-1.467086889502113
-1.6040224025969678
-1.6464407881233392
-1.5462327872901938
-1.600210923286312
-1.5477367233147419
-1.4958654150982156
-1.4129696944997647
-1.5744820338073708
-1.5330345891330666
-1.5379789778581312
-1.5711751163850494
-1.6701395092432918
-1.6010761029569949
-1.4891851962503182
-1.6123750054806862
-1.557352595231066
-1.5510206546448728
-1.5141504364905103
-1.4468846608494914
-1.7042671287010194
-1.4718360394766137
-1.4573332957589855
-1.4921647833469507
-1.5419114662451854
-1.2953763624337853
-1.4400584029160086
-1.532118805812443
-1.4494462690398429
-1.5457800163520545
-1.4840119848437894
-1.506256328725982
-1.2714614254384458
-1.4002940944106754
-1.5443302485015948
-1.5547888575086972
-1.684899545838519
-1.5647584916498083
-1.5620822137493775
-1.481838041752951
-1.4926548025142328
-1.5439480220970196
-1.4929022266926033
-1.656779529938916
-1.5895503005979492
-1.590463843461393
-1.4817289732927748
-1.5952173943354637
-1.5676350183538315
-1.4553594434828483
-1.468916509627519
-1.660898361869883
-1.5157915825596433
-1.3256995593457503
-1.1479370794768968
-1.5815612652308033
-1.4869655552342351
-1.4229908691434758
-1.3135258780624781
-1.5476893059184818
-1.6408061279886965
-1.4610835496258332
-1.4377642171668867
-1.5983071269878053
-1.4907919795892326
-1.5098356563823643
-1.54031394277672
-1.5455572514373088
-1.6192936181574993
-1.5586841011233474
-1.5026579998828282
-1.5320008337403177
-1.43452251339788
-1.5733554277331834
-1.378873147688921
-1.4392214543256898
-1.510396112993277
-1.477646170370086
-1.4820306628380848
-1.5826464164855594
-1.379470125075784
-1.416417558500271
-1.5157580673087523
-1.4237165399086145
-1.6275289978724512
-1.7663784685542794
-1.6367149233944218
-1.458908792246234
-1.4155474836592958
-1.71798531264497
-1.4699367409441209
-1.617374900501268
-1.5703080020439302
-1.5139128427564543
-1.646783651146965
-1.4826828735703117
-1.8207309227458808
-1.5356011691230549
-1.4284838965269273
-1.3966044921847356
-1.5691114157497914
-1.5030391844271804
-1.5746214887826682
-1.6433761387583417
-1.4613046126928992
-1.453375431603547
-1.5485804821086546
-1.4887070910772877
-1.5513195702416738
-1.6269963881342058
-1.4448506422157834
-1.5234557316723283
-1.310048156350561
-1.642206191185977
-1.572474669718659
-1.4315184975432675
-1.437732603918267
-1.4062988117475754
-1.4835699944231209
-1.498305828585572
-1.6677481022473248
-1.654929908382158
-1.7094498307514527
-1.5826127525742493
-1.6014031389571315
-1.5631464151717438
-1.7674287122356702
-1.6582801416684987
-1.525307748200305
-1.5905355534577552
-1.6171283575163784
-1.6457904367876495
-1.4283236537789552
-1.339296599749062
-1.588954562486208
-1.5631002201837987
-1.5991038835173441
-1.4583192514368832
-1.598859864483984
-1.5408593503243644
-1.525427840312659
-1.4717092939194742
-1.499639730736277
-1.7091340392502161
-1.5176662267670302
-1.3731668160466484
-1.5752828510974197
-1.7157788529538038
-1.371208061667602
-1.4880566855867912
-1.4063581820436895
-1.6514689888025487
-1.5180276860780992
-1.6155994980676525
-1.601403236312569
-1.6868590707074134
-1.557354833385844
-1.4489455140768257
-1.6167695189155182
-1.6071110603758783
-1.4811264728734983
-1.724833754076272
-1.5938944448592878
-1.4614354447521158
-1.578332495839696
-1.431194793878774
-1.679943213494603
-1.615716206500153
-1.6678446162625278
-1.7192194647804797
-1.4485920965399117
-1.5817472966560757
-1.5887768318437132
-1.4658229857371339
-1.502628186997974
-1.6476762234207172
-1.5530966391026269
-1.5843656688607837
-1.5208330307256759
-1.4806611904923699
-1.5291864108047193
-1.4936955419244384
-1.681132012703145
-1.5075567202503635
-1.5681028736615588
-1.4786979807090148
-1.5214212253984698
-1.4416018363657201
-1.5517991591594864
-1.5518426227615976
-1.6254109168841424
-1.3796872208174022
-1.526720561218113
-1.6708937045626442
-1.5549945224888688
-1.6041010244539393
-1.4579022350926607
-1.6654051686024047
-1.4599619920520297
-1.555739171230421
-1.4176130942838583
-1.5505628704071448
-1.287497304002585
-1.437943763551722
-1.596307717529676
-1.427789116267121
-1.5322273955664798
-1.4154072343561381
-1.4330708533334473
-1.5692627739420004
-1.4529708789078057
-1.3773130673517926
-1.5925795559255818
-1.536599879342134
-1.539413205392833
-1.6467808950905152
-1.4283732222596939
-1.5243134180390143
-1.5711213917667521
-1.4423696632483143
-1.6443249976834977
-1.3921279328085916
-1.463857795681946
-1.608697382801509
-1.5918935587951921
-1.5573431971667588
-1.5284637191556953
-1.452565332852373
-1.582379347908045
-1.5369884116640122
-1.5955776855802526
-1.6308330846798071
-1.6025341889586002
-1.425225572804898
-1.4365223536075291
-1.6303966177459337
-1.5774265353929309
-1.5733638599846245
-1.4836823126570522
-1.6329008422376603
-1.3840793325552738
-1.4337654600124665
-1.4575617103531542
-1.5177285617282479
-1.6390866099572747
-1.4695358290765377
-1.3553704757539435
-1.436403711844335
-1.6237738305430298
-1.3020651340354732
-1.4217273920444882
-1.4553572383141926
-1.5632339846553407
-1.4481966346623096
