dH	delta_dH
123.82251415785606	-10.93128097285694
114.48620309795945	-1.5949699129603232
118.18097721024935	-5.289744025250229
141.44688896595937	-28.55565578096025
89.12665205589758	23.764581129101543
116.40615674100047	-3.5149235560013494
74.70695679517405	38.18427638982507
111.49443348429952	1.396799700699603
128.63621250719655	-15.744979322197423
82.19224814103029	30.698985043968833
94.13600896307173	18.755224221927392
151.83163714792965	-38.94040396293053
79.56616601891346	33.32506716608566
128.04678108805547	-15.155547903056345
100.64159708638272	12.249636098616406
111.47154691824016	1.4196862667589585
128.8739061225665	-15.982672937567372
153.6742614363368	-40.78302825133767
89.5440655256707	23.34716765932842
68.79634231592263	44.094890869076494
148.1312071953571	-35.23997401035797
97.96262792387097	14.928605261128155
120.55522759431733	-7.663994409318207
81.04865668660159	31.842576498397534
124.16770430732413	-11.276471122325006
156.70030544688598	-43.809072261886854
124.6642904360042	-11.77305725100507
75.0140941374043	37.877139047594824
145.78534641592663	-32.8941132309275
111.08253123053782	1.8087019544612986
93.33659789130525	19.554635293693877
136.94536029721465	-24.054127112215525
127.21927305029843	-14.328039865299303
103.4205836943247	9.470649490674418
85.03024263889893	27.860990546100197
126.46598580861522	-13.574752623616092
110.39431071240509	2.4969224725940364
116.1235770217072	-3.2323438367080826
98.09682133183287	14.794411853166253
127.59597088953072	-14.704737704531595
147.05789718237705	-34.166663997377924
113.23805238303342	-0.3468191980342965
75.74673589150461	37.14449729349451
127.24266570015882	-14.3514325151597
109.0995929158961	3.791640269103027
52.95401987821461	59.937213306784514
117.70114009584896	-4.809906910849833
109.70893228770171	3.1823008972974094
102.44273382795461	10.448499357044511
128.61171529021513	-15.720482105216007
126.72158509175634	-13.830351906757215
100.93338076286264	11.957852422136483
107.7761863064369	5.115046878562225
138.2320940167355	-25.340860831736364
134.75680006802568	-21.86556688302656
131.14683027926537	-18.25559709426625
140.18528582582246	-27.294052640823338
141.5699498321391	-28.678716647139964
118.54090205817002	-5.649668873170896
125.029931919691	-12.138698734691872
152.60350956238486	-39.712276377385734
87.48951414403939	25.401719040959733
99.33318457358484	13.558048611414279
133.68804312487683	-20.796809939877704
124.43797228733379	-11.54673910233467
69.73619920514113	43.15503397985799
125.65662811929735	-12.765394934298229
103.08288515741165	9.80834802758747
91.16395458839193	21.727278596607192
46.2534478494573	66.63778533554182
153.34784864149526	-40.45661545649614
127.31347734537863	-14.422244160379506
115.85818274314457	-2.966949558145444
125.25289631898897	-12.36166313398985
68.27736958166875	44.61386360333037
121.09936707674947	-8.20813389175035
91.82606756414327	21.06516562085585
99.43342398387188	13.457809201127247
96.90880420076803	15.982428984231092
135.19658327087757	-22.305350085878445
77.41755260672664	35.47368057827248
139.81831523967332	-26.9270820546742
110.86163237595258	2.029600809046542
127.9756598841667	-15.08442669916758
125.64349139326362	-12.752258208264493
131.11343049864763	-18.222197313648508
145.33830729020713	-32.447074105208
169.18384079294276	-56.29260760794364
83.02656421763288	29.864668967366242
111.78331671755234	1.1079164674467847
125.25212124178609	-12.360888056786962
113.23149524727717	-0.34026206227804323
72.06133794421646	40.82989524078266
102.71851811529075	10.172715069708374
113.08611776342184	-0.194884578422716
130.92439018494213	-18.033156999943003
109.98946249338576	2.9017706916133648
102.6171793404809	10.274053844518221
114.59840505974478	-1.7071718747456543
122.54874894986085	-9.657515764861728
141.39991030616045	-28.508677121161327
85.13080847985282	27.760424705146306
127.06748411532487	-14.17625093032575
103.23634990814196	9.654883276857163
129.43637176570144	-16.545138580702314
100.88066820296979	12.010564982029337
138.07411278880124	-25.18287960380212
115.58753159723153	-2.6962984122324087
92.73009416069192	20.161139024307204
143.10169772570055	-30.210464540701423
119.26824001640136	-6.377006831402241
99.77920152848685	13.112031656512272
125.49087328171674	-12.599640096717621
136.21261895857253	-23.32138577357341
131.89073893392572	-18.999505748926595
86.15714342237891	26.734089762620215
105.37567241850059	7.515560766498538
102.22646608690422	10.664767098094899
108.58063728076024	4.31059590423888
94.22361445021318	18.667618734785947
85.24638811030684	27.644845074692284
107.0494666408805	5.841766544118627
113.59691210346875	-0.7056789184696299
122.6632761626762	-9.772042977677074
108.4201809379291	4.47105224707002
116.87468593232359	-3.9834527473244634
118.60807552105132	-5.716842336052196
112.87919886566749	0.012034319331633014
141.0365919913255	-28.145358806326385
138.9345356910361	-26.04330250603698
102.87811464238791	10.01311854261121
118.94806231737482	-6.056829132375697
104.61606600715515	8.275167177843969
96.40206253558415	16.489170649414973
127.4295915534766	-14.538358368477475
108.3875246696947	4.5037085153044245
70.74411642979419	42.147116755204934
86.49722105090393	26.394012134095192
76.24533017712554	36.645903007873585
95.65172330875691	17.23950987624221
105.35088118436073	7.540352000638393
108.34248549720036	4.548747687798766
90.13460507808662	22.7566281069125
119.09234328490896	-6.20111009990984
117.0887488447774	-4.197515659778276
87.18744392009506	25.70378926490406
158.8905499942088	-45.99931680920969
121.34565058994161	-8.45441740494249
69.28909014734057	43.60214303765855
147.0227467351728	-34.13151355017368
114.04792633706296	-1.1566931520638377
104.78502552594404	8.106207659055087
71.5273128202702	41.363920364728926
97.5253974535521	15.36583573144702
69.93043422806335	42.960798956935776
90.07131748978685	22.819915695212273
109.11361629801507	3.777616886984049
61.57612919042225	51.31510399457687
102.05199897249844	10.839234212500685
135.08598495371228	-22.19475176871316
91.70081376993124	21.19041941506788
92.2374401291749	20.653793055824224
66.34000795390278	46.55122523109634
134.343861035079	-21.452627850079864
124.9006391198804	-12.009405934881272
114.7512616483113	-1.860028463312176
99.21974664749581	13.671486537503313
157.11715442983444	-44.22592124483532
125.2546369828346	-12.363403797835474
104.79337114184085	8.097862043158273
132.18368330956258	-19.29245012456346
111.98649616894221	0.904737016056913
134.90937710887516	-22.01814392387604
103.47524012739592	9.415993057603202
157.08755226442878	-44.19631907942966
120.82950990614114	-7.938276721142017
88.52502150672268	24.366211678276443
117.54227533909585	-4.651042154096729
144.54828243528897	-31.657049250289845
118.30356935107403	-5.412336166074908
123.6785938950066	-10.787360710007476
121.76776385312183	-8.876530668122712
96.55977532003595	16.33145786496317
90.47745890510265	22.413774279896472
97.53698691484311	15.354246270156011
150.17545646178365	-37.28422327678453
115.34287540634392	-2.451642221344798
81.92539555727996	30.965837627719168
114.26019371441868	-1.368960529419553
103.51802514166553	9.373208043333591
137.83331226652223	-24.942079081523104
78.92998111759658	33.96125206740254
136.744520796706	-23.85328761170689
98.23955278367936	14.651680401319766
124.93260546239031	-12.04137227739119
87.04886507361476	25.84236811138436
98.61868741125141	14.272545773747709
116.73649558432004	-3.845262399320916
117.62145355765239	-4.730220372653264
117.04618727264238	-4.154954087643262
114.61610147330936	-1.7248682883102333
100.3732509369043	12.517982248094825
113.51607858224185	-0.6248453972427228
107.55371808429169	5.337515100707435
101.95242896763983	10.93880421735929
99.20140459954669	13.689828585452432
138.28259952740714	-25.39136634240802
96.38340912436587	16.507824060633254
104.64962852998465	8.24160465501447
126.98285949667948	-14.091626311680358
95.2130293862721	17.678203798727026
117.93348727140273	-5.042254086403602
71.19283847937203	41.698394705627095
125.12901686353158	-12.237783678532452
97.44654051926787	15.444692665731253
133.5906824610899	-20.699449276090775
134.03339235202128	-21.142159167022157
129.63971237438832	-16.7484791893892
127.79520468842853	-14.903971503429403
96.92066998259651	15.970563202402616
127.01652951249335	-14.125296327494226
116.2879678973531	-3.3967347123539753
117.88303364965526	-4.991800464656137
153.86407570795737	-40.972842522958246
100.14101051828212	12.750222666717008
91.87130451426404	21.019928670735084
115.00518667740164	-2.1139534924025156
125.53253273480541	-12.641299549806291
126.85708527065245	-13.965852085653324
116.20222769482456	-3.3109945098254343
131.72780492705687	-18.836571742057743
108.23333492840712	4.657898256592006
118.518553390324	-5.627320205324878
123.80702316786295	-10.915789982863828
122.60257581662694	-9.711342631627815
114.99398401848876	-2.1027508334896368
81.38995703257564	31.501276152423486
144.30217827546895	-31.410945090469824
136.86158978886843	-23.970356603869305
121.81775264710262	-8.9265194621035
108.03507992648878	4.856153258510346
105.09982550471787	7.791407680281253
116.22735897661724	-3.336125791618116
99.71120468340078	13.180028501598343
109.61333569559969	3.277897489399436
104.43059369612732	8.460639488871806
158.840176088679	-45.948942903679864
139.08219703225944	-26.19096384726032
87.99505868076261	24.896174504236512
136.47285748601453	-23.58162430101541
107.34923854919353	5.541994635805594
94.56231614349045	18.328917041508674
89.95872979949664	22.932503385502486
127.41579610971706	-14.52456292471794
113.62752902636743	-0.7362958413683032
105.23037479414589	7.660858390853235
119.32332657326506	-6.43209338826594
168.441704585095	-55.55047140009589
109.56602034708968	3.325212837909447
157.61081199903666	-44.71957881403753
144.26172209224924	-31.37048890725012
97.69174613851459	15.199487046484535
90.14848883823622	22.742744346762905
142.65974672879557	-29.768513543796445
104.82647500524573	8.064758179753397
63.50349936012384	49.38773382487528
145.82632322867534	-32.93509004367621
122.40279987815657	-9.511566693157448
98.20890313711348	14.682330047885642
129.8502685597261	-16.959035374726966
54.85482682316356	58.03640636183556
134.60630443748883	-21.715071252489707
168.12074946324643	-55.2295162782473
97.90642279636194	14.984810388637186
132.9177093374048	-20.026476152405678
77.39646146659211	35.49477171840701
104.60959597903926	8.281637205959868
104.36643336500055	8.524799819998577
105.32353994541805	7.567693239581075
139.0251014008892	-26.13386821589009
115.35588391680145	-2.4646507318023225
105.57824127296334	7.312991912035784
115.53341030036171	-2.6421771153625855
125.21663890353662	-12.325405718537496
92.24618313825266	20.645050046746462
112.73867198678926	0.1525611982098667
151.5912558097072	-38.70002262470808
139.70781063806788	-26.81657745306876
130.82002584474293	-17.928792659743806
118.39954397221499	-5.508310787215862
80.13741942674932	32.753813758249805
135.97228190818277	-23.081048723183642
93.08863091906386	19.802602265935263
118.93155528161077	-6.040322096611646
99.94599387285069	12.94523931214843
117.05336134818498	-4.162128163185855
129.49259136822064	-16.60135818322152
107.6705032856691	5.220729899330024
144.55138320955592	-31.6601500245568
95.62139701804625	17.26983616695287
135.58192392824017	-22.69069074324105
127.16845025102262	-14.277217066023496
71.60430447226389	41.28692871273523
144.5283545464728	-31.637121361473675
149.4583304677682	-36.56709728276908
127.59758090456597	-14.70634771956685
102.34053935211872	10.550693832880398
136.0253573081856	-23.134124123186467
114.3276076427243	-1.4363744577251794
132.88344784848155	-19.99221466348243
57.14691279137804	55.74432039362108
113.35854795859919	-0.4673147736000658
171.2283832320783	-58.33715004707918
125.6214759926799	-12.730242807680781
80.52851782120632	32.3627153637928
121.57457071841068	-8.68333753341156
114.31940843774592	-1.4281752527467972
127.81219282290604	-14.920959637906918
81.27396860929494	31.617264575704183
151.0684153555025	-38.177182170503386
142.81086693249875	-29.91963374749963
123.82525624552127	-10.93402306052215
106.37408740089941	6.517145784099711
121.56031870523788	-8.669085520238752
96.21692727291105	16.674305912088073
116.37077706657274	-3.479543881573619
144.6955022898159	-31.80426910481677
74.65402255388966	38.23721063110946
100.2765590766407	12.614674108358429
120.69658121714693	-7.805348032147805
82.46980076747187	30.421432417527257
97.61458426887606	15.276648916123065
76.3769948350967	36.51423834990243
116.11430721908647	-3.2230740340873467
92.68372949661745	20.207503688381678
114.37179670058714	-1.4805635155880168
66.56240330780594	46.328829877193186
113.98717856598188	-1.095945380982755
81.39057611932395	31.50065706567517
123.1565618259304	-10.265328640931273
94.43578158720658	18.455451597792546
120.43595885810674	-7.544725673107621
106.50498492282378	6.386248262175343
131.85591267571027	-18.96467949071115
152.9307736282429	-40.039540443243766
79.69662701122462	33.1946061737745
90.72658789694134	22.164645288057784
95.97609642797426	16.915136757024868
103.93761141526574	8.953621769733388
109.01470448806145	3.876528696937669
106.14025395460527	6.7509792303938525
125.51209216620015	-12.620858981201025
120.70232142033097	-7.811088235331852
158.59946530663916	-45.70823212164004
128.00367528757585	-15.112442102576722
68.27000533222986	44.621227852769266
112.2161407091026	0.6750924758965198
119.94167091466994	-7.0504377296708185
103.04479632546105	9.846436859538073
103.25290304037668	9.638330144622444
94.36189705594921	18.52933612904991
120.44135850914432	-7.550125324145199
102.47921835959363	10.412014825405493
128.65223997229265	-15.761006787293525
113.51973564926942	-0.6285024642702979
78.33553369270652	34.555699492292604
107.26717704927381	5.624056135725311
110.1029326068313	2.7883005781678207
146.8574163575335	-33.966183172534386
76.37723734506466	36.513995839934466
120.71590045237593	-7.82466726737681
119.96390936165557	-7.072676176656444
158.0537612245784	-45.162528039579286
139.47008677396065	-26.578853588961522
105.31226977715181	7.578963407847311
83.57974324638661	29.31148993861251
129.08887292677304	-16.197639741773912
155.93937648013292	-43.0481432951338
87.68345164787155	25.207781537127573
88.00535610657192	24.8858770784272
72.09711613090548	40.79411705409365
106.15831473807992	6.7329184469192
115.38824712421336	-2.4970139392142414
132.61577707185296	-19.724543886853837
79.88066649356477	33.01056669143435
119.55140370359885	-6.6601705185997275
109.97416545155573	2.917067733443389
85.94532838939921	26.945904795599915
103.79531744209379	9.095915742905333
103.30847260157606	9.582760583423067
99.55110670350695	13.340126481492177
119.4101359412536	-6.518902756254477
115.88983194390602	-2.998598758906894
95.34208976081044	17.549143424188685
128.49856346728592	-15.607330282286796
139.1366155802936	-26.245382395294484
109.33572218017696	3.555511004822165
117.44631194444071	-4.555078759441585
75.31068623923863	37.58054694576049
103.57141833387402	9.319814851125102
143.99821071186568	-31.106977526866558
133.15635176261515	-20.265118577616022
128.4263450489151	-15.535111863915972
120.79395746399575	-7.902724278996629
110.35571338861962	2.5355197963795035
97.32161392912064	15.569619255878479
107.19461445710738	5.696618727891746
117.04811298773245	-4.156879802733329
111.69309621618675	1.1981369688123777
111.26665370705348	1.6245794779456446
141.2627811607698	-28.37154797577068
126.95116184878032	-14.059928663781193
120.97649451789823	-8.085261332899108
84.7930102918823	28.098222893116827
94.88310419364336	18.00812899135576
60.39244015174029	52.498793033258835
111.87004258031868	1.0211906046804415
83.91822662047218	28.97300656452694
138.94026125212315	-26.049028067124027
121.0670235012227	-8.175790316223583
47.15689981118578	65.73433337381334
186.17007198040722	-73.27883879540809
91.5018454911891	21.389387693810022
52.63296074973607	60.25827243526305
100.76059875195153	12.13063443304759
117.66955923222906	-4.778326047229939
136.0480554751672	-23.156822290168066
63.13923805952129	49.75199512547783
89.0383589280251	23.85287425697402
89.77047378083319	23.120759404165938
117.52560691538804	-4.634373730388916
102.81304847150443	10.078184713494693
105.55719759510305	7.334035589896075
125.30494781542859	-12.413714630429467
94.26140438113418	18.62982880386494
123.82763830630813	-10.936405121309008
73.84180019804683	39.0494329869523
108.20856672845605	4.682666456543075
114.69492082281852	-1.8036876378193938
77.16827654384463	35.7229566411545
126.58150448383515	-13.690271298836024
101.42892579061356	11.462307394385562
119.85650659457008	-6.965273409570955
79.2303392588384	33.660893926160725
96.58600178785389	16.305231397145235
136.89179858306568	-24.000565398066556
102.03164686758726	10.859586317411868
137.07637231418164	-24.185139129182517
94.48290257120232	18.408330613796807
76.72125719540497	36.16997598959415
114.80956708398014	-1.9183338989810181
156.53870866748446	-43.64747548248533
121.77491706551461	-8.883683880515491
61.27934481682939	51.61188836816973
107.44960740163413	5.441625783364998
124.75167291416517	-11.860439729166046
78.17022273824921	34.721010446749915
152.65256289085016	-39.76132970585104
126.71601209193511	-13.82477890693599
122.59093011224729	-9.69969692724817
129.16289501909105	-16.27166183409193
115.35632952601497	-2.465096341015851
112.53278318118592	0.35845000381320347
103.66501954279866	9.226213642200463
98.65179237414796	14.239440810851164
129.62860653619407	-16.737373351194947
89.88757310442577	23.003660080573354
106.75512715454298	6.136106030456148
147.06740640110857	-34.17617321610945
98.501696471218	14.389536713781126
110.70381513489465	2.187418050104469
123.5603016545987	-10.66906846959958
111.2430450200749	1.6481881649242212
77.83965619393473	35.051576991064394
102.28160530464118	10.609627880357948
121.03258908254921	-8.141355897550085
121.39013387768603	-8.498900692686902
106.24709492853177	6.6441382564673575
99.06922509463416	13.82200809036496
119.2458297235454	-6.354596538546275
130.402333116038	-17.51109993103887
123.65639415249748	-10.76516096749836
109.13810209883391	3.7531310861652116
101.7277390062983	11.16349417870083
116.63430957520711	-3.743076390207989
99.05874595753372	13.832487227465407
136.51468284353464	-23.62344965853552
122.17797368481311	-9.286740499813988
78.44345916651685	34.44777401848228
142.33629238259633	-29.445059197597203
107.55096249972863	5.340270685270497
110.09064820608285	2.8005849789162767
113.77664763541569	-0.8854144504165617
111.72679409233777	1.164439092661354
69.82332780218735	43.06790538281177
95.13641309852235	17.75482008647677
142.97473367703086	-30.08350049203173
131.70073630958746	-18.809503124588332
115.85600031948502	-2.9647671344858963
131.697875059552	-18.806641874552867
159.60629119969715	-46.71505801469803
108.00460742893281	4.886625756066309
103.55211817244003	9.339115012559091
137.76742077092084	-24.876187585921713
131.35095693280553	-18.459723747806407
109.34774242883054	3.5434907561685804
83.14934309401019	29.74189009098893
140.38741322154002	-27.496180036540892
91.92007291094546	20.97116027405366
66.34305226963832	46.5481809153608
102.41272194196452	10.478511243034603
124.82699789484491	-11.935764709845785
91.54782298505256	21.34341019994656
137.89743056781688	-25.00619738281776
123.50584326261767	-10.61461007761855
145.18887520506564	-32.29764202006652
106.95301236685216	5.938220818146959
111.30815342121812	1.5830797637810008
88.61086845290836	24.28036473209076
101.40863803451634	11.48259515048278
121.12565293788998	-8.234419752890858
131.5894270919455	-18.698193906946386
114.51868212005186	-1.6274489350527404
98.98167153737472	13.9095616476244
106.3189385119627	6.572294673036424
113.70785097628013	-0.8166177912810042
150.8803743332397	-37.98914114824058
111.61525939620384	1.2759737887952838
79.02321131065816	33.86802187434097
132.2685338616544	-19.377300676655267
121.42834723013274	-8.53711404513362
137.80353528195843	-24.91230209695931
110.92803539587527	1.9631977891238535
76.42736669377754	36.46386649122158
157.245839019503	-44.35460583450387
147.74404734333856	-34.85281415833944
74.98336672176862	37.907866463230505
125.67024331472984	-12.779010129730722
136.8806520425429	-23.989418857543768
121.18727877144835	-8.296045586449225
105.91996167461039	6.971271510388732
120.6905168395482	-7.799283654549072
99.24955476371031	13.641678421288816
91.88072971092188	21.01050347407724
97.74362541275846	15.147607772240661
92.88061882266481	20.01061436233431
102.989483981832	9.901749203167128
103.43457972458	9.456653460419119
144.83912860350793	-31.947895418508807
123.61884381023958	-10.727610625240459
77.3060692751682	35.585163909830925
132.71993365064046	-19.828700465641333
105.91597374978883	6.97525943521029
127.21792778652014	-14.326694601521012
71.79620045535592	41.09503272964321
144.76512377527834	-31.873890590279217
140.13295445158607	-27.24172126658695
145.79916667821212	-32.907933493212994
151.61878057165038	-38.72754738665125
106.17963628775715	6.711596897241975
82.1134395120639	30.777793672935218
113.3383829378349	-0.4471497528357702
79.40620096480276	33.48503222019636
75.54911955473062	37.3421136302685
147.91298464940652	-35.0217514644074
118.57574506105945	-5.684511876060327
123.2657904869952	-10.374557301996077
131.68589264172942	-18.7946594567303
94.0628711475033	18.828362037495822
97.28458929741143	15.606643887587694
110.20318984569482	2.6880433393043006
107.02484283165751	5.866390353341615
115.65347593345675	-2.7622427484576235
71.91398927255744	40.97724391244168
102.75533027204386	10.13590291295526
120.21475302092901	-7.323519835929886
111.23918881962297	1.652044365376156
106.0491095823158	6.84212360268333
99.7784334031989	13.11279978180022
119.06456284644398	-6.173329661444853
104.14857689423613	8.742656290762994
110.94601796098638	1.9452152240127418
97.558919779301	15.33231340569813
133.83250099524182	-20.941267810242692
102.37277854534793	10.518454639651196
94.62524754013742	18.2659856448617
121.19368521716245	-8.30245203216333
95.3139999958689	17.577233189130226
120.33137796012988	-7.4401447751307614
133.25519320414196	-20.363960019142837
103.7944337647491	9.096799420250022
116.2668767330756	-3.375643548076482
100.57997027895499	12.311262906044135
145.64175314527938	-32.75051996028026
138.16415311708215	-25.272919932083028
120.48123312867892	-7.5899999436798
103.38056152836498	9.510671656634145
97.8017645792529	15.08946860574622
158.96311719236064	-46.07188400736152
103.04870093702948	9.842532247969643
86.25603434851973	26.63519883647939
137.176329281388	-24.285096096388884
138.0934280004617	-25.202194815462576
140.40540231979276	-27.514169134793633
139.52956379968464	-26.638330614685515
118.19344322437928	-5.302210039380157
134.32678469305597	-21.435551508056847
111.96703290672258	0.9242002782765439
131.6734879433675	-18.782254758368367
96.15192841087128	16.739304774127845
65.39525077692406	47.495982408075065
114.65452329926802	-1.763290114268898
128.23282078942793	-15.34158760442881
107.7861321813175	5.105101003681625
106.06160528835198	6.829627896647139
87.98381990641019	24.907413278588933
105.35701740622108	7.534215778778048
95.07683855321329	17.81439463178583
53.87514754520771	59.01608563979141
88.75312955601134	24.13810362898778
95.19709638922632	17.694136795772806
141.6401501165451	-28.748916931545978
134.71872577722706	-21.82749259222794
100.29666181429411	12.594571370705012
83.27342475011756	29.617808434881567
139.86009540818804	-26.96886222318892
68.74808480445381	44.14314838054531
135.07796920242208	-22.18673601742296
150.04888015934876	-37.15764697434963
102.1551009726495	10.736132212349617
119.6062157162628	-6.714982531263672
141.4008867551088	-28.509653570109663
92.23334353544806	20.657889649551066
120.49337966853591	-7.602146483536785
130.1519948287355	-17.260761643736373
125.5896110860881	-12.698377901088975
116.18771496323211	-3.2964817782329874
115.88324088104059	-2.992007696041469
103.51971663003519	9.371516554963932
157.80634065373783	-44.91510746873871
107.20293819395852	5.688294991040607
76.20798110970759	36.683252075291534
109.9502384404343	2.9409947445648186
127.99666045752588	-15.105427272526754
115.3008665162572	-2.409633331258078
102.14621931575789	10.745013869241234
136.79651094103724	-23.905277756038117
73.53621946154476	39.35501372345436
95.91040137328423	16.980831811714893
137.1841076216017	-24.292874436602574
90.99761383836199	21.893619346637138
127.81873288959582	-14.927499704596698
98.77629197285029	14.114941212148835
81.33432888020076	31.556904304798366
128.85619898751798	-15.964965802518861
86.76132672876525	26.12990645623387
86.19795581395198	26.693277371047145
107.37569696598263	5.5155362190164965
107.46525141493845	5.425981770060673
131.39492328285456	-18.50369009785544
96.40522459618484	16.486008588814286
127.52154751150562	-14.630314326506493
130.4882509013642	-17.597017716365087
89.19539303468088	23.695840150318247
150.08410951944649	-37.19287633444736
146.21040213604834	-33.31916895104922
115.5456503256301	-2.654417140630983
104.99069865437747	7.9005345306216554
90.12558799635175	22.76564518864737
84.03317505812157	28.858058126877552
104.94705825333932	7.944174931659802
118.8955535506137	-6.004320365614575
145.33707656591818	-32.44584338091906
106.38948011797024	6.501753067028886
108.18057976959363	4.710653415405488
101.33615454152081	11.55507864347831
101.69514933494415	11.196083850054976
117.54089681074021	-4.649663625741084
100.58128526591628	12.309947919082845
88.68154084837428	24.20969233662484
123.45720683722888	-10.565973652229758
103.80993525151445	9.081297933484677
101.35028916735229	11.540944017646837
85.16596370098327	27.725269484015854
95.58552607564104	17.30570710935808
91.51228035846128	21.37895282653784
135.181755290142	-22.290522105142884
140.4738162986477	-27.58258311364858
72.44868124040016	40.44255194459896
115.40120970839865	-2.50997652339953
116.64374309740464	-3.7525099124055146
100.27981036605428	12.611422818944845
110.49479426909505	2.3964389159040707
144.78421751868967	-31.89298433369055
129.0051340911386	-16.113900906139463
62.196836711856974	50.69439647314215
122.57172905891906	-9.680495873919938
136.50860693973567	-23.617373754736548
147.1613752775383	-34.270142092539174
105.2811816035582	7.610051581440928
128.82346932169384	-15.932236136694712
90.16122873983403	22.730004445165093
91.85283862272553	21.038394562273595
85.2679543116239	27.623278873375227
107.40744347474146	5.483789710257668
106.79630887728598	6.094924307713143
120.60553851293952	-7.714305327940394
113.80036823581321	-0.9091350508140863
90.26990774222503	22.621325442774094
96.26963083412119	16.621602350877936
114.02674170039262	-1.1355085153934965
90.31635628643306	22.57487689856606
106.16664313104798	6.724590053951147
107.82017409293911	5.071059092060011
134.32126176432138	-21.430028579322254
105.34558904539807	7.545644139601052
98.58623293804203	14.305000246957093
76.43227224522659	36.45896093977254
92.2514254807206	20.639807704278525
113.65085590018813	-0.7596227151890105
107.66430677119888	5.226926413800243
102.2707734623377	10.620459722661423
116.17744450469715	-3.286211319698026
85.50409388219987	27.387139302799255
107.97593242559697	4.915300759402157
90.26452964588813	22.62670353911099
80.04615299080021	32.845080194198914
120.11407463238584	-7.222841447386713
77.86107120054612	35.030161984453
137.6283737497465	-24.737140564747364
126.76942161350186	-13.878188428502739
121.0264777368252	-8.135244551826077
129.9306464754468	-17.03941329044767
92.28269251618849	20.608540668810633
132.24708168874668	-19.355848503747552
82.84742280168166	30.043810383317464
91.0612546000234	21.82997858497572
94.8283955153488	18.06283766965032
145.4889691485546	-32.597735963555465
122.16284165218462	-9.271608467185501
116.54487065899912	-3.653637473999993
175.30766146049746	-62.41642827549833
112.31459681816659	0.5766363668325312
162.6168934329794	-49.72566024798027
83.57966121088566	29.311571974113463
107.30126106523267	5.589972119766458
97.46109479829602	15.430138386703106
97.54617872514609	15.345054459853031
103.75631873095924	9.134914454039887
109.33405723443818	3.5571759505609464
132.39653330301323	-19.505300118014105
122.37857430381291	-9.487341118813788
118.68945362321165	-5.798220438212525
112.0798338323161	0.8113993526830257
65.05262949667983	47.838603688319296
84.87850914568344	28.012724039315685
103.54139309066656	9.349840094332563
124.63266688390783	-11.741433698908708
96.42831598704603	16.46291719795309
135.64278456804777	-22.75155138304865
119.4197621494709	-6.528528964471775
111.7410784142771	1.1501547707220254
94.9814705252365	17.90976265976262
95.61267450054174	17.27855868445738
118.05744421505685	-5.166211030057724
96.55399486215853	16.33723832284059
89.23486805584616	23.65636512915296
154.17253435427799	-41.28130116927886
100.08206113532421	12.809172049674913
137.4972064006247	-24.605973215625568
122.23505900440387	-9.343825819404742
105.01309907448328	7.878134110515845
103.89762658866263	8.993606596336491
47.12244780009814	65.76878538490098
102.96956137703683	9.921671807962298
117.78652108736011	-4.895287902360991
84.62589126384725	28.265341921151872
89.69324952091984	23.19798366407929
153.4220527337925	-40.530819548793374
109.7728421919114	3.118390993087729
114.2860285458836	-1.3947953608844728
90.14182621001089	22.749406974988233
132.91247408202878	-20.021240897029656
124.24916018317424	-11.357926998175117
106.8668502014433	6.0243829835558245
118.8620298166669	-5.970796631667781
116.63963079805842	-3.7483976130592964
102.68171392549891	10.209519259500212
152.21857734201865	-39.327344157019525
96.95882904119469	15.932404143804433
89.26724100853505	23.62399217646407
124.11626196829718	-11.225028783298058
170.79392938440185	-57.902696199402726
109.5323993677165	3.3588338172826298
124.06771388110508	-11.176480696105955
105.75605066739706	7.135182517602061
86.2396825449074	26.651550640091727
114.8141867388714	-1.9229535538722757
106.30236699263389	6.588866192365231
84.8863859293275	28.00484725567162
134.3582561959871	-21.467023010987987
74.94695276696132	37.944280418037806
140.18799332162155	-27.296760136622424
76.13469061747003	36.756542567529095
88.65417632640367	24.23705685859545
97.45116628146991	15.440066903529214
186.16822811974328	-73.27699493474415
98.47938320726928	14.411849977729844
113.11910513399619	-0.22787194899706265
134.25220133407913	-21.36096814908001
89.17174445616854	23.719488728830584
127.95031843854724	-15.059085253548119
69.6878496102471	43.203383574752024
72.40459888256089	40.48663430243823
129.53035942581016	-16.639126240811038
127.82710728695213	-14.935874101953004
110.75983229661585	2.1314008883832685
60.27549718088528	52.61573600411384
125.35483345384898	-12.46360026884986
125.84964165600911	-12.958408471009989
129.78687906838138	-16.895645883382258
116.33351782630677	-3.4422846413076513
98.23967913372951	14.651554051269613
101.1486527077385	11.742580477260617
111.45567584331445	1.435557341684671
119.01554492914772	-6.124311744148599
79.28677414566016	33.60445903933896
133.59338760794424	-20.702154422945114
114.15713186406526	-1.2658986790661402
107.7752175706463	5.116015614352818
96.48092515900396	16.410308025995164
136.5261540207856	-23.634920835786488
121.04242679907736	-8.151193614078238
118.70272774502598	-5.811494560026858
118.08754182020209	-5.196308635202968
117.81601934573234	-4.92478616073322
68.2646593007729	44.62657388422622
121.00764073205107	-8.11640754705195
110.39216912762652	2.499064057372607
105.54554687667121	7.345686308327913
110.38275939679886	2.508473788200263
119.49092272095447	-6.599689535955349
91.65524440385332	21.235988781145807
138.4882863568081	-25.597053171808966
142.9709644879185	-30.079731302919384
113.90017130904192	-1.0089381240427997
135.45022647587027	-22.558993290871143
133.9527681363488	-21.06153495134967
66.25687601053866	46.63435717446046
121.26136610440875	-8.370132919409627
133.07293854079347	-20.18170535579435
145.8088924257681	-32.917659240768984
119.27805694812557	-6.3868237631264435
85.66168041645864	27.229552768540486
108.13526745840039	4.755965726598731
138.364179229884	-25.47294604488488
139.9634771790015	-27.072243994002378
106.3192104696463	6.57202271535283
105.02350307838782	7.867730106611305
141.7253693494458	-28.834136164446676
123.90184630110679	-11.010613116107663
115.39664243695071	-2.5054092519515905
147.79920147482127	-34.90796828982215
118.41711329233178	-5.525880107332654
104.35882290081798	8.53241028418114
115.40846978990496	-2.5172366049058326
129.56261489397158	-16.67138170897246
113.11908516549164	-0.22785198049251676
94.11952729048579	18.77170589451333
127.09320387439013	-14.201970689391004
113.62943860915922	-0.7382054241600997
117.12923589592646	-4.238002710927333
138.3709975621329	-25.47976437713379
62.977027384365755	49.91420580063337
139.55415324400084	-26.66292005900172
115.82391533820345	-2.9326821532043255
78.41663055579087	34.47460262920825
97.31537039517829	15.575862789820832
101.47256297757377	11.41867020742535
119.62487110104016	-6.733637916041033
118.13602669513497	-5.24479351013585
165.9165859583107	-53.02535277331157
81.1756689961756	31.71556418882352
106.11444156922138	6.776791615777739
99.90231140453656	12.988921780462562
109.66939019722835	3.2218429877707706
96.11388446088932	16.7773487241098
97.34704378084902	15.544189404150103
117.40550214740765	-4.514268962408522
102.15758616166369	10.733647023335436
119.50507450749575	-6.613841322496626
70.6579425485132	42.23329063648592
96.3808264756652	16.51040670933392
161.73955332877708	-48.848320143777954
120.06176203782056	-7.170528852821434
93.6887448886726	19.20248829632652
95.16712781418374	17.72410537081538
116.66158872095988	-3.7703555359607606
83.1689666339543	29.722266551044825
80.22256500145824	32.66866818354089
101.58193691203161	11.309296272967515
86.66994548143415	26.22128770356497
105.55489609542278	7.336337089576347
114.15341751167836	-1.2621843266792325
97.67710229197365	15.21413089302547
133.34026008598104	-20.44902690098192
101.0829829388675	11.808250246131621
136.78137444683745	-23.890141261838323
149.14011920777062	-36.2488860227715
100.28277169035806	12.608461494641062
155.72670461637478	-42.83547143137565
107.37834902746414	5.512884157534984
81.95688145416858	30.934351730830542
83.10195967554552	29.789273509453608
123.01789314495414	-10.12665995995502
114.70475326661432	-1.813520081615195
147.80111605547296	-34.90988287047384
115.58931832937816	-2.6980851443790357
87.5219115514688	25.36932163353032
143.69376682604212	-30.802533641043
81.79310624808801	31.098126936911115
101.86369023827007	11.027542946729056
82.01115185766918	30.880081327329947
102.87503242312101	10.01620076187811
112.0144259771917	0.8768072078074169
114.92802902345699	-2.036795838457863
108.91388301038779	3.977350174611331
121.46383521281797	-8.572602027818846
100.9392358073149	11.951997377684222
115.51893044169839	-2.627697256699264
113.22957031668221	-0.3383371316830903
89.99923640855224	22.891996776446888
76.831496821332	36.05973636366713
105.74343296906073	7.147800215938389
135.73206203913315	-22.84082885413403
123.79070862606414	-10.899475441065022
105.06871335122952	7.822519833769604
134.232057237736	-21.340824052736878
100.59770831230009	12.293524872699038
145.74442056572326	-32.85318738072414
95.77864987312415	17.11258331187497
132.94965263319347	-20.058419448194343
107.9056331655359	4.98560001946322
124.26365777865277	-11.372424593653648
127.99649159693428	-15.105258411935154
139.9532838822691	-27.062050697269967
122.60375035848512	-9.712517173485992
74.83756887654027	38.05366430845885
114.89835242413227	-2.0071192391331465
143.24452183106433	-30.35328864606521
78.8692129244958	34.022020260503325
106.15698049707527	6.734252687923856
136.8244114441407	-23.933178259141584
136.975314972425	-24.084081787425873
93.92225171441561	18.968981470583515
140.22156652627774	-27.330333341278617
103.65912156414305	9.232111620856074
155.84081112252198	-42.94957793752286
110.31076209844497	2.580471086554155
112.53280384264218	0.358429342356942
120.70404548737889	-7.812812302379768
123.60087776543998	-10.709644580440852
97.92818854384524	14.963044641153886
110.70574419025007	2.1854889947490506
95.23672469534387	17.654508489655257
161.67019156072485	-48.77895837572572
147.3623206226187	-34.47108743761959
101.19377256127365	11.697460623725476
157.5271153418201	-44.63588215682097
141.4476339593569	-28.55640077435777
131.28787711735487	-18.396643932355744
141.20901887498286	-28.317785689983737
110.51156875369165	2.379664431307475
134.39715742096166	-21.50592423596254
88.06867151365702	24.8225616713421
119.37369710088282	-6.482463915883699
164.80641289163472	-51.9151797066356
141.26143879573542	-28.370205610736292
92.69254555817395	20.198687626825176
124.49698673971048	-11.605753554711356
123.243438710694	-10.35220552569487
124.7632856426161	-11.872052457616974
135.31217428303978	-22.420941098040657
115.96243731679974	-3.071204131800613
105.97668309317564	6.914550091823486
83.64345841055226	29.247774774446867
112.6758601109276	0.21537307407152184
118.25869973936537	-5.367466554366246
103.19577575637857	9.695457428620557
96.98526468379609	15.905968501203034
127.63622827999629	-14.744995094997165
77.49788743379565	35.39334575120347
82.51822678816359	30.373006396835535
125.6142147469171	-12.722981561917976
82.08691232146268	30.804320863536446
120.23062252592251	-7.33938934092339
121.25719189265408	-8.365958707654954
157.35898810991316	-44.46775492491403
109.23710152926182	3.6541316557373023
105.36099935821665	7.530233826782478
114.77916597976295	-1.8879327947638274
141.18245645415013	-28.291223269151004
137.63917109315557	-24.747937908156445
91.38702468453346	21.504208500465666
163.3413503832214	-50.45011719822227
102.34808270791086	10.543150477088261
84.0580631173923	28.83317006760683
95.41899398150596	17.47223920349316
134.63780430725248	-21.746571122253357
115.07162745911933	-2.1803942741202036
121.64720955483583	-8.755976369836702
120.05547081078996	-7.1642376257908325
87.17231177305959	25.718921411939533
166.30520969316217	-53.413976508163046
98.09075382854076	14.800479356458368
155.482047908981	-42.59081472398188
124.7776170726847	-11.886383887685582
82.14935357458467	30.741879610414458
150.23751932256866	-37.346286137569535
111.10922491667745	1.7820082683216754
118.04988041160686	-5.158647226607741
100.90559113415472	11.985642050844405
95.56876480770913	17.322468377289994
103.07922617650411	9.812007008495016
91.3279176661024	21.56331551889673
66.43623878543983	46.4549943995593
94.77920760620324	18.11202557879588
85.67656581977826	27.214667365220862
103.57959415077494	9.311639034224186
159.16709735672336	-46.27586417172424
140.0126117108575	-27.121378525858375
106.53114967863803	6.360083506361093
119.68302158764345	-6.791788402644329
113.40459096555057	-0.5133577805514449
89.41402024317355	23.47721294182557
126.51085131979923	-13.619618134800106
86.57864771934968	26.31258546564945
72.18495170772718	40.70628147727194
155.60088534094308	-42.70965215594396
82.68687238353144	30.204360801467686
88.91412268754996	23.97711049744916
83.32725380300604	29.56397938199308
102.79134607641348	10.099887108585648
152.58645245520077	-39.69521927020165
103.82596178341831	9.065271401580816
116.90682652779748	-4.015593342798354
71.55249760841895	41.33873557658018
125.43823214151692	-12.546998956517797
172.05947167142497	-59.16823848642585
106.79462807596343	6.096605109035693
130.34709588800027	-17.455862703001145
112.31469104270676	0.576542142292368
106.86000852067701	6.03122466432211
105.05057061216647	7.840662572832656
108.0626004243575	4.828632760641625
81.43781413777907	31.453419047220052
77.78770022572718	35.103532959271945
92.36325926768839	20.52797391731073
138.44439325126476	-25.553160066265633
101.03329922291258	11.857933962086548
112.30815485732143	0.583078327677697
95.88364674003677	17.007586444962357
166.65723960317408	-53.76600641817495
99.22676366311208	13.664469521887042
124.57231264629883	-11.681079461299703
100.48321059386652	12.408022591132607
114.82903797970974	-1.9378047947106154
113.69193987893306	-0.8007066939339325
104.9802254954756	7.9110076895235295
106.09704123131263	6.794191953686493
106.84594343500879	6.0452897499903315
111.63591678549702	1.2553163995021066
94.85012286237966	18.04111032261946
121.13331329872918	-8.242080113730054
115.30257877388061	-2.4113455888814883
137.25500633476068	-24.363773149761556
143.9846640958912	-31.093430910892067
119.35348858183528	-6.462255396836156
98.13347407107898	14.757759113920145
67.12282118572503	45.76841199927409
125.06651140831119	-12.175278223312063
102.93109575717781	9.960137427821309
77.57502735005068	35.31620583494845
110.9607508023054	1.9304823826937252
106.31927374132454	6.5719594436745865
99.36377805638759	13.527455128611535
113.43123502505469	-0.5400018400555666
99.75381672541141	13.137416459587712
101.5917272041369	11.299505980862222
142.0406085624999	-29.149375377500775
112.21262226510399	0.6786109198951351
116.31353729133468	-3.4223041063355595
105.52948996575822	7.361743219240907
83.89418070762432	28.997052477374808
113.32930269729505	-0.4380695122959253
105.34716235226676	7.544070832732359
107.35805812211936	5.533175062879764
98.66040261676417	14.23083056823495
117.64584276038832	-4.754609575389196
85.28668775746507	27.60454542753405
147.50354298084534	-34.612309795846215
132.41550976479306	-19.524276579793934
100.65867317949272	12.2325600055064
118.21686073447239	-5.325627549473268
142.36093447921888	-29.46970129421976
116.1941051651142	-3.3028719801150714
133.631513814244	-20.740280629244864
102.19736346461508	10.693869720384043
123.87994932161786	-10.988716136618734
109.29193443156367	3.5992987534354484
121.42701042984521	-8.535777244846088
127.7860627884524	-14.894829603453275
119.42162987262276	-6.530396687623636
151.42032811071516	-38.52909492571604
84.3262235962415	28.56500958875762
110.72168715184802	2.169546033151107
93.7471221013422	19.144111083656924
111.69575735347843	1.195475831520696
59.385575267648335	53.50565791735079
100.63347949598	12.257753689019125
84.99015310870726	27.901080076291862
124.30005184615783	-11.408818661158705
107.96263552379622	4.9285976612029
108.40841744841072	4.482815736588407
97.7062478621321	15.184985322867021
119.64247136085231	-6.751238175853189
131.57816252260108	-18.686929337601953
138.20570651318502	-25.314473328185898
115.44844631435461	-2.557213129355489
150.17513398757927	-37.28390080258015
103.12940730073723	9.761825884261896
109.36915921977578	3.522073965223342
137.95977434070522	-25.0685411557061
105.48261447002409	7.408618714975034
130.74136295591637	-17.85012977091725
88.3925603331358	24.49867285186332
117.74073011940567	-4.849496934406545
116.01708426748013	-3.125851082481006
65.50348463294762	47.387748552051505
108.89150539539372	3.9997277896054015
139.65364120396083	-26.762408018961708
113.0861476379527	-0.1949144529535829
93.94723170688525	18.944001478113876
70.18750974217477	42.703723442824355
80.35791042908062	32.533322755918505
106.15715991530891	6.734073269690214
120.64352094177633	-7.752287756777207
138.11864366469803	-25.227410479698904
107.68592538014894	5.205307804850179
107.44231475466353	5.4489184303355955
118.91748348627374	-6.026250301274615
114.77854806321687	-1.887314878217751
128.93605217303997	-16.044818988040845
120.39298625129635	-7.501753066297226
162.40333057924403	-49.512097394244904
105.21224438218309	7.678988802816036
153.4814339876943	-40.590200802695165
89.40219360556279	23.489039579436337
99.32421453683895	13.567018648160172
75.7047782320355	37.18645495296363
111.57722348972715	1.3140096952719773
129.54830924021888	-16.65707605521976
106.64261644446782	6.248616740531304
123.56681191670617	-10.675578731707049
141.3264640849463	-28.435230899947186
135.71498900070378	-22.823755815704658
106.7047075845237	6.18652560047542
104.13910430240841	8.75212888259071
121.37010495510705	-8.47887177010793
139.39003293793007	-26.49879975293095
131.39736807616077	-18.50613489116165
134.7408427968455	-21.849609611846375
93.39476737063902	19.496465814360107
95.08262128980434	17.808611895194787
126.39899552045404	-13.507762335454913
129.17763212060046	-16.28639893560134
116.80143134217448	-3.9101981571753583
108.66688611171935	4.224347073279773
97.37990344813693	15.511329736862194
107.36554319552462	5.5256899894745
98.04649022734225	14.844742957656877
140.93980042561248	-28.04856724061335
121.33409200094115	-8.442858815942031
86.1311459980841	26.76008718691503
117.27133850695441	-4.380105321955284
117.3255813484518	-4.4343481634526825
122.83655169262897	-9.94531850762985
72.53600689906966	40.35522628592946
124.10903298007156	-11.217799795072438
130.19867928910185	-17.307446104102723
95.62406435752723	17.26716882747189
109.89359677211883	2.997636412880297
96.17199045326083	16.71924273173829
145.17254448308245	-32.281311298083324
85.92652348790739	26.964709697091735
97.20031620008899	15.690916984910132
104.92647334720243	7.9647598377966915
129.40135018183412	-16.510116996834995
150.93187204737535	-38.04063886237623
84.92693023283994	27.964302952159187
98.62622275535671	14.265010429642416
115.37633960256665	-2.485106417567522
150.07917473178588	-37.18794154678676
127.85401608937957	-14.962782904380447
150.44340520138633	-37.5521720163872
100.52304681693988	12.368186368059241
178.85936455405374	-65.96813136905462
100.50006536917556	12.391167815823565
103.83368738507181	9.057545799927311
83.58424748117307	29.306985703826058
74.67495895695231	38.216274228046814
98.17779128425025	14.713441900748876
96.46669385628468	16.424539328714445
157.32158766895066	-44.43035448395153
107.11479856344579	5.776434621553335
141.34403744288431	-28.45280425788519
80.24191653352375	32.649316651475374
135.1982853926753	-22.30705220767618
104.79515085948935	8.09608232550977
125.79634763697015	-12.90511445197103
105.019195857191	7.87203732780813
138.85265326936553	-25.96142008436641
111.16542195595378	1.7258112290453482
97.78677251054671	15.104460674452412
129.02404087930756	-16.13280769430844
63.25546603882742	49.6357671461717
110.77109237921161	2.120140805787514
93.5243711748559	19.366862010143223
107.15494147178663	5.736291713212495
138.23317538769118	-25.341942202692053
88.99149184557666	23.899741339422462
122.84773725011894	-9.956504065119816
102.22832666150737	10.662906523491756
93.6845230511741	19.206710133825027
91.62393715490236	21.26729603009676
113.69780390515064	-0.8065707201515124
107.15814136444953	5.733091820549589
101.66978000757865	11.221453177420472
101.03697645262639	11.854256732372733
102.5551614348957	10.336071750103429
86.08888191250173	26.80235127249739
133.97030101853818	-21.079067833539057
91.48831625258788	21.402916932411244
120.42669869429722	-7.535465509298092
82.22505072913975	30.66618245585937
107.45571383270786	5.435519352291266
101.29950618184435	11.591727003154773
133.39378151826588	-20.50254833326676
77.3537891404327	35.53744404456643
105.075450539444	7.815782645555117
147.32358241604962	-34.432349231050495
110.99075590999166	1.9004772750074608
115.45710290314366	-2.5658697181445405
120.07493910752842	-7.183705922529299
136.59445760126337	-23.70322441626425
108.74770656738167	4.143526617617454
128.02731903928054	-15.136085854281419
103.06430494538168	9.826928239617445
115.53797820026435	-2.6467450152652248
110.88275342710759	2.0084797578915357
89.18100488273981	23.71022830225931
86.93792302486747	25.95331016013165
84.64606279107159	28.245170393927538
87.52710801296476	25.364125172034363
135.5040355120224	-22.612802327023275
100.39201773474693	12.499215450252194
117.09463252802072	-4.2033993430216015
104.37837926367561	8.512853921323511
89.20044263844161	23.69079054655751
97.42361940275862	15.467613782240505
92.34735729867737	20.543875886321757
127.59919796643922	-14.707964781440097
148.34225737906732	-35.4510241940682
107.44286769830856	5.448365486690562
114.62745644519293	-1.7362232601938103
144.76720911194266	-31.87597592694354
102.89325818393314	9.997975001065981
111.90911786900378	0.982115315995344
99.53589270126017	13.355340483738956
80.39860640136163	32.49262678363749
108.39763517486114	4.493598010137987
124.1503914685023	-11.259158283503183
126.93715602577194	-14.045922840772818
109.77755761275563	3.113675572243494
143.30079248158387	-30.409559296584746
144.55934808697984	-31.668114901980715
93.1725701315955	19.718663053403617
139.99908225116138	-27.10784906616226
41.750086687327524	71.1411464976716
114.2189661326598	-1.327732947660678
147.9955884249981	-35.10435523999897
72.77023534257802	40.120997842421104
126.06129790728255	-13.170064722283428
109.75958047540507	3.13165270959405
110.480741075065	2.4104921099341254
103.01716942336452	9.874063761634602
112.62375117468355	0.2674820103155753
144.0470552148431	-31.15582202984399
101.64296849341508	11.24826469158404
84.45617429753065	28.43505888746847
102.49950203237995	10.391731152619172
114.43448862006107	-1.5432554350619512
101.29969251608009	11.591540668919038
93.7635737026535	19.12765948234562
92.89218850553169	19.99904467946743
142.93288033391718	-30.04164714891806
129.18466367149767	-16.29343048649855
106.98931312914237	5.901920055856749
112.49559882529252	0.3956343597066052
96.83922527554955	16.05200790944957
78.10484386304347	34.78638932195565
160.26506018880468	-47.37382700380556
90.60739756823318	22.28383561676594
102.1461737915754	10.74505939342373
124.06172200185142	-11.170488816852298
79.77708649291321	33.11414669208591
111.50390485355206	1.3873283314470655
108.26667899912832	4.624554185870807
111.34112832000142	1.5501048649977065
129.98299198653172	-17.091758801532592
104.47487137814755	8.416361806851569
126.21107410561967	-13.31984092062055
89.05275202924281	23.838481155756313
164.56382494271497	-51.67259175771585
85.38682842341973	27.504404761579394
54.02605916797006	58.86517401702906
114.7236582489652	-1.8324250639660704
123.49969511407585	-10.608461929076725
80.52599504626892	32.365238138730206
109.21285892261426	3.678374262384864
123.07607927155391	-10.184846086554785
105.69261532740677	7.198617857592353
63.47198494673762	49.4192482382615
121.20149171231378	-8.310258527314659
109.22648014388074	3.664753041118388
77.25403044181553	35.63720274318359
94.29064662773567	18.600586557263455
159.90189046438286	-47.010657279383736
114.43955758868583	-1.5483244036867063
99.12035570530247	13.77087747969665
142.30977444423593	-29.418541259236804
51.9564388578267	60.934794327172426
103.93964533458097	8.95158785041815
105.99781289979478	6.893420285204343
94.10189998634382	18.7893331986553
83.63345036256942	29.257782822429704
129.23928625230587	-16.34805306730675
142.89370986394465	-30.002476678945527
109.74464465607275	3.1465885289263724
89.9994134164092	22.891819768589926
96.11145952689026	16.779773658108866
120.50387538236942	-7.612642197370292
116.28027196542939	-3.389038780430269
148.3071386957829	-35.41590551078377
86.05124340121006	26.839989783789065
112.01246530785761	0.878767877141513
67.56037208422805	45.330861100771074
85.45814525584481	27.43308792915431
130.43136651260264	-17.540133327603513
173.69811885211294	-60.80688566711382
102.38901617009634	10.502217014902783
111.36425678374124	1.5269764012578833
103.65032461386798	9.240908571131143
106.1887708942343	6.702462290764828
120.25619550504035	-7.364962320041229
114.90733137063924	-2.016098185640118
117.64014202933666	-4.748908844337535
111.66319278941575	1.2280403955833776
116.64564493457675	-3.7544117495776277
169.86138778303282	-56.9701545980337
124.84861352650458	-11.957380341505456
133.26525430037853	-20.374021115379406
81.81508166541087	31.07615151958825
114.62013523298248	-1.728902047983354
133.61170359584122	-20.720470410842097
107.41468251720997	5.476550667789155
104.24025133356898	8.650981851430146
87.45498871741967	25.436244467579456
95.86290088797597	17.028332297023155
123.69995454390644	-10.80872135890732
125.2581406945317	-12.366907509532581
101.45608145599164	11.435151729007487
78.46264818162155	34.42858500337758
134.58687048925336	-21.695637304254234
135.1001094696392	-22.20887628464007
102.93572580836445	9.955507376634671
104.76711974524622	8.124113439752904
112.75825172506737	0.1329814599317558
89.60549458412305	23.285738600876073
90.06792049761012	22.823312687389006
143.4894877519679	-30.59825456696879
126.20250237964382	-13.311269194644694
107.66673163529293	5.22450154970619
124.26689888828847	-11.375665703289343
115.93011690272274	-3.038883717723621
113.31789811418884	-0.42666492918971244
149.8656758666463	-36.97444268164719
151.09864106888077	-38.20740788388164
108.36917700513973	4.522056179859391
91.57763296774073	21.313600217258397
97.73079336888864	15.160439816110483
97.72089110662696	15.170342078372158
95.78754324865955	17.103689936339578
142.0877236615076	-29.196490476508473
107.4152663295396	5.475966855459518
102.62006312855038	10.271170056448739
87.2037718269973	25.687461358001826
137.0505537056803	-24.159320520681177
125.51966753986804	-12.628434354868915
113.05769880252655	-0.16646561752742173
91.9561604600446	20.935072724954523
132.30262521923638	-19.411392034237252
145.54278566601957	-32.651552481020445
117.12192665935316	-4.230693474354041
154.49220150734135	-41.600968322342226
119.62725118828044	-6.736018003281316
120.7510843010156	-7.859851116016472
102.70591571338323	10.185317471615889
124.90132204114951	-12.01008885615039
112.29321253420372	0.5980206507954051
120.6244537218551	-7.733220536855981
101.74621263213584	11.145020552863286
118.4999283239228	-5.608695138923679
159.16444970070705	-46.27321651570793
123.90910681666236	-11.017873631663235
93.79731521253024	19.093917972468887
109.7107744903912	3.180458694607921
100.36399016242439	12.527243022574737
110.29137462749685	2.599858557502273
112.11618541501201	0.7750477699871112
103.89617855987643	8.995054625122691
131.48991888332893	-18.598685698329803
111.1887718600189	1.70246132498022
97.33959525009021	15.55163793490891
124.70809927938234	-11.816866094383215
111.87863014328076	1.0126030417183642
118.61037849824373	-5.71914531324461
92.94749760247163	19.943735582527495
106.92936995999975	5.961863224999377
119.57800128790171	-6.68676810290259
141.3552461193098	-28.464012934310688
128.12983711759574	-15.238603932596618
104.3999557702495	8.491277414749618
126.04284621027313	-13.151613025274003
116.5393078901156	-3.6480747051164713
77.86382145522788	35.027411729771245
138.91963003650056	-26.02839685150144
111.97929718476138	0.9119360002377448
115.41359941044124	-2.522366225442113
94.36335644074592	18.527876744253206
97.34325809163005	15.547975093369075
98.58915111886984	14.302082066129287
123.53466062606952	-10.6434274410704
114.34873696543531	-1.4575037804361841
93.43382426481134	19.45740892018779
137.72863748922595	-24.837404304226823
137.8351265295036	-24.943893344504488
131.12321864497193	-18.231985459972805
134.17753383612347	-21.28630065112435
135.8925916797429	-23.001358494743783
124.90974941325197	-12.01851622825285
122.78079100787312	-9.889557822873996
94.21988343565994	18.671349749339186
111.34706272887473	1.544170456124391
103.19981325660541	9.691419928393714
123.45581225437348	-10.56457906937436
108.15104820770961	4.740184977289516
96.22373131882108	16.667501866178043
125.18764656502361	-12.29641338002449
124.2994442750275	-11.408211090028374
104.20652959511034	8.684703589888784
108.7544899397796	4.13674324521952
170.633456276191	-57.742223091191875
119.8358475914244	-6.9446144064252735
119.04662999598412	-6.155396810984996
129.5889441408528	-16.697710955853665
107.32887162078958	5.562361564209539
88.39897146697666	24.492261718022462
109.87596351712972	3.015269667869404
117.28488215555234	-4.393648970553215
133.55394449275553	-20.66271130775641
79.0137101610473	33.877523023951824
69.26395829721122	43.627274887787905
129.8242883680211	-16.933055183021963
130.75719570514642	-17.865962520147292
114.170512578467	-1.2792793934678741
107.83945149642639	5.051781688572731
102.03356529514576	10.85766788985336
113.41469344024381	-0.5234602552446859
142.22848916442538	-29.33725597942626
111.7437894821492	1.1474437028499267
102.60555273591535	10.28568044908377
104.37220434857454	8.519028836424582
125.45625700485655	-12.56502381985743
134.1015297175277	-21.210296532528588
79.25935110210276	33.63188208289637
82.8153745992754	30.075858585723722
144.24150859202248	-31.35027540702336
105.60227206610446	7.288961118894662
129.76186899266986	-16.870635807670737
154.31576994469154	-41.424536759692415
88.9406447439383	23.95058844106083
68.84420234558138	44.047030839417744
118.11392857036711	-5.2226953853679845
119.98790169630823	-7.096668511309105
121.40301446864032	-8.511781283641199
85.23025776679879	27.660975418200337
125.13553047177496	-12.244297286775833
88.89283823392728	23.998394951071845
92.35626786469766	20.534965320301467
105.49254243109544	7.398690753903679
138.32194803499672	-25.4307148499976
96.31462532526578	16.576607859733343
78.90514679312628	33.986086391872846
119.351856704498	-6.460623519498881
105.81350865642392	7.077724528575203
121.85426678598662	-8.963033600987501
102.1389165231698	10.752316661829326
114.45032228641813	-1.559089101419005
134.66623384137839	-21.775000656379262
89.9288228054478	22.96241037955133
116.73315343609411	-3.84192025109499
116.23349422206357	-3.3422610370644463
147.37978359525493	-34.48855041025581
84.95373935530495	27.937493829694176
133.2734247018174	-20.382191516818267
141.43495281820415	-28.54371963320503
122.44852894417764	-9.557295759178515
146.35061686786992	-33.459383682870794
99.58875496642341	13.302478218575715
75.78744146241425	37.10379172258487
95.39158870736298	17.49964447763614
117.9016427117746	-5.010409526775476
163.62298532378156	-50.73175213878244
124.15390901299875	-11.26267582799963
113.47533219820585	-0.5840990132067247
128.60923218406938	-15.71799899907026
88.46770521658584	24.423527968413282
114.92634433685782	-2.0351111518587004
123.44474039149159	-10.553507206492469
81.5370940935824	31.354139091416727
119.30778705962405	-6.416553874624924
147.52685872388213	-34.635625538883005
76.91112255536396	35.98011062963516
108.74418126772676	4.147051917272364
97.73950143716104	15.151731747838085
118.74657890108176	-5.855345716082638
152.39012093792886	-39.49888775292973
120.76390993635545	-7.872676751356323
128.19237130695223	-15.301138121953102
106.40094570744662	6.490287477552499
86.64515270949744	26.246080475501685
150.47983620097187	-37.58860301597275
117.58729200796682	-4.6960588229677
151.60200577902327	-38.71077259402415
123.37620613379153	-10.484972948792404
143.25968615521964	-30.368452970220517
142.76018018280996	-29.868946997810838
93.4497504821233	19.441482702875817
102.93551332023748	9.955719864761647
132.70781008673606	-19.816576901736937
129.08233082132796	-16.191097636328834
113.13047080430346	-0.2392376193043333
74.66898329235522	38.2222498926439
134.8814308185942	-21.990197633595074
141.45420819588293	-28.562975010883804
118.03314566842113	-5.141912483422004
111.067966967465	1.823266217534126
117.55146561513942	-4.660232430140297
98.92362432879457	13.96760885620455
140.03591285186525	-27.144679666866125
86.59346005969695	26.29777312530217
134.86796210412507	-21.976728919125947
111.775713158619	1.1155200263801248
93.61093593693658	19.28029724806254
119.77043493096829	-6.879201745969169
124.07092348123882	-11.179690296239698
126.6573402038743	-13.766107018875175
100.11577266941862	12.775460515580505
118.5406389121012	-5.649405727102078
91.84259154273201	21.048641642267114
129.55689657814725	-16.665663393148122
95.9247961547349	16.966437030264217
110.82604729347332	2.0651858915258003
128.9744387630504	-16.083205578051263
105.37337787512621	7.517855309872914
109.99173375828246	2.899499426716659
105.10278018208379	7.7884530029153325
97.2567473942268	15.634485790772317
103.48992736960605	9.401305815393073
127.97591135230465	-15.084678167305526
120.2311146690277	-7.339881484028581
120.03753528964586	-7.146302104646736
130.5806730069467	-17.689439821947587
96.17118310703296	16.720050077966164
124.68577823476295	-11.794545049763826
122.51423162260048	-9.622998437601353
103.5846859654842	9.306547219514925
146.6508513879956	-33.75961820299648
122.73160754449358	-9.840374359494461
85.29391202161364	27.597321163385487
89.33879420883687	23.55243897616225
88.68157764435759	24.209655540641535
126.91344524137034	-14.022212056371217
84.40688881911396	28.484344365885164
128.7523817185459	-15.861148533546782
85.45834186511667	27.432891319882458
117.76004700132702	-4.868813816327901
114.3624615150778	-1.4712283300786737
77.03904561490646	35.85218757009267
96.37155769704742	16.5196754879517
75.04182833975878	37.84940484524034
141.43188134168975	-28.540648156690622
134.55654544170045	-21.665312256701327
144.13611926546525	-31.24488608046613
118.5358874426687	-5.644654257669572
113.21423658824222	-0.3230034032430922
106.01112200383102	6.880111181168104
143.10749439745211	-30.21626121245299
67.83203992819278	45.05919325680634
135.32977359312952	-22.438540408130393
105.78330139328989	7.107931791709234
126.12858522593103	-13.23735204093191
128.1227880152286	-15.23155483022947
88.21749693264371	24.67373625235541
135.38427719959452	-22.493044014595398
122.30189928686906	-9.410666101869936
139.1811702040717	-26.289937019072568
112.9443266469701	-0.053093461970973976
87.92508042760949	24.966152757389636
145.66308835971867	-32.77185517471955
110.74112837646098	2.1501048085381456
97.62444433546133	15.26678884953779
108.56328850051943	4.327944684479689
114.81167275082555	-1.9204395658264275
106.40410745600238	6.4871257289967446
115.80874569831357	-2.917512513314449
97.03175476406398	15.859478420935147
91.96190436669133	20.929328818307795
101.39072878456281	11.500504400436313
114.10652655600606	-1.2152933710069362
84.53549988245652	28.355733302542603
136.02830647155645	-23.137073286557325
126.92147936035471	-14.030246175355586
151.66489200252488	-38.77365881752576
126.65857115024426	-13.767337965245133
97.6698679412433	15.221365243755827
85.8960101832339	26.995223001765225
110.82632596666315	2.064907218335975
116.7840426720353	-3.8928094870361747
96.66674371171337	16.224489473285757
99.30801483650737	13.583218348491755
126.48354193387001	-13.592308748870892
136.42133105216942	-23.530097867170298
106.54071530736235	6.350517877636776
89.2048137886353	23.686419396363817
80.84671687857974	32.04451630641938
64.67152226664564	48.219710918353485
117.61725078761935	-4.726017602620232
68.32930277204957	44.56193041294955
158.60791297370392	-45.716679788704795
99.64596272417052	13.245270460828607
132.97260489456517	-20.081371709566042
137.26812383106434	-24.37689064606522
131.98115599385468	-19.08992280885556
113.95549308097782	-1.0642598959786937
83.92515285766729	28.966080327331838
125.06823831056985	-12.17700512557073
142.0172578163832	-29.12602463138407
158.83645314904368	-45.945219964044554
79.7238029328613	33.16743025213782
141.62658697145284	-28.735353786453715
123.11602881956728	-10.224795634568153
123.56704147224207	-10.675808287242944
83.69408383067946	29.197149354319663
84.33252641329577	28.558706771703356
76.1820448772686	36.70918830773053
121.70953208711387	-8.818298902114748
114.41353240540491	-1.5222992204057846
75.87516074711118	37.01607243788794
125.91823804293551	-13.02700485793639
101.22546854179552	11.665764643203602
161.57166274446342	-48.6804295594643
128.54398470210242	-15.652751517103297
101.79372800774388	11.097505177255243
131.89535038659767	-19.004117201598547
103.89363867710006	8.997594507899066
103.5921686021046	9.299064582894516
120.20055525422674	-7.309322069227619
120.27611973437558	-7.384886549376461
147.84083295426797	-34.94959976926884
98.17416284786657	14.717070337132554
109.50064710855247	3.3905860764466524
122.0604320310066	-9.169198846007475
85.7512343250072	27.13999885999192
141.16300579031838	-28.271772605319256
104.99363252452588	7.897600660473245
73.60395280174077	39.28728038325835
115.92770588192968	-3.0364726969305593
123.18187332851983	-10.290640143520704
146.12038060803923	-33.229147423040104
89.80255732196758	23.08867586303154
116.4831149722321	-3.5918817872329782
131.1902078343063	-18.298974649307183
104.58903297047243	8.302200214526692
98.18081937014392	14.710413814855201
97.87479817598967	15.016435009009456
125.1580715204417	-12.266838335442571
78.83435188873318	34.05688129626594
127.88515856025242	-14.993925375253298
142.08122528230797	-29.189992097308846
81.31936663457145	31.57186655042767
88.8460173013109	24.04521588368823
87.26223775971721	25.628995425281914
117.1809118057854	-4.289678620786276
147.35136024985604	-34.46012706485692
139.4290978352792	-26.537864650280085
92.82303684896578	20.06819633603334
116.89811099387134	-4.006877808872218
81.94088490917306	30.95034827582606
93.5792931533606	19.311940031638528
137.23366934155547	-24.342436156556346
88.1635487848971	24.72768440010202
86.02003857182262	26.8711946131765
130.57946354612136	-17.688230361122237
116.11123220857166	-3.219999023572541
103.47227158437158	9.41896160062754
109.553068126487	3.338165058512118
155.02932913758264	-42.13809595258351
113.94989525106493	-1.058662066065807
82.86858636800821	30.022646816990914
108.98087931505938	3.9103538699397404
119.16988575082155	-6.278652565822426
102.85671841854378	10.034514766455345
125.12797719972582	-12.236744014726696
95.53578855183036	17.35544463316876
114.3829526047964	-1.4917194197972776
90.66174479990218	22.229488385096943
101.70500575332494	11.186227431674183
70.96215679933516	41.92907638566396
91.4193794125398	21.471853772459326
143.45201846159702	-30.560785276597898
102.10851432125614	10.782718863742986
95.02315511866925	17.868078066329872
90.12139661904382	22.769836565955302
95.89797133563056	16.993261849368565
120.38675053203255	-7.495517347033427
98.01216176024843	14.879071424750691
109.29575129850616	3.595481886492962
130.85272051587467	-17.961487330875542
61.43580786322977	51.455425321769354
104.15252737971912	8.738705805280006
132.7295073376275	-19.838274152628372
114.19049704893345	-1.2992638639343284
100.99565581880174	11.895577366197386
119.59610067597475	-6.70486749097563
120.91274113948893	-8.021507954489806
130.46528488674045	-17.574051701741325
95.03062095147612	17.860612233523
130.08308683557115	-17.19185365057203
119.27974124355896	-6.388508058559836
96.13865523595774	16.75257794904138
91.66529399487405	21.225939190125075
74.37999643166549	38.511236753333634
107.68720803669711	5.204025148302009
121.01730689250832	-8.126073707509192
83.75445398511107	29.136779199888053
132.7139836392607	-19.82275045426158
119.98978095651327	-7.0985477715141485
68.79312060917854	44.09811257582058
112.49242994656021	0.39880323843891574
187.2570358438621	-74.36580265886298
133.44504528666886	-20.553812101669735
116.91719640649619	-4.025963221497065
152.76457108956524	-39.873337904566114
108.61173935736707	4.279493827632052
97.04634991399399	15.84488327100513
114.07340463724844	-1.182171452249321
154.6280098459459	-41.73677666094679
151.92882479820523	-39.037591613206104
114.85183918504782	-1.9606060000486991
133.0289679030096	-20.137734718010478
105.2251888041113	7.666044380887826
107.75094329695213	5.140289888046993
136.56300092293924	-23.671767737940115
79.3921176047364	33.499115580262725
110.9245205157234	1.9667126692757222
77.3811341509439	35.51009903405523
103.93637993257184	8.954853252427284
82.77507523955808	30.116157945441046
128.21403673355178	-15.322803548552656
116.74213447114684	-3.8509012861477174
109.2253149240781	3.6659182609210177
89.19975096217911	23.691482222820014
136.23887873826186	-23.347645553262737
105.80281514189423	7.088418043104895
105.44123065361723	7.450002531381898
109.75356117718673	3.137672007812398
160.97506919200475	-48.08383600700563
161.52214980340008	-48.63091661840096
117.7287514980338	-4.837518313034678
112.50611134993176	0.3851218350673662
81.7197516419395	31.171481543059627
119.59110955555238	-6.699876370553255
142.64013250813755	-29.74889932313843
86.70601499262438	26.185218192374748
117.10039567688241	-4.209162491883291
150.08081056644428	-37.18957738144516
117.4201439783325	-4.528910793333381
116.37919840417334	-3.487965219174214
129.8470791701463	-16.955845985147164
146.0432330944756	-33.15199990947647
151.90696884112427	-39.015735656125145
62.520062293348644	50.37117089165048
87.0785037056618	25.81272947933732
92.13201716772224	20.759216017276884
93.85487800458273	19.036355180416393
89.53017011837483	23.361063066624297
123.74480976177318	-10.85357657677406
112.04768127205776	0.8435519129413649
59.70255866419643	53.18867452080269
151.63861679736758	-38.74738361236845
80.10248512598511	32.78874805901401
101.52060102841347	11.370632156585657
85.09902345019213	27.79220973480699
103.92985918026463	8.961374004734495
111.79265809551609	1.0985750894830346
122.20570786355233	-9.31447467855321
138.00457087578866	-25.113337690789535
113.13795721534481	-0.24672403034568902
125.50990124244876	-12.61866805744964
109.72173405506575	3.169499129933371
66.59408821487409	46.29714497012503
126.04757448629854	-13.15634130129942
122.28410335360851	-9.392870168609392
118.17268677479183	-5.281453589792704
108.80409372250224	4.087139462496879
97.76866177215098	15.122571412848146
94.37465342182344	18.516579763175685
135.25613184836848	-22.36489866336936
124.61688635876854	-11.725653173769416
84.80048726270883	28.090745922290296
69.87707467080685	43.014158514192275
85.44208429742949	27.449148887569635
158.77214640411776	-45.88091321911864
131.30021748603477	-18.408984301035645
99.9847625220977	12.906470662901427
142.95860777766111	-30.06737459266199
105.73143681527372	7.159796369725399
91.18462799286402	21.7066051921351
94.9379945728478	17.953238612151324
107.87407151594462	5.017161669054502
128.32648393359403	-15.43525074859491
104.0055525540071	8.885680630992027
142.54189179939445	-29.650658614395326
107.71141326156788	5.179819923431239
111.92699422445975	0.964238960539376
108.08938826389809	4.801844921101036
125.03947402056534	-12.148240835566213
89.78255280339971	23.108680381599413
107.72654964197014	5.1646835430289855
136.98101849124455	-24.08978530624543
122.66927606335199	-9.778042878352863
147.79133260279076	-34.90009941779164
95.26373034897887	17.627502836020255
92.51799532608734	20.37323785891178
120.12040086329787	-7.229167678298751
82.34887533125101	30.542357853748115
72.45586008274023	40.43537310225889
89.46290052280875	23.42833266219037
79.631594859058	33.259638325941125
108.91073375613797	3.980499428861151
88.72464133529121	24.166591849707913
80.99019672402375	31.901036460975376
115.12980131211572	-2.2385681271165936
95.90148311800277	16.98975006699635
113.55417975541042	-0.6629465704112931
107.0124784168782	5.878754768120928
126.32883976419663	-13.437606579197507
133.26233268874586	-20.371099503746734
93.27270137572651	19.61853180927261
127.65048675094641	-14.75925356594729
115.09413294801544	-2.202899763016319
132.77880136255664	-19.88756817755751
150.4785548718972	-37.587321686898065
106.32425465707212	6.566978527927006
109.07032483650056	3.8209083484985626
91.58760361319202	21.303629571807107
95.80078284279062	17.0904503422085
109.67855274483901	3.2126804401601134
111.02483988841124	1.866393296587887
141.61419015385383	-28.722956968854703
111.52328113002096	1.3679520549781614
143.682278351447	-30.791045166447873
119.97169100836783	-7.080457823368704
133.4443205511355	-20.553087366136367
103.07497199616756	9.816261188831561
121.59921062908307	-8.707977444083951
121.71110243157437	-8.819869246575252
101.26532265048246	11.625910534516663
131.74355988070886	-18.852326695709735
75.78236202557736	37.10887115942177
146.5799275228589	-33.68869433785977
157.17816700153224	-44.28693381653312
121.94127379260925	-9.050040607610129
99.84482055949928	13.04641262549984
108.38863296616609	4.502600218833038
87.96706078201777	24.924172402981355
124.02315695830629	-11.131923773307165
125.05583797067146	-12.164604785672338
102.28007371195662	10.611159473042505
99.77277494808249	13.118458236916638
91.27726015304933	21.613973031949797
93.90056483009784	18.99066835490129
63.78147273116218	49.10976045383694
126.94283111736758	-14.051597932368452
108.81994080868475	4.071292376314375
71.33605611326215	41.55517707173698
101.15930823562206	11.73192494937706
150.48902656233344	-37.59779337733431
121.80759654956722	-8.916363364568099
107.28858329107692	5.602649893922205
130.27478720415724	-17.38355401915811
118.40958639282411	-5.518353207824987
120.38461542132694	-7.493382236327818
103.98857315581603	8.902660029183096
101.66900389557208	11.222229289427048
105.33473217469594	7.5565010103031796
103.47520611041995	9.416027074579176
128.9584422874404	-16.067209102441268
118.30992007262188	-5.418686887622755
137.2812141322019	-24.389980947202787
183.7645443794064	-70.87331119440728
123.23605979714569	-10.344826612146562
117.16576474527767	-4.274531560278547
113.62930635762325	-0.7380731726241265
109.97321168091287	2.918021504086255
125.80451366383761	-12.913280478838487
104.7066052060419	8.184627978957224
107.94934058090087	4.941892604098257
114.22864089040752	-1.3374077054083955
132.08641887192073	-19.195185686921604
147.70060887667944	-34.809375691680316
114.80359839569076	-1.9123652106916325
124.56722546603498	-11.67599228103586
103.87375906067894	9.017474124320188
122.4938328982272	-9.602599713228074
137.6323919658803	-24.741158780881165
124.42793657129766	-11.53670338629854
114.75656279632074	-1.865329611321613
94.4015325676695	18.489700617329618
120.26251079259816	-7.3712776075990405
124.43436887406494	-11.54313568906582
132.3883065116446	-19.497073326645477
138.36275527385294	-25.471522088853817
113.89786906016741	-1.0066358751682856
155.40256390490174	-42.51133071990262
144.1523699041412	-31.261136719142087
106.5920411113351	6.299192073664017
123.04292669188942	-10.151693506890297
103.6583103386132	9.232922846385918
116.92406187806444	-4.032828693065312
134.95789678866856	-22.06666360366944
67.21964674047047	45.67158644452866
106.81116154527115	6.080071639727976
85.08278580936746	27.80844737563166
112.57247213842345	0.3187610465756734
145.03685299757342	-32.145619812574296
119.36772100802534	-6.476487823026218
97.7266805225903	15.164552662408823
92.49064410863355	20.400589076365577
121.25614746874851	-8.364914283749386
116.05887085546271	-3.1676376704635913
148.55572433914347	-35.66449115414434
120.58608559498532	-7.694852409986197
111.39050227950281	1.5007309054963116
90.13933780004152	22.751895384957606
118.93037520630094	-6.039142021301814
106.8191862764055	6.07204690859362
116.73331660795645	-3.84208342295733
144.91007076376638	-32.01883757876726
80.4261459449707	32.465087240028424
159.7666561287516	-46.87542294375248
125.73158243531009	-12.840349250310965
85.79299621830535	27.098236966693776
102.36160336085607	10.529629824143058
162.69756320030694	-49.80633001530782
102.71750719398472	10.173725991014408
102.55666080582535	10.334572379173778
99.21700846071337	13.67422472428575
84.12085839876829	28.770374786230832
123.02136226552136	-10.130129080522238
113.98863740800164	-1.0974042230025134
138.51054836910237	-25.619315184103243
134.52877903849378	-21.637545853494657
112.3585274406779	0.5327057443212198
112.96808625856531	-0.0768530735661841
120.23877714240979	-7.3475439574106645
120.00750976925585	-7.116276584256724
137.78918052539186	-24.897947340392733
