dH	delta_dH
-245.12001342506585	-9.179986574934162
-255.11999989146364	0.819999891463624
-260.11999148950656	5.819991489506549
-250.12001942129893	-4.179980578701077
-248.87000873633053	-5.4299912636694785
-258.8700018617184	4.570001861718367
-263.8699803730934	9.569980373093415
-253.87000350300252	-0.42999649699748943
-246.37000288520096	-7.9299971147990505
-256.3699962555412	2.0699962555411844
-261.37000795483175	7.070007954831738
-251.36999680988913	-2.930003190110881
-258.6600010481272	4.360001048127174
-248.6600015871756	-5.639998412824411
-253.65999827484865	-0.6400017251513646
-263.6599944967567	9.359994496756713
-256.1599898348424	1.8599898348423949
-246.15998929064466	-8.140010709355352
-251.159980217508	-3.140019782492004
-261.16003177957845	6.860031779578435
-257.40997408808124	3.1099740880812305
-247.40998110055278	-6.890018899447227
-252.4099967629101	-1.8900032370898998
-262.40998770695404	8.10998770695403
-254.90999954773287	0.6099995477328548
-244.91000197110515	-9.389998028894865
-249.91000874028776	-4.389991259712247
-259.9100080661353	5.610008066135265
-249.28000132459536	-5.019998675404651
-259.2800016824088	4.980001682408783
-264.27997861985324	9.979978619853227
-254.28001378487195	-0.019986215128056983
-246.78002381342165	-7.519976186578361
-256.7800062763102	2.480006276310178
-261.77999958165157	7.479999581651555
-251.7799727530958	-2.5200272469042204
-248.0299994430591	-6.270000556940914
-258.0300001464578	3.730000146457769
-263.0299974059429	8.729997405942868
-253.02999551040674	-1.2700044895932763
-245.53000227530836	-8.769997724691649
-255.52997699918458	1.2299769991845722
-260.5299982140917	6.229998214091665
-250.52998466319812	-3.7700153368018903
-263.33999959192795	9.039999591927938
-253.34002344313225	-0.9599765568677583
-248.33998622382555	-5.960013776174463
-258.34002790108195	4.040027901081942
-260.83999190809743	6.53999190809742
-250.8399873017414	-3.4600126982586232
-245.84002589524502	-8.459974104754991
-255.8400314943718	1.5400314943717888
-262.0899982819245	7.789998281924511
-252.08998776158464	-2.2100122384153735
-247.0899900328694	-7.210009967130617
-257.0900111850823	2.790011185082278
-259.58998456381585	5.289984563815835
-249.58999433892663	-4.710005661073382
-244.59000856538827	-9.709991434611737
-254.59000614998135	0.29000614998133756
-253.9700290976095	-0.32997090239049953
-263.97002195183336	9.670021951833348
-258.9700089164314	4.670008916431414
-248.9699783362798	-5.330021663720203
-251.47000848149648	-2.829991518503533
-261.46998149277965	7.169981492779641
-256.47001216388776	2.1700121638877476
-246.46999030430626	-7.830009695693747
-252.71997184210588	-1.5800281578941338
-262.7200000417804	8.420000041780384
-257.7199819515124	3.4199819515123977
-247.71997898525544	-6.580021014744574
-250.22000178538175	-4.079998214618257
-260.22000591333995	5.920005913339935
-255.2199954828727	0.9199954828726788
-245.22001965003867	-9.079980349961346
-260.6900274429549	6.3900274429548745
-250.68997557207462	-3.6100244279253957
-245.68999815324008	-8.610001846759928
-255.6899824735023	1.3899824735023003
-263.18999869191197	8.889998691911956
-253.19002726772618	-1.1099727322738318
-248.189978936954	-6.11002106304602
-258.18997102205543	3.88997102205542
-259.4399995935673	5.139999593567268
-249.43999186118	-4.860008138820007
-244.44002936879173	-9.859970631208284
-254.4399951674108	0.13999516741080242
-261.94003016881055	7.64003016881054
-251.9400181310461	-2.3599818689539234
-246.93998648782002	-7.3600135121799894
-256.9399753166485	2.6399753166484743
-251.3100203268828	-2.9899796731172046
-261.31001643210635	7.01001643210634
-256.31000014208536	2.010000142085346
-246.30997973531208	-7.990020264687928
-253.80996758026828	-0.49003241973173317
-263.8100068915506	9.510006891550574
-258.80998598810567	4.5099859881056545
-248.80997798879122	-5.490022011208794
-250.0599771161547	-4.240022883845313
-260.06000900737723	5.760009007377221
-255.06000703559636	0.7600070355963453
-245.0600294208512	-9.239970579148803
-252.5600067737201	-1.7399932262799211
-262.56000870587974	8.260008705879727
-257.5600303960296	3.260030396029606
-247.5600305033973	-6.7399694966027255
-255.99998761990173	1.6999876199017194
-245.99999835243943	-8.300001647560578
-250.99997262215766	-3.300027377842355
-260.9999838693111	6.699983869311097
-258.49997835183603	4.199978351836023
-248.49997587263715	-5.80002412736286
-253.49997678079308	-0.8000232192069348
-263.5000313588207	9.200031358820695
-254.7499874810528	0.4499874810528013
-244.75000103748243	-9.549998962517577
-249.75002982784827	-4.549970172151745
-259.7500127219282	5.4500127219282035
-257.2499675774343	2.949967577434279
-247.25000053684835	-7.049999463151664
-252.24999148443203	-2.0500085155679812
-262.25000098547844	7.950000985478425
-246.62000128698503	-7.679998713014982
-256.61998856061575	2.319988560615741
-261.62000165617167	7.320001656171655
-251.61999672181548	-2.680003278184529
-249.12001937634807	-5.179980623651943
-259.1199799723664	4.819979972366411
-264.12003280418605	9.820032804186042
-254.1200207014673	-0.17997929853271444
-245.36996873449482	-8.930031265505193
-255.3700203036907	1.0700203036906828
-260.3699911500563	6.069991150056296
-250.36999895894917	-3.9300010410508435
-247.8699921826966	-6.430007817303419
-257.87001636772686	3.5700163677268506
-262.8699770989525	8.569977098952506
-252.86999064309396	-1.430009356906055
-259.3599977388616	5.0599977388615685
-249.35998541649985	-4.940014583500158
-244.3599989002081	-9.940001099791914
-254.35996885113798	0.059968851137966794
-261.85997090218314	7.5599709021831245
-251.8600079129859	-2.4399920870141045
-246.8599834455739	-7.4400165544261085
-256.8600071572504	2.560007157250368
-260.60997698837616	6.30997698837615
-250.6100036030433	-3.689996396956701
-245.61000875853767	-8.689991241462337
-255.6100274971826	1.3100274971826025
-263.10999869834575	8.809998698345737
-253.10999856161231	-1.1900014383876965
-248.11001886089014	-6.189981139109875
-258.10996750231004	3.8099675023100303
-249.9800023853627	-4.319997614637316
-259.979999981761	5.679999981761
-254.98000633924357	0.6800063392435618
-244.97999842059335	-9.320001579406664
-252.47999217011284	-1.8200078298871745
-262.4799741599131	8.179974159913115
-257.4799894432658	3.1799894432658107
-247.4799741270367	-6.820025872963299
-251.23000227168131	-3.0699977283186968
-261.23002238366144	6.930022383661424
-256.23000279596863	1.930002795968619
-246.22996970861504	-8.070030291384967
-253.73000724397616	-0.5699927560238507
-263.73000174517165	9.430001745171637
-258.73001634005095	4.4300163400509405
-248.73002652747937	-5.569973472520644
-254.6699830782581	0.3699830782580875
-244.67001690006686	-9.629983099933156
-249.66997993855506	-4.630020061444952
-259.6699788530586	5.369978853058569
-257.1700001118442	2.870000111844206
-247.17002310454308	-7.1299768954569345
-252.1696993419045	-2.130300658095507
-262.1699714287858	7.869971428785789
-255.91999749266137	1.619997492661355
-245.91998114668417	-8.380018853315846
-250.9199885914549	-3.3800114085451014
-260.9199688707758	6.619968870775779
-258.4200046106434	4.120004610643377
-248.4199968309103	-5.8800031690897185
-253.41997720360263	-0.8800227963973839
-263.4200107848755	9.12001078487549
-245.30001824678112	-8.99998175321889
-255.30000634082973	1.0000063408297137
-260.3000080520258	6.000008052025805
-250.29997047896615	-4.000029521033866
-247.79999544735034	-6.500004552649671
-257.8000025082627	3.500002508262696
-262.8000016489248	8.500001648924808
-252.8000016382219	-1.4999983617781254
-246.54999187330833	-7.750008126691682
-256.5499799647776	2.2499799647775944
-261.5499814664261	7.249981466426107
-251.55002371660595	-2.749976283394062
-249.0499975963765	-5.250002403623512
-259.0500112691687	4.750011269168681
-264.0500000498799	9.750000049879873
-254.0499999302918	-0.2500000697082214
-257.3300011921834	3.030001192183363
-247.33000007465134	-6.969999925348674
-252.3299855936476	-1.9700144063524192
-262.3299978042556	8.029997804255572
-254.8299979321483	0.5299979321482908
-244.83000055385773	-9.469999446142282
-249.8299772320025	-4.470022767997506
-259.82997336154045	5.529973361540442
-258.5799706033304	4.279970603330412
-248.57999787343405	-5.720002126565959
-253.5800055198434	-0.7199944801566005
-263.5800318321092	9.280031832109216
-256.080023502771	1.7800235027709732
-246.07996831511454	-8.22003168488547
-251.0799986506009	-3.220001349399098
-261.0799995978178	6.779999597817778
-247.94999836775398	-6.350001632246034
-257.95000224450376	3.650002244503753
-262.9499989161547	8.649998916154686
-252.9499683444985	-1.3500316555015104
-245.44999656697766	-8.850003433022351
-255.45002880937366	1.1500288093736515
-260.4499763251628	6.149976325162811
-250.4499716645034	-3.850028335496603
-249.20002323812443	-5.099976761875581
-259.19997450226145	4.899974502261443
-264.2000317724032	9.900031772403167
-254.19999024691353	-0.10000975308648208
-246.69997070936253	-7.60002929063748
-256.69997207004707	2.399972070047056
-261.69997860152506	7.399978601525049
-251.69999735446092	-2.6000026455390923
-262.01001826199877	7.710018261998755
-252.00999436765758	-2.290005632342428
-247.00997944925237	-7.290020550747641
-257.010002421888	2.710002421887964
-259.51001266379376	5.210012663793748
-249.51000653535974	-4.7899934646402755
-244.5100063448497	-9.789993655150312
-254.51000057831132	0.21000057831130903
-263.25997693334443	8.959976933344421
-253.25997166898813	-1.0400283310118823
-248.26022483638897	-6.03977516361104
-258.26015968247316	3.9601596824731473
-260.76002354468596	6.460023544685953
-250.75997878419528	-3.540021215804728
-245.7599785722612	-8.540021427738822
-255.76000262311734	1.460002623117333
-252.64002662567205	-1.6599733743279614
-262.6400020814914	8.340002081491377
-257.640001871409	3.340001871409015
-247.63999691290215	-6.660003087097863
-250.1399942000086	-4.16000579999141
-260.1399737202961	5.839973720296086
-255.13996989576995	0.83996989576994
-245.14002536989634	-9.159974630103676
-253.89002448296438	-0.4099755170356332
-263.88997493515365	9.589974935153634
-258.8900056592954	4.5900056592954
-248.88998390924885	-5.4100160907511565
-251.3899693765458	-2.910030623454219
-261.38999053455393	7.08999053455392
-256.39002349157147	2.0900234915714577
-246.39000231618107	-7.909997683818943
-249.31997504968635	-4.980024950313663
-259.31997175162934	5.019971751629328
-254.32000254180124	0.020002541801233065
-244.31999682016826	-9.980003179831755
-251.81997213186727	-2.480027868132737
-261.81998561096253	7.519985610962522
-256.82002456961374	2.5200245696137245
-246.82002007851074	-7.479979921489274
-250.5699678703498	-3.7300321296501977
-260.5699762613097	6.269976261309694
-255.57001562247783	1.270015622477814
-245.56998858374604	-8.730011416253973
-253.0700065573719	-1.229993442628114
-263.070019935047	8.770019935047003
-258.06998361882535	3.7699836188253357
-248.0700299512176	-6.2299700487824055
-259.93999475191725	5.639994751917243
-249.93999001218384	-4.36000998781617
-244.93999935030064	-9.360000649699373
-254.93997027844802	0.6399702784480041
-262.44000320261097	8.140003202610956
-252.4400008605848	-1.8599991394152084
-247.44000717062903	-6.859992829370981
-257.44002025697176	3.140020256971752
-261.1900204116368	6.890020411636783
-251.18997593649823	-3.1100240635017826
-246.18998414859328	-8.110015851406729
-256.1899901553165	1.8899901553164682
-263.69000163453205	9.390001634532041
-253.69002180639058	-0.609978193609436
-248.69002840217348	-5.609971597826529
-258.68999999658575	4.389999996585743
-244.63000313805688	-9.669996861943133
-254.62997002816056	0.3299700281605453
-259.6300158351977	5.330015835197685
-249.630017802151	-4.669982197849009
-247.13002797831987	-7.169972021680138
-257.1299875603353	2.829987560335269
-262.13000269185363	7.830002691853622
-252.12998956043785	-2.170010439562162
-245.88000070857507	-8.419999291424944
-255.88000368469048	1.5800036846904675
-260.8799767046138	6.5799767046137845
-250.88002743841471	-3.419972561585297
-248.3800196290239	-5.919980370976106
-258.3799708734549	4.079970873454897
-263.37997869022263	9.079978690222617
-253.37999789838787	-0.9200021016121411
-255.25997257503312	0.9599725750331061
-245.25999164305702	-9.040008356942991
-250.26000850159633	-4.03999149840368
-260.2600284676862	5.960028467686186
-257.75999577922425	3.4599957792242435
-247.75997745138537	-6.540022548614644
-252.7600063792468	-1.539993620753222
-262.7600004338781	8.460000433878065
-256.5099927234703	2.209992723470293
-246.5100018646206	-7.78999813537942
-251.5099695588922	-2.7900304411078025
-261.51002563612724	7.210025636127227
-259.01002422911347	4.710024229113458
-249.0099852617657	-5.290014738234305
-254.00998111775496	-0.29001888224505024
-264.00998324359875	9.709983243598742
-247.28998075215264	-7.010019247847367
-257.2899724960908	2.989972496090786
-262.29000421873485	7.990004218734839
-252.29000020856898	-2.009999791431028
-244.79001554385383	-9.509984456146185
-254.7899738820807	0.48997388208067605
-259.78997882393656	5.4899788239365535
-249.79003220311557	-4.509967796884439
-248.53999950918575	-5.760000490814264
-258.5400223740572	4.240022374057162
-263.53998159605095	9.239981596050939
-253.540008204981	-0.7599917950190047
-246.04002871935705	-8.259971280642958
-256.0400216862609	1.7400216862608886
-261.0399883617329	6.739988361732912
-251.0400175272253	-3.259982472774709
-257.9099921506758	3.6099921506757937
-247.91000024889053	-6.389999751109485
-252.90996714058218	-1.390032859417829
-262.9102875718201	8.610287571820095
-255.4100249723926	1.11002497239258
-245.40998154807693	-8.890018451923083
-250.4099998532294	-3.8900001467706034
-260.40998551026956	6.109985510269553
-259.15997008944777	4.859970089447756
-249.1599703616086	-5.140029638391411
-254.16001193238134	-0.139988067618674
-264.1600215654009	9.86002156540087
-256.66002225365463	2.36002225365462
-246.6599891051339	-7.640010894866123
-251.66003175045955	-2.639968249540459
-261.6599835226827	7.359983522682683
-251.97999966833277	-2.320000331667245
-261.98000896756685	7.680008967566835
-256.98002756434107	2.68002756434106
-246.98000783377438	-7.3199921662256315
-249.48000045033086	-4.819999549669149
-259.4799967912072	5.179996791207202
-254.48002659048188	0.18002659048187297
-244.4799708422829	-9.820029157717101
-253.23000004276082	-1.0699999572391903
-263.23001905141473	8.930019051414718
-258.2300035317353	3.930003531735281
-248.22997266419986	-6.070027335800148
-250.72980676165434	-3.5701932383456665
-260.7299782900777	6.429978290077713
-255.73000256185378	1.4300025618537688
-245.73000290052232	-8.569997099477689
-262.6000306046641	8.300030604664073
-252.59996946518515	-1.7000305348148572
-247.6000230608421	-6.699976939157921
-257.6000084675276	3.3000084675275616
-260.09999384962214	5.799993849622126
-250.10001860652335	-4.199981393476662
-245.10001574742057	-9.19998425257944
-255.10003080763784	0.8000308076378246
-263.85000976844606	9.550009768446046
-253.8500012996716	-0.4499987003284218
-248.84999760695393	-5.450002393046077
-258.8499992202775	4.549999220277471
-261.3499948249988	7.049994824998805
-251.34999989455684	-2.9500001054431664
-246.34998893373597	-7.9500110662640395
-256.3499854331677	2.0499854331677057
-248.61998389520807	-5.680016104791946
-258.619997756413	4.319997756412988
-263.62001253555457	9.320012535554554
-253.62002047852104	-0.6799795214789697
-246.11997630987491	-8.180023690125097
-256.1200105730733	1.8200105730732616
-261.1199921489616	6.819992148961603
-251.12000061050196	-3.1799993894980503
-247.37003141305206	-6.92996858694795
-257.3700323776221	3.0700323776221126
-262.3700104956416	8.070010495641611
-252.36999546309846	-1.9300045369015493
-244.8700001936587	-9.4299998063413
-254.8699976925392	0.5699976925391752
-259.8700080316022	5.570008031602185
-249.8700218660316	-4.429978133968405
-259.2400309443203	4.940030944320313
-249.2399712564595	-5.060028743540499
-254.2400254883853	-0.0599745116147119
-264.2399844643171	9.939984464317092
-256.74000812755025	2.440008127550243
-246.73997552831338	-7.560024471686631
-251.74003269248556	-2.559967307514455
-261.7400294872807	7.440029487280697
-257.98999783052955	3.689997830529535
-247.9900106928128	-6.309989307187209
-252.99002913425704	-1.3099708657429687
-262.9900045054658	8.690004505465765
-255.48999906831727	1.1899990683172632
-245.48998253676677	-8.810017463233237
-250.48999379169823	-3.810006208301786
-260.489978880267	6.189978880267006
-253.30000371231	-0.9999962876900099
-263.29999946092386	8.999999460923846
-258.29997333669763	3.9999733366976216
-248.300001962213	-5.999998037787009
-250.80002482940182	-3.4999751705981907
-260.7999385924457	6.499938592445687
-255.79996816947352	1.4999681694735045
-245.8000021751821	-8.49999782481791
-252.04997410060315	-2.25002589939686
-262.0499941142087	7.7499941142086755
-257.0499683037095	2.7499683037094655
-247.05000761584625	-7.249992384153757
-249.54997019442527	-4.750029805574741
-259.54998978904115	5.2499897890411376
-254.55003175987514	0.25003175987512805
-244.55000570358226	-9.749994296417754
-263.9300269563534	9.63002695635339
-253.93001061334115	-0.36998938665885817
-248.92996868308882	-5.370031316911195
-258.929999742171	4.62999974217098
-261.42999910328916	7.129999103289151
-251.42998290955774	-2.870017090442275
-246.43000216481613	-7.869997835183881
-256.42981259240304	2.1298125924030273
-262.67997664484295	8.379976644842941
-252.67998052004958	-1.6200194799504288
-247.68001736590276	-6.619982634097255
-257.6799762602529	3.3799762602528745
-260.17999754755846	5.879997547558446
-250.1800007832514	-4.119999216748624
-245.18001166429502	-9.119988335704988
-255.17999860816752	0.8799986081675115
-250.64998258717824	-3.650017412821768
-260.6499981073088	6.3499981073088065
-255.649991883451	1.349991883450997
-245.6500000940454	-8.649999905954616
-253.1500279582855	-1.1499720417145056
-263.1500150360393	8.85001503603928
-258.15001557759246	3.850015577592444
-248.15000313572492	-6.149996864275096
-249.39999563767051	-4.900004362329497
-259.400027703848	5.1000277038480135
-254.4000069679154	0.10000696791539099
-244.40002935501835	-9.899970644981664
-251.89998210268496	-2.4000178973150526
-261.9000029250041	7.600002925004105
-256.90002238050755	2.6000223805075393
-246.89998864364898	-7.40001135635103
-261.2699719474145	6.969971947414479
-251.26999937820122	-3.0300006217987914
-246.26999717681704	-8.030002823182969
-256.2699782863306	1.9699782863306154
-263.76998445014357	9.469984450143556
-253.7699942013892	-0.5300057986108015
-248.77000207954873	-5.5299979204512795
-258.7700127596177	4.470012759617703
-260.0199937770688	5.719993777068794
-250.01999472845503	-4.2800052715449795
-245.01999710582234	-9.28000289417767
-255.02000179793734	0.7200017979373285
-262.5199944114152	8.2199944114152
-252.52001577028526	-1.7799842297147563
-247.52000289701712	-6.77999710298289
-257.5199967315421	3.2199967315420963
-245.96003008249042	-8.339969917509592
-255.96000503925185	1.6600050392518426
-260.95997082218037	6.659970822180355
-250.95997829080895	-3.3400217091910633
-248.45999677443703	-5.840003225562981
-258.46002446035436	4.16002446035435
-263.45999867404043	9.159998674040423
-253.46002295883315	-0.8399770411668612
-244.7100060179184	-9.589993982081609
-254.71000068531245	0.4100006853124398
-259.71000284848196	5.410002848481952
-249.71003205846952	-4.589967941530489
-247.20996727423423	-7.090032725765781
-257.20999893712997	2.9099989371299557
-262.2099900137591	7.9099900137591135
-252.20998297947375	-2.090017020526261
-256.58998251554283	2.2899825155428175
-246.59003170769196	-7.709968292308048
-251.58996766573532	-2.710032334264696
-261.58999362193924	7.289993621939232
-259.08997783063376	4.789977830633745
-249.09000541942063	-5.209994580579377
-254.08998772435356	-0.21001227564644864
-264.0899843095211	9.789984309521117
-255.33999010219472	1.0399901021947073
-245.34001965946285	-8.959980340537157
-250.33999473715252	-3.9600052628474884
-260.3399992477679	6.039999247767867
-257.8400263144284	3.5400263144284168
-247.84001968524157	-6.45998031475844
-252.83996756530937	-1.4600324346906461
-262.84000588869446	8.540005888694452
-261.1500202340307	6.850020234030694
-251.15000012691817	-3.149999873081839
-246.14992307183857	-8.15007692816144
-256.1500010982149	1.8500010982148751
-263.65001824104405	9.35001824104404
-253.65002483044591	-0.6499751695540965
-248.64999778356324	-5.650002216436775
-258.6499997649975	4.349999764997506
-259.8999942589821	5.599994258982065
-249.90003274870324	-4.399967251296772
-244.8999805303305	-9.400019469669502
-254.89999137676787	0.5999913767678606
-262.40002142483576	8.100021424835745
-252.39998680558566	-1.9000131944143561
-247.39996973905946	-6.900030260940554
-257.3999977898042	3.099997789804206
-251.76998303107715	-2.5300169689228653
-261.7700028324139	7.470002832413911
-256.7699818425131	2.469981842513107
-246.76996865621507	-7.530031343784941
-254.2699720586509	-0.030027941349118237
-264.26998147585033	9.969981475850318
-259.2699987303982	4.969998730398174
-249.26999777374525	-5.030002226254766
-250.5200026487269	-3.779997351273124
-260.5199759667401	6.219975966740094
-255.52002274183408	1.2200227418340717
-245.52000152107897	-8.779998478921044
-253.019997634146	-1.280002365854017
-263.0200231705126	8.720023170512604
-258.0199921021063	3.719992102106289
-248.01996791286322	-6.280032087136789
-255.83001974078624	1.53001974078623
-245.83001215459043	-8.469987845409577
-250.83001963831165	-3.469980361688357
-260.82997373810036	6.529973738100352
-258.33002412104366	4.0300241210436525
-248.32999832924915	-5.970001670750861
-253.32999723208022	-0.9700027679197945
-263.3299999766787	9.02999997667871
-254.57999412910985	0.2799941291098378
-244.57999710710837	-9.720002892891642
-249.58001549772789	-4.719984502272126
-259.5799825914565	5.2799825914564735
-257.08001461144346	2.7800146114434483
-247.0800001853223	-7.2199998146777205
-252.0799991437144	-2.2200008562856226
-262.0800113898964	7.780011389896401
-246.46002424657578	-7.839975753424227
-256.4599794512915	2.1599794512914627
-261.45999926892637	7.159999268926356
-251.46002535902605	-2.8399746409739635
-248.9599973888871	-5.340002611112908
-258.96002378541107	4.660023785411056
-263.9600011495331	9.660001149533116
-253.959983623311	-0.3400163766890216
-245.20997060912575	-9.090029390874264
-255.21000245491174	0.9100024549117336
-260.21000315123	5.910003151230001
-250.20998507611964	-4.090014923880375
-247.71000875715706	-6.589991242842956
-257.70999551562	3.4099955156199826
-262.71000001913944	8.410000019139432
-252.71002621063687	-1.5899737893631425
-258.18000642406304	3.8800064240630263
-248.18000520518734	-6.119994794812669
-253.17999531555296	-1.1200046844470535
-263.17997062481635	8.879970624816337
-255.68002908087482	1.380029080874806
-245.68000121368613	-8.619998786313886
-250.67998229392077	-3.6200177060792385
-260.68002134002444	6.3800213400244274
-256.9300000768396	2.630000076839565
-246.92998906369002	-7.3700109363099955
-251.93001986638382	-2.3699801336161954
-261.9300040319792	7.630004031979183
-254.43000495053246	0.1300049505324523
-244.42997700663153	-9.87002299336848
-249.43001633899593	-4.869983661004085
-259.4299685715302	5.129968571530185
-248.79999573433798	-5.500004265662028
-258.7999758106242	4.499975810624164
-263.79999943818194	9.49999943818193
-253.79999022582416	-0.5000097741758509
-246.2999822385762	-8.000017761423805
-256.3000024093888	2.0000024093887987
-261.30001857160534	7.000018571605324
-251.30001340014934	-2.999986599850672
-247.55000603116497	-6.749993968835042
-257.54998665968816	3.2499866596881475
-262.55003237241255	8.250032372412534
-252.5499830518309	-1.7500169481691046
-245.04997793284366	-9.250022067156351
-255.04998667721594	0.7499866772159294
-260.05003013711104	5.750030137111025
-250.04997302624935	-4.250026973750664
-263.4899870125753	9.189987012575273
-253.48999706352902	-0.810002936470994
-248.49000167992313	-5.809998320076886
-258.49000071223986	4.190000712239851
-260.9899803523351	6.6899803523351125
-250.99002716703603	-3.309972832963979
-245.98999642476906	-8.310003575230951
-255.98999899947762	1.6899989994776092
-262.2399950236088	7.9399950236087875
-252.24001726646406	-2.0599827335359464
-247.23999857974036	-7.060001420259653
-257.2400014033385	2.940001403338499
-259.7399824153165	5.439982415316479
-249.74001358585724	-4.55998641414277
-244.74000087744867	-9.559999122551346
-254.74000536914377	0.440005369143762
-254.11001891447393	-0.18998108552608528
-264.1100028184841	9.810002818484065
-259.1100011843886	4.810001184388568
-249.11000521968106	-5.189994780318955
-251.60997189369607	-2.6900281063039415
-261.60999995701184	7.309999957011826
-256.6099817781936	2.3099817781936167
-246.6099909194794	-7.6900090805206105
-252.86002741323261	-1.4399725867673965
-262.8600173519984	8.560017351998397
-257.860015878024	3.5600158780239894
-247.86001460136447	-6.439985398635542
-250.3600015151527	-3.939998484847308
-260.3599794785108	6.059979478510797
-255.3600196187466	1.060019618746594
-245.36002293069885	-8.939977069301165
-256.84999960874086	2.5499996087408476
-246.85001114468434	-7.449988855315667
-251.85000424127395	-2.449995758726061
-261.8499793914467	7.549979391446698
-254.3499845012244	0.0499845012244009
-244.34997686607096	-9.95002313392905
-249.34997258011174	-4.950027419888272
-259.34999884890533	5.049998848905318
-258.0999690916648	3.7999690916647637
-248.0999999055981	-6.200000094401901
-253.10000555853696	-1.1999944414630477
-263.1000324101784	8.800032410178403
-255.59997254874327	1.2999725487432556
-245.5999800663318	-8.700019933668216
-250.60002249180764	-3.699977508192376
-260.59998141305334	6.299981413053331
-247.46999031933657	-6.830009680663437
-257.4700181401538	3.170018140153786
-262.47000379322594	8.17000379322593
-252.47000013477074	-1.8299998652292686
-244.97001321491072	-9.32998678508929
-254.9699865421123	0.6699865421122979
-259.97000159383856	5.670001593838549
-249.9700034388213	-4.329996561178717
-248.72000622358493	-5.57999377641508
-258.7199705890296	4.41997058902956
-263.72000252458724	9.420002524587233
-253.7200261975856	-0.5799738024144006
-246.21999681937152	-8.080003180628495
-256.2199974201437	1.9199974201437158
-261.22003119545366	6.920031195453646
-251.2200289824966	-3.079971017503425
-262.16000572816193	7.860005728161923
-252.15999046714677	-2.1400095328532416
-247.15999693640714	-7.1400030635928715
-257.1600078854355	2.8600078854354933
-259.65998724914624	5.359987249146229
-249.65997373920635	-4.640026260793661
-244.66000866686608	-9.639991333133935
-254.6599989473945	0.35999894739450156
-263.4100132568239	9.11001325682389
-253.40997200810324	-0.8900279918967726
-248.41000861533774	-5.889991384662267
-258.41002975397686	4.110029753976846
-260.91000018049834	6.610000180498332
-250.90999699601542	-3.3900030039845888
-245.9100313346391	-8.389968665360925
-255.90997568660185	1.6099756866018424
-252.79000809545965	-1.5099919045403567
-262.79000312217437	8.490003122174357
-257.79002194254196	3.4900219425419436
-247.7899723635665	-6.510027636433506
-250.28999836564532	-4.010001634354694
-260.2900038312501	5.990003831250078
-255.29000433853713	0.9900043385371191
-245.29002578486603	-9.00997421513398
-254.04000313324565	-0.2599968667543635
-264.04000520972755	9.740005209727542
-259.03999117747486	4.739991177474849
-249.03997151221398	-5.26002848778603
-251.53998098912024	-2.7600190108797733
-261.53996934814955	7.239969348149543
-256.5399799940488	2.239979994048781
-246.54001573489865	-7.759984265101366
-259.8199975422088	5.519997542208785
-249.8200309211828	-4.47996907881722
-244.81999072527137	-9.480009274728644
-254.82000680547966	0.5200068054796532
-262.3199769914066	8.019976991406566
-252.32000444404943	-1.9799955559505804
-247.3199979551667	-6.980002044833299
-257.32002160316034	3.0200216031603304
-261.0700037583668	6.770003758366784
-251.0700079759184	-3.2299920240816107
-246.07002644754388	-8.22997355245613
-256.07001792835155	1.7700179283515354
-263.5699987334195	9.26999873341947
-253.56998712149684	-0.7300128785031745
-248.5699928816251	-5.730007118374914
-258.5699998158464	4.269999815846404
-250.4399858206529	-3.860014179347104
-260.44000111579356	6.140001115793552
-255.43999896524969	1.1399989652496743
-245.4400296246144	-8.859970375385615
-252.94000377536935	-1.3599962246306632
-262.9399678745662	8.639967874566196
-257.9400291461838	3.6400291461837924
-247.93998587133154	-6.3600141286684675
-251.68999766996006	-2.610002330039947
-261.69001459127816	7.390014591278145
-256.6899999140018	2.3899999140018053
-246.69000073800674	-7.609999261993266
-254.18998354660238	-0.110016453397634
-264.1899952447106	9.889995244710576
-259.1900004560243	4.890000456024268
-249.18997338520128	-5.110026614798727
-254.509992830029	0.2099928300289946
-244.51000185183514	-9.78999814816487
-249.51001540006635	-4.7899845999336605
-259.5099852955734	5.209985295573404
-257.0100000315813	2.7100000315812736
-247.00999808577743	-7.290001914222586
-252.01001107496066	-2.289988925039353
-262.0100210795888	7.710021079588785
-255.76000027216267	1.4600002721626595
-245.75999898797798	-8.540001012022032
-250.7599762748885	-3.5400237251115243
-260.7600099591634	6.460009959163415
-258.2599752140502	3.959975214050189
-248.26000946405637	-6.0399905359436445
-253.26001622584752	-1.039983774152489
-263.2600114051836	8.960011405183593
-245.13000327848468	-9.169996721515332
-255.12996777520212	0.8299677752021068
-260.1299998531166	5.82999985311659
-250.13002272153508	-4.169977278464927
-247.62997604021703	-6.670023959782981
-257.63000609838025	3.330006098380238
-262.6300223556635	8.330022355663516
-252.63002889115788	-1.6699711088421338
-246.38000830666616	-7.919991693333856
-256.37999252839916	2.0799925283991456
-261.37999772062346	7.079997720623453
-251.38001359845194	-2.9199864015480728
-248.87999680288422	-5.42000319711579
-258.8799997413415	4.57999974134151
-263.8800150618689	9.580015061868892
-253.87997619751687	-0.4200238024831435
-246.81002984064486	-7.489970159355153
-256.8100289975826	2.5100289975825945
-261.80999693424616	7.509996934246146
-251.809996849554	-2.4900031504460003
-244.30997798207187	-9.99002201792814
-254.30997562010685	0.009975620106843053
-259.30998671491267	5.009986714912657
-249.31000107303277	-4.989998926967246
-248.0599967548638	-6.240003245136222
-258.0600192945772	3.760019294577205
-263.0600133855174	8.760013385517368
-253.0599997465511	-1.2400002534488976
-245.56000970439214	-8.739990295607868
-255.55999704081438	1.259997040814369
-260.55999433747326	6.259994337473245
-250.56000178146002	-3.739998218539995
-257.4300164966805	3.1300164966804687
-247.42999947936931	-6.870000520630697
-252.4299778378042	-1.8700221621958235
-262.42996714869486	8.129967148694845
-254.93000248437482	0.6300024843748133
-244.9299882550401	-9.370011744959925
-249.9299983997659	-4.3700016002341044
-259.9299979320819	5.629997932081892
-258.67999679024405	4.379996790244036
-248.67997298367817	-5.620027016321842
-253.68001791827527	-0.6199820817247428
-263.68000697108545	9.380006971085436
-256.180025219646	1.8800252196459724
-246.17998121159297	-8.120018788407037
-251.18002142160748	-3.1199785783925336
-261.18002238123853	6.880022381238518
-252.1200011984439	-2.17999880155611
-262.11999770565046	7.819997705650451
-257.12002035258513	2.820020352585118
-247.1199726338183	-7.180027366181719
-249.6199963131977	-4.6800036868023085
-259.62000517111585	5.320005171115838
-254.62001434856677	0.32001434856675814
-244.6200077816476	-9.679992218352425
-253.3700171776337	-0.9299828223662985
-263.3700029238836	9.070002923883578
-258.3700047079084	4.070004707908367
-248.3700171469219	-5.929982853078116
-250.87000299272324	-3.429997007276768
-260.8700246433556	6.570024643355566
-255.8699972727528	1.5699972727528007
-245.86999989906792	-8.43000010093209
-262.7499960693722	8.449996069372162
-252.74997857470225	-1.550021425297757
-247.75000047184585	-6.54999952815416
-257.7500275105667	3.450027510566713
-260.24999896945883	5.949998969458818
-250.25000012351302	-4.049999876486993
-245.24999937524262	-9.050000624757388
-255.24999313421722	0.949993134217209
-264.0000153462861	9.70001534628608
-253.99999302186188	-0.3000069781381285
-248.9999837489804	-5.300016251019599
-258.99999829017725	4.699998290177234
-261.50001041689393	7.200010416893917
-251.50000047173216	-2.799999528267847
-246.50002412650701	-7.799975873492997
-256.4999845232378	2.199984523237788
-249.77996883102722	-4.520031168972793
-259.7800203613545	5.480020361354491
-254.77997807670297	0.4799780767029631
-244.7799997698933	-9.520000230106717
-252.2799720631331	-2.02002793686691
-262.2800244062576	7.9800244062575985
-257.27999771272226	2.979997712722252
-247.2800151265158	-7.019984873484219
-251.02997360669295	-3.270026393307063
-261.0299977218613	6.729997721861309
-256.02999702687003	1.7299970268700235
-246.03002761488577	-8.269972385114244
-253.53000932263538	-0.7699906773646319
-263.52998159862665	9.229981598626637
-258.5299841488607	4.229984148860694
-248.53002671826223	-5.7699732817377765
-260.40002772039446	6.100027720394451
-250.4000001139597	-3.8999998860403196
-245.3999978529104	-8.900002147089623
-255.40000038289455	1.1000003828945353
-262.89999717404356	8.599997174043551
-252.90002992636656	-1.3999700736334546
-247.89996747120531	-6.400032528794696
-257.89998994483034	3.5999899448303267
-261.6499928489415	7.349992848941497
-251.64998243277515	-2.6500175672248645
-246.65000171825378	-7.649998281746235
-256.64999986778633	2.349999867786323
-264.1500161819626	9.850016181962587
-254.14999811989256	-0.1500018801074532
-249.14999978731103	-5.15000021268898
-259.1500131635116	4.850013163511562
-244.46990447441814	-9.830095525581868
-254.4700154691952	0.17001546919519228
-259.47000970425756	5.170009704257552
-249.469984319933	-4.830015680067021
-246.96999895909968	-7.330001040900328
-256.97012267145215	2.670122671452134
-261.96999997741545	7.6699999774154435
-251.9699970564777	-2.3300029435223166
-245.71999810859208	-8.580001891407932
-255.71999735518577	1.4199973551857568
-260.71999821471286	6.419998214712848
-250.71997473033727	-3.580025269662741
-248.22003141701018	-6.079968582989835
-258.21999773131915	3.9199977313191425
-263.2199917256228	8.919991725622765
-253.21997656801133	-1.0800234319886783
-255.08997842412086	0.7899784241208465
-245.08997471709503	-9.21002528290498
-250.0899781874867	-4.210021812513304
-260.08999491891143	5.789994918911418
-257.5899875866879	3.2899875866879142
-247.58999342252886	-6.710006577471148
-252.58998630316913	-1.7100136968308846
-262.5900317497343	8.290031749734283
-256.34000166163685	2.040001661636836
-246.33999204556662	-7.960007954433394
-251.33998954350304	-2.960010456496974
-261.34001544045884	7.040015440458831
-258.8399917777532	4.539991777753187
-248.83999417391337	-5.460005826086643
-253.83999746815002	-0.4600025318499945
-263.83997052919574	9.539970529195728
-251.10996926411406	-3.190030735885955
-261.10999182097964	6.809991820979633
-256.110000136748	1.8100001367479877
-246.11000151768565	-8.189998482314365
-253.61000064246525	-0.6899993575347594
-263.6099936040804	9.309993604080375
-258.6100248776305	4.310024877630497
-248.60999363347253	-5.690006366527484
-249.85997737849846	-4.440022621501555
-259.86000748470576	5.56000748470575
-254.8599879074203	0.5599879074202931
-244.8600070543829	-9.43999294561712
-252.36002634572594	-1.9399736542740698
-262.3600013753188	8.060001375318791
-257.36000483008627	3.060004830086257
-247.35997292443187	-6.940027075568139
-261.7300005315378	7.430000531537814
-251.73001920528247	-2.5699807947175373
-246.73002255329675	-7.569977446703263
-256.73000274483593	2.4300027448359174
-264.2299972404876	9.92999724048758
-254.22999733404185	-0.07000266595815674
-249.22997184672977	-5.070028153270243
-259.22999729378034	4.929997293780332
-260.48001200045246	6.18001200045245
-250.47999872667287	-3.8200012733271365
-245.47999835751807	-8.820001642481941
-255.48001506872652	1.1800150687265045
-262.9800002832112	8.6800002832112
-252.97998578592205	-1.3200142140779576
-247.98001338993754	-6.319986610062472
-257.9800311435215	3.6800311435214894
-245.7900030881056	-8.509996911894405
-255.7900249652658	1.4900249652657749
-260.78998029599103	6.489980295991018
-250.78998419946498	-3.5100158005350295
-248.28999751702855	-6.0100024829714584
-258.2900012969886	3.9900012969885665
-263.2900216081717	8.990021608171674
-253.2899978172582	-1.0100021827418004
-244.53998824864698	-9.760011751353034
-254.53998998153753	0.23998998153751927
-259.5399744517809	5.239974451780881
-249.5399788153	-4.760021184700008
-247.03997030350644	-7.260029696493575
-257.040001530997	2.740001530997006
-262.03997719035493	7.739977190354921
-252.04000026208547	-2.2599997379145407
-256.41997862333614	2.1199786233361237
-246.42001456650354	-7.879985433496472
-251.4200107267515	-2.8799892732484977
-261.42000255023635	7.120002550236336
-258.9199998528074	4.619999852807382
-248.9199833381653	-5.380016661834702
-253.91998988775953	-0.380010112240484
-263.91997831169914	9.619978311699128
-255.17002651258548	0.8700265125854685
-245.16999836310146	-9.130001636898555
-250.1700015615515	-4.129998438448524
-260.17000668442955	5.870006684429541
-257.67002686356494	3.370026863564931
-247.67003266678688	-6.629967333213131
-252.6700083353316	-1.6299916646684096
-262.6700193272572	8.370019327257182
-248.1399886053629	-6.16001139463711
-258.139999816373	3.8399998163729947
-263.1399753478769	8.839975347876873
-253.13999987383673	-1.1600001261632826
-245.63999436522013	-8.660005634779878
-255.64002238143135	1.3400223814313392
-260.6399957597797	6.339995759779697
-250.64002614908784	-3.6599738509121664
-246.8900235734806	-7.409976426519421
-256.8899777444318	2.589977744431792
-261.8900166455611	7.590016645561093
-251.890001655857	-2.4099983441430197
-244.39002802148084	-9.909971978519167
-254.39000722156985	0.09000722156983443
-259.38998203671747	5.089982036717458
-249.38999307530744	-4.910006924692567
-258.76000308613015	4.460003086130143
-248.75997040359087	-5.540029596409141
-253.76000040064062	-0.5399995993593905
-263.76002022263833	9.46002022263832
-256.2600114799768	1.9600114799767994
-246.25999290581038	-8.040007094189633
-251.26000082855072	-3.0399991714492955
-261.26000662202	6.960006622019989
-257.510023556684	3.210023556684007
-247.51000997977624	-6.789990020223769
-252.5099970394165	-1.7900029605835073
-262.51002055628464	8.210020556284633
-255.00999746558207	0.7099974655820631
-245.0100239571464	-9.289976042853624
-250.00999506671886	-4.290004933281153
-260.0099687658601	5.709968765860083
-253.44997346704915	-0.8500265329508636
-263.450000617556	9.150000617555975
-258.45002516606763	4.150025166067621
-248.449979902507	-5.850020097493001
-250.9499800827427	-3.350019917257299
-260.9499945554664	6.649994555466378
-255.9499975466417	1.6499975466416856
-245.94997863117462	-8.350021368825395
-252.20001252415224	-2.099987475847769
-262.2000100108227	7.900010010822712
-257.1999931981474	2.899993198147399
-247.19996738962	-7.100032610379998
-249.70001108893527	-4.599988911064742
-259.69997003745374	5.399970037453727
-254.7000267058713	0.40002670587128364
-244.69998054746176	-9.600019452538248
-264.07997419365375	9.779974193653743
-254.07997155089478	-0.22002844910522867
-249.07997782239735	-5.220022177602658
-259.0800005971533	4.7800005971532755
-261.5800316239982	7.280031623998184
-251.58001347310173	-2.719986526898282
-246.5800143829675	-7.719985617032506
-256.57997309821445	2.279973098214441
-262.82997088907183	8.52997088907182
-252.8300004591275	-1.4699995408725215
-247.82999902137462	-6.470000978625393
-257.83002414931076	3.530024149310748
-260.3300206840632	6.0300206840631745
-250.3300145420454	-3.969985457954607
-245.32997727583287	-8.970022724167137
-255.33003050266242	1.030030502662413
-251.8299896739828	-2.470010326017217
-261.8299894483335	7.529989448333481
-256.83000019592333	2.5300001959233214
-246.83000299294517	-7.469997007054843
-249.32997494892888	-4.970025051071133
-259.329972748672	5.02997274867198
-254.32997273853206	0.02997273853205229
-244.3299775929464	-9.97002240705362
-253.0799781131992	-1.2200218868008221
-263.0800001830749	8.78000018307489
-258.08000725807784	3.7800072580778306
-248.07996921667845	-6.220030783321562
-250.5799773024465	-3.720022697553503
-260.5799935394353	6.2799935394352815
-255.5799972210153	1.279997221015293
-245.58001655356574	-8.71998344643427
-262.44999196595853	8.14999196595852
-252.45002387015958	-1.849976129840428
-247.44996801217277	-6.850031987827236
-257.45001582906406	3.1500158290640456
-259.9499740138737	5.6499740138737025
-249.95000168860062	-4.349998311399389
-244.94999829313676	-9.350001706863253
-254.95000226419936	0.6500022641993439
-263.69999424831377	9.39999424831376
-253.70002087325267	-0.5999791267473427
-248.6999894991488	-5.600010500851198
-258.69996839076265	4.399968390762638
-261.2000012590826	6.9000012590826145
-251.19997429612997	-3.1000257038700454
-246.19999779085921	-8.100002209140797
-256.2000116727351	1.9000116727351042
-247.1400111710433	-7.159988828956699
-257.1400024062592	2.8400024062592024
-262.14000025527514	7.840000255275129
-252.139975320201	-2.1600246797990224
-244.64000557164977	-9.659994428350245
-254.63998618745305	0.3399861874530359
-259.6399762473362	5.33997624733621
-249.63998667899492	-4.660013321005096
-248.3899983521375	-5.910001647862515
-258.39000297424593	4.09000297424592
-263.38999005659264	9.089990056592626
-253.39002446411237	-0.9099755358876394
-245.89000083506895	-8.409999164931065
-255.8899703991125	1.5899703991125023
-260.889985882725	6.589985882724989
-250.889968199656	-3.410031800344001
-257.7699891951593	3.4699891951593145
-247.77000308893506	-6.529996911064956
-252.7699842891557	-1.5300157108443102
-262.7699732479337	8.469973247933694
-255.2699987166648	0.9699987166647759
-245.26996741630822	-9.030032583691792
-250.26997393770537	-4.030026062294638
-260.27000076173096	5.970000761730944
-259.01998927812343	4.719989278123421
-249.01999771027252	-5.280002289727491
-254.0200006061746	-0.2799993938254204
-264.02000184511377	9.720001845113757
-256.51999087585097	2.2199908758509537
-246.51998632734788	-7.780013672652132
-251.52000325598195	-2.7799967440180637
-261.51999248669705	7.219992486697038
-244.80000069273666	-9.499999307263352
-254.7999740041276	0.49997400412758
-259.80002188546933	5.500021885469323
-249.80000262295545	-4.499997377044565
-247.29999887610103	-7.000001123898983
-257.29999910444786	2.999999104447852
-262.2999969510918	7.999996951091816
-252.2999784812576	-2.0000215187424146
-246.05000558852117	-8.249994411478838
-256.05002851671526	1.750028516715247
-261.0500162139186	6.75001621391857
-251.04999985707838	-3.2500001429216354
-248.5499992262583	-5.750000773741704
-258.54997054810593	4.249970548105921
-263.5500184573928	9.250018457392798
-253.5500005963857	-0.7499994036143107
-255.42001294709365	1.1200129470936417
-245.41997449422337	-8.880025505776644
-250.4199695357001	-3.880030464299921
-260.4200014458683	6.120001445868297
-257.92001336858624	3.6200133685862284
-247.9199792471499	-6.3800207528501005
-252.9200014464895	-1.379998553510518
-262.9200186833604	8.6200186833604
-256.6700676917116	2.370067691711597
-246.66998603534915	-7.630013964650857
-251.6699913674583	-2.630008632541717
-261.6699998020321	7.369999802032112
-259.1700032051394	4.870003205139369
-249.1700021112719	-5.129997888728099
-254.17001527189024	-0.12998472810977546
-264.1700050196759	9.870005019675887
-249.49000729814748	-4.809992701852536
-259.48997918261944	5.189979182619425
-254.49000288427146	0.1900028842714505
-244.48998502663483	-9.810014973365185
-251.98999686034244	-2.3100031396575673
-261.98999975281026	7.689999752810252
-256.9899781275801	2.6899781275801047
-246.98999553314775	-7.310004466852263
-250.73997484507913	-3.5600251549208792
-260.7399919851998	6.439991985199811
-255.73996709254902	1.4399670925490113
-245.74001050967877	-8.559989490321243
-253.2400007360941	-1.0599992639059224
-263.2399978722244	8.93999787222441
-258.23999386853234	3.9399938685323264
-248.23999143783908	-6.060008562160931
-260.10996861561887	5.809968615618857
-250.10998522894567	-4.1900147710543365
-245.11000011072736	-9.189999889272656
-255.11000072236845	0.8100007223684429
-262.61001522305685	8.310015223056837
-252.6100023720495	-1.689997627950504
-247.60998754794798	-6.690012452052031
-257.60998806682926	3.3099880668292485
-261.3600225822951	7.060022582295062
-251.36000556400438	-2.9399944359956294
-246.35997377671026	-7.940026223289749
-256.3599992632993	2.0599992632992894
-263.86002742351354	9.560027423513532
-253.85996748240802	-0.44003251759198747
-248.8599846646606	-5.44001533533941
-258.85999893433416	4.559998934334146
-246.1300048901857	-8.169995109814323
-256.12998237624095	1.8299823762409346
-261.1299907935471	6.829990793547097
-251.13000056902084	-3.169999430979175
-248.6299932297774	-5.670006770222614
-258.6299785466207	4.32997854662068
-263.63001146936847	9.330011469368458
-253.62997168283155	-0.6700283171684589
-244.87999095783155	-9.42000904216846
-254.87999543700508	0.5799954370050671
-259.87998665902603	5.579986659026019
-249.8800022378754	-4.419997762124609
-247.3800039324066	-6.9199960675934165
-257.38000258128693	3.0800025812869194
-262.3799702762043	8.079970276204278
-252.37996804261175	-1.920031957388261
-256.7499988185127	2.449998818512711
-246.75002782642696	-7.549972173573053
-251.74996988806015	-2.5500301119398614
-261.7500285162532	7.450028516253212
-259.24999694187863	4.949996941878624
-249.25001795939534	-5.049982040604675
-254.2500113974745	-0.0499886025255023
-264.2500314693989	9.95003146939888
-255.49999896504596	1.1999989650459497
-245.4999870254942	-8.800012974505819
-250.49998455545574	-3.8000154445442718
-260.49997348609304	6.199973486093029
-258.00000001631633	3.7000000163163236
-247.9999709685435	-6.300029031456518
-253.00000362538412	-1.299996374615887
-263.000025422356	8.700025422355964
-250.81002378205352	-3.4899762179464915
-260.80997234188777	6.50997234188776
-255.80998215756205	1.5099821575620354
-245.81000195404573	-8.48999804595428
-253.3099979875629	-0.9900020124371167
-263.30999652130873	9.009996521308722
-258.30999789115464	4.009997891154626
-248.31000195082248	-5.9899980491775295
-249.56002117237819	-4.739978827621826
-259.55997063167393	5.259970631673923
-254.56002287080133	0.2600228708013219
-244.55998725000478	-9.74001274999523
-252.05997188210546	-2.2400281178945534
-262.0599703832873	7.759970383287282
-257.059993661615	2.759993661614999
-247.06001933767544	-7.2399806623245695
-261.4400032286207	7.140003228620685
-251.4399953260267	-2.8600046739733216
-246.44002150542786	-7.859978494572147
-256.4399754959556	2.139975495955582
-263.9399869052117	9.639986905211686
-253.9399808595021	-0.3600191404979114
-248.93997826866456	-5.360021731335451
-258.93999983737325	4.639999837373239
-260.190001213818	5.890001213817982
-250.1901358638401	-4.109864136159899
-245.1900175068617	-9.109982493138318
-255.1899915304288	0.8899915304288015
-262.6900221366208	8.390022136620814
-252.68977216255502	-1.6102278374449952
-247.6900002639972	-6.6099997360028055
-257.6900148255549	3.3900148255548856
-253.1599864126294	-1.1400135873706176
-263.1600288292786	8.860028829278576
-258.1600170852982	3.860017085298182
-248.16001630855334	-6.139983691446673
-250.6600182967324	-3.6399817032676083
-260.6599988659934	6.3599988659933615
-255.6600006797491	1.3600006797490778
-245.6600022529903	-8.639997747009716
-251.9099954550622	-2.390004544937824
-261.90998302145834	7.6099830214583335
-256.9101543597682	2.6101543597682166
-246.91000256139904	-7.389997438600972
-249.41000089623066	-4.889999103769355
-259.41000014761465	5.110000147614642
-254.41000453347482	0.11000453347480743
-244.41003079518504	-9.889969204814975
-263.7800210540275	9.480021054027475
-253.77997752203126	-0.5200224779687517
-248.7800206842633	-5.51997931573672
-258.77997557556347	4.479975575563458
-261.2800017518687	6.980001751868713
-251.27998645249434	-3.0200135475056697
-246.27998421515238	-8.02001578484763
-256.27997924292123	1.9799792429212175
-262.5300219430731	8.230021943073098
-252.53001376734508	-1.7699862326549294
-247.5300033250792	-6.7699966749208045
-257.5300026986418	3.2300026986417834
-260.03002017228874	5.730020172288732
-250.03001872211033	-4.269981277889684
-245.03001474719466	-9.269985252805355
-255.03001371238545	0.7300137123854427
-248.46997716307553	-5.830022836924485
-258.4700308102099	4.17003081020988
-263.4699748108021	9.169974810802103
-253.4700027964179	-0.8299972035821099
-245.97002954974843	-8.32997045025158
-255.96997675806662	1.6699767580666105
-260.97000082470436	6.670000824704346
-250.97000146842467	-3.3299985315753418
-247.2199976304598	-7.08000236954021
-257.21997416261615	2.9199741626161426
-262.2200030335432	7.920003033543196
-252.22000160645868	-2.079998393541331
-244.7199706385206	-9.580029361479404
-254.72001852934656	0.4200185293465495
-259.72002959786073	5.420029597860719
-249.72000156082387	-4.579998439176137
-259.09002724709705	4.7900272470970435
-249.08997788842848	-5.210022111571533
-254.0899827286631	-0.21001727133690906
-264.09002226248265	9.790022262482637
-256.58999227549054	2.2899922754905333
-246.5900109572684	-7.709989042731621
-251.58997751662886	-2.710022483371148
-261.59001842727764	7.29001842727763
-257.83999695039336	3.539996950393345
-247.83997078494926	-6.460029215050753
-252.83999919052653	-1.4600008094734847
-262.84003065889544	8.540030658895432
-255.3400037648897	1.0400037648896898
-245.339967143096	-8.960032856904007
-250.33997400195207	-3.9600259980479393
-260.3400230133992	6.040023013399207
-256.1699979962668	1.8699979962667612
-246.17002575804312	-8.129974241956887
-251.16997215492842	-3.130027845071595
-261.16999550810937	6.869995508109355
-258.66998870684796	4.369988706847948
-248.67003075604038	-5.629969243959636
-253.66997640147923	-0.6300235985207792
-263.67001210372285	9.370012103722843
-254.9200296606595	0.6200296606594975
-244.92000184716193	-9.379998152838084
-249.92001265081302	-4.37998734918699
-259.9199987819847	5.619998781984691
-257.4200280358496	3.1200280358496
-247.42000095476754	-6.879999045232466
-252.42002257675443	-1.8799774232455775
-262.42001039836936	8.120010398369345
-246.79001083324607	-7.50998916675394
-256.7900004757667	2.490000475766692
-261.7899676372718	7.489967637271775
-251.78999809974272	-2.5100019002572935
-249.29002514214795	-5.0099748578520575
-259.2900296569706	4.9900296569705915
-264.2900325747924	9.990032574792394
-254.28997439444817	-0.010025605551845729
-245.54000300261492	-8.759996997385088
-255.54003050477246	1.2400305047724487
-260.53999752718397	6.239997527183959
-250.54000740351609	-3.759992596483926
-248.04002094166395	-6.259979058336057
-258.03999972732805	3.7399997273280405
-263.0399910440929	8.739991044092903
-253.03998715301628	-1.2600128469837273
-260.8500147340834	6.5500147340833905
-250.84968869653824	-3.450311303461774
-245.8499682484195	-8.450031751580525
-255.84999035769	1.5499903576899783
-263.35000503892263	9.05000503892262
-253.35001879505967	-0.9499812049403431
-248.34999775026483	-5.950002249735178
-258.35003234177225	4.050032341772237
-259.5999731769567	5.299973176956712
-249.60000235795553	-4.69999764204448
-244.59999683637	-9.700003163630015
-254.59996935592392	0.2999693559239063
-262.09997839598657	7.799978395986557
-252.0999804633044	-2.2000195366956063
-247.09999982142438	-7.200000178575635
-257.099998657876	2.7999986578759604
-251.48001670967324	-2.8199832903267747
-261.4800098749297	7.180009874929681
-256.4800186457983	2.1800186457982704
-246.47999844851847	-7.820001551481539
-253.9800225121694	-0.31997748783061297
-263.9799968797372	9.679996879737189
-258.97999452535487	4.679994525354857
-248.9800010473432	-5.319998952656817
-250.23000168614317	-4.069998313856843
-260.2300026799353	5.930002679935285
-255.2300139439535	0.9300139439534973
-245.23000199595526	-9.069998004044749
-252.73002219137607	-1.5699778086239462
-262.73002972050426	8.430029720504251
-257.7299991019904	3.429999101990404
-247.72998981961837	-6.570010180381644
-263.2000003518562	8.900000351856193
-253.19998374501594	-1.1000162549840695
-248.19998046469047	-6.100019535309542
-258.19997166317916	3.8999716631791443
-260.699997891824	6.399997891824
-250.70000208908024	-3.599997910919768
-245.70000150362395	-8.59999849637606
-255.69997215519263	1.3999721551926143
-261.9499999274114	7.649999927411386
-251.95000570813065	-2.349994291869365
-246.94998214815425	-7.350017851845763
-256.9499788733621	2.6499788733621017
-259.4499973258814	5.1499973258813725
-249.4500019147683	-4.849998085231704
-244.4500178494047	-9.84998215059531
-254.4500177286129	0.15001772861288032
-253.82000252694692	-0.47999747305308915
-263.8200001645585	9.520000164558496
-258.82002130357824	4.520021303578233
-248.81997783676374	-5.480022163236271
-251.32002353149832	-2.9799764685016896
-261.32000090213324	7.0200009021332335
-256.3200166150494	2.0200166150493715
-246.31997190299475	-7.98002809700526
-252.57002405343187	-1.7299759465681461
-262.57029833184816	8.270298331848153
-257.570002971371	3.2700029713710137
-247.57000919110166	-6.72999080889835
-250.07000161503933	-4.22999838496068
-260.07000110400423	5.770001104004223
-255.0700226525399	0.7700226525398932
-245.07000192423888	-9.22999807576113
-258.50997105243164	4.2099710524316265
-248.50999783165005	-5.790002168349957
-253.5099917129062	-0.7900082870937979
-263.5099899432514	9.2099899432514
-256.01002111110006	1.7100211111000476
-246.00998099992628	-8.290019000073727
-251.01002046982265	-3.289979530177362
-261.0100324456305	6.710032445630475
-257.26000082584665	2.9600008258466346
-247.26002965611931	-7.039970343880697
-252.25998591403712	-2.040014085962895
-262.26000138908967	7.960001389089655
-254.75999934450172	0.45999934450171054
-244.75997154714221	-9.540028452857797
-249.7599807114191	-4.540019288580908
-259.7599998210569	5.459999821056897
-249.13000113255012	-5.169998867449891
-259.130010429085	4.830010429085007
-264.1299997880004	9.829999788000407
-254.1299766417459	-0.17002335825409887
-246.63000182663555	-7.669998173364462
-256.6300060950915	2.3300060950915054
-261.62999807211133	7.329998072111323
-251.6299990672741	-2.6700009327259124
-247.87999936012594	-6.420000639874075
-257.87998275403413	3.57998275403412
-262.8800177834445	8.580017783444475
-252.87997001307022	-1.4200299869297908
-245.37997049116794	-8.920029508832073
-255.37996713723524	1.0799671372352293
-260.3800121458361	6.080012145836065
-250.38001553462792	-3.919984465372096
-261.869983474052	7.5699834740519805
-251.87002069664698	-2.4299793033530364
-246.86999993382517	-7.430000066174841
-256.87002717111784	2.570027171117829
-259.3699973125159	5.069997312515909
-249.3700251380625	-4.929974861937524
-244.37002648121518	-9.929973518784834
-254.36997350421382	0.06997350421380588
-263.11999921235395	8.819999212353935
-253.1200172736327	-1.1799827263673137
-248.11996859030762	-6.18003140969239
-258.1199907316658	3.8199907316657686
-260.62001594821515	6.3200159482151435
-250.62000193150845	-3.6799980684915568
-245.62000148249638	-8.679998517503634
-255.619992101315	1.3199921013149947
-252.49000184184865	-1.809998158151359
-262.4900226946504	8.190022694650395
-257.4899954592131	3.189995459213094
-247.48999351241787	-6.810006487582143
-249.9900291613451	-4.30997083865492
-259.98998846374	5.689988463740008
-254.98999172680692	0.6899917268069089
-244.98996898959217	-9.31003101040784
-253.7400157366776	-0.5599842633224057
-263.7400281636312	9.440028163631212
-258.7400302745111	4.440030274511116
-248.7399990828128	-5.56000091718721
-251.2400151508939	-3.0599848491061152
-261.2400086573182	6.940008657318174
-256.2400023448938	1.9400023448937986
-246.2400105184446	-8.05998948155542
-257.1800248618744	2.8800248618744035
-247.18001043699013	-7.119989563009881
-252.17998294929174	-2.1200170507082703
-262.1800273780461	7.880027378046066
-254.6799937352768	0.37999373527679836
-244.67997845641338	-9.620021543586631
-249.68001957670612	-4.619980423293896
-259.6800186324978	5.3800186324978085
-258.430001204764	4.130001204763971
-248.43002855111598	-5.86997144888403
-253.4299819468976	-0.8700180531023989
-263.42997430956865	9.129974309568638
-255.93000911523967	1.630009115239659
-245.93000176314735	-8.369998236852666
-250.92999948690948	-3.370000513090531
-260.9300004876565	6.630000487656503
-247.8099897479247	-6.490010252075308
-257.80997326658377	3.5099732665837564
-262.80998707510895	8.509987075108938
-252.80996958980046	-1.4900304101995516
-245.30999452911288	-8.990005470887127
-255.3100001053195	1.0100001053194774
-260.3099689938759	6.009968993875873
-250.3099999389829	-3.990000061017099
-249.06002335007594	-5.239976649924074
-259.0599685414077	4.759968541407716
-264.06001924628305	9.760019246283036
-254.05999199508602	-0.24000800491398877
-246.5599949009134	-7.740005099086602
-256.56000006060054	2.2600000606005324
-261.5600141906057	7.260014190605716
-251.55998473655433	-2.7400152634456845
-254.8400027799215	0.5400027799214797
-244.8400034009354	-9.459996599064624
-249.83997394798197	-4.460026052018037
-259.83999921961356	5.539999219613549
-257.3400198885246	3.0400198885245686
-247.33999139145803	-6.960008608541983
-252.34001914432596	-1.959980855674047
-262.3399948105688	8.039994810568771
-256.08997454087137	1.7899745408713557
-246.0900221812952	-8.2099778187048
-251.09000687011925	-3.2099931298807576
-261.09002932965075	6.790029329650736
-258.58999712357934	4.289997123579326
-248.58999973703598	-5.71000026296403
-253.59000986650048	-0.7099901334995309
-263.5900107506785	9.290010750678505
-245.45998220600538	-8.840017793994633
-255.4599988472573	1.1599988472572988
-260.4600111672853	6.16001116728529
-250.46001806542424	-3.839981934575775
-247.96000357424234	-6.3399964257576755
-257.96000018578934	3.660000185789329
-262.9600295788787	8.660029578878664
-252.96001337286813	-1.3399866271318785
-246.70999698433204	-7.590003015667975
-256.7099995833196	2.409999583319575
-261.7100004831709	7.410000483170904
-251.70999835179552	-2.590001648204492
-249.2099806030828	-5.090019396917199
-259.20998570097527	4.909985700975255
-264.210019339459	9.910019339458984
-254.21001048042032	-0.0899895195796887
-259.5200018486717	5.2200018486717
-249.52000107660163	-4.779998923398381
-244.51999234184726	-9.780007658152755
-254.51998446457904	0.21998446457902787
-262.0200321057196	7.720032105719611
-252.0200030012043	-2.279996998795724
-247.02000146799176	-7.27999853200825
-257.0200163732621	2.7200163732620695
-260.76999975391806	6.469999753918046
-250.76997918229202	-3.5300208177079924
-245.76998522169336	-8.53001477830665
-255.77001315796545	1.4700131579654396
-263.27003066245703	8.97003066245702
-253.2700148118452	-1.029985188154825
-248.27001050777793	-6.029989492222086
-258.2699934167918	3.9699934167917945
-250.1499934554071	-4.150006544592912
-260.1499967877866	5.849996787786608
-255.14999512003342	0.8499951200334124
-245.1499714549449	-9.150028545055108
-252.64999684585783	-1.6500031541421833
-262.65002471900374	8.350024719003727
-257.6500134705988	3.3500134705988103
-247.64999939819464	-6.650000601805374
-251.40001874800365	-2.8999812519963655
-261.400023593384	7.10002359338398
-256.39997059845194	2.0999705984519323
-246.4000032817152	-7.899996718284825
-253.90000563326694	-0.3999943667330683
-263.8999856786417	9.599985678641701
-258.9000799713744	4.6000799713743845
-248.90000698090662	-5.399993019093387
-257.4099994154096	3.109999415409561
-247.4100103493476	-6.88998965065241
-252.41000693674886	-1.8899930632511541
-262.4099794770606	8.109979477060563
-254.90997671119857	0.6099767111985557
-244.90999772028152	-9.390002279718487
-249.90998412196876	-4.3900158780312495
-259.9099812781571	5.609981278157079
-258.6600302990302	4.3600302990302
-248.65997799254927	-5.640022007450739
-253.65996916963576	-0.6400308303642532
-263.65999784674585	9.359997846745841
-256.15999995978854	1.8599999597885244
-246.1600001906956	-8.139999809304413
-251.15999937045052	-3.1400006295494904
-261.1599723998772	6.859972399877165
-248.04000494257258	-6.259995057427432
-258.0400165779493	3.740016577949291
-263.04000165489475	8.74000165489474
-253.04001699733186	-1.2599830026681502
-245.53999718520487	-8.760002814795143
-255.54000166666043	1.2400016666604188
-260.5399936775712	6.239993677571192
-250.54002286559268	-3.759977134407336
-249.289980231607	-5.010019768393022
-259.2900319892788	4.990031989278805
-264.29002143643476	9.990021436434745
-254.29001398401948	-0.009986015980530283
-246.78999724773718	-7.510002752262835
-256.78999892846974	2.4899989284697313
-261.79000171402646	7.490001714026448
-251.78999939604734	-2.510000603952676
-262.09999199126435	7.799991991264335
-252.100001333141	-2.199998666859017
-247.1000065841232	-7.199993415876804
-257.100002094489	2.8000020944890025
-259.6000303065463	5.300030306546262
-249.60000776003346	-4.699992239966548
-244.60000632909725	-9.699993670902757
-254.59997200487635	0.2999720048763379
-263.349985613933	9.04998561393296
-253.34998768692606	-0.9500123130739553
-248.35000983593056	-5.9499901640694475
-258.34998975964993	4.049989759649918
-260.8500138285614	6.550013828561362
-250.84999832327196	-3.45000167672805
-245.8499889935025	-8.450011006497505
-255.85000123881912	1.5500012388191067
-252.71999334101085	-1.5800066589891628
-262.7200058841397	8.420005884139698
-257.72002636113643	3.420026361136422
-247.71998618606696	-6.58001381393305
-250.22000058597652	-4.07999941402349
-260.2199729952106	5.919972995210571
-255.22003251996532	0.9200325199653037
-245.21998699708885	-9.080013002911159
-253.97000097152633	-0.32999902847367935
-263.9699886458245	9.669988645824503
-258.9700000656346	4.670000065634611
-248.9699971513098	-5.330002848690214
-251.47003095934153	-2.829969040658483
-261.4699890632935	7.169989063293485
-256.4700258008759	2.1700258008758624
-246.47003156772163	-7.829968432278378
-259.4399816958225	5.139981695822485
-249.44000300808824	-4.859996991911771
-244.43997457381687	-9.860025426183142
-254.43999895729706	0.13999895729705258
-261.9400035716075	7.640003571607508
-251.94002391846192	-2.3599760815380932
-246.93996860988176	-7.360031390118252
-256.9399843303426	2.6399843303425996
-260.6899999554093	6.38999995540928
-250.68998313802643	-3.610016861973577
-245.68999865478457	-8.610001345215437
-255.68998550098098	1.3899855009809698
-263.1900023709872	8.89000237098719
-253.18996867281152	-1.1100313271884943
-248.19001801468136	-6.1099819853186546
-258.18999875436515	3.8899987543651378
-250.06996776531523	-4.230032234684785
-260.07000284140514	5.77000284140513
-255.06998864589	0.7699886458899812
-245.07000141028252	-9.229998589717496
-252.56998081764718	-1.7300191823528337
-262.5700065288477	8.270006528847716
-257.5700223408351	3.270022340835112
-247.56999553703312	-6.730004462966889
-251.3199840906021	-2.980015909397906
-261.31998674634843	7.0199867463484225
-256.3200167298385	2.0200167298385168
-246.3199900173207	-7.98000998267932
-253.8200158471885	-0.47998415281151097
-263.81998075115945	9.519980751159437
-258.8200316841033	4.520031684103287
-248.8199902331356	-5.480009766864413
-254.75002783426316	0.4500278342631532
-244.74999867568476	-9.550001324315247
-249.7499933861527	-4.550006613847302
-259.74999518178083	5.449995181780821
-257.24999024051795	2.949990240517934
-247.25002377440796	-7.049976225592047
-252.25000475179695	-2.049995248203061
-262.2500104739629	7.950010473962891
-256.0000002150646	1.7000002150645628
-245.9999676516345	-8.300032348365505
-250.9999998762578	-3.3000001237422225
-260.9999982551117	6.699998255111666
-258.5000048062964	4.200004806296363
-248.50002877358565	-5.799971226414357
-253.49999780394137	-0.8000021960586423
-263.499715986065	9.199715986064973
-245.3800165902675	-8.91998340973251
-255.38000602998082	1.080006029980808
-260.3799687281668	6.079968728166762
-250.38001109960956	-3.9199889003904502
-247.87999978507005	-6.420000214929956
-257.8800172990824	3.5800172990823853
-262.8799679502944	8.57996795029436
-252.88002459557802	-1.41997540442199
-246.62998044136012	-7.670019558639893
-256.62997187313783	2.329971873137822
-261.6299728556977	7.32997285569769
-251.6300016608574	-2.6699983391426088
-249.13000096535953	-5.169999034640483
-259.1300010919048	4.830001091904762
-264.1300074740965	9.830007474096476
-254.12999890470783	-0.17000109529217866
-260.61002564370517	6.31002564370516
-250.60999710799058	-3.6900028920094314
-245.60998704730252	-8.690012952697487
-255.6099986241419	1.3099986241418833
-263.1100129150067	8.810012915006666
-253.10998513879838	-1.1900148612016324
-248.1100002834495	-6.189999716550517
-258.1099983467842	3.809998346784198
-259.36000216200716	5.060002162007152
-249.3599836145471	-4.940016385452907
-244.35996805395132	-9.940031946048691
-254.35996901424312	0.05996901424310863
-261.86002443333507	7.560024433335059
-251.86001512005635	-2.4399848799436654
-246.85999941579655	-7.44000058420346
-256.86000121663835	2.560001216638341
-251.23997360503768	-3.0600263949623354
-261.2400055452292	6.940005545229212
-256.24000819615526	1.9400081961552473
-246.23997104083742	-8.060028959162594
-253.7399982309339	-0.5600017690661048
-263.74003018166263	9.440030181662621
-258.740016070062	4.440016070061972
-248.73998385389336	-5.560016146106648
-249.99000182204531	-4.3099981779546965
-259.9900132642672	5.690013264267179
-254.989970873454	0.6899708734540013
-244.99000003200058	-9.309999967999431
-252.48998757516006	-1.8100124248399538
-262.4900232417456	8.190023241745564
-257.4900254750776	3.1900254750775616
-247.49000162647303	-6.80999837352698
-255.9300065136701	1.6300065136700823
-245.9299907683705	-8.370009231629524
-250.92997039713345	-3.370029602866566
-260.92998038719423	6.629980387194223
-258.42998891864016	4.1299889186401515
-248.43002724472507	-5.869972755274944
-253.42997911725223	-0.8700208827477809
-263.4299748958144	9.129974895814371
-254.6800043387554	0.3800043387553842
-244.67999884599857	-9.620001154001443
-249.68001074994362	-4.619989250056392
-259.67999701113985	5.379997011139835
-257.17997450181036	2.879974501810352
-247.18002944121662	-7.119970558783393
-252.1799796709999	-2.1200203290001127
-262.1799877076807	7.879987707680698
-246.55002380596926	-7.749976194030751
-256.549999439935	2.2499994399349816
-261.54998313077596	7.249983130775945
-251.54997740202526	-2.7500225979747484
-249.04999577598647	-5.250004224013537
-259.05002126344976	4.750021263449753
-264.050013129109	9.750013129108993
-254.04996805743286	-0.2500319425671478
-245.29997110660372	-9.00002889339629
-255.30000178606753	1.0000017860675143
-260.3000016940758	6.000001694075763
-250.29997422152775	-4.0000257784722635
-247.7999989172102	-6.500001082789822
-257.79999794265933	3.49999794265932
-262.799980908131	8.499980908130965
-252.79997846945918	-1.5000215305408346
-258.58000115718374	4.280001157183733
-248.58001596555377	-5.719984034446242
-253.57999900089644	-0.7200009991035756
-263.5799988277377	9.2799988277377
-256.0800184916607	1.7800184916607122
-246.07997768335744	-8.22002231664257
-251.08000268059104	-3.219997319408975
-261.0800239850924	6.7800239850923845
-257.32997464901524	3.02997464901523
-247.3299936585082	-6.970006341491825
-252.33000996113705	-1.96999003886296
-262.3299939652771	8.029993965277072
-254.82998969507034	0.5299896950703271
-244.83001144901036	-9.469988550989655
-249.83000114001342	-4.469998859986589
-259.8299956633037	5.52999566330368
-249.21001069038263	-5.08998930961738
-259.2100022390723	4.910002239072298
-264.2100018906758	9.910001890675801
-254.20996920963168	-0.09003079036833128
-246.70999056257003	-7.590009437429984
-256.70997990184424	2.409979901844224
-261.71001687264743	7.410016872647418
-251.71002810254956	-2.5899718974504538
-247.96000994841322	-6.3399900515867955
-257.96000607142287	3.660006071422856
-262.95999890396433	8.659998903964322
-252.96000622234075	-1.3399937776592594
-245.4599757588248	-8.8400242411752
-255.46000215232831	1.1600021523283033
-260.46000190838276	6.160001908382753
-250.46000859847206	-3.8399914015279535
-263.2700301029068	8.970030102906776
-253.2700167330726	-1.0299832669274167
-248.2700001169974	-6.029999883002603
-258.27003194413334	3.970031944133325
-260.7700196145857	6.470019614585681
-250.76999556431795	-3.5300044356820592
-245.77001875057934	-8.529981249420672
-255.76999729725642	1.4699972972564126
-262.01997410607106	7.719974106071049
-252.019971353398	-2.2800286466020054
-247.02000051667122	-7.279999483328794
-257.02002569958887	2.7200256995888594
-259.51999981089244	5.219999810892432
-249.519993365258	-4.780006634742023
-244.5199933667789	-9.78000663322112
-254.52000261988408	0.22000261988407033
-253.8899997477371	-0.41000025226290404
-263.8900262825342	9.590026282534211
-258.89002629341906	4.590026293419044
-248.88996961458238	-5.4100303854176275
-251.39002440426034	-2.9099755957396667
-261.3899759232378	7.089975923237773
-256.39000295274775	2.0900029527477386
-246.3899805954358	-7.910019404564224
-252.63999238580496	-1.6600076141950524
-262.6400243172217	8.340024317221662
-257.6400141117416	3.3400141117415956
-247.64002258762835	-6.65997741237166
-250.1399995125254	-4.160000487474605
-260.1399772574447	5.839977257444673
-255.13997868950233	0.8399786895023169
-245.13997643785174	-9.160023562148268
-250.5699843960468	-3.7300156039532055
-260.57001750554656	6.270017505546548
-255.5699718493564	1.2699718493563807
-245.57000006489793	-8.729999935102086
-253.06999988086713	-1.2300001191328818
-263.0700095254727	8.770009525472688
-258.0699884935896	3.769988493589608
-248.06998533510918	-6.230014664890831
-249.31997086139413	-4.980029138605886
-259.31997660042765	5.01997660042764
-254.31997895125127	0.019978951251260924
-244.32002668247546	-9.979973317524554
-251.8199885681955	-2.4800114318045132
-261.81998560443907	7.519985604439057
-256.8199976528634	2.519997652863367
-246.82000809163887	-7.479991908361143
-261.2002654171694	6.9002654171694076
-251.1999738440638	-3.100026155936206
-246.20001510430959	-8.099984895690426
-256.19999914416	1.899999144160006
-263.7000093856324	9.400009385632416
-253.70002138621814	-0.5999786137818717
-248.69999372705135	-5.6000062729486615
-258.69997281187824	4.399972811878229
-259.95001805687497	5.650018056874956
-249.95001925549897	-4.349980744501039
-244.94996805349203	-9.350031946507983
-254.9499785894652	0.649978589465178
-262.4499977987645	8.149997798764502
-252.45001742535098	-1.849982574649033
-247.45001162192713	-6.849988378072879
-257.45000798389736	3.1500079838973534
-245.89001798291488	-8.409982017085127
-255.89000170910427	1.590001709104257
-260.8900278821026	6.590027882102561
-250.89001680127754	-3.409983198722472
-248.38999753407657	-5.910002465923441
-258.38999814933834	4.089998149338328
-263.3899997736886	9.08999977368859
-253.38999379427028	-0.9100062057297293
-244.6399989367516	-9.660001063248416
-254.6399908382306	0.33999083823059095
-259.6400018828732	5.340001882873196
-249.6400161996177	-4.659983800382321
-247.1400269713055	-7.159973028694509
-257.1400218929872	2.840021892987181
-262.1400030997653	7.840003099765283
-252.14001376365982	-2.1599862363401883
-256.5100037355676	2.210003735567568
-246.51001757882275	-7.789982421177257
-251.5099817752978	-2.7900182247022087
-261.5099810200925	7.209981020092471
-259.01000838362756	4.710008383627553
-249.0099973184895	-5.290002681510515
-254.0099670977559	-0.29003290224412126
-264.0099990979122	9.709999097912203
-255.25999854254022	0.9599985425402053
-245.25999981160774	-9.04000018839227
-250.2599987822148	-4.040001217785203
-260.2600071329341	5.960007132934095
-257.76000013549105	3.4600001354910432
-247.76002793390379	-6.539972066096226
-252.7599885030184	-1.5400114969816059
-262.75996901634585	8.459969016345838
-248.54001661938588	-5.7599833806141305
-258.5399681869231	4.239968186923079
-263.5399968804805	9.239996880480476
-253.53999726292665	-0.7600027370733642
-246.04002959410633	-8.259970405893682
-256.03999979030147	1.7399997903014537
-261.03997655957124	6.739976559571232
-251.0399906541016	-3.2600093458984247
-247.28997820415594	-7.010021795844068
-257.2899988988366	2.989998898836575
-262.2900001719177	7.9900001719177
-252.2900032365588	-2.0099967634412224
-244.78999813129036	-9.51000186870965
-254.79000962399283	0.4900096239928189
-259.7900081002072	5.490008100207206
-249.78999861871858	-4.510001381281427
-259.1699770267896	4.86997702678957
-249.17000184527154	-5.129998154728469
-254.17002725210835	-0.12997274789165658
-264.1699804471627	9.869980447162675
-256.6700184878445	2.3700184878445043
-246.66998721969497	-7.630012780305037
-251.66999679116174	-2.630003208838275
-261.67002891857004	7.3700289185700285
-257.9199975705314	3.619997570531382
-247.92003023240426	-6.379969767595753
-252.91996858180386	-1.380031418196154
-262.92000281667237	8.620002816672354
-255.41997581319623	1.1199758131962199
-245.42001524751134	-8.879984752488667
-250.4200122749225	-3.8799877250775126
-260.4200019021027	6.120001902102672
-253.23003002982995	-1.0699699701700638
-263.23001552157666	8.93001552157665
-258.23000331374396	3.9300033137439527
-248.22997213193275	-6.070027868067257
-250.72999945851416	-3.5700005414858538
-260.73000216719583	6.430002167195823
-255.73001185764997	1.4300118576499585
-245.72999907859457	-8.570000921405438
-251.97999745297466	-2.3200025470253536
-261.98000576322056	7.680005763220549
-256.98001859795613	2.6800185979561206
-246.97997058804367	-7.320029411956341
-249.48000190564244	-4.819998094357572
-259.48001103799334	5.180011037993324
-254.4800228443678	0.18002284436778382
-244.47999960113202	-9.82000039886799
-263.85999957034016	9.559999570340153
-253.86000825618555	-0.4399917438144598
-248.86001100925967	-5.439988990740346
-258.8600321225307	4.560032122530686
-261.36000070009993	7.06000070009992
-251.35997759688996	-2.9400224031100493
-246.36000007720702	-7.9399999227929925
-256.36001270076247	2.0600127007624565
-262.6099989646385	8.30999896463851
-252.6100135936971	-1.6899864063029213
-247.61000038977488	-6.689999610225129
-257.6099973280428	3.3099973280428117
-260.1099929458827	5.809992945882698
-250.11000648824063	-4.189993511759383
-245.1099913300926	-9.1900086699074
-255.10999924640907	0.8099992464090633
-247.37000514310523	-6.92999485689478
-257.3700071096729	3.070007109672872
-262.36999938140536	8.069999381405353
-252.36997193416857	-1.9300280658314364
-244.86998755301295	-9.430012446987064
-254.86999112884325	0.5699911288432418
-259.8699975273622	5.569997527362204
-249.87002769653293	-4.429972303467082
-248.62001676523244	-5.679983234767576
-258.6199699055243	4.31996990552426
-263.6199727109898	9.319972710989816
-253.6200087651788	-0.679991234821216
-246.11998558638254	-8.18001441361747
-256.12000251129587	1.8200025112958542
-261.1200017386319	6.820001738631902
-251.11999455922535	-3.1800054407746643
-257.9999963749451	3.6999963749451013
-247.99999739368377	-6.300002606316241
-252.99999916701927	-1.3000008329807429
-263.00000050253584	8.70000050253583
-255.50000737504888	1.2000073750488696
-245.50002121665966	-8.79997878334035
-250.49998950917507	-3.8000104908249455
-260.50002704959843	6.200027049598418
-259.2500268963886	4.950026896388579
-249.24997445948975	-5.050025540510262
-254.2499915137596	-0.050008486240415095
-264.2500087854278	9.95000878542777
-256.74998866493115	2.4499886649311406
-246.74997886960227	-7.550021130397738
-251.75001150641037	-2.5499884935896375
-261.7499984271053	7.4499984271052995
-252.0599983419766	-2.2400016580234023
-262.0599874019122	7.759987401912213
-257.06001748209616	2.7600174820961456
-247.06003012493107	-7.239969875068937
-249.5599981591909	-4.7400018408091
-259.56001169098323	5.2600116909832195
-254.5599745399564	0.25997453995637443
-244.56001611447442	-9.73998388552559
-253.31001528130815	-0.9899847186918578
-263.3100110103938	9.010011010393782
-258.30996981780714	4.009969817807132
-248.31001253805385	-5.989987461946157
-250.80997349651312	-3.490026503486888
-260.80998772363324	6.50998772363323
-255.81001671079736	1.5100167107973448
-245.8100272707607	-8.489972729239298
-262.679998451829	8.37999845182901
-252.68003277881593	-1.6199672211840834
-247.68000782355347	-6.619992176446544
-257.68000960105536	3.380009601055349
-260.1800030252759	5.880003025275869
-250.1799883729288	-4.1200116270712215
-245.1800009664127	-9.119999033587305
-255.18000283696318	0.8800028369631718
-263.9299990467345	9.629999046734497
-253.93000001517947	-0.369999984820538
-248.93002250617764	-5.369977493822375
-258.93002154648747	4.6300215464874555
-261.4299973942722	7.129997394272209
-251.4299990735687	-2.8700009264313167
-246.43002524046432	-7.869974759535694
-256.4300107137694	2.130010713769366
-249.4000265273411	-4.8999734726589
-259.3999969572346	5.099996957234566
-254.40001176743172	0.10001176743170959
-244.40001621787306	-9.899983782126952
