dH	delta_dH
-303.7400094991192	-4.959990500880792
-313.73992320260845	5.039923202608463
-298.7399951231255	-9.960004876874507
-308.7400980423356	0.04009804233561454
-299.9900099198792	-8.709990080120804
-309.9899409063562	1.2899409063562075
-304.98987061314097	-3.7101293868590233
-314.9898392553098	6.289839255309801
-312.48996891651245	3.789968916512464
-302.4901292138768	-6.20987078612319
-317.4899599723942	8.789959972394229
-307.4900948993511	-1.2099051006488821
-307.20004829389217	-1.4999517061078222
-317.1999324072851	8.499932407285087
-302.20002728534126	-6.499972714658725
-312.19993664854263	3.4999366485426435
-314.7000450501134	6.0000450501133855
-304.70001473441306	-3.999985265586929
-309.699791418908	0.9997914189079893
-299.6998789667734	-9.000121033226606
-310.9500725191712	2.2500725191712263
-300.95013613138343	-7.749863868616558
-315.9499697893627	7.249969789362694
-305.94995285778117	-2.7500471422188184
-303.45013224149096	-5.249867758509026
-313.45014456507323	4.750144565073242
-308.4499962822185	-0.2500037177815102
-318.44984383649097	9.749843836490982
-312.8198638199804	4.119863819980424
-302.8199889634528	-5.8800110365472165
-317.81976411741954	9.11976411741955
-307.82012456837333	-0.8798754316266582
-300.32020031014355	-8.37979968985644
-310.3200135832852	1.6200135832851856
-305.31992340427433	-3.3800765957256544
-315.31999530422064	6.619995304220652
-304.0700820617997	-4.629917938200265
-314.0700745472007	5.370074547200716
-299.0701057222398	-9.629894277760172
-309.0700640598082	0.37006405980821455
-316.57011898440425	7.870118984404257
-306.57011334619557	-2.1298866538044194
-311.5698430963442	2.869843096344198
-301.5699428696283	-7.130057130371711
-313.75994940954274	5.059949409542753
-303.7597411404761	-4.940258859523908
-308.7598986472128	0.05989864721283311
-298.75984533332826	-9.94015466667173
-306.26019224670995	-2.43980775329004
-316.2601691398611	7.560169139861102
-301.260118159076	-7.439881840923988
-311.2599344220687	2.559934422068693
-302.5099787707002	-6.190021229299816
-312.5098743736796	3.8098743736796337
-307.51020994184523	-1.189790058154756
-317.510130991968	8.810130991968038
-310.01010917015606	1.3101091701560676
-300.0101117702777	-8.689888229722271
-315.0100260325796	6.3100260325796285
-305.0101519137295	-3.6898480862705014
-300.6299812434762	-8.07001875652378
-310.62982025866484	1.9298202586648472
-305.62994511251134	-3.070054887488652
-315.6301244297871	6.930124429787099
-313.13005528690417	4.430055286904178
-303.1299619715163	-5.57003802848368
-318.1300007300259	9.430000730025938
-308.1300589686315	-0.5699410313685007
-316.87991309463257	8.179913094632582
-306.8797231483262	-1.820276851673782
-311.8801520420337	3.1801520420337397
-301.8799653176201	-6.820034682379912
-304.3798212704995	-4.320178729500469
-314.37993256278867	5.679932562788679
-299.3799624570646	-9.320037542935381
-309.3799112091191	0.6799112091190977
-316.0999442349981	7.399944234998088
-306.0998220613415	-2.600177938658476
-311.0999970951612	2.3999970951612113
-301.10001597701336	-7.599984022986632
-308.5999573510431	-0.10004264895690085
-318.6001389732242	9.900138973224216
-303.5999921027629	-5.100007897237106
-313.6000852049677	4.900085204967695
-302.35019118948213	-6.349808810517857
-312.349980770729	3.64998077072903
-307.3500157215181	-1.3499842784818838
-317.35019796485136	8.650197964851372
-309.8499170034516	1.1499170034516055
-299.8498699660791	-8.850130033920891
-314.8499644393774	6.149964439377413
-304.8499676082661	-3.850032391733862
-299.22993207980875	-9.47006792019124
-309.229980420147	0.5299804201470124
-304.22982023176786	-4.4701797682321285
-314.2300254456208	5.530025445620822
-311.7300200903741	3.030020090374137
-301.7298777854816	-6.970122214518369
-316.7299458640254	8.029945864025422
-306.72989570784233	-1.9701042921576573
-317.9802406627618	9.280240662761798
-307.9797672779718	-0.7202327220281859
-312.97998323337055	4.279983233370558
-302.97982675349743	-5.720173246502554
-305.4801163803208	-3.2198836196791945
-315.48011485778846	6.780114857788476
-300.4801317412425	-8.219868258757515
-310.4800321476909	1.7800321476909176
-307.6599920316577	-1.0400079683423087
-317.66006434360327	8.960064343603278
-302.66012236832114	-6.0398776316788485
-312.65994937507287	3.959949375072881
-315.1599807126696	6.459980712669619
-305.1601154019173	-3.539884598082665
-310.16003571976773	1.4600357197677454
-300.1597713655648	-8.54022863443521
-308.91010044173174	0.21010044173175402
-298.90981235576703	-9.790187644232958
-313.9100248385495	5.2100248385494865
-303.90996878339513	-4.790031216604859
-301.4099607034806	-7.29003929651941
-311.410101168991	2.7101011689910024
-306.4100050314065	-2.2899949685934757
-316.4098900497012	7.709890049701187
-312.04010279743306	3.340102797433076
-302.040168617611	-6.6598313823889725
-317.03981003099125	8.33981003099126
-307.04011364593316	-1.6598863540668276
-299.54010670828484	-9.15989329171515
-309.5400462752359	0.8400462752359203
-304.5400015928526	-4.159998407147384
-314.5399479552643	5.839947955264336
-305.78998907093865	-2.910010929061343
-315.78994229992986	7.089942299929874
-300.79016526451505	-7.909834735484935
-310.790073976209	2.0900739762089984
-318.28982270892357	9.589822708923577
-308.28989123426527	-0.4101087657347193
-313.2899563116289	4.589956311628896
-303.2900075038833	-5.409992496116672
-300.0899676238876	-8.610032376112372
-310.0898585142966	1.389858514296634
-305.0900392896613	-3.609960710338669
-315.09007958765125	6.3900795876512575
-312.5901003333236	3.8901003333236304
-302.5902099021767	-6.109790097823293
-317.5902490398765	8.890249039876494
-307.5899062571878	-1.1100937428121824
-316.33995534580737	7.63995534580738
-306.34000275537966	-2.359997244620331
-311.3399269575273	2.6399269575273365
-301.3400348372414	-7.359965162758613
-303.8399856619415	-4.860014338058477
-313.8399429233394	5.13994292333939
-298.83988997150647	-9.860110028493523
-308.83998269933346	0.13998269933347274
-314.4597800000619	5.759780000061937
-304.45999517139984	-4.240004828600149
-309.4597538750449	0.7597538750449075
-299.45989975549395	-9.240100244506039
-306.95985023596944	-1.7401497640305479
-316.9599007922906	8.259900792290637
-301.96018116160207	-6.739818838397923
-311.9600273384321	3.26002733843211
-303.2099932314822	-5.490006768517787
-313.20992372029735	4.509923720297365
-308.21000951219406	-0.489990487805926
-318.2102450910597	9.510245091059687
-310.7101000891061	2.0101000891061176
-300.71007324312603	-7.989926756873956
-315.70995143264093	7.009951432640946
-305.7099770959912	-2.9900229040088107
-313.51996442013615	4.819964420136159
-303.5198892264484	-5.180110773551576
-318.5200944966232	9.820094496623199
-308.5199896858462	-0.1800103141537761
-301.01980189617007	-7.680198103829923
-311.01986237184383	2.31986237184384
-306.0204217868554	-2.6795782131445662
-316.0200771984057	7.320077198405727
-304.77001987093126	-3.929980129068724
-314.7700483434305	6.070048343430528
-299.76996244770953	-8.930037552290457
-309.7699383436516	1.069938343651586
-317.2698995699352	8.569899569935217
-307.2700261379846	-1.4299738620154017
-312.2701913607593	3.5701913607593383
-302.2699208282388	-6.430079171761179
-306.65013625896825	-2.049863741031743
-316.64975984597766	7.949759845977667
-301.6499291333224	-7.050070866677572
-311.64992241951256	2.949922419512575
-314.14999331267416	5.449993312674167
-304.1500522820337	-4.54994771796629
-309.1500981403209	0.4500981403209039
-299.149828951868	-9.550171048131972
-310.3999587267666	1.6999587267666243
-300.39999020440735	-8.300009795592644
-315.4001639857473	6.700163985747338
-305.4001242305661	-3.299875769433868
-302.89985002074934	-5.800149979250648
-312.90003798966734	4.200037989667351
-307.9000274137471	-0.7999725862528635
-317.90010840664615	9.200108406646166
-311.489972552419	2.7899725524189876
-301.48993385109156	-7.210066148908425
-316.49011680358876	7.790116803588774
-306.48993679384216	-2.2100632061578267
-298.98998488376515	-9.710015116234842
-308.9899868457844	0.28998684578442635
-303.9899944981646	-4.710005501835383
-313.9899874037567	5.289987403756697
-305.23992499755536	-3.4600750024446256
-315.2399866882172	6.539986688217198
-300.2400125206643	-8.459987479335666
-310.2399809967633	1.5399809967632905
-317.7399950072779	9.039995007277923
-307.739996321174	-0.9600036788260127
-312.740071835766	4.040071835766014
-302.7399464836092	-5.960053516390815
-308.36997299850475	-0.3300270014952389
-318.3699220865211	9.669922086521126
-303.37015002505734	-5.329849974942647
-313.3700657849232	4.670065784923224
-315.869834438604	7.169834438604028
-305.86999089100834	-2.8300091089916464
-310.86999470545607	2.1699947054560766
-300.86989458979326	-7.830105410206727
-309.6200851043442	0.9200851043441958
-299.62021786537036	-9.079782134629625
-314.6201206743186	5.920120674318639
-304.6200216452645	-4.079978354735488
-302.1200081602393	-6.57999183976068
-312.120177475853	3.420177475852995
-307.119977639196	-1.58002236080398
-317.12006337861396	8.420063378613975
-299.92985745555023	-8.770142544449754
-309.93021663391636	1.2302166339163705
-304.9301442210487	-3.769855778951296
-314.93009944295017	6.230099442950177
-312.4300786672381	3.7300786672381037
-302.43017216378183	-6.269827836218155
-317.4299606420006	8.729960642000606
-307.4297906831886	-1.2702093168113606
-318.6801245197418	9.980124519741821
-308.6799041066317	-0.02009589336830686
-313.68022613395414	4.980226133954147
-303.6799564629834	-5.020043537016591
-306.1802191001295	-2.5197808998705113
-316.18003846400796	7.480038464007976
-301.1799390235498	-7.520060976450168
-311.1799727070972	2.479972707097204
-315.55992268982897	6.859922689828977
-305.56014234851915	-3.1398576514808383
-310.56015453784	1.8601545378400033
-300.559938609295	-8.140061390705
-308.05983371812414	-0.6401662818758496
-318.0602360048675	9.360236004867488
-303.05999566283805	-5.64000433716194
-313.0600566287454	4.360056628745383
-301.8102179526273	-6.889782047372705
-311.81000588131116	3.1100058813111673
-306.8098312903939	-1.8901687096060868
-316.8100239914152	8.110023991415233
-309.3100284282105	0.6100284282105122
-299.30984416177904	-9.390155838220949
-314.3099819837976	5.609981983797638
-304.31010226774976	-4.389897732250233
-303.02006246972405	-5.679937530275936
-313.0200239397486	4.320023939748637
-308.01978066573383	-0.6802193342661553
-318.0201228954952	9.320122895495217
-310.52014066986476	1.8201406698647702
-300.5202276524665	-8.179772347533515
-315.5200003827408	6.8200003827408295
-305.51989204858137	-3.18010795141862
-314.2698435172092	5.569843517209222
-304.2700483630065	-4.429951636993508
-309.2699686635183	0.5699686635182957
-299.2700949405985	-9.429905059401506
-306.7700125947963	-1.9299874052036898
-316.77001478317425	8.070014783174258
-301.770173077804	-6.929826922196014
-311.77007583501427	3.070075835014279
-317.38988899849994	8.689888998499953
-307.39006411826324	-1.3099358817367488
-312.39012640550993	3.690126405509943
-302.3900383617953	-6.3099616382046975
-304.8901856107992	-3.809814389200767
-314.8900418357058	6.190041835705813
-299.8898136185859	-8.810186381414098
-309.8900460318115	1.1900460318115051
-301.1399505261294	-7.560049473870606
-311.1400801818605	2.4400801818605373
-306.13995447916534	-2.560045520834649
-316.13994321921984	7.439943219219856
-313.6399670267475	4.939967026747524
-303.63988757870595	-5.060112421294036
-318.63996227083464	9.939962270834656
-308.63998526003763	-0.06001473996235518
-310.82993753041234	2.1299375304123487
-300.8302202621945	-7.869779737805516
-315.8297905775017	7.129790577501694
-305.8300119062024	-2.8699880937975877
-303.33020887644494	-5.369791123555046
-313.3299315717323	4.6299315717323
-308.3299302147306	-0.3700697852693793
-318.32999682517226	9.62999682517227
-307.0799845875345	-1.6200154124654773
-317.08016928642434	8.380169286424348
-302.0798736228226	-6.620126377177371
-312.0799321835348	3.3799321835348337
-314.58007177226506	5.880071772265069
-304.5801718015974	-4.119828198402615
-309.5799282838835	0.879928283883487
-299.5800801563419	-9.119919843658067
-303.9501345687815	-4.749865431218495
-313.9498875040401	5.249887504040089
-298.9497811199755	-9.750218880024477
-308.9501731098091	0.25017310980911134
-316.4500896878919	7.750089687891887
-306.4500030475785	-2.2499969524214976
-311.4496459229078	2.7496459229078027
-301.44998421318195	-7.2500157868180395
-312.70016576384313	4.0001657638431425
-302.6999464618595	-6.000053538140492
-317.6999768852431	8.999976885243086
-307.69985250606913	-1.0001474939308537
-300.19983623290244	-8.500163767097547
-310.19993856192576	1.4999385619257737
-305.20004933540184	-3.4999506645981455
-315.199999083866	6.499999083865987
-309.1097913862899	0.4097913862898963
-299.1101060529212	-9.589893947078792
-314.1099672583508	5.409967258350832
-304.1099960173773	-4.590003982622704
-301.6098129759406	-7.090187024059389
-311.6099699642376	2.909969964237632
-306.6099106104224	-2.0900893895775994
-316.6099811422022	7.909981142202184
-307.85981970569935	-0.8401802943006373
-317.8599461267653	9.159946126765306
-302.85990633264225	-5.840093667357735
-312.860016484104	4.1600164841040055
-315.3600262367321	6.660026236732108
-305.3597772568968	-3.3402227431031974
-310.35995064705946	1.6599506470594747
-300.35977070367096	-8.340229296329028
-305.9899452068779	-2.710054793122083
-315.9899506355707	7.289950635570733
-300.99001598689415	-7.709984013105839
-310.9902737309842	2.290273730984211
-318.4900772427593	9.79007724275931
-308.4900688297969	-0.20993117020310592
-313.4901277889596	4.790127788959637
-303.48989667517424	-5.210103324825752
-312.23991408384813	3.5399140838481458
-302.2400540911606	-6.4599459088394156
-317.239959983732	8.53995998373199
-307.2398924445072	-1.4601075554928116
-299.74000923413246	-8.95999076586753
-309.7400453478497	1.0400453478496843
-304.7398610812719	-3.9601389187280915
-314.7400697515334	6.0400697515333945
-301.92008375565086	-6.779916244349124
-311.91979290506964	3.219792905069653
-306.9200590054024	-1.7799409945976095
-316.9198657011388	8.219865701138815
-309.4200151990735	0.7200151990734867
-299.4199326299194	-9.280067370080587
-314.4201721345216	5.72017213452159
-304.42013509722705	-4.2798649027729425
-315.67021313129766	6.970213131297669
-305.67005282899294	-3.029947171007052
-310.66986546100264	1.9698654610026551
-300.66983536329616	-8.03016463670383
-308.1701487010013	-0.5298512989986648
-318.1701596944567	9.470159694456697
-303.1700316268652	-5.529968373134807
-313.1698087227996	4.469808722799598
-317.549860969303	8.849860969302995
-307.54997968807294	-1.150020311927051
-312.549931035185	3.8499310351850227
-302.5500585070029	-6.149941492997073
-305.05001199795225	-3.649988002047735
-315.0500626370443	6.350062637044289
-300.04996771918087	-8.650032280819119
-310.0500414876049	1.3500414876049263
-298.8001216740093	-9.899878325990699
-308.8000450392354	0.10004503923539687
-303.80001959403745	-4.899980405962538
-313.80005361491095	5.100053614910962
-311.3000365951746	2.600036595174629
-301.3000486243216	-7.39995137567837
-316.30008869967133	7.600088699671346
-306.2999567636314	-2.4000432363685604
-304.4999229599507	-4.20007704004928
-314.50001330784016	5.8000133078401745
-299.4999780095477	-9.200021990452285
-309.4998832529418	0.799883252941811
-316.9999924089352	8.299992408935225
-306.99997345314273	-1.7000265468572593
-311.9999211215618	3.2999211215617947
-301.99997910601087	-6.7000208939891195
-313.2499361345908	4.549936134590837
-303.249941138718	-5.4500588612820025
-318.2498650462967	9.549865046296702
-308.2502459860443	-0.44975401395566905
-300.7500151744134	-7.949984825586569
-310.74992551927426	2.049925519274268
-305.7500793565414	-2.949920643458597
-315.74994461793904	7.0499446179390475
-310.1301975768391	1.4301975768391344
-300.1299424541347	-8.570057545865268
-315.1300008711904	6.43000087119043
-305.12987655250515	-3.5701234474948365
-302.6299465456822	-6.070053454317815
-312.6299009242256	3.929900924225592
-307.6299179317092	-1.0700820682907874
-317.6299082477443	8.929908247744322
-306.37971840911894	-2.320281590881052
-316.380157158458	7.68015715845803
-301.3798737089527	-7.320126291047302
-311.37980158650396	2.67980158650397
-313.87987410797257	5.17987410797258
-303.88011551434363	-4.81988448565636
-308.8800126123923	0.1800126123923178
-298.8800093767376	-9.819990623262413
-316.69000023189204	7.990000231892054
-306.6898701261302	-2.0101298738698006
-311.6900546173669	2.9900546173669227
-301.68996918563556	-7.010030814364427
-304.1898875637466	-4.510112436253394
-314.1899117318803	5.489911731880284
-299.18996254253346	-9.510037457466524
-309.1900695294402	0.49006952944023396
-300.439937554785	-8.260062445214999
-310.439913368978	1.7399133689780228
-305.44008556319517	-3.25991443680482
-315.43972070301055	6.739720703010562
-312.9400011673401	4.240001167340097
-302.93999883713826	-5.760001162861727
-317.93991962373315	9.239919623733158
-307.9398274465556	-0.7601725534443631
-303.5599004471756	-5.140099552824381
-313.5602576354418	4.860257635441826
-308.5598519070432	-0.14014809295679242
-318.5598477848949	9.859847784894896
-311.06005287559816	2.3600528755981713
-301.0596936026673	-7.640306397332665
-316.0601000966254	7.360100096625388
-306.0599948822515	-2.640005117748501
-314.8101095978423	6.1101095978423245
-304.80980798466277	-3.8901920153372203
-309.8099951846112	1.1099951846111935
-299.810097944283	-8.889902055717016
-307.30994551199234	-1.3900544880076495
-317.3101022290726	8.610102229072595
-302.31004350496966	-6.389956495030333
-312.3099680863002	3.6099680863002277
-318.09002714963555	9.390027149635557
-308.09001281938055	-0.6099871806194415
-313.08996067191384	4.389960671913855
-303.09002310744455	-5.609976892555437
-305.58993471149716	-3.110065288502824
-315.59011040556635	6.890110405566361
-300.5899529499109	-8.110047050089065
-310.5899370446894	1.8899370446894181
-299.3400953798808	-9.35990462011921
-309.33989190775793	0.6398919077579421
-304.34004579219965	-4.359954207800342
-314.3400356296186	5.640035629618637
-311.8399195467644	3.1399195467644176
-301.8399724367135	-6.860027563286508
-316.8398465821845	8.139846582184532
-306.8399521089048	-1.8600478910951779
-301.22008371432884	-7.479916285671152
-311.21998710758334	2.519987107583347
-306.2198287915332	-2.4801712084667997
-316.21996825295236	7.519968252952367
-308.7201159955354	0.020115995535434195
-298.7201031282445	-9.9798968717555
-313.7199827495912	5.019982749591236
-303.72011667278883	-4.979883327211155
-314.9701104401683	6.27011044016831
-304.96995276802835	-3.730047231971639
-309.9701411878165	1.2701411878165345
-299.9700631043103	-8.729936895689661
-307.4698794477924	-1.2301205522076089
-317.4699677402047	8.76996774020472
-302.46996262608053	-6.230037373919458
-312.46999654907285	3.7699965490728573
-305.2800096800722	-3.419990319927763
-315.2800530189827	6.58005301898271
-300.279909523809	-8.420090476190978
-310.2801537075113	1.5801537075113288
-317.7802508886682	9.080250888668218
-307.78017485240093	-0.919825147599056
-312.7801244117361	4.080124411736108
-302.7800870259682	-5.919912974031774
-311.53011753402257	2.830117534022577
-301.53007753917245	-7.169922460827536
-316.53008361453544	7.830083614535454
-306.53009157281235	-2.169908427187636
-299.030072142815	-9.669927857184973
-309.03002792341726	0.33002792341727627
-304.02994799738485	-4.670052002615137
-314.03009093378773	5.330090933787744
-309.65985096534325	0.9598509653432643
-299.65988479893906	-9.040115201060928
-314.6597901573915	5.959790157391524
-304.65994571581916	-4.040054284180826
-302.15996240302786	-6.540037596972127
-312.1600554253565	3.460055425356529
-307.15992519380245	-1.5400748061975378
-317.16003129791727	8.460031297917283
-308.41005424991465	-0.2899457500853373
-318.40997569945114	9.70997569945115
-303.4099703658268	-5.290029634173209
-313.4100070778478	4.71000707784782
-315.9099793650349	7.20997936503494
-305.91006641043725	-2.789933589562736
-310.9097284204712	2.209728420471208
-300.91000288098087	-7.7899971190191195
-315.29005287631935	6.590052876319362
-305.29001959916695	-3.409980400833035
-310.28983305014026	1.589833050140271
-300.28999493274296	-8.410005067257032
-307.78990130439615	-0.9100986956038355
-317.7900826731193	9.090082673119298
-302.7900999748972	-5.909900025102786
-312.7901193602929	4.090119360292931
-301.5399646466967	-7.160035353303272
-311.5397735099932	2.839773509993222
-306.5401596750735	-2.159840324926506
-316.54015937892746	7.840159378927467
-309.0398492573013	0.3398492573012959
-299.04011564640587	-9.659884353594123
-314.04022248860474	5.340222488604752
-304.04003332933735	-4.659966670662641
-299.6700000669534	-9.02999993304661
-309.6699889276078	0.9699889276078011
-304.66991329931074	-4.030086700689253
-314.669789296955	5.969789296955014
-312.16979446108036	3.469794461080369
-302.1699622884261	-6.530037711573868
-317.16987621360016	8.469876213600173
-307.1699759011562	-1.5300240988437963
-318.42015599691507	9.720155996915082
-308.4201949916116	-0.2798050083883936
-313.41962934047837	4.719629340478377
-303.42005897311714	-5.279941026882852
-305.9200396428368	-2.7799603571631906
-315.9200669827059	7.22006698270593
-300.9198747878599	-7.780125212140092
-310.9202501988456	2.2202501988456333
-308.1000182330768	-0.5999817669231788
-318.09991586141274	9.399915861412751
-303.10018691057627	-5.599813089423719
-313.0999874072418	4.399987407241838
-315.5998646731037	6.899864673103707
-305.5999349217696	-3.1000650782303865
-310.5998219359158	1.8998219359158384
-300.59980693106496	-8.100193068935027
-309.35013762815066	0.6501376281506737
-299.35001376377755	-9.349986236222435
-314.3500798935543	5.650079893554334
-304.3501693747326	-4.349830625267373
-301.84980459704235	-6.850195402957638
-311.8500710057015	3.150071005701534
-306.8498166434961	-1.8501833565038623
-316.8500843301552	8.15008433015521
-311.2298281009375	2.529828100937493
-301.2300725581085	-7.469927441891514
-316.2300478765923	7.530047876592334
-306.2299118186242	-2.470088181375786
-298.730038416254	-9.969961583745999
-308.7299029835162	0.02990298351619458
-303.730034693764	-4.969965306235963
-313.7299873568376	5.029987356837637
-304.9799007621154	-3.7200992378845967
-314.9799931683287	6.279993168328701
-299.9801426316157	-8.719857368384282
-309.980072525494	1.2800725254940062
-317.4799244283135	8.779924428313507
-307.4799039617214	-1.220096038278598
-312.4799778776373	3.779977877637293
-302.47990961890577	-6.220090381094224
-306.7000430827604	-1.999956917239615
-316.69992066942285	7.999920669422863
-301.6999589127328	-7.000041087267164
-311.7000579797488	3.000057979748817
-314.20009762698027	5.500097626980278
-304.2000649075564	-4.499935092443593
-309.20017534229845	0.5001753422984621
-299.20024202028543	-9.499757979714559
-310.4498312896596	1.7498312896595962
-300.45004062894003	-8.249959371059958
-315.45008014213016	6.750080142130173
-305.45004293560413	-3.2499570643958577
-302.9499217280274	-5.750078271972598
-312.9500617435762	4.250061743576225
-307.94990208728194	-0.7500979127180472
-317.9500643516032	9.250064351603214
-313.57011977044414	4.870119770444148
-303.5700938799494	-5.129906120050578
-318.57018443451085	9.870184434510861
-308.5699587466009	-0.13004125339909933
-301.0701569177948	-7.629843082205184
-311.0699457402396	2.3699457402395865
-306.0698950343506	-2.630104965649366
-316.0698482033043	7.3698482033042865
-304.81995874686874	-3.880041253131253
-314.8200555879342	6.120055587934189
-299.81991601976944	-8.880083980230552
-309.8198470614046	1.1198470614045846
-317.31973772729117	8.61973772729118
-307.31998150069586	-1.3800184993041285
-312.31986571795306	3.6198657179530755
-302.31984782847036	-6.38015217152963
-314.5099155800888	5.809915580088784
-304.51007941314833	-4.189920586851656
-309.5101876658289	0.8101876658288916
-299.50995194870825	-9.19004805129174
-307.0099162036929	-1.6900837963070785
-317.00996549554634	8.30996549554635
-302.0099845965067	-6.690015403493305
-312.01010340671723	3.3101034067172463
-303.26022817827993	-5.439771821720058
-313.25982944020484	4.559829440204851
-308.26010025923256	-0.4398997407674301
-318.260188119282	9.560188119282031
-310.75998277327176	2.05998277327177
-300.76012295911437	-7.939877040885619
-315.7600216775925	7.060021677592488
-305.760054168926	-2.9399458310739988
-300.1399852033761	-8.560014796623875
-310.140072590401	1.44007259040103
-305.1401236295584	-3.5598763704416
-315.1400684450715	6.4400684450715175
-312.64009887128907	3.9400988712890808
-302.6398507178243	-6.060149282175701
-317.6399726222195	8.9399726222195
-307.6400242475644	-1.059975752435605
-316.3901621406336	7.690162140633618
-306.3900562514742	-2.309943748525768
-311.3901960220834	2.6901960220833985
-301.3898458721193	-7.310154127880708
-303.89003335009386	-4.80996664990613
-313.89007746800473	5.190077468004745
-298.8899311931424	-9.8100688068576
-308.89001717328176	0.19001717328177392
-311.9299640327915	3.229964032791486
-301.92993293512126	-6.770067064878731
-316.9300481065872	8.230048106587219
-306.9300809266494	-1.769919073350593
-299.43004137550787	-9.26995862449212
-309.42984399109235	0.7298439910923662
-304.42983528092344	-4.270164719076547
-314.4300325100791	5.730032510079127
-305.680035149611	-3.0199648503889875
-315.68006943629706	6.980069436297072
-300.68006430838403	-8.019935691615956
-310.67995352316547	1.9799535231654772
-318.1801754273726	9.480175427372615
-308.180061349765	-0.5199386502349626
-313.18000287808144	4.48000287808145
-303.180015368958	-5.519984631042007
-307.5600608799746	-1.1399391200253604
-317.5598903786309	8.859890378630894
-302.5600130299959	-6.139986970004088
-312.5598305531117	3.859830553111692
-315.0599527934633	6.3599527934633215
-305.0598785479984	-3.6401214520016083
-310.0599910535821	1.359991053582121
-300.05995476741606	-8.64004523258393
-308.8099374482286	0.10993744822860663
-298.81014291222033	-9.88985708777966
-313.8099441876071	5.109944187607084
-303.8099415474904	-4.8900584525096065
-301.3100200169625	-7.389979983037506
-311.3100539363391	2.6100539363391135
-306.31008701462866	-2.389912985371325
-316.3098902308216	7.609890230821634
-299.1200399883255	-9.579960011674473
-309.11992006552066	0.41992006552067096
-304.12001154185884	-4.579988458141145
-314.1201159739186	5.420115973918598
-311.62007988597645	2.920079885976463
-301.61991803389276	-7.08008196610723
-316.6199542346777	7.919954234677732
-306.6199543345839	-2.080045665416094
-317.87000778580034	9.170007785800351
-307.8700868069692	-0.8299131930307908
-312.8698597105732	4.169859710573235
-302.869780922474	-5.83021907752601
-305.3699508078072	-3.330049192192803
-315.3700777653331	6.670077765333133
-300.3701100207228	-8.329889979277198
-310.36988591936563	1.6698859193656403
-315.9899580129479	7.2899580129479205
-305.98997063092224	-2.710029369077745
-310.9898725847836	2.289872584783609
-300.98987834833883	-7.710121651661154
-308.49002378342925	-0.2099762165707375
-318.4899786313765	9.789978631376528
-303.4901245117601	-5.209875488239902
-313.49005149822756	4.7900514982275695
-302.240058448808	-6.459941551192003
-312.2400230601945	3.540023060194528
-307.2401119471499	-1.45988805285009
-317.23987746284024	8.539877462840252
-309.74002090192465	1.0400209019246631
-299.7400923226162	-8.959907677383796
-314.7399128768359	6.039912876835899
-304.7399779435166	-3.9600220564834103
-300.8399535974875	-7.860046402512467
-310.83991589001363	2.13991589001364
-305.8399685373186	-2.860031462681377
-315.839876348942	7.139876348942039
-313.3399997281629	4.639999728162934
-303.3397881598574	-5.360211840142597
-318.3399725363741	9.639972536374103
-308.33988521489465	-0.36011478510533834
-317.0899906932462	8.389990693246205
-307.0899852889168	-1.6100147110831813
-312.0898187381061	3.3898187381061007
-302.0899697086841	-6.610030291315866
-304.5898889946837	-4.110111005316298
-314.5900285644928	5.890028564492809
-299.59004980480296	-9.10995019519703
-309.59010035185275	0.8901003518527659
-313.9598483903928	5.25984839039279
-303.9601752207281	-4.739824779271885
-308.9603257994576	0.26032579945763246
-298.9598936933625	-9.740106306637472
-306.4599176177589	-2.2400823822410985
-316.4597811587891	7.75978115878911
-301.4602523287767	-7.239747671223313
-311.46014154316293	2.760141543162945
-302.7101666632506	-5.989833336749371
-312.71019934782174	4.010199347821754
-307.710057932757	-0.9899420672429642
-317.71011805915435	9.010118059154365
-310.2097418822422	1.5097418822422242
-300.2101438512845	-8.48985614871549
-315.20989873300726	6.509898733007276
-305.2099589029163	-3.49004109708369
-313.03005259136194	4.330052591361948
-303.0300792586147	-5.669920741385283
-318.0299490174996	9.329949017499587
-308.03003182229554	-0.6699681777044475
-300.52996948709847	-8.17003051290152
-310.5300273322548	1.830027332254815
-305.52984329400465	-3.170156705995339
-315.5298301148821	6.8298301148821
-304.2800929890575	-4.419907010942495
-314.279902352356	5.579902352355987
-299.27998155809587	-9.42001844190412
-309.2802055547156	0.5802055547156328
-316.7799512426511	8.079951242651134
-306.77999678404854	-1.9200032159514535
-311.77984931344577	3.079849313445777
-301.7800133340563	-6.919986665943668
-307.3999167603455	-1.300083239654498
-317.3999131389195	8.699913138919499
-302.40004729716645	-6.2999527028335365
-312.4002932538573	3.7002932538572963
-314.90000060864656	6.200000608646576
-304.9001242517901	-3.7998757482098995
-309.90006564772045	1.2000656477204643
-299.89987832743725	-8.800121672562739
-311.14993786498087	2.449937864980882
-301.1498935719195	-7.550106428080483
-316.150067361314	7.450067361313984
-306.15003335714425	-2.549966642855736
-303.6499158017017	-5.050084198298293
-313.64979665594217	4.94979665594218
-308.6502032132688	-0.0497967867311786
-318.649967604519	9.949967604519031
-309.9399527441614	1.2399527441614282
-299.9400111700547	-8.759988829945314
-314.93996413413464	6.239964134134652
-304.9400247012176	-3.759975298782365
-302.44012312273975	-6.25987687726024
-312.4400019286708	3.7400019286708357
-307.4399855073038	-1.2600144926962003
-317.43976680316104	8.739766803161046
-308.6901042532267	-0.009895746773281644
-318.68994817814877	9.98994817814878
-303.69011470128083	-5.009885298719155
-313.68995982185646	4.989959821856473
-316.190229182584	7.490229182584017
-306.189922038216	-2.5100779617839635
-311.1901859719159	2.4901859719159347
-301.19012625285126	-7.509873747148731
-305.5699789498688	-3.1300210501311767
-315.56997596191405	6.869975961914065
-300.5701031746433	-8.129896825356695
-310.57000562957575	1.8700056295757577
-318.07001579721174	9.37001579721175
-308.06985599187493	-0.6301440081250576
-313.07014478626553	4.370144786265541
-303.06995516063427	-5.630044839365723
-311.81995234007655	3.1199523400765656
-301.81996609220033	-6.880033907799657
-316.82027667240646	8.120276672406476
-306.81987804163356	-1.8801219583664306
-299.32033105519105	-9.379668944808941
-309.3200349122383	0.6200349122383386
-304.31995212340036	-4.380047876599633
-314.32018037007975	5.6201803700797655
-301.49966715460687	-7.20033284539312
-311.4998993733461	2.799899373346136
-306.50007461112546	-2.199925388874533
-316.50008113852186	7.800081138521875
-308.99986615380294	0.29986615380295234
-298.9996301231022	-9.70036987689781
-314.00018785051	5.300187850509985
-304.00007781140084	-4.699922188599146
-315.25019380878075	6.550193808780762
-305.2499630737475	-3.450036926252494
-310.24999814197145	1.5499981419714572
-300.24992709722574	-8.450072902774252
-307.74998178006354	-0.9500182199364531
-317.75008610462464	9.050086104624654
-302.7500195998182	-5.949980400181801
-312.7501223535237	4.0501223535237045
-318.379972061747	9.679972061747037
-308.3801157911847	-0.31988420881526736
-313.3797617301724	4.679761730172402
-303.3801122581307	-5.319887741869309
-305.8799243039638	-2.8200756960362128
-315.88003844572347	7.180038445723483
-300.8799528681419	-7.820047131858075
-310.87997468163564	2.179974681635656
-299.62992891111105	-9.070071088888938
-309.62994906718893	0.929949067188943
-304.63010538154094	-4.069894618459045
-314.63000835323226	5.930008353232267
-312.13018179956805	3.430181799568061
-302.13013087037086	-6.569869129629126
-317.1298167837284	8.429816783728427
-307.13008996156975	-1.569910038430237
-303.5299416794817	-5.170058320518308
-313.530152666826	4.830152666825995
-308.53015265924773	-0.1698473407522556
-318.52998545884134	9.82998545884135
-311.02985497880513	2.3298549788051446
-301.0300442350683	-7.669955764931672
-316.03010671934885	7.330106719348862
-306.03020684424814	-2.6697931557518473
-314.77997632549636	6.079976325496375
-304.77998190512267	-3.920018094877321
-309.7801182822957	1.0801182822957003
-299.78009698584106	-8.919903014158933
-307.2802220344922	-1.4197779655077625
-317.2800863688219	8.580086368821924
-302.2799289830739	-6.4200710169261015
-312.2802231361286	3.580223136128609
-316.6600308719609	7.960030871960896
-306.65996569131096	-2.0400343086890302
-311.6600690209881	2.960069020988101
-301.66002736521216	-7.03997263478783
-304.16015757757134	-4.539842422428649
-314.16003067590475	5.460030675904761
-299.16004596031064	-9.539954039689349
-309.16014185849065	0.46014185849065825
-300.410154108493	-8.289845891507014
-310.40988761211895	1.709887612118962
-305.410057094192	-3.2899429058080045
-315.40993669126294	6.7099366912629534
-312.9101362077564	4.21013620775642
-302.9097485460444	-5.790251453955591
-317.9101602112679	9.210160211267919
-307.90998998489533	-0.7900100151046558
-310.0997880824812	1.3997880824812228
-300.10004040468044	-8.599959595319547
-315.0997760268852	6.399776026885206
-305.0998902394509	-3.600109760549117
-302.6000376227926	-6.099962377207362
-312.6000947611406	3.900094761140622
-307.5999643932651	-1.1000356067348775
-317.599839329379	8.899839329379006
-306.3498662508651	-2.3501337491348977
-316.34999412522626	7.6499941252262715
-301.3499848731531	-7.35001512684687
-311.3498755967062	2.649875596706238
-313.850086916305	5.150086916304986
-303.84993554987574	-4.8500644501242505
-308.84993622414873	0.14993622414874608
-298.84972992415857	-9.850270075841422
-304.4699519466564	-4.23004805334358
-314.4701762304855	5.770176230485504
-299.47003218308845	-9.22996781691154
-309.46991422025775	0.7699142202577605
-316.96988343871425	8.26988343871426
-306.96988195281546	-1.7301180471845328
-311.97002400525406	3.270024005254072
-301.9699536386876	-6.730046361312361
-313.2200690902934	4.520069090293418
-303.21985201432716	-5.480147985672829
-318.21987281219907	9.519872812199083
-308.2199940106827	-0.48000598931730565
-300.72004451415586	-7.97995548584413
-310.7200597961924	2.020059796192413
-305.7200298802383	-2.979970119761674
-315.72000727310177	7.020007273101783
-317.67001722988965	8.970017229889663
-307.6701402111375	-1.0298597888624954
-312.6701638746235	3.970163874623495
-302.66990074604286	-6.0300992539571325
-305.16991835256243	-3.530081647437555
-315.1699560125725	6.469956012572538
-300.1700478412767	-8.52995215872329
-310.1699722102166	1.4699722102166106
-298.92022744277887	-9.779772557221122
-308.9201680446815	0.2201680446814862
-303.919902186195	-4.780097813805014
-313.9200220883121	5.220022088312135
-311.4198598714956	2.7198598714956006
-301.42014079599625	-7.279859204003742
-316.41988219467197	7.719882194671982
-306.41983874379724	-2.280161256202746
-302.0500201756302	-6.64997982436978
-312.05003226210016	3.3500322621001715
-307.05000732681293	-1.6499926731870573
-317.04999742795263	8.349997427952644
-309.55004969394287	0.8500496939428785
-299.55014046163234	-9.14985953836765
-314.5498704560276	5.849870456027588
-304.550102161579	-4.149897838420998
-315.7998560200784	7.099856020078391
-305.80003404830023	-2.8999659516997554
-310.8001256200303	2.100125620030326
-300.80002451175534	-7.89997548824465
-308.3000545498133	-0.39994545018669214
-318.29994263714326	9.599942637143272
-303.3000012304008	-5.399998769599165
-313.2999339240603	4.599933924060338
-306.1099709197	-2.590029080299985
-316.1100172615837	7.410017261583732
-301.1098580640777	-7.590141935922304
-311.1099372207458	2.409937220745803
-318.6098413741105	9.9098413741105
-308.610294196936	-0.08970580306396414
-313.60989234618626	4.909892346186268
-303.6097947522361	-5.09020524776389
-312.36003427657477	3.660034276574777
-302.3600707346808	-6.339929265319199
-317.35986378011455	8.659863780114563
-307.35994354772936	-1.3400564522706304
-299.86005755739404	-8.839942442605945
-309.8601720526143	1.160172052614314
-304.8600132659752	-3.8399867340247624
-314.8600747870963	6.160074787096335
-309.2401111179406	0.5401111179406257
-299.2401871510467	-9.459812848953277
-314.2398983456535	5.539898345653512
-304.24014334610206	-4.45985665389793
-301.74009496370695	-6.959905036293037
-311.7399826588746	3.039982658874635
-306.74004441866623	-1.9599555813337588
-316.73979607561364	8.039796075613651
-307.9899177177233	-0.7100822822766872
-317.9901221283801	9.29012212838012
-302.99007422734053	-5.70992577265946
-312.9899584357611	4.289958435761093
-315.49011775141867	6.790117751418677
-305.489881648233	-3.210118351766994
-310.4900613469292	1.7900613469292352
-300.49005525289454	-8.209944747105453
-303.7699033594722	-4.930096640527779
-313.7701152018449	5.070115201844885
-298.7699447832142	-9.930055216785775
-308.77013477536957	0.07013477536958135
-316.2700579865973	7.570057986597305
-306.2701721430235	-2.4298278569764875
-311.2701108482138	2.570110848213801
-301.2699088300276	-7.4300911699724
-312.5201321007221	3.8201321007221054
-302.52009465248875	-6.179905347511237
-317.52011573279697	8.820115732796978
-307.51974951967486	-1.1802504803251281
-300.019898929389	-8.680101070610988
-310.0199782968051	1.3199782968051181
-305.0200599437426	-3.679940056257408
-315.0201230932139	6.320123093213908
-310.63983464268733	1.9398346426873445
-300.6400293499506	-8.059970650049365
-315.64006805604515	6.940068056045163
-305.6400244372213	-3.059975562778675
-303.14005060581314	-5.5599493941868445
-313.1400834531747	4.440083453174736
-308.1400710513884	-0.5599289486115708
-318.1399448960334	9.43994489603341
-306.88999577617926	-1.8100042238207266
-316.8902002991314	8.19020029913139
-301.8901549705066	-6.809845029493374
-311.88993230683684	3.1899323068368517
-314.3899519972971	5.689951997297101
-304.39015541238643	-4.309844587613554
-309.39006494674743	0.6900649467474409
-299.39002063892315	-9.309979361076842
-317.21010989597283	8.510109895972846
-307.2101218302277	-1.4898781697722825
-312.20975017579343	3.5097501757934424
-302.20989080697706	-6.490109193022931
-304.7101324378645	-3.989867562135487
-314.7099325664794	6.009932566479392
-299.71006206279793	-8.989937937202058
-309.70988217971257	1.0098821797125765
-300.9599241794767	-7.740075820523316
-310.9602240140893	2.2602240140893173
-305.96002131834115	-2.7399786816588403
-315.9600366146778	7.2600366146778015
-313.4600712730075	4.760071273007497
-303.4599741347383	-5.240025865261714
-318.4600822419388	9.76008224193879
-308.4599834397822	-0.24001656021778217
-302.8300232398979	-5.869976760102077
-312.82988887731705	4.1298888773170574
-307.829922372388	-0.8700776276119768
-317.82981088609955	9.129810886099563
-310.3300571833534	1.630057183353415
-300.3299316848116	-8.370068315188405
-315.3298204975345	6.629820497534524
-305.3299264472044	-3.3700735527955885
-314.07981748864955	5.379817488649564
-304.0802751338052	-4.619724866194815
-309.08009895569927	0.38009895569928176
-299.07993852699843	-9.620061473001556
-306.57996804018154	-2.120031959818448
-316.5801367729783	7.88013677297829
-301.5799571724711	-7.120042827528891
-311.5798602711057	2.879860271105713
-313.11987804697594	4.419878046975953
-303.1200871745651	-5.57991282543486
-318.12028138981725	9.420281389817262
-308.11979824139155	-0.5802017586084389
-300.61999740653766	-8.080002593462325
-310.61992385008955	1.9199238500895603
-305.62003829655976	-3.079961703440233
-315.6199535269817	6.919953526981715
-304.37012669237185	-4.329873307628134
-314.3701059434899	5.670105943489887
-299.3698463815218	-9.330153618478164
-309.3702150597138	0.6702150597138257
-316.8700701372992	8.170070137299206
-306.86993665776856	-1.8300633422314263
-311.86988346128567	3.1698834612856785
-301.86996677049603	-6.830033229503954
-306.2501761582662	-2.449823841733803
-316.24995376416155	7.5499537641615575
-301.24998271554796	-7.450017284452031
-311.249963899274	2.549963899274019
-313.7498530714802	5.049853071480186
-303.74982594247194	-4.950174057528045
-308.75010529474457	0.05010529474458281
-298.75005980605783	-9.949940193942155
-310.0000391940424	1.3000391940424265
-300.0000683632825	-8.699931636717508
-315.00007442392234	6.300074423922354
-304.9998602867927	-3.7001397132073066
-302.5001194341039	-6.1998805658960805
-312.4999622164614	3.799962216461438
-307.4999712914505	-1.200028708549496
-317.4999784306492	8.799978430649219
-300.3100771630839	-8.389922836916071
-310.3100314223653	1.6100314223652958
-305.3100101434898	-3.3899898565101694
-315.30996055738484	6.609960557384852
-312.80998786247557	4.1099878624755775
-302.81009463845345	-5.889905361546539
-317.8101234359552	9.110123435955188
-307.81003174090307	-0.8899682590969178
-316.5600973723254	7.860097372325413
-306.5599968245138	-2.1400031754861857
-311.55987348364084	2.859873483640854
-301.5597697583458	-7.140230241654194
-304.05998936029624	-4.640010639703746
-314.05995875464447	5.359958754644481
-299.0599330078026	-9.640066992197376
-309.0599716346465	0.35997163464651294
-314.69003616082904	5.9900361608290495
-304.6897288725408	-4.010271127459191
-309.6899584594152	0.9899584594152202
-299.6900815281237	-9.00991847187629
-307.18996764002935	-1.5100323599706371
-317.1900393137834	8.490039313783427
-302.1900928509871	-6.509907149012861
-312.19003303892026	3.4900330389202736
-303.44006564369687	-5.25993435630312
-313.4399310196963	4.739931019696314
-308.4399692481979	-0.26003075180210544
-318.43983447861996	9.739834478619969
-310.9399657118933	2.239965711893319
-300.9399881984331	-7.760011801566861
-315.93995314976877	7.23995314976878
-305.939997591447	-2.760002408552964
-299.5300181618379	-9.169981838162073
-309.5300434343965	0.8300434343964866
-304.5299710975753	-4.17002890242469
-314.5301301824559	5.830130182455889
-312.0299786139851	3.3299786139851335
-302.0301463592725	-6.669853640727467
-317.03016502377545	8.330165023775464
-307.0300824421413	-1.669917557858696
-318.27995463521916	9.579954635219167
-308.28003892477614	-0.41996107522385273
-313.2799173768956	4.579917376895594
-303.2802672339669	-5.419732766033064
-305.78010606490466	-2.919893935095331
-315.7801354151936	7.080135415193638
-300.77989314488536	-7.920106855114625
-310.7800040540535	2.080004054053518
-315.159817541684	6.459817541684004
-305.1600228446333	-3.539977155366671
-310.15989865465247	1.459898654652477
-300.1601694383172	-8.539830561682777
-307.65996451298645	-1.0400354870135402
-317.65989888146225	8.959898881462266
-302.6601247032014	-6.039875296798584
-312.65992815261063	3.959928152610644
-301.4103026133199	-7.289697386680075
-311.4101752423268	2.710175242326784
-306.409937188717	-2.2900628112830077
-316.4101258291777	7.710125829177684
-308.91001956529374	0.21001956529374866
-298.9101639906386	-9.789836009361409
-313.9099406014433	5.209940601443293
-303.909986422119	-4.790013577880984
-311.72008224424707	3.020082244247078
-301.71993986653496	-6.980060133465031
-316.71996464769353	8.019964647693541
-306.7197331296322	-1.9802668703678137
-299.2202048078395	-9.479795192160509
-309.22009530315944	0.5200953031594509
-304.21982202304815	-4.480177976951836
-314.21994503844206	5.519945038442074
-305.47013498625046	-3.2298650137495315
-315.4699064267467	6.769906426746729
-300.4699561363347	-8.230043863665287
-310.4697378283151	1.769737828315101
-317.9697912071121	9.269791207112121
-307.97000830697715	-0.7299916930228392
-312.9697904181582	4.269790418158209
-302.9700480860253	-5.7299519139746735
-308.5899132301818	-0.11008676981816734
-318.5897764950303	9.889776495030333
-303.58980712852264	-5.110192871477352
-313.58987567721925	4.8898756772192655
-316.09020094534554	7.390200945345555
-306.0900267196701	-2.609973280329882
-311.0900757983798	2.3900757983798258
-301.09001918274936	-7.60998081725063
-309.8402237313165	1.140223731316496
-299.83987168063805	-8.860128319361934
-314.8399895516739	6.139989551673921
-304.839983238195	-3.8600167618050136
-302.34003689093134	-6.359963109068644
-312.3400855030962	3.640085503096202
-307.3401587426741	-1.359841257325911
-317.3400622799998	8.640062279999825
-314.13997220915974	5.439972209159748
-304.14004122308745	-4.559958776912538
-309.1399307754715	0.4399307754715096
-299.13997983595584	-9.560020164044147
-306.64010959612517	-2.0598904038748174
-316.64000357160023	7.9400035716002435
-301.6398631049748	-7.0601368950252095
-311.6398966260173	2.939896626017287
-302.88977367678325	-5.810226323216739
-312.88989171862397	4.189891718623983
-307.8900114773429	-0.8099885226570791
-317.8898983425603	9.189898342560298
-310.39014503048674	1.6901450304867467
-300.3899941820042	-8.310005817995773
-315.3899769961532	6.689976996153234
-305.3899562653029	-3.3100437346971034
-301.01001867984246	-7.689981320157528
-311.01003794406074	2.3100379440607526
-306.0100522677965	-2.689947732203507
-316.0099897222842	7.309989722284229
-313.5100149591324	4.810014959132388
-303.50991139041594	-5.190088609584052
-318.5101036704011	9.810103670401134
-308.5100374901516	-0.18996250984838525
-317.2599207141873	8.559920714187285
-307.26011648213694	-1.439883517863052
-312.2599494571748	3.5599494571748096
-302.26002517424035	-6.439974825759634
-304.75987114287614	-3.9401288571238524
-314.76012203824007	6.060122038240081
-299.75998761871756	-8.940012381282429
-309.76009825763845	1.060098257638458
-306.9499066388768	-1.750093361123163
-316.9500004172616	8.250000417261617
-301.9501209343536	-6.7498790656463825
-311.9501278201016	3.250127820101625
-314.44997448379326	5.749974483793267
-304.4500632497745	-4.249936750225515
-309.44997888765755	0.7499788876575622
-299.44998374832466	-9.250016251675333
-310.7002006122231	2.000200612223125
-300.7000081860635	-7.999991813936504
-315.70022611687017	7.000226116870181
-305.70007598579394	-2.9999240142060444
-303.19980750853864	-5.500192491461348
-313.1998913480813	4.499891348081292
-308.19981671328713	-0.5001832867128542
-318.19989445766345	9.499894457663459
-312.58003591212224	3.8800359121222527
-302.58019579650687	-6.119804203493118
-317.57979734661245	8.879797346612463
-307.5801603382907	-1.1198396617093067
-300.07996049603213	-8.62003950396786
-310.0800991694833	1.3800991694832874
-305.0797985426853	-3.6202014573146926
-315.0802547454287	6.380254745428715
-303.8299916233737	-4.870008376626288
-313.83047825922955	5.130478259229562
-298.8299121425171	-9.870087857482872
-308.82997674927725	0.12997674927726166
-316.3301228433284	7.630122843328422
-306.32977696264976	-2.370223037350229
-311.33005106415663	2.630051064156646
-301.3300004040921	-7.369999595907871
-308.0499606855595	-0.6500393144405052
-318.0499868219293	9.349986821929292
-303.04988162266164	-5.6501183773383445
-313.0499922016796	4.349992201679584
-315.5499689621782	6.849968962178195
-305.54979358889005	-3.1502064111099344
-310.54998859369954	1.8499885936995497
-300.54989932730933	-8.150100672690655
-309.29989344591087	0.5998934459108796
-299.3000438763236	-9.399956123676361
-314.2999002074328	5.599900207432825
-304.29993837358126	-4.400061626418733
-301.79983076082755	-6.900169239172442
-311.80020872140886	3.100208721408876
-306.79981276525587	-1.9001872347441235
-316.80001746975614	8.100017469756153
-312.4198548878721	3.7198548878720885
-302.42007174747954	-6.279928252520449
-317.41995434248923	8.719954342489245
-307.42008549874475	-1.2799145012552344
-299.91997944947065	-8.780020550529343
-309.91987374664853	1.2198737466485454
-304.92009902661033	-3.7799009733896582
-314.92002841977677	6.2200284197767814
-306.1700936915385	-2.5299063084614772
-316.170009797046	7.470009797046032
-301.17003037408534	-7.529969625914646
-311.1700888843188	2.470088884318784
-318.66993082838593	9.969930828385941
-308.6699448580784	-0.03005514192159353
-313.6700350559676	4.970035055967628
-303.670043293305	-5.029956706694975
-315.85993861853	7.1599386185300204
-305.8599445275098	-2.840055472490178
-310.8600399937344	2.160039993734415
-300.8598784258405	-7.840121574159468
-308.36006414679593	-0.33993585320405373
-318.3600950221729	9.660095022172925
-303.36010848148123	-5.339891518518755
-313.3598439905976	4.659843990597608
-302.1097755126042	-6.590224487395801
-312.1099868111918	3.4099868111918
-307.1098352986477	-1.5901647013523075
-317.1099051215268	8.409905121526833
-309.6101805605316	0.9101805605316144
-299.6098815346844	-9.090118465315584
-314.6099537307522	5.909953730752193
-304.61007067398475	-4.089929326015238
-298.98003177108734	-9.719968228912649
-308.98010349023247	0.28010349023247727
-303.9799444157565	-4.720055584243482
-313.97995384007703	5.279953840077042
-311.48007764810467	2.7800776481046796
-301.4801246043539	-7.219875395646113
-316.4799215125317	7.7799215125317005
-306.48002420565393	-2.2199757943460554
-317.73004871495	9.030048714949999
-307.7302368419227	-0.969763158077285
-312.72979373492257	4.029793734922578
-302.7301563013029	-5.969843698697105
-305.22966107459473	-3.470338925405258
-315.2300257305655	6.530025730565512
-300.23008867100765	-8.469911328992339
-310.2300786923374	1.5300786923373835
-316.44002292180215	7.740022921802165
-306.44001084168036	-2.2599891583196268
-311.4400335874647	2.7400335874647226
-301.4401105938463	-7.259889406153661
-303.9400955488431	-4.759904451156899
-313.94015004324814	5.24015004324815
-298.94008240128227	-9.75991759871772
-308.93972955254634	0.23972955254635053
-300.1899547963416	-8.510045203658365
-310.1900772822368	1.4900772822368253
-305.18994130933555	-3.5100586906644367
-315.18989353282944	6.489893532829456
-312.6899604462117	3.9899604462117395
-302.69023092651645	-6.00976907348354
-317.6900451796077	8.990045179607705
-307.6900059203885	-1.009994079611488
-303.319972900252	-5.380027099747963
-313.3198211949587	4.619821194958718
-308.3200042468782	-0.3799957531217615
-318.32003021961856	9.62003021961857
-310.8198774247497	2.1198774247496885
-300.8199725313464	-7.880027468653566
-315.8200424083473	7.120042408347331
-305.8199189822033	-2.8800810177966696
-314.56986910506777	5.869869105067778
-304.5700380277597	-4.129961972240267
-309.5699423773497	0.8699423773497301
-299.57022408442054	-9.129775915579444
-307.06989640709554	-1.6301035929044474
-317.07017076340554	8.370170763405554
-302.07001990843156	-6.629980091568427
-312.07028656158974	3.370286561589751
-304.8799950977535	-3.820004902246467
-314.8799114373277	6.179911437327689
-299.87987055329984	-8.82012944670015
-309.880068299174	1.1800682991740246
-317.379767428877	8.679767428877028
-307.37984014053256	-1.3201598594674238
-312.37995398070495	3.6799539807049655
-302.3799422631565	-6.3200577368434665
-313.62974941505206	4.929749415052072
-303.63017766514247	-5.06982233485752
-318.63009066122584	9.930090661225847
-308.6297221677495	-0.07027783225049689
-301.12988088366444	-7.5701191163355475
-311.13009814769873	2.430098147698743
-306.1300322058331	-2.569967794166871
-316.1299599196635	7.429959919663531
-310.5101195758523	1.8101195758522977
-300.5098261089313	-8.190173891068696
-315.51000575314333	6.8100057531433436
-305.5099365635285	-3.190063436471462
-303.0100085860829	-5.689991413917085
-313.0098695725901	4.309869572590117
-308.0101632032581	-0.6898367967418721
-318.0100194761742	9.310019476174205
-306.760035039664	-1.939964960335999
-316.759914371323	8.059914371323032
-301.7599088273944	-6.940091172605605
-311.76017024624593	3.0601702462459457
-314.2600361743405	5.560036174340496
-304.26020066586875	-4.439799334131237
-309.25987533574676	0.5598753357467672
-299.25996972430744	-9.44003027569255
-305.04005391609553	-3.659946083904458
-315.0399644028721	6.339964402872113
-300.0400105784129	-8.659989421587113
-310.0402797827983	1.3402797827982909
-317.5400272391207	8.84002723912073
-307.54006428337834	-1.1599357166216464
-312.5400669058663	3.8400669058663084
-302.5400304932982	-6.159969506701771
-311.2901270633656	2.590127063365628
-301.2900821828289	-7.409917817171106
-316.2899085382278	7.589908538227803
-306.2901263518643	-2.409873648135715
-298.79011747999766	-9.909882520002327
-308.79018973489383	0.09018973489384052
-303.789982449186	-4.910017550813961
-313.7898610507609	5.0898610507609305
-309.40991960758004	0.7099196075800478
-299.4100820443474	-9.289917955652584
-314.41018763830664	5.71018763830665
-304.4099740322673	-4.290025967732674
-301.9099311877982	-6.79006881220181
-311.90974466853925	3.2097446685392583
-306.9100359776968	-1.7899640223031952
-316.91015289773725	8.21015289773726
-308.16005279716785	-0.5399472028321384
-318.1600302984772	9.460030298477193
-303.1599395301629	-5.540060469837101
-313.1599601401101	4.459960140110127
-315.6602506678629	6.960250667862908
-305.65987303765144	-3.040126962348552
-310.66008186170086	1.9600818617008713
-300.65974684430705	-8.040253155692938
-318.4799533850423	9.77995338504229
-308.4798586545998	-0.2201413454001795
-313.4800683663893	4.780068366389287
-303.4800463994001	-5.219953600599865
-305.9798573104494	-2.7201426895505847
-315.97989709350117	7.279897093501177
-300.9799366482152	-7.720063351784802
-310.9800137157403	2.280013715740324
-299.73011062112386	-8.969889378876132
-309.73006788611787	1.0300678861178767
-304.7299006291291	-3.970099370870912
-314.73004755092364	6.030047550923655
-312.2299252264242	3.5299252264242114
-302.2300270301643	-6.4699729698356805
-317.22988492994995	8.529884929949958
-307.23008742872884	-1.469912571271152
-301.60008308986795	-7.099916910132038
-311.59995600618396	2.89995600618397
-306.6000234126091	-2.09997658739087
-316.6001837472882	7.900183747288224
-309.0999788547079	0.3999788547079106
-299.10001151194007	-9.599988488059921
-314.09974142693824	5.399741426938249
-304.1001101654643	-4.599889834535702
-315.35003672733507	6.650036727335078
-305.3500631350485	-3.3499368649514736
-310.35003654779354	1.6500365477935475
-300.350081339519	-8.349918660480967
-307.84995820366163	-0.8500417963383597
-317.84990377133505	9.149903771335062
-302.85016094047165	-5.849839059528335
-312.84995120905074	4.149951209050755
-311.05001387720114	2.3500138772011496
-301.04995781571125	-7.650042184288736
-316.04993368334254	7.349933683342556
-306.05020046105057	-2.6497995389494235
-303.5502618606586	-5.149738139341366
-313.5499012383705	4.849901238370535
-308.55002059049076	-0.1499794095092284
-318.54990782446913	9.849907824469142
-307.2999595654899	-1.4000404345100605
-317.2998930409638	8.59989304096382
-302.3000601127067	-6.399939887293272
-312.3002574169878	3.6002574169878017
-314.8000021168162	6.100002116816199
-304.7999337964873	-3.900066203512665
-309.7999877245359	1.0999877245359357
-299.8001494819153	-8.89985051808469
-304.1800489793856	-4.519951020614371
-314.17996827438736	5.4799682743873745
-299.17990900999547	-9.520090990004519
-309.18001223729124	0.4800122372912483
-316.67999968289377	7.9799996828937765
-306.68006576798115	-2.0199342320188407
-311.6800319577739	2.9800319577739174
-301.6799915498702	-7.020008450129808
-312.93019782956225	4.2301978295622575
-302.9298817045089	-5.770118295491102
-317.929946347064	9.229946347064015
-307.93021182160163	-0.7697881783983576
-300.4300700172968	-8.269929982703161
-310.42988391931857	1.7298839193185813
-305.4300275385328	-3.269972461467205
-315.42983219084107	6.72983219084108
-302.62006286650023	-6.0799371334997545
-312.62002932246935	3.920029322469361
-307.6198788517987	-1.0801211482012718
-317.6199487714231	8.919948771423094
-310.12006867070625	1.4200686707062573
-300.1200784758631	-8.579921524136864
-315.11995773558476	6.419957735584774
-305.12018662669755	-3.579813373302443
-313.87004938847815	5.170049388478162
-303.87000778342656	-4.82999221657343
-308.87016442951165	0.170164429511658
-298.87000785505836	-9.829992144941627
-306.36998204199074	-2.3300179580092504
-316.3700247547241	7.670024754724125
-301.36989271014556	-7.330107289854425
-311.36993624806667	2.6699362480666764
-316.9900421497571	8.290042149757085
-306.99015553337654	-1.7098444666234514
-311.9899926748351	3.289992674835105
-301.9899481556697	-6.71005184433028
-304.4903417182743	-4.2096582817256945
-314.48999087093785	5.7899908709378565
-299.49018065160476	-9.209819348395229
-309.4900295571131	0.7900295571130869
-300.74006595520245	-7.959934044797535
-310.73980239983234	2.039802399832354
-305.73995385998046	-2.9600461400195286
-315.73991977008905	7.039919770089057
-313.2399437210482	4.539943721048189
-303.23993014666326	-5.460069853336734
-318.2395984062407	9.539598406240714
-308.2400427425839	-0.45995725741607885
-302.1502243652898	-6.549775634710215
-312.1500180085553	3.4500180085553325
-307.15002868647287	-1.5499713135271236
-317.14992266959814	8.449922669598152
-309.6500469797742	0.9500469797741857
-299.65013495798337	-9.04986504201662
-314.64998334244535	5.949983342445364
-304.64988781396676	-4.050112186033232
-315.89998532055176	7.199985320551775
-305.89999564854077	-2.800004351459222
-310.9000571969285	2.200057196928526
-300.89998438161126	-7.800015618388727
-308.4000428938201	-0.2999571061798747
-318.40009097453037	9.700090974530383
-303.4000598325714	-5.299940167428588
-313.400012082819	4.700012082819001
-317.76990884847646	9.069908848476473
-307.7698798193246	-0.9301201806753738
-312.769893355176	4.069893355176021
-302.769985759041	-5.930014240958997
-305.2700240082845	-3.42997599171548
-315.27009047799584	6.570090477995848
-300.2700768019572	-8.429923198042786
-310.270014570327	1.5700145703270323
-299.0200050754079	-9.679994924592108
-309.01986623446373	0.3198662344637455
-304.0199491651142	-4.680050834885776
-314.02006244521135	5.320062445211363
-311.5198157496302	2.8198157496302088
-301.5199746004505	-7.180025399549493
-316.5200043187174	7.820004318717395
-306.51994956499357	-2.1800504350064216
-308.7100475963302	0.01004759633019603
-298.71000388103033	-9.989996118969657
-313.70997967172747	5.0099796717274785
-303.71018211153654	-4.989817888463449
-301.20990283688747	-7.490097163112523
-311.21006527701405	2.510065277014064
-306.2101162161561	-2.4898837838438794
-316.21013908353865	7.510139083538661
-307.45983136295484	-1.2401686370451444
-317.4600376367825	8.7600376367825
-302.4601024533849	-6.239897546615111
-312.46007757593264	3.7600775759326552
-314.959999769745	6.259999769745036
-304.9598994012312	-3.7401005987687768
-309.95980012742524	1.259800127425251
-299.96004201031695	-8.739957989683035
-305.58009481630694	-3.1199051836930494
-315.58013637670234	6.880136376702353
-300.58006718851	-8.119932811490003
-310.57999372896126	1.8799937289612672
-318.08001758271536	9.380017582715368
-308.07988041281175	-0.6201195871882419
-313.0800714483685	4.38007144836854
-303.07989540824843	-5.620104591751556
-311.82993252159764	3.1299325215976523
-301.83011210524097	-6.869887894759017
-316.8301453138502	8.130145313850221
-306.82981601956095	-1.8701839804390374
-299.3300536991947	-9.369946300805282
-309.32997371839343	0.629973718393444
-304.32980290191887	-4.370197098081121
-314.3301352074141	5.630135207414128
-317.1401161365617	8.440116136561699
-307.14009262707316	-1.5599073729268298
-312.140113578626	3.4401135786260397
-302.1400245727774	-6.559975427222582
-304.6401934218271	-4.059806578172868
-314.6398854988116	5.939885498811634
-299.640050008839	-9.059949991160977
-309.63986035249457	0.939860352494577
-300.8900683916951	-7.8099316083049075
-310.8901507769666	2.190150776966618
-305.88986385160445	-2.810136148395543
-315.8898189029866	7.1898189029865875
-313.39010895503327	4.690108955033281
-303.390164306939	-5.309835693060961
-318.39004647842023	9.690046478420243
-308.39001314281325	-0.30998685718674324
-302.7700642723353	-5.929935727664713
-312.770026684982	4.070026684981997
-307.7699460965964	-0.9300539034035751
-317.7699088387885	9.069908838788535
-310.27006467283127	1.570064672831279
-300.2699892036603	-8.430010796339673
-315.2700182813019	6.570018281301884
-305.2700798374731	-3.429920162526912
-314.01999553578526	5.319995535785267
-304.01990960843204	-4.680090391567944
-309.0198622380677	0.3198622380676852
-299.0201455058227	-9.679854494177278
-306.52013289751767	-2.1798671024823193
-316.5200112261914	7.820011226191411
-301.5201084642499	-7.179891535750073
-311.52008246323066	2.8200824632306762
-303.69994892557514	-5.000051074424846
-313.7001362169896	5.000136216989631
-298.699886675163	-10.000113324837002
-308.69999945322655	-5.467734354169806e-07
-316.20005008264997	7.500050082649977
-306.1998689214408	-2.500131078559207
-311.20008013830665	2.5000801383066573
-301.2000604388424	-7.499939561157589
-312.44988985552044	3.7498898555204505
-302.4500423138481	-6.249957686151902
-317.4499713866782	8.749971386678226
-307.45003731538526	-1.2499626846147294
-299.95003921954157	-8.749960780458423
-309.95005101544047	1.2500510154404765
-304.95016060953566	-3.749839390464331
-314.9498989710184	6.2498989710184105
-310.5800222035669	1.8800222035669094
-300.58004202270064	-8.11995797729935
-315.5801360564638	6.880136056463812
-305.5800357102108	-3.119964289789209
-303.0799057163277	-5.620094283672302
-313.07997271065875	4.3799727106587625
-308.08000484965856	-0.619995150341424
-318.0800120737968	9.38001207379682
-306.82979935274176	-1.8702006472582298
-316.8299287871542	8.1299287871542
-301.8300681707961	-6.8699318292038924
-311.82985489135723	3.1298548913572404
-314.32978267065124	5.629782670651252
-304.3298756153545	-4.3701243846454645
-309.32998894829876	0.6299889482987737
-299.32990935333515	-9.370090646664835
-306.0501238435507	-2.649876156449295
-316.04994141189746	7.3499414118974755
-301.0502689408575	-7.649731059142482
-311.0501568925891	2.350156892589098
-318.54998338870865	9.849983388708665
-308.55002333894555	-0.1499766610544384
-313.5500213733074	4.850021373307413
-303.54983273431213	-5.150167265687855
-312.3000304280484	3.600030428048399
-302.3000157086033	-6.399984291396663
-317.300049639727	8.60004963972699
-307.29998261868315	-1.400017381316843
-299.7999250678084	-8.900074932191615
-309.80015217627516	1.1001521762751736
-304.7999439043126	-3.9000560956873755
-314.8000188218819	6.100018821881918
-309.1699882616951	0.4699882616951072
-299.1698705868711	-9.530129413128861
-314.1701441970526	5.470144197052605
-304.16983766045263	-4.53016233954736
-301.66980376355235	-7.030196236447637
-311.6699450935793	2.9699450935793266
-306.6700372311661	-2.0299627688339115
-316.6699518881414	7.969951888141395
-307.9198355101816	-0.7801644898183895
-317.91989095710045	9.21989095710046
-302.92008540524506	-5.779914594754928
-312.9199831363093	4.219983136309338
-315.4201502721152	6.720150272115234
-305.4200195262801	-3.2799804737198883
-310.4200509601596	1.7200509601595968
-300.42020991436397	-8.279790085636023
-317.61018701291994	8.910187012919948
-307.61010568118525	-1.0898943188147427
-312.60994547251664	3.909945472516654
-302.60989801147605	-6.090101988523941
-305.1100392493239	-3.5899607506760844
-315.10997312272536	6.409973122725376
-300.1099199912527	-8.590080008747293
-310.10993489172995	1.4099348917299608
-298.8601046328471	-9.839895367152906
-308.8599879654133	0.15998796541333604
-303.8599941808001	-4.8400058191999165
-313.85999135341933	5.159991353419343
-311.35993216218566	2.659932162185669
-301.3597604698474	-7.340239530152587
-316.3600518539819	7.660051853981884
-306.360107750544	-2.3398922494559997
-301.99006481495076	-6.709935185049233
-311.9898944581257	3.2898944581257297
-306.99004289356026	-1.709957106439731
-316.9900851098755	8.29008510987552
-309.4900550732584	0.7900550732584293
-299.4900696006832	-9.209930399316761
-314.48995977081563	5.789959770815642
-304.4899237225384	-4.21007627746161
-315.7399372156053	7.039937215605335
-305.74012130220785	-2.959878697792135
-310.7399002630575	2.0399002630575183
-300.74009513432816	-7.959904865671831
-308.24006746824875	-0.4599325317512353
-318.24013597593716	9.540135975937176
-303.23989717996506	-5.460102820034933
-313.23994260182076	4.539942601820769
-310.02976921217964	1.3297692121796558
-300.03011567829276	-8.66988432170723
-315.03007797107443	6.330077971074445
-305.029888761371	-3.6701112386289765
-302.5300836192994	-6.169916380700613
-312.52993433607594	3.829934336075951
-307.53011974970946	-1.1698802502905323
-317.52997512137085	8.829975121370865
-306.279904747543	-2.4200952524569743
-316.27998042924196	7.579980429241971
-301.2799819001104	-7.420018099889603
-311.27984032795325	2.5798403279532636
-313.77997179597264	5.079971795972654
-303.78001129394625	-4.9199887060537435
-308.7801396518223	0.08013965182232141
-298.7800651378286	-9.919934862171374
-304.4098567050861	-4.290143294913889
-314.410172392778	5.71017239277802
-299.41002966348253	-9.289970336517456
-309.4101523333776	0.7101523333776072
-316.90981273461364	8.20981273461365
-306.90993430338324	-1.7900656966167503
-311.91001213100037	3.210012131000383
-301.91020810457496	-6.789791895425026
-313.1601592934568	4.4601592934567975
-303.16007189641584	-5.5399281035841454
-318.16001933286327	9.460019332863283
-308.16000071079645	-0.5399992892035357
-300.66005578325723	-8.039944216742754
-310.6598328367852	1.9598328367852105
-305.6600985342121	-3.039901465787864
-315.65993066740714	6.95993066740715
-303.4699351012302	-5.230064898769797
-313.46997560679546	4.7699756067954695
-308.47011404183166	-0.22988595816832458
-318.46995604756984	9.769956047569849
-310.9697438148675	2.2697438148675246
-300.96990575088665	-7.7300942491133355
-315.9700323990443	7.270032399044339
-305.97015471253934	-2.7298452874606483
-314.7201730134827	6.02017301348269
-304.720002167254	-3.979997832745994
-309.7200557550556	1.0200557550556368
-299.7198479012897	-8.980152098710278
-307.2199230628891	-1.48007693711088
-317.2200544316717	8.520054431671724
-302.2197628998244	-6.4802371001756
-312.22001332680037	3.520013326800381
-316.6000843336529	7.900084333652899
-306.59986998347046	-2.1001300165295333
-311.6000480160415	2.9000480160415236
-301.5999772796509	-7.100022720349102
-304.10005157558186	-4.59994842441813
-314.10018169656814	5.400181696568154
-299.099912172243	-9.600087827756965
-309.1001054234526	0.4001054234526009
-300.349946429968	-8.350053570032003
-310.3498828342877	1.6498828342877232
-305.34994586803947	-3.350054131960519
-315.3500786684868	6.650078668486799
-312.85000900101437	4.150009001014382
-302.84991230346674	-5.850087696533251
-317.84999633692456	9.149996336924573
-307.84967208879385	-0.8503279112061364
-301.43993516823906	-7.260064831760928
-311.44003525793	2.7400352579300034
-306.44007518090206	-2.2599248190979324
-316.4400622964235	7.740062296423503
-308.93988593484886	0.23988593484887133
-298.9401013681467	-9.759898631853275
-313.9399379025903	5.239937902590327
-303.9398846029557	-4.760115397044274
-315.1898965528621	6.489896552862092
-305.1899989894859	-3.510001010514088
-310.1897667279749	1.4897667279749385
-300.1901137177969	-8.50988628220307
-307.690173185877	-1.0098268141230164
-317.6899684317481	8.989968431748139
-302.6900906275145	-6.009909372485481
-312.6902000752793	3.99020007527929
-318.3101045892277	9.610104589227717
-308.3101946202101	-0.38980537978989105
-313.30994724389035	4.60994724389036
-303.31013004249195	-5.38986995750804
-305.81003368710896	-2.8899663128910333
-315.8099721723925	7.109972172392531
-300.8101102136084	-7.889889786391564
-310.8097753104908	2.109775310490818
-299.56012038680143	-9.13987961319856
-309.5600597256003	0.8600597256003084
-304.55999623768236	-4.140003762317633
-314.5602648365192	5.860264836519207
-312.05988603000566	3.3598860300056685
-302.0598030977895	-6.640196902210505
-317.06011062654767	8.36011062654768
-307.06027651650453	-1.6397234834954588
-309.88009798771134	1.180097987711349
-299.8801169992498	-8.819883000750167
-314.88020468033744	6.180204680337454
-304.8800126206942	-3.8199873793058146
-302.3798865301145	-6.320113469885484
-312.38003134978396	3.680031349783974
-307.38006840520654	-1.3199315947934451
-317.38006989996654	8.680069899966554
-308.6298726775648	-0.07012732243521214
-318.63005554905146	9.930055549051474
-303.62998991459324	-5.07001008540675
-313.62999049587586	4.92999049587587
-316.1301162123817	7.4301162123817335
-306.1298959618024	-2.5701040381975986
-311.1298967364595	2.4298967364595114
-301.12986198718306	-7.570138012816926
-305.499953966319	-3.2000460336809624
-315.49990011187765	6.799900111877662
-300.5001230412163	-8.199876958783705
-310.4998840932276	1.799884093227604
-317.99994083827914	9.299940838279156
-307.99991979553306	-0.7000802044669285
-313.0001054401255	4.300105440125492
-302.99986750520293	-5.70013249479706
-311.7499108537304	3.0499108537304096
-301.75007661697964	-6.949923383020348
-316.7501732150049	8.050173215004918
-306.75024786515496	-1.9497521348450277
-299.25011943854406	-9.449880561455927
-309.25016114061145	0.5501611406114648
-304.25008732007336	-4.449912679926626
-314.2498479778005	5.549847977800539
-313.0399846450737	4.3399846450736845
-303.03994140692794	-5.660058593072051
-318.03995728825885	9.339957288258859
-308.0400767857609	-0.6599232142390861
-300.54010770990044	-8.159892290099549
-310.54000634240856	1.8400063424085715
-305.5401950189471	-3.1598049810529005
-315.5400331851515	6.840033185151526
-304.2903337225207	-4.409666277479289
-314.28970819862457	5.589708198624578
-299.28994490868445	-9.410055091315542
-309.2898667564523	0.5898667564522952
-316.7898218860455	8.089821886045513
-306.79003343135	-1.9099665686499634
-311.790036768557	3.090036768557013
-301.7901253496084	-6.9098746503916
-307.41955129656884	-1.2804487034311478
-317.4199146807604	8.71991468076044
-302.41998326132483	-6.280016738675158
-312.4199856913992	3.719985691399188
-314.9197829101303	6.219782910130334
-304.9199220843456	-3.780077915654374
-309.92005020033497	1.2200502003349811
-299.9200948327688	-8.779905167231163
-311.1700537291708	2.470053729170786
-301.17014226014675	-7.529857739853242
-316.17002520053364	7.470025200533655
-306.17023990096453	-2.5297600990354567
-303.6698766406134	-5.030123359386607
-313.67003431307415	4.970034313074166
-308.67002790345754	-0.029972096542451254
-318.6698893832235	9.969889383223517
-300.8499549662898	-7.850045033710217
-310.8498554893718	2.1498554893718165
-305.8499335552929	-2.8500664447070676
-315.850026629099	7.1500266290989885
-313.3500717791481	4.6500717791481065
-303.34993227751653	-5.350067722483459
-318.3498672309648	9.649867230964787
-308.3497915495114	-0.3502084504885943
-317.1001538302931	8.400153830293107
-307.1001873135552	-1.5998126864448068
-312.0998614537876	3.3998614537875937
-302.10010649629254	-6.599893503707449
-304.5999732633514	-4.100026736648601
-314.5998289381874	5.899828938187397
-299.60016682660495	-9.09983317339504
-309.59988845951153	0.8998884595115442
-313.98005600804066	5.280056008040674
-303.98009561375187	-4.719904386248118
-308.9802672165428	0.2802672165428248
-298.98005042301264	-9.719949576987347
-306.47994868497375	-2.2200513150262395
-316.4797395036771	7.779739503677092
-301.48001733427776	-7.2199826657222275
-311.47996739633385	2.779967396333859
-302.7298857260798	-5.970114273920217
-312.73009943413985	4.030099434139856
-307.7298335005957	-0.9701664994042858
-317.730031947231	9.03003194723101
-310.2300587120139	1.530058712013897
-300.22998619667527	-8.470013803324719
-315.23004185914084	6.530041859140852
-305.22994863403477	-3.470051365965219
-299.12992300546	-9.570076994539988
-309.1299220019017	0.4299220019017298
-304.12988885942366	-4.57011114057633
-314.13008541735405	5.430085417354064
-311.62991441868405	2.9299144186840635
-301.62992543308144	-7.070074566918549
-316.6298877385515	7.929887738551486
-306.6301165181893	-2.0698834818106775
-317.8801291892331	9.180129189233128
-307.8800594470857	-0.8199405529142609
-312.87999956198007	4.1799995619800825
-302.88004149950837	-5.819958500491623
-305.37995935775587	-3.3200406422441233
-315.38009473110185	6.68009473110186
-300.3799456528167	-8.320054347183316
-310.3801079572394	1.680107957239386
-316.0100969912362	7.3100969912362075
-306.01008647444473	-2.689913525555255
-311.00981493716586	2.309814937165868
-301.01018655505845	-7.689813444941535
-308.50990830468595	-0.19009169531403813
-318.50986560473007	9.809865604730078
-303.5099454459794	-5.190054554020605
-313.51006350071634	4.810063500716353
-302.2601547599577	-6.4398452400423025
-312.26008090372284	3.5600809037228487
-307.2599453472428	-1.4400546527571692
-317.2600442550863	8.560044255086325
-309.7600997658717	1.060099765871712
-299.7600447954153	-8.939955204584692
-314.75986243906095	6.059862439060964
-304.7599734299863	-3.9400265700136856
-311.9500254014596	3.2500254014595953
-301.94994976408015	-6.7500502359198435
-316.95009310695167	8.250093106951681
-306.9500970423134	-1.7499029576865723
-299.45011991824975	-9.249880081750234
-309.4499011675054	0.7499011675054135
-304.4499876068541	-4.25001239314588
-314.4499710081538	5.749971008153807
-305.7000408191781	-2.999959180821861
-315.70001440030427	7.000014400304281
-300.699974168546	-8.000025831453968
-310.6999402165886	1.999940216588584
-318.19983098580104	9.499830985801054
-308.20003079149245	-0.4999692085075367
-313.19969446178146	4.499694461781473
-303.20008747296487	-5.4999125270351215
-307.569981836183	-1.1300181638169988
-317.56993622553665	8.869936225536662
-302.57008088507183	-6.129919114928157
-312.5701247425316	3.8701247425316296
-315.07009448165473	6.370094481654746
-305.0702210371713	-3.629778962828709
-310.0701007108385	1.3701007108385284
-300.07005521817365	-8.629944781826339
-308.82011992690997	0.12011992690997886
-298.8199711252494	-9.880028874750565
-313.8198712182787	5.119871218278718
-303.81995024199597	-4.88004975800402
-301.3201151057004	-7.379884894299607
-311.32017485115676	2.6201748511567757
-306.3199421799948	-2.380057820005163
-316.3201345325836	7.62013453258362
-314.53015504360997	5.830155043609977
-304.53001874167353	-4.169981258326459
-309.53006125816796	0.8300612581679729
-299.53003868720884	-9.169961312791145
-307.0300389017159	-1.669961098284091
-317.0300895359353	8.330089535935315
-302.02992337660476	-6.670076623395232
-312.03007045256277	3.3300704525627793
-303.28001468927437	-5.419985310725622
-313.2799789841331	4.579978984133106
-308.28018650661875	-0.4198134933812412
-318.2800050162489	9.58000501624889
-310.7800661680569	2.0800661680569306
-300.7801745261952	-7.919825473804792
-315.7798944417493	7.079894441749332
-305.77994873571686	-2.9200512642831313
-300.14999640513304	-8.55000359486695
-310.1498437156969	1.4498437156968862
-305.14994382457496	-3.550056175425027
-315.1499542290534	6.4499542290533896
-312.6500986251543	3.9500986251543395
-302.64996422435104	-6.050035775648951
-317.6499221519465	8.94992215194651
-307.650148565985	-1.049851434015011
-316.4001349789454	7.700134978945414
-306.4000269295342	-2.2999730704657964
-311.3999886701371	2.6999886701370883
-301.40009602865973	-7.299903971340257
-303.8999837282885	-4.800016271711513
-313.89991384265375	5.199913842653757
-298.90006677649797	-9.799933223502023
-308.89979387989877	0.1997938798987775
-306.7099720327505	-1.990027967249489
-316.70995897176994	8.009958971769947
-301.709975409155	-6.990024590844996
-311.7101051514191	3.0101051514191113
-314.21007319423023	5.5100731942302446
-304.21004275445097	-4.4899572455490215
-309.2099924792446	0.5099924792446018
-299.2100393168775	-9.48996068312249
-310.4599877103764	1.7599877103764356
-300.46021239936175	-8.239787600638238
-315.4600649478679	6.7600649478679316
-305.4600129526961	-3.2399870473038845
-302.9597971332268	-5.740202866773188
-312.960050326209	4.2600503262090115
-307.9600901398998	-0.7399098601001697
-317.96006995449756	9.260069954497567
-313.59002769462296	4.890027694622972
-303.5899252484315	-5.110074751568504
-318.5900364432708	9.890036443270787
-308.59002571257935	-0.1099742874206413
-301.0899469598833	-7.610053040116668
-311.09002596601914	2.3900259660191523
-306.09018939477556	-2.6098106052244248
-316.08995242233306	7.389952422333067
-304.83987985523873	-3.860120144761254
-314.8399338872094	6.139933887209395
-299.8401040853676	-8.859895914632375
-309.84007923976725	1.1400792397672603
-317.3400234622239	8.640023462223894
-307.34001911279285	-1.3599808872071435
-312.3400029447037	3.640002944703724
-302.34000466771414	-6.359995332285848
-308.119860728778	-0.5801392712219808
-318.1200072145849	9.420007214584928
-303.1201450892669	-5.579854910733104
-313.12007855402146	4.420078554021472
