name = 'C-O'
composition = {'H':0, 'C':1, 'N':0, 'O':1, 'Pt':1}
facet = ['Ni211'] 
IS_SPE =[-92.107, 'eV']
IS_ZPE =[0.185, 'eV']
IS_frequencies=[12.0, 162.2, 275.1, 336.6, 349.2, 1864.2, 'cm-1']
TST_SPE=[-90.0149299, 'eV']
TST_ZPE=[0.144, 'eV']
TST_frequencies=[292.2, 388.1, 469.3, 576.0, 593.5, 'cm-1']
no_reactants=2
bee_IS = [-5.02237907e+02, -3.98092790e+01, -1.16191217e+02,  3.88861187e+02,    -1.83615739e+02, -1.60926913e+02, -3.42830242e+02, -7.64432272e+02,    -3.65817673e+02, -4.09756652e+02, -3.34050067e+02,  3.94768741e+01,     1.22320109e+01,  2.60354887e+01,  2.68210995e+01,  4.04710697e+02,    -1.78708808e+02, -1.57887873e+02,  1.50439518e+02, -9.54476557e+02,     5.02293381e+02, -2.29554596e+02, -4.38162658e+01, -1.03485623e+02,    -4.87411904e+01, -4.99302265e+01,  7.41961855e+02, -1.83061267e+02,    -7.08551155e+01, -4.51367752e+02,  6.64037274e+02, -1.17242209e+02,    -3.34696605e+02,  2.05763046e+02, -3.65012124e+01,  1.67556037e+02,    -2.71360294e+01,  6.11031088e+01,  2.34593248e+02, -8.73858337e+02,     4.65092773e+02,  1.10162334e+02, -4.96469477e+01, -2.89727864e+02,     9.66561034e+01, -1.55011755e+02,  3.76578118e+02,  3.17428097e+02,    -2.36378406e+02, -2.50983375e+02, -2.56478406e+02, -2.90783761e+02,     9.79068437e+01, -4.26668891e+02,  1.17455975e+02,  5.14596837e+02,     5.87333968e+02,  2.98443363e+02,  1.38152984e+02,  2.35339276e+02,     7.69974266e+02,  1.80685173e+02, -4.73049416e+02, -1.06378588e+02,    -2.02104902e+02,  5.24081955e+02, -6.42913308e+02, -5.37872132e+02,    -2.32555270e+02, -8.37952414e+01, -3.75949234e+02,  2.29959811e+02,     8.26425642e+01,  1.12438460e+02, -3.31139970e+02, -2.98875526e+02,    -4.83746332e+02,  3.21686974e+02, -2.80817417e+02,  2.26069338e+02,    -5.66130148e+01, -2.51752237e+02, -4.99784574e+02, -1.49025487e+02,    -9.69753911e+01, -1.36550077e+02,  3.38122587e+02,  6.07498781e+02,    -3.62254398e+02, -6.86832842e+02, -1.70528328e+02,  9.51062736e+02,    -4.90251402e+02,  2.84317450e+02, -9.06541529e+01, -5.33181131e+02,     2.06516277e+02,  3.27524942e+02, -1.50387911e+02,  3.02467079e+02,    -2.29875410e+02, -4.40047469e+02,  7.63859468e+02,  3.98850576e+02,     2.66202687e+02,  1.25647691e+02,  2.10554777e+02,  6.98719506e+02,    -2.13453534e+02,  4.95820287e+01, -1.18552190e+03,  1.58064964e+02,    -5.85064136e+02,  1.24334348e+02,  1.85082376e+02, -2.92667774e+02,    -4.59206850e+02,  5.36852492e+01, -2.52027990e+02,  3.04508139e+02,    -4.35757371e+02, -2.26867369e+01, -3.04400748e+02, -3.58127845e+01,    -2.79221253e+01,  1.44537078e+02,  1.09911473e+01, -5.11510396e+01,     5.18483701e+02,  7.82325057e+02,  4.09869780e+02,  6.69303453e+02,    -1.02297224e+02,  1.15882025e+02,  4.70297328e+02, -7.74773425e+01,    -6.54566771e+02, -3.20832330e+02, -4.29880022e+02, -2.46004188e+02,     2.39983785e+02, -1.00995162e+03, -1.65083848e+02,  3.68153078e+02,    -3.12427099e+02, -3.15346549e+02,  4.64249916e+02,  3.77034705e+02,    -2.96443177e+02,  1.65776501e+02, -2.10506877e+02,  2.98069180e+02,     3.36903740e+01,  1.31106249e+02, -7.43926942e+02, -4.15797434e+02,    -6.58632145e+01,  2.67237142e+00, -3.31261470e+02,  9.13815472e+02,    -1.90431213e+02, -2.87818033e+02,  3.22149259e+02, -4.11154143e+02,    -2.79523926e+02,  2.62223636e+02,  9.47069476e+01,  1.11219285e+02,     1.03617933e+02, -9.65953321e+01,  1.66431263e+02,  4.99006519e+02,    -2.53216119e+02,  1.48062355e+02,  7.79303429e+02,  2.87007585e+02,    -7.46367012e+01, -1.64167789e+02,  1.31843603e+03, -1.50614520e+02,     3.02796275e+02,  1.85766709e+02,  2.95028007e+02,  7.61671221e+02,     4.27497603e+02, -2.49565951e+01,  1.93953962e+02,  4.05007600e+02,     3.32697602e+02, -4.76066129e+02,  8.01181836e+02, -7.13405829e+02,    -1.51605147e+02,  4.92647419e+02,  7.17600980e+01,  5.92199733e+01,     2.68405114e+02,  2.09788385e+02,  3.06763374e+02, -5.47383408e+02,     4.33297525e+01, -2.34435581e+02, -9.33899748e+01, -2.89194318e+01,    -7.63640025e+01, -4.74269282e+01,  7.01306271e+02, -7.27130537e+01,    -2.37267643e+02, -1.92976207e+01,  1.00061416e+02, -5.04307809e+02,    -3.83118480e+02, -3.12343443e+02, -5.40445025e+02, -1.41160067e+02,    -3.56670059e+02,  1.66074011e+02, -1.00840453e+01, -9.09811386e+01,    -7.33441073e+01,  5.59618178e+01, -1.71948080e+02,  5.73672205e+02,    -7.03627157e+02, -1.38355176e+02, -1.34715953e+02,  1.44251981e+02,     1.57868105e+02, -3.96247145e+02, -1.57199071e+02,  3.58205279e+02,    -1.91293394e+02,  1.35623363e+02,  3.16661139e+02, -3.64412174e+01,     9.68668009e+02, -1.76665257e+02, -2.75914663e+02,  5.54843462e+01,    -1.94236111e+02,  4.55509178e+02, -3.08489224e+02,  7.29346562e+01,     5.36726515e+02, -1.12242281e+02,  1.03041162e+03,  1.09987255e+03,    -5.62478999e+02,  4.97984209e+02,  1.43341128e+02, -4.58234517e+02,     1.50823732e+02,  3.10716430e+02,  3.25534987e+02,  2.02671125e+01,     1.00877122e+02,  6.09581009e+02, -1.97735321e+02,  1.39828049e+02,     6.52960164e+02, -3.20167067e+02, -1.27653678e+02,  4.46273236e+02,     2.29607590e+02,  6.53786118e+02,  2.19999965e+02,  5.78518401e+01,     2.24981553e+02,  3.32918289e+02, -4.14633113e+02,  2.90962745e+01,     1.57118407e+02,  1.05365035e+02,  1.87894185e+02, -5.02501892e+02,     2.94161994e+02, -3.81425082e+02, -2.70667314e+02,  1.50304064e+02,    -1.21146448e+02,  4.69726749e+02, -2.08062337e+02,  2.48758268e+02,     2.79928503e+02,  6.82711526e+02,  4.75394453e+02,  4.06110963e+02,    -7.59312524e+01, -5.83054744e+01, -2.71140280e+02,  6.56416806e+02,     6.73592370e+02,  3.19994462e+02, -1.97097593e+02,  4.31194024e+02,    -7.72282917e+01,  1.81917264e+02,  5.32883600e+02,  6.81728312e+00,    -6.61743977e+01, -2.12719421e+02, -4.55077303e+02,  8.30471814e+02,     3.86318983e+02, -4.78949440e+02, -1.32404624e+02,  2.38868036e+02,    -9.04498319e+01,  5.33438546e+02,  1.04698039e+02,  6.82044785e+02,     2.65094561e+02, -2.43542670e+02,  2.12568598e+02, -3.62553148e+01,    -2.72692715e+02,  1.43907331e+02,  1.61131022e+02,  7.77415186e+02,     6.84216162e+02,  4.50249553e+02,  5.97221867e+02,  6.20144462e+01,    -2.34802322e+02,  1.33967671e+02, -2.84544815e+02, -4.32899462e+02,    -4.95562733e+02, -2.33382859e+02, -9.22101939e+02, -2.65913717e+02,    -7.30384125e+02,  1.83418401e+02, -3.93870443e+02,  3.49885219e+02,    -8.18059478e+02, -2.77032536e+02,  4.23161069e+02,  1.92383084e+02,    -7.36950672e+02,  5.31758267e+02, -2.06561847e+02,  4.45793949e+02,    -2.19889850e+02, -6.74640950e+02,  1.04045766e+02, -5.44142576e+02,    -1.15087491e+02,  2.57232470e+00,  3.63393531e+02,  1.06970132e+03,    -3.89029407e+02, -2.99336276e+02, -2.44569373e+00, -1.19665727e+02,    -6.93709142e+02, -4.75852071e+02,  4.23607749e+02, -2.17358791e+02,     1.43717130e+02, -4.16298420e+02, -1.27641149e+02, -3.42941807e+02,     4.57988994e+02,  1.31523965e+02, -1.91565676e+02, -1.14397142e+02,     8.61710326e+01, -7.15628888e+01,  3.71575904e+02, -2.14368417e+02,     4.36480858e+01,  2.93159251e+02,  1.50093168e+02, -1.49056651e+02,     1.32259741e+03,  4.62766080e+02,  2.89938736e+01,  9.03514061e+01,    -5.26827948e+02,  2.64159889e+02, -6.40039432e+02, -2.19199086e+02,    -4.69957452e+02, -1.63144403e+02,  4.74501209e+02, -4.82039676e+02,     1.54814040e+02, -2.35054653e+01,  2.78501556e+01, -3.18027842e+02,    -3.81970575e+02, -2.59418347e+00, -3.65681706e+02, -1.89267381e+02,    -3.49293900e+02, -8.90579287e+01, -3.06337380e+02, -4.38557330e+02,     1.92045921e+02, -1.47635551e+02,  1.80609667e+02,  8.67071405e+01,    -6.27354890e+02, -4.67859172e+02, -3.38835254e+02,  3.04254012e+02,    -8.70245020e+00, -5.39968723e+02,  4.96400720e+02, -3.39519175e+02,     4.67023809e+02, -2.56813443e+02, -4.15348360e+02,  2.26914522e+02,    -5.78702590e+02, -3.31213412e+02,  5.44769303e+02,  1.54161213e+02,    -3.45191198e+02,  4.47474101e+02, -1.45989010e+02, -3.21846059e+02,    -2.61262989e+02, -4.14319621e+02,  2.02470592e+02, -7.75058853e+02,    -7.10970258e+02, -8.24124120e+01, -2.57559024e+02, -4.69927344e+02,     6.15048926e+02,  1.12717396e+03, -2.82310776e+02, -2.76199555e+01,    -5.38700385e+02,  5.64078807e+02,  1.57787479e+02, -1.66641168e+02,    -3.29402457e+02,  1.44364355e+02, -5.19442977e+02, -1.71956820e+02,    -7.57748313e+02,  2.98177707e+02,  1.12269496e+02,  5.14166322e+00,    -5.86517803e+01, -2.90956786e+02, -7.60823637e+01,  1.08879886e+03,    -1.64600861e+02, -3.94045120e+02, -5.78682745e+02,  1.11042455e+02,    -3.06479303e+02,  7.53339808e+01,  2.48837173e+02,  5.74247551e+01,     2.40271253e+02,  1.02298282e+02,  5.09240484e+02,  2.63422458e+02,    -2.89025793e+02,  3.60588701e+02,  2.96481902e+02,  9.50596940e+01,     3.81920253e+02, -2.09366062e+02,  6.20732135e+02,  1.57736737e+02,    -2.56876287e+02, -4.93132011e+01, -1.63343414e+02,  2.05797024e+02,    -2.25083347e+02, -2.50442208e+01, -9.18130726e+01,  7.08800789e+02,     4.57107628e+02, -5.76653143e+02, -3.52639637e+01, -4.61070022e+02,    -1.50495908e+02, -1.93929786e+02,  6.29578200e+01, -1.23290782e+01,    -2.21032550e+02,  1.07854531e+02, -5.91073446e+01, -8.99616382e+01,     7.40822304e+02,  1.54615051e+02, -6.92135386e+02, -3.78760013e+02,     7.88358186e+02,  2.34055726e+02, -7.30921713e+01,  9.07933358e+02,    -1.58311155e+02, -9.70968673e+01, -4.99297120e+01,  1.14978193e+02,     2.42793161e+02,  3.49264139e+01,  2.28967890e+02, -1.35794603e+02,    -2.65075460e+02, -3.69502124e+02, -4.08999767e+02,  3.83601352e+02,     1.08218610e+02,  3.22654527e+02,  1.18027248e+02,  7.56089911e+02,     1.49983708e+02, -6.99056102e+02, -2.93266455e+02,  8.46541700e+01,    -2.37091432e+02,  5.30086209e+02, -1.06546358e+02,  1.56975207e+02,     4.25427870e+02, -6.26693813e+02,  1.26854837e+03,  1.65525754e+02,     2.03572644e+02,  2.99191285e+02,  6.87547060e+01, -6.19998209e+00,     3.07970613e+02, -3.03023513e+02,  6.97773395e+02,  6.01806672e+02,    -3.53448958e+02,  1.27357974e+02,  5.92614396e+02, -1.84932330e+02,     1.36041145e+02,  3.65005792e+02,  3.64260652e+02, -6.69074294e+02,    -1.18665268e+02, -2.99386881e+02, -2.59327908e+01, -3.56032600e+01,    -2.27437268e+01, -1.39467164e+02, -2.50661755e+02,  7.03463547e+01,     8.72029338e+01,  4.56471228e+02, -3.58930184e+02,  3.29703795e+02,     3.81528693e+02, -1.42268811e+02,  7.56045255e+02, -5.82880148e+02,    -8.98731091e+02, -5.66920320e+01, -7.15587999e+01,  4.50148797e-01,     6.72312523e+02, -6.23282180e+01,  3.46874879e+02,  4.07371390e+02,     3.24142677e+02, -9.03391222e+01,  5.39438114e+02, -1.36111976e+02,    -2.75502205e+02, -3.94945872e+02,  4.58838400e+01,  3.28049126e+02,    -4.30704573e+01,  3.26843815e+02, -2.60068095e+01,  5.45668141e+02,     1.69984091e+02,  7.59158134e+01, -4.73863084e+01,  2.89093872e+02,     3.22104395e+02,  1.69952768e+02, -6.85618296e+00, -4.57291511e+02,     2.56372985e+02,  1.68400880e+02,  3.14666834e+02,  2.64432384e+02,     3.01667063e+02, -5.06608879e+01,  2.30609091e+02, -2.09985741e+02,    -8.98162099e+00, -4.73868187e+02, -2.65497436e+02,  3.33410203e+02,    -7.71365712e+02,  2.50592876e+02,  1.44904714e+02,  7.04941929e+02,    -2.22575591e+02,  2.59510059e+02, -9.98761530e+01, -4.12036791e+02,    -6.13502515e+02, -6.91335310e+01, -7.48555175e+02,  1.37429366e+02,    -1.75962035e+02,  2.55102938e+02,  1.73946547e+02, -2.17521538e+02,    -2.12962462e+02,  3.28733667e+02, -5.10337790e+02, -1.03804533e+02,    -1.77081347e+02,  1.99378765e+02, -4.56131255e+01,  4.94473220e+01,    -1.83811665e+02,  4.84296258e+02, -4.04862351e+02,  8.22851901e+01,     5.11045278e+02, -2.91333515e+02,  1.54286111e+01, -3.22793755e+01,    -5.83892421e+02, -3.95652681e+02, -6.82505192e+01,  2.24459031e+02,     2.73806890e+02,  4.13788769e+01, -6.89329894e+01,  1.88248609e+02,    -3.84223875e+02,  2.39568910e+00, -4.28334383e+02, -2.33939293e+02,     3.99857543e+02, -2.50212857e+02,  5.45534569e+02, -1.80964216e+02,     2.99363461e+02,  2.17426584e+02, -5.29752448e+02, -2.42885299e+02,     7.29385356e+01, -3.39018649e+02, -2.97497878e+02, -7.37959111e+02,    -4.73922356e+02, -4.44603919e+02, -3.65709684e+02,  1.93021073e+01,     1.11962101e+02,  8.42191374e+00,  1.77798433e+02, -4.84961517e+02,     1.22978027e+02,  1.76604756e+02, -5.65367913e+02, -5.48155917e+02,    -3.49700590e+02, -1.97754110e+02,  1.66290438e+02,  7.68246246e+00,    -3.78019530e+02,  3.03244267e+02, -1.69735098e+02,  4.25439029e+02,    -7.59348547e+02,  5.13005597e+02, -3.14228172e+01, -3.11232952e+02,    -2.22582760e+02,  2.76001821e+01,  3.61037997e+02, -6.41458411e+02,    -1.20179511e+02, -1.74460287e+02,  4.17341289e+02,  7.14483627e+02,    -8.25932715e+02,  7.95167983e+02,  3.88255392e+02, -6.34939355e+02,    -2.99795983e+02,  6.48315504e+02,  5.14670667e+02, -1.52305084e+02,    -3.06265914e+01,  8.86627765e+01,  6.02407866e+02, -4.48376890e+02,     1.38875193e+02, -6.45374972e+01,  2.59179608e+02, -6.29360495e+02,    -6.46920013e+01, -2.86389230e+02,  4.02166504e+02,  3.63337295e+02,    -7.29120193e+02, -4.21692455e+02, -1.93607872e+02, -3.30525729e+02,    -1.24652488e+02, -1.96603480e+02,  3.64632739e+02,  3.53469521e+02,    -5.01252888e+01, -3.92747082e+02, -7.11011089e+02,  3.69878377e+02,    -4.32259586e+02, -2.67013788e+02,  4.08823241e+01, -2.93263149e+02,    -3.54838740e+02, -2.19498029e+02, -3.58548374e+02, -2.28676441e+02,    -4.33387228e+02,  4.95761935e+02,  5.49872249e+02, -2.85930408e+01,    -2.03512925e+02, -1.35512290e+01,  3.61639392e+02, -7.50656812e+02,    -1.77237358e+02,  4.26162216e+02,  5.71607705e+02, -1.57412597e+02,     9.63406027e+01,  4.66535579e+02,  1.32769821e+02, -5.71387040e+01,    -3.76973368e+02,  1.92934197e+02, -3.05944629e+02, -1.36367806e+02,    -1.64987153e+02, -1.59812155e+02,  1.69594634e+02,  6.65406762e+02,     6.77102091e+00,  3.52327281e+01, -7.72407794e+02, -1.47990809e+02,    -3.23210726e+02,  3.98393951e+01, -3.59686423e+02,  6.69400860e+02,     6.93780986e+02,  1.25599085e+02, -1.27165444e+02,  1.23527598e+02,     2.17112228e+02, -4.07727968e+02, -6.59646319e+01,  1.18563667e+02,     1.18381156e+02,  4.84120370e+02,  3.84693178e+02, -1.77500217e+02,     2.42213436e+02, -8.24401845e+02, -3.68102536e+01,  7.27405780e+02,     8.21230989e+01, -6.30043008e+00,  2.83962986e+02, -2.48042151e+02,     7.92014581e+02, -1.04907478e+02,  7.26582104e+02,  3.16898339e+02,    -3.27465617e+02,  2.61352824e+02, -2.63793395e+02, -5.87520439e+02,    -3.41076409e+01, -4.84174505e+02, -4.56319404e+02, -4.56560271e+01,     2.74737552e+02, -4.88160086e+01, -2.88015044e+02,  6.43519417e+01,    -6.22889401e+02, -7.91602018e+01, -7.08495215e+02,  4.45544823e+02,    -1.14839086e+01, -4.38711118e+02, -1.62260610e+02,  1.48229770e+02,    -2.75133096e+02, -4.03707274e+02,  7.70808395e+02, -1.91585756e+02,    -3.80331453e+02,  2.15469917e+02, -1.01505334e+02,  4.38857841e+02,    -1.38669524e+01,  7.44766452e+01,  8.72619362e+02, -1.53736241e+02,    -2.99125829e+02, -3.19153620e+02, -4.55518432e+02, -2.82662982e+02,     2.43235609e+02,  1.79584705e+02,  1.81849476e+02,  6.42219874e+02,     2.01850883e+01,  1.43122691e+02, -5.69091904e+02,  2.10173147e+01,    -2.00470375e+02, -2.29172696e+02,  1.52889879e+01,  3.01411514e+02,     3.29077494e+02,  6.72265329e+00,  8.04285639e+01,  2.53236084e+02,     3.20906100e+02, -2.06654047e+02, -1.12927665e+02,  1.45754413e+01,    -2.01207221e+02, -6.75072521e+01, -2.32471778e+02,  6.50117929e+02,     5.58543741e+02, -1.09531563e+02,  1.03645593e+02, -2.06161894e+01,    -2.04244011e+02,  2.86990061e+02, -7.59841837e+01,  3.35164798e+02,    -4.62471574e+02,  1.62547825e+02, -9.55494072e+01, -4.69058160e+02,    -2.17727685e+02,  2.35294522e+02, -7.36025016e+02,  3.63114216e+02,     4.23596209e+02, -6.15577693e+01, -4.40540393e+01, -2.80226527e+01,     2.09569305e+02, -2.83687881e+02,  3.13244500e+02,  2.43666193e+02,    -8.99100723e+02, -2.84129735e+02,  1.94756461e+02, -7.89455834e+01,     3.29104531e+02, -5.29196783e+02, -4.54863825e+00, -3.57478799e+02,    -1.06325576e+03,  6.45511318e+02, -5.10956902e+02, -4.95355164e+02,     7.62620807e+01,  1.10139008e+03,  1.75044601e-01, -1.85233423e+02,    -1.81074255e+01, -6.11452893e+01, -7.61863907e+02, -5.32009482e+02,     6.69294052e+02, -4.43684984e+01, -3.40658187e+02,  4.33243484e+02,    -2.97103391e+02,  3.40284821e+02,  4.68798805e+02, -5.30020618e+02,    -2.21041902e+02, -2.96366011e+02, -1.29004083e+02, -1.66566408e+02,    -5.76452780e+01,  1.18118049e+02, -2.89079305e+02,  2.55530697e+02,     5.14055532e+02, -1.38943039e+02, -1.53108458e+02,  1.18966386e+02,     4.93575707e+02,  4.18460021e+02,  3.14872047e+01, -1.42941795e+01,    -4.63279440e+01, -4.37482672e+02,  3.25166638e+02, -2.06319092e+02,     1.70177792e+02, -1.35920546e+02,  2.50123693e+02,  1.51022374e+02,    -6.77688550e+02, -2.39542793e+02, -6.79535385e+02, -2.78849345e+02,     6.43451219e+01, -1.48055819e+02,  2.57359801e+02, -2.48690776e+02,     1.64435606e+01,  9.02582340e+01,  6.41089234e+02,  3.22000855e+02,    -2.32249685e+02,  1.75781586e+01,  9.55226952e+01,  3.43865949e+02,    -5.53652295e+00,  4.35593439e+02,  2.08828567e+02,  7.67163632e+02,     2.19628083e+01,  5.88674291e+02, -2.24532948e+02, -3.31510507e+02,     7.13309468e+01,  6.31720408e+01,  2.62322838e+02, -5.49097827e+01,    -1.37299151e+02,  2.23964954e+02, -3.94607304e+02, -4.45873047e+02,     6.60825363e+02, -5.09730778e+01, -3.68442897e+02, -4.14235942e+00,    -1.21670311e+02,  3.01185396e+02,  2.84787808e+02, -1.68934668e+02,     9.84451142e+00, -2.33013713e+02, -2.80474711e+02, -2.45586432e+02,    -8.23351622e+02, -2.93449842e+01, -5.55187364e+02, -4.74288680e+02,    -3.39565872e+02,  1.51074751e+02, -3.24522326e+02,  1.88170211e+02,    -4.86082099e+02,  9.09345452e+00, -3.50055089e+02,  6.45198538e+01,     1.01856156e+02,  2.49964737e+02, -1.70215495e+02, -1.26429546e+02,     2.23982778e+02,  5.17835897e+02,  2.80239968e+02,  6.71550444e+01,    -5.87545529e+02, -1.19390902e+02, -2.66141717e+02, -5.22715886e+02,     3.56511230e+02, -2.97910018e+02, -3.76843576e+01, -1.97370453e+02,    -8.72501348e+02,  4.29106684e+02, -1.43607243e+02,  3.54924272e+02,    -5.97622263e+02,  5.64446117e+02,  3.67137382e+01, -2.68226156e+02,     4.02044058e+01, -2.01652938e+02, -5.88256617e+02,  1.21601124e+02,     2.41327357e+02,  2.80675257e+01, -3.11361802e+02, -1.12121000e+02,     1.39753617e+02,  2.51669141e+02,  5.52164149e+02,  2.19077024e+02,    -2.02362105e+02,  7.60161209e+02,  2.48488780e+02,  3.36535119e+02,    -1.46112912e+02,  2.28522446e+02,  1.49156910e+02, -5.31025246e+02,    -1.61741187e+02, -3.39071976e+02, -2.69301605e+02, -8.94842501e+01,    -1.51454422e+02, -3.19851945e+02, -9.77572780e+02, -2.62262412e+02,     1.32872275e+02,  8.69141475e+01,  8.04217020e+01,  4.26904379e+02,     1.59625550e+02,  2.75593490e+02, -3.63442958e+02,  3.97789566e+02,    -4.23984706e+02, -6.59378468e+02,  1.64846604e+02, -3.47415791e+02,    -3.60962993e+02, -1.35670151e+03, -1.02887364e+02,  6.88239501e+02,     4.01158917e+02, -8.79316137e+01, -1.02258021e+02,  2.54000739e+02,     5.86049711e+02, -3.47550971e+02, -8.20403020e+01, -2.73144959e+02,    -3.09467932e+02, -2.93545822e+02,  1.36785068e+02,  6.16540412e+02,    -5.65737959e+02, -4.55734080e+02,  2.12471418e+01, -7.38716282e+01,    -1.21791841e+02, -8.01351276e+02,  4.87145455e+02,  2.16734506e+02,     7.71397240e+01,  4.16821577e+02, -2.61045930e+02,  2.55113662e+02,     2.32120152e+02,  4.54926939e+01, -3.99526059e+01,  1.05750974e+02,    -1.39370713e+02,  4.04576838e+02, -3.75492696e+02,  3.61812509e+02,     8.00178331e+01,  9.61489041e+01,  2.03655960e+02, -7.41006402e+02,     5.53141743e+01, -5.50628328e+02, -4.35069469e+02, -4.22144485e+02,    -3.87118358e+02,  1.19145675e+01,  1.11863579e+02,  4.15152705e+02,     8.32975602e+01,  1.18430220e+02, -6.12101695e+02, -2.15332480e+02,     2.83157637e+02,  1.17850684e+01,  1.62191265e+01, -6.99467401e+01,     3.15448405e+02, -7.84659192e+02,  9.03650029e+01,  2.03616587e+02,     3.91576678e+02,  3.34389977e+02, -4.88535531e+02,  6.50931217e+01,     3.66884441e+01,  3.73035651e+01,  1.65921357e+01, -1.67256497e+02,    -2.70097806e+02,  1.35466170e+02,  5.39076033e+02, -7.73123007e+01,     8.19391067e+01,  1.53357877e+02, -2.12758813e+02, -2.11096244e+02,    -9.93463161e+02, -3.29803391e+02, -4.35847308e+02, -6.53085631e+01,    -5.45576293e+02,  6.45729826e+02, -2.53610490e+02, -4.53935264e+02,    -1.34561447e+03,  5.62764974e+02,  1.17908195e+02, -1.29404665e+01,    -5.27834717e+02,  9.06098800e+01, -1.49251577e+02, -2.79985815e+02,     1.01005329e+02,  2.75547631e+02,  6.80907691e+01, -1.47998269e+02,    -2.86253762e+01,  6.99234722e+00,  1.65588374e+02, -5.22672177e+02,     6.00558518e+02, -3.59970287e+02, -2.32746430e+02, -3.60423380e+02,    -8.33479847e+02,  8.15992163e+01, -4.10180762e+02, -1.89400204e+02,     2.93094707e+02, -2.06601541e+02,  5.33866076e+00, -8.42481751e+01,    -2.20544062e+02,  1.41328848e+01,  4.56123959e+02, -4.46215564e+02,     7.89315768e+02, -1.69679817e+02,  2.91745737e+02, -6.65225943e+01,     1.28399880e+02, -1.01176882e+02,  4.02422647e+02,  5.36843440e+02,     1.71216507e+02,  4.70499102e+02, -3.34486410e+02, -2.77872838e+01,    -1.95404263e+02,  5.85577496e+02,  4.95498380e+02,  3.79815642e+02,    -1.27687210e+02, -2.59515702e+02,  2.31348303e+02, -2.21910041e+02,    -1.18442210e+02, -6.23445342e+01, -2.22648062e+02,  4.40174875e+02,    -4.95762104e+01,  3.39305922e+02,  1.20870426e+02,  1.46148043e+02,    -2.93282720e+02,  2.78191725e+02, -1.56551356e+02, -1.12488515e+02,    -2.58822746e+01, -4.36484787e+02,  6.58695378e+02, -2.42084745e+02,    -3.57762114e+01,  1.70077190e+02,  1.46533282e+02,  6.06572028e+02,    -1.40968088e+02,  6.58446297e+02,  5.97654900e+02, -8.33741768e+02,     7.48462184e+01, -1.75572609e+02,  1.25485999e+02,  7.48026534e+01,     1.50423538e+02,  5.17465820e+02,  7.93967576e+02, -6.72748882e+02,     6.57605945e+02, -7.90866609e+02, -6.59185954e+02, -1.05188406e+02,    -1.00687676e+01,  6.01929414e+02,  3.32270635e+02, -1.57563349e+02,    -7.94605437e+02,  6.03465968e+02, -3.85786834e+02, -9.97684083e+00,    -4.35907139e+01,  1.06236838e+03, -2.43061881e+02, -9.03392961e+02,     2.64809868e+02, -1.38696310e+03,  9.53238942e+01, -3.05735098e+02,    -1.55513559e+02, -2.34169100e+02, -5.02917214e+02,  3.52035794e+02,    -3.10391365e+02, -7.81799195e+01, -6.71650061e+02, -5.75236313e+01,    -4.09635003e+02, -6.38836788e+02, -1.05077866e+03,  8.71020111e+01,    -2.76395633e+02, -7.48177666e+00, -1.15985570e+02, -6.79093346e+02,    -5.41568962e+02, -4.52873388e+02, -4.56869854e+02,  4.70143375e+02,     8.00305292e+01, -4.09965015e+02, -1.56859661e+02, -1.92092346e+02,     3.18560422e+02, -2.85999084e+02, -1.05869730e+02, -1.92691088e+02,    -3.07357033e+02, -3.21028856e+02,  3.28216720e+02, -1.50363386e+02,    -7.80428954e+02,  6.60660321e+02,  4.02995573e+02,  5.29228189e+01,    -6.21165522e+02, -6.47439015e+02,  9.30776968e+01,  1.20339321e+01,    -2.54974249e+02, -4.16719930e+02,  3.04629594e+02, -6.76805007e+01,     2.34253200e+02,  4.23795631e+02,  2.88675228e+02,  3.02600087e+02,     2.18786051e+02, -1.74246321e+02, -1.07253866e+02, -1.88867619e+02,    -2.99140949e+02, -3.91940144e+02, -5.54595616e+02, -3.35376551e+02,    -6.87428302e+01, -6.83333692e+02, -7.39400543e+01,  2.79164641e+02,    -6.12021434e+02,  2.12720209e+02,  1.85927038e+02, -6.03741470e+02,    -4.86676749e+02, -1.33699798e+02,  1.81701301e+02, -3.40188111e+02,     6.00011645e+02,  5.38067510e+02, -6.42813614e+02,  4.34035314e+02,     3.03642871e+02,  6.50635661e+01,  2.16917246e+02, -3.65188983e+02,    -1.22138854e+02,  4.62147593e+01,  1.51367081e+02,  3.87451734e+02,    -4.33153399e+02, -3.64999201e+01,  1.51721990e+02, -1.27281833e+01,    -2.25431878e+02,  1.69027110e+02, -2.28239150e+02, -1.72636390e+02,     3.26902429e+01, -5.13193509e+02,  3.12322169e+01, -2.01499166e+02,    -1.07370358e+02,  4.17482574e+00, -4.85728677e+02,  4.82118669e+02,    -2.29997979e+02, -1.10482718e+03, -7.23139628e+02,  3.34004427e+02,    -3.03627805e+02, -1.45348327e+02, -2.48873720e+02, -1.42241430e+02,    -8.53284543e+02, -9.54737041e+01, -5.47331068e+02, -2.85251141e+02,     2.19909446e+02,  6.34908600e+02, -3.23045426e+00, -2.73812436e+01,     4.97641106e+02, -4.32783696e+02,  3.06698536e+02,  7.91511381e+01,    -3.55434137e+02, -1.53378600e+02,  2.09516240e+02,  1.59166050e+01,     8.40009565e+01,  9.74908568e+01, -2.01047394e+02, -2.38022735e+02,    -4.51220173e+02,  4.27306757e+02, -5.41689686e+02, -3.98307341e+02,     8.09510019e+01, -7.62984609e+02,  1.64636524e+02,  5.35182783e+02,    -4.06182801e+01,  5.93622453e+01, -2.12223228e+02, -1.74439436e+02,     8.74078208e+01,  3.19655451e+02, -3.45255491e+02,  2.64024859e+02,    -9.43264337e+01, -3.40774155e+01,  2.30253765e+02,  1.63703324e+02,    -7.68833810e+01, -3.58455571e+00,  2.07632606e+02,  2.39532232e+02,    -6.12596885e+02,  5.71083932e+01,  4.59933135e+02, -8.29678168e+02,     2.77065398e+02, -1.01769074e+03, -7.88430563e+01, -1.26775043e+02,    -7.29274406e+01, -7.64757430e+01, -2.20488515e+02, -3.07361035e+01,     1.40647569e+02, -2.06156914e+02,  1.20353416e+02,  7.40438304e+02,    -5.48203995e+02, -2.27537851e+02,  3.11837359e+02,  2.11637585e+02,     3.53166317e+02,  1.39603714e+02,  2.41708473e+02, -1.59628214e+02,    -4.17239425e+02, -3.62157030e+02, -1.76604101e+02,  5.67175390e+00,    -3.58234651e+02, -1.30052746e+02,  5.67456759e+01,  1.97231177e+02,    -8.53624052e+01,  4.79197467e+02, -4.31932246e+02, -4.50857134e+01,    -2.30782013e+01,  2.37497861e+02, -3.46811023e+02, -2.17990989e+02,     2.33932753e+02,  4.25933889e+02,  5.94774678e+02,  2.99312190e+02,     3.51802953e+02, -2.53534411e+02,  5.33012984e+02,  5.74263287e+02,    -5.45773644e+01,  3.35773395e+02,  3.23859859e+02, -2.16880477e+02,     1.38955810e+01,  5.22655173e+02, -2.37138010e+02, -1.05760931e+02,    -5.15544721e+02,  2.29206985e+02, -6.44147098e+01,  1.49775072e+02,     8.15973935e+01, -3.55127531e+02,  3.91261277e+02,  3.46719304e+02,    -2.02348202e+02,  1.56863075e+02, -4.89420503e+02, -4.40084634e+02,     1.98885040e+02, -5.87537030e+02, -2.29697123e+02,  8.16400942e+01,     6.87918239e+02, -2.07308291e+02, -8.91426427e+01, -1.24775689e+02,     9.76987140e+02,  1.20495612e+02, -3.69826319e+02,  5.82763586e+02,     5.36295721e+02,  2.55759833e+02,  6.21480670e+02,  6.88553448e+02,    -8.94353452e+01, -2.55172499e+02, -2.76546054e+02,  2.28821099e+02,     3.22594121e+02, -4.17974140e+01, -1.75347500e+02, -5.24015868e+02,    -2.56601461e+02, -3.76728658e+02,  2.51233662e+02,  1.28402069e+02,     5.32383567e+02,  4.85914817e+01, -2.14001693e+02, -6.70995182e+01,     3.40309796e+02,  1.11608206e+02,  4.33569388e+02,  4.88874520e+02,    -1.17709518e+02, -7.67023947e+01, -8.21342740e+02,  4.54052074e+02,    -4.61965054e+01,  4.27381383e+02, -1.55810938e+02, -4.95218385e+02,     1.68255785e+02,  5.88184346e+02, -2.08138039e+02,  5.80754696e+02,    -6.13779620e+02, -1.91014722e+02, -6.64532015e+02,  1.87655007e+02,     9.78422238e+01,  6.83845677e+00, -5.08559217e+02,  7.45505224e+02,     4.47311893e+02,  6.96972365e+01, -3.89514029e+02,  1.85295577e+02,    -2.31661365e+02, -7.43141858e+01, -1.85443656e+02,  1.77148776e+02,    -8.58162503e+01, -1.73170905e+02,  1.62403430e+02,  2.22925841e+02,    -7.22313616e+02,  1.65509928e+02,  5.68501780e+02,  3.55743066e+02,    -1.11767733e+02,  2.89513709e+01, -3.03659221e+02,  4.99435517e+02,     1.48743294e+02, -5.72798657e+01, -5.91188474e+01,  9.22999108e+02,     7.14492283e+00,  2.62087849e+02,  6.12673120e+02,  8.25496722e+02,     5.41275957e+02,  3.58783442e+02, -5.38172154e+02, -3.66828587e+02,     2.92653106e+02,  1.41760350e+01,  2.73917007e+02,  1.56545097e+02,     4.96619294e+02, -6.55163141e+02, -4.15007219e+02, -5.37639334e+01,    -7.32420138e+02,  1.65703533e+02,  3.32785864e+02,  1.18707650e+02,    -1.92649398e+02,  1.99990934e+02,  1.20366111e+03,  2.18802440e+02,     1.28199921e+02, -4.14426230e+02, -5.60074211e+02, -1.32737124e+02,     2.63050289e+02, -4.41202730e+01,  1.77335573e+02,  2.97911509e+02,    -5.05820476e+02,  2.09254036e+02,  4.44190726e+02,  4.95201677e+02,    -4.73531195e+01,  9.64760920e+00, -7.86166637e+01, -4.27158906e+02,    -5.62895098e+02,  7.05994332e+02, -5.67012046e+01, -5.00516006e+02,     1.86115145e+01, -1.93058665e+02,  7.72810690e+02, -2.02577864e+02,    -2.91605212e+02,  2.64137444e+02, -1.23104290e+02,  3.66103048e+02,    -4.72669856e+01,  8.50744952e+02,  4.25614010e+02, -1.07887239e+01,    -3.04894508e+02,  2.08952835e+02, -4.68866661e+02, -9.89521573e+01,     5.14318404e+02, -2.37353448e+02, -3.99174933e+02, -1.88217606e+02,     4.39193529e+02,  1.23333536e+02, -7.01711732e+02,  2.58490732e+02,     1.26701105e+02,  5.82149244e+01, -4.32994033e+02,  1.40611407e+01,     2.96624765e+02,  4.31615137e+02,  5.41636587e+02,  2.19979729e+02,     3.44911498e+01, -4.29477866e+02, -4.05018098e+02, -6.29265169e+02,    -7.78359322e+01,  2.67180489e+02, -2.07187531e+01,  4.53629190e+02,    -2.67938217e+02,  1.55434019e+02, -1.01118757e+02, -2.52072270e+02,     5.00316484e+02,  6.46070265e+01,  5.18933130e+02,  2.45029763e+01,     2.10896697e+02, -1.68993061e+02,  5.29373808e+02, -1.01779801e+02,    -3.18138085e+00, -6.61383845e+02, -9.14637830e+01,  6.15572822e+02,     5.62999009e+02,  2.23619224e+02, -1.27632394e+02,  3.28061181e+01,    -1.49687324e+02, -4.82843029e+01,  7.61070132e+02,  1.53104728e+01,    -2.00256584e+02, -9.33574857e+02, -4.58946648e+02, -3.18179498e+02,    -5.67370320e+02, -4.74923957e+02, -6.01100653e+02, -3.92777956e+02,    -3.22524443e+02, -4.06486023e+02,  4.03670362e+02, -2.15406427e+02,    -8.19663674e+02,  3.37404585e+02, -2.44227253e+02, -6.95215133e+02,     8.20809708e+02, -2.03895075e+02,  1.67209462e+02,  3.44804721e+02,     7.48860795e+00,  2.21105696e+02,  7.08187111e+00, -1.26373428e+01,    -1.15900772e+02, -6.13122240e+02,  8.97293470e+01, -1.10363699e+03,     5.53281343e+02, -3.71219720e+02, -1.17460182e+02, -1.50900663e+02,     8.77644473e+01, -1.59553362e+02,  2.42494640e+02, -4.55501290e+02,     3.20649959e+02,  3.30996538e+02,  1.31388625e+02,  8.35110227e+01,     1.68185067e+02,  6.29162588e+01,  2.56090728e+02, -8.04109344e+01,    -5.30304705e+02,  8.28746628e+01, -1.94868778e+02, -3.83306403e+01,     4.22128756e+02, -6.86601456e+02,  8.47919966e+00,  1.15858454e+01,     7.32426176e+01,  2.81502362e+02, -1.16995080e+02,  7.12534367e+02,     4.10059518e+02, -1.48520066e+02, -8.97530786e+01,  1.61823640e+01,     6.60128496e+02, -4.72561806e+02, -8.82423650e+02,  2.44973450e+02,    -1.03536093e+02, -1.06862994e+02,  1.42627201e+02,  6.63038502e+02,     4.04423962e+02, -1.49142117e+02, -4.27786038e+02, -5.10704806e+01,     2.49283088e+02, -1.11337183e+02, -6.30795137e+02, -2.40914255e+01,    -7.88120468e+02, -4.13675867e+02,  6.74767546e+02, -4.34819589e+02,    -5.63731267e+02, -4.40878846e+02, -2.99917999e+02,  2.83747280e+02,     6.99083371e+02, -4.34224317e+01,  2.33691269e+02, -1.52523801e+02,    -5.91899784e+02,  3.96609080e+02, -3.86893892e+02,  2.40320077e+02,     3.07589178e+02, -6.29568230e+01,  3.49665649e+02,  3.71969429e+02,     9.12561115e+02, -1.26384888e+02, -3.91416072e+02, -5.41219156e+02,    -1.28521763e+02, -2.19655176e+02,  8.61693727e+02, -3.75961356e+02,     8.65028853e+01,  6.30210599e+01, -2.22501925e+02, -6.88762184e+02,    -5.50358386e+01,  8.29746879e+02,  9.27895281e+01,  5.99608313e+01,    -4.55278585e+02, -5.15391385e+02, -8.32761290e+01,  4.11630120e+02,    -1.89748284e+02,  9.05066125e+02, -3.72825546e+02,  1.44205188e+02,    -1.76308014e+02, -5.82690780e+02,  2.60174774e+01, -4.34222156e+02,    -6.33034741e+02,  7.01279054e+01,  2.01580968e+01,  4.39659297e+02,     1.78109828e+02, -2.87698009e+02,  1.91844425e+02, -7.01474300e+02,    -4.49942848e+02,  7.70313155e+02,  1.10909378e+02, -1.20674088e+02,    -2.74586608e+02, -3.97755090e+01, -6.66023440e+01,  7.22784619e+02,     3.48039589e+02, -1.25141402e+02, -5.95738037e+01, -3.42352522e+02,    -1.73083769e+02, -5.72201233e+02,  4.07114745e+02,  6.36913689e+01,     1.17868272e+02,  1.29297607e+02, -4.66052481e+01, -1.55597600e+02,    -4.68319753e+00, -9.04217383e+02, -1.62664461e+02, -6.89503770e+01,    -7.81943435e+01,  4.66759497e+02,  5.37462204e+02,  1.37599499e+02,    -8.14591244e+02,  5.44425183e+02, -1.69633802e+02, -3.28482635e+02,    -7.42472560e+02, -2.77416613e+02,  5.01887442e+02,  2.32130964e+02,     5.85986288e+01,  2.60903996e+02, -4.96226239e+02, -3.77782582e+02,     4.69907730e+02,  3.24605668e+02,  4.39948773e+02, -1.98153505e+00,     5.84300818e+01,  4.71457686e+02,  8.40844647e+02, -2.09937939e+02,     3.21693304e+02, -1.43322144e+02, -3.56994341e+02, -2.91428443e+02,    -2.60657115e+02, -1.27881736e+02, -4.34926528e+02, -1.99472171e+02,    -1.18713001e+03,  2.90157212e+02,  1.65468669e+02, -3.15427886e+01,    -3.53399040e+02, -1.90897189e+02, -4.58893915e+02,  1.00043124e+02,     7.01175095e+02, -1.76529502e+02, -1.39812043e+02,  1.86849824e+02,    -4.12526921e+02,  7.38627399e+02,  1.41220252e+02,  1.58200903e+02,     4.39596933e+02,  1.53638375e+01,  4.77850057e+02,  1.39989196e+02,    -7.33628907e+01,  7.98139469e+01, -1.88363328e+01,  5.91867512e+02,     7.71328060e+01,  1.25858682e+02, -7.65654880e+01,  1.13342847e+02,    -7.87768511e+02, -3.16641281e+02, -3.92943444e+02,  4.36689890e+02,    -2.48726443e+02, -5.48522231e+02,  5.00733817e+02, -1.02303624e+02,     3.72355484e+02, -7.78243985e+02,  2.10926059e+02,  6.52698657e+01,     5.06753126e+01, -7.54644474e+01, -5.54158652e+01,  4.19739764e+02,    -2.39589001e+00, -4.21349479e+02, -1.36152877e+02,  2.15547784e+02,    -9.94688039e+02, -7.91471035e+02,  1.27742316e+01,  9.51429744e+01,    -3.70167913e+02, -3.62399100e+01,  9.24487080e+02,  2.80464360e+02,    -4.78375786e+02,  8.01811758e+01, -7.62224783e+01,  8.83131034e+01,    -2.92467151e+02,  1.58201291e+02,  2.42196494e+02, -5.74085208e+01,     9.59580673e+02, -9.11116569e+01, -2.73830917e+02,  1.62105213e+02,     3.51988835e+02, -3.02096180e+02, -2.53474459e+01,  8.17369727e+02,    -2.01337463e+01,  5.02865824e+02,  1.21798746e+02, -8.22281624e+01,    -2.25320047e+02,  4.86054223e+02, -4.68409822e+02, -1.78654873e+01,    -1.27864343e+02, -3.60511494e+02,  1.43559813e+02,  2.03301782e+02,     7.63429449e+01, -1.38564237e+01, -3.30076512e+02,  1.57711055e+02,    -1.49874958e+01, -2.13840032e+02, -1.84488076e+02,  1.67905875e+02,    -4.26043896e+01, -3.12276327e+02, -9.08248754e+02,  7.84056177e+01,     1.99585353e+02, -3.99366241e+02, -1.92419647e+02,  7.03599990e+02,     6.20021678e+01,  3.00412560e+02,  5.56186697e+01,  3.14880887e+02,     4.39692078e+01, -3.36328284e+02, -3.27305971e+01,  7.11050019e+01,     2.37294739e+02,  6.84724871e+02,  4.20049909e+02,  1.80053349e+01,     1.46869296e+02,  5.15151846e+02,  2.23610245e+02, -6.19599600e+02,    -2.28502608e+02,  1.14895756e+02,  7.30497201e+01,  2.25489596e+02,    -4.48551353e+02,  1.08779886e+02,  3.43145027e+02,  4.21426302e+02,    -3.82752184e+02, -4.49093209e+01, -1.96167709e+01, -1.15452149e+02,    -2.84020838e+02, -1.69258469e+02, -2.76552727e+01,  6.81914610e+01,     3.52963084e+02, -2.65431061e+02,  6.83267206e+02,  3.04001905e+02,     2.15487915e+02,  2.83929392e+02,  2.59556319e+02,  2.80411921e+02,     4.61407409e+02, -3.77474484e+02,  5.40252918e+02, -9.50610927e+02,     2.65373055e+02, -9.28675128e+02,  7.19850761e+02,  6.20509930e+02,    -9.94615426e+01, -4.20067420e+02, -3.61078889e+02, -4.91980280e+02,    -5.29244318e+02,  4.91376997e+02,  3.66960634e+02,  2.06631501e+02,     2.71527510e+02,  3.47471219e+02, -3.28463148e+02, -1.72756461e+02,     4.90558802e+02, -1.06392849e+02,  4.52682607e+02,  6.24594605e+02,    -3.70501461e+01, -6.15395427e+02,  1.19652178e+01, -1.15188314e+01,    -8.38366575e+01,  6.48448115e+00, -5.73656000e+02, -1.57991571e+02,     5.02428658e+01,  7.57381281e+01,  4.13714211e+02, -3.41696182e+02,     5.23306380e+02, -3.45727172e+02,  1.89556189e+02,  3.32668424e+02]
bee_TS =[-5.02260968e+02,-3.98193385e+01,-1.16454382e+02,3.88544769e+02,-1.83398943e+02,-1.60994993e+02,-3.42611985e+02,-7.64353524e+02,-3.65988779e+02,-4.09447480e+02,-3.33753198e+02,3.91988260e+01,1.25358096e+01,2.60330200e+01,2.69152167e+01,4.04526935e+02,-1.78829658e+02,-1.58259020e+02,1.50510202e+02,-9.54113202e+02,5.01869414e+02,-2.29217510e+02,-4.38278475e+01,-1.03244837e+02,-4.88969757e+01,-5.03015885e+01,7.41820513e+02,-1.82402211e+02,-7.12419572e+01,-4.51345832e+02,6.64121342e+02,-1.17564995e+02,-3.34760437e+02,2.05930535e+02,-3.63107576e+01,1.67415897e+02,-2.70111963e+01,6.11760587e+01,2.34343979e+02,-8.73958209e+02,4.64783811e+02,1.10123652e+02,-4.92755918e+01,-2.90021483e+02,9.65537055e+01,-1.54456995e+02,3.76462700e+02,3.17304920e+02,-2.36269513e+02,-2.51030744e+02,-2.56390719e+02,-2.90577712e+02,9.76697448e+01,-4.26874344e+02,1.17299054e+02,5.14505306e+02,5.86929092e+02,2.98118151e+02,1.38370286e+02,2.35114408e+02,7.69264129e+02,1.80895821e+02,-4.72957470e+02,-1.06445783e+02,-2.02120237e+02,5.24322512e+02,-6.43080980e+02,-5.37474570e+02,-2.32080016e+02,-8.32830044e+01,-3.76457485e+02,2.29779078e+02,8.25131829e+01,1.12354935e+02,-3.30610009e+02,-2.98851888e+02,-4.83408909e+02,3.21736694e+02,-2.80444607e+02,2.25567875e+02,-5.62237682e+01,-2.51869296e+02,-4.99826084e+02,-1.49094532e+02,-9.72169496e+01,-1.36781981e+02,3.37790903e+02,6.06865125e+02,-3.62087996e+02,-6.86922205e+02,-1.70501720e+02,9.50946405e+02,-4.89679696e+02,2.84223066e+02,-9.07683764e+01,-5.33293087e+02,2.06700470e+02,3.27458525e+02,-1.50199733e+02,3.02221990e+02,-2.29979394e+02,-4.39847163e+02,7.63597003e+02,3.98902746e+02,2.66003825e+02,1.25788765e+02,2.10084634e+02,6.98768630e+02,-2.13248275e+02,4.94232985e+01,-1.18546756e+03,1.58190082e+02,-5.85015828e+02,1.24093979e+02,1.84898495e+02,-2.92574308e+02,-4.59027893e+02,5.37823497e+01,-2.51777541e+02,3.04561381e+02,-4.35464659e+02,-2.24824167e+01,-3.04392202e+02,-3.60203586e+01,-2.77222981e+01,1.44285164e+02,1.08546635e+01,-5.12511119e+01,5.18081331e+02,7.81923170e+02,4.09655890e+02,6.69230405e+02,-1.02282647e+02,1.16122290e+02,4.70070619e+02,-7.73597401e+01,-6.53930523e+02,-3.20526018e+02,-4.29450509e+02,-2.45868609e+02,2.39769429e+02,-1.00973530e+03,-1.64588409e+02,3.68178729e+02,-3.12508716e+02,-3.14857574e+02,4.63795510e+02,3.76918228e+02,-2.95834800e+02,1.65337302e+02,-2.10294102e+02,2.98059195e+02,3.41255603e+01,1.31435150e+02,-7.43458923e+02,-4.15689114e+02,-6.57736738e+01,3.24149897e+00,-3.31214529e+02,9.13331676e+02,-1.90149730e+02,-2.87506550e+02,3.22512277e+02,-4.11219577e+02,-2.79596467e+02,2.62225324e+02,9.47106179e+01,1.11021764e+02,1.03434349e+02,-9.66127754e+01,1.66233573e+02,4.99053467e+02,-2.53414419e+02,1.48255474e+02,7.78869083e+02,2.86667577e+02,-7.45330816e+01,-1.64042023e+02,1.31798012e+03,-1.50550790e+02,3.02562347e+02,1.85797340e+02,2.95154502e+02,7.61807914e+02,4.27567776e+02,-2.54058766e+01,1.93891322e+02,4.04996353e+02,3.32776982e+02,-4.75893317e+02,8.00675361e+02,-7.12886835e+02,-1.51677586e+02,4.92646914e+02,7.15192605e+01,5.93344931e+01,2.68679283e+02,2.09489251e+02,3.06713671e+02,-5.47315430e+02,4.32701022e+01,-2.34210288e+02,-9.35408524e+01,-2.87527980e+01,-7.61129898e+01,-4.73009953e+01,7.01087180e+02,-7.27232788e+01,-2.37319305e+02,-1.94084270e+01,1.00195814e+02,-5.04302973e+02,-3.82668231e+02,-3.12325197e+02,-5.40164744e+02,-1.41395368e+02,-3.56677882e+02,1.66063976e+02,-1.01027605e+01,-9.09534633e+01,-7.34158845e+01,5.59402034e+01,-1.72117118e+02,5.73170250e+02,-7.03177219e+02,-1.38148944e+02,-1.34822783e+02,1.44129246e+02,1.57634186e+02,-3.96393706e+02,-1.57263662e+02,3.58187830e+02,-1.91323040e+02,1.35416235e+02,3.16500613e+02,-3.62352423e+01,9.68723585e+02,-1.76889587e+02,-2.76053061e+02,5.55017409e+01,-1.94086854e+02,4.55633358e+02,-3.08231087e+02,7.29243595e+01,5.36778619e+02,-1.12217116e+02,1.02982207e+03,1.09938349e+03,-5.62186384e+02,4.97645325e+02,1.43353477e+02,-4.57995144e+02,1.51142980e+02,3.10261758e+02,3.25530408e+02,2.04657684e+01,1.00624122e+02,6.08953147e+02,-1.97678636e+02,1.39430703e+02,6.52648589e+02,-3.20188755e+02,-1.27514605e+02,4.45930562e+02,2.29732867e+02,6.54024777e+02,2.19715475e+02,5.77171756e+01,2.25126317e+02,3.32686868e+02,-4.13886914e+02,2.90390989e+01,1.56453666e+02,1.05329792e+02,1.87655921e+02,-5.01923604e+02,2.94235349e+02,-3.81394498e+02,-2.70419535e+02,1.49832919e+02,-1.21175453e+02,4.69523633e+02,-2.08128001e+02,2.48595205e+02,2.79999279e+02,6.82552697e+02,4.75084954e+02,4.05778325e+02,-7.63350212e+01,-5.81920901e+01,-2.70736346e+02,6.55987926e+02,6.73596698e+02,3.19972011e+02,-1.96860493e+02,4.31100614e+02,-7.74116421e+01,1.81960883e+02,5.32687794e+02,6.89265154e+00,-6.63310771e+01,-2.12820311e+02,-4.54458047e+02,8.29892436e+02,3.85833796e+02,-4.78946375e+02,-1.32347873e+02,2.38846292e+02,-9.04439569e+01,5.33323159e+02,1.05080880e+02,6.81991148e+02,2.64451112e+02,-2.43737428e+02,2.12752927e+02,-3.64364364e+01,-2.72799342e+02,1.43822176e+02,1.61285840e+02,7.76654663e+02,6.83864609e+02,4.50057425e+02,5.97197153e+02,6.16623681e+01,-2.34463575e+02,1.33850460e+02,-2.84794661e+02,-4.32558634e+02,-4.95589895e+02,-2.33344332e+02,-9.21739021e+02,-2.65672901e+02,-7.29909311e+02,1.83190226e+02,-3.93682785e+02,3.49781259e+02,-8.17443672e+02,-2.76808231e+02,4.23354207e+02,1.92369722e+02,-7.36525941e+02,5.31656961e+02,-2.06618953e+02,4.45687731e+02,-2.20315959e+02,-6.74371876e+02,1.04369162e+02,-5.44109209e+02,-1.15165940e+02,2.75555580e+00,3.63484551e+02,1.06932324e+03,-3.88964728e+02,-2.99664166e+02,-2.45568168e+00,-1.19425279e+02,-6.93571257e+02,-4.75913963e+02,4.23706354e+02,-2.17385937e+02,1.43702548e+02,-4.16324128e+02,-1.27510128e+02,-3.43076409e+02,4.57785690e+02,1.31890526e+02,-1.91481682e+02,-1.14201695e+02,8.58877849e+01,-7.14692385e+01,3.71691799e+02,-2.14385681e+02,4.31624966e+01,2.92642915e+02,1.50208170e+02,-1.48757153e+02,1.32226068e+03,4.62251121e+02,2.92130968e+01,9.06935811e+01,-5.26332041e+02,2.64127368e+02,-6.39868791e+02,-2.19454155e+02,-4.69636869e+02,-1.62995018e+02,4.74256788e+02,-4.81654753e+02,1.54720943e+02,-2.33140556e+01,2.80073836e+01,-3.18083005e+02,-3.81895033e+02,-2.33901224e+00,-3.65686298e+02,-1.89656061e+02,-3.49262568e+02,-8.90606551e+01,-3.06124563e+02,-4.38447265e+02,1.92031423e+02,-1.47977374e+02,1.80286987e+02,8.65889973e+01,-6.27079665e+02,-4.67710641e+02,-3.38571163e+02,3.04335835e+02,-8.60979552e+00,-5.40021974e+02,4.95813145e+02,-3.39508024e+02,4.66784465e+02,-2.56485693e+02,-4.15143666e+02,2.27395350e+02,-5.78777230e+02,-3.30790273e+02,5.44405669e+02,1.54039848e+02,-3.44430825e+02,4.46843373e+02,-1.45814271e+02,-3.21237097e+02,-2.61186417e+02,-4.14276292e+02,2.02069159e+02,-7.74413158e+02,-7.10582713e+02,-8.21730094e+01,-2.57437725e+02,-4.69734046e+02,6.15079381e+02,1.12679024e+03,-2.82219459e+02,-2.75176656e+01,-5.38358642e+02,5.63844472e+02,1.57759007e+02,-1.66109845e+02,-3.29292861e+02,1.44347800e+02,-5.19382810e+02,-1.71453536e+02,-7.57742542e+02,2.98031318e+02,1.12414870e+02,4.83898936e+00,-5.83671814e+01,-2.90659757e+02,-7.58141436e+01,1.08815864e+03,-1.64570583e+02,-3.93398177e+02,-5.78374505e+02,1.10738174e+02,-3.06101539e+02,7.50403915e+01,2.48774344e+02,5.72301037e+01,2.40203661e+02,1.02214690e+02,5.09106379e+02,2.63457847e+02,-2.88776591e+02,3.60251175e+02,2.96556977e+02,9.52327845e+01,3.81397061e+02,-2.09179877e+02,6.20706142e+02,1.57734106e+02,-2.56831209e+02,-4.91213749e+01,-1.63067412e+02,2.05666056e+02,-2.25368412e+02,-2.49132981e+01,-9.17328052e+01,7.08609502e+02,4.56801483e+02,-5.76911417e+02,-3.51325919e+01,-4.61020768e+02,-1.50506380e+02,-1.93722371e+02,6.29039223e+01,-1.26035437e+01,-2.20755847e+02,1.07578813e+02,-5.91393571e+01,-8.99992268e+01,7.40716287e+02,1.54692788e+02,-6.91505574e+02,-3.78345203e+02,7.87907092e+02,2.33777781e+02,-7.31316700e+01,9.07578436e+02,-1.58776205e+02,-9.70101366e+01,-4.97657909e+01,1.14789409e+02,2.42440651e+02,3.49092001e+01,2.29146616e+02,-1.35892442e+02,-2.64785061e+02,-3.68868085e+02,-4.08863131e+02,3.83234310e+02,1.08322268e+02,3.22457505e+02,1.17897808e+02,7.55552414e+02,1.50030780e+02,-6.98607450e+02,-2.92924250e+02,8.48283561e+01,-2.37152623e+02,5.29857219e+02,-1.06717365e+02,1.57003047e+02,4.25476818e+02,-6.26675452e+02,1.26812598e+03,1.65333693e+02,2.03683350e+02,2.99016797e+02,6.87700830e+01,-6.50731765e+00,3.07913623e+02,-3.02502782e+02,6.97236915e+02,6.01360180e+02,-3.53077463e+02,1.27205820e+02,5.92493695e+02,-1.85125656e+02,1.35927028e+02,3.64849161e+02,3.64323980e+02,-6.68655529e+02,-1.18419393e+02,-2.99448783e+02,-2.59679770e+01,-3.54002650e+01,-2.29992775e+01,-1.39670052e+02,-2.50196885e+02,7.00786278e+01,8.72503340e+01,4.56211495e+02,-3.58575162e+02,3.29299491e+02,3.81184772e+02,-1.42643739e+02,7.55603339e+02,-5.82703712e+02,-8.98225479e+02,-5.65556389e+01,-7.11931804e+01,6.17269548e-01,6.71723075e+02,-6.24001334e+01,3.46706973e+02,4.07154001e+02,3.24129659e+02,-8.99462650e+01,5.39463439e+02,-1.35938767e+02,-2.75468378e+02,-3.94659536e+02,4.59926089e+01,3.28131310e+02,-4.31260001e+01,3.26917044e+02,-2.59572128e+01,5.45550750e+02,1.70261279e+02,7.58749070e+01,-4.72662928e+01,2.88906509e+02,3.22279948e+02,1.70101570e+02,-6.98854096e+00,-4.57070447e+02,2.56151875e+02,1.68331477e+02,3.14782966e+02,2.64341736e+02,3.01679448e+02,-5.09564939e+01,2.30336609e+02,-2.10024931e+02,-8.96371698e+00,-4.73682468e+02,-2.65867233e+02,3.33438608e+02,-7.71033078e+02,2.50444724e+02,1.44683353e+02,7.04501408e+02,-2.22756672e+02,2.59262118e+02,-9.99444454e+01,-4.11890698e+02,-6.13647520e+02,-6.88558027e+01,-7.48029686e+02,1.37458680e+02,-1.76111186e+02,2.55066102e+02,1.73634691e+02,-2.17229461e+02,-2.12663958e+02,3.28863082e+02,-5.09577982e+02,-1.03511626e+02,-1.76868929e+02,1.99091571e+02,-4.57587177e+01,4.93603197e+01,-1.83605826e+02,4.84011038e+02,-4.04161725e+02,8.21404214e+01,5.10473364e+02,-2.91163328e+02,1.54396123e+01,-3.24054694e+01,-5.83728042e+02,-3.95803601e+02,-6.82715394e+01,2.24236505e+02,2.73506879e+02,4.12184976e+01,-6.89285874e+01,1.87951225e+02,-3.84092677e+02,2.56869132e+00,-4.28203910e+02,-2.33810091e+02,3.99849710e+02,-2.50162124e+02,5.45175345e+02,-1.80437012e+02,2.99594805e+02,2.17111469e+02,-5.29488030e+02,-2.42992439e+02,7.29401129e+01,-3.38479737e+02,-2.97616457e+02,-7.37484726e+02,-4.73735702e+02,-4.44383036e+02,-3.65681522e+02,1.91847743e+01,1.12014634e+02,8.27232873e+00,1.77444013e+02,-4.84728822e+02,1.22689188e+02,1.76197976e+02,-5.65258701e+02,-5.48076874e+02,-3.49244420e+02,-1.97398960e+02,1.66224185e+02,7.63862385e+00,-3.78380341e+02,3.03276796e+02,-1.69685058e+02,4.25409355e+02,-7.59027559e+02,5.12533628e+02,-3.11960962e+01,-3.11055329e+02,-2.22772073e+02,2.76750316e+01,3.61106241e+02,-6.40968497e+02,-1.20209320e+02,-1.74144812e+02,4.17079880e+02,7.13991934e+02,-8.25296103e+02,7.94999089e+02,3.88420874e+02,-6.34739505e+02,-2.99822962e+02,6.47900448e+02,5.14398017e+02,-1.51880205e+02,-3.08558821e+01,8.86651399e+01,6.01954897e+02,-4.48302621e+02,1.38850266e+02,-6.43974867e+01,2.59432750e+02,-6.28998701e+02,-6.45985630e+01,-2.86320723e+02,4.02009305e+02,3.63472367e+02,-7.28725503e+02,-4.21506971e+02,-1.93678418e+02,-3.30036111e+02,-1.24548131e+02,-1.96852720e+02,3.64390530e+02,3.53708467e+02,-5.02410235e+01,-3.92189616e+02,-7.10427087e+02,3.69858578e+02,-4.32164996e+02,-2.66922938e+02,4.10319981e+01,-2.92877690e+02,-3.54699695e+02,-2.19237594e+02,-3.58058504e+02,-2.28867183e+02,-4.33250464e+02,4.95591618e+02,5.49766828e+02,-2.86611555e+01,-2.03602021e+02,-1.34709518e+01,3.61456790e+02,-7.50367015e+02,-1.77132232e+02,4.26228640e+02,5.70881452e+02,-1.57397870e+02,9.64548669e+01,4.65788728e+02,1.32714197e+02,-5.74847803e+01,-3.76549920e+02,1.92706639e+02,-3.05748811e+02,-1.36339485e+02,-1.64792381e+02,-1.59715090e+02,1.69355560e+02,6.65073515e+02,6.62071343e+00,3.52498785e+01,-7.71867812e+02,-1.47791692e+02,-3.23176415e+02,4.00239067e+01,-3.59380676e+02,6.68988015e+02,6.93710359e+02,1.25650164e+02,-1.26894982e+02,1.23414942e+02,2.17119540e+02,-4.07386642e+02,-6.56653413e+01,1.18216774e+02,1.18669447e+02,4.83728312e+02,3.84539270e+02,-1.77668762e+02,2.42503078e+02,-8.23681294e+02,-3.68177493e+01,7.27288417e+02,8.24306498e+01,-6.03138219e+00,2.83417728e+02,-2.47689917e+02,7.92036640e+02,-1.04801147e+02,7.26190180e+02,3.16678437e+02,-3.27304811e+02,2.61291293e+02,-2.63774730e+02,-5.87140398e+02,-3.45100814e+01,-4.83846649e+02,-4.56149728e+02,-4.56496882e+01,2.74205046e+02,-4.87406257e+01,-2.88140175e+02,6.43923840e+01,-6.22538956e+02,-7.90849871e+01,-7.08259098e+02,4.45909789e+02,-1.17282999e+01,-4.38145940e+02,-1.62598153e+02,1.48367529e+02,-2.74778821e+02,-4.03530608e+02,7.69903845e+02,-1.91508625e+02,-3.80515188e+02,2.15203520e+02,-1.01175881e+02,4.38486434e+02,-1.34867261e+01,7.48171980e+01,8.72141531e+02,-1.53770145e+02,-2.99075770e+02,-3.18873318e+02,-4.55575503e+02,-2.82674768e+02,2.43211895e+02,1.79360702e+02,1.82017852e+02,6.42223460e+02,2.01676436e+01,1.43053715e+02,-5.68781300e+02,2.09143762e+01,-2.00456637e+02,-2.28944141e+02,1.55972441e+01,3.01067934e+02,3.28801871e+02,6.81946492e+00,8.02635071e+01,2.53162781e+02,3.21211560e+02,-2.06591992e+02,-1.12875418e+02,1.47179696e+01,-2.01207884e+02,-6.77192455e+01,-2.32057700e+02,6.49545124e+02,5.57939584e+02,-1.09293455e+02,1.03361417e+02,-2.05797070e+01,-2.03625425e+02,2.86758921e+02,-7.61141008e+01,3.34766970e+02,-4.62349555e+02,1.62593845e+02,-9.53872122e+01,-4.69223218e+02,-2.17827884e+02,2.35204513e+02,-7.35989779e+02,3.62819904e+02,4.23452354e+02,-6.15702192e+01,-4.41774887e+01,-2.80488476e+01,2.09568924e+02,-2.83386158e+02,3.12934209e+02,2.43716642e+02,-8.98909860e+02,-2.84116381e+02,1.94726418e+02,-7.90552110e+01,3.28703325e+02,-5.28677395e+02,-4.45838681e+00,-3.57413754e+02,-1.06255759e+03,6.45501060e+02,-5.10903971e+02,-4.95320942e+02,7.61382405e+01,1.10077387e+03,4.21478862e-01,-1.85054848e+02,-1.78633609e+01,-6.11704668e+01,-7.61846599e+02,-5.31833829e+02,6.69332197e+02,-4.42345597e+01,-3.40735058e+02,4.33573115e+02,-2.96942887e+02,3.39919417e+02,4.68446682e+02,-5.29857394e+02,-2.20872977e+02,-2.96345092e+02,-1.28544485e+02,-1.66422047e+02,-5.74748594e+01,1.18346061e+02,-2.88786184e+02,2.55386704e+02,5.14001599e+02,-1.39105506e+02,-1.52901090e+02,1.18584523e+02,4.93158362e+02,4.18527620e+02,3.09414039e+01,-1.42077503e+01,-4.60047124e+01,-4.37172184e+02,3.24858861e+02,-2.06368421e+02,1.69710276e+02,-1.35846303e+02,2.50345634e+02,1.50808285e+02,-6.77340667e+02,-2.39489596e+02,-6.78951763e+02,-2.78740059e+02,6.43473341e+01,-1.47957356e+02,2.57373157e+02,-2.48611176e+02,1.63572092e+01,9.01354815e+01,6.41194818e+02,3.22180689e+02,-2.31919787e+02,1.77777103e+01,9.53947265e+01,3.43462695e+02,-5.49089723e+00,4.35376027e+02,2.09081010e+02,7.66741281e+02,2.22150192e+01,5.88405368e+02,-2.24590389e+02,-3.31548569e+02,7.13393961e+01,6.29913174e+01,2.62194398e+02,-5.43902682e+01,-1.37153741e+02,2.23370869e+02,-3.94038782e+02,-4.45625060e+02,6.60457529e+02,-5.12048087e+01,-3.68390275e+02,-4.35870194e+00,-1.21609873e+02,3.00594687e+02,2.84839906e+02,-1.68864696e+02,9.46142468e+00,-2.33012478e+02,-2.80316839e+02,-2.45697907e+02,-8.23117894e+02,-2.97477542e+01,-5.55607533e+02,-4.74071487e+02,-3.39995161e+02,1.50717257e+02,-3.24604559e+02,1.87662136e+02,-4.85920677e+02,8.89730144e+00,-3.50019196e+02,6.43227531e+01,1.01395983e+02,2.49444644e+02,-1.69862368e+02,-1.26696021e+02,2.23924681e+02,5.17505977e+02,2.79966624e+02,6.70507786e+01,-5.87255349e+02,-1.18956597e+02,-2.66104375e+02,-5.22584765e+02,3.56460339e+02,-2.97623725e+02,-3.77546302e+01,-1.97032289e+02,-8.72185891e+02,4.29114395e+02,-1.43224611e+02,3.54776917e+02,-5.97723908e+02,5.63951737e+02,3.67058834e+01,-2.68203360e+02,4.01580529e+01,-2.01872925e+02,-5.88367897e+02,1.21708981e+02,2.40732194e+02,2.80753116e+01,-3.11013147e+02,-1.11846728e+02,1.39494269e+02,2.51606332e+02,5.51911143e+02,2.19008304e+02,-2.02144242e+02,7.59286652e+02,2.48578900e+02,3.36014942e+02,-1.45948108e+02,2.28872392e+02,1.48818181e+02,-5.30716826e+02,-1.61954950e+02,-3.38805828e+02,-2.68921674e+02,-8.92337501e+01,-1.51335737e+02,-3.19271712e+02,-9.77106634e+02,-2.61968718e+02,1.32981981e+02,8.64309107e+01,8.00750218e+01,4.26821839e+02,1.59611579e+02,2.75666381e+02,-3.63259822e+02,3.97539217e+02,-4.23670146e+02,-6.58911869e+02,1.64549339e+02,-3.46868758e+02,-3.60723456e+02,-1.35615835e+03,-1.02726644e+02,6.87819226e+02,4.01180939e+02,-8.79189137e+01,-1.02048985e+02,2.53744513e+02,5.85476587e+02,-3.47425364e+02,-8.22935387e+01,-2.73110312e+02,-3.09376885e+02,-2.93322648e+02,1.36961064e+02,6.16826107e+02,-5.65349437e+02,-4.55464161e+02,2.09715281e+01,-7.39392961e+01,-1.21917912e+02,-8.01123021e+02,4.86441025e+02,2.16741030e+02,7.68390102e+01,4.16987323e+02,-2.60873608e+02,2.55174708e+02,2.32222834e+02,4.57295030e+01,-4.00836629e+01,1.05834009e+02,-1.39020583e+02,4.04319286e+02,-3.75476987e+02,3.61457621e+02,7.99082870e+01,9.59711939e+01,2.03547453e+02,-7.40388565e+02,5.51444981e+01,-5.50395213e+02,-4.34825376e+02,-4.22105139e+02,-3.86954178e+02,1.20327090e+01,1.11824831e+02,4.15017753e+02,8.33673681e+01,1.18285354e+02,-6.11999539e+02,-2.15458452e+02,2.83042905e+02,1.22551615e+01,1.62270468e+01,-6.98604835e+01,3.15507230e+02,-7.84415178e+02,9.04472431e+01,2.03799341e+02,3.91118638e+02,3.34260125e+02,-4.88468344e+02,6.51335068e+01,3.64360620e+01,3.73521608e+01,1.62914112e+01,-1.67019953e+02,-2.70058004e+02,1.35475205e+02,5.38744340e+02,-7.73876167e+01,8.19368217e+01,1.52827891e+02,-2.12633779e+02,-2.10955985e+02,-9.93109127e+02,-3.29804659e+02,-4.35147308e+02,-6.52845064e+01,-5.45231071e+02,6.45630380e+02,-2.53507477e+02,-4.53839169e+02,-1.34524942e+03,5.62799888e+02,1.17688467e+02,-1.34033104e+01,-5.27800721e+02,9.00831250e+01,-1.48955623e+02,-2.80067516e+02,1.00789308e+02,2.75346308e+02,6.80185439e+01,-1.47644444e+02,-2.87744037e+01,6.85856131e+00,1.65978944e+02,-5.22452908e+02,6.00141467e+02,-3.59918287e+02,-2.32563691e+02,-3.59807086e+02,-8.32822871e+02,8.16076705e+01,-4.10063795e+02,-1.89668758e+02,2.92970380e+02,-2.06413186e+02,5.30345239e+00,-8.43171609e+01,-2.20765541e+02,1.40222752e+01,4.55616656e+02,-4.46256314e+02,7.88823294e+02,-1.69296084e+02,2.91979819e+02,-6.61748520e+01,1.28293039e+02,-1.01280317e+02,4.02416257e+02,5.36865289e+02,1.70991927e+02,4.70310326e+02,-3.34422467e+02,-2.76874419e+01,-1.95558210e+02,5.85068070e+02,4.94900714e+02,3.79485794e+02,-1.27520432e+02,-2.59281993e+02,2.30991412e+02,-2.21769198e+02,-1.18320908e+02,-6.24284584e+01,-2.22551116e+02,4.40167154e+02,-4.94597164e+01,3.39050575e+02,1.20697943e+02,1.46421204e+02,-2.93309457e+02,2.78101961e+02,-1.56427397e+02,-1.12105098e+02,-2.59315202e+01,-4.36522788e+02,6.58826398e+02,-2.42263654e+02,-3.55202021e+01,1.69915335e+02,1.46674011e+02,6.06532110e+02,-1.41015124e+02,6.58203687e+02,5.97100181e+02,-8.33203469e+02,7.51095497e+01,-1.75693764e+02,1.24854677e+02,7.44531596e+01,1.50066876e+02,5.17415246e+02,7.93091833e+02,-6.72442481e+02,6.57546927e+02,-7.90534600e+02,-6.58626243e+02,-1.04844863e+02,-9.80038572e+00,6.01390958e+02,3.32362964e+02,-1.57825756e+02,-7.94476156e+02,6.03213097e+02,-3.85672153e+02,-9.90598812e+00,-4.34490799e+01,1.06223868e+03,-2.43057761e+02,-9.03064859e+02,2.64651725e+02,-1.38633472e+03,9.54623040e+01,-3.05647815e+02,-1.55359468e+02,-2.34453408e+02,-5.02615595e+02,3.51934616e+02,-3.10010983e+02,-7.82411572e+01,-6.71284662e+02,-5.75698423e+01,-4.09635428e+02,-6.38683206e+02,-1.05051711e+03,8.71705834e+01,-2.76006768e+02,-7.80539969e+00,-1.15605710e+02,-6.78823963e+02,-5.41264974e+02,-4.52786252e+02,-4.56395495e+02,4.69748070e+02,8.03385556e+01,-4.09743496e+02,-1.57065222e+02,-1.91948794e+02,3.18277319e+02,-2.86065257e+02,-1.06117300e+02,-1.92462851e+02,-3.07504603e+02,-3.20808118e+02,3.28374489e+02,-1.50326557e+02,-7.79827666e+02,6.60853096e+02,4.03155694e+02,5.31206086e+01,-6.21111387e+02,-6.47245551e+02,9.29632636e+01,1.21731037e+01,-2.54740956e+02,-4.16631085e+02,3.04693365e+02,-6.77964020e+01,2.33919326e+02,4.23599104e+02,2.88715828e+02,3.02165317e+02,2.18727453e+02,-1.74181049e+02,-1.07070570e+02,-1.88391134e+02,-2.98994095e+02,-3.92174153e+02,-5.54623523e+02,-3.35393807e+02,-6.90346176e+01,-6.83475003e+02,-7.36483130e+01,2.78499680e+02,-6.11212578e+02,2.12733263e+02,1.85300274e+02,-6.03166616e+02,-4.86726587e+02,-1.33627998e+02,1.81795086e+02,-3.40056402e+02,5.99749263e+02,5.37772156e+02,-6.42567258e+02,4.34135218e+02,3.03598180e+02,6.50754719e+01,2.16944207e+02,-3.64859435e+02,-1.21876693e+02,4.59210841e+01,1.51310172e+02,3.87381766e+02,-4.33163281e+02,-3.62896594e+01,1.51962424e+02,-1.34011083e+01,-2.25198166e+02,1.68856491e+02,-2.28392253e+02,-1.72215351e+02,3.28096238e+01,-5.13073573e+02,3.11474942e+01,-2.01664027e+02,-1.07300396e+02,4.16981880e+00,-4.85574718e+02,4.81500114e+02,-2.29717608e+02,-1.10399872e+03,-7.23035829e+02,3.33858903e+02,-3.03246483e+02,-1.45469123e+02,-2.48986714e+02,-1.42176117e+02,-8.52692656e+02,-9.55357358e+01,-5.46985196e+02,-2.84716150e+02,2.20086199e+02,6.34272191e+02,-3.20692300e+00,-2.70241535e+01,4.97359863e+02,-4.32019227e+02,3.06740727e+02,7.93072626e+01,-3.55245894e+02,-1.53053041e+02,2.09327692e+02,1.57099533e+01,8.39445428e+01,9.78444124e+01,-2.00976909e+02,-2.37764143e+02,-4.50996553e+02,4.26730722e+02,-5.41390846e+02,-3.98186595e+02,8.14368945e+01,-7.62610587e+02,1.64272264e+02,5.34340270e+02,-4.04361411e+01,5.93924595e+01,-2.11833427e+02,-1.74418548e+02,8.73177719e+01,3.19571248e+02,-3.45109313e+02,2.63877012e+02,-9.44231747e+01,-3.46992579e+01,2.30109719e+02,1.63513216e+02,-7.63866393e+01,-3.75190865e+00,2.07543915e+02,2.39439449e+02,-6.12402016e+02,5.71610023e+01,4.60139116e+02,-8.29528846e+02,2.76886232e+02,-1.01745897e+03,-7.85667071e+01,-1.26876082e+02,-7.28201002e+01,-7.63986392e+01,-2.20434430e+02,-3.07507216e+01,1.41106276e+02,-2.05658304e+02,1.20030285e+02,7.39940626e+02,-5.48077538e+02,-2.27517795e+02,3.11635096e+02,2.11477450e+02,3.52442002e+02,1.39179234e+02,2.41784455e+02,-1.59303002e+02,-4.16999743e+02,-3.61876007e+02,-1.76288459e+02,5.32921626e+00,-3.58116553e+02,-1.29921362e+02,5.69044692e+01,1.97070678e+02,-8.54069232e+01,4.78922622e+02,-4.31671682e+02,-4.52323685e+01,-2.33437450e+01,2.37420062e+02,-3.47380472e+02,-2.18184314e+02,2.33971296e+02,4.26085592e+02,5.94412878e+02,2.99429515e+02,3.51618662e+02,-2.53431928e+02,5.32897890e+02,5.73702801e+02,-5.48647812e+01,3.36095131e+02,3.24030251e+02,-2.16610241e+02,1.37927560e+01,5.22698987e+02,-2.36976342e+02,-1.06020136e+02,-5.15518990e+02,2.29414740e+02,-6.43612996e+01,1.49680288e+02,8.15353405e+01,-3.54910416e+02,3.91076520e+02,3.46746725e+02,-2.02479926e+02,1.56636019e+02,-4.89113991e+02,-4.40055197e+02,1.98974201e+02,-5.87291145e+02,-2.29929557e+02,8.18677925e+01,6.87714042e+02,-2.07076607e+02,-8.89036510e+01,-1.24455260e+02,9.76521426e+02,1.20754047e+02,-3.69480113e+02,5.82332887e+02,5.35945821e+02,2.55629927e+02,6.21305661e+02,6.88056716e+02,-8.95958897e+01,-2.55299026e+02,-2.76325561e+02,2.28530305e+02,3.22501287e+02,-4.17441618e+01,-1.75387075e+02,-5.23813464e+02,-2.56620538e+02,-3.76836406e+02,2.51241790e+02,1.28284051e+02,5.31705102e+02,4.84473958e+01,-2.14111440e+02,-6.71885896e+01,3.40339025e+02,1.11783559e+02,4.33340611e+02,4.88802395e+02,-1.17833533e+02,-7.64116745e+01,-8.20721928e+02,4.53803848e+02,-4.64097063e+01,4.27293728e+02,-1.55613959e+02,-4.95112387e+02,1.68252760e+02,5.87805326e+02,-2.08149871e+02,5.80720772e+02,-6.13585843e+02,-1.91029331e+02,-6.64504945e+02,1.87945008e+02,9.80811873e+01,6.72777679e+00,-5.08410784e+02,7.44969763e+02,4.46944784e+02,6.98718506e+01,-3.88909304e+02,1.85214262e+02,-2.31681806e+02,-7.43377427e+01,-1.85264247e+02,1.77007281e+02,-8.54494376e+01,-1.72958990e+02,1.62383136e+02,2.22691753e+02,-7.21949335e+02,1.65644261e+02,5.68266126e+02,3.55689401e+02,-1.11946091e+02,2.90724740e+01,-3.03528227e+02,4.99158868e+02,1.48887209e+02,-5.72483363e+01,-5.89908002e+01,9.22606110e+02,7.26394566e+00,2.62208199e+02,6.12210748e+02,8.25458357e+02,5.40843988e+02,3.58894977e+02,-5.37550702e+02,-3.66733457e+02,2.92610470e+02,1.34784346e+01,2.73563324e+02,1.56657664e+02,4.96459161e+02,-6.54923627e+02,-4.14931039e+02,-5.39157029e+01,-7.31838080e+02,1.65382029e+02,3.32440884e+02,1.19194797e+02,-1.92646058e+02,2.00052813e+02,1.20331397e+03,2.18516886e+02,1.28218945e+02,-4.14537689e+02,-5.59882152e+02,-1.32507786e+02,2.62537519e+02,-4.40418218e+01,1.76740145e+02,2.97566387e+02,-5.06411077e+02,2.09077890e+02,4.44287699e+02,4.95396174e+02,-4.75264108e+01,9.46155981e+00,-7.84765677e+01,-4.26804160e+02,-5.63002600e+02,7.05674386e+02,-5.69132025e+01,-5.00431042e+02,1.85857693e+01,-1.93053759e+02,7.72434916e+02,-2.02174572e+02,-2.91605331e+02,2.63874940e+02,-1.23019000e+02,3.65990561e+02,-4.74963225e+01,8.50629593e+02,4.25437172e+02,-1.08306743e+01,-3.04780701e+02,2.08940203e+02,-4.68674206e+02,-9.88866923e+01,5.14118786e+02,-2.37185873e+02,-3.98980500e+02,-1.88086842e+02,4.39226017e+02,1.23457082e+02,-7.01701484e+02,2.58408423e+02,1.26532123e+02,5.80525890e+01,-4.32590020e+02,1.40607734e+01,2.96568220e+02,4.31612253e+02,5.41093853e+02,2.19922860e+02,3.48855294e+01,-4.29107769e+02,-4.04603174e+02,-6.29216532e+02,-7.74718704e+01,2.66914826e+02,-2.05915740e+01,4.53470080e+02,-2.67830815e+02,1.55591797e+02,-1.00888833e+02,-2.51637736e+02,4.99914150e+02,6.45019918e+01,5.18496573e+02,2.46278478e+01,2.10890147e+02,-1.68778465e+02,5.29187051e+02,-1.01335342e+02,-3.53850880e+00,-6.61195935e+02,-9.14332809e+01,6.15353705e+02,5.63097454e+02,2.23248587e+02,-1.27700705e+02,3.23621753e+01,-1.49560598e+02,-4.81557947e+01,7.60590412e+02,1.52378983e+01,-2.00174504e+02,-9.33510912e+02,-4.58994565e+02,-3.17894700e+02,-5.67445583e+02,-4.74639028e+02,-6.00957745e+02,-3.92434970e+02,-3.22300975e+02,-4.06246671e+02,4.03282185e+02,-2.15563960e+02,-8.20134748e+02,3.37391167e+02,-2.43936546e+02,-6.94983628e+02,8.20697120e+02,-2.03688402e+02,1.67309013e+02,3.44957504e+02,7.16956118e+00,2.20737489e+02,7.18449157e+00,-1.24192505e+01,-1.15460120e+02,-6.12562479e+02,8.97826754e+01,-1.10312461e+03,5.52602602e+02,-3.70889264e+02,-1.17625438e+02,-1.50926481e+02,8.76932921e+01,-1.59611216e+02,2.42844497e+02,-4.55548414e+02,3.20584261e+02,3.30414855e+02,1.31695427e+02,8.30493212e+01,1.68172171e+02,6.28443677e+01,2.56297866e+02,-8.02038118e+01,-5.29754523e+02,8.27756369e+01,-1.94785048e+02,-3.80531715e+01,4.21672968e+02,-6.86399253e+02,7.97141355e+00,1.14885313e+01,7.31841229e+01,2.81450683e+02,-1.16806741e+02,7.12424111e+02,4.10025587e+02,-1.48698614e+02,-9.01335980e+01,1.62186693e+01,6.60102938e+02,-4.72571371e+02,-8.82190090e+02,2.44698762e+02,-1.03247227e+02,-1.06524583e+02,1.42597684e+02,6.62947537e+02,4.04129424e+02,-1.49049459e+02,-4.27572843e+02,-5.10983468e+01,2.49276742e+02,-1.11260204e+02,-6.30567946e+02,-2.40048467e+01,-7.87642104e+02,-4.13576660e+02,6.74328498e+02,-4.34377479e+02,-5.63517267e+02,-4.40629170e+02,-2.99803280e+02,2.83185826e+02,6.98840961e+02,-4.30324878e+01,2.33598677e+02,-1.52335583e+02,-5.91579931e+02,3.96430483e+02,-3.86635250e+02,2.40584412e+02,3.07668961e+02,-6.31370901e+01,3.49891671e+02,3.71961169e+02,9.11875008e+02,-1.26496503e+02,-3.91071291e+02,-5.41099867e+02,-1.28536796e+02,-2.19609902e+02,8.61363468e+02,-3.75528118e+02,8.65796827e+01,6.31755168e+01,-2.22326231e+02,-6.88224027e+02,-5.49022590e+01,8.29402972e+02,9.28480281e+01,6.01531392e+01,-4.54864702e+02,-5.15084117e+02,-8.31798216e+01,4.11478557e+02,-1.89713062e+02,9.04748752e+02,-3.72066362e+02,1.44184511e+02,-1.76511646e+02,-5.82241676e+02,2.61060906e+01,-4.34136965e+02,-6.32863603e+02,6.98770701e+01,2.02397113e+01,4.39330980e+02,1.78154043e+02,-2.87330479e+02,1.91942363e+02,-7.00824151e+02,-4.49828796e+02,7.70075562e+02,1.11156181e+02,-1.20670659e+02,-2.74563360e+02,-3.93839782e+01,-6.65037045e+01,7.21869514e+02,3.47642833e+02,-1.25305213e+02,-5.98453515e+01,-3.42413614e+02,-1.73175639e+02,-5.72071805e+02,4.06749732e+02,6.33521867e+01,1.17677490e+02,1.29141193e+02,-4.64934995e+01,-1.55484235e+02,-5.03659910e+00,-9.03639038e+02,-1.62425085e+02,-6.85451670e+01,-7.80933363e+01,4.67015110e+02,5.36970750e+02,1.37533304e+02,-8.14268754e+02,5.44452862e+02,-1.69878869e+02,-3.28333804e+02,-7.42278147e+02,-2.77619774e+02,5.01253352e+02,2.31650975e+02,5.86946287e+01,2.60859895e+02,-4.95802215e+02,-3.77644336e+02,4.69610071e+02,3.24749287e+02,4.39878822e+02,-2.48146636e+00,5.82965106e+01,4.71227693e+02,8.40564729e+02,-2.10104358e+02,3.21220171e+02,-1.42637462e+02,-3.56900515e+02,-2.91001855e+02,-2.60230650e+02,-1.27698629e+02,-4.34979927e+02,-1.99471166e+02,-1.18639776e+03,2.89741546e+02,1.65836237e+02,-3.13572992e+01,-3.53139803e+02,-1.90985335e+02,-4.58576441e+02,9.98392252e+01,7.00778532e+02,-1.76437051e+02,-1.39750691e+02,1.86722993e+02,-4.12026502e+02,7.38517268e+02,1.41281396e+02,1.58108512e+02,4.39667335e+02,1.55768637e+01,4.77845564e+02,1.39823367e+02,-7.34126623e+01,8.00071172e+01,-1.84411011e+01,5.92041799e+02,7.68658674e+01,1.25653803e+02,-7.64276212e+01,1.13029157e+02,-7.87585914e+02,-3.16503650e+02,-3.92768447e+02,4.36830521e+02,-2.48763524e+02,-5.48333205e+02,5.00439861e+02,-1.02525746e+02,3.72218141e+02,-7.78105808e+02,2.10804960e+02,6.54768534e+01,5.05034820e+01,-7.54364277e+01,-5.54817414e+01,4.19435682e+02,-2.08020040e+00,-4.21038063e+02,-1.36083141e+02,2.15797941e+02,-9.94167264e+02,-7.91179907e+02,1.29289080e+01,9.52215529e+01,-3.69674071e+02,-3.61302833e+01,9.24282270e+02,2.80802555e+02,-4.78052198e+02,8.02105929e+01,-7.64156696e+01,8.80466271e+01,-2.92055552e+02,1.57982973e+02,2.41956142e+02,-5.75790881e+01,9.58987048e+02,-9.09404607e+01,-2.73824102e+02,1.62305230e+02,3.52090345e+02,-3.01965457e+02,-2.53921075e+01,8.16882489e+02,-2.03376705e+01,5.02486764e+02,1.21810901e+02,-8.24676018e+01,-2.25086557e+02,4.85933077e+02,-4.68459062e+02,-1.79077810e+01,-1.28069772e+02,-3.60317134e+02,1.43168803e+02,2.02770620e+02,7.61642828e+01,-1.38156538e+01,-3.29993031e+02,1.58136556e+02,-1.51050944e+01,-2.13945297e+02,-1.84534424e+02,1.68281677e+02,-4.22985867e+01,-3.12111203e+02,-9.07648334e+02,7.81709848e+01,1.99554637e+02,-3.98780224e+02,-1.92157861e+02,7.03076487e+02,6.18672556e+01,3.00401592e+02,5.55495531e+01,3.14715399e+02,4.38143482e+01,-3.36254944e+02,-3.23752296e+01,7.10812350e+01,2.37188146e+02,6.84711437e+02,4.19988309e+02,1.79062116e+01,1.46120047e+02,5.14841183e+02,2.23469787e+02,-6.19587686e+02,-2.28453363e+02,1.14910774e+02,7.29841134e+01,2.25539752e+02,-4.48559696e+02,1.08589005e+02,3.42630736e+02,4.21421228e+02,-3.82699043e+02,-4.48825498e+01,-1.96957613e+01,-1.15806261e+02,-2.84195382e+02,-1.69151961e+02,-2.73745416e+01,6.81434202e+01,3.52821054e+02,-2.65611457e+02,6.82990206e+02,3.04008348e+02,2.15072386e+02,2.83518292e+02,2.59652939e+02,2.79903093e+02,4.61365963e+02,-3.77417427e+02,5.39851122e+02,-9.49992819e+02,2.65427709e+02,-9.28205896e+02,7.19613786e+02,6.20330227e+02,-9.93651679e+01,-4.20047494e+02,-3.60688736e+02,-4.92051163e+02,-5.29068341e+02,4.90760675e+02,3.66811618e+02,2.06699871e+02,2.71710521e+02,3.47250264e+02,-3.28362376e+02,-1.72495992e+02,4.89994160e+02,-1.06030703e+02,4.52121728e+02,6.24230260e+02,-3.67558882e+01,-6.15093994e+02,1.14176328e+01,-1.12537258e+01,-8.38850202e+01,6.80557944e+00,-5.73294745e+02,-1.58151215e+02,5.02670542e+01,7.54389097e+01,4.13454871e+02,-3.41640429e+02,5.23403997e+02,-3.45649073e+02,1.89336189e+02,3.32543532e+02]
