name = 'CO_diff'
composition = {'H':0, 'C':1, 'N':0, 'O':1, 'Pt':1}
facet = ['Ni211'] 
IS_SPE =[-92.107, 'eV']
IS_ZPE =[0.185, 'eV']
IS_frequencies=[12.0, 162.2, 275.1, 336.6, 349.2, 1864.2, 'cm-1']
TST_SPE=[-91.82847328, 'eV']
TST_ZPE=[0.158, 'eV']
TST_frequencies=[141.7, 164.6, 253.3, 318.6, 1666.6, 'cm-1']
no_reactants=1
bee_IS = [-5.02237907e+02, -3.98092790e+01, -1.16191217e+02,  3.88861187e+02,    -1.83615739e+02, -1.60926913e+02, -3.42830242e+02, -7.64432272e+02,    -3.65817673e+02, -4.09756652e+02, -3.34050067e+02,  3.94768741e+01,     1.22320109e+01,  2.60354887e+01,  2.68210995e+01,  4.04710697e+02,    -1.78708808e+02, -1.57887873e+02,  1.50439518e+02, -9.54476557e+02,     5.02293381e+02, -2.29554596e+02, -4.38162658e+01, -1.03485623e+02,    -4.87411904e+01, -4.99302265e+01,  7.41961855e+02, -1.83061267e+02,    -7.08551155e+01, -4.51367752e+02,  6.64037274e+02, -1.17242209e+02,    -3.34696605e+02,  2.05763046e+02, -3.65012124e+01,  1.67556037e+02,    -2.71360294e+01,  6.11031088e+01,  2.34593248e+02, -8.73858337e+02,     4.65092773e+02,  1.10162334e+02, -4.96469477e+01, -2.89727864e+02,     9.66561034e+01, -1.55011755e+02,  3.76578118e+02,  3.17428097e+02,    -2.36378406e+02, -2.50983375e+02, -2.56478406e+02, -2.90783761e+02,     9.79068437e+01, -4.26668891e+02,  1.17455975e+02,  5.14596837e+02,     5.87333968e+02,  2.98443363e+02,  1.38152984e+02,  2.35339276e+02,     7.69974266e+02,  1.80685173e+02, -4.73049416e+02, -1.06378588e+02,    -2.02104902e+02,  5.24081955e+02, -6.42913308e+02, -5.37872132e+02,    -2.32555270e+02, -8.37952414e+01, -3.75949234e+02,  2.29959811e+02,     8.26425642e+01,  1.12438460e+02, -3.31139970e+02, -2.98875526e+02,    -4.83746332e+02,  3.21686974e+02, -2.80817417e+02,  2.26069338e+02,    -5.66130148e+01, -2.51752237e+02, -4.99784574e+02, -1.49025487e+02,    -9.69753911e+01, -1.36550077e+02,  3.38122587e+02,  6.07498781e+02,    -3.62254398e+02, -6.86832842e+02, -1.70528328e+02,  9.51062736e+02,    -4.90251402e+02,  2.84317450e+02, -9.06541529e+01, -5.33181131e+02,     2.06516277e+02,  3.27524942e+02, -1.50387911e+02,  3.02467079e+02,    -2.29875410e+02, -4.40047469e+02,  7.63859468e+02,  3.98850576e+02,     2.66202687e+02,  1.25647691e+02,  2.10554777e+02,  6.98719506e+02,    -2.13453534e+02,  4.95820287e+01, -1.18552190e+03,  1.58064964e+02,    -5.85064136e+02,  1.24334348e+02,  1.85082376e+02, -2.92667774e+02,    -4.59206850e+02,  5.36852492e+01, -2.52027990e+02,  3.04508139e+02,    -4.35757371e+02, -2.26867369e+01, -3.04400748e+02, -3.58127845e+01,    -2.79221253e+01,  1.44537078e+02,  1.09911473e+01, -5.11510396e+01,     5.18483701e+02,  7.82325057e+02,  4.09869780e+02,  6.69303453e+02,    -1.02297224e+02,  1.15882025e+02,  4.70297328e+02, -7.74773425e+01,    -6.54566771e+02, -3.20832330e+02, -4.29880022e+02, -2.46004188e+02,     2.39983785e+02, -1.00995162e+03, -1.65083848e+02,  3.68153078e+02,    -3.12427099e+02, -3.15346549e+02,  4.64249916e+02,  3.77034705e+02,    -2.96443177e+02,  1.65776501e+02, -2.10506877e+02,  2.98069180e+02,     3.36903740e+01,  1.31106249e+02, -7.43926942e+02, -4.15797434e+02,    -6.58632145e+01,  2.67237142e+00, -3.31261470e+02,  9.13815472e+02,    -1.90431213e+02, -2.87818033e+02,  3.22149259e+02, -4.11154143e+02,    -2.79523926e+02,  2.62223636e+02,  9.47069476e+01,  1.11219285e+02,     1.03617933e+02, -9.65953321e+01,  1.66431263e+02,  4.99006519e+02,    -2.53216119e+02,  1.48062355e+02,  7.79303429e+02,  2.87007585e+02,    -7.46367012e+01, -1.64167789e+02,  1.31843603e+03, -1.50614520e+02,     3.02796275e+02,  1.85766709e+02,  2.95028007e+02,  7.61671221e+02,     4.27497603e+02, -2.49565951e+01,  1.93953962e+02,  4.05007600e+02,     3.32697602e+02, -4.76066129e+02,  8.01181836e+02, -7.13405829e+02,    -1.51605147e+02,  4.92647419e+02,  7.17600980e+01,  5.92199733e+01,     2.68405114e+02,  2.09788385e+02,  3.06763374e+02, -5.47383408e+02,     4.33297525e+01, -2.34435581e+02, -9.33899748e+01, -2.89194318e+01,    -7.63640025e+01, -4.74269282e+01,  7.01306271e+02, -7.27130537e+01,    -2.37267643e+02, -1.92976207e+01,  1.00061416e+02, -5.04307809e+02,    -3.83118480e+02, -3.12343443e+02, -5.40445025e+02, -1.41160067e+02,    -3.56670059e+02,  1.66074011e+02, -1.00840453e+01, -9.09811386e+01,    -7.33441073e+01,  5.59618178e+01, -1.71948080e+02,  5.73672205e+02,    -7.03627157e+02, -1.38355176e+02, -1.34715953e+02,  1.44251981e+02,     1.57868105e+02, -3.96247145e+02, -1.57199071e+02,  3.58205279e+02,    -1.91293394e+02,  1.35623363e+02,  3.16661139e+02, -3.64412174e+01,     9.68668009e+02, -1.76665257e+02, -2.75914663e+02,  5.54843462e+01,    -1.94236111e+02,  4.55509178e+02, -3.08489224e+02,  7.29346562e+01,     5.36726515e+02, -1.12242281e+02,  1.03041162e+03,  1.09987255e+03,    -5.62478999e+02,  4.97984209e+02,  1.43341128e+02, -4.58234517e+02,     1.50823732e+02,  3.10716430e+02,  3.25534987e+02,  2.02671125e+01,     1.00877122e+02,  6.09581009e+02, -1.97735321e+02,  1.39828049e+02,     6.52960164e+02, -3.20167067e+02, -1.27653678e+02,  4.46273236e+02,     2.29607590e+02,  6.53786118e+02,  2.19999965e+02,  5.78518401e+01,     2.24981553e+02,  3.32918289e+02, -4.14633113e+02,  2.90962745e+01,     1.57118407e+02,  1.05365035e+02,  1.87894185e+02, -5.02501892e+02,     2.94161994e+02, -3.81425082e+02, -2.70667314e+02,  1.50304064e+02,    -1.21146448e+02,  4.69726749e+02, -2.08062337e+02,  2.48758268e+02,     2.79928503e+02,  6.82711526e+02,  4.75394453e+02,  4.06110963e+02,    -7.59312524e+01, -5.83054744e+01, -2.71140280e+02,  6.56416806e+02,     6.73592370e+02,  3.19994462e+02, -1.97097593e+02,  4.31194024e+02,    -7.72282917e+01,  1.81917264e+02,  5.32883600e+02,  6.81728312e+00,    -6.61743977e+01, -2.12719421e+02, -4.55077303e+02,  8.30471814e+02,     3.86318983e+02, -4.78949440e+02, -1.32404624e+02,  2.38868036e+02,    -9.04498319e+01,  5.33438546e+02,  1.04698039e+02,  6.82044785e+02,     2.65094561e+02, -2.43542670e+02,  2.12568598e+02, -3.62553148e+01,    -2.72692715e+02,  1.43907331e+02,  1.61131022e+02,  7.77415186e+02,     6.84216162e+02,  4.50249553e+02,  5.97221867e+02,  6.20144462e+01,    -2.34802322e+02,  1.33967671e+02, -2.84544815e+02, -4.32899462e+02,    -4.95562733e+02, -2.33382859e+02, -9.22101939e+02, -2.65913717e+02,    -7.30384125e+02,  1.83418401e+02, -3.93870443e+02,  3.49885219e+02,    -8.18059478e+02, -2.77032536e+02,  4.23161069e+02,  1.92383084e+02,    -7.36950672e+02,  5.31758267e+02, -2.06561847e+02,  4.45793949e+02,    -2.19889850e+02, -6.74640950e+02,  1.04045766e+02, -5.44142576e+02,    -1.15087491e+02,  2.57232470e+00,  3.63393531e+02,  1.06970132e+03,    -3.89029407e+02, -2.99336276e+02, -2.44569373e+00, -1.19665727e+02,    -6.93709142e+02, -4.75852071e+02,  4.23607749e+02, -2.17358791e+02,     1.43717130e+02, -4.16298420e+02, -1.27641149e+02, -3.42941807e+02,     4.57988994e+02,  1.31523965e+02, -1.91565676e+02, -1.14397142e+02,     8.61710326e+01, -7.15628888e+01,  3.71575904e+02, -2.14368417e+02,     4.36480858e+01,  2.93159251e+02,  1.50093168e+02, -1.49056651e+02,     1.32259741e+03,  4.62766080e+02,  2.89938736e+01,  9.03514061e+01,    -5.26827948e+02,  2.64159889e+02, -6.40039432e+02, -2.19199086e+02,    -4.69957452e+02, -1.63144403e+02,  4.74501209e+02, -4.82039676e+02,     1.54814040e+02, -2.35054653e+01,  2.78501556e+01, -3.18027842e+02,    -3.81970575e+02, -2.59418347e+00, -3.65681706e+02, -1.89267381e+02,    -3.49293900e+02, -8.90579287e+01, -3.06337380e+02, -4.38557330e+02,     1.92045921e+02, -1.47635551e+02,  1.80609667e+02,  8.67071405e+01,    -6.27354890e+02, -4.67859172e+02, -3.38835254e+02,  3.04254012e+02,    -8.70245020e+00, -5.39968723e+02,  4.96400720e+02, -3.39519175e+02,     4.67023809e+02, -2.56813443e+02, -4.15348360e+02,  2.26914522e+02,    -5.78702590e+02, -3.31213412e+02,  5.44769303e+02,  1.54161213e+02,    -3.45191198e+02,  4.47474101e+02, -1.45989010e+02, -3.21846059e+02,    -2.61262989e+02, -4.14319621e+02,  2.02470592e+02, -7.75058853e+02,    -7.10970258e+02, -8.24124120e+01, -2.57559024e+02, -4.69927344e+02,     6.15048926e+02,  1.12717396e+03, -2.82310776e+02, -2.76199555e+01,    -5.38700385e+02,  5.64078807e+02,  1.57787479e+02, -1.66641168e+02,    -3.29402457e+02,  1.44364355e+02, -5.19442977e+02, -1.71956820e+02,    -7.57748313e+02,  2.98177707e+02,  1.12269496e+02,  5.14166322e+00,    -5.86517803e+01, -2.90956786e+02, -7.60823637e+01,  1.08879886e+03,    -1.64600861e+02, -3.94045120e+02, -5.78682745e+02,  1.11042455e+02,    -3.06479303e+02,  7.53339808e+01,  2.48837173e+02,  5.74247551e+01,     2.40271253e+02,  1.02298282e+02,  5.09240484e+02,  2.63422458e+02,    -2.89025793e+02,  3.60588701e+02,  2.96481902e+02,  9.50596940e+01,     3.81920253e+02, -2.09366062e+02,  6.20732135e+02,  1.57736737e+02,    -2.56876287e+02, -4.93132011e+01, -1.63343414e+02,  2.05797024e+02,    -2.25083347e+02, -2.50442208e+01, -9.18130726e+01,  7.08800789e+02,     4.57107628e+02, -5.76653143e+02, -3.52639637e+01, -4.61070022e+02,    -1.50495908e+02, -1.93929786e+02,  6.29578200e+01, -1.23290782e+01,    -2.21032550e+02,  1.07854531e+02, -5.91073446e+01, -8.99616382e+01,     7.40822304e+02,  1.54615051e+02, -6.92135386e+02, -3.78760013e+02,     7.88358186e+02,  2.34055726e+02, -7.30921713e+01,  9.07933358e+02,    -1.58311155e+02, -9.70968673e+01, -4.99297120e+01,  1.14978193e+02,     2.42793161e+02,  3.49264139e+01,  2.28967890e+02, -1.35794603e+02,    -2.65075460e+02, -3.69502124e+02, -4.08999767e+02,  3.83601352e+02,     1.08218610e+02,  3.22654527e+02,  1.18027248e+02,  7.56089911e+02,     1.49983708e+02, -6.99056102e+02, -2.93266455e+02,  8.46541700e+01,    -2.37091432e+02,  5.30086209e+02, -1.06546358e+02,  1.56975207e+02,     4.25427870e+02, -6.26693813e+02,  1.26854837e+03,  1.65525754e+02,     2.03572644e+02,  2.99191285e+02,  6.87547060e+01, -6.19998209e+00,     3.07970613e+02, -3.03023513e+02,  6.97773395e+02,  6.01806672e+02,    -3.53448958e+02,  1.27357974e+02,  5.92614396e+02, -1.84932330e+02,     1.36041145e+02,  3.65005792e+02,  3.64260652e+02, -6.69074294e+02,    -1.18665268e+02, -2.99386881e+02, -2.59327908e+01, -3.56032600e+01,    -2.27437268e+01, -1.39467164e+02, -2.50661755e+02,  7.03463547e+01,     8.72029338e+01,  4.56471228e+02, -3.58930184e+02,  3.29703795e+02,     3.81528693e+02, -1.42268811e+02,  7.56045255e+02, -5.82880148e+02,    -8.98731091e+02, -5.66920320e+01, -7.15587999e+01,  4.50148797e-01,     6.72312523e+02, -6.23282180e+01,  3.46874879e+02,  4.07371390e+02,     3.24142677e+02, -9.03391222e+01,  5.39438114e+02, -1.36111976e+02,    -2.75502205e+02, -3.94945872e+02,  4.58838400e+01,  3.28049126e+02,    -4.30704573e+01,  3.26843815e+02, -2.60068095e+01,  5.45668141e+02,     1.69984091e+02,  7.59158134e+01, -4.73863084e+01,  2.89093872e+02,     3.22104395e+02,  1.69952768e+02, -6.85618296e+00, -4.57291511e+02,     2.56372985e+02,  1.68400880e+02,  3.14666834e+02,  2.64432384e+02,     3.01667063e+02, -5.06608879e+01,  2.30609091e+02, -2.09985741e+02,    -8.98162099e+00, -4.73868187e+02, -2.65497436e+02,  3.33410203e+02,    -7.71365712e+02,  2.50592876e+02,  1.44904714e+02,  7.04941929e+02,    -2.22575591e+02,  2.59510059e+02, -9.98761530e+01, -4.12036791e+02,    -6.13502515e+02, -6.91335310e+01, -7.48555175e+02,  1.37429366e+02,    -1.75962035e+02,  2.55102938e+02,  1.73946547e+02, -2.17521538e+02,    -2.12962462e+02,  3.28733667e+02, -5.10337790e+02, -1.03804533e+02,    -1.77081347e+02,  1.99378765e+02, -4.56131255e+01,  4.94473220e+01,    -1.83811665e+02,  4.84296258e+02, -4.04862351e+02,  8.22851901e+01,     5.11045278e+02, -2.91333515e+02,  1.54286111e+01, -3.22793755e+01,    -5.83892421e+02, -3.95652681e+02, -6.82505192e+01,  2.24459031e+02,     2.73806890e+02,  4.13788769e+01, -6.89329894e+01,  1.88248609e+02,    -3.84223875e+02,  2.39568910e+00, -4.28334383e+02, -2.33939293e+02,     3.99857543e+02, -2.50212857e+02,  5.45534569e+02, -1.80964216e+02,     2.99363461e+02,  2.17426584e+02, -5.29752448e+02, -2.42885299e+02,     7.29385356e+01, -3.39018649e+02, -2.97497878e+02, -7.37959111e+02,    -4.73922356e+02, -4.44603919e+02, -3.65709684e+02,  1.93021073e+01,     1.11962101e+02,  8.42191374e+00,  1.77798433e+02, -4.84961517e+02,     1.22978027e+02,  1.76604756e+02, -5.65367913e+02, -5.48155917e+02,    -3.49700590e+02, -1.97754110e+02,  1.66290438e+02,  7.68246246e+00,    -3.78019530e+02,  3.03244267e+02, -1.69735098e+02,  4.25439029e+02,    -7.59348547e+02,  5.13005597e+02, -3.14228172e+01, -3.11232952e+02,    -2.22582760e+02,  2.76001821e+01,  3.61037997e+02, -6.41458411e+02,    -1.20179511e+02, -1.74460287e+02,  4.17341289e+02,  7.14483627e+02,    -8.25932715e+02,  7.95167983e+02,  3.88255392e+02, -6.34939355e+02,    -2.99795983e+02,  6.48315504e+02,  5.14670667e+02, -1.52305084e+02,    -3.06265914e+01,  8.86627765e+01,  6.02407866e+02, -4.48376890e+02,     1.38875193e+02, -6.45374972e+01,  2.59179608e+02, -6.29360495e+02,    -6.46920013e+01, -2.86389230e+02,  4.02166504e+02,  3.63337295e+02,    -7.29120193e+02, -4.21692455e+02, -1.93607872e+02, -3.30525729e+02,    -1.24652488e+02, -1.96603480e+02,  3.64632739e+02,  3.53469521e+02,    -5.01252888e+01, -3.92747082e+02, -7.11011089e+02,  3.69878377e+02,    -4.32259586e+02, -2.67013788e+02,  4.08823241e+01, -2.93263149e+02,    -3.54838740e+02, -2.19498029e+02, -3.58548374e+02, -2.28676441e+02,    -4.33387228e+02,  4.95761935e+02,  5.49872249e+02, -2.85930408e+01,    -2.03512925e+02, -1.35512290e+01,  3.61639392e+02, -7.50656812e+02,    -1.77237358e+02,  4.26162216e+02,  5.71607705e+02, -1.57412597e+02,     9.63406027e+01,  4.66535579e+02,  1.32769821e+02, -5.71387040e+01,    -3.76973368e+02,  1.92934197e+02, -3.05944629e+02, -1.36367806e+02,    -1.64987153e+02, -1.59812155e+02,  1.69594634e+02,  6.65406762e+02,     6.77102091e+00,  3.52327281e+01, -7.72407794e+02, -1.47990809e+02,    -3.23210726e+02,  3.98393951e+01, -3.59686423e+02,  6.69400860e+02,     6.93780986e+02,  1.25599085e+02, -1.27165444e+02,  1.23527598e+02,     2.17112228e+02, -4.07727968e+02, -6.59646319e+01,  1.18563667e+02,     1.18381156e+02,  4.84120370e+02,  3.84693178e+02, -1.77500217e+02,     2.42213436e+02, -8.24401845e+02, -3.68102536e+01,  7.27405780e+02,     8.21230989e+01, -6.30043008e+00,  2.83962986e+02, -2.48042151e+02,     7.92014581e+02, -1.04907478e+02,  7.26582104e+02,  3.16898339e+02,    -3.27465617e+02,  2.61352824e+02, -2.63793395e+02, -5.87520439e+02,    -3.41076409e+01, -4.84174505e+02, -4.56319404e+02, -4.56560271e+01,     2.74737552e+02, -4.88160086e+01, -2.88015044e+02,  6.43519417e+01,    -6.22889401e+02, -7.91602018e+01, -7.08495215e+02,  4.45544823e+02,    -1.14839086e+01, -4.38711118e+02, -1.62260610e+02,  1.48229770e+02,    -2.75133096e+02, -4.03707274e+02,  7.70808395e+02, -1.91585756e+02,    -3.80331453e+02,  2.15469917e+02, -1.01505334e+02,  4.38857841e+02,    -1.38669524e+01,  7.44766452e+01,  8.72619362e+02, -1.53736241e+02,    -2.99125829e+02, -3.19153620e+02, -4.55518432e+02, -2.82662982e+02,     2.43235609e+02,  1.79584705e+02,  1.81849476e+02,  6.42219874e+02,     2.01850883e+01,  1.43122691e+02, -5.69091904e+02,  2.10173147e+01,    -2.00470375e+02, -2.29172696e+02,  1.52889879e+01,  3.01411514e+02,     3.29077494e+02,  6.72265329e+00,  8.04285639e+01,  2.53236084e+02,     3.20906100e+02, -2.06654047e+02, -1.12927665e+02,  1.45754413e+01,    -2.01207221e+02, -6.75072521e+01, -2.32471778e+02,  6.50117929e+02,     5.58543741e+02, -1.09531563e+02,  1.03645593e+02, -2.06161894e+01,    -2.04244011e+02,  2.86990061e+02, -7.59841837e+01,  3.35164798e+02,    -4.62471574e+02,  1.62547825e+02, -9.55494072e+01, -4.69058160e+02,    -2.17727685e+02,  2.35294522e+02, -7.36025016e+02,  3.63114216e+02,     4.23596209e+02, -6.15577693e+01, -4.40540393e+01, -2.80226527e+01,     2.09569305e+02, -2.83687881e+02,  3.13244500e+02,  2.43666193e+02,    -8.99100723e+02, -2.84129735e+02,  1.94756461e+02, -7.89455834e+01,     3.29104531e+02, -5.29196783e+02, -4.54863825e+00, -3.57478799e+02,    -1.06325576e+03,  6.45511318e+02, -5.10956902e+02, -4.95355164e+02,     7.62620807e+01,  1.10139008e+03,  1.75044601e-01, -1.85233423e+02,    -1.81074255e+01, -6.11452893e+01, -7.61863907e+02, -5.32009482e+02,     6.69294052e+02, -4.43684984e+01, -3.40658187e+02,  4.33243484e+02,    -2.97103391e+02,  3.40284821e+02,  4.68798805e+02, -5.30020618e+02,    -2.21041902e+02, -2.96366011e+02, -1.29004083e+02, -1.66566408e+02,    -5.76452780e+01,  1.18118049e+02, -2.89079305e+02,  2.55530697e+02,     5.14055532e+02, -1.38943039e+02, -1.53108458e+02,  1.18966386e+02,     4.93575707e+02,  4.18460021e+02,  3.14872047e+01, -1.42941795e+01,    -4.63279440e+01, -4.37482672e+02,  3.25166638e+02, -2.06319092e+02,     1.70177792e+02, -1.35920546e+02,  2.50123693e+02,  1.51022374e+02,    -6.77688550e+02, -2.39542793e+02, -6.79535385e+02, -2.78849345e+02,     6.43451219e+01, -1.48055819e+02,  2.57359801e+02, -2.48690776e+02,     1.64435606e+01,  9.02582340e+01,  6.41089234e+02,  3.22000855e+02,    -2.32249685e+02,  1.75781586e+01,  9.55226952e+01,  3.43865949e+02,    -5.53652295e+00,  4.35593439e+02,  2.08828567e+02,  7.67163632e+02,     2.19628083e+01,  5.88674291e+02, -2.24532948e+02, -3.31510507e+02,     7.13309468e+01,  6.31720408e+01,  2.62322838e+02, -5.49097827e+01,    -1.37299151e+02,  2.23964954e+02, -3.94607304e+02, -4.45873047e+02,     6.60825363e+02, -5.09730778e+01, -3.68442897e+02, -4.14235942e+00,    -1.21670311e+02,  3.01185396e+02,  2.84787808e+02, -1.68934668e+02,     9.84451142e+00, -2.33013713e+02, -2.80474711e+02, -2.45586432e+02,    -8.23351622e+02, -2.93449842e+01, -5.55187364e+02, -4.74288680e+02,    -3.39565872e+02,  1.51074751e+02, -3.24522326e+02,  1.88170211e+02,    -4.86082099e+02,  9.09345452e+00, -3.50055089e+02,  6.45198538e+01,     1.01856156e+02,  2.49964737e+02, -1.70215495e+02, -1.26429546e+02,     2.23982778e+02,  5.17835897e+02,  2.80239968e+02,  6.71550444e+01,    -5.87545529e+02, -1.19390902e+02, -2.66141717e+02, -5.22715886e+02,     3.56511230e+02, -2.97910018e+02, -3.76843576e+01, -1.97370453e+02,    -8.72501348e+02,  4.29106684e+02, -1.43607243e+02,  3.54924272e+02,    -5.97622263e+02,  5.64446117e+02,  3.67137382e+01, -2.68226156e+02,     4.02044058e+01, -2.01652938e+02, -5.88256617e+02,  1.21601124e+02,     2.41327357e+02,  2.80675257e+01, -3.11361802e+02, -1.12121000e+02,     1.39753617e+02,  2.51669141e+02,  5.52164149e+02,  2.19077024e+02,    -2.02362105e+02,  7.60161209e+02,  2.48488780e+02,  3.36535119e+02,    -1.46112912e+02,  2.28522446e+02,  1.49156910e+02, -5.31025246e+02,    -1.61741187e+02, -3.39071976e+02, -2.69301605e+02, -8.94842501e+01,    -1.51454422e+02, -3.19851945e+02, -9.77572780e+02, -2.62262412e+02,     1.32872275e+02,  8.69141475e+01,  8.04217020e+01,  4.26904379e+02,     1.59625550e+02,  2.75593490e+02, -3.63442958e+02,  3.97789566e+02,    -4.23984706e+02, -6.59378468e+02,  1.64846604e+02, -3.47415791e+02,    -3.60962993e+02, -1.35670151e+03, -1.02887364e+02,  6.88239501e+02,     4.01158917e+02, -8.79316137e+01, -1.02258021e+02,  2.54000739e+02,     5.86049711e+02, -3.47550971e+02, -8.20403020e+01, -2.73144959e+02,    -3.09467932e+02, -2.93545822e+02,  1.36785068e+02,  6.16540412e+02,    -5.65737959e+02, -4.55734080e+02,  2.12471418e+01, -7.38716282e+01,    -1.21791841e+02, -8.01351276e+02,  4.87145455e+02,  2.16734506e+02,     7.71397240e+01,  4.16821577e+02, -2.61045930e+02,  2.55113662e+02,     2.32120152e+02,  4.54926939e+01, -3.99526059e+01,  1.05750974e+02,    -1.39370713e+02,  4.04576838e+02, -3.75492696e+02,  3.61812509e+02,     8.00178331e+01,  9.61489041e+01,  2.03655960e+02, -7.41006402e+02,     5.53141743e+01, -5.50628328e+02, -4.35069469e+02, -4.22144485e+02,    -3.87118358e+02,  1.19145675e+01,  1.11863579e+02,  4.15152705e+02,     8.32975602e+01,  1.18430220e+02, -6.12101695e+02, -2.15332480e+02,     2.83157637e+02,  1.17850684e+01,  1.62191265e+01, -6.99467401e+01,     3.15448405e+02, -7.84659192e+02,  9.03650029e+01,  2.03616587e+02,     3.91576678e+02,  3.34389977e+02, -4.88535531e+02,  6.50931217e+01,     3.66884441e+01,  3.73035651e+01,  1.65921357e+01, -1.67256497e+02,    -2.70097806e+02,  1.35466170e+02,  5.39076033e+02, -7.73123007e+01,     8.19391067e+01,  1.53357877e+02, -2.12758813e+02, -2.11096244e+02,    -9.93463161e+02, -3.29803391e+02, -4.35847308e+02, -6.53085631e+01,    -5.45576293e+02,  6.45729826e+02, -2.53610490e+02, -4.53935264e+02,    -1.34561447e+03,  5.62764974e+02,  1.17908195e+02, -1.29404665e+01,    -5.27834717e+02,  9.06098800e+01, -1.49251577e+02, -2.79985815e+02,     1.01005329e+02,  2.75547631e+02,  6.80907691e+01, -1.47998269e+02,    -2.86253762e+01,  6.99234722e+00,  1.65588374e+02, -5.22672177e+02,     6.00558518e+02, -3.59970287e+02, -2.32746430e+02, -3.60423380e+02,    -8.33479847e+02,  8.15992163e+01, -4.10180762e+02, -1.89400204e+02,     2.93094707e+02, -2.06601541e+02,  5.33866076e+00, -8.42481751e+01,    -2.20544062e+02,  1.41328848e+01,  4.56123959e+02, -4.46215564e+02,     7.89315768e+02, -1.69679817e+02,  2.91745737e+02, -6.65225943e+01,     1.28399880e+02, -1.01176882e+02,  4.02422647e+02,  5.36843440e+02,     1.71216507e+02,  4.70499102e+02, -3.34486410e+02, -2.77872838e+01,    -1.95404263e+02,  5.85577496e+02,  4.95498380e+02,  3.79815642e+02,    -1.27687210e+02, -2.59515702e+02,  2.31348303e+02, -2.21910041e+02,    -1.18442210e+02, -6.23445342e+01, -2.22648062e+02,  4.40174875e+02,    -4.95762104e+01,  3.39305922e+02,  1.20870426e+02,  1.46148043e+02,    -2.93282720e+02,  2.78191725e+02, -1.56551356e+02, -1.12488515e+02,    -2.58822746e+01, -4.36484787e+02,  6.58695378e+02, -2.42084745e+02,    -3.57762114e+01,  1.70077190e+02,  1.46533282e+02,  6.06572028e+02,    -1.40968088e+02,  6.58446297e+02,  5.97654900e+02, -8.33741768e+02,     7.48462184e+01, -1.75572609e+02,  1.25485999e+02,  7.48026534e+01,     1.50423538e+02,  5.17465820e+02,  7.93967576e+02, -6.72748882e+02,     6.57605945e+02, -7.90866609e+02, -6.59185954e+02, -1.05188406e+02,    -1.00687676e+01,  6.01929414e+02,  3.32270635e+02, -1.57563349e+02,    -7.94605437e+02,  6.03465968e+02, -3.85786834e+02, -9.97684083e+00,    -4.35907139e+01,  1.06236838e+03, -2.43061881e+02, -9.03392961e+02,     2.64809868e+02, -1.38696310e+03,  9.53238942e+01, -3.05735098e+02,    -1.55513559e+02, -2.34169100e+02, -5.02917214e+02,  3.52035794e+02,    -3.10391365e+02, -7.81799195e+01, -6.71650061e+02, -5.75236313e+01,    -4.09635003e+02, -6.38836788e+02, -1.05077866e+03,  8.71020111e+01,    -2.76395633e+02, -7.48177666e+00, -1.15985570e+02, -6.79093346e+02,    -5.41568962e+02, -4.52873388e+02, -4.56869854e+02,  4.70143375e+02,     8.00305292e+01, -4.09965015e+02, -1.56859661e+02, -1.92092346e+02,     3.18560422e+02, -2.85999084e+02, -1.05869730e+02, -1.92691088e+02,    -3.07357033e+02, -3.21028856e+02,  3.28216720e+02, -1.50363386e+02,    -7.80428954e+02,  6.60660321e+02,  4.02995573e+02,  5.29228189e+01,    -6.21165522e+02, -6.47439015e+02,  9.30776968e+01,  1.20339321e+01,    -2.54974249e+02, -4.16719930e+02,  3.04629594e+02, -6.76805007e+01,     2.34253200e+02,  4.23795631e+02,  2.88675228e+02,  3.02600087e+02,     2.18786051e+02, -1.74246321e+02, -1.07253866e+02, -1.88867619e+02,    -2.99140949e+02, -3.91940144e+02, -5.54595616e+02, -3.35376551e+02,    -6.87428302e+01, -6.83333692e+02, -7.39400543e+01,  2.79164641e+02,    -6.12021434e+02,  2.12720209e+02,  1.85927038e+02, -6.03741470e+02,    -4.86676749e+02, -1.33699798e+02,  1.81701301e+02, -3.40188111e+02,     6.00011645e+02,  5.38067510e+02, -6.42813614e+02,  4.34035314e+02,     3.03642871e+02,  6.50635661e+01,  2.16917246e+02, -3.65188983e+02,    -1.22138854e+02,  4.62147593e+01,  1.51367081e+02,  3.87451734e+02,    -4.33153399e+02, -3.64999201e+01,  1.51721990e+02, -1.27281833e+01,    -2.25431878e+02,  1.69027110e+02, -2.28239150e+02, -1.72636390e+02,     3.26902429e+01, -5.13193509e+02,  3.12322169e+01, -2.01499166e+02,    -1.07370358e+02,  4.17482574e+00, -4.85728677e+02,  4.82118669e+02,    -2.29997979e+02, -1.10482718e+03, -7.23139628e+02,  3.34004427e+02,    -3.03627805e+02, -1.45348327e+02, -2.48873720e+02, -1.42241430e+02,    -8.53284543e+02, -9.54737041e+01, -5.47331068e+02, -2.85251141e+02,     2.19909446e+02,  6.34908600e+02, -3.23045426e+00, -2.73812436e+01,     4.97641106e+02, -4.32783696e+02,  3.06698536e+02,  7.91511381e+01,    -3.55434137e+02, -1.53378600e+02,  2.09516240e+02,  1.59166050e+01,     8.40009565e+01,  9.74908568e+01, -2.01047394e+02, -2.38022735e+02,    -4.51220173e+02,  4.27306757e+02, -5.41689686e+02, -3.98307341e+02,     8.09510019e+01, -7.62984609e+02,  1.64636524e+02,  5.35182783e+02,    -4.06182801e+01,  5.93622453e+01, -2.12223228e+02, -1.74439436e+02,     8.74078208e+01,  3.19655451e+02, -3.45255491e+02,  2.64024859e+02,    -9.43264337e+01, -3.40774155e+01,  2.30253765e+02,  1.63703324e+02,    -7.68833810e+01, -3.58455571e+00,  2.07632606e+02,  2.39532232e+02,    -6.12596885e+02,  5.71083932e+01,  4.59933135e+02, -8.29678168e+02,     2.77065398e+02, -1.01769074e+03, -7.88430563e+01, -1.26775043e+02,    -7.29274406e+01, -7.64757430e+01, -2.20488515e+02, -3.07361035e+01,     1.40647569e+02, -2.06156914e+02,  1.20353416e+02,  7.40438304e+02,    -5.48203995e+02, -2.27537851e+02,  3.11837359e+02,  2.11637585e+02,     3.53166317e+02,  1.39603714e+02,  2.41708473e+02, -1.59628214e+02,    -4.17239425e+02, -3.62157030e+02, -1.76604101e+02,  5.67175390e+00,    -3.58234651e+02, -1.30052746e+02,  5.67456759e+01,  1.97231177e+02,    -8.53624052e+01,  4.79197467e+02, -4.31932246e+02, -4.50857134e+01,    -2.30782013e+01,  2.37497861e+02, -3.46811023e+02, -2.17990989e+02,     2.33932753e+02,  4.25933889e+02,  5.94774678e+02,  2.99312190e+02,     3.51802953e+02, -2.53534411e+02,  5.33012984e+02,  5.74263287e+02,    -5.45773644e+01,  3.35773395e+02,  3.23859859e+02, -2.16880477e+02,     1.38955810e+01,  5.22655173e+02, -2.37138010e+02, -1.05760931e+02,    -5.15544721e+02,  2.29206985e+02, -6.44147098e+01,  1.49775072e+02,     8.15973935e+01, -3.55127531e+02,  3.91261277e+02,  3.46719304e+02,    -2.02348202e+02,  1.56863075e+02, -4.89420503e+02, -4.40084634e+02,     1.98885040e+02, -5.87537030e+02, -2.29697123e+02,  8.16400942e+01,     6.87918239e+02, -2.07308291e+02, -8.91426427e+01, -1.24775689e+02,     9.76987140e+02,  1.20495612e+02, -3.69826319e+02,  5.82763586e+02,     5.36295721e+02,  2.55759833e+02,  6.21480670e+02,  6.88553448e+02,    -8.94353452e+01, -2.55172499e+02, -2.76546054e+02,  2.28821099e+02,     3.22594121e+02, -4.17974140e+01, -1.75347500e+02, -5.24015868e+02,    -2.56601461e+02, -3.76728658e+02,  2.51233662e+02,  1.28402069e+02,     5.32383567e+02,  4.85914817e+01, -2.14001693e+02, -6.70995182e+01,     3.40309796e+02,  1.11608206e+02,  4.33569388e+02,  4.88874520e+02,    -1.17709518e+02, -7.67023947e+01, -8.21342740e+02,  4.54052074e+02,    -4.61965054e+01,  4.27381383e+02, -1.55810938e+02, -4.95218385e+02,     1.68255785e+02,  5.88184346e+02, -2.08138039e+02,  5.80754696e+02,    -6.13779620e+02, -1.91014722e+02, -6.64532015e+02,  1.87655007e+02,     9.78422238e+01,  6.83845677e+00, -5.08559217e+02,  7.45505224e+02,     4.47311893e+02,  6.96972365e+01, -3.89514029e+02,  1.85295577e+02,    -2.31661365e+02, -7.43141858e+01, -1.85443656e+02,  1.77148776e+02,    -8.58162503e+01, -1.73170905e+02,  1.62403430e+02,  2.22925841e+02,    -7.22313616e+02,  1.65509928e+02,  5.68501780e+02,  3.55743066e+02,    -1.11767733e+02,  2.89513709e+01, -3.03659221e+02,  4.99435517e+02,     1.48743294e+02, -5.72798657e+01, -5.91188474e+01,  9.22999108e+02,     7.14492283e+00,  2.62087849e+02,  6.12673120e+02,  8.25496722e+02,     5.41275957e+02,  3.58783442e+02, -5.38172154e+02, -3.66828587e+02,     2.92653106e+02,  1.41760350e+01,  2.73917007e+02,  1.56545097e+02,     4.96619294e+02, -6.55163141e+02, -4.15007219e+02, -5.37639334e+01,    -7.32420138e+02,  1.65703533e+02,  3.32785864e+02,  1.18707650e+02,    -1.92649398e+02,  1.99990934e+02,  1.20366111e+03,  2.18802440e+02,     1.28199921e+02, -4.14426230e+02, -5.60074211e+02, -1.32737124e+02,     2.63050289e+02, -4.41202730e+01,  1.77335573e+02,  2.97911509e+02,    -5.05820476e+02,  2.09254036e+02,  4.44190726e+02,  4.95201677e+02,    -4.73531195e+01,  9.64760920e+00, -7.86166637e+01, -4.27158906e+02,    -5.62895098e+02,  7.05994332e+02, -5.67012046e+01, -5.00516006e+02,     1.86115145e+01, -1.93058665e+02,  7.72810690e+02, -2.02577864e+02,    -2.91605212e+02,  2.64137444e+02, -1.23104290e+02,  3.66103048e+02,    -4.72669856e+01,  8.50744952e+02,  4.25614010e+02, -1.07887239e+01,    -3.04894508e+02,  2.08952835e+02, -4.68866661e+02, -9.89521573e+01,     5.14318404e+02, -2.37353448e+02, -3.99174933e+02, -1.88217606e+02,     4.39193529e+02,  1.23333536e+02, -7.01711732e+02,  2.58490732e+02,     1.26701105e+02,  5.82149244e+01, -4.32994033e+02,  1.40611407e+01,     2.96624765e+02,  4.31615137e+02,  5.41636587e+02,  2.19979729e+02,     3.44911498e+01, -4.29477866e+02, -4.05018098e+02, -6.29265169e+02,    -7.78359322e+01,  2.67180489e+02, -2.07187531e+01,  4.53629190e+02,    -2.67938217e+02,  1.55434019e+02, -1.01118757e+02, -2.52072270e+02,     5.00316484e+02,  6.46070265e+01,  5.18933130e+02,  2.45029763e+01,     2.10896697e+02, -1.68993061e+02,  5.29373808e+02, -1.01779801e+02,    -3.18138085e+00, -6.61383845e+02, -9.14637830e+01,  6.15572822e+02,     5.62999009e+02,  2.23619224e+02, -1.27632394e+02,  3.28061181e+01,    -1.49687324e+02, -4.82843029e+01,  7.61070132e+02,  1.53104728e+01,    -2.00256584e+02, -9.33574857e+02, -4.58946648e+02, -3.18179498e+02,    -5.67370320e+02, -4.74923957e+02, -6.01100653e+02, -3.92777956e+02,    -3.22524443e+02, -4.06486023e+02,  4.03670362e+02, -2.15406427e+02,    -8.19663674e+02,  3.37404585e+02, -2.44227253e+02, -6.95215133e+02,     8.20809708e+02, -2.03895075e+02,  1.67209462e+02,  3.44804721e+02,     7.48860795e+00,  2.21105696e+02,  7.08187111e+00, -1.26373428e+01,    -1.15900772e+02, -6.13122240e+02,  8.97293470e+01, -1.10363699e+03,     5.53281343e+02, -3.71219720e+02, -1.17460182e+02, -1.50900663e+02,     8.77644473e+01, -1.59553362e+02,  2.42494640e+02, -4.55501290e+02,     3.20649959e+02,  3.30996538e+02,  1.31388625e+02,  8.35110227e+01,     1.68185067e+02,  6.29162588e+01,  2.56090728e+02, -8.04109344e+01,    -5.30304705e+02,  8.28746628e+01, -1.94868778e+02, -3.83306403e+01,     4.22128756e+02, -6.86601456e+02,  8.47919966e+00,  1.15858454e+01,     7.32426176e+01,  2.81502362e+02, -1.16995080e+02,  7.12534367e+02,     4.10059518e+02, -1.48520066e+02, -8.97530786e+01,  1.61823640e+01,     6.60128496e+02, -4.72561806e+02, -8.82423650e+02,  2.44973450e+02,    -1.03536093e+02, -1.06862994e+02,  1.42627201e+02,  6.63038502e+02,     4.04423962e+02, -1.49142117e+02, -4.27786038e+02, -5.10704806e+01,     2.49283088e+02, -1.11337183e+02, -6.30795137e+02, -2.40914255e+01,    -7.88120468e+02, -4.13675867e+02,  6.74767546e+02, -4.34819589e+02,    -5.63731267e+02, -4.40878846e+02, -2.99917999e+02,  2.83747280e+02,     6.99083371e+02, -4.34224317e+01,  2.33691269e+02, -1.52523801e+02,    -5.91899784e+02,  3.96609080e+02, -3.86893892e+02,  2.40320077e+02,     3.07589178e+02, -6.29568230e+01,  3.49665649e+02,  3.71969429e+02,     9.12561115e+02, -1.26384888e+02, -3.91416072e+02, -5.41219156e+02,    -1.28521763e+02, -2.19655176e+02,  8.61693727e+02, -3.75961356e+02,     8.65028853e+01,  6.30210599e+01, -2.22501925e+02, -6.88762184e+02,    -5.50358386e+01,  8.29746879e+02,  9.27895281e+01,  5.99608313e+01,    -4.55278585e+02, -5.15391385e+02, -8.32761290e+01,  4.11630120e+02,    -1.89748284e+02,  9.05066125e+02, -3.72825546e+02,  1.44205188e+02,    -1.76308014e+02, -5.82690780e+02,  2.60174774e+01, -4.34222156e+02,    -6.33034741e+02,  7.01279054e+01,  2.01580968e+01,  4.39659297e+02,     1.78109828e+02, -2.87698009e+02,  1.91844425e+02, -7.01474300e+02,    -4.49942848e+02,  7.70313155e+02,  1.10909378e+02, -1.20674088e+02,    -2.74586608e+02, -3.97755090e+01, -6.66023440e+01,  7.22784619e+02,     3.48039589e+02, -1.25141402e+02, -5.95738037e+01, -3.42352522e+02,    -1.73083769e+02, -5.72201233e+02,  4.07114745e+02,  6.36913689e+01,     1.17868272e+02,  1.29297607e+02, -4.66052481e+01, -1.55597600e+02,    -4.68319753e+00, -9.04217383e+02, -1.62664461e+02, -6.89503770e+01,    -7.81943435e+01,  4.66759497e+02,  5.37462204e+02,  1.37599499e+02,    -8.14591244e+02,  5.44425183e+02, -1.69633802e+02, -3.28482635e+02,    -7.42472560e+02, -2.77416613e+02,  5.01887442e+02,  2.32130964e+02,     5.85986288e+01,  2.60903996e+02, -4.96226239e+02, -3.77782582e+02,     4.69907730e+02,  3.24605668e+02,  4.39948773e+02, -1.98153505e+00,     5.84300818e+01,  4.71457686e+02,  8.40844647e+02, -2.09937939e+02,     3.21693304e+02, -1.43322144e+02, -3.56994341e+02, -2.91428443e+02,    -2.60657115e+02, -1.27881736e+02, -4.34926528e+02, -1.99472171e+02,    -1.18713001e+03,  2.90157212e+02,  1.65468669e+02, -3.15427886e+01,    -3.53399040e+02, -1.90897189e+02, -4.58893915e+02,  1.00043124e+02,     7.01175095e+02, -1.76529502e+02, -1.39812043e+02,  1.86849824e+02,    -4.12526921e+02,  7.38627399e+02,  1.41220252e+02,  1.58200903e+02,     4.39596933e+02,  1.53638375e+01,  4.77850057e+02,  1.39989196e+02,    -7.33628907e+01,  7.98139469e+01, -1.88363328e+01,  5.91867512e+02,     7.71328060e+01,  1.25858682e+02, -7.65654880e+01,  1.13342847e+02,    -7.87768511e+02, -3.16641281e+02, -3.92943444e+02,  4.36689890e+02,    -2.48726443e+02, -5.48522231e+02,  5.00733817e+02, -1.02303624e+02,     3.72355484e+02, -7.78243985e+02,  2.10926059e+02,  6.52698657e+01,     5.06753126e+01, -7.54644474e+01, -5.54158652e+01,  4.19739764e+02,    -2.39589001e+00, -4.21349479e+02, -1.36152877e+02,  2.15547784e+02,    -9.94688039e+02, -7.91471035e+02,  1.27742316e+01,  9.51429744e+01,    -3.70167913e+02, -3.62399100e+01,  9.24487080e+02,  2.80464360e+02,    -4.78375786e+02,  8.01811758e+01, -7.62224783e+01,  8.83131034e+01,    -2.92467151e+02,  1.58201291e+02,  2.42196494e+02, -5.74085208e+01,     9.59580673e+02, -9.11116569e+01, -2.73830917e+02,  1.62105213e+02,     3.51988835e+02, -3.02096180e+02, -2.53474459e+01,  8.17369727e+02,    -2.01337463e+01,  5.02865824e+02,  1.21798746e+02, -8.22281624e+01,    -2.25320047e+02,  4.86054223e+02, -4.68409822e+02, -1.78654873e+01,    -1.27864343e+02, -3.60511494e+02,  1.43559813e+02,  2.03301782e+02,     7.63429449e+01, -1.38564237e+01, -3.30076512e+02,  1.57711055e+02,    -1.49874958e+01, -2.13840032e+02, -1.84488076e+02,  1.67905875e+02,    -4.26043896e+01, -3.12276327e+02, -9.08248754e+02,  7.84056177e+01,     1.99585353e+02, -3.99366241e+02, -1.92419647e+02,  7.03599990e+02,     6.20021678e+01,  3.00412560e+02,  5.56186697e+01,  3.14880887e+02,     4.39692078e+01, -3.36328284e+02, -3.27305971e+01,  7.11050019e+01,     2.37294739e+02,  6.84724871e+02,  4.20049909e+02,  1.80053349e+01,     1.46869296e+02,  5.15151846e+02,  2.23610245e+02, -6.19599600e+02,    -2.28502608e+02,  1.14895756e+02,  7.30497201e+01,  2.25489596e+02,    -4.48551353e+02,  1.08779886e+02,  3.43145027e+02,  4.21426302e+02,    -3.82752184e+02, -4.49093209e+01, -1.96167709e+01, -1.15452149e+02,    -2.84020838e+02, -1.69258469e+02, -2.76552727e+01,  6.81914610e+01,     3.52963084e+02, -2.65431061e+02,  6.83267206e+02,  3.04001905e+02,     2.15487915e+02,  2.83929392e+02,  2.59556319e+02,  2.80411921e+02,     4.61407409e+02, -3.77474484e+02,  5.40252918e+02, -9.50610927e+02,     2.65373055e+02, -9.28675128e+02,  7.19850761e+02,  6.20509930e+02,    -9.94615426e+01, -4.20067420e+02, -3.61078889e+02, -4.91980280e+02,    -5.29244318e+02,  4.91376997e+02,  3.66960634e+02,  2.06631501e+02,     2.71527510e+02,  3.47471219e+02, -3.28463148e+02, -1.72756461e+02,     4.90558802e+02, -1.06392849e+02,  4.52682607e+02,  6.24594605e+02,    -3.70501461e+01, -6.15395427e+02,  1.19652178e+01, -1.15188314e+01,    -8.38366575e+01,  6.48448115e+00, -5.73656000e+02, -1.57991571e+02,     5.02428658e+01,  7.57381281e+01,  4.13714211e+02, -3.41696182e+02,     5.23306380e+02, -3.45727172e+02,  1.89556189e+02,  3.32668424e+02]
bee_TS =[-5.02196734e+02, -3.98590259e+01, -1.16328524e+02,  3.88820704e+02,       -1.83592341e+02, -1.61021705e+02, -3.42745995e+02, -7.64390356e+02,       -3.66096622e+02, -4.09886953e+02, -3.33998535e+02,  3.93947322e+01,        1.22869651e+01,  2.60975642e+01,  2.68739211e+01,  4.04706808e+02,       -1.78820354e+02, -1.58169184e+02,  1.50303807e+02, -9.54510786e+02,        5.02250278e+02, -2.29530060e+02, -4.37983455e+01, -1.03532957e+02,       -4.88696525e+01, -5.01412797e+01,  7.41991817e+02, -1.82882254e+02,       -7.10374579e+01, -4.51331244e+02,  6.64262668e+02, -1.17500851e+02,       -3.34719704e+02,  2.05987015e+02, -3.64958256e+01,  1.67331214e+02,       -2.71709063e+01,  6.12789924e+01,  2.34288866e+02, -8.74074202e+02,        4.65061720e+02,  1.10176225e+02, -4.94876305e+01, -2.89965659e+02,        9.66199019e+01, -1.54901324e+02,  3.76462482e+02,  3.17492238e+02,       -2.36502711e+02, -2.50975268e+02, -2.56388849e+02, -2.90704063e+02,        9.76271670e+01, -4.26771604e+02,  1.17429887e+02,  5.14641569e+02,        5.87174767e+02,  2.98442693e+02,  1.38282661e+02,  2.35226334e+02,        7.69813790e+02,  1.80822589e+02, -4.73102634e+02, -1.06471555e+02,       -2.02033699e+02,  5.24184628e+02, -6.43153122e+02, -5.37789100e+02,       -2.32318416e+02, -8.35256955e+01, -3.76254707e+02,  2.29921330e+02,        8.25318338e+01,  1.12385468e+02, -3.30971356e+02, -2.98886865e+02,       -4.83651772e+02,  3.21819576e+02, -2.80746285e+02,  2.25814217e+02,       -5.64447962e+01, -2.51799845e+02, -4.99992703e+02, -1.49054761e+02,       -9.69397836e+01, -1.36713846e+02,  3.38065882e+02,  6.07228000e+02,       -3.62248043e+02, -6.86995548e+02, -1.70531873e+02,  9.51201863e+02,       -4.90131559e+02,  2.84318665e+02, -9.06995336e+01, -5.33303670e+02,        2.06578740e+02,  3.27743419e+02, -1.50325764e+02,  3.02476353e+02,       -2.29892888e+02, -4.39906354e+02,  7.63692660e+02,  3.98948602e+02,        2.66371850e+02,  1.25752260e+02,  2.10469375e+02,  6.98812733e+02,       -2.13425800e+02,  4.95752227e+01, -1.18562648e+03,  1.58175909e+02,       -5.85124459e+02,  1.24322623e+02,  1.85062696e+02, -2.92608507e+02,       -4.59258996e+02,  5.37021107e+01, -2.51876404e+02,  3.04431749e+02,       -4.35814242e+02, -2.24840310e+01, -3.04385560e+02, -3.59098296e+01,       -2.80614953e+01,  1.44347464e+02,  1.09388031e+01, -5.12088156e+01,        5.18325265e+02,  7.82265914e+02,  4.09798334e+02,  6.69605020e+02,       -1.02301550e+02,  1.16049219e+02,  4.70400463e+02, -7.76799513e+01,       -6.54488015e+02, -3.20639215e+02, -4.29795033e+02, -2.45981512e+02,        2.39938085e+02, -1.00993952e+03, -1.65048886e+02,  3.68131075e+02,       -3.12389152e+02, -3.15278663e+02,  4.64043037e+02,  3.77004458e+02,       -2.96406265e+02,  1.65423699e+02, -2.10433017e+02,  2.98045077e+02,        3.37853434e+01,  1.31268973e+02, -7.43969904e+02, -4.15836344e+02,       -6.58434076e+01,  2.91122523e+00, -3.31279596e+02,  9.13624216e+02,       -1.90540799e+02, -2.87813010e+02,  3.22293134e+02, -4.11294449e+02,       -2.79445731e+02,  2.62170117e+02,  9.46613033e+01,  1.11180050e+02,        1.03466599e+02, -9.65744291e+01,  1.66545925e+02,  4.99116581e+02,       -2.53375828e+02,  1.48083868e+02,  7.79309513e+02,  2.86952192e+02,       -7.47520985e+01, -1.64089556e+02,  1.31850077e+03, -1.50477918e+02,        3.02639381e+02,  1.85690258e+02,  2.95213260e+02,  7.61740678e+02,        4.27576163e+02, -2.50983893e+01,  1.93899904e+02,  4.04911914e+02,        3.32821984e+02, -4.76072256e+02,  8.01044711e+02, -7.13327904e+02,       -1.51752205e+02,  4.92734632e+02,  7.15386508e+01,  5.92229508e+01,        2.68651002e+02,  2.09819081e+02,  3.06887627e+02, -5.47437688e+02,        4.33496592e+01, -2.34438199e+02, -9.35537401e+01, -2.88486049e+01,       -7.61966194e+01, -4.73812927e+01,  7.01331105e+02, -7.27948933e+01,       -2.37301533e+02, -1.93576518e+01,  1.00017333e+02, -5.04279347e+02,       -3.82868052e+02, -3.12407181e+02, -5.40387195e+02, -1.41182609e+02,       -3.56700788e+02,  1.66222422e+02, -1.01469921e+01, -9.09968176e+01,       -7.33989934e+01,  5.59878354e+01, -1.72098605e+02,  5.73584795e+02,       -7.03526258e+02, -1.38377302e+02, -1.34769228e+02,  1.44231448e+02,        1.57678336e+02, -3.96225115e+02, -1.57320868e+02,  3.58198405e+02,       -1.91315498e+02,  1.35559903e+02,  3.16694513e+02, -3.64166599e+01,        9.68760935e+02, -1.76902524e+02, -2.75968039e+02,  5.56310148e+01,       -1.94081529e+02,  4.55573100e+02, -3.08197927e+02,  7.27718677e+01,        5.37098216e+02, -1.12319446e+02,  1.03036682e+03,  1.09995307e+03,       -5.62366526e+02,  4.97935945e+02,  1.43222209e+02, -4.58211176e+02,        1.50909094e+02,  3.10488351e+02,  3.25461883e+02,  2.03162175e+01,        1.00562544e+02,  6.09406782e+02, -1.97686389e+02,  1.39791833e+02,        6.53168462e+02, -3.20266591e+02, -1.27466673e+02,  4.46090080e+02,        2.29559588e+02,  6.53921666e+02,  2.19783229e+02,  5.76961554e+01,        2.25075304e+02,  3.32779902e+02, -4.14335077e+02,  2.90041181e+01,        1.56789590e+02,  1.05373708e+02,  1.87769612e+02, -5.02316731e+02,        2.94189361e+02, -3.81456604e+02, -2.70607935e+02,  1.50102605e+02,       -1.21236967e+02,  4.69562201e+02, -2.08295872e+02,  2.48776158e+02,        2.79952359e+02,  6.82734058e+02,  4.75390971e+02,  4.06000768e+02,       -7.62352641e+01, -5.81865071e+01, -2.71105062e+02,  6.56236126e+02,        6.73574421e+02,  3.20020390e+02, -1.96974810e+02,  4.31215409e+02,       -7.74462867e+01,  1.82085008e+02,  5.32754858e+02,  6.87252137e+00,       -6.61677100e+01, -2.12762545e+02, -4.54757567e+02,  8.30384674e+02,        3.86100286e+02, -4.78839469e+02, -1.32328459e+02,  2.38993612e+02,       -9.05082287e+01,  5.33379989e+02,  1.04768758e+02,  6.82020678e+02,        2.64970279e+02, -2.43742262e+02,  2.12761760e+02, -3.62752925e+01,       -2.72878609e+02,  1.43915137e+02,  1.61191425e+02,  7.77212748e+02,        6.84255512e+02,  4.50116044e+02,  5.97262523e+02,  6.18825517e+01,       -2.34726099e+02,  1.33923811e+02, -2.84662106e+02, -4.32763205e+02,       -4.95724254e+02, -2.33351284e+02, -9.22049291e+02, -2.65748580e+02,       -7.30316186e+02,  1.83390032e+02, -3.93879708e+02,  3.49715706e+02,       -8.17876862e+02, -2.76991426e+02,  4.23446099e+02,  1.92393921e+02,       -7.36838689e+02,  5.31906407e+02, -2.06544079e+02,  4.45784336e+02,       -2.20074404e+02, -6.74712370e+02,  1.04088624e+02, -5.44197628e+02,       -1.15285552e+02,  2.70645460e+00,  3.63525776e+02,  1.06963075e+03,       -3.89081854e+02, -2.99404140e+02, -2.31993641e+00, -1.19777334e+02,       -6.93751648e+02, -4.75908542e+02,  4.23690060e+02, -2.17507778e+02,        1.43565493e+02, -4.16326925e+02, -1.27587265e+02, -3.42947582e+02,        4.57987877e+02,  1.31672208e+02, -1.91492048e+02, -1.14271269e+02,        8.60594160e+01, -7.15876239e+01,  3.71756080e+02, -2.14384615e+02,        4.34041279e+01,  2.93065492e+02,  1.50210056e+02, -1.48855003e+02,        1.32258838e+03,  4.62551218e+02,  2.89622900e+01,  9.04550829e+01,       -5.26797923e+02,  2.64116070e+02, -6.40032665e+02, -2.19170367e+02,       -4.69814834e+02, -1.63079679e+02,  4.74388270e+02, -4.82000709e+02,        1.54711651e+02, -2.33785676e+01,  2.79103381e+01, -3.18135979e+02,       -3.82002670e+02, -2.31539714e+00, -3.65937512e+02, -1.89442281e+02,       -3.49301512e+02, -8.91900413e+01, -3.06345166e+02, -4.38650660e+02,        1.92149210e+02, -1.47871557e+02,  1.80475616e+02,  8.67402635e+01,       -6.27349581e+02, -4.67940981e+02, -3.38587695e+02,  3.04440787e+02,       -8.54571663e+00, -5.40125637e+02,  4.96280733e+02, -3.39488658e+02,        4.66901498e+02, -2.56738930e+02, -4.15374781e+02,  2.27085818e+02,       -5.78725632e+02, -3.31280479e+02,  5.44756476e+02,  1.54031141e+02,       -3.44941131e+02,  4.47295668e+02, -1.46015724e+02, -3.21761556e+02,       -2.61315682e+02, -4.14254854e+02,  2.02296298e+02, -7.74933162e+02,       -7.11034642e+02, -8.24304792e+01, -2.57545674e+02, -4.69820515e+02,        6.15045736e+02,  1.12705085e+03, -2.82537065e+02, -2.75462968e+01,       -5.38700139e+02,  5.64010628e+02,  1.57790308e+02, -1.66517998e+02,       -3.29399613e+02,  1.44450740e+02, -5.19516340e+02, -1.71999590e+02,       -7.57898608e+02,  2.98242500e+02,  1.12327954e+02,  5.12648306e+00,       -5.84284408e+01, -2.90826417e+02, -7.59143431e+01,  1.08856231e+03,       -1.64628052e+02, -3.93872471e+02, -5.78604120e+02,  1.10953236e+02,       -3.06327030e+02,  7.52684353e+01,  2.48821018e+02,  5.73533327e+01,        2.40139638e+02,  1.02150645e+02,  5.09193741e+02,  2.63567820e+02,       -2.88935084e+02,  3.60355336e+02,  2.96504852e+02,  9.51162403e+01,        3.81908467e+02, -2.09194252e+02,  6.20764916e+02,  1.57594990e+02,       -2.56845749e+02, -4.92313735e+01, -1.63333653e+02,  2.05901427e+02,       -2.25269825e+02, -2.48305566e+01, -9.18554124e+01,  7.08813209e+02,        4.57025666e+02, -5.76924123e+02, -3.51353181e+01, -4.61163353e+02,       -1.50583667e+02, -1.93862605e+02,  6.29423207e+01, -1.24162685e+01,       -2.20945804e+02,  1.07745885e+02, -5.90953120e+01, -9.00618374e+01,        7.40843281e+02,  1.54696319e+02, -6.91955963e+02, -3.78715513e+02,        7.88203598e+02,  2.34064946e+02, -7.30849739e+01,  9.07952632e+02,       -1.58541441e+02, -9.71367352e+01, -4.97111931e+01,  1.14936273e+02,        2.42607754e+02,  3.48801854e+01,  2.29005426e+02, -1.35885845e+02,       -2.64825169e+02, -3.69395186e+02, -4.09043197e+02,  3.83516107e+02,        1.08213097e+02,  3.22633386e+02,  1.17952514e+02,  7.55977369e+02,        1.49959831e+02, -6.99005574e+02, -2.93201467e+02,  8.48083055e+01,       -2.37110461e+02,  5.29999822e+02, -1.06702814e+02,  1.57066396e+02,        4.25394302e+02, -6.26657664e+02,  1.26855584e+03,  1.65469965e+02,        2.03547004e+02,  2.99120401e+02,  6.89094766e+01, -6.25135345e+00,        3.08042524e+02, -3.02873875e+02,  6.97610326e+02,  6.01648265e+02,       -3.53454962e+02,  1.27301417e+02,  5.92618720e+02, -1.84989511e+02,        1.35862213e+02,  3.65173434e+02,  3.64355624e+02, -6.69118914e+02,       -1.18723891e+02, -2.99594632e+02, -2.59423292e+01, -3.54816058e+01,       -2.29464977e+01, -1.39635072e+02, -2.50549218e+02,  7.01424199e+01,        8.72878530e+01,  4.56456058e+02, -3.58797829e+02,  3.29477871e+02,        3.81337620e+02, -1.42545897e+02,  7.56245973e+02, -5.82866059e+02,       -8.98697313e+02, -5.66050805e+01, -7.15826979e+01,  4.65065621e-01,        6.72189777e+02, -6.24427036e+01,  3.46858896e+02,  4.07185209e+02,        3.24143183e+02, -9.02869063e+01,  5.39555928e+02, -1.36099797e+02,       -2.75460324e+02, -3.95065105e+02,  4.58710746e+01,  3.28219177e+02,       -4.30755821e+01,  3.26942569e+02, -2.60150380e+01,  5.45822456e+02,        1.70226139e+02,  7.59182719e+01, -4.74027824e+01,  2.89179507e+02,        3.22129316e+02,  1.70084561e+02, -6.86607536e+00, -4.57214191e+02,        2.56373828e+02,  1.68386204e+02,  3.14809405e+02,  2.64460692e+02,        3.01620270e+02, -5.06950293e+01,  2.30440797e+02, -2.09833890e+02,       -8.95877387e+00, -4.73878515e+02, -2.65548453e+02,  3.33384999e+02,       -7.71361895e+02,  2.50681098e+02,  1.44856009e+02,  7.04756929e+02,       -2.22860868e+02,  2.59403005e+02, -9.98579943e+01, -4.12033519e+02,       -6.13652032e+02, -6.89488436e+01, -7.48398189e+02,  1.37541440e+02,       -1.76002222e+02,  2.55016653e+02,  1.73693096e+02, -2.17442704e+02,       -2.12808330e+02,  3.28770781e+02, -5.10172048e+02, -1.03688021e+02,       -1.77132713e+02,  1.99276836e+02, -4.58015300e+01,  4.94731145e+01,       -1.83906031e+02,  4.84308450e+02, -4.04475424e+02,  8.23510152e+01,        5.10933114e+02, -2.91308520e+02,  1.53872249e+01, -3.23552510e+01,       -5.83996947e+02, -3.95874445e+02, -6.83755171e+01,  2.24321509e+02,        2.73660578e+02,  4.12878169e+01, -6.88923714e+01,  1.88346578e+02,       -3.84325199e+02,  2.52158721e+00, -4.28215238e+02, -2.33849487e+02,        3.99868642e+02, -2.50178878e+02,  5.45400191e+02, -1.80770476e+02,        2.99554312e+02,  2.17357806e+02, -5.29757815e+02, -2.43004728e+02,        7.28576013e+01, -3.38826611e+02, -2.97499070e+02, -7.37794570e+02,       -4.73938311e+02, -4.44704675e+02, -3.65692372e+02,  1.93454816e+01,        1.11847920e+02,  8.18604195e+00,  1.77600720e+02, -4.84911289e+02,        1.22949885e+02,  1.76283488e+02, -5.65341829e+02, -5.48253957e+02,       -3.49543821e+02, -1.97526530e+02,  1.66432882e+02,  7.68153261e+00,       -3.78238233e+02,  3.03392900e+02, -1.69650579e+02,  4.25394806e+02,       -7.59303650e+02,  5.12845536e+02, -3.12205047e+01, -3.11088744e+02,       -2.22696378e+02,  2.76725658e+01,  3.61049557e+02, -6.41477160e+02,       -1.20202226e+02, -1.74452540e+02,  4.17367600e+02,  7.14380599e+02,       -8.25728307e+02,  7.95223825e+02,  3.88451467e+02, -6.34910409e+02,       -2.99862584e+02,  6.48183919e+02,  5.14631999e+02, -1.52162228e+02,       -3.06549751e+01,  8.85624985e+01,  6.02276321e+02, -4.48329068e+02,        1.38961162e+02, -6.45311039e+01,  2.59301880e+02, -6.29359962e+02,       -6.47522599e+01, -2.86500859e+02,  4.02105235e+02,  3.63415990e+02,       -7.28983697e+02, -4.21751035e+02, -1.93639520e+02, -3.30324961e+02,       -1.24712350e+02, -1.96794645e+02,  3.64525414e+02,  3.53579494e+02,       -5.02750067e+01, -3.92659314e+02, -7.10749424e+02,  3.69718499e+02,       -4.32362677e+02, -2.66894553e+02,  4.08750878e+01, -2.93153304e+02,       -3.54836603e+02, -2.19369771e+02, -3.58329193e+02, -2.28830093e+02,       -4.33466047e+02,  4.95858998e+02,  5.50012792e+02, -2.84829009e+01,       -2.03585369e+02, -1.35404444e+01,  3.61664450e+02, -7.50732950e+02,       -1.77279605e+02,  4.26178413e+02,  5.71344272e+02, -1.57502008e+02,        9.64593849e+01,  4.66405847e+02,  1.32716619e+02, -5.73744840e+01,       -3.76993475e+02,  1.92964878e+02, -3.06010206e+02, -1.36557579e+02,       -1.64878667e+02, -1.59850075e+02,  1.69425947e+02,  6.65293389e+02,        6.80547371e+00,  3.52594592e+01, -7.72345900e+02, -1.48009855e+02,       -3.23311204e+02,  4.00212872e+01, -3.59509440e+02,  6.69204677e+02,        6.93736839e+02,  1.25571942e+02, -1.26933674e+02,  1.23383176e+02,        2.17239662e+02, -4.07636719e+02, -6.58104554e+01,  1.18381138e+02,        1.18515024e+02,  4.84163895e+02,  3.84810420e+02, -1.77614115e+02,        2.42455166e+02, -8.24288631e+02, -3.69202667e+01,  7.27342608e+02,        8.20651403e+01, -6.21647836e+00,  2.83942659e+02, -2.48034609e+02,        7.92193442e+02, -1.04738981e+02,  7.26629504e+02,  3.16799990e+02,       -3.27302074e+02,  2.61312840e+02, -2.63825104e+02, -5.87484296e+02,       -3.41527306e+01, -4.84201599e+02, -4.56324299e+02, -4.57223590e+01,        2.74540456e+02, -4.86335109e+01, -2.88116401e+02,  6.43580160e+01,       -6.22910994e+02, -7.92320695e+01, -7.08326836e+02,  4.45786116e+02,       -1.15837720e+01, -4.38652459e+02, -1.62472662e+02,  1.48281236e+02,       -2.74943341e+02, -4.03751422e+02,  7.70594771e+02, -1.91521207e+02,       -3.80516442e+02,  2.15252236e+02, -1.01230868e+02,  4.38701110e+02,       -1.37433329e+01,  7.46679720e+01,  8.72418768e+02, -1.53887160e+02,       -2.99075043e+02, -3.19058120e+02, -4.55595735e+02, -2.82582576e+02,        2.43331125e+02,  1.79344463e+02,  1.81858054e+02,  6.42257033e+02,        2.01515910e+01,  1.42990320e+02, -5.69187582e+02,  2.10307459e+01,       -2.00599549e+02, -2.29013052e+02,  1.54342296e+01,  3.01429902e+02,        3.29016775e+02,  6.77667566e+00,  8.02609467e+01,  2.53239896e+02,        3.21051370e+02, -2.06657128e+02, -1.12957788e+02,  1.46483393e+01,       -2.01172065e+02, -6.76778933e+01, -2.32221513e+02,  6.49946501e+02,        5.58379456e+02, -1.09280469e+02,  1.03458587e+02, -2.05387876e+01,       -2.03967585e+02,  2.86925320e+02, -7.59721561e+01,  3.35110636e+02,       -4.62566228e+02,  1.62574544e+02, -9.54994112e+01, -4.69130106e+02,       -2.17707185e+02,  2.35297476e+02, -7.35925257e+02,  3.63148037e+02,        4.23641965e+02, -6.15306114e+01, -4.40666126e+01, -2.79845928e+01,        2.09631403e+02, -2.83531866e+02,  3.13213631e+02,  2.43697498e+02,       -8.99261741e+02, -2.84124717e+02,  1.94720640e+02, -7.89815349e+01,        3.28852358e+02, -5.29089834e+02, -4.27483710e+00, -3.57514045e+02,       -1.06306014e+03,  6.45462510e+02, -5.11058985e+02, -4.95220926e+02,        7.62417136e+01,  1.10134792e+03,  1.08136842e-01, -1.85023295e+02,       -1.80157338e+01, -6.12244828e+01, -7.62003308e+02, -5.32148025e+02,        6.69217465e+02, -4.41875878e+01, -3.40765304e+02,  4.33387911e+02,       -2.97124413e+02,  3.40390654e+02,  4.68783791e+02, -5.30193563e+02,       -2.21055029e+02, -2.96492913e+02, -1.28802021e+02, -1.66541234e+02,       -5.73877778e+01,  1.18129357e+02, -2.88996259e+02,  2.55562533e+02,        5.14169585e+02, -1.39190427e+02, -1.53017244e+02,  1.18811281e+02,        4.93565757e+02,  4.18468659e+02,  3.11849599e+01, -1.41504856e+01,       -4.61684769e+01, -4.37428990e+02,  3.25059546e+02, -2.06365869e+02,        1.70028129e+02, -1.35881740e+02,  2.50210512e+02,  1.51038839e+02,       -6.77655786e+02, -2.39551723e+02, -6.79439093e+02, -2.78797465e+02,        6.44460932e+01, -1.48043308e+02,  2.57319838e+02, -2.48674336e+02,        1.63747722e+01,  9.02725749e+01,  6.41308352e+02,  3.22087580e+02,       -2.32114116e+02,  1.77531363e+01,  9.54599554e+01,  3.43808531e+02,       -5.47330359e+00,  4.35470178e+02,  2.08871160e+02,  7.67087637e+02,        2.20447152e+01,  5.88705224e+02, -2.24546776e+02, -3.31570528e+02,        7.14423734e+01,  6.31289988e+01,  2.62464061e+02, -5.45351343e+01,       -1.37363142e+02,  2.23829789e+02, -3.94476842e+02, -4.45736796e+02,        6.60753601e+02, -5.09669703e+01, -3.68541790e+02, -4.15140125e+00,       -1.21624901e+02,  3.00865560e+02,  2.84826430e+02, -1.68857237e+02,        9.73253090e+00, -2.33059781e+02, -2.80391942e+02, -2.45792934e+02,       -8.23387093e+02, -2.95567445e+01, -5.55357716e+02, -4.74205284e+02,       -3.39729025e+02,  1.50918799e+02, -3.24554806e+02,  1.88041375e+02,       -4.85922699e+02,  9.03853294e+00, -3.50091475e+02,  6.44359784e+01,        1.01846248e+02,  2.49717197e+02, -1.70080867e+02, -1.26481064e+02,        2.23857427e+02,  5.17749580e+02,  2.80217520e+02,  6.70448275e+01,       -5.87405495e+02, -1.19176647e+02, -2.66147354e+02, -5.22715544e+02,        3.56402271e+02, -2.97815004e+02, -3.76786134e+01, -1.97190535e+02,       -8.72557814e+02,  4.29091732e+02, -1.43459163e+02,  3.54896406e+02,       -5.97659619e+02,  5.64334445e+02,  3.67046651e+01, -2.68334814e+02,        4.00358334e+01, -2.01761102e+02, -5.88422203e+02,  1.21613201e+02,        2.40954905e+02,  2.81399508e+01, -3.11327656e+02, -1.11998691e+02,        1.39624575e+02,  2.51563961e+02,  5.52183146e+02,  2.19049023e+02,       -2.02358088e+02,  7.59751832e+02,  2.48718895e+02,  3.36302104e+02,       -1.46048516e+02,  2.28669799e+02,  1.48951493e+02, -5.30954156e+02,       -1.61763024e+02, -3.39031014e+02, -2.69011231e+02, -8.93848376e+01,       -1.51540874e+02, -3.19538722e+02, -9.77576139e+02, -2.62262405e+02,        1.32968005e+02,  8.68948698e+01,  8.02259251e+01,  4.27086941e+02,        1.59832825e+02,  2.75662081e+02, -3.63463027e+02,  3.97749186e+02,       -4.24172242e+02, -6.59397285e+02,  1.64796745e+02, -3.47281361e+02,       -3.60984811e+02, -1.35665218e+03, -1.02937869e+02,  6.88092236e+02,        4.01253411e+02, -8.78479945e+01, -1.02241003e+02,  2.53712741e+02,        5.86024824e+02, -3.47524496e+02, -8.21847882e+01, -2.73114479e+02,       -3.09470042e+02, -2.93638967e+02,  1.36980646e+02,  6.16707724e+02,       -5.65685980e+02, -4.55738994e+02,  2.11790804e+01, -7.37781744e+01,       -1.21865916e+02, -8.01382581e+02,  4.86863869e+02,  2.16764603e+02,        7.70414868e+01,  4.16883327e+02, -2.60974525e+02,  2.55129432e+02,        2.32184781e+02,  4.56902555e+01, -3.99628658e+01,  1.05850162e+02,       -1.39327661e+02,  4.04438283e+02, -3.75619965e+02,  3.61704430e+02,        7.99833173e+01,  9.59904277e+01,  2.03664109e+02, -7.40966027e+02,        5.51386538e+01, -5.50551832e+02, -4.35073115e+02, -4.22199289e+02,       -3.86958379e+02,  1.19442011e+01,  1.11781614e+02,  4.15103932e+02,        8.33893726e+01,  1.18339214e+02, -6.12130761e+02, -2.15386747e+02,        2.83148922e+02,  1.19956178e+01,  1.62819254e+01, -6.99579901e+01,        3.15519351e+02, -7.84642869e+02,  9.03838217e+01,  2.03692137e+02,        3.91590198e+02,  3.34456193e+02, -4.88554323e+02,  6.49884086e+01,        3.65784822e+01,  3.72936032e+01,  1.64124550e+01, -1.67189165e+02,       -2.69977334e+02,  1.35465592e+02,  5.39053460e+02, -7.74223921e+01,        8.19636241e+01,  1.53287849e+02, -2.12668045e+02, -2.10956298e+02,       -9.93400274e+02, -3.29890721e+02, -4.35557732e+02, -6.53217238e+01,       -5.45477504e+02,  6.45743869e+02, -2.53527406e+02, -4.53846207e+02,       -1.34557409e+03,  5.62834133e+02,  1.17832492e+02, -1.32827410e+01,       -5.27875629e+02,  9.05404934e+01, -1.49105279e+02, -2.80031285e+02,        1.01008383e+02,  2.75503222e+02,  6.81302298e+01, -1.47884444e+02,       -2.87811767e+01,  6.97437773e+00,  1.65830423e+02, -5.22571310e+02,        6.00393779e+02, -3.59995635e+02, -2.32704521e+02, -3.60155484e+02,       -8.33166804e+02,  8.17247382e+01, -4.10031516e+02, -1.89572385e+02,        2.93100022e+02, -2.06570343e+02,  5.45024373e+00, -8.42524224e+01,       -2.20728217e+02,  1.41198244e+01,  4.56005487e+02, -4.46279432e+02,        7.89112958e+02, -1.69494316e+02,  2.91865239e+02, -6.63327350e+01,        1.28429331e+02, -1.01174683e+02,  4.02513802e+02,  5.36906970e+02,        1.71230904e+02,  4.70707994e+02, -3.34645998e+02, -2.76604854e+01,       -1.95460691e+02,  5.85522328e+02,  4.95374690e+02,  3.79759436e+02,       -1.27746297e+02, -2.59569303e+02,  2.31308905e+02, -2.21788803e+02,       -1.18370784e+02, -6.24103030e+01, -2.22505408e+02,  4.40290154e+02,       -4.94472606e+01,  3.39352631e+02,  1.20657165e+02,  1.46280812e+02,       -2.93350329e+02,  2.78312238e+02, -1.56604049e+02, -1.12411599e+02,       -2.59661927e+01, -4.36563639e+02,  6.58732305e+02, -2.42244183e+02,       -3.57616279e+01,  1.69988239e+02,  1.46465870e+02,  6.06470913e+02,       -1.41037353e+02,  6.58459174e+02,  5.97635964e+02, -8.33758582e+02,        7.49724663e+01, -1.75643500e+02,  1.25323226e+02,  7.46964150e+01,        1.50344213e+02,  5.17470027e+02,  7.93707299e+02, -6.72809323e+02,        6.57648880e+02, -7.90738354e+02, -6.58908658e+02, -1.05081458e+02,       -9.98294375e+00,  6.01742636e+02,  3.32363622e+02, -1.57717882e+02,       -7.94801339e+02,  6.03535983e+02, -3.85842742e+02, -9.96588349e+00,       -4.35094942e+01,  1.06238205e+03, -2.43235732e+02, -9.03381883e+02,        2.64872049e+02, -1.38699468e+03,  9.53549443e+01, -3.05702281e+02,       -1.55480194e+02, -2.34370880e+02, -5.02897921e+02,  3.52122572e+02,       -3.10297091e+02, -7.81583973e+01, -6.71626934e+02, -5.76135817e+01,       -4.09578225e+02, -6.38759662e+02, -1.05100972e+03,  8.70802791e+01,       -2.76197202e+02, -7.74154405e+00, -1.15850731e+02, -6.78977017e+02,       -5.41476158e+02, -4.52793365e+02, -4.56653914e+02,  4.70078728e+02,        8.02173902e+01, -4.09936400e+02, -1.56784246e+02, -1.91972326e+02,        3.18436151e+02, -2.86172751e+02, -1.06059200e+02, -1.92456219e+02,       -3.07422958e+02, -3.20912347e+02,  3.28283535e+02, -1.50416948e+02,       -7.80282441e+02,  6.60781905e+02,  4.03100510e+02,  5.29917910e+01,       -6.21011896e+02, -6.47490345e+02,  9.31906101e+01,  1.21010439e+01,       -2.54914011e+02, -4.16839531e+02,  3.04765840e+02, -6.77890693e+01,        2.34215961e+02,  4.23756266e+02,  2.88671009e+02,  3.02694463e+02,        2.18851884e+02, -1.74260947e+02, -1.07168439e+02, -1.88766265e+02,       -2.99068305e+02, -3.92045487e+02, -5.54730174e+02, -3.35483882e+02,       -6.87667297e+01, -6.83452639e+02, -7.37950419e+01,  2.78860087e+02,       -6.11650171e+02,  2.12548143e+02,  1.85558645e+02, -6.03558951e+02,       -4.86795342e+02, -1.33541244e+02,  1.81886610e+02, -3.40127812e+02,        5.99902336e+02,  5.38016779e+02, -6.42695704e+02,  4.34237040e+02,        3.03614585e+02,  6.49645652e+01,  2.17067913e+02, -3.65114534e+02,       -1.22058247e+02,  4.61341393e+01,  1.51301549e+02,  3.87514230e+02,       -4.33146475e+02, -3.63652905e+01,  1.51831184e+02, -1.31691014e+01,       -2.25259990e+02,  1.69005328e+02, -2.28330942e+02, -1.72505895e+02,        3.27735333e+01, -5.13150215e+02,  3.13177992e+01, -2.01770016e+02,       -1.07381534e+02,  3.92630340e+00, -4.85786524e+02,  4.81922016e+02,       -2.29988675e+02, -1.10467378e+03, -7.23179703e+02,  3.34052169e+02,       -3.03438013e+02, -1.45402859e+02, -2.49052383e+02, -1.42196860e+02,       -8.53150720e+02, -9.56118041e+01, -5.47257053e+02, -2.85085059e+02,        2.20087434e+02,  6.34635889e+02, -3.35221280e+00, -2.73292782e+01,        4.97602838e+02, -4.32481945e+02,  3.06842752e+02,  7.92492058e+01,       -3.55197633e+02, -1.53118374e+02,  2.09600447e+02,  1.58109277e+01,        8.38563368e+01,  9.75841085e+01, -2.01089234e+02, -2.37775081e+02,       -4.51181105e+02,  4.27195012e+02, -5.41560730e+02, -3.98213861e+02,        8.10508790e+01, -7.63068181e+02,  1.64453265e+02,  5.35005162e+02,       -4.04933443e+01,  5.91753692e+01, -2.11928891e+02, -1.74415791e+02,        8.74401068e+01,  3.19711487e+02, -3.45302572e+02,  2.64104090e+02,       -9.43076362e+01, -3.44167619e+01,  2.30327007e+02,  1.63794680e+02,       -7.66756325e+01, -3.55772719e+00,  2.07901995e+02,  2.39465633e+02,       -6.12601099e+02,  5.71609149e+01,  4.60117719e+02, -8.29854389e+02,        2.77020383e+02, -1.01776203e+03, -7.87638425e+01, -1.26823958e+02,       -7.28699282e+01, -7.63759781e+01, -2.20497614e+02, -3.06364030e+01,        1.40962881e+02, -2.05981099e+02,  1.20319379e+02,  7.40251394e+02,       -5.48351370e+02, -2.27575557e+02,  3.11675598e+02,  2.11616368e+02,        3.52952682e+02,  1.39432364e+02,  2.41930940e+02, -1.59619776e+02,       -4.17256636e+02, -3.62025488e+02, -1.76345220e+02,  5.49913952e+00,       -3.58189329e+02, -1.30069819e+02,  5.68461384e+01,  1.97214055e+02,       -8.54493130e+01,  4.79106069e+02, -4.31677776e+02, -4.51598939e+01,       -2.31168099e+01,  2.37455664e+02, -3.47017774e+02, -2.18049415e+02,        2.34204692e+02,  4.26081696e+02,  5.94635976e+02,  2.99440892e+02,        3.51696932e+02, -2.53643955e+02,  5.32932832e+02,  5.74240285e+02,       -5.47190360e+01,  3.36093816e+02,  3.23997726e+02, -2.16924516e+02,        1.36439690e+01,  5.22645609e+02, -2.37190281e+02, -1.05897272e+02,       -5.15549435e+02,  2.29373282e+02, -6.42446980e+01,  1.49735956e+02,        8.17284041e+01, -3.55155397e+02,  3.91225862e+02,  3.46776252e+02,       -2.02284195e+02,  1.56795329e+02, -4.89283156e+02, -4.40095573e+02,        1.98962128e+02, -5.87548868e+02, -2.29689665e+02,  8.18929008e+01,        6.87829421e+02, -2.07278481e+02, -8.90245864e+01, -1.24627165e+02,        9.76945439e+02,  1.20550665e+02, -3.69790618e+02,  5.82605400e+02,        5.36203112e+02,  2.55724369e+02,  6.21330654e+02,  6.88395404e+02,       -8.96233206e+01, -2.55261211e+02, -2.76549084e+02,  2.28739373e+02,        3.22574474e+02, -4.17428455e+01, -1.75333982e+02, -5.24047293e+02,       -2.56826408e+02, -3.76772990e+02,  2.51195878e+02,  1.28303528e+02,        5.32260566e+02,  4.84206814e+01, -2.14045791e+02, -6.71715929e+01,        3.40383462e+02,  1.11667748e+02,  4.33339433e+02,  4.88904004e+02,       -1.17842621e+02, -7.65831896e+01, -8.21136902e+02,  4.54070701e+02,       -4.63228868e+01,  4.27198440e+02, -1.55648892e+02, -4.95136709e+02,        1.68242437e+02,  5.88095842e+02, -2.08157347e+02,  5.80840567e+02,       -6.13745532e+02, -1.90976825e+02, -6.64435434e+02,  1.87878366e+02,        9.80247103e+01,  6.71330546e+00, -5.08473668e+02,  7.45243067e+02,        4.47228109e+02,  6.97425441e+01, -3.89209382e+02,  1.85231570e+02,       -2.31831592e+02, -7.42175417e+01, -1.85317370e+02,  1.77195753e+02,       -8.55349400e+01, -1.73124240e+02,  1.62318468e+02,  2.22932290e+02,       -7.22243227e+02,  1.65520052e+02,  5.68488306e+02,  3.55744320e+02,       -1.11866804e+02,  2.90723700e+01, -3.03613760e+02,  4.99462956e+02,        1.48940218e+02, -5.72611817e+01, -5.90662850e+01,  9.23012602e+02,        7.27932127e+00,  2.62348932e+02,  6.12550446e+02,  8.25616246e+02,        5.41239579e+02,  3.58863869e+02, -5.37989542e+02, -3.66764084e+02,        2.92730955e+02,  1.39140653e+01,  2.73864506e+02,  1.56633390e+02,        4.96451481e+02, -6.55114818e+02, -4.15079049e+02, -5.37104632e+01,       -7.32347572e+02,  1.65637041e+02,  3.32626224e+02,  1.19052131e+02,       -1.92674476e+02,  1.99995285e+02,  1.20372982e+03,  2.18693275e+02,        1.28246230e+02, -4.14559198e+02, -5.60202486e+02, -1.32644130e+02,        2.62915743e+02, -4.41492349e+01,  1.77098108e+02,  2.97794376e+02,       -5.06066501e+02,  2.09247477e+02,  4.44483503e+02,  4.95395900e+02,       -4.73024361e+01,  9.54011973e+00, -7.86048835e+01, -4.27219115e+02,       -5.62841076e+02,  7.06165507e+02, -5.67552052e+01, -5.00668923e+02,        1.84714388e+01, -1.92947483e+02,  7.72822548e+02, -2.02423756e+02,       -2.91531585e+02,  2.63912356e+02, -1.23120573e+02,  3.66104540e+02,       -4.74961909e+01,  8.50877493e+02,  4.25553054e+02, -1.10345402e+01,       -3.04876671e+02,  2.08925908e+02, -4.68891835e+02, -9.90482890e+01,        5.14212147e+02, -2.37356981e+02, -3.99226045e+02, -1.88169714e+02,        4.39200817e+02,  1.23483214e+02, -7.01796678e+02,  2.58453768e+02,        1.26837453e+02,  5.81145806e+01, -4.32886635e+02,  1.39244820e+01,        2.96672522e+02,  4.31771752e+02,  5.41479673e+02,  2.19872437e+02,        3.46403523e+01, -4.29265236e+02, -4.04943266e+02, -6.29478701e+02,       -7.77089602e+01,  2.67051612e+02, -2.06891277e+01,  4.53596885e+02,       -2.67930836e+02,  1.55509744e+02, -1.00839194e+02, -2.51994548e+02,        5.00229208e+02,  6.45961018e+01,  5.18823551e+02,  2.45102095e+01,        2.10987921e+02, -1.68933289e+02,  5.29432723e+02, -1.01570456e+02,       -3.31520570e+00, -6.61359577e+02, -9.14782712e+01,  6.15599266e+02,        5.63123797e+02,  2.23521784e+02, -1.27679341e+02,  3.25825685e+01,       -1.49524616e+02, -4.80196905e+01,  7.60932000e+02,  1.51400589e+01,       -2.00239103e+02, -9.33754805e+02, -4.59211069e+02, -3.18089546e+02,       -5.67599239e+02, -4.74856761e+02, -6.01110337e+02, -3.92754322e+02,       -3.22555117e+02, -4.06447266e+02,  4.03584219e+02, -2.15559506e+02,       -8.20116375e+02,  3.37417086e+02, -2.44107183e+02, -6.95276443e+02,        8.20772593e+02, -2.03846369e+02,  1.67281134e+02,  3.44896148e+02,        7.17078638e+00,  2.20928077e+02,  7.06442179e+00, -1.26243935e+01,       -1.15775147e+02, -6.13011150e+02,  8.97542101e+01, -1.10376322e+03,        5.52978059e+02, -3.71184676e+02, -1.17389582e+02, -1.50813656e+02,        8.75965431e+01, -1.59611814e+02,  2.42639168e+02, -4.55508741e+02,        3.20712496e+02,  3.30788142e+02,  1.31637844e+02,  8.33720890e+01,        1.68175466e+02,  6.28624501e+01,  2.56139673e+02, -8.04967452e+01,       -5.29986317e+02,  8.28931606e+01, -1.94742291e+02, -3.83221446e+01,        4.21886331e+02, -6.86610410e+02,  8.32888594e+00,  1.14776357e+01,        7.31684333e+01,  2.81582686e+02, -1.16991473e+02,  7.12530581e+02,        4.10331480e+02, -1.48635782e+02, -8.99461560e+01,  1.60957332e+01,        6.60168620e+02, -4.72672771e+02, -8.82420797e+02,  2.44882807e+02,       -1.03479259e+02, -1.06714665e+02,  1.42610939e+02,  6.63143645e+02,        4.04494293e+02, -1.49162434e+02, -4.27671022e+02, -5.09322570e+01,        2.49342625e+02, -1.11228062e+02, -6.30667642e+02, -2.39461030e+01,       -7.87970687e+02, -4.13577450e+02,  6.74554382e+02, -4.34724402e+02,       -5.63685804e+02, -4.40825190e+02, -2.99828181e+02,  2.83555494e+02,        6.99026834e+02, -4.31788450e+01,  2.33670514e+02, -1.52418653e+02,       -5.91864791e+02,  3.96491159e+02, -3.86811061e+02,  2.40472101e+02,        3.07780691e+02, -6.28802605e+01,  3.49924161e+02,  3.72118682e+02,        9.12242352e+02, -1.26504365e+02, -3.91086928e+02, -5.41196083e+02,       -1.28485498e+02, -2.19431470e+02,  8.61805121e+02, -3.75825579e+02,        8.65164891e+01,  6.31399162e+01, -2.22559632e+02, -6.88577965e+02,       -5.49778309e+01,  8.29677781e+02,  9.26401726e+01,  6.00447756e+01,       -4.55080500e+02, -5.15382400e+02, -8.31165401e+01,  4.11651348e+02,       -1.89739387e+02,  9.05140336e+02, -3.72518046e+02,  1.44247061e+02,       -1.76485900e+02, -5.82609342e+02,  2.60074872e+01, -4.34074170e+02,       -6.32992639e+02,  7.00415950e+01,  2.02077385e+01,  4.39663397e+02,        1.78061546e+02, -2.87577985e+02,  1.91937940e+02, -7.01229437e+02,       -4.49991540e+02,  7.70241882e+02,  1.11202199e+02, -1.20811074e+02,       -2.74738030e+02, -3.97528377e+01, -6.64808388e+01,  7.22438308e+02,        3.47938190e+02, -1.25326381e+02, -5.97599703e+01, -3.42399148e+02,       -1.73256194e+02, -5.72273837e+02,  4.07020478e+02,  6.35995918e+01,        1.17864079e+02,  1.29172230e+02, -4.64510411e+01, -1.55499286e+02,       -4.98392915e+00, -9.04033041e+02, -1.62762429e+02, -6.87795877e+01,       -7.81850887e+01,  4.67007265e+02,  5.37330770e+02,  1.37499569e+02,       -8.14596226e+02,  5.44462756e+02, -1.69667325e+02, -3.28499861e+02,       -7.42516151e+02, -2.77595043e+02,  5.01632686e+02,  2.31924493e+02,        5.85278569e+01,  2.60875037e+02, -4.96169360e+02, -3.77690653e+02,        4.69753699e+02,  3.24606203e+02,  4.40061284e+02, -2.34366122e+00,        5.83627948e+01,  4.71410080e+02,  8.40848306e+02, -2.10072099e+02,        3.21599049e+02, -1.42883080e+02, -3.57016306e+02, -2.91361043e+02,       -2.60513148e+02, -1.27807297e+02, -4.34991270e+02, -1.99579891e+02,       -1.18718814e+03,  2.90064629e+02,  1.65416457e+02, -3.14705564e+01,       -3.53504097e+02, -1.91064835e+02, -4.58781905e+02,  1.00105489e+02,        7.01168573e+02, -1.76482303e+02, -1.39782810e+02,  1.86870606e+02,       -4.12350436e+02,  7.38655550e+02,  1.41297223e+02,  1.58313226e+02,        4.39700058e+02,  1.55502632e+01,  4.77837512e+02,  1.39921563e+02,       -7.34780489e+01,  7.98027736e+01, -1.86461720e+01,  5.92002087e+02,        7.70777682e+01,  1.25694369e+02, -7.65394158e+01,  1.13318265e+02,       -7.87746443e+02, -3.16783037e+02, -3.92848019e+02,  4.36816350e+02,       -2.48667598e+02, -5.48626456e+02,  5.00731843e+02, -1.02363973e+02,        3.72344787e+02, -7.78370691e+02,  2.11081559e+02,  6.54044519e+01,        5.05470637e+01, -7.53357933e+01, -5.54366141e+01,  4.19669602e+02,       -2.34438984e+00, -4.21198562e+02, -1.36030648e+02,  2.15780295e+02,       -9.94584069e+02, -7.91559375e+02,  1.28226972e+01,  9.50857652e+01,       -3.69897596e+02, -3.63291738e+01,  9.24549016e+02,  2.80714432e+02,       -4.78303970e+02,  8.02355235e+01, -7.62404991e+01,  8.82075652e+01,       -2.92341609e+02,  1.58044132e+02,  2.42220426e+02, -5.74613196e+01,        9.59470899e+02, -9.11163003e+01, -2.73940309e+02,  1.62035280e+02,        3.51939275e+02, -3.02186294e+02, -2.54122199e+01,  8.17244098e+02,       -2.01709193e+01,  5.02886540e+02,  1.21819575e+02, -8.23934257e+01,       -2.25411164e+02,  4.86254984e+02, -4.68418275e+02, -1.78945637e+01,       -1.27845848e+02, -3.60538680e+02,  1.43512067e+02,  2.03133815e+02,        7.64713216e+01, -1.38864146e+01, -3.30017543e+02,  1.57898446e+02,       -1.50090200e+01, -2.13974330e+02, -1.84567809e+02,  1.68096768e+02,       -4.26478520e+01, -3.12235123e+02, -9.08138842e+02,  7.83731079e+01,        1.99796823e+02, -3.99264447e+02, -1.92280244e+02,  7.03525432e+02,        6.18557979e+01,  3.00367351e+02,  5.55311128e+01,  3.14887915e+02,        4.40293257e+01, -3.36364175e+02, -3.24718511e+01,  7.11391633e+01,        2.37239266e+02,  6.84926547e+02,  4.20007865e+02,  1.79826892e+01,        1.46749191e+02,  5.15092522e+02,  2.23558737e+02, -6.19684387e+02,       -2.28454249e+02,  1.14969622e+02,  7.30290368e+01,  2.25554615e+02,       -4.48596113e+02,  1.08848813e+02,  3.43022214e+02,  4.21440856e+02,       -3.82832890e+02, -4.50373331e+01, -1.96539976e+01, -1.15493256e+02,       -2.84202324e+02, -1.69366084e+02, -2.73819468e+01,  6.81049925e+01,        3.52930031e+02, -2.65493748e+02,  6.83197042e+02,  3.04121504e+02,        2.15444178e+02,  2.83731572e+02,  2.59717042e+02,  2.80202519e+02,        4.61420806e+02, -3.77470161e+02,  5.40149209e+02, -9.50440887e+02,        2.65429628e+02, -9.28691966e+02,  7.19876427e+02,  6.20498630e+02,       -9.94749519e+01, -4.20148679e+02, -3.60915539e+02, -4.92071165e+02,       -5.29150483e+02,  4.91291499e+02,  3.66981192e+02,  2.06684196e+02,        2.71692832e+02,  3.47343043e+02, -3.28394271e+02, -1.72754792e+02,        4.90483483e+02, -1.06309542e+02,  4.52579616e+02,  6.24431661e+02,       -3.69442674e+01, -6.15301896e+02,  1.17303601e+01, -1.14264132e+01,       -8.38761746e+01,  6.55527940e+00, -5.73627627e+02, -1.58212919e+02,        5.01210469e+01,  7.55644507e+01,  4.13619484e+02, -3.41671855e+02,        5.23551928e+02, -3.45780795e+02,  1.89434296e+02,  3.32595608e+02]
