name = 'OC-O-rev'
composition = {'H':0, 'C':1, 'N':0, 'O':2, 'Pt':1}
facet = ['Ni211'] 
IS_SPE =[-97.23063402, 'eV']
IS_ZPE =[0.241, 'eV']
IS_frequencies=[106.3, 145.5, 234.5, 241.3, 300.0, 333.2, 352.2, 381.3, 1792.4, 'cm-1']
TST_SPE=[-96.49803774, 'eV']
TST_ZPE=[0.249, 'eV']
TST_frequencies=[27.4, 119.1, 259.1, 347.3, 386.8, 394.6, 590.9, 1895.2, 'cm-1']
no_reactants=2
bee_IS = [-5.09569652e+02,-4.01881747e+01,-1.17892983e+02,3.93644338e+02,-1.85938595e+02,-1.62939638e+02,-3.47861155e+02,-7.75205157e+02,-3.70546830e+02,-4.14187873e+02,-3.38126137e+02,4.01362864e+01,1.28910021e+01,2.57686752e+01,2.72555138e+01,4.10106720e+02,-1.80988945e+02,-1.59669400e+02,1.52803627e+02,-9.67297983e+02,5.08588028e+02,-2.31876430e+02,-4.43337574e+01,-1.04465549e+02,-4.89404269e+01,-5.07954654e+01,7.52058659e+02,-1.85332840e+02,-7.21111577e+01,-4.57739191e+02,6.72348275e+02,-1.18407182e+02,-3.39209413e+02,2.08309139e+02,-3.66980880e+01,1.70238268e+02,-2.71110075e+01,6.15768935e+01,2.38318462e+02,-8.85544761e+02,4.71264669e+02,1.11782809e+02,-5.05926744e+01,-2.93669774e+02,9.79570309e+01,-1.56747507e+02,3.81805326e+02,3.21519275e+02,-2.38900258e+02,-2.54517587e+02,-2.59795712e+02,-2.94983798e+02,9.99148425e+01,-4.32681341e+02,1.19126592e+02,5.21871510e+02,5.95446446e+02,3.02109794e+02,1.40248792e+02,2.38865172e+02,7.80090412e+02,1.82781332e+02,-4.79278711e+02,-1.07735911e+02,-2.05138397e+02,5.31328311e+02,-6.51545963e+02,-5.44616386e+02,-2.35798765e+02,-8.55248319e+01,-3.81131399e+02,2.33054483e+02,8.37616398e+01,1.14085396e+02,-3.35286029e+02,-3.02905463e+02,-4.90309789e+02,3.25422651e+02,-2.84335640e+02,2.29224169e+02,-5.73573290e+01,-2.55072742e+02,-5.05964553e+02,-1.50851696e+02,-9.86045365e+01,-1.38334353e+02,3.42552363e+02,6.15864705e+02,-3.67406842e+02,-6.96119897e+02,-1.72837174e+02,9.63601618e+02,-4.96416878e+02,2.87879591e+02,-9.21577355e+01,-5.40431912e+02,2.09796395e+02,3.31554303e+02,-1.52067541e+02,3.05993308e+02,-2.32833420e+02,-4.46604038e+02,7.74704080e+02,4.04046242e+02,2.69032423e+02,1.27346407e+02,2.13153589e+02,7.08374777e+02,-2.16474284e+02,5.00453936e+01,-1.20157975e+03,1.60174867e+02,-5.92805028e+02,1.25768217e+02,1.87527234e+02,-2.96897491e+02,-4.65003329e+02,5.40300093e+01,-2.55377616e+02,3.09100434e+02,-4.41187117e+02,-2.31621617e+01,-3.08764054e+02,-3.64162075e+01,-2.74032637e+01,1.46888754e+02,1.07991634e+01,-5.19632448e+01,5.25752603e+02,7.92706233e+02,4.15351619e+02,6.77474919e+02,-1.03803281e+02,1.17082302e+02,4.76364688e+02,-7.74100395e+01,-6.63008316e+02,-3.25415564e+02,-4.35389690e+02,-2.49234680e+02,2.43070401e+02,-1.02375390e+03,-1.66416720e+02,3.73405393e+02,-3.17061461e+02,-3.18412281e+02,4.70842644e+02,3.82324047e+02,-2.99683223e+02,1.68741869e+02,-2.13213432e+02,3.02204588e+02,3.46530019e+01,1.32969342e+02,-7.53496741e+02,-4.21407515e+02,-6.68659594e+01,2.96972997e+00,-3.36136027e+02,9.26163324e+02,-1.92175501e+02,-2.91193203e+02,3.26727945e+02,-4.16585691e+02,-2.83819795e+02,2.66076759e+02,9.61080767e+01,1.12853334e+02,1.05237842e+02,-9.78467695e+01,1.68057493e+02,5.05966050e+02,-2.56510767e+02,1.50601240e+02,7.89531295e+02,2.90437734e+02,-7.53849224e+01,-1.66328728e+02,1.33624401e+03,-1.53033502e+02,3.07012306e+02,1.88880870e+02,2.98595283e+02,7.72228462e+02,4.33078111e+02,-2.57511787e+01,1.96660737e+02,4.10589694e+02,3.37025480e+02,-4.82793825e+02,8.11828096e+02,-7.22888980e+02,-1.53062566e+02,4.99209432e+02,7.32370636e+01,6.00051321e+01,2.71968914e+02,2.11953669e+02,3.10702223e+02,-5.54620159e+02,4.37114798e+01,-2.37297472e+02,-9.42702096e+01,-2.91493000e+01,-7.73834767e+01,-4.79925746e+01,7.10903731e+02,-7.36422043e+01,-2.40425537e+02,-1.96247606e+01,1.01733260e+02,-5.11326210e+02,-3.88740467e+02,-3.16540459e+02,-5.47350427e+02,-1.43250321e+02,-3.61452521e+02,1.68208550e+02,-9.88821647e+00,-9.24238822e+01,-7.43428647e+01,5.65873188e+01,-1.73921130e+02,5.81127888e+02,-7.13328815e+02,-1.39884819e+02,-1.36533261e+02,1.46129927e+02,1.60152679e+02,-4.01943715e+02,-1.58815717e+02,3.63289625e+02,-1.93762573e+02,1.37197939e+02,3.20674551e+02,-3.64796610e+01,9.81753064e+02,-1.78428738e+02,-2.79765238e+02,5.58409239e+01,-1.97050602e+02,4.61991592e+02,-3.13343106e+02,7.43516739e+01,5.43174348e+02,-1.13831572e+02,1.04364625e+03,1.11433239e+03,-5.70072250e+02,5.04415722e+02,1.45835131e+02,-4.64522054e+02,1.53070518e+02,3.15179586e+02,3.30605396e+02,2.07814773e+01,1.02614676e+02,6.17828164e+02,-2.00376293e+02,1.41085754e+02,6.61166616e+02,-3.24558737e+02,-1.29954877e+02,4.52537741e+02,2.33105167e+02,6.62804258e+02,2.23435456e+02,5.90695452e+01,2.28250967e+02,3.37506244e+02,-4.20206749e+02,2.98473122e+01,1.59406796e+02,1.06569985e+02,1.90447064e+02,-5.09191837e+02,2.97870884e+02,-3.86366948e+02,-2.74191765e+02,1.52246188e+02,-1.22566528e+02,4.76179447e+02,-2.09987088e+02,2.51989544e+02,2.83660849e+02,6.91636397e+02,4.81448827e+02,4.11718987e+02,-7.67102894e+01,-5.91762729e+01,-2.74551257e+02,6.65414541e+02,6.82986523e+02,3.24422442e+02,-1.99938040e+02,4.36915392e+02,-7.79134784e+01,1.84063735e+02,5.40570833e+02,6.60440899e+00,-6.74237831e+01,-2.15220836e+02,-4.61423040e+02,8.41048857e+02,3.91732639e+02,-4.85884959e+02,-1.34347512e+02,2.41985092e+02,-9.17075287e+01,5.40792755e+02,1.06499858e+02,6.91346524e+02,2.68397021e+02,-2.46381544e+02,2.14932843e+02,-3.71250576e+01,-2.75932405e+02,1.45647602e+02,1.63051082e+02,7.87569266e+02,6.93082511e+02,4.56585097e+02,6.05001494e+02,6.26607093e+01,-2.37478640e+02,1.35487828e+02,-2.88746814e+02,-4.38975602e+02,-5.02184039e+02,-2.37025390e+02,-9.34518502e+02,-2.69709199e+02,-7.40164540e+02,1.85707112e+02,-3.99179967e+02,3.55311819e+02,-8.29115034e+02,-2.80240872e+02,4.28298909e+02,1.94809214e+02,-7.46891020e+02,5.38246232e+02,-2.09732937e+02,4.52143266e+02,-2.23236521e+02,-6.83549749e+02,1.06222609e+02,-5.51873209e+02,-1.16105909e+02,2.43041626e+00,3.68379059e+02,1.08408986e+03,-3.94022285e+02,-3.03710905e+02,-2.95579919e+00,-1.20826438e+02,-7.02933437e+02,-4.82505797e+02,4.29301778e+02,-2.19894545e+02,1.45970736e+02,-4.22131532e+02,-1.29481528e+02,-3.47905809e+02,4.63758737e+02,1.33077220e+02,-1.94137137e+02,-1.16284563e+02,8.73870666e+01,-7.26383808e+01,3.76653982e+02,-2.17424825e+02,4.44560874e+01,2.96663131e+02,1.51820751e+02,-1.51370725e+02,1.34026912e+03,4.69231105e+02,2.98413387e+01,9.16390059e+01,-5.33732519e+02,2.67981670e+02,-6.48759777e+02,-2.22807008e+02,-4.76231496e+02,-1.65225549e+02,4.80861260e+02,-4.88370852e+02,1.57509068e+02,-2.36986317e+01,2.82518513e+01,-3.22183300e+02,-3.86899822e+02,-3.01325628e+00,-3.69913092e+02,-1.91969948e+02,-3.54112670e+02,-8.99987959e+01,-3.10197993e+02,-4.44310306e+02,1.94650280e+02,-1.49690989e+02,1.83088030e+02,8.76541204e+01,-6.35856430e+02,-4.73862455e+02,-3.43974978e+02,3.08316269e+02,-8.99702826e+00,-5.47373499e+02,5.02719649e+02,-3.44172150e+02,4.73437953e+02,-2.60221025e+02,-4.20908151e+02,2.30135559e+02,-5.86847923e+02,-3.34909084e+02,5.51795558e+02,1.56255999e+02,-3.49687658e+02,4.53448401e+02,-1.47951045e+02,-3.25729992e+02,-2.64828039e+02,-4.20145393e+02,2.05269977e+02,-7.84929733e+02,-7.20014923e+02,-8.32323835e+01,-2.60845416e+02,-4.76729735e+02,6.23726574e+02,1.14257781e+03,-2.85321493e+02,-2.78980903e+01,-5.45697539e+02,5.71409998e+02,1.60258547e+02,-1.69011541e+02,-3.33601371e+02,1.46080550e+02,-5.26362787e+02,-1.73440780e+02,-7.68066429e+02,3.02305247e+02,1.13821868e+02,4.53573637e+00,-5.95580055e+01,-2.95462409e+02,-7.70818400e+01,1.10372842e+03,-1.66511299e+02,-3.99128297e+02,-5.86541085e+02,1.12407448e+02,-3.10534782e+02,7.63337062e+01,2.52435469e+02,5.80468958e+01,2.43972330e+02,1.04069031e+02,5.15938523e+02,2.66496216e+02,-2.92879159e+02,3.65888885e+02,3.00646060e+02,9.66532333e+01,3.86419740e+02,-2.12500669e+02,6.29342241e+02,1.60505628e+02,-2.60650706e+02,-4.99048884e+01,-1.65104702e+02,2.07894246e+02,-2.28114358e+02,-2.59120935e+01,-9.32807459e+01,7.17968730e+02,4.63463967e+02,-5.84549757e+02,-3.61241386e+01,-4.67214807e+02,-1.52159517e+02,-1.96573818e+02,6.40160415e+01,-1.27521797e+01,-2.24144045e+02,1.09495515e+02,-6.01887167e+01,-9.11688468e+01,7.50811436e+02,1.56444044e+02,-7.01065599e+02,-3.83061186e+02,7.99051069e+02,2.36905826e+02,-7.41653529e+01,9.20203750e+02,-1.60649243e+02,-9.80068250e+01,-5.08595202e+01,1.16690562e+02,2.46118238e+02,3.54628128e+01,2.32486765e+02,-1.37280330e+02,-2.69120477e+02,-3.73728214e+02,-4.14634511e+02,3.88152194e+02,1.09940897e+02,3.27024916e+02,1.19628106e+02,7.66106682e+02,1.52311023e+02,-7.07900718e+02,-2.96992040e+02,8.55648843e+01,-2.40572551e+02,5.37350723e+02,-1.08432364e+02,1.59046628e+02,4.31678545e+02,-6.35544173e+02,1.28571887e+03,1.67727386e+02,2.06440883e+02,3.03321553e+02,6.96620938e+01,-6.49813628e+00,3.12058871e+02,-3.06921246e+02,7.07050853e+02,6.09980610e+02,-3.57930837e+02,1.29340897e+02,6.00878794e+02,-1.87570794e+02,1.38000453e+02,3.69256810e+02,3.69116699e+02,-6.77736675e+02,-1.19615929e+02,-3.03050421e+02,-2.65200615e+01,-3.64461935e+01,-2.27050074e+01,-1.41138108e+02,-2.54025869e+02,7.17184145e+01,8.80511452e+01,4.62560787e+02,-3.63863818e+02,3.34440378e+02,3.86931364e+02,-1.44097402e+02,7.65156946e+02,-5.90655823e+02,-9.10365287e+02,-5.74305428e+01,-7.21419894e+01,5.43051019e-01,6.80979063e+02,-6.29754010e+01,3.51636791e+02,4.13713711e+02,3.28433509e+02,-9.10868197e+01,5.46523027e+02,-1.37795107e+02,-2.79756902e+02,-3.99627016e+02,4.71405081e+01,3.32504413e+02,-4.33820556e+01,3.31072891e+02,-2.57819322e+01,5.52515927e+02,1.72196789e+02,7.67614817e+01,-4.76532625e+01,2.92671657e+02,3.26624735e+02,1.72069132e+02,-7.22373207e+00,-4.63583609e+02,2.59575891e+02,1.70622458e+02,3.18970270e+02,2.67817103e+02,3.05866334e+02,-5.19180103e+01,2.34047320e+02,-2.13081148e+02,-9.22591274e+00,-4.80021156e+02,-2.69430177e+02,3.38292085e+02,-7.81610075e+02,2.53603531e+02,1.46568506e+02,7.14336414e+02,-2.24947784e+02,2.63168086e+02,-1.01056386e+02,-4.17468194e+02,-6.21605163e+02,-7.02989300e+01,-7.58630384e+02,1.38814847e+02,-1.78492525e+02,2.58692048e+02,1.76261476e+02,-2.20573773e+02,-2.16164836e+02,3.33616138e+02,-5.16766299e+02,-1.04986357e+02,-1.79020093e+02,2.02348964e+02,-4.56349868e+01,4.96483554e+01,-1.85801980e+02,4.90352469e+02,-4.10672813e+02,8.30323887e+01,5.17627245e+02,-2.95426478e+02,1.57873652e+01,-3.23985813e+01,-5.91490771e+02,-4.00521831e+02,-6.88096263e+01,2.27584759e+02,2.77338283e+02,4.19927276e+01,-6.99744320e+01,1.90158424e+02,-3.89153558e+02,2.11078735e+00,-4.34429412e+02,-2.36941297e+02,4.05456446e+02,-2.53616405e+02,5.53131991e+02,-1.83379177e+02,3.03504265e+02,2.20171046e+02,-5.36802519e+02,-2.46024192e+02,7.38768208e+01,-3.43247483e+02,-3.02121586e+02,-7.47613898e+02,-4.80233222e+02,-4.50301472e+02,-3.70924590e+02,1.93218411e+01,1.14142017e+02,9.07799337e+00,1.80337271e+02,-4.91431533e+02,1.24446364e+02,1.79372683e+02,-5.73311959e+02,-5.55224438e+02,-3.54079138e+02,-2.00740112e+02,1.68130802e+02,7.42833225e+00,-3.83397062e+02,3.06818242e+02,-1.72425961e+02,4.31378279e+02,-7.69317643e+02,5.19863482e+02,-3.21579298e+01,-3.15936204e+02,-2.25756379e+02,2.77694163e+01,3.66458617e+02,-6.49620247e+02,-1.21620263e+02,-1.76439212e+02,4.22338925e+02,7.23732317e+02,-8.36932552e+02,8.05827366e+02,3.93315758e+02,-6.43547330e+02,-3.03591896e+02,6.57229352e+02,5.21359878e+02,-1.54483306e+02,-3.15949230e+01,9.04833958e+01,6.10828628e+02,-4.54998319e+02,1.40419317e+02,-6.52899664e+01,2.62693164e+02,-6.37449190e+02,-6.50093067e+01,-2.89886421e+02,4.07736204e+02,3.68327348e+02,-7.38853555e+02,-4.27022102e+02,-1.96192893e+02,-3.35095626e+02,-1.25992155e+02,-1.99309144e+02,3.69715021e+02,3.58670154e+02,-5.05662810e+01,-3.97525557e+02,-7.20452664e+02,3.75437394e+02,-4.37829715e+02,-2.71179249e+02,4.16848676e+01,-2.97040173e+02,-3.59305951e+02,-2.22731562e+02,-3.63832381e+02,-2.31704767e+02,-4.39320328e+02,5.02207891e+02,5.57093338e+02,-2.94978990e+01,-2.06236022e+02,-1.34877147e+01,3.66842873e+02,-7.60595794e+02,-1.79655730e+02,4.31934462e+02,5.79166881e+02,-1.59291779e+02,9.78121167e+01,4.72321574e+02,1.34730554e+02,-5.74432192e+01,-3.81674159e+02,1.95070627e+02,-3.09838150e+02,-1.37765189e+02,-1.67126461e+02,-1.61677631e+02,1.71921585e+02,6.74526235e+02,6.36038513e+00,3.55994963e+01,-7.82682196e+02,-1.50139429e+02,-3.27331486e+02,4.01129719e+01,-3.64746845e+02,6.79034927e+02,7.03328911e+02,1.27462847e+02,-1.29330570e+02,1.25327067e+02,2.19544209e+02,-4.13026251e+02,-6.65600548e+01,1.20497697e+02,1.20167881e+02,4.90126951e+02,3.89401552e+02,-1.80179902e+02,2.45503329e+02,-8.35354264e+02,-3.71043666e+01,7.37574682e+02,8.38638238e+01,-6.25828662e+00,2.87170467e+02,-2.50811988e+02,8.02535342e+02,-1.06805753e+02,7.35669974e+02,3.21318970e+02,-3.32209578e+02,2.65079514e+02,-2.67307523e+02,-5.95538236e+02,-3.52129167e+01,-4.90400310e+02,-4.62271411e+02,-4.60734856e+01,2.78543005e+02,-4.99076299e+01,-2.91811925e+02,6.54164123e+01,-6.30645319e+02,-7.98889867e+01,-7.18120252e+02,4.51758847e+02,-1.19587480e+01,-4.44086836e+02,-1.64610690e+02,1.50341932e+02,-2.78960725e+02,-4.08853112e+02,7.80889888e+02,-1.94430271e+02,-3.85305632e+02,2.18417911e+02,-1.03312809e+02,4.44831560e+02,-1.39727653e+01,7.54913047e+01,8.84683683e+02,-1.55311656e+02,-3.03525279e+02,-3.24109932e+02,-4.61626491e+02,-2.86712489e+02,2.46501200e+02,1.82555515e+02,1.84757925e+02,6.50780711e+02,2.04099573e+01,1.45549218e+02,-5.76314459e+02,2.11442646e+01,-2.02727922e+02,-2.32027616e+02,1.51773824e+01,3.05140264e+02,3.33273013e+02,6.64683138e+00,8.15957535e+01,2.56502532e+02,3.25265407e+02,-2.09244339e+02,-1.14294867e+02,1.48388102e+01,-2.03976142e+02,-6.83016038e+01,-2.36316514e+02,6.58800879e+02,5.65503874e+02,-1.11097420e+02,1.05262890e+02,-2.10792226e+01,-2.07290012e+02,2.91001947e+02,-7.72418002e+01,3.39344147e+02,-4.68450717e+02,1.64548811e+02,-9.64479584e+01,-4.75432495e+02,-2.20519700e+02,2.38208689e+02,-7.46867530e+02,3.67796010e+02,4.28941020e+02,-6.27173776e+01,-4.47428955e+01,-2.82556644e+01,2.12501045e+02,-2.87191741e+02,3.17128845e+02,2.47374074e+02,-9.10502650e+02,-2.88108675e+02,1.97528915e+02,-8.02289622e+01,3.33919903e+02,-5.36244419e+02,-4.97022757e+00,-3.62178088e+02,-1.07773400e+03,6.54617360e+02,-5.17895130e+02,-5.02607491e+02,7.72025958e+01,1.11614219e+03,5.98171877e-01,-1.88529431e+02,-1.82572590e+01,-6.18046936e+01,-7.72004563e+02,-5.39043337e+02,6.79074677e+02,-4.54116289e+01,-3.44998301e+02,4.39279956e+02,-3.01156768e+02,3.44329654e+02,4.74565412e+02,-5.36634825e+02,-2.24262695e+02,-3.00386123e+02,-1.30667252e+02,-1.68727029e+02,-5.89107593e+01,1.19964408e+02,-2.92841616e+02,2.58646527e+02,5.20766277e+02,-1.40138454e+02,-1.55212450e+02,1.20343850e+02,4.99596781e+02,4.24663970e+02,3.20349382e+01,-1.50061614e+01,-4.71305008e+01,-4.43288369e+02,3.29400483e+02,-2.09147731e+02,1.72118193e+02,-1.37430236e+02,2.53500120e+02,1.52927238e+02,-6.87026512e+02,-2.42644998e+02,-6.88274818e+02,-2.83053642e+02,6.50861904e+01,-1.49976238e+02,2.61126940e+02,-2.51987805e+02,1.67273810e+01,9.13665121e+01,6.49508260e+02,3.26499890e+02,-2.35586201e+02,1.76277460e+01,9.69563759e+01,3.47940117e+02,-5.41109647e+00,4.41814193e+02,2.11918107e+02,7.77420307e+02,2.24407578e+01,5.96153273e+02,-2.27671689e+02,-3.35994522e+02,7.19596211e+01,6.42418625e+01,2.65327132e+02,-5.61659483e+01,-1.38678707e+02,2.26387735e+02,-3.99806507e+02,-4.52055827e+02,6.69761123e+02,-5.17836327e+01,-3.73084075e+02,-4.78353539e+00,-1.23282209e+02,3.05631425e+02,2.88603925e+02,-1.71116564e+02,9.46704759e+00,-2.36252818e+02,-2.84451423e+02,-2.48849207e+02,-8.34485619e+02,-2.97951805e+01,-5.63172205e+02,-4.80686274e+02,-3.44345183e+02,1.53036312e+02,-3.28898398e+02,1.90459956e+02,-4.93147823e+02,9.16808675e+00,-3.54930152e+02,6.51559447e+01,1.02620520e+02,2.53424504e+02,-1.72291145e+02,-1.28697841e+02,2.27423861e+02,5.24599803e+02,2.83792540e+02,6.80567988e+01,-5.95714876e+02,-1.20979900e+02,-2.69665206e+02,-5.29737869e+02,3.61351399e+02,-3.01878317e+02,-3.82007380e+01,-2.00349919e+02,-8.83905946e+02,4.35407665e+02,-1.45383795e+02,3.59572080e+02,-6.06147433e+02,5.71891666e+02,3.71999314e+01,-2.71597357e+02,4.11575713e+01,-2.04275131e+02,-5.96010495e+02,1.23535845e+02,2.45005462e+02,2.82537336e+01,-3.15344425e+02,-1.13702832e+02,1.41701943e+02,2.55353871e+02,5.59398275e+02,2.21792220e+02,-2.04946952e+02,7.70598838e+02,2.51303921e+02,3.41072594e+02,-1.47901607e+02,2.32175197e+02,1.51196612e+02,-5.38035049e+02,-1.64369447e+02,-3.43525339e+02,-2.73324180e+02,-9.05834069e+01,-1.52956929e+02,-3.24307086e+02,-9.90316293e+02,-2.65381124e+02,1.34525260e+02,8.75099003e+01,8.16595211e+01,4.32107743e+02,1.61312157e+02,2.79374114e+02,-3.68379160e+02,4.02965440e+02,-4.28968554e+02,-6.67335549e+02,1.67225658e+02,-3.51883669e+02,-3.65410378e+02,-1.37475687e+03,-1.03934466e+02,6.97416403e+02,4.06174705e+02,-8.90678208e+01,-1.03747263e+02,2.58112446e+02,5.93398208e+02,-3.52221339e+02,-8.35451273e+01,-2.77058470e+02,-3.13466851e+02,-2.96923274e+02,1.38502014e+02,6.25153196e+02,-5.73234408e+02,-4.62063496e+02,2.13726624e+01,-7.53177750e+01,-1.23648941e+02,-8.11745468e+02,4.93797235e+02,2.19400699e+02,7.79119133e+01,4.22735762e+02,-2.64664793e+02,2.58842385e+02,2.35467975e+02,4.62513468e+01,-4.09275185e+01,1.06867700e+02,-1.40921665e+02,4.10245794e+02,-3.80203018e+02,3.66529784e+02,8.11905595e+01,9.78051765e+01,2.06063131e+02,-7.50509010e+02,5.61444712e+01,-5.58274356e+02,-4.40684270e+02,-4.27959196e+02,-3.92885462e+02,1.20600446e+01,1.13743546e+02,4.20852947e+02,8.43201212e+01,1.19999383e+02,-6.20265894e+02,-2.18521217e+02,2.87024414e+02,1.19935294e+01,1.62050077e+01,-7.09761567e+01,3.19596877e+02,-7.95137959e+02,9.18379208e+01,2.06335102e+02,3.96200597e+02,3.38692652e+02,-4.95130995e+02,6.65337783e+01,3.72231223e+01,3.81271401e+01,1.69865272e+01,-1.69344191e+02,-2.74332574e+02,1.37682459e+02,5.45714978e+02,-7.78186773e+01,8.32985613e+01,1.54749101e+02,-2.15814640e+02,-2.14204088e+02,-1.00720375e+03,-3.34264351e+02,-4.41764157e+02,-6.61379441e+01,-5.53169115e+02,6.54473978e+02,-2.57235791e+02,-4.60085276e+02,-1.36341659e+03,5.70621583e+02,1.19281933e+02,-1.28139801e+01,-5.34976244e+02,9.11690933e+01,-1.51229502e+02,-2.83878376e+02,1.02058619e+02,2.79244450e+02,6.88943598e+01,-1.50152603e+02,-2.86655941e+01,7.10711954e+00,1.67579886e+02,-5.30091832e+02,6.08711337e+02,-3.64871441e+02,-2.36018177e+02,-3.65714559e+02,-8.45223190e+02,8.26007225e+01,-4.16160766e+02,-1.91897355e+02,2.96815722e+02,-2.09474662e+02,4.77751313e+00,-8.56724946e+01,-2.23240116e+02,1.43523447e+01,4.62083621e+02,-4.52268452e+02,8.00681145e+02,-1.72001297e+02,2.95824932e+02,-6.79188470e+01,1.29791666e+02,-1.02594238e+02,4.07583320e+02,5.44212628e+02,1.73173428e+02,4.76006922e+02,-3.38496550e+02,-2.84953700e+01,-1.98308566e+02,5.92965611e+02,5.01625408e+02,3.84542484e+02,-1.29447382e+02,-2.62506469e+02,2.33917702e+02,-2.24951782e+02,-1.19729856e+02,-6.31599065e+01,-2.26179876e+02,4.45976180e+02,-5.04469915e+01,3.43417959e+02,1.23063919e+02,1.48411902e+02,-2.97199856e+02,2.81318406e+02,-1.58377346e+02,-1.13506489e+02,-2.61578281e+01,-4.42184907e+02,6.67570345e+02,-2.45420295e+02,-3.57711743e+01,1.72636215e+02,1.48914441e+02,6.15268184e+02,-1.43264276e+02,6.67146427e+02,6.05161252e+02,-8.44311027e+02,7.57627097e+01,-1.77702509e+02,1.26552214e+02,7.50872287e+01,1.52417383e+02,5.24745707e+02,8.04580260e+02,-6.81330298e+02,6.66295885e+02,-8.02131341e+02,-6.68260476e+02,-1.06628959e+02,-9.75825525e+00,6.10223438e+02,3.36416184e+02,-1.59251672e+02,-8.04981903e+02,6.11399345e+02,-3.90762577e+02,-9.58025213e+00,-4.41589725e+01,1.07721218e+03,-2.45952909e+02,-9.15495425e+02,2.68380953e+02,-1.40544641e+03,9.68321838e+01,-3.09988049e+02,-1.57401091e+02,-2.37477851e+02,-5.09495391e+02,3.56398409e+02,-3.14358232e+02,-7.96861078e+01,-6.80520178e+02,-5.81466065e+01,-4.15869459e+02,-6.47309952e+02,-1.06387294e+03,8.82364955e+01,-2.80191163e+02,-7.04650268e+00,-1.17203587e+02,-6.88365276e+02,-5.48949016e+02,-4.59217551e+02,-4.63017537e+02,4.76016781e+02,8.10357490e+01,-4.15499209e+02,-1.59613282e+02,-1.94861874e+02,3.22979243e+02,-2.89731420e+02,-1.06930741e+02,-1.95692919e+02,-3.11774755e+02,-3.25524692e+02,3.32771849e+02,-1.51991068e+02,-7.90588473e+02,6.69982253e+02,4.08339970e+02,5.35057344e+01,-6.30255009e+02,-6.56103915e+02,9.39380673e+01,1.21694539e+01,-2.58668658e+02,-4.22181805e+02,3.08416648e+02,-6.84251539e+01,2.37033283e+02,4.29185743e+02,2.92654720e+02,3.05757999e+02,2.21485589e+02,-1.76607193e+02,-1.08803651e+02,-1.90931380e+02,-3.03271879e+02,-3.97313473e+02,-5.62090434e+02,-3.39642541e+02,-7.01027891e+01,-6.92364080e+02,-7.54549448e+01,2.82732592e+02,-6.20750974e+02,2.16248083e+02,1.88554836e+02,-6.11628745e+02,-4.93264495e+02,-1.35826690e+02,1.83752983e+02,-3.44645463e+02,6.08310224e+02,5.45302102e+02,-6.51642881e+02,4.39377481e+02,3.07766009e+02,6.61491342e+01,2.19330711e+02,-3.69916842e+02,-1.23600091e+02,4.69112897e+01,1.53606530e+02,3.92422605e+02,-4.39369232e+02,-3.70935656e+01,1.53693237e+02,-1.28192497e+01,-2.28998026e+02,1.71290516e+02,-2.31366276e+02,-1.74657914e+02,3.28839297e+01,-5.20214511e+02,3.13983737e+01,-2.03460187e+02,-1.08967134e+02,5.32460040e+00,-4.91947429e+02,4.88490962e+02,-2.32655562e+02,-1.11981123e+03,-7.33085199e+02,3.38178242e+02,-3.08039277e+02,-1.47806433e+02,-2.52118872e+02,-1.44287488e+02,-8.64821529e+02,-9.62056493e+01,-5.54371055e+02,-2.88723213e+02,2.22711768e+02,6.43642053e+02,-2.87537396e+00,-2.70886219e+01,5.04452373e+02,-4.38516966e+02,3.10407388e+02,8.01422851e+01,-3.60943217e+02,-1.56041659e+02,2.11936632e+02,1.59100521e+01,8.54844015e+01,9.91648331e+01,-2.03826432e+02,-2.41520404e+02,-4.56754127e+02,4.32619385e+02,-5.49211055e+02,-4.03816016e+02,8.29808867e+01,-7.72947297e+02,1.66933129e+02,5.41876520e+02,-4.13826199e+01,6.08370578e+01,-2.15385709e+02,-1.76965217e+02,8.85887872e+01,3.23951608e+02,-3.49659341e+02,2.66947569e+02,-9.56667555e+01,-3.42540660e+01,2.32799027e+02,1.65342094e+02,-7.78661138e+01,-3.72760984e+00,2.09829723e+02,2.42671767e+02,-6.20785111e+02,5.73685744e+01,4.66203104e+02,-8.40332997e+02,2.80594913e+02,-1.03121544e+03,-7.98193092e+01,-1.28610160e+02,-7.33290156e+01,-7.77530185e+01,-2.23501424e+02,-3.19074589e+01,1.42518176e+02,-2.08735120e+02,1.21445353e+02,7.50386282e+02,-5.55138123e+02,-2.30673519e+02,3.16293957e+02,2.14302715e+02,3.57621656e+02,1.41594076e+02,2.44312793e+02,-1.61142275e+02,-4.22789888e+02,-3.67227899e+02,-1.79671047e+02,6.08535697e+00,-3.63038667e+02,-1.31502173e+02,5.77207223e+01,1.99975017e+02,-8.64524664e+01,4.85902496e+02,-4.38667941e+02,-4.55887033e+01,-2.37742081e+01,2.40813601e+02,-3.51951282e+02,-2.21145253e+02,2.36191860e+02,4.31458197e+02,6.03197689e+02,3.03217190e+02,3.56625096e+02,-2.56635403e+02,5.40257221e+02,5.81557661e+02,-5.51601887e+01,3.39911973e+02,3.28407711e+02,-2.19331597e+02,1.48455375e+01,5.29822713e+02,-2.39778221e+02,-1.07068703e+02,-5.22776491e+02,2.32173965e+02,-6.58204328e+01,1.52088185e+02,8.22153108e+01,-3.59619215e+02,3.96505194e+02,3.51458743e+02,-2.05585208e+02,1.58862992e+02,-4.96162368e+02,-4.46266023e+02,2.01852089e+02,-5.95375332e+02,-2.33583879e+02,8.24541656e+01,6.97480247e+02,-2.09971236e+02,-9.02813654e+01,-1.26669539e+02,9.89743461e+02,1.22575854e+02,-3.74450676e+02,5.90632151e+02,5.43384217e+02,2.59540951e+02,6.30274470e+02,6.98131952e+02,-9.04093922e+01,-2.58545965e+02,-2.79820604e+02,2.31872953e+02,3.26811111e+02,-4.24715774e+01,-1.78147391e+02,-5.30825816e+02,-2.59526010e+02,-3.82039521e+02,2.54794462e+02,1.30252720e+02,5.39259755e+02,4.93417268e+01,-2.16845633e+02,-6.80902150e+01,3.45015004e+02,1.13115919e+02,4.39840489e+02,4.95349165e+02,-1.19266616e+02,-7.76958802e+01,-8.32553053e+02,4.59728234e+02,-4.64424929e+01,4.33507174e+02,-1.58205288e+02,-5.02563364e+02,1.70711362e+02,5.96432300e+02,-2.11301583e+02,5.88499419e+02,-6.22161987e+02,-1.93690629e+02,-6.73885205e+02,1.90160283e+02,9.88769927e+01,7.41382131e+00,-5.15702822e+02,7.55579631e+02,4.53363942e+02,7.07726634e+01,-3.94931242e+02,1.87738238e+02,-2.34314428e+02,-7.57559102e+01,-1.88043106e+02,1.79142356e+02,-8.72080437e+01,-1.75436240e+02,1.64853839e+02,2.25715494e+02,-7.32089460e+02,1.67842348e+02,5.76071653e+02,3.60406531e+02,-1.13168281e+02,2.92724092e+01,-3.07721926e+02,5.06068057e+02,1.50560985e+02,-5.77974397e+01,-5.97536119e+01,9.35297328e+02,6.78216886e+00,2.65239944e+02,6.20885566e+02,8.36809342e+02,5.48194342e+02,3.63716673e+02,-5.45218148e+02,-3.72111043e+02,2.96552810e+02,1.42044446e+01,2.77291801e+02,1.58437461e+02,5.03668449e+02,-6.64135253e+02,-4.20536207e+02,-5.52328305e+01,-7.41875210e+02,1.67611980e+02,3.37588192e+02,1.19824061e+02,-1.95162254e+02,2.02791488e+02,1.21926735e+03,2.22228404e+02,1.30121937e+02,-4.20030037e+02,-5.66838782e+02,-1.34271260e+02,2.66419476e+02,-4.47863678e+01,1.79578723e+02,3.01555354e+02,-5.13088728e+02,2.12246218e+02,4.49242121e+02,5.01958668e+02,-4.83047963e+01,1.00231097e+01,-7.96018186e+01,-4.32409610e+02,-5.71165429e+02,7.14928363e+02,-5.78167049e+01,-5.06894634e+02,1.91636188e+01,-1.96212622e+02,7.82908904e+02,-2.04848955e+02,-2.95762752e+02,2.67966969e+02,-1.24856105e+02,3.71261920e+02,-4.75117637e+01,8.61872652e+02,4.31447762e+02,-1.03082532e+01,-3.09077361e+02,2.12220108e+02,-4.74979173e+02,-9.97250819e+01,5.21361763e+02,-2.40299847e+02,-4.04152665e+02,-1.90747079e+02,4.45061697e+02,1.24947510e+02,-7.11453152e+02,2.62395145e+02,1.27757099e+02,5.92183099e+01,-4.38403125e+02,1.46611302e+01,3.00519059e+02,4.37356625e+02,5.48730608e+02,2.23399563e+02,3.52947994e+01,-4.35464570e+02,-4.10025414e+02,-6.37284098e+02,-7.88721440e+01,2.70774005e+02,-2.10401602e+01,4.59421147e+02,-2.71642326e+02,1.57345788e+02,-1.03076943e+02,-2.55139746e+02,5.07066951e+02,6.53336934e+01,5.25850570e+02,2.53890660e+01,2.13377808e+02,-1.70797845e+02,5.36316676e+02,-1.03326007e+02,-3.45221472e+00,-6.70272121e+02,-9.25232130e+01,6.23745256e+02,5.70687214e+02,2.26239578e+02,-1.29518365e+02,3.29711028e+01,-1.51991459e+02,-4.98132287e+01,7.71293662e+02,1.57576910e+01,-2.03245220e+02,-9.46060162e+02,-4.64540026e+02,-3.22409724e+02,-5.74891456e+02,-4.81452742e+02,-6.09200047e+02,-3.97753418e+02,-3.26012164e+02,-4.11929287e+02,4.08816216e+02,-2.17884880e+02,-8.30549287e+02,3.42294941e+02,-2.47579077e+02,-7.04298355e+02,8.32176457e+02,-2.06606576e+02,1.69306292e+02,3.49686779e+02,8.29180884e+00,2.23771916e+02,7.61874042e+00,-1.24561232e+01,-1.17210631e+02,-6.21341943e+02,9.12613576e+01,-1.11771832e+03,5.60899639e+02,-3.75823474e+02,-1.19486726e+02,-1.52991970e+02,8.95689876e+01,-1.61572650e+02,2.46078613e+02,-4.61960291e+02,3.24864871e+02,3.35552959e+02,1.32853507e+02,8.44074235e+01,1.70691311e+02,6.38464543e+01,2.59637258e+02,-8.12144969e+01,-5.37982499e+02,8.39933181e+01,-1.97969264e+02,-3.87243142e+01,4.28106582e+02,-6.95862547e+02,8.26073344e+00,1.17788016e+01,7.42676676e+01,2.85054428e+02,-1.18246419e+02,7.22093938e+02,4.15129946e+02,-1.50590358e+02,-9.10258898e+01,1.67910027e+01,6.69201434e+02,-4.78606735e+02,-8.94276954e+02,2.48336203e+02,-1.04543082e+02,-1.08507909e+02,1.44585359e+02,6.71995263e+02,4.09393586e+02,-1.50956406e+02,-4.33684352e+02,-5.21592044e+01,2.52575642e+02,-1.13152844e+02,-6.39309324e+02,-2.47107478e+01,-7.98824223e+02,-4.19456318e+02,6.83998929e+02,-4.40538880e+02,-5.71643560e+02,-4.46857610e+02,-3.04113610e+02,2.87597007e+02,7.08881440e+02,-4.39099773e+01,2.36647844e+02,-1.54796051e+02,-5.99626866e+02,4.02150750e+02,-3.92271889e+02,2.43664555e+02,3.11425161e+02,-6.45876248e+01,3.54420541e+02,3.76766960e+02,9.25384813e+02,-1.27902554e+02,-3.97092747e+02,-5.48553856e+02,-1.30441396e+02,-2.23711307e+02,8.72597307e+02,-3.80829846e+02,8.78236431e+01,6.36706593e+01,-2.24868471e+02,-6.98276854e+02,-5.57686198e+01,8.41095859e+02,9.49256872e+01,6.10741486e+01,-4.61573428e+02,-5.21694590e+02,-8.48707514e+01,4.16707987e+02,-1.92753903e+02,9.16822924e+02,-3.77848902e+02,1.46420755e+02,-1.78175120e+02,-5.89854304e+02,2.66399483e+01,-4.40276840e+02,-6.41564090e+02,7.12050668e+01,2.03052452e+01,4.45395321e+02,1.80989086e+02,-2.91353600e+02,1.94617618e+02,-7.11155871e+02,-4.55499861e+02,7.80821508e+02,1.11989507e+02,-1.21759447e+02,-2.78002884e+02,-3.98736862e+01,-6.76667133e+01,7.32716898e+02,3.52629834e+02,-1.26543923e+02,-6.01909619e+01,-3.47121317e+02,-1.75131497e+02,-5.79506823e+02,4.12666386e+02,6.42920205e+01,1.18864491e+02,1.31213330e+02,-4.75710085e+01,-1.57947643e+02,-4.45521521e+00,-9.16458448e+02,-1.64139700e+02,-6.97595276e+01,-7.89400159e+01,4.72653827e+02,5.44589744e+02,1.39520123e+02,-8.25444007e+02,5.51706090e+02,-1.72406310e+02,-3.32717211e+02,-7.52526235e+02,-2.81174488e+02,5.08614198e+02,2.35499967e+02,6.01944657e+01,2.64822637e+02,-5.02601090e+02,-3.83217940e+02,4.76442958e+02,3.29379539e+02,4.45500567e+02,-1.92169290e+00,5.93195280e+01,4.77672833e+02,8.52169706e+02,-2.12468846e+02,3.25893715e+02,-1.45761545e+02,-3.62124454e+02,-2.95109221e+02,-2.64283732e+02,-1.29319308e+02,-4.40576261e+02,-2.01814773e+02,-1.20234733e+03,2.93763084e+02,1.68506150e+02,-3.18850243e+01,-3.57697230e+02,-1.93262710e+02,-4.64950463e+02,1.01051675e+02,7.10320645e+02,-1.78947360e+02,-1.41756924e+02,1.89011491e+02,-4.18094312e+02,7.48679974e+02,1.43069320e+02,1.59587092e+02,4.45495347e+02,1.52056579e+01,4.84423177e+02,1.41980044e+02,-7.38475508e+01,8.10190842e+01,-1.93605968e+01,5.99886236e+02,7.80209474e+01,1.27899542e+02,-7.77424972e+01,1.14755724e+02,-7.98529682e+02,-3.20776833e+02,-3.98454337e+02,4.42579115e+02,-2.52562756e+02,-5.55438762e+02,5.07342582e+02,-1.04055643e+02,3.77038684e+02,-7.88821307e+02,2.13099511e+02,6.60556968e+01,5.10633065e+01,-7.67170317e+01,-5.62425617e+01,4.25598582e+02,-1.80700282e+00,-4.26966714e+02,-1.38369711e+02,2.18346113e+02,-1.00790690e+03,-8.01601343e+02,1.30416653e+01,9.68273481e+01,-3.75317106e+02,-3.63891711e+01,9.36632020e+02,2.84179131e+02,-4.84465866e+02,8.12506315e+01,-7.75367427e+01,8.96053973e+01,-2.96181626e+02,1.60613731e+02,2.44939559e+02,-5.82891953e+01,9.72151124e+02,-9.19162160e+01,-2.77691815e+02,1.65302029e+02,3.57196081e+02,-3.06072522e+02,-2.55139166e+01,8.28454978e+02,-2.07072809e+01,5.09168652e+02,1.23598083e+02,-8.32065752e+01,-2.27502242e+02,4.91989954e+02,-4.75212051e+02,-1.82122391e+01,-1.30211780e+02,-3.65133595e+02,1.44883783e+02,2.05853656e+02,7.66338178e+01,-1.39048772e+01,-3.34535715e+02,1.59881965e+02,-1.54338998e+01,-2.16583755e+02,-1.86892404e+02,1.70330471e+02,-4.27563640e+01,-3.16574796e+02,-9.20523137e+02,7.91270522e+01,2.01821193e+02,-4.04498703e+02,-1.94924037e+02,7.12815889e+02,6.31862351e+01,3.04981727e+02,5.64829281e+01,3.19303773e+02,4.44553772e+01,-3.40825163e+02,-3.35932480e+01,7.17140511e+01,2.40852124e+02,6.93697263e+02,4.25802115e+02,1.83514279e+01,1.48091712e+02,5.22006724e+02,2.26613849e+02,-6.27831981e+02,-2.31860247e+02,1.16386624e+02,7.39863776e+01,2.28303705e+02,-4.54715743e+02,1.09456994e+02,3.47649568e+02,4.27099184e+02,-3.87682144e+02,-4.47945909e+01,-1.99288753e+01,-1.17886531e+02,-2.87403136e+02,-1.70884874e+02,-2.84427328e+01,6.93942660e+01,3.57797863e+02,-2.69149191e+02,6.92473364e+02,3.07893541e+02,2.18234426e+02,2.87852249e+02,2.62836157e+02,2.84116058e+02,4.67777142e+02,-3.82878320e+02,5.47250489e+02,-9.63496039e+02,2.69156175e+02,-9.40781766e+02,7.29309706e+02,6.29284595e+02,-1.00428214e+02,-4.25767832e+02,-3.65798990e+02,-4.98556194e+02,-5.36537070e+02,4.97507746e+02,3.71708742e+02,2.09476574e+02,2.75012070e+02,3.52297956e+02,-3.33048053e+02,-1.74575261e+02,4.96485807e+02,-1.07547093e+02,4.58288917e+02,6.32977775e+02,-3.73247629e+01,-6.23728335e+02,1.20414577e+01,-1.14696043e+01,-8.50626588e+01,6.89748193e+00,-5.81049558e+02,-1.59559428e+02,5.14708081e+01,7.70067087e+01,4.19194998e+02,-3.46445894e+02,5.29992386e+02,-3.50239800e+02,1.92382066e+02,3.37376083e+02]
bee_TS =[-5.09515859e+02,-4.01391554e+01,-1.17833333e+02,3.93561256e+02,-1.85936827e+02,-1.62843553e+02,-3.47932546e+02,-7.75127256e+02,-3.70282877e+02,-4.13914454e+02,-3.38004224e+02,4.01871150e+01,1.28866963e+01,2.56025093e+01,2.72641584e+01,4.10032390e+02,-1.80898170e+02,-1.59421602e+02,1.52821820e+02,-9.67074407e+02,5.08425460e+02,-2.31707286e+02,-4.43474956e+01,-1.04445563e+02,-4.87126660e+01,-5.07087381e+01,7.51912385e+02,-1.85489456e+02,-7.20445341e+01,-4.57654926e+02,6.71953702e+02,-1.18154327e+02,-3.39117428e+02,2.08122138e+02,-3.67140343e+01,1.70343792e+02,-2.70468351e+01,6.14625432e+01,2.38474522e+02,-8.85225944e+02,4.71242477e+02,1.11770801e+02,-5.07959193e+01,-2.93486057e+02,9.79882876e+01,-1.56830914e+02,3.81787343e+02,3.21396534e+02,-2.38685924e+02,-2.54453058e+02,-2.59747932e+02,-2.95007434e+02,1.00127806e+02,-4.32574024e+02,1.19193649e+02,5.21760554e+02,5.95443639e+02,3.02050985e+02,1.40192691e+02,2.38954310e+02,7.80013518e+02,1.82554691e+02,-4.79172535e+02,-1.07630201e+02,-2.05175632e+02,5.31145246e+02,-6.51286025e+02,-5.44433499e+02,-2.35939988e+02,-8.57726897e+01,-3.80840301e+02,2.33036084e+02,8.37848682e+01,1.14085379e+02,-3.35269944e+02,-3.02851870e+02,-4.90259012e+02,3.25192555e+02,-2.84343984e+02,2.29337686e+02,-5.74355939e+01,-2.54943515e+02,-5.05643190e+02,-1.50722485e+02,-9.85789000e+01,-1.38218873e+02,3.42512010e+02,6.15903456e+02,-3.67385688e+02,-6.95907343e+02,-1.72756128e+02,9.63311952e+02,-4.96369956e+02,2.87771966e+02,-9.21477948e+01,-5.40178705e+02,2.09777202e+02,3.31352219e+02,-1.52013996e+02,3.05796567e+02,-2.32660588e+02,-4.46697112e+02,7.74749902e+02,4.03873831e+02,2.68846539e+02,1.27248571e+02,2.13163389e+02,7.08171103e+02,-2.16491640e+02,5.00320463e+01,-1.20121124e+03,1.60092734e+02,-5.92593631e+02,1.25758600e+02,1.87503367e+02,-2.96872941e+02,-4.64844635e+02,5.38610751e+01,-2.55321723e+02,3.09143098e+02,-4.41038698e+02,-2.32375576e+01,-3.08698720e+02,-3.63657110e+01,-2.72999013e+01,1.47036689e+02,1.07846140e+01,-5.19313375e+01,5.25790877e+02,7.92544653e+02,4.15295183e+02,6.77080557e+02,-1.03788730e+02,1.16923115e+02,4.76240222e+02,-7.71690160e+01,-6.62923858e+02,-3.25512931e+02,-4.35337657e+02,-2.49196092e+02,2.43004525e+02,-1.02353100e+03,-1.66359601e+02,3.73352622e+02,-3.17000975e+02,-3.18224396e+02,4.70855164e+02,3.82286529e+02,-2.99624228e+02,1.68980582e+02,-2.13236052e+02,3.02154346e+02,3.45962723e+01,1.32791051e+02,-7.53308606e+02,-4.21266628e+02,-6.69143664e+01,2.81251311e+00,-3.36146721e+02,9.25995374e+02,-1.91988193e+02,-2.91071163e+02,3.26606512e+02,-4.16406404e+02,-2.83825260e+02,2.66009454e+02,9.60878507e+01,1.12826738e+02,1.05321459e+02,-9.77746581e+01,1.67892474e+02,5.05805498e+02,-2.56360081e+02,1.50598234e+02,7.89363953e+02,2.90388726e+02,-7.53261400e+01,-1.66342071e+02,1.33599686e+03,-1.53122190e+02,3.07007091e+02,1.89007063e+02,2.98353809e+02,7.72012428e+02,4.32874291e+02,-2.57064318e+01,1.96672867e+02,4.10540863e+02,3.36922111e+02,-4.82822503e+02,8.11646209e+02,-7.22829738e+02,-1.52883787e+02,4.99033598e+02,7.34120761e+01,5.99045428e+01,2.71808254e+02,2.11814864e+02,3.10619913e+02,-5.54414988e+02,4.36447086e+01,-2.37205852e+02,-9.41189425e+01,-2.91338012e+01,-7.74731008e+01,-4.80108305e+01,7.10798851e+02,-7.35758587e+01,-2.40359999e+02,-1.96065936e+01,1.01701993e+02,-5.11257556e+02,-3.88886900e+02,-3.16385040e+02,-5.47241929e+02,-1.43212545e+02,-3.61337466e+02,1.68174010e+02,-9.83229359e+00,-9.24745072e+01,-7.43297261e+01,5.65592195e+01,-1.73708898e+02,5.81022834e+02,-7.13340100e+02,-1.39824001e+02,-1.36418906e+02,1.46049653e+02,1.60229032e+02,-4.01857836e+02,-1.58661490e+02,3.63251244e+02,-1.93639366e+02,1.37174604e+02,3.20522884e+02,-3.64423621e+01,9.81494235e+02,-1.78150370e+02,-2.79701441e+02,5.57242986e+01,-1.97101116e+02,4.61856040e+02,-3.13466727e+02,7.43813536e+01,5.42834232e+02,-1.13829726e+02,1.04339230e+03,1.11412793e+03,-5.70038659e+02,5.04326284e+02,1.45895646e+02,-4.64488609e+02,1.52951834e+02,3.15318688e+02,3.30685897e+02,2.07635340e+01,1.02700463e+02,6.17833910e+02,-2.00309018e+02,1.40990874e+02,6.60886986e+02,-3.24429654e+02,-1.30112641e+02,4.52591378e+02,2.33079477e+02,6.62556081e+02,2.23540130e+02,5.92053163e+01,2.28131207e+02,3.37478448e+02,-4.20306561e+02,2.99349849e+01,1.59644715e+02,1.06552469e+02,1.90454812e+02,-5.09203035e+02,2.97695022e+02,-3.86212375e+02,-2.74176686e+02,1.52315772e+02,-1.22426527e+02,4.76163393e+02,-2.09731850e+02,2.51972634e+02,2.83503553e+02,6.91431626e+02,4.81320898e+02,4.11716678e+02,-7.64996420e+01,-5.92471709e+01,-2.74536800e+02,6.65379834e+02,6.82831019e+02,3.24407151e+02,-1.99996724e+02,4.36786687e+02,-7.77518012e+01,1.83929419e+02,5.40555947e+02,6.53804038e+00,-6.74261025e+01,-2.15011276e+02,-4.61542469e+02,8.40885774e+02,3.91834917e+02,-4.85923574e+02,-1.34416326e+02,2.41867356e+02,-9.17042843e+01,5.40683759e+02,1.06451842e+02,6.91145283e+02,2.68471059e+02,-2.46159484e+02,2.14715059e+02,-3.71254900e+01,-2.75688188e+02,1.45588348e+02,1.62881762e+02,7.87514403e+02,6.92881126e+02,4.56545728e+02,6.04728033e+02,6.26966282e+01,-2.37433126e+02,1.35393293e+02,-2.88643173e+02,-4.39032889e+02,-5.02049629e+02,-2.37060457e+02,-9.34296857e+02,-2.69766509e+02,-7.40087294e+02,1.85714528e+02,-3.99104669e+02,3.55383013e+02,-8.29032040e+02,-2.80146899e+02,4.27953603e+02,1.94729987e+02,-7.46846454e+02,5.37934278e+02,-2.09768919e+02,4.52085031e+02,-2.23098625e+02,-6.83433718e+02,1.06195264e+02,-5.51776376e+02,-1.15891188e+02,2.37023976e+00,3.68242232e+02,1.08383654e+03,-3.93861958e+02,-3.03613188e+02,-3.02208085e+00,-1.20758407e+02,-7.02764218e+02,-4.82381034e+02,4.29189411e+02,-2.19692969e+02,1.46014716e+02,-4.21977836e+02,-1.29481755e+02,-3.47793394e+02,4.63570942e+02,1.32855990e+02,-1.94121527e+02,-1.16357977e+02,8.74638575e+01,-7.26209920e+01,3.76510992e+02,-2.17358476e+02,4.46359779e+01,2.96690951e+02,1.51636857e+02,-1.51499128e+02,1.33991630e+03,4.69296596e+02,2.99165764e+01,9.14675256e+01,-5.33695588e+02,2.67955172e+02,-6.48664127e+02,-2.22843210e+02,-4.76206690e+02,-1.65181649e+02,4.80848009e+02,-4.88338223e+02,1.57644975e+02,-2.37563350e+01,2.81647756e+01,-3.21993568e+02,-3.86764036e+02,-3.13578564e+00,-3.69632423e+02,-1.91865700e+02,-3.54027633e+02,-8.99260545e+01,-3.10055365e+02,-4.44192590e+02,1.94588385e+02,-1.49527469e+02,1.83134270e+02,8.76263652e+01,-6.35810963e+02,-4.73701018e+02,-3.44107569e+02,3.08188929e+02,-9.07009678e+00,-5.47192693e+02,5.02691479e+02,-3.44132571e+02,4.73436816e+02,-2.60236525e+02,-4.20822891e+02,2.29927616e+02,-5.86753498e+02,-3.34795746e+02,5.51592350e+02,1.56249516e+02,-3.49787986e+02,4.53487754e+02,-1.47984460e+02,-3.25754098e+02,-2.64774784e+02,-4.20069410e+02,2.05321747e+02,-7.84756748e+02,-7.19751198e+02,-8.32554371e+01,-2.60780225e+02,-4.76740540e+02,6.23597780e+02,1.14241985e+03,-2.85103715e+02,-2.79018992e+01,-5.45558964e+02,5.71269810e+02,1.60296623e+02,-1.69123921e+02,-3.33480722e+02,1.46006031e+02,-5.26192502e+02,-1.73385120e+02,-7.67828901e+02,3.02284043e+02,1.13719992e+02,4.47304285e+00,-5.96412542e+01,-2.95610589e+02,-7.71612186e+01,1.10369314e+03,-1.66399934e+02,-3.99202582e+02,-5.86470157e+02,1.12460627e+02,-3.10534670e+02,7.64161444e+01,2.52462357e+02,5.80375373e+01,2.44025162e+02,1.04151174e+02,5.15797176e+02,2.66331103e+02,-2.92896742e+02,3.66069171e+02,3.00533857e+02,9.66448185e+01,3.86298046e+02,-2.12583124e+02,6.29136764e+02,1.60564967e+02,-2.60672144e+02,-4.99230961e+01,-1.65094121e+02,2.07712576e+02,-2.27997691e+02,-2.60402968e+01,-9.33501291e+01,7.17753141e+02,4.63460067e+02,-5.84304660e+02,-3.61829444e+01,-4.67011370e+02,-1.52002306e+02,-1.96533326e+02,6.40821948e+01,-1.27068625e+01,-2.24187840e+02,1.09575189e+02,-6.02164882e+01,-9.10962081e+01,7.50625307e+02,1.56321477e+02,-7.01037475e+02,-3.82887724e+02,7.99001191e+02,2.36856512e+02,-7.41267464e+01,9.20123057e+02,-1.60485696e+02,-9.79382748e+01,-5.09323899e+01,1.16739449e+02,2.46203650e+02,3.54110493e+01,2.32435820e+02,-1.37147293e+02,-2.69243883e+02,-3.73671608e+02,-4.14590451e+02,3.87995123e+02,1.09907328e+02,3.26993605e+02,1.19642544e+02,7.66007876e+02,1.52280737e+02,-7.07700181e+02,-2.96925843e+02,8.53949716e+01,-2.40491326e+02,5.37260997e+02,-1.08519757e+02,1.58958624e+02,4.31645500e+02,-6.35505996e+02,1.28540530e+03,1.67715537e+02,2.06341259e+02,3.03330827e+02,6.96124162e+01,-6.44492170e+00,3.11892643e+02,-3.06925677e+02,7.07034474e+02,6.09994387e+02,-3.57885485e+02,1.29369741e+02,6.00798552e+02,-1.87462272e+02,1.38017657e+02,3.69026235e+02,3.68979397e+02,-6.77600462e+02,-1.19510586e+02,-3.02830870e+02,-2.65857962e+01,-3.65361616e+01,-2.24703800e+01,-1.41009859e+02,-2.54105297e+02,7.18800576e+01,8.79708155e+01,4.62486435e+02,-3.63897758e+02,3.34540777e+02,3.86959054e+02,-1.43872525e+02,7.64821263e+02,-5.90512665e+02,-9.10186872e+02,-5.74686693e+01,-7.21912324e+01,4.91491826e-01,6.80899220e+02,-6.28722584e+01,3.51657712e+02,4.13829683e+02,3.28340044e+02,-9.10538480e+01,5.46264290e+02,-1.37820401e+02,-2.79826518e+02,-3.99383133e+02,4.72047722e+01,3.32329180e+02,-4.32942140e+01,3.30846217e+02,-2.57070175e+01,5.52261009e+02,1.72075964e+02,7.67539317e+01,-4.75472501e+01,2.92567221e+02,3.26552678e+02,1.71918861e+02,-7.23294582e+00,-4.63481877e+02,2.59560191e+02,1.70598462e+02,3.18798245e+02,2.67737856e+02,3.05776242e+02,-5.18940557e+01,2.34156256e+02,-2.13065132e+02,-9.25310760e+00,-4.79870251e+02,-2.69321897e+02,3.38226984e+02,-7.81441485e+02,2.53497289e+02,1.46476178e+02,7.14282307e+02,-2.24651271e+02,2.63211079e+02,-1.01000342e+02,-4.17420315e+02,-6.21275012e+02,-7.04519403e+01,-7.58568846e+02,1.38636926e+02,-1.78445219e+02,2.58665286e+02,1.76318155e+02,-2.20663683e+02,-2.16267555e+02,3.33599991e+02,-5.16709567e+02,-1.05057264e+02,-1.78960244e+02,2.02394932e+02,-4.54116556e+01,4.96161534e+01,-1.85689399e+02,4.90229051e+02,-4.10865374e+02,8.30151748e+01,5.17615500e+02,-2.95446496e+02,1.58272240e+01,-3.22783036e+01,-5.91313149e+02,-4.00237224e+02,-6.87135418e+01,2.27625756e+02,2.77323149e+02,4.20093404e+01,-7.00097839e+01,1.90075217e+02,-3.88991209e+02,2.01561289e+00,-4.34332933e+02,-2.36876082e+02,4.05454158e+02,-2.53553335e+02,5.53176271e+02,-1.83466890e+02,3.03387686e+02,2.20174625e+02,-5.36697730e+02,-2.45892498e+02,7.38397601e+01,-3.43274282e+02,-3.02125055e+02,-7.47496731e+02,-4.80118439e+02,-4.50249284e+02,-3.70859836e+02,1.93116662e+01,1.14291222e+02,9.28080229e+00,1.80436241e+02,-4.91358076e+02,1.24500838e+02,1.79517186e+02,-5.73198374e+02,-5.54980916e+02,-3.54021170e+02,-2.00881119e+02,1.68053535e+02,7.35049132e+00,-3.83176832e+02,3.06598112e+02,-1.72430593e+02,4.31290061e+02,-7.69150725e+02,5.19912746e+02,-3.23212493e+01,-3.15993986e+02,-2.25690118e+02,2.76922081e+01,3.66449551e+02,-6.49461773e+02,-1.21532357e+02,-1.76418283e+02,4.22126923e+02,7.23552927e+02,-8.36865797e+02,8.05632941e+02,3.93063132e+02,-6.43425364e+02,-3.03429063e+02,6.57148585e+02,5.21189455e+02,-1.54597885e+02,-3.16113554e+01,9.05708043e+01,6.10862461e+02,-4.55023022e+02,1.40324966e+02,-6.53063791e+01,2.62514565e+02,-6.37303299e+02,-6.49057780e+01,-2.89718119e+02,4.07639491e+02,3.68136567e+02,-7.38796868e+02,-4.26934169e+02,-1.96083096e+02,-3.35155254e+02,-1.25940048e+02,-1.99113976e+02,3.69684741e+02,3.58544977e+02,-5.04842661e+01,-3.97476941e+02,-7.20373862e+02,3.75400502e+02,-4.37674160e+02,-2.71215992e+02,4.16928764e+01,-2.97102079e+02,-3.59198901e+02,-2.22805418e+02,-3.64001418e+02,-2.31594986e+02,-4.39236873e+02,5.02082854e+02,5.56877229e+02,-2.95721293e+01,-2.06131753e+02,-1.34070878e+01,3.66827891e+02,-7.60400772e+02,-1.79697524e+02,4.31756693e+02,5.79247541e+02,-1.59102277e+02,9.77742844e+01,4.72312023e+02,1.34703623e+02,-5.72270982e+01,-3.81623822e+02,1.94954687e+02,-3.09754843e+02,-1.37619421e+02,-1.67090188e+02,-1.61565172e+02,1.71985131e+02,6.74393272e+02,6.22310585e+00,3.55553742e+01,-7.82613415e+02,-1.50196077e+02,-3.27218749e+02,3.99590808e+01,-3.64774349e+02,6.79132988e+02,7.03221383e+02,1.27479882e+02,-1.29474791e+02,1.25342834e+02,2.19415188e+02,-4.12934812e+02,-6.66179951e+01,1.20651837e+02,1.20086676e+02,4.90007168e+02,3.89234429e+02,-1.80114409e+02,2.45294240e+02,-8.35321927e+02,-3.70535014e+01,7.37455800e+02,8.39220638e+01,-6.35674570e+00,2.87118353e+02,-2.50745564e+02,8.02242724e+02,-1.06919426e+02,7.35419900e+02,3.21266687e+02,-3.32220488e+02,2.65050685e+02,-2.67190196e+02,-5.95484627e+02,-3.51803271e+01,-4.90287349e+02,-4.62170368e+02,-4.60281371e+01,2.78665092e+02,-5.00246861e+01,-2.91651485e+02,6.54222337e+01,-6.30402969e+02,-7.97790502e+01,-7.17978710e+02,4.51588266e+02,-1.19580341e+01,-4.44050191e+02,-1.64483007e+02,1.50325676e+02,-2.79024917e+02,-4.08707732e+02,7.80892558e+02,-1.94487519e+02,-3.85018415e+02,2.18502177e+02,-1.03480243e+02,4.44902467e+02,-1.41041211e+01,7.53191094e+01,8.84662088e+02,-1.55099482e+02,-3.03498174e+02,-3.24290008e+02,-4.61440355e+02,-2.86671264e+02,2.46480993e+02,1.82690891e+02,1.84797068e+02,6.50552423e+02,2.04640246e+01,1.45618695e+02,-5.76070819e+02,2.11870787e+01,-2.02549905e+02,-2.31995846e+02,1.49278373e+01,3.05113031e+02,3.33207215e+02,6.58028598e+00,8.16215977e+01,2.56390440e+02,3.25063048e+02,-2.09205360e+02,-1.14209089e+02,1.47896290e+01,-2.03915347e+02,-6.81856823e+01,-2.36547311e+02,6.58786054e+02,5.65351513e+02,-1.11168488e+02,1.05357487e+02,-2.11342363e+01,-2.07474343e+02,2.91020862e+02,-7.71559687e+01,3.39300959e+02,-4.68271216e+02,1.64498697e+02,-9.63784192e+01,-4.75226575e+02,-2.20378396e+02,2.38133023e+02,-7.46866403e+02,3.67729893e+02,4.28798997e+02,-6.27703233e+01,-4.47754441e+01,-2.82470910e+01,2.12512163e+02,-2.87146814e+02,3.17024976e+02,2.47368901e+02,-9.10032439e+02,-2.88115611e+02,1.97513791e+02,-8.02210698e+01,3.34078477e+02,-5.36197970e+02,-5.09054563e+00,-3.62072314e+02,-1.07768990e+03,6.54465753e+02,-5.17797034e+02,-5.02609191e+02,7.71878357e+01,1.11599502e+03,6.19481958e-01,-1.88683147e+02,-1.82686711e+01,-6.17245002e+01,-7.71724712e+02,-5.38866228e+02,6.79000502e+02,-4.55279586e+01,-3.44854200e+02,4.39069147e+02,-3.01082665e+02,3.44261707e+02,4.74409488e+02,-5.36396287e+02,-2.24291073e+02,-3.00319991e+02,-1.30715107e+02,-1.68689071e+02,-5.90671558e+01,1.19985655e+02,-2.92859635e+02,2.58580219e+02,5.20592405e+02,-1.39924337e+02,-1.55261660e+02,1.20380216e+02,4.99498129e+02,4.24665770e+02,3.22275245e+01,-1.51661624e+01,-4.72798720e+01,-4.43246177e+02,3.29402774e+02,-2.09091617e+02,1.72210205e+02,-1.37343298e+02,2.53317105e+02,1.52933719e+02,-6.86943081e+02,-2.42531125e+02,-6.88181447e+02,-2.83129796e+02,6.50188930e+01,-1.49994586e+02,2.61152114e+02,-2.51938696e+02,1.67665312e+01,9.13128631e+01,6.49251442e+02,3.26376790e+02,-2.35669524e+02,1.75265795e+01,9.70425997e+01,3.47855247e+02,-5.38373310e+00,4.41817845e+02,2.11821593e+02,7.77237648e+02,2.24191829e+01,5.95933690e+02,-2.27639093e+02,-3.35924724e+02,7.18380944e+01,6.43359673e+01,2.65158082e+02,-5.64752911e+01,-1.38592951e+02,2.26390147e+02,-3.99852815e+02,-4.52114193e+02,6.69658711e+02,-5.16895151e+01,-3.72884154e+02,-4.81722771e+00,-1.23206548e+02,3.05788201e+02,2.88558136e+02,-1.71076215e+02,9.54306394e+00,-2.36165137e+02,-2.84436992e+02,-2.48738388e+02,-8.34341382e+02,-2.96325100e+01,-5.62946373e+02,-4.80621383e+02,-3.44134713e+02,1.53090915e+02,-3.28784714e+02,1.90521263e+02,-4.93163489e+02,9.18580230e+00,-3.54865561e+02,6.52067146e+01,1.02658508e+02,2.53565324e+02,-1.72305250e+02,-1.28690379e+02,2.27460060e+02,5.24495201e+02,2.83777566e+02,6.80311305e+01,-5.95693571e+02,-1.21010186e+02,-2.69542898e+02,-5.29605029e+02,3.61223368e+02,-3.01814349e+02,-3.82068863e+01,-2.00438621e+02,-8.83666006e+02,4.35388411e+02,-1.45408690e+02,3.59428425e+02,-6.06044128e+02,5.71845647e+02,3.72378901e+01,-2.71464382e+02,4.11913064e+01,-2.04102895e+02,-5.95754546e+02,1.23520017e+02,2.45211763e+02,2.81917679e+01,-3.15305912e+02,-1.13789162e+02,1.41774279e+02,2.55386276e+02,5.59252901e+02,2.21666737e+02,-2.04927491e+02,7.70693268e+02,2.51133171e+02,3.41202419e+02,-1.47901857e+02,2.32118617e+02,1.51273793e+02,-5.37945591e+02,-1.64329681e+02,-3.43522410e+02,-2.73452367e+02,-9.06643119e+01,-1.52765304e+02,-3.24442861e+02,-9.90084694e+02,-2.65298713e+02,1.34426102e+02,8.75483501e+01,8.18043573e+01,4.31865397e+02,1.61157616e+02,2.79289956e+02,-3.68340049e+02,4.02825083e+02,-4.28790745e+02,-6.67059234e+02,1.67259816e+02,-3.51927944e+02,-3.65313550e+02,-1.37451228e+03,-1.03897563e+02,6.97334084e+02,4.05988031e+02,-8.90151030e+01,-1.03729573e+02,2.58346360e+02,5.93276269e+02,-3.52172397e+02,-8.35913863e+01,-2.77058944e+02,-3.13332382e+02,-2.96831091e+02,1.38368333e+02,6.24888788e+02,-5.73138118e+02,-4.62057439e+02,2.14456458e+01,-7.53170897e+01,-1.23662366e+02,-8.11450420e+02,4.93876187e+02,2.19246595e+02,7.79421396e+01,4.22633971e+02,-2.64663941e+02,2.58809659e+02,2.35436053e+02,4.61763080e+01,-4.09463602e+01,1.06755833e+02,-1.40949570e+02,4.10221431e+02,-3.80029057e+02,3.66561255e+02,8.11689018e+01,9.78849303e+01,2.05954270e+02,-7.50371036e+02,5.61859555e+01,-5.58213533e+02,-4.40559564e+02,-4.27817025e+02,-3.92885263e+02,1.19796724e+01,1.13811089e+02,4.20772149e+02,8.42619877e+01,1.19992943e+02,-6.20053222e+02,-2.18462436e+02,2.86994920e+02,1.18444183e+01,1.61166912e+01,-7.10445700e+01,3.19460877e+02,-7.94944610e+02,9.18262232e+01,2.06145153e+02,3.96081617e+02,3.38583537e+02,-4.94997423e+02,6.66627076e+01,3.72785334e+01,3.81539501e+01,1.71025695e+01,-1.69344837e+02,-2.74443345e+02,1.37701363e+02,5.45520277e+02,-7.76647685e+01,8.33942121e+01,1.54734707e+02,-2.15872272e+02,-2.14280295e+02,-1.00714432e+03,-3.34178779e+02,-4.41891458e+02,-6.60888986e+01,-5.53175819e+02,6.54308164e+02,-2.57237946e+02,-4.59989042e+02,-1.36308546e+03,5.70508052e+02,1.19292592e+02,-1.25471999e+01,-5.34846585e+02,9.11688563e+01,-1.51230128e+02,-2.83776419e+02,1.02017287e+02,2.79226086e+02,6.88397061e+01,-1.50259153e+02,-2.85094415e+01,7.19344148e+00,1.67333621e+02,-5.30086223e+02,6.08663459e+02,-3.64779724e+02,-2.35974278e+02,-3.65871276e+02,-8.45314119e+02,8.25229229e+01,-4.16226988e+02,-1.91748131e+02,2.96699152e+02,-2.09537313e+02,4.55814591e+00,-8.57124873e+01,-2.23017971e+02,1.44291460e+01,4.62019809e+02,-4.52095404e+02,8.00747098e+02,-1.72136040e+02,2.95708821e+02,-6.81227658e+01,1.29718482e+02,-1.02505256e+02,4.07448411e+02,5.44033078e+02,1.73162208e+02,4.75742064e+02,-3.38286723e+02,-2.85447526e+01,-1.98212016e+02,5.92836838e+02,5.01533769e+02,3.84396600e+02,-1.29453581e+02,-2.62426552e+02,2.33871116e+02,-2.24971674e+02,-1.19697038e+02,-6.31250935e+01,-2.26256988e+02,4.45833431e+02,-5.05272117e+01,3.43313430e+02,1.23155465e+02,1.48309161e+02,-2.97089356e+02,2.81115454e+02,-1.58286590e+02,-1.13421488e+02,-2.61475465e+01,-4.41998088e+02,6.67340628e+02,-2.45309226e+02,-3.57477310e+01,1.72691887e+02,1.48909660e+02,6.15205933e+02,-1.43340291e+02,6.66951048e+02,6.05069980e+02,-8.44113553e+02,7.56527656e+01,-1.77609790e+02,1.26581964e+02,7.50385549e+01,1.52538651e+02,5.24675352e+02,8.04649721e+02,-6.81116178e+02,6.66099695e+02,-8.02104820e+02,-6.68321318e+02,-1.06709602e+02,-9.74415236e+00,6.10296745e+02,3.36193231e+02,-1.59038410e+02,-8.04634381e+02,6.11260665e+02,-3.90640827e+02,-9.50781006e+00,-4.41868789e+01,1.07706377e+03,-2.45846775e+02,-9.15309199e+02,2.68362844e+02,-1.40523397e+03,9.68134147e+01,-3.09952029e+02,-1.57388880e+02,-2.37383158e+02,-5.09430432e+02,3.56242670e+02,-3.14359572e+02,-7.97252312e+01,-6.80353019e+02,-5.80887900e+01,-4.15840493e+02,-6.47188559e+02,-1.06337236e+03,8.81632948e+01,-2.80256330e+02,-6.82024080e+00,-1.17274654e+02,-6.88268885e+02,-5.48858380e+02,-4.59156724e+02,-4.63037311e+02,4.75921395e+02,8.08780810e+01,-4.15462800e+02,-1.59603502e+02,-1.94913282e+02,3.23024940e+02,-2.89596744e+02,-1.06733733e+02,-1.95796211e+02,-3.11727809e+02,-3.25515949e+02,3.32668565e+02,-1.51875854e+02,-7.90493426e+02,6.69749293e+02,4.08165546e+02,5.33598804e+01,-6.30193891e+02,-6.55913945e+02,9.38829646e+01,1.21385537e+01,-2.58746035e+02,-4.21972882e+02,3.08230350e+02,-6.83621264e+01,2.37059324e+02,4.29053684e+02,2.92554786e+02,3.05623106e+02,2.21379873e+02,-1.76623151e+02,-1.08860056e+02,-1.90927627e+02,-3.03243723e+02,-3.97138683e+02,-5.61881899e+02,-3.39514037e+02,-7.00866646e+01,-6.92036650e+02,-7.56462903e+01,2.82827442e+02,-6.20931528e+02,2.16374064e+02,1.88716371e+02,-6.11544668e+02,-4.93111895e+02,-1.35861058e+02,1.83565489e+02,-3.44595023e+02,6.08279320e+02,5.45280984e+02,-6.51504978e+02,4.39064316e+02,3.07672494e+02,6.61752430e+01,2.19174945e+02,-3.69880944e+02,-1.23635848e+02,4.70122825e+01,1.53606021e+02,3.92254041e+02,-4.39303412e+02,-3.72535500e+01,1.53591611e+02,-1.25150596e+01,-2.29088041e+02,1.71288421e+02,-2.31235219e+02,-1.74634712e+02,3.27605632e+01,-5.20093203e+02,3.13610344e+01,-2.03147965e+02,-1.09016200e+02,5.55422496e+00,-4.91772275e+02,4.88518530e+02,-2.32560533e+02,-1.11976697e+03,-7.32963560e+02,3.38059467e+02,-3.08123467e+02,-1.47849721e+02,-2.51978245e+02,-1.44311966e+02,-8.64785260e+02,-9.59838609e+01,-5.54195583e+02,-2.88784790e+02,2.22493762e+02,6.43650677e+02,-2.83096372e+00,-2.70350469e+01,5.04403372e+02,-4.38663587e+02,3.10195556e+02,8.00234253e+01,-3.61008572e+02,-1.56277666e+02,2.11869024e+02,1.59129645e+01,8.55791195e+01,9.90833235e+01,-2.03806736e+02,-2.41523211e+02,-4.56603791e+02,4.32619348e+02,-5.49160751e+02,-4.03790314e+02,8.29785748e+01,-7.72737613e+02,1.67017166e+02,5.41859747e+02,-4.15239735e+01,6.09905049e+01,-2.15480279e+02,-1.76924336e+02,8.86179385e+01,3.23912774e+02,-3.49530549e+02,2.66787832e+02,-9.56527810e+01,-3.39681214e+01,2.32640956e+02,1.65168020e+02,-7.79978941e+01,-3.66522545e+00,2.09642467e+02,2.42613258e+02,-6.20652805e+02,5.71795738e+01,4.66052994e+02,-8.39997121e+02,2.80538490e+02,-1.03090905e+03,-7.98956625e+01,-1.28553148e+02,-7.31988497e+01,-7.78295766e+01,-2.23478217e+02,-3.20368375e+01,1.42340596e+02,-2.08818416e+02,1.21427794e+02,7.50306984e+02,-5.54937999e+02,-2.30596798e+02,3.16300424e+02,2.14192325e+02,3.57690404e+02,1.41709426e+02,2.44033416e+02,-1.61079141e+02,-4.22742146e+02,-3.67205522e+02,-1.79880501e+02,6.21499489e+00,-3.62933341e+02,-1.31454511e+02,5.76936105e+01,1.99979620e+02,-8.63984719e+01,4.85879324e+02,-4.38836008e+02,-4.54807583e+01,-2.37928388e+01,2.40812895e+02,-3.51800366e+02,-2.21075347e+02,2.35892272e+02,4.31226388e+02,6.03213397e+02,3.03031012e+02,3.56609576e+02,-2.56537059e+02,5.40128992e+02,5.81460769e+02,-5.49606559e+01,3.39648679e+02,3.28311790e+02,-2.19242292e+02,1.50271771e+01,5.29718716e+02,-2.39640208e+02,-1.06866268e+02,-5.22660475e+02,2.31996900e+02,-6.59307844e+01,1.52175268e+02,8.21141849e+01,-3.59542924e+02,3.96412674e+02,3.51337425e+02,-2.05626670e+02,1.58803947e+02,-4.96112988e+02,-4.46226770e+02,2.01862412e+02,-5.95263149e+02,-2.33591777e+02,8.23011454e+01,6.97427922e+02,-2.09945026e+02,-9.03113313e+01,-1.26799897e+02,9.89532162e+02,1.22561815e+02,-3.74428823e+02,5.90581457e+02,5.43274700e+02,2.59541311e+02,6.30188562e+02,6.98162427e+02,-9.02660608e+01,-2.58417444e+02,-2.79633873e+02,2.31884760e+02,3.26745097e+02,-4.25091525e+01,-1.78174781e+02,-5.30687955e+02,-2.59315967e+02,-3.81958348e+02,2.54784666e+02,1.30266988e+02,5.39232881e+02,4.94621874e+01,-2.16702588e+02,-6.80811621e+01,3.44938513e+02,1.13005918e+02,4.39900918e+02,4.95185816e+02,-1.19135011e+02,-7.77223415e+01,-8.32568103e+02,4.59586195e+02,-4.62943599e+01,4.33534820e+02,-1.58300902e+02,-5.02584338e+02,1.70624189e+02,5.96422511e+02,-2.11259740e+02,5.88282922e+02,-6.22006327e+02,-1.93686519e+02,-6.73822768e+02,1.89973840e+02,9.87407388e+01,7.55358723e+00,-5.15602571e+02,7.55495249e+02,4.53323240e+02,7.06676663e+01,-3.95052164e+02,1.87653452e+02,-2.34136112e+02,-7.58198633e+01,-1.88071715e+02,1.79065756e+02,-8.73131793e+01,-1.75377731e+02,1.64851363e+02,2.25680959e+02,-7.32068113e+02,1.67772889e+02,5.75956733e+02,3.60321020e+02,-1.13122632e+02,2.91708446e+01,-3.07666270e+02,5.05968795e+02,1.50379107e+02,-5.76987015e+01,-5.97339279e+01,9.35114712e+02,6.61790551e+00,2.65016161e+02,6.20868350e+02,8.36612886e+02,5.48017539e+02,3.63529391e+02,-5.45198855e+02,-3.72071777e+02,2.96549000e+02,1.44070175e+01,2.77255911e+02,1.58278312e+02,5.03650084e+02,-6.64049795e+02,-4.20455622e+02,-5.52778667e+01,-7.41804591e+02,1.67633898e+02,3.37689167e+02,1.19512191e+02,-1.95069557e+02,2.02660282e+02,1.21888483e+03,2.22339782e+02,1.30143126e+02,-4.19877622e+02,-5.66592524e+02,-1.34219621e+02,2.66410608e+02,-4.48307771e+01,1.79741022e+02,3.01528488e+02,-5.12870916e+02,2.12292700e+02,4.48795915e+02,5.01752637e+02,-4.82918399e+01,1.01339396e+01,-7.95697103e+01,-4.32273228e+02,-5.71110829e+02,7.14700387e+02,-5.78342126e+01,-5.06725373e+02,1.92553127e+01,-1.96275948e+02,7.82694888e+02,-2.04801097e+02,-2.95731177e+02,2.68017719e+02,-1.24908784e+02,3.71255465e+02,-4.72848427e+01,8.61532403e+02,4.31416791e+02,-1.00904551e+01,-3.09083263e+02,2.12239303e+02,-4.74889791e+02,-9.96198189e+01,5.21282008e+02,-2.40254648e+02,-4.04014836e+02,-1.90732175e+02,4.44897135e+02,1.24859983e+02,-7.11249823e+02,2.62388511e+02,1.27644785e+02,5.93023739e+01,-4.38287409e+02,1.47087658e+01,3.00441891e+02,4.37167635e+02,5.48733831e+02,2.23503707e+02,3.52845109e+01,-4.35458046e+02,-4.09877848e+02,-6.36975817e+02,-7.90608821e+01,2.70767008e+02,-2.09819752e+01,4.59285253e+02,-2.71649371e+02,1.57255997e+02,-1.03238579e+02,-2.55082760e+02,5.06993312e+02,6.52860965e+01,5.25851182e+02,2.54200103e+01,2.13242828e+02,-1.70673679e+02,5.36157683e+02,-1.03462417e+02,-3.38141625e+00,-6.70123387e+02,-9.24273443e+01,6.23558982e+02,5.70468236e+02,2.26240730e+02,-1.29483994e+02,3.30314114e+01,-1.52059648e+02,-5.00259400e+01,7.71188496e+02,1.58130704e+01,-2.03333954e+02,-9.45818095e+02,-4.64223305e+02,-3.22366856e+02,-5.74678276e+02,-4.81479378e+02,-6.08998459e+02,-3.97703180e+02,-3.25773794e+02,-4.11849168e+02,4.08696081e+02,-2.17661801e+02,-8.30023415e+02,3.42254838e+02,-2.47665905e+02,-7.04121186e+02,8.31992705e+02,-2.06623783e+02,1.69167167e+02,3.49516738e+02,8.53192998e+00,2.23744930e+02,7.59641995e+00,-1.24426676e+01,-1.17282646e+02,-6.21337984e+02,9.12436645e+01,-1.11734871e+03,5.60973981e+02,-3.75740524e+02,-1.19499661e+02,-1.52957626e+02,8.97500417e+01,-1.61479806e+02,2.45943546e+02,-4.61919987e+02,3.24759663e+02,3.35632832e+02,1.32667917e+02,8.44703924e+01,1.70677053e+02,6.38868257e+01,2.59488184e+02,-8.11666973e+01,-5.38145562e+02,8.40058126e+01,-1.98080208e+02,-3.87439738e+01,4.28176200e+02,-6.95704624e+02,8.37569662e+00,1.17933831e+01,7.42485805e+01,2.84966747e+02,-1.18247790e+02,7.21909517e+02,4.14834104e+02,-1.50453373e+02,-9.08978865e+01,1.68205039e+01,6.69013932e+02,-4.78376535e+02,-8.94003841e+02,2.48341365e+02,-1.04544872e+02,-1.08594169e+02,1.44615404e+02,6.71837972e+02,4.09239209e+02,-1.50924222e+02,-4.33662361e+02,-5.22147301e+01,2.52513993e+02,-1.13189601e+02,-6.39166099e+02,-2.48295800e+01,-7.98778166e+02,-4.19367690e+02,6.84050503e+02,-4.40524581e+02,-5.71651118e+02,-4.46792440e+02,-3.04130586e+02,2.87630412e+02,7.08794241e+02,-4.40210574e+01,2.36591134e+02,-1.54821798e+02,-5.99519036e+02,4.02164009e+02,-3.92279217e+02,2.43526876e+02,3.11234801e+02,-6.46638492e+01,3.54246302e+02,3.76592084e+02,9.25487922e+02,-1.27766475e+02,-3.97219159e+02,-5.48468513e+02,-1.30481065e+02,-2.23919716e+02,8.72288775e+02,-3.80809403e+02,8.77729560e+01,6.35407969e+01,-2.24722258e+02,-6.98314178e+02,-5.57699616e+01,8.41003934e+02,9.50663604e+01,6.10350654e+01,-4.61645805e+02,-5.21489849e+02,-8.49756969e+01,4.16593014e+02,-1.92819037e+02,9.16572660e+02,-3.77946958e+02,1.46448815e+02,-1.77927333e+02,-5.89646816e+02,2.67074232e+01,-4.40214536e+02,-6.41395487e+02,7.13068855e+01,2.02814361e+01,4.45324475e+02,1.81029982e+02,-2.91358065e+02,1.94571190e+02,-7.11210084e+02,-4.55269369e+02,7.80684432e+02,1.11793258e+02,-1.21580548e+02,-2.77830767e+02,-3.98853961e+01,-6.77026305e+01,7.32802646e+02,3.52632000e+02,-1.26389741e+02,-6.00106557e+01,-3.46961089e+02,-1.74934571e+02,-5.79258460e+02,4.12703667e+02,6.43290831e+01,1.18731697e+02,1.31269914e+02,-4.76983660e+01,-1.57990907e+02,-4.25367976e+00,-9.16394979e+02,-1.64051275e+02,-6.98489259e+01,-7.88664189e+01,4.72380820e+02,5.44581695e+02,1.39493170e+02,-8.25255428e+02,5.51571650e+02,-1.72392340e+02,-3.32653461e+02,-7.52406884e+02,-2.81011102e+02,5.08670886e+02,2.35645397e+02,6.03339960e+01,2.64855268e+02,-5.02472785e+02,-3.83209764e+02,4.76485394e+02,3.29325362e+02,4.45330767e+02,-1.70691422e+00,5.94247794e+01,4.77537816e+02,8.51987914e+02,-2.12298796e+02,3.25971395e+02,-1.46033548e+02,-3.62090560e+02,-2.95150134e+02,-2.64369841e+02,-1.29251897e+02,-4.40376535e+02,-2.01673870e+02,-1.20203644e+03,2.93698630e+02,1.68530093e+02,-3.18841366e+01,-3.57620318e+02,-1.93146635e+02,-4.64920722e+02,1.00993880e+02,7.10146251e+02,-1.78843184e+02,-1.41784668e+02,1.88986428e+02,-4.18119160e+02,7.48475563e+02,1.42995880e+02,1.59314566e+02,4.45386959e+02,1.50096078e+01,4.84336419e+02,1.42034680e+02,-7.37080982e+01,8.10050986e+01,-1.95798072e+01,5.99660907e+02,7.80327343e+01,1.28022307e+02,-7.77991483e+01,1.14731739e+02,-7.98351782e+02,-3.20736644e+02,-3.98421205e+02,4.42399227e+02,-2.52603680e+02,-5.55156440e+02,5.07314464e+02,-1.04002000e+02,3.76920342e+02,-7.88654828e+02,2.12970487e+02,6.59417352e+01,5.10784080e+01,-7.67337841e+01,-5.62480763e+01,4.25516233e+02,-1.80764364e+00,-4.26953100e+02,-1.38436607e+02,2.18161524e+02,-1.00767975e+03,-8.01350640e+02,1.29985268e+01,9.68932716e+01,-3.75413909e+02,-3.63181866e+01,9.36320868e+02,2.84011455e+02,-4.84337290e+02,8.12075151e+01,-7.75010518e+01,8.96814521e+01,-2.96225259e+02,1.60686626e+02,2.44844317e+02,-5.82634544e+01,9.71979989e+02,-9.17878903e+01,-2.77638372e+02,1.65423804e+02,3.57077350e+02,-3.05994403e+02,-2.54925345e+01,8.28380387e+02,-2.05954842e+01,5.09019009e+02,1.23612798e+02,-8.31178373e+01,-2.27331454e+02,4.91765817e+02,-4.75154988e+02,-1.81664447e+01,-1.30237637e+02,-3.65044128e+02,1.44838878e+02,2.05940455e+02,7.65077639e+01,-1.39328655e+01,-3.34528149e+02,1.59722756e+02,-1.54126078e+01,-2.16471163e+02,-1.86803998e+02,1.70173782e+02,-4.27660587e+01,-3.16549219e+02,-9.20416463e+02,7.91329286e+01,2.01674545e+02,-4.04537392e+02,-1.94934241e+02,7.12727163e+02,6.32848165e+01,3.05111102e+02,5.65454742e+01,3.19333772e+02,4.44709940e+01,-3.40767589e+02,-3.37866272e+01,7.16486684e+01,2.40880166e+02,6.93424763e+02,4.25674195e+02,1.83840837e+01,1.48117146e+02,5.21960324e+02,2.26602048e+02,-6.27622317e+02,-2.31776829e+02,1.16325190e+02,7.39895293e+01,2.28228303e+02,-4.54557523e+02,1.09272590e+02,3.47699785e+02,4.26938926e+02,-3.87565627e+02,-4.46424329e+01,-1.99426758e+01,-1.17929945e+02,-2.87163962e+02,-1.70737678e+02,-2.86271676e+01,6.94055158e+01,3.57735484e+02,-2.69069017e+02,6.92354203e+02,3.07808556e+02,2.18316801e+02,2.87909914e+02,2.62653265e+02,2.84201049e+02,4.67693497e+02,-3.82853943e+02,5.47146906e+02,-9.63406055e+02,2.69089298e+02,-9.40550132e+02,7.29090578e+02,6.29265656e+02,-1.00357312e+02,-4.25615489e+02,-3.65758774e+02,-4.98355366e+02,-5.36500841e+02,4.97440043e+02,3.71640260e+02,2.09430726e+02,2.74806562e+02,3.52322383e+02,-3.33001536e+02,-1.74448659e+02,4.96402271e+02,-1.07597061e+02,4.58239204e+02,6.32922122e+02,-3.73898739e+01,-6.23668196e+02,1.22192672e+01,-1.14474971e+01,-8.50634505e+01,6.84906490e+00,-5.80889653e+02,-1.59319769e+02,5.15882980e+01,7.71310129e+01,4.19158618e+02,-3.46419455e+02,5.29674859e+02,-3.50168671e+02,1.92481629e+02,3.37370451e+02]
