name = 'OC-O'
composition = {'H':0, 'C':1, 'N':0, 'O':2, 'Pt':1}
facet = ['Ni211'] 
IS_SPE =[-97.043535, 'eV']
IS_ZPE =[0.294, 'eV']
IS_frequencies=[50.3, 68.5, 75.2, 226.7, 263.6, 501.4, 646.6, 1149.9, 1765.2, 'cm-1']
TST_SPE=[-96.49803774, 'eV']
TST_ZPE=[0.249, 'eV']
TST_frequencies=[27.4, 119.1, 259.1, 347.3, 386.8, 394.6, 590.9, 1895.2, 'cm-1']
no_reactants=2
bee_IS = [-5.09294917e+02, -4.02014189e+01, -1.17840469e+02,  3.93907588e+02,    -1.86100315e+02, -1.62997916e+02, -3.47737341e+02, -7.75072021e+02,    -3.70569274e+02, -4.14665184e+02, -3.38227111e+02,  4.00366060e+01,     1.25896713e+01,  2.60684977e+01,  2.72313097e+01,  4.10118133e+02,    -1.81091788e+02, -1.59750949e+02,  1.52621532e+02, -9.67308737e+02,     5.08709822e+02, -2.32162870e+02, -4.44284160e+01, -1.04727176e+02,    -4.90011709e+01, -5.06541507e+01,  7.52087206e+02, -1.85418086e+02,    -7.19506297e+01, -4.57503658e+02,  6.72572485e+02, -1.18523753e+02,    -3.39190108e+02,  2.08350044e+02, -3.68883887e+01,  1.70063024e+02,    -2.72959781e+01,  6.17623004e+01,  2.38128722e+02, -8.85569180e+02,     4.71418427e+02,  1.11665808e+02, -5.05491078e+01, -2.93573464e+02,     9.79973965e+01, -1.56999747e+02,  3.81745528e+02,  3.21589492e+02,    -2.39159390e+02, -2.54390092e+02, -2.59842548e+02, -2.94882093e+02,     9.97098412e+01, -4.32583531e+02,  1.19150042e+02,  5.21675637e+02,     5.95344519e+02,  3.02369825e+02,  1.40152300e+02,  2.38747762e+02,     7.80265259e+02,  1.82871108e+02, -4.79420919e+02, -1.07762639e+02,    -2.05090263e+02,  5.31202932e+02, -6.51611065e+02, -5.44845536e+02,    -2.35870093e+02, -8.53359192e+01, -3.80937818e+02,  2.33077176e+02,     8.38091177e+01,  1.13965428e+02, -3.35506341e+02, -3.02921001e+02,    -4.90228612e+02,  3.25671525e+02, -2.84494879e+02,  2.29262062e+02,    -5.73868564e+01, -2.55120820e+02, -5.06139872e+02, -1.50846272e+02,    -9.84347112e+01, -1.38342131e+02,  3.42655694e+02,  6.15832147e+02,    -3.67248983e+02, -6.96099433e+02, -1.72801478e+02,  9.63779814e+02,    -4.96698133e+02,  2.87985407e+02, -9.19518531e+01, -5.40359662e+02,     2.09621851e+02,  3.31658503e+02, -1.52192220e+02,  3.06163340e+02,    -2.32861738e+02, -4.46369063e+02,  7.74545582e+02,  4.04004350e+02,     2.69402863e+02,  1.27244903e+02,  2.13145510e+02,  7.08246065e+02,    -2.16476801e+02,  5.01461537e+01, -1.20150007e+03,  1.60228690e+02,    -5.92843578e+02,  1.25924392e+02,  1.87530969e+02, -2.96735245e+02,    -4.65200325e+02,  5.41225667e+01, -2.55378088e+02,  3.08875901e+02,    -4.41325983e+02, -2.30512010e+01, -3.08630581e+02, -3.62968541e+01,    -2.78506969e+01,  1.46742157e+02,  1.09564153e+01, -5.19387145e+01,     5.25688628e+02,  7.92791867e+02,  4.15368869e+02,  6.77800558e+02,    -1.03800009e+02,  1.17180534e+02,  4.76522496e+02, -7.78742099e+01,    -6.63278740e+02, -3.25457957e+02, -4.35584545e+02, -2.49337020e+02,     2.43110231e+02, -1.02361539e+03, -1.66832054e+02,  3.73230959e+02,    -3.16894423e+02, -3.18959064e+02,  4.70604245e+02,  3.82264101e+02,    -3.00067484e+02,  1.68429399e+02, -2.13382716e+02,  3.02206934e+02,     3.43978492e+01,  1.32864167e+02, -7.53766116e+02, -4.21390614e+02,    -6.69377856e+01,  2.68650268e+00, -3.35976605e+02,  9.26108029e+02,    -1.92471118e+02, -2.91465603e+02,  3.26647982e+02, -4.16571824e+02,    -2.83568922e+02,  2.65858210e+02,  9.59892588e+01,  1.12728651e+02,     1.05124554e+02, -9.78144042e+01,  1.68300721e+02,  5.05802643e+02,    -2.56579782e+02,  1.50306908e+02,  7.89711841e+02,  2.90645731e+02,    -7.54516535e+01, -1.66363514e+02,  1.33619796e+03, -1.52872976e+02,     3.06996469e+02,  1.88692592e+02,  2.98731406e+02,  7.72080588e+02,     4.33079632e+02, -2.54850106e+01,  1.96621411e+02,  4.10560954e+02,     3.37119505e+02, -4.82742023e+02,  8.11860229e+02, -7.23110866e+02,    -1.53329708e+02,  4.99221755e+02,  7.30253837e+01,  5.98269200e+01,     2.72006070e+02,  2.12236915e+02,  3.10807499e+02, -5.54582058e+02,     4.37413584e+01, -2.37401328e+02, -9.43486839e+01, -2.91454189e+01,    -7.74379888e+01, -4.80445548e+01,  7.10936646e+02, -7.36102791e+01,    -2.40509782e+02, -1.96388925e+01,  1.01534285e+02, -5.11229409e+02,    -3.88596892e+02, -3.16428661e+02, -5.47551427e+02, -1.43150856e+02,    -3.61414184e+02,  1.68264962e+02, -1.00705741e+01, -9.23524051e+01,    -7.43608845e+01,  5.66652826e+01, -1.74081399e+02,  5.81258878e+02,    -7.13302989e+02, -1.39979282e+02, -1.36502953e+02,  1.46146873e+02,     1.60090829e+02, -4.01757695e+02, -1.58953674e+02,  3.63235976e+02,    -1.93862443e+02,  1.37327347e+02,  3.20810451e+02, -3.66361557e+01,     9.81743848e+02, -1.78580323e+02, -2.79791202e+02,  5.59574024e+01,    -1.97045911e+02,  4.61684793e+02, -3.13082115e+02,  7.41238272e+01,     5.43401760e+02, -1.13867469e+02,  1.04396850e+03,  1.11454146e+03,    -5.70208912e+02,  5.04551865e+02,  1.45539031e+02, -4.64484050e+02,     1.52952579e+02,  3.15130301e+02,  3.30340531e+02,  2.06865382e+01,     1.02458656e+02,  6.17895730e+02, -2.00345668e+02,  1.41350424e+02,     6.61367415e+02, -3.24473727e+02, -1.29789043e+02,  4.52506829e+02,     2.32962868e+02,  6.62597380e+02,  2.23282819e+02,  5.89255973e+01,     2.28022368e+02,  3.37502074e+02, -4.20270414e+02,  2.96706464e+01,     1.59432442e+02,  1.06658710e+02,  1.90439712e+02, -5.09312309e+02,     2.97939095e+02, -3.86424755e+02, -2.74276685e+02,  1.52289433e+02,    -1.22648457e+02,  4.76124157e+02, -2.10381334e+02,  2.52016135e+02,     2.83546216e+02,  6.91768889e+02,  4.81661748e+02,  4.11759983e+02,    -7.68101366e+01, -5.91477680e+01, -2.74738372e+02,  6.65372650e+02,     6.82834870e+02,  3.24376570e+02, -1.99879341e+02,  4.36917335e+02,    -7.80820088e+01,  1.84229047e+02,  5.40372062e+02,  6.71007204e+00,    -6.73246258e+01, -2.15367487e+02, -4.61444420e+02,  8.41376956e+02,     3.91683743e+02, -4.85762862e+02, -1.34313032e+02,  2.41966178e+02,    -9.17654052e+01,  5.40678324e+02,  1.06322923e+02,  6.91198032e+02,     2.68492946e+02, -2.46486543e+02,  2.15066019e+02, -3.69038979e+01,    -2.76017672e+02,  1.45695105e+02,  1.63115915e+02,  7.87760859e+02,     6.93201559e+02,  4.56492077e+02,  6.05087987e+02,  6.27904738e+01,    -2.37765193e+02,  1.35550431e+02, -2.88562362e+02, -4.38962328e+02,    -5.02247568e+02, -2.36766748e+02, -9.34526699e+02, -2.69626765e+02,    -7.40239986e+02,  1.85777733e+02, -3.99207558e+02,  3.55003799e+02,    -8.29083009e+02, -2.80510003e+02,  4.28477183e+02,  1.94848422e+02,    -7.46914983e+02,  5.38458485e+02, -2.09646042e+02,  4.51979081e+02,    -2.23042093e+02, -6.83648031e+02,  1.05800083e+02, -5.51625968e+02,    -1.16335203e+02,  2.51387666e+00,  3.68315962e+02,  1.08405063e+03,    -3.94118120e+02, -3.03503968e+02, -2.75218579e+00, -1.21069723e+02,    -7.02961226e+02, -4.82445693e+02,  4.29395021e+02, -2.20019166e+02,     1.45807772e+02, -4.21929843e+02, -1.29352328e+02, -3.47698093e+02,     4.63876785e+02,  1.33121179e+02, -1.94200091e+02, -1.16118441e+02,     8.73994691e+01, -7.25495372e+01,  3.76554727e+02, -2.17320284e+02,     4.44181542e+01,  2.96973307e+02,  1.51866846e+02, -1.51322259e+02,     1.34030944e+03,  4.69207132e+02,  2.96821562e+01,  9.14319512e+01,    -5.33905788e+02,  2.67806668e+02, -6.48686294e+02, -2.22533450e+02,    -4.76379720e+02, -1.65265933e+02,  4.80969879e+02, -4.88512634e+02,     1.57261111e+02, -2.38376276e+01,  2.81608750e+01, -3.22186531e+02,    -3.86963856e+02, -2.90060522e+00, -3.70194420e+02, -1.91903724e+02,    -3.54037233e+02, -9.00751145e+01, -3.10237689e+02, -4.44388592e+02,     1.94683479e+02, -1.49613849e+02,  1.83020344e+02,  8.78144686e+01,    -6.35874651e+02, -4.73984636e+02, -3.43802867e+02,  3.08358469e+02,    -8.90906835e+00, -5.47274004e+02,  5.02947107e+02, -3.44244510e+02,     4.73416967e+02, -2.60271094e+02, -4.20913506e+02,  2.29982403e+02,    -5.86704535e+02, -3.35352636e+02,  5.51931539e+02,  1.56338687e+02,    -3.49799351e+02,  4.53610482e+02, -1.47994656e+02, -3.25991908e+02,    -2.64835053e+02, -4.20056383e+02,  2.05218085e+02, -7.85221891e+02,    -7.20261215e+02, -8.33425889e+01, -2.60896209e+02, -4.76576711e+02,     6.23510204e+02,  1.14251612e+03, -2.85692203e+02, -2.78851773e+01,    -5.45898326e+02,  5.71480747e+02,  1.60128830e+02, -1.68966710e+02,    -3.33721982e+02,  1.46128650e+02, -5.26382338e+02, -1.73849618e+02,    -7.67992815e+02,  3.02232315e+02,  1.13828982e+02,  4.84751776e+00,    -5.95135174e+01, -2.95290730e+02, -7.71569174e+01,  1.10379283e+03,    -1.66538076e+02, -3.99363644e+02, -5.86484396e+02,  1.12533119e+02,    -3.10567527e+02,  7.63463261e+01,  2.52378197e+02,  5.81170783e+01,     2.43849938e+02,  1.03950718e+02,  5.16031681e+02,  2.66709166e+02,    -2.92958914e+02,  3.65757233e+02,  3.00546850e+02,  9.64978505e+01,     3.86784004e+02, -2.12371085e+02,  6.29146267e+02,  1.60137260e+02,    -2.60531163e+02, -5.00272658e+01, -1.65375916e+02,  2.08143630e+02,    -2.28099016e+02, -2.56688530e+01, -9.32213239e+01,  7.18076007e+02,     4.63423142e+02, -5.84452719e+02, -3.59178182e+01, -4.67167309e+02,    -1.52218751e+02, -1.96577616e+02,  6.39730675e+01, -1.25855062e+01,    -2.24139314e+02,  1.09321369e+02, -6.00780487e+01, -9.11829868e+01,     7.50745914e+02,  1.56568339e+02, -7.01345890e+02, -3.83496864e+02,     7.99059356e+02,  2.37027930e+02, -7.40729174e+01,  9.20339084e+02,    -1.60495533e+02, -9.81890778e+01, -5.07976035e+01,  1.16645649e+02,     2.46162321e+02,  3.53904458e+01,  2.32277012e+02, -1.37416531e+02,    -2.69006461e+02, -3.74132303e+02, -4.14658028e+02,  3.88497580e+02,     1.09795309e+02,  3.27074633e+02,  1.19699729e+02,  7.66188345e+02,     1.52085794e+02, -7.08143486e+02, -2.97084113e+02,  8.56113779e+01,    -2.40395439e+02,  5.37275143e+02, -1.08310348e+02,  1.58972881e+02,     4.31419359e+02, -6.35445631e+02,  1.28560043e+03,  1.67745847e+02,     2.06315970e+02,  3.03342113e+02,  6.96763405e+01, -6.37391207e+00,     3.11974222e+02, -3.07061521e+02,  7.07203680e+02,  6.10050085e+02,    -3.58088767e+02,  1.29290608e+02,  6.00760900e+02, -1.87453566e+02,     1.37947224e+02,  3.69524507e+02,  3.69144959e+02, -6.77965855e+02,    -1.19923182e+02, -3.03152960e+02, -2.65477405e+01, -3.63294354e+01,    -2.26978768e+01, -1.41296297e+02, -2.54107581e+02,  7.15710506e+01,     8.82509106e+01,  4.62628698e+02, -3.63880624e+02,  3.34343194e+02,     3.86913345e+02, -1.44060061e+02,  7.65584086e+02, -5.90663741e+02,    -9.10637525e+02, -5.74067017e+01, -7.23436599e+01,  5.52739682e-01,     6.81187972e+02, -6.30494793e+01,  3.51635941e+02,  4.13390432e+02,     3.28477881e+02, -9.11942829e+01,  5.46542862e+02, -1.37907266e+02,    -2.79562304e+02, -3.99937351e+02,  4.67586894e+01,  3.32469975e+02,    -4.35440995e+01,  3.31079342e+02, -2.60270152e+01,  5.52646761e+02,     1.72216703e+02,  7.68500656e+01, -4.78409965e+01,  2.92797979e+02,     3.26516364e+02,  1.72123081e+02, -7.06826700e+00, -4.63458767e+02,     2.59705340e+02,  1.70645649e+02,  3.18909896e+02,  2.67903420e+02,     3.05727841e+02, -5.14974999e+01,  2.33977425e+02, -2.13006429e+02,    -9.25157022e+00, -4.80128952e+02, -2.69212408e+02,  3.38099979e+02,    -7.81737637e+02,  2.53781872e+02,  1.46688619e+02,  7.14544075e+02,    -2.25158613e+02,  2.63176212e+02, -1.01165889e+02, -4.17549269e+02,    -6.21583382e+02, -7.02670649e+01, -7.58751327e+02,  1.39015366e+02,    -1.78511900e+02,  2.58621499e+02,  1.76344971e+02, -2.20597919e+02,    -2.16125470e+02,  3.33436193e+02, -5.16932321e+02, -1.05220647e+02,    -1.79224406e+02,  2.02181785e+02, -4.58592098e+01,  4.99037591e+01,    -1.86001610e+02,  4.90593697e+02, -4.10617227e+02,  8.33133731e+01,     5.17891820e+02, -2.95343207e+02,  1.57679913e+01, -3.25654669e+01,    -5.91677606e+02, -4.00736272e+02, -6.89595255e+01,  2.27594750e+02,     2.77385935e+02,  4.20116379e+01, -6.98796767e+01,  1.90448071e+02,    -3.89221490e+02,  2.22745677e+00, -4.34266659e+02, -2.36990655e+02,     4.05440686e+02, -2.53618292e+02,  5.53111143e+02, -1.83457932e+02,     3.03469692e+02,  2.20322981e+02, -5.36820623e+02, -2.46091304e+02,     7.38354101e+01, -3.43427811e+02, -3.01879811e+02, -7.47715961e+02,    -4.80301867e+02, -4.50516150e+02, -3.70737857e+02,  1.94349108e+01,     1.13892012e+02,  8.94204607e+00,  1.80248993e+02, -4.91524178e+02,     1.24615631e+02,  1.79322205e+02, -5.73134516e+02, -5.55326689e+02,    -3.54222500e+02, -2.00660213e+02,  1.68344299e+02,  7.62371362e+00,    -3.83118411e+02,  3.07045074e+02, -1.72158197e+02,  4.31314348e+02,    -7.69405189e+02,  5.19952559e+02, -3.20245261e+01, -3.15840555e+02,    -2.25633040e+02,  2.77776002e+01,  3.66132429e+02, -6.49852069e+02,    -1.21652822e+02, -1.76645378e+02,  4.22626428e+02,  7.23867777e+02,    -8.37070389e+02,  8.05830440e+02,  3.93258615e+02, -6.43513673e+02,    -3.03703794e+02,  6.57115755e+02,  5.21429981e+02, -1.54560815e+02,    -3.13035778e+01,  9.02172800e+01,  6.10709801e+02, -4.54761679e+02,     1.40630787e+02, -6.53113041e+01,  2.62666989e+02, -6.37680625e+02,    -6.52655233e+01, -2.90044515e+02,  4.07598295e+02,  3.68172661e+02,    -7.39018784e+02, -4.27251143e+02, -1.96188055e+02, -3.34999196e+02,    -1.26173939e+02, -1.99180678e+02,  3.69642911e+02,  3.58392579e+02,    -5.07397713e+01, -3.97722703e+02, -7.20574266e+02,  3.75110137e+02,    -4.37945787e+02, -2.70874040e+02,  4.15933121e+01, -2.97215552e+02,    -3.59470515e+02, -2.22681756e+02, -3.63750529e+02, -2.31672103e+02,    -4.39220995e+02,  5.02367720e+02,  5.57169140e+02, -2.92293185e+01,    -2.06246296e+02, -1.36165120e+01,  3.66678508e+02, -7.60720507e+02,    -1.79733954e+02,  4.31886600e+02,  5.79356419e+02, -1.59313344e+02,     9.77444747e+01,  4.72653802e+02,  1.34651266e+02, -5.75667863e+01,    -3.81842964e+02,  1.95302130e+02, -3.09958172e+02, -1.38055245e+02,    -1.67083002e+02, -1.61769125e+02,  1.71911601e+02,  6.74467119e+02,     6.47960146e+00,  3.56111517e+01, -7.82877399e+02, -1.50178861e+02,    -3.27423459e+02,  4.01948077e+01, -3.64575029e+02,  6.78779611e+02,     7.03311747e+02,  1.27452892e+02, -1.29211880e+02,  1.25214381e+02,     2.19871325e+02, -4.13095691e+02, -6.67860452e+01,  1.20433469e+02,     1.20022494e+02,  4.90379504e+02,  3.89619329e+02, -1.80020884e+02,     2.45426405e+02, -8.35574911e+02, -3.72187698e+01,  7.37401704e+02,     8.36195243e+01, -6.38206868e+00,  2.87558058e+02, -2.51022589e+02,     8.02601054e+02, -1.06635771e+02,  7.36053747e+02,  3.21193075e+02,    -3.32149680e+02,  2.64988881e+02, -2.67240786e+02, -5.95474357e+02,    -3.48373183e+01, -4.90519449e+02, -4.62465261e+02, -4.61128174e+01,     2.78574876e+02, -4.97199231e+01, -2.91847310e+02,  6.53402048e+01,    -6.30907133e+02, -7.99968075e+01, -7.18092851e+02,  4.51679021e+02,    -1.17918308e+01, -4.44435589e+02, -1.64602572e+02,  1.50282957e+02,    -2.78939992e+02, -4.08938228e+02,  7.81132029e+02, -1.94357030e+02,    -3.85257094e+02,  2.18544624e+02, -1.03170607e+02,  4.44846973e+02,    -1.41334805e+01,  7.53086666e+01,  8.84553299e+02, -1.55504630e+02,    -3.03332048e+02, -3.23926574e+02, -4.61616465e+02, -2.86574204e+02,     2.46521291e+02,  1.82334923e+02,  1.84623822e+02,  6.50719662e+02,     2.04427536e+01,  1.45334223e+02, -5.76472168e+02,  2.12551488e+01,    -2.02955524e+02, -2.32235694e+02,  1.52183769e+01,  3.05360473e+02,     3.33391770e+02,  6.68442665e+00,  8.14734499e+01,  2.56588485e+02,     3.25211959e+02, -2.09279700e+02, -1.14293026e+02,  1.47670061e+01,    -2.03944766e+02, -6.83933740e+01, -2.36058099e+02,  6.58857556e+02,     5.65718889e+02, -1.11129159e+02,  1.05238254e+02, -2.10127393e+01,    -2.07234597e+02,  2.90954663e+02, -7.70157294e+01,  3.39441846e+02,    -4.68517016e+02,  1.64644663e+02, -9.66369267e+01, -4.75281190e+02,    -2.20529038e+02,  2.38305974e+02, -7.46538338e+02,  3.67843725e+02,     4.29098585e+02, -6.25584569e+01, -4.46966668e+01, -2.83229462e+01,     2.12459471e+02, -2.87339088e+02,  3.17314584e+02,  2.47156954e+02,    -9.10719525e+02, -2.88020164e+02,  1.97477382e+02, -8.01267737e+01,     3.33868131e+02, -5.36322914e+02, -4.81037082e+00, -3.62172423e+02,    -1.07776726e+03,  6.54357570e+02, -5.17920599e+02, -5.02367858e+02,     7.72712298e+01,  1.11628633e+03,  3.64862814e-01, -1.88237401e+02,    -1.82720291e+01, -6.18293638e+01, -7.71981944e+02, -5.39080442e+02,     6.78734256e+02, -4.52583699e+01, -3.45093792e+02,  4.39128393e+02,    -3.01067827e+02,  3.44669645e+02,  4.74825329e+02, -5.36836385e+02,    -2.24178597e+02, -3.00314504e+02, -1.30685423e+02, -1.68846602e+02,    -5.87718539e+01,  1.19837849e+02, -2.92972654e+02,  2.58875203e+02,     5.20862235e+02, -1.40412417e+02, -1.55220437e+02,  1.20508186e+02,     4.99933728e+02,  4.24402064e+02,  3.20565119e+01, -1.48449706e+01,    -4.71311150e+01, -4.43390448e+02,  3.29594887e+02, -2.09165683e+02,     1.72419563e+02, -1.37575256e+02,  2.53401987e+02,  1.52985270e+02,    -6.86973342e+02, -2.42675939e+02, -6.88509337e+02, -2.82873126e+02,     6.50939425e+01, -1.50027506e+02,  2.61001578e+02, -2.52003485e+02,     1.66962098e+01,  9.13728115e+01,  6.49585658e+02,  3.26454688e+02,    -2.35540424e+02,  1.76505032e+01,  9.70064345e+01,  3.48197699e+02,    -5.48671801e+00,  4.41690328e+02,  2.11808713e+02,  7.77366787e+02,     2.23913336e+01,  5.96399717e+02, -2.27576551e+02, -3.35999766e+02,     7.21031371e+01,  6.41761269e+01,  2.65534053e+02, -5.60896795e+01,    -1.38918068e+02,  2.26692533e+02, -3.99975415e+02, -4.52051433e+02,     6.69678174e+02, -5.16395633e+01, -3.73253258e+02, -4.48408460e+00,    -1.23256810e+02,  3.05491301e+02,  2.88660781e+02, -1.71148537e+02,     9.78686934e+00, -2.36168136e+02, -2.84366648e+02, -2.48828475e+02,    -8.34466980e+02, -2.96672253e+01, -5.62886292e+02, -4.80682033e+02,    -3.44195981e+02,  1.53073644e+02, -3.28865273e+02,  1.90618401e+02,    -4.92949148e+02,  9.22007557e+00, -3.54797341e+02,  6.52842877e+01,     1.02981837e+02,  2.53540790e+02, -1.72432365e+02, -1.28482120e+02,     2.27242280e+02,  5.24781444e+02,  2.83943528e+02,  6.79650527e+01,    -5.95624221e+02, -1.20974865e+02, -2.69616120e+02, -5.29732749e+02,     3.61326562e+02, -3.01865696e+02, -3.82025241e+01, -2.00261639e+02,    -8.84089357e+02,  4.35207679e+02, -1.45551945e+02,  3.59582325e+02,    -6.05915423e+02,  5.72041419e+02,  3.72569382e+01, -2.71694954e+02,     4.08589757e+01, -2.04232593e+02, -5.96105895e+02,  1.23409447e+02,     2.44918514e+02,  2.83286510e+01, -3.15449192e+02, -1.13727169e+02,     1.41786775e+02,  2.55220070e+02,  5.59495616e+02,  2.21886023e+02,    -2.05007002e+02,  7.70570130e+02,  2.51523474e+02,  3.41224997e+02,    -1.47977723e+02,  2.31869760e+02,  1.51245172e+02, -5.38191924e+02,    -1.64080341e+02, -3.43637158e+02, -2.73203019e+02, -9.07060564e+01,    -1.53138719e+02, -3.24368537e+02, -9.90621159e+02, -2.65581931e+02,     1.34600116e+02,  8.78486077e+01,  8.16213113e+01,  4.32249005e+02,     1.61513445e+02,  2.79288746e+02, -3.68439758e+02,  4.03021541e+02,    -4.29300444e+02, -6.67735466e+02,  1.67100661e+02, -3.52019014e+02,    -3.65687315e+02, -1.37493960e+03, -1.04132383e+02,  6.97487522e+02,     4.06385275e+02, -8.91016492e+01, -1.03615200e+02,  2.57886885e+02,     5.93693633e+02, -3.52284608e+02, -8.33698087e+01, -2.76966393e+02,    -3.13494653e+02, -2.97285588e+02,  1.38548825e+02,  6.24860984e+02,    -5.73395401e+02, -4.62014392e+02,  2.14912377e+01, -7.50337690e+01,    -1.23668001e+02, -8.11825798e+02,  4.93804870e+02,  2.19464770e+02,     7.80261025e+01,  4.22540392e+02, -2.64604056e+02,  2.58710503e+02,     2.35368834e+02,  4.62015643e+01, -4.07507521e+01,  1.07051722e+02,    -1.41142171e+02,  4.10036589e+02, -3.80340297e+02,  3.66646090e+02,     8.11514507e+01,  9.76824235e+01,  2.06180675e+02, -7.50764369e+02,     5.61189896e+01, -5.58224007e+02, -4.40812334e+02, -4.27847366e+02,    -3.92565033e+02,  1.20393316e+01,  1.13593863e+02,  4.20734897e+02,     8.43553811e+01,  1.20040494e+02, -6.20234307e+02, -2.18367793e+02,     2.87041676e+02,  1.19252919e+01,  1.62663385e+01, -7.10176838e+01,     3.19591048e+02, -7.95203354e+02,  9.16687639e+01,  2.06246155e+02,     3.96508753e+02,  3.38783849e+02, -4.95095583e+02,  6.63726698e+01,     3.72549774e+01,  3.80548139e+01,  1.68941903e+01, -1.69553046e+02,    -2.74136524e+02,  1.37452512e+02,  5.45974918e+02, -7.80892351e+01,     8.32629877e+01,  1.55063790e+02, -2.15818985e+02, -2.14118879e+02,    -1.00710446e+03, -3.34345948e+02, -4.41920899e+02, -6.61720724e+01,    -5.53124373e+02,  6.54450958e+02, -2.57157444e+02, -4.60061285e+02,    -1.36362591e+03,  5.70518707e+02,  1.19441464e+02, -1.29072876e+01,    -5.34948615e+02,  9.15720453e+01, -1.51235470e+02, -2.83789652e+02,     1.02104194e+02,  2.79270812e+02,  6.89474159e+01, -1.50124201e+02,    -2.87412277e+01,  7.18875107e+00,  1.67532957e+02, -5.30032607e+02,     6.08724986e+02, -3.64788732e+02, -2.35896874e+02, -3.65569292e+02,    -8.45108208e+02,  8.25482963e+01, -4.15954090e+02, -1.91925353e+02,     2.96898260e+02, -2.09477357e+02,  4.95084240e+00, -8.55777424e+01,    -2.23366128e+02,  1.43619885e+01,  4.62226107e+02, -4.52260894e+02,     8.00423167e+02, -1.72092454e+02,  2.95748343e+02, -6.76833879e+01,     1.29967978e+02, -1.02464892e+02,  4.07723668e+02,  5.44109988e+02,     1.73374908e+02,  4.76489922e+02, -3.38653618e+02, -2.82790177e+01,    -1.98154638e+02,  5.93211653e+02,  5.01941926e+02,  3.84679214e+02,    -1.29509415e+02, -2.62776161e+02,  2.34201016e+02, -2.24964150e+02,    -1.19932805e+02, -6.31772658e+01, -2.26007621e+02,  4.46022176e+02,    -5.03975691e+01,  3.43600910e+02,  1.22750384e+02,  1.48198695e+02,    -2.97181888e+02,  2.81603233e+02, -1.58412499e+02, -1.13736429e+02,    -2.62066760e+01, -4.42291169e+02,  6.67560655e+02, -2.45345735e+02,    -3.59619199e+01,  1.72566123e+02,  1.48738491e+02,  6.15029471e+02,    -1.43205329e+02,  6.67213607e+02,  6.05541893e+02, -8.44777762e+02,     7.57520056e+01, -1.77797263e+02,  1.26861143e+02,  7.55009017e+01,     1.52481483e+02,  5.24595654e+02,  8.04718192e+02, -6.81583189e+02,     6.66389026e+02, -8.01850164e+02, -6.68265698e+02, -1.06668822e+02,    -9.93942824e+00,  6.10335244e+02,  3.36526008e+02, -1.59397478e+02,    -8.05066572e+02,  6.11478136e+02, -3.90956799e+02, -9.81192393e+00,    -4.41719327e+01,  1.07703658e+03, -2.46154908e+02, -9.15540600e+02,     2.68406237e+02, -1.40558742e+03,  9.67466172e+01, -3.09921707e+02,    -1.57533238e+02, -2.37328878e+02, -5.09590103e+02,  3.56517880e+02,    -3.14458267e+02, -7.94366078e+01, -6.80591167e+02, -5.81934187e+01,    -4.15476892e+02, -6.47385246e+02, -1.06435479e+03,  8.82793547e+01,    -2.80186132e+02, -7.28922302e+00, -1.17435710e+02, -6.88367538e+02,    -5.48884955e+02, -4.59181336e+02, -4.63046490e+02,  4.76302781e+02,     8.10146954e+01, -4.15461404e+02, -1.59238227e+02, -1.94849130e+02,     3.22971248e+02, -2.89728917e+02, -1.07039690e+02, -1.95521304e+02,    -3.11675444e+02, -3.25426594e+02,  3.32704359e+02, -1.52130660e+02,    -7.90790799e+02,  6.69674611e+02,  4.08317616e+02,  5.34722915e+01,    -6.29864249e+02, -6.56093443e+02,  9.42463060e+01,  1.22426124e+01,    -2.58707818e+02, -4.22180232e+02,  3.08566632e+02, -6.85044568e+01,     2.37343323e+02,  4.29296666e+02,  2.92635387e+02,  3.06166530e+02,     2.21572466e+02, -1.76694462e+02, -1.08767099e+02, -1.91161714e+02,    -3.03195732e+02, -3.97242696e+02, -5.62003706e+02, -3.39739697e+02,    -6.98215984e+01, -6.92366104e+02, -7.52340879e+01,  2.82916153e+02,    -6.20652055e+02,  2.15995532e+02,  1.88622408e+02, -6.11659800e+02,    -4.93215380e+02, -1.35697950e+02,  1.83841738e+02, -3.44708867e+02,     6.08249796e+02,  5.45368843e+02, -6.51526256e+02,  4.39484504e+02,     3.07718402e+02,  6.61134409e+01,  2.19500438e+02, -3.70054639e+02,    -1.23760142e+02,  4.69098267e+01,  1.53500681e+02,  3.92504216e+02,    -4.39244707e+02, -3.72346570e+01,  1.53713433e+02, -1.27180120e+01,    -2.28846791e+02,  1.71335203e+02, -2.31284367e+02, -1.74846063e+02,     3.29376430e+01, -5.20128005e+02,  3.14393918e+01, -2.03716423e+02,    -1.08911341e+02,  4.88095105e+00, -4.92083367e+02,  4.88613756e+02,    -2.32896620e+02, -1.11985309e+03, -7.33015607e+02,  3.38345375e+02,    -3.07883277e+02, -1.47609984e+02, -2.52148729e+02, -1.44255653e+02,    -8.64958799e+02, -9.63773052e+01, -5.54469635e+02, -2.88971014e+02,     2.22686282e+02,  6.43613770e+02, -3.08957677e+00, -2.73843779e+01,     5.04423001e+02, -4.38686229e+02,  3.10534223e+02,  8.00712626e+01,    -3.60615508e+02, -1.55893851e+02,  2.12174032e+02,  1.60227003e+01,     8.53863059e+01,  9.89151927e+01, -2.03793579e+02, -2.41280051e+02,    -4.56968693e+02,  4.32941956e+02, -5.49130301e+02, -4.03813093e+02,     8.25092698e+01, -7.73107889e+02,  1.66936416e+02,  5.42135435e+02,    -4.14175177e+01,  6.05363079e+01, -2.15253375e+02, -1.76789916e+02,     8.85807192e+01,  3.24007136e+02, -3.49726059e+02,  2.67209251e+02,    -9.56366689e+01, -3.42927392e+01,  2.33089134e+02,  1.65613659e+02,    -7.79582815e+01, -3.62791457e+00,  2.10041779e+02,  2.42707311e+02,    -6.20783574e+02,  5.74863102e+01,  4.66139845e+02, -8.40516034e+02,     2.80738042e+02, -1.03124590e+03, -7.99265432e+01, -1.28521315e+02,    -7.35705884e+01, -7.76543699e+01, -2.23514985e+02, -3.15186100e+01,     1.42408091e+02, -2.08919739e+02,  1.21770539e+02,  7.50450046e+02,    -5.55328873e+02, -2.30604665e+02,  3.16122468e+02,  2.14315759e+02,     3.57847622e+02,  1.41557128e+02,  2.44566155e+02, -1.61447366e+02,    -4.22846459e+02, -3.67179134e+02, -1.79411595e+02,  5.98144954e+00,    -3.62971588e+02, -1.31627822e+02,  5.75858749e+01,  1.99926684e+02,    -8.64312206e+01,  4.85798770e+02, -4.38313803e+02, -4.56129989e+01,    -2.36154126e+01,  2.40796659e+02, -3.51685868e+02, -2.21002619e+02,     2.36545413e+02,  4.31537072e+02,  6.03026435e+02,  3.03276640e+02,     3.56627666e+02, -2.56772413e+02,  5.40204544e+02,  5.81821728e+02,    -5.51088240e+01,  3.39970770e+02,  3.28298553e+02, -2.19460059e+02,     1.45187513e+01,  5.29756254e+02, -2.40044571e+02, -1.07028485e+02,    -5.22672763e+02,  2.32134092e+02, -6.55854063e+01,  1.52044321e+02,     8.24361177e+01, -3.59792278e+02,  3.96558565e+02,  3.51356863e+02,    -2.05319050e+02,  1.58836311e+02, -4.96051225e+02, -4.46168760e+02,     2.01726317e+02, -5.95411524e+02, -2.33151695e+02,  8.25759629e+01,     6.97444225e+02, -2.09935265e+02, -9.03765668e+01, -1.26636871e+02,     9.90002827e+02,  1.22415372e+02, -3.74650938e+02,  5.90632155e+02,     5.43465171e+02,  2.59416152e+02,  6.30059925e+02,  6.97998181e+02,    -9.05029754e+01, -2.58515284e+02, -2.80032338e+02,  2.31884265e+02,     3.26795346e+02, -4.24461379e+01, -1.77984001e+02, -5.30979154e+02,    -2.59707750e+02, -3.81883665e+02,  2.54661009e+02,  1.30195162e+02,     5.39457899e+02,  4.93915263e+01, -2.16765057e+02, -6.79939564e+01,     3.44971512e+02,  1.13029821e+02,  4.39698468e+02,  4.95391134e+02,    -1.19205693e+02, -7.77057931e+01, -8.32594525e+02,  4.59934258e+02,    -4.66044676e+01,  4.33409072e+02, -1.58148707e+02, -5.02303589e+02,     1.70492393e+02,  5.96281030e+02, -2.11096589e+02,  5.88479469e+02,    -6.22073076e+02, -1.93643699e+02, -6.73671774e+02,  1.90071214e+02,     9.90044978e+01,  7.21210741e+00, -5.15475729e+02,  7.55473524e+02,     4.53360706e+02,  7.05774419e+01, -3.94874384e+02,  1.87770128e+02,    -2.34535848e+02, -7.55395724e+01, -1.87951490e+02,  1.79377215e+02,    -8.70807817e+01, -1.75429449e+02,  1.64732331e+02,  2.25820577e+02,    -7.32201722e+02,  1.67713945e+02,  5.76081713e+02,  3.60468339e+02,    -1.13286864e+02,  2.92813124e+01, -3.07783399e+02,  5.06142395e+02,     1.50547747e+02, -5.79119435e+01, -5.97871153e+01,  9.35358392e+02,     6.91670064e+00,  2.65424424e+02,  6.20949923e+02,  8.36763360e+02,     5.48277964e+02,  3.63602206e+02, -5.45318162e+02, -3.71944484e+02,     2.96636612e+02,  1.43838736e+01,  2.77447803e+02,  1.58452604e+02,     5.03562674e+02, -6.64123065e+02, -4.20567396e+02, -5.48634881e+01,    -7.42129807e+02,  1.67766461e+02,  3.37486343e+02,  1.19925740e+02,    -1.95181423e+02,  2.02671555e+02,  1.21951802e+03,  2.22071403e+02,     1.30062471e+02, -4.19971848e+02, -5.67220150e+02, -1.34450317e+02,     2.66519121e+02, -4.48049985e+01,  1.79843735e+02,  3.01778896e+02,    -5.12855168e+02,  2.12237713e+02,  4.49501876e+02,  5.01838578e+02,    -4.81120478e+01,  9.89180673e+00, -7.95889950e+01, -4.32648234e+02,    -5.70859020e+02,  7.15162854e+02, -5.76398740e+01, -5.07112146e+02,     1.90180820e+01, -1.96013204e+02,  7.83066141e+02, -2.05039843e+02,    -2.95663270e+02,  2.67911378e+02, -1.24859923e+02,  3.71183747e+02,    -4.75745525e+01,  8.61947637e+02,  4.31343870e+02, -1.05063040e+01,    -3.09079403e+02,  2.12013558e+02, -4.75124672e+02, -9.99626983e+01,     5.21360594e+02, -2.40442562e+02, -4.04298295e+02, -1.90696755e+02,     4.45066926e+02,  1.24920653e+02, -7.11280103e+02,  2.62229797e+02,     1.28145655e+02,  5.91589886e+01, -4.38587377e+02,  1.44800311e+01,     3.00591198e+02,  4.37395578e+02,  5.48904296e+02,  2.23322258e+02,     3.51151165e+01, -4.35365209e+02, -4.10185287e+02, -6.37445039e+02,    -7.90087383e+01,  2.70861239e+02, -2.09815197e+01,  4.59624727e+02,    -2.71648810e+02,  1.57373753e+02, -1.02896279e+02, -2.55277290e+02,     5.07053676e+02,  6.53745489e+01,  5.25958381e+02,  2.51550735e+01,     2.13548611e+02, -1.70924206e+02,  5.36353746e+02, -1.03301791e+02,    -3.28737392e+00, -6.70303685e+02, -9.25647827e+01,  6.23777770e+02,     5.70630424e+02,  2.26420790e+02, -1.29310665e+02,  3.30966342e+01,    -1.51887296e+02, -4.93943970e+01,  7.71286173e+02,  1.56202248e+01,    -2.03158940e+02, -9.46132370e+02, -4.64742163e+02, -3.22449128e+02,    -5.74897780e+02, -4.81524770e+02, -6.09156175e+02, -3.97963482e+02,    -3.26395962e+02, -4.11828956e+02,  4.08909333e+02, -2.18055853e+02,    -8.30501297e+02,  3.42228872e+02, -2.47676485e+02, -7.04397495e+02,     8.32024173e+02, -2.06627894e+02,  1.69356245e+02,  3.49565654e+02,     8.02384228e+00,  2.23880189e+02,  7.32246252e+00, -1.26275115e+01,    -1.17431534e+02, -6.21453179e+02,  9.11057182e+01, -1.11808655e+03,     5.60851008e+02, -3.76021756e+02, -1.19211350e+02, -1.52888263e+02,     8.94299532e+01, -1.61675798e+02,  2.45887456e+02, -4.61803951e+02,     3.24979823e+02,  3.35566468e+02,  1.32978285e+02,  8.45746377e+01,     1.70562120e+02,  6.38039800e+01,  2.59589974e+02, -8.13517279e+01,    -5.37796242e+02,  8.40312138e+01, -1.97864737e+02, -3.87393240e+01,     4.28021907e+02, -6.95930644e+02,  8.55043402e+00,  1.17546854e+01,     7.42271920e+01,  2.85171514e+02, -1.18476329e+02,  7.22063611e+02,     4.15181647e+02, -1.50472914e+02, -9.09389485e+01,  1.65832775e+01,     6.69077822e+02, -4.78670700e+02, -8.94235854e+02,  2.48364010e+02,    -1.04788565e+02, -1.08456387e+02,  1.44603853e+02,  6.71994116e+02,     4.09597443e+02, -1.51095732e+02, -4.33636185e+02, -5.19810184e+01,     2.52636862e+02, -1.13005323e+02, -6.39299956e+02, -2.46602702e+01,    -7.98801654e+02, -4.19240765e+02,  6.84098050e+02, -4.40646206e+02,    -5.71585820e+02, -4.46936003e+02, -3.04104541e+02,  2.87624391e+02,     7.08711347e+02, -4.40518657e+01,  2.36759262e+02, -1.54663685e+02,    -5.99721252e+02,  4.02226844e+02, -3.92256908e+02,  2.43636096e+02,     3.11533021e+02, -6.42573540e+01,  3.54368782e+02,  3.76810221e+02,     9.25237494e+02, -1.27979141e+02, -3.96970617e+02, -5.48576994e+02,    -1.30341635e+02, -2.23327812e+02,  8.73005329e+02, -3.81040422e+02,     8.76283867e+01,  6.37149097e+01, -2.25166540e+02, -6.98261912e+02,    -5.57928950e+01,  8.41089470e+02,  9.44967557e+01,  6.09006990e+01,    -4.61529562e+02, -5.21889633e+02, -8.46096420e+01,  4.16978112e+02,    -1.92615243e+02,  9.17047931e+02, -3.77904617e+02,  1.46267453e+02,    -1.78377663e+02, -5.90159199e+02,  2.65510403e+01, -4.40187319e+02,    -6.41520838e+02,  7.11567525e+01,  2.03278803e+01,  4.45457441e+02,     1.80768855e+02, -2.91546740e+02,  1.94551885e+02, -7.11101492e+02,    -4.55682503e+02,  7.80820689e+02,  1.12083417e+02, -1.21970536e+02,    -2.78068952e+02, -4.00572242e+01, -6.75540007e+01,  7.32776209e+02,     3.52768180e+02, -1.26626898e+02, -6.02132782e+01, -3.46980032e+02,    -1.75170026e+02, -5.79634638e+02,  4.12790854e+02,  6.44587649e+01,     1.19093722e+02,  1.31147229e+02, -4.74792827e+01, -1.57834641e+02,    -4.55800407e+00, -9.16404673e+02, -1.64570425e+02, -6.98624965e+01,    -7.90586406e+01,  4.72803027e+02,  5.44687394e+02,  1.39433265e+02,    -8.25480808e+02,  5.51752221e+02, -1.72200392e+02, -3.32812113e+02,    -7.52511506e+02, -2.81205335e+02,  5.08667487e+02,  2.35527701e+02,     5.99928680e+01,  2.64627684e+02, -5.02648110e+02, -3.83008556e+02,     4.76482023e+02,  3.29185281e+02,  4.45664853e+02, -1.83793661e+00,     5.94085271e+01,  4.77678021e+02,  8.52195717e+02, -2.12627322e+02,     3.26041697e+02, -1.45537548e+02, -3.61971447e+02, -2.95301347e+02,    -2.64253286e+02, -1.29396804e+02, -4.40628737e+02, -2.01945942e+02,    -1.20268724e+03,  2.93940669e+02,  1.68168080e+02, -3.18717192e+01,    -3.57935007e+02, -1.93360086e+02, -4.65008129e+02,  1.01281973e+02,     7.10457769e+02, -1.78800600e+02, -1.41819408e+02,  1.89208757e+02,    -4.18164106e+02,  7.48653240e+02,  1.43125327e+02,  1.59767803e+02,     4.45540076e+02,  1.52529839e+01,  4.84345243e+02,  1.41948640e+02,    -7.41287652e+01,  8.10040811e+01, -1.94145482e+01,  5.99884669e+02,     7.81607380e+01,  1.27810884e+02, -7.77402083e+01,  1.14750681e+02,    -7.98436036e+02, -3.20894567e+02, -3.98288724e+02,  4.42568496e+02,    -2.52381190e+02, -5.55562097e+02,  5.07466248e+02, -1.03869428e+02,     3.77269427e+02, -7.88763631e+02,  2.13532763e+02,  6.60375741e+01,     5.12197349e+01, -7.65454156e+01, -5.62319532e+01,  4.25441664e+02,    -2.12059806e+00, -4.27008633e+02, -1.38284799e+02,  2.18326843e+02,    -1.00806656e+03, -8.01894176e+02,  1.29703554e+01,  9.66777321e+01,    -3.75370498e+02, -3.65524383e+01,  9.36764339e+02,  2.84198827e+02,    -4.84676280e+02,  8.11899937e+01, -7.73414021e+01,  8.96587705e+01,    -2.96381791e+02,  1.60508113e+02,  2.45158007e+02, -5.81626333e+01,     9.72291967e+02, -9.20777751e+01, -2.77598665e+02,  1.64844493e+02,     3.56940022e+02, -3.06175378e+02, -2.56169380e+01,  8.28515109e+02,    -2.04324949e+01,  5.09323014e+02,  1.23600559e+02, -8.32608951e+01,    -2.27857659e+02,  4.92228877e+02, -4.74941287e+02, -1.81677319e+01,    -1.29927205e+02, -3.65301482e+02,  1.45196818e+02,  2.06016810e+02,     7.69856061e+01, -1.40522425e+01, -3.34561864e+02,  1.59782453e+02,    -1.53329474e+01, -2.16608834e+02, -1.86927288e+02,  1.70227839e+02,    -4.30688051e+01, -3.16543006e+02, -9.20558705e+02,  7.92461673e+01,     2.02074042e+02, -4.04594685e+02, -1.94984221e+02,  7.13005543e+02,     6.30414151e+01,  3.04819900e+02,  5.64427577e+01,  3.19176138e+02,     4.45365025e+01, -3.40850613e+02, -3.34163734e+01,  7.19214069e+01,     2.40630657e+02,  6.93784617e+02,  4.25702124e+02,  1.82994613e+01,     1.48484307e+02,  5.22142359e+02,  2.26609782e+02, -6.27908921e+02,    -2.31656391e+02,  1.16493404e+02,  7.39927410e+01,  2.28421609e+02,    -4.54623671e+02,  1.09709565e+02,  3.47757668e+02,  4.27042757e+02,    -3.87765186e+02, -4.51350395e+01, -1.99240993e+01, -1.17475545e+02,    -2.87527577e+02, -1.71197489e+02, -2.83090522e+01,  6.92520305e+01,     3.57763442e+02, -2.69037369e+02,  6.92533414e+02,  3.08006692e+02,     2.18387383e+02,  2.87910136e+02,  2.62904146e+02,  2.84237534e+02,     4.67706399e+02, -3.82772990e+02,  5.47415920e+02, -9.63507766e+02,     2.69016575e+02, -9.40909777e+02,  7.29334715e+02,  6.29146477e+02,    -1.00570964e+02, -4.25704559e+02, -3.65904753e+02, -4.98603601e+02,    -5.36527192e+02,  4.97773219e+02,  3.71819889e+02,  2.09449335e+02,     2.75057023e+02,  3.52211415e+02, -3.32976502e+02, -1.74715337e+02,     4.96930837e+02, -1.07766387e+02,  4.58562230e+02,  6.33011976e+02,    -3.74705085e+01, -6.23766719e+02,  1.22119474e+01, -1.14699133e+01,    -8.50082133e+01,  6.67778688e+00, -5.81192399e+02, -1.59750409e+02,     5.13226548e+01,  7.69511389e+01,  4.19248836e+02, -3.46315352e+02,     5.30139384e+02, -3.50339529e+02,  1.92312495e+02,  3.37274091e+02]
bee_TS =[-5.09515859e+02,-4.01391554e+01,-1.17833333e+02,3.93561256e+02,-1.85936827e+02,-1.62843553e+02,-3.47932546e+02,-7.75127256e+02,-3.70282877e+02,-4.13914454e+02,-3.38004224e+02,4.01871150e+01,1.28866963e+01,2.56025093e+01,2.72641584e+01,4.10032390e+02,-1.80898170e+02,-1.59421602e+02,1.52821820e+02,-9.67074407e+02,5.08425460e+02,-2.31707286e+02,-4.43474956e+01,-1.04445563e+02,-4.87126660e+01,-5.07087381e+01,7.51912385e+02,-1.85489456e+02,-7.20445341e+01,-4.57654926e+02,6.71953702e+02,-1.18154327e+02,-3.39117428e+02,2.08122138e+02,-3.67140343e+01,1.70343792e+02,-2.70468351e+01,6.14625432e+01,2.38474522e+02,-8.85225944e+02,4.71242477e+02,1.11770801e+02,-5.07959193e+01,-2.93486057e+02,9.79882876e+01,-1.56830914e+02,3.81787343e+02,3.21396534e+02,-2.38685924e+02,-2.54453058e+02,-2.59747932e+02,-2.95007434e+02,1.00127806e+02,-4.32574024e+02,1.19193649e+02,5.21760554e+02,5.95443639e+02,3.02050985e+02,1.40192691e+02,2.38954310e+02,7.80013518e+02,1.82554691e+02,-4.79172535e+02,-1.07630201e+02,-2.05175632e+02,5.31145246e+02,-6.51286025e+02,-5.44433499e+02,-2.35939988e+02,-8.57726897e+01,-3.80840301e+02,2.33036084e+02,8.37848682e+01,1.14085379e+02,-3.35269944e+02,-3.02851870e+02,-4.90259012e+02,3.25192555e+02,-2.84343984e+02,2.29337686e+02,-5.74355939e+01,-2.54943515e+02,-5.05643190e+02,-1.50722485e+02,-9.85789000e+01,-1.38218873e+02,3.42512010e+02,6.15903456e+02,-3.67385688e+02,-6.95907343e+02,-1.72756128e+02,9.63311952e+02,-4.96369956e+02,2.87771966e+02,-9.21477948e+01,-5.40178705e+02,2.09777202e+02,3.31352219e+02,-1.52013996e+02,3.05796567e+02,-2.32660588e+02,-4.46697112e+02,7.74749902e+02,4.03873831e+02,2.68846539e+02,1.27248571e+02,2.13163389e+02,7.08171103e+02,-2.16491640e+02,5.00320463e+01,-1.20121124e+03,1.60092734e+02,-5.92593631e+02,1.25758600e+02,1.87503367e+02,-2.96872941e+02,-4.64844635e+02,5.38610751e+01,-2.55321723e+02,3.09143098e+02,-4.41038698e+02,-2.32375576e+01,-3.08698720e+02,-3.63657110e+01,-2.72999013e+01,1.47036689e+02,1.07846140e+01,-5.19313375e+01,5.25790877e+02,7.92544653e+02,4.15295183e+02,6.77080557e+02,-1.03788730e+02,1.16923115e+02,4.76240222e+02,-7.71690160e+01,-6.62923858e+02,-3.25512931e+02,-4.35337657e+02,-2.49196092e+02,2.43004525e+02,-1.02353100e+03,-1.66359601e+02,3.73352622e+02,-3.17000975e+02,-3.18224396e+02,4.70855164e+02,3.82286529e+02,-2.99624228e+02,1.68980582e+02,-2.13236052e+02,3.02154346e+02,3.45962723e+01,1.32791051e+02,-7.53308606e+02,-4.21266628e+02,-6.69143664e+01,2.81251311e+00,-3.36146721e+02,9.25995374e+02,-1.91988193e+02,-2.91071163e+02,3.26606512e+02,-4.16406404e+02,-2.83825260e+02,2.66009454e+02,9.60878507e+01,1.12826738e+02,1.05321459e+02,-9.77746581e+01,1.67892474e+02,5.05805498e+02,-2.56360081e+02,1.50598234e+02,7.89363953e+02,2.90388726e+02,-7.53261400e+01,-1.66342071e+02,1.33599686e+03,-1.53122190e+02,3.07007091e+02,1.89007063e+02,2.98353809e+02,7.72012428e+02,4.32874291e+02,-2.57064318e+01,1.96672867e+02,4.10540863e+02,3.36922111e+02,-4.82822503e+02,8.11646209e+02,-7.22829738e+02,-1.52883787e+02,4.99033598e+02,7.34120761e+01,5.99045428e+01,2.71808254e+02,2.11814864e+02,3.10619913e+02,-5.54414988e+02,4.36447086e+01,-2.37205852e+02,-9.41189425e+01,-2.91338012e+01,-7.74731008e+01,-4.80108305e+01,7.10798851e+02,-7.35758587e+01,-2.40359999e+02,-1.96065936e+01,1.01701993e+02,-5.11257556e+02,-3.88886900e+02,-3.16385040e+02,-5.47241929e+02,-1.43212545e+02,-3.61337466e+02,1.68174010e+02,-9.83229359e+00,-9.24745072e+01,-7.43297261e+01,5.65592195e+01,-1.73708898e+02,5.81022834e+02,-7.13340100e+02,-1.39824001e+02,-1.36418906e+02,1.46049653e+02,1.60229032e+02,-4.01857836e+02,-1.58661490e+02,3.63251244e+02,-1.93639366e+02,1.37174604e+02,3.20522884e+02,-3.64423621e+01,9.81494235e+02,-1.78150370e+02,-2.79701441e+02,5.57242986e+01,-1.97101116e+02,4.61856040e+02,-3.13466727e+02,7.43813536e+01,5.42834232e+02,-1.13829726e+02,1.04339230e+03,1.11412793e+03,-5.70038659e+02,5.04326284e+02,1.45895646e+02,-4.64488609e+02,1.52951834e+02,3.15318688e+02,3.30685897e+02,2.07635340e+01,1.02700463e+02,6.17833910e+02,-2.00309018e+02,1.40990874e+02,6.60886986e+02,-3.24429654e+02,-1.30112641e+02,4.52591378e+02,2.33079477e+02,6.62556081e+02,2.23540130e+02,5.92053163e+01,2.28131207e+02,3.37478448e+02,-4.20306561e+02,2.99349849e+01,1.59644715e+02,1.06552469e+02,1.90454812e+02,-5.09203035e+02,2.97695022e+02,-3.86212375e+02,-2.74176686e+02,1.52315772e+02,-1.22426527e+02,4.76163393e+02,-2.09731850e+02,2.51972634e+02,2.83503553e+02,6.91431626e+02,4.81320898e+02,4.11716678e+02,-7.64996420e+01,-5.92471709e+01,-2.74536800e+02,6.65379834e+02,6.82831019e+02,3.24407151e+02,-1.99996724e+02,4.36786687e+02,-7.77518012e+01,1.83929419e+02,5.40555947e+02,6.53804038e+00,-6.74261025e+01,-2.15011276e+02,-4.61542469e+02,8.40885774e+02,3.91834917e+02,-4.85923574e+02,-1.34416326e+02,2.41867356e+02,-9.17042843e+01,5.40683759e+02,1.06451842e+02,6.91145283e+02,2.68471059e+02,-2.46159484e+02,2.14715059e+02,-3.71254900e+01,-2.75688188e+02,1.45588348e+02,1.62881762e+02,7.87514403e+02,6.92881126e+02,4.56545728e+02,6.04728033e+02,6.26966282e+01,-2.37433126e+02,1.35393293e+02,-2.88643173e+02,-4.39032889e+02,-5.02049629e+02,-2.37060457e+02,-9.34296857e+02,-2.69766509e+02,-7.40087294e+02,1.85714528e+02,-3.99104669e+02,3.55383013e+02,-8.29032040e+02,-2.80146899e+02,4.27953603e+02,1.94729987e+02,-7.46846454e+02,5.37934278e+02,-2.09768919e+02,4.52085031e+02,-2.23098625e+02,-6.83433718e+02,1.06195264e+02,-5.51776376e+02,-1.15891188e+02,2.37023976e+00,3.68242232e+02,1.08383654e+03,-3.93861958e+02,-3.03613188e+02,-3.02208085e+00,-1.20758407e+02,-7.02764218e+02,-4.82381034e+02,4.29189411e+02,-2.19692969e+02,1.46014716e+02,-4.21977836e+02,-1.29481755e+02,-3.47793394e+02,4.63570942e+02,1.32855990e+02,-1.94121527e+02,-1.16357977e+02,8.74638575e+01,-7.26209920e+01,3.76510992e+02,-2.17358476e+02,4.46359779e+01,2.96690951e+02,1.51636857e+02,-1.51499128e+02,1.33991630e+03,4.69296596e+02,2.99165764e+01,9.14675256e+01,-5.33695588e+02,2.67955172e+02,-6.48664127e+02,-2.22843210e+02,-4.76206690e+02,-1.65181649e+02,4.80848009e+02,-4.88338223e+02,1.57644975e+02,-2.37563350e+01,2.81647756e+01,-3.21993568e+02,-3.86764036e+02,-3.13578564e+00,-3.69632423e+02,-1.91865700e+02,-3.54027633e+02,-8.99260545e+01,-3.10055365e+02,-4.44192590e+02,1.94588385e+02,-1.49527469e+02,1.83134270e+02,8.76263652e+01,-6.35810963e+02,-4.73701018e+02,-3.44107569e+02,3.08188929e+02,-9.07009678e+00,-5.47192693e+02,5.02691479e+02,-3.44132571e+02,4.73436816e+02,-2.60236525e+02,-4.20822891e+02,2.29927616e+02,-5.86753498e+02,-3.34795746e+02,5.51592350e+02,1.56249516e+02,-3.49787986e+02,4.53487754e+02,-1.47984460e+02,-3.25754098e+02,-2.64774784e+02,-4.20069410e+02,2.05321747e+02,-7.84756748e+02,-7.19751198e+02,-8.32554371e+01,-2.60780225e+02,-4.76740540e+02,6.23597780e+02,1.14241985e+03,-2.85103715e+02,-2.79018992e+01,-5.45558964e+02,5.71269810e+02,1.60296623e+02,-1.69123921e+02,-3.33480722e+02,1.46006031e+02,-5.26192502e+02,-1.73385120e+02,-7.67828901e+02,3.02284043e+02,1.13719992e+02,4.47304285e+00,-5.96412542e+01,-2.95610589e+02,-7.71612186e+01,1.10369314e+03,-1.66399934e+02,-3.99202582e+02,-5.86470157e+02,1.12460627e+02,-3.10534670e+02,7.64161444e+01,2.52462357e+02,5.80375373e+01,2.44025162e+02,1.04151174e+02,5.15797176e+02,2.66331103e+02,-2.92896742e+02,3.66069171e+02,3.00533857e+02,9.66448185e+01,3.86298046e+02,-2.12583124e+02,6.29136764e+02,1.60564967e+02,-2.60672144e+02,-4.99230961e+01,-1.65094121e+02,2.07712576e+02,-2.27997691e+02,-2.60402968e+01,-9.33501291e+01,7.17753141e+02,4.63460067e+02,-5.84304660e+02,-3.61829444e+01,-4.67011370e+02,-1.52002306e+02,-1.96533326e+02,6.40821948e+01,-1.27068625e+01,-2.24187840e+02,1.09575189e+02,-6.02164882e+01,-9.10962081e+01,7.50625307e+02,1.56321477e+02,-7.01037475e+02,-3.82887724e+02,7.99001191e+02,2.36856512e+02,-7.41267464e+01,9.20123057e+02,-1.60485696e+02,-9.79382748e+01,-5.09323899e+01,1.16739449e+02,2.46203650e+02,3.54110493e+01,2.32435820e+02,-1.37147293e+02,-2.69243883e+02,-3.73671608e+02,-4.14590451e+02,3.87995123e+02,1.09907328e+02,3.26993605e+02,1.19642544e+02,7.66007876e+02,1.52280737e+02,-7.07700181e+02,-2.96925843e+02,8.53949716e+01,-2.40491326e+02,5.37260997e+02,-1.08519757e+02,1.58958624e+02,4.31645500e+02,-6.35505996e+02,1.28540530e+03,1.67715537e+02,2.06341259e+02,3.03330827e+02,6.96124162e+01,-6.44492170e+00,3.11892643e+02,-3.06925677e+02,7.07034474e+02,6.09994387e+02,-3.57885485e+02,1.29369741e+02,6.00798552e+02,-1.87462272e+02,1.38017657e+02,3.69026235e+02,3.68979397e+02,-6.77600462e+02,-1.19510586e+02,-3.02830870e+02,-2.65857962e+01,-3.65361616e+01,-2.24703800e+01,-1.41009859e+02,-2.54105297e+02,7.18800576e+01,8.79708155e+01,4.62486435e+02,-3.63897758e+02,3.34540777e+02,3.86959054e+02,-1.43872525e+02,7.64821263e+02,-5.90512665e+02,-9.10186872e+02,-5.74686693e+01,-7.21912324e+01,4.91491826e-01,6.80899220e+02,-6.28722584e+01,3.51657712e+02,4.13829683e+02,3.28340044e+02,-9.10538480e+01,5.46264290e+02,-1.37820401e+02,-2.79826518e+02,-3.99383133e+02,4.72047722e+01,3.32329180e+02,-4.32942140e+01,3.30846217e+02,-2.57070175e+01,5.52261009e+02,1.72075964e+02,7.67539317e+01,-4.75472501e+01,2.92567221e+02,3.26552678e+02,1.71918861e+02,-7.23294582e+00,-4.63481877e+02,2.59560191e+02,1.70598462e+02,3.18798245e+02,2.67737856e+02,3.05776242e+02,-5.18940557e+01,2.34156256e+02,-2.13065132e+02,-9.25310760e+00,-4.79870251e+02,-2.69321897e+02,3.38226984e+02,-7.81441485e+02,2.53497289e+02,1.46476178e+02,7.14282307e+02,-2.24651271e+02,2.63211079e+02,-1.01000342e+02,-4.17420315e+02,-6.21275012e+02,-7.04519403e+01,-7.58568846e+02,1.38636926e+02,-1.78445219e+02,2.58665286e+02,1.76318155e+02,-2.20663683e+02,-2.16267555e+02,3.33599991e+02,-5.16709567e+02,-1.05057264e+02,-1.78960244e+02,2.02394932e+02,-4.54116556e+01,4.96161534e+01,-1.85689399e+02,4.90229051e+02,-4.10865374e+02,8.30151748e+01,5.17615500e+02,-2.95446496e+02,1.58272240e+01,-3.22783036e+01,-5.91313149e+02,-4.00237224e+02,-6.87135418e+01,2.27625756e+02,2.77323149e+02,4.20093404e+01,-7.00097839e+01,1.90075217e+02,-3.88991209e+02,2.01561289e+00,-4.34332933e+02,-2.36876082e+02,4.05454158e+02,-2.53553335e+02,5.53176271e+02,-1.83466890e+02,3.03387686e+02,2.20174625e+02,-5.36697730e+02,-2.45892498e+02,7.38397601e+01,-3.43274282e+02,-3.02125055e+02,-7.47496731e+02,-4.80118439e+02,-4.50249284e+02,-3.70859836e+02,1.93116662e+01,1.14291222e+02,9.28080229e+00,1.80436241e+02,-4.91358076e+02,1.24500838e+02,1.79517186e+02,-5.73198374e+02,-5.54980916e+02,-3.54021170e+02,-2.00881119e+02,1.68053535e+02,7.35049132e+00,-3.83176832e+02,3.06598112e+02,-1.72430593e+02,4.31290061e+02,-7.69150725e+02,5.19912746e+02,-3.23212493e+01,-3.15993986e+02,-2.25690118e+02,2.76922081e+01,3.66449551e+02,-6.49461773e+02,-1.21532357e+02,-1.76418283e+02,4.22126923e+02,7.23552927e+02,-8.36865797e+02,8.05632941e+02,3.93063132e+02,-6.43425364e+02,-3.03429063e+02,6.57148585e+02,5.21189455e+02,-1.54597885e+02,-3.16113554e+01,9.05708043e+01,6.10862461e+02,-4.55023022e+02,1.40324966e+02,-6.53063791e+01,2.62514565e+02,-6.37303299e+02,-6.49057780e+01,-2.89718119e+02,4.07639491e+02,3.68136567e+02,-7.38796868e+02,-4.26934169e+02,-1.96083096e+02,-3.35155254e+02,-1.25940048e+02,-1.99113976e+02,3.69684741e+02,3.58544977e+02,-5.04842661e+01,-3.97476941e+02,-7.20373862e+02,3.75400502e+02,-4.37674160e+02,-2.71215992e+02,4.16928764e+01,-2.97102079e+02,-3.59198901e+02,-2.22805418e+02,-3.64001418e+02,-2.31594986e+02,-4.39236873e+02,5.02082854e+02,5.56877229e+02,-2.95721293e+01,-2.06131753e+02,-1.34070878e+01,3.66827891e+02,-7.60400772e+02,-1.79697524e+02,4.31756693e+02,5.79247541e+02,-1.59102277e+02,9.77742844e+01,4.72312023e+02,1.34703623e+02,-5.72270982e+01,-3.81623822e+02,1.94954687e+02,-3.09754843e+02,-1.37619421e+02,-1.67090188e+02,-1.61565172e+02,1.71985131e+02,6.74393272e+02,6.22310585e+00,3.55553742e+01,-7.82613415e+02,-1.50196077e+02,-3.27218749e+02,3.99590808e+01,-3.64774349e+02,6.79132988e+02,7.03221383e+02,1.27479882e+02,-1.29474791e+02,1.25342834e+02,2.19415188e+02,-4.12934812e+02,-6.66179951e+01,1.20651837e+02,1.20086676e+02,4.90007168e+02,3.89234429e+02,-1.80114409e+02,2.45294240e+02,-8.35321927e+02,-3.70535014e+01,7.37455800e+02,8.39220638e+01,-6.35674570e+00,2.87118353e+02,-2.50745564e+02,8.02242724e+02,-1.06919426e+02,7.35419900e+02,3.21266687e+02,-3.32220488e+02,2.65050685e+02,-2.67190196e+02,-5.95484627e+02,-3.51803271e+01,-4.90287349e+02,-4.62170368e+02,-4.60281371e+01,2.78665092e+02,-5.00246861e+01,-2.91651485e+02,6.54222337e+01,-6.30402969e+02,-7.97790502e+01,-7.17978710e+02,4.51588266e+02,-1.19580341e+01,-4.44050191e+02,-1.64483007e+02,1.50325676e+02,-2.79024917e+02,-4.08707732e+02,7.80892558e+02,-1.94487519e+02,-3.85018415e+02,2.18502177e+02,-1.03480243e+02,4.44902467e+02,-1.41041211e+01,7.53191094e+01,8.84662088e+02,-1.55099482e+02,-3.03498174e+02,-3.24290008e+02,-4.61440355e+02,-2.86671264e+02,2.46480993e+02,1.82690891e+02,1.84797068e+02,6.50552423e+02,2.04640246e+01,1.45618695e+02,-5.76070819e+02,2.11870787e+01,-2.02549905e+02,-2.31995846e+02,1.49278373e+01,3.05113031e+02,3.33207215e+02,6.58028598e+00,8.16215977e+01,2.56390440e+02,3.25063048e+02,-2.09205360e+02,-1.14209089e+02,1.47896290e+01,-2.03915347e+02,-6.81856823e+01,-2.36547311e+02,6.58786054e+02,5.65351513e+02,-1.11168488e+02,1.05357487e+02,-2.11342363e+01,-2.07474343e+02,2.91020862e+02,-7.71559687e+01,3.39300959e+02,-4.68271216e+02,1.64498697e+02,-9.63784192e+01,-4.75226575e+02,-2.20378396e+02,2.38133023e+02,-7.46866403e+02,3.67729893e+02,4.28798997e+02,-6.27703233e+01,-4.47754441e+01,-2.82470910e+01,2.12512163e+02,-2.87146814e+02,3.17024976e+02,2.47368901e+02,-9.10032439e+02,-2.88115611e+02,1.97513791e+02,-8.02210698e+01,3.34078477e+02,-5.36197970e+02,-5.09054563e+00,-3.62072314e+02,-1.07768990e+03,6.54465753e+02,-5.17797034e+02,-5.02609191e+02,7.71878357e+01,1.11599502e+03,6.19481958e-01,-1.88683147e+02,-1.82686711e+01,-6.17245002e+01,-7.71724712e+02,-5.38866228e+02,6.79000502e+02,-4.55279586e+01,-3.44854200e+02,4.39069147e+02,-3.01082665e+02,3.44261707e+02,4.74409488e+02,-5.36396287e+02,-2.24291073e+02,-3.00319991e+02,-1.30715107e+02,-1.68689071e+02,-5.90671558e+01,1.19985655e+02,-2.92859635e+02,2.58580219e+02,5.20592405e+02,-1.39924337e+02,-1.55261660e+02,1.20380216e+02,4.99498129e+02,4.24665770e+02,3.22275245e+01,-1.51661624e+01,-4.72798720e+01,-4.43246177e+02,3.29402774e+02,-2.09091617e+02,1.72210205e+02,-1.37343298e+02,2.53317105e+02,1.52933719e+02,-6.86943081e+02,-2.42531125e+02,-6.88181447e+02,-2.83129796e+02,6.50188930e+01,-1.49994586e+02,2.61152114e+02,-2.51938696e+02,1.67665312e+01,9.13128631e+01,6.49251442e+02,3.26376790e+02,-2.35669524e+02,1.75265795e+01,9.70425997e+01,3.47855247e+02,-5.38373310e+00,4.41817845e+02,2.11821593e+02,7.77237648e+02,2.24191829e+01,5.95933690e+02,-2.27639093e+02,-3.35924724e+02,7.18380944e+01,6.43359673e+01,2.65158082e+02,-5.64752911e+01,-1.38592951e+02,2.26390147e+02,-3.99852815e+02,-4.52114193e+02,6.69658711e+02,-5.16895151e+01,-3.72884154e+02,-4.81722771e+00,-1.23206548e+02,3.05788201e+02,2.88558136e+02,-1.71076215e+02,9.54306394e+00,-2.36165137e+02,-2.84436992e+02,-2.48738388e+02,-8.34341382e+02,-2.96325100e+01,-5.62946373e+02,-4.80621383e+02,-3.44134713e+02,1.53090915e+02,-3.28784714e+02,1.90521263e+02,-4.93163489e+02,9.18580230e+00,-3.54865561e+02,6.52067146e+01,1.02658508e+02,2.53565324e+02,-1.72305250e+02,-1.28690379e+02,2.27460060e+02,5.24495201e+02,2.83777566e+02,6.80311305e+01,-5.95693571e+02,-1.21010186e+02,-2.69542898e+02,-5.29605029e+02,3.61223368e+02,-3.01814349e+02,-3.82068863e+01,-2.00438621e+02,-8.83666006e+02,4.35388411e+02,-1.45408690e+02,3.59428425e+02,-6.06044128e+02,5.71845647e+02,3.72378901e+01,-2.71464382e+02,4.11913064e+01,-2.04102895e+02,-5.95754546e+02,1.23520017e+02,2.45211763e+02,2.81917679e+01,-3.15305912e+02,-1.13789162e+02,1.41774279e+02,2.55386276e+02,5.59252901e+02,2.21666737e+02,-2.04927491e+02,7.70693268e+02,2.51133171e+02,3.41202419e+02,-1.47901857e+02,2.32118617e+02,1.51273793e+02,-5.37945591e+02,-1.64329681e+02,-3.43522410e+02,-2.73452367e+02,-9.06643119e+01,-1.52765304e+02,-3.24442861e+02,-9.90084694e+02,-2.65298713e+02,1.34426102e+02,8.75483501e+01,8.18043573e+01,4.31865397e+02,1.61157616e+02,2.79289956e+02,-3.68340049e+02,4.02825083e+02,-4.28790745e+02,-6.67059234e+02,1.67259816e+02,-3.51927944e+02,-3.65313550e+02,-1.37451228e+03,-1.03897563e+02,6.97334084e+02,4.05988031e+02,-8.90151030e+01,-1.03729573e+02,2.58346360e+02,5.93276269e+02,-3.52172397e+02,-8.35913863e+01,-2.77058944e+02,-3.13332382e+02,-2.96831091e+02,1.38368333e+02,6.24888788e+02,-5.73138118e+02,-4.62057439e+02,2.14456458e+01,-7.53170897e+01,-1.23662366e+02,-8.11450420e+02,4.93876187e+02,2.19246595e+02,7.79421396e+01,4.22633971e+02,-2.64663941e+02,2.58809659e+02,2.35436053e+02,4.61763080e+01,-4.09463602e+01,1.06755833e+02,-1.40949570e+02,4.10221431e+02,-3.80029057e+02,3.66561255e+02,8.11689018e+01,9.78849303e+01,2.05954270e+02,-7.50371036e+02,5.61859555e+01,-5.58213533e+02,-4.40559564e+02,-4.27817025e+02,-3.92885263e+02,1.19796724e+01,1.13811089e+02,4.20772149e+02,8.42619877e+01,1.19992943e+02,-6.20053222e+02,-2.18462436e+02,2.86994920e+02,1.18444183e+01,1.61166912e+01,-7.10445700e+01,3.19460877e+02,-7.94944610e+02,9.18262232e+01,2.06145153e+02,3.96081617e+02,3.38583537e+02,-4.94997423e+02,6.66627076e+01,3.72785334e+01,3.81539501e+01,1.71025695e+01,-1.69344837e+02,-2.74443345e+02,1.37701363e+02,5.45520277e+02,-7.76647685e+01,8.33942121e+01,1.54734707e+02,-2.15872272e+02,-2.14280295e+02,-1.00714432e+03,-3.34178779e+02,-4.41891458e+02,-6.60888986e+01,-5.53175819e+02,6.54308164e+02,-2.57237946e+02,-4.59989042e+02,-1.36308546e+03,5.70508052e+02,1.19292592e+02,-1.25471999e+01,-5.34846585e+02,9.11688563e+01,-1.51230128e+02,-2.83776419e+02,1.02017287e+02,2.79226086e+02,6.88397061e+01,-1.50259153e+02,-2.85094415e+01,7.19344148e+00,1.67333621e+02,-5.30086223e+02,6.08663459e+02,-3.64779724e+02,-2.35974278e+02,-3.65871276e+02,-8.45314119e+02,8.25229229e+01,-4.16226988e+02,-1.91748131e+02,2.96699152e+02,-2.09537313e+02,4.55814591e+00,-8.57124873e+01,-2.23017971e+02,1.44291460e+01,4.62019809e+02,-4.52095404e+02,8.00747098e+02,-1.72136040e+02,2.95708821e+02,-6.81227658e+01,1.29718482e+02,-1.02505256e+02,4.07448411e+02,5.44033078e+02,1.73162208e+02,4.75742064e+02,-3.38286723e+02,-2.85447526e+01,-1.98212016e+02,5.92836838e+02,5.01533769e+02,3.84396600e+02,-1.29453581e+02,-2.62426552e+02,2.33871116e+02,-2.24971674e+02,-1.19697038e+02,-6.31250935e+01,-2.26256988e+02,4.45833431e+02,-5.05272117e+01,3.43313430e+02,1.23155465e+02,1.48309161e+02,-2.97089356e+02,2.81115454e+02,-1.58286590e+02,-1.13421488e+02,-2.61475465e+01,-4.41998088e+02,6.67340628e+02,-2.45309226e+02,-3.57477310e+01,1.72691887e+02,1.48909660e+02,6.15205933e+02,-1.43340291e+02,6.66951048e+02,6.05069980e+02,-8.44113553e+02,7.56527656e+01,-1.77609790e+02,1.26581964e+02,7.50385549e+01,1.52538651e+02,5.24675352e+02,8.04649721e+02,-6.81116178e+02,6.66099695e+02,-8.02104820e+02,-6.68321318e+02,-1.06709602e+02,-9.74415236e+00,6.10296745e+02,3.36193231e+02,-1.59038410e+02,-8.04634381e+02,6.11260665e+02,-3.90640827e+02,-9.50781006e+00,-4.41868789e+01,1.07706377e+03,-2.45846775e+02,-9.15309199e+02,2.68362844e+02,-1.40523397e+03,9.68134147e+01,-3.09952029e+02,-1.57388880e+02,-2.37383158e+02,-5.09430432e+02,3.56242670e+02,-3.14359572e+02,-7.97252312e+01,-6.80353019e+02,-5.80887900e+01,-4.15840493e+02,-6.47188559e+02,-1.06337236e+03,8.81632948e+01,-2.80256330e+02,-6.82024080e+00,-1.17274654e+02,-6.88268885e+02,-5.48858380e+02,-4.59156724e+02,-4.63037311e+02,4.75921395e+02,8.08780810e+01,-4.15462800e+02,-1.59603502e+02,-1.94913282e+02,3.23024940e+02,-2.89596744e+02,-1.06733733e+02,-1.95796211e+02,-3.11727809e+02,-3.25515949e+02,3.32668565e+02,-1.51875854e+02,-7.90493426e+02,6.69749293e+02,4.08165546e+02,5.33598804e+01,-6.30193891e+02,-6.55913945e+02,9.38829646e+01,1.21385537e+01,-2.58746035e+02,-4.21972882e+02,3.08230350e+02,-6.83621264e+01,2.37059324e+02,4.29053684e+02,2.92554786e+02,3.05623106e+02,2.21379873e+02,-1.76623151e+02,-1.08860056e+02,-1.90927627e+02,-3.03243723e+02,-3.97138683e+02,-5.61881899e+02,-3.39514037e+02,-7.00866646e+01,-6.92036650e+02,-7.56462903e+01,2.82827442e+02,-6.20931528e+02,2.16374064e+02,1.88716371e+02,-6.11544668e+02,-4.93111895e+02,-1.35861058e+02,1.83565489e+02,-3.44595023e+02,6.08279320e+02,5.45280984e+02,-6.51504978e+02,4.39064316e+02,3.07672494e+02,6.61752430e+01,2.19174945e+02,-3.69880944e+02,-1.23635848e+02,4.70122825e+01,1.53606021e+02,3.92254041e+02,-4.39303412e+02,-3.72535500e+01,1.53591611e+02,-1.25150596e+01,-2.29088041e+02,1.71288421e+02,-2.31235219e+02,-1.74634712e+02,3.27605632e+01,-5.20093203e+02,3.13610344e+01,-2.03147965e+02,-1.09016200e+02,5.55422496e+00,-4.91772275e+02,4.88518530e+02,-2.32560533e+02,-1.11976697e+03,-7.32963560e+02,3.38059467e+02,-3.08123467e+02,-1.47849721e+02,-2.51978245e+02,-1.44311966e+02,-8.64785260e+02,-9.59838609e+01,-5.54195583e+02,-2.88784790e+02,2.22493762e+02,6.43650677e+02,-2.83096372e+00,-2.70350469e+01,5.04403372e+02,-4.38663587e+02,3.10195556e+02,8.00234253e+01,-3.61008572e+02,-1.56277666e+02,2.11869024e+02,1.59129645e+01,8.55791195e+01,9.90833235e+01,-2.03806736e+02,-2.41523211e+02,-4.56603791e+02,4.32619348e+02,-5.49160751e+02,-4.03790314e+02,8.29785748e+01,-7.72737613e+02,1.67017166e+02,5.41859747e+02,-4.15239735e+01,6.09905049e+01,-2.15480279e+02,-1.76924336e+02,8.86179385e+01,3.23912774e+02,-3.49530549e+02,2.66787832e+02,-9.56527810e+01,-3.39681214e+01,2.32640956e+02,1.65168020e+02,-7.79978941e+01,-3.66522545e+00,2.09642467e+02,2.42613258e+02,-6.20652805e+02,5.71795738e+01,4.66052994e+02,-8.39997121e+02,2.80538490e+02,-1.03090905e+03,-7.98956625e+01,-1.28553148e+02,-7.31988497e+01,-7.78295766e+01,-2.23478217e+02,-3.20368375e+01,1.42340596e+02,-2.08818416e+02,1.21427794e+02,7.50306984e+02,-5.54937999e+02,-2.30596798e+02,3.16300424e+02,2.14192325e+02,3.57690404e+02,1.41709426e+02,2.44033416e+02,-1.61079141e+02,-4.22742146e+02,-3.67205522e+02,-1.79880501e+02,6.21499489e+00,-3.62933341e+02,-1.31454511e+02,5.76936105e+01,1.99979620e+02,-8.63984719e+01,4.85879324e+02,-4.38836008e+02,-4.54807583e+01,-2.37928388e+01,2.40812895e+02,-3.51800366e+02,-2.21075347e+02,2.35892272e+02,4.31226388e+02,6.03213397e+02,3.03031012e+02,3.56609576e+02,-2.56537059e+02,5.40128992e+02,5.81460769e+02,-5.49606559e+01,3.39648679e+02,3.28311790e+02,-2.19242292e+02,1.50271771e+01,5.29718716e+02,-2.39640208e+02,-1.06866268e+02,-5.22660475e+02,2.31996900e+02,-6.59307844e+01,1.52175268e+02,8.21141849e+01,-3.59542924e+02,3.96412674e+02,3.51337425e+02,-2.05626670e+02,1.58803947e+02,-4.96112988e+02,-4.46226770e+02,2.01862412e+02,-5.95263149e+02,-2.33591777e+02,8.23011454e+01,6.97427922e+02,-2.09945026e+02,-9.03113313e+01,-1.26799897e+02,9.89532162e+02,1.22561815e+02,-3.74428823e+02,5.90581457e+02,5.43274700e+02,2.59541311e+02,6.30188562e+02,6.98162427e+02,-9.02660608e+01,-2.58417444e+02,-2.79633873e+02,2.31884760e+02,3.26745097e+02,-4.25091525e+01,-1.78174781e+02,-5.30687955e+02,-2.59315967e+02,-3.81958348e+02,2.54784666e+02,1.30266988e+02,5.39232881e+02,4.94621874e+01,-2.16702588e+02,-6.80811621e+01,3.44938513e+02,1.13005918e+02,4.39900918e+02,4.95185816e+02,-1.19135011e+02,-7.77223415e+01,-8.32568103e+02,4.59586195e+02,-4.62943599e+01,4.33534820e+02,-1.58300902e+02,-5.02584338e+02,1.70624189e+02,5.96422511e+02,-2.11259740e+02,5.88282922e+02,-6.22006327e+02,-1.93686519e+02,-6.73822768e+02,1.89973840e+02,9.87407388e+01,7.55358723e+00,-5.15602571e+02,7.55495249e+02,4.53323240e+02,7.06676663e+01,-3.95052164e+02,1.87653452e+02,-2.34136112e+02,-7.58198633e+01,-1.88071715e+02,1.79065756e+02,-8.73131793e+01,-1.75377731e+02,1.64851363e+02,2.25680959e+02,-7.32068113e+02,1.67772889e+02,5.75956733e+02,3.60321020e+02,-1.13122632e+02,2.91708446e+01,-3.07666270e+02,5.05968795e+02,1.50379107e+02,-5.76987015e+01,-5.97339279e+01,9.35114712e+02,6.61790551e+00,2.65016161e+02,6.20868350e+02,8.36612886e+02,5.48017539e+02,3.63529391e+02,-5.45198855e+02,-3.72071777e+02,2.96549000e+02,1.44070175e+01,2.77255911e+02,1.58278312e+02,5.03650084e+02,-6.64049795e+02,-4.20455622e+02,-5.52778667e+01,-7.41804591e+02,1.67633898e+02,3.37689167e+02,1.19512191e+02,-1.95069557e+02,2.02660282e+02,1.21888483e+03,2.22339782e+02,1.30143126e+02,-4.19877622e+02,-5.66592524e+02,-1.34219621e+02,2.66410608e+02,-4.48307771e+01,1.79741022e+02,3.01528488e+02,-5.12870916e+02,2.12292700e+02,4.48795915e+02,5.01752637e+02,-4.82918399e+01,1.01339396e+01,-7.95697103e+01,-4.32273228e+02,-5.71110829e+02,7.14700387e+02,-5.78342126e+01,-5.06725373e+02,1.92553127e+01,-1.96275948e+02,7.82694888e+02,-2.04801097e+02,-2.95731177e+02,2.68017719e+02,-1.24908784e+02,3.71255465e+02,-4.72848427e+01,8.61532403e+02,4.31416791e+02,-1.00904551e+01,-3.09083263e+02,2.12239303e+02,-4.74889791e+02,-9.96198189e+01,5.21282008e+02,-2.40254648e+02,-4.04014836e+02,-1.90732175e+02,4.44897135e+02,1.24859983e+02,-7.11249823e+02,2.62388511e+02,1.27644785e+02,5.93023739e+01,-4.38287409e+02,1.47087658e+01,3.00441891e+02,4.37167635e+02,5.48733831e+02,2.23503707e+02,3.52845109e+01,-4.35458046e+02,-4.09877848e+02,-6.36975817e+02,-7.90608821e+01,2.70767008e+02,-2.09819752e+01,4.59285253e+02,-2.71649371e+02,1.57255997e+02,-1.03238579e+02,-2.55082760e+02,5.06993312e+02,6.52860965e+01,5.25851182e+02,2.54200103e+01,2.13242828e+02,-1.70673679e+02,5.36157683e+02,-1.03462417e+02,-3.38141625e+00,-6.70123387e+02,-9.24273443e+01,6.23558982e+02,5.70468236e+02,2.26240730e+02,-1.29483994e+02,3.30314114e+01,-1.52059648e+02,-5.00259400e+01,7.71188496e+02,1.58130704e+01,-2.03333954e+02,-9.45818095e+02,-4.64223305e+02,-3.22366856e+02,-5.74678276e+02,-4.81479378e+02,-6.08998459e+02,-3.97703180e+02,-3.25773794e+02,-4.11849168e+02,4.08696081e+02,-2.17661801e+02,-8.30023415e+02,3.42254838e+02,-2.47665905e+02,-7.04121186e+02,8.31992705e+02,-2.06623783e+02,1.69167167e+02,3.49516738e+02,8.53192998e+00,2.23744930e+02,7.59641995e+00,-1.24426676e+01,-1.17282646e+02,-6.21337984e+02,9.12436645e+01,-1.11734871e+03,5.60973981e+02,-3.75740524e+02,-1.19499661e+02,-1.52957626e+02,8.97500417e+01,-1.61479806e+02,2.45943546e+02,-4.61919987e+02,3.24759663e+02,3.35632832e+02,1.32667917e+02,8.44703924e+01,1.70677053e+02,6.38868257e+01,2.59488184e+02,-8.11666973e+01,-5.38145562e+02,8.40058126e+01,-1.98080208e+02,-3.87439738e+01,4.28176200e+02,-6.95704624e+02,8.37569662e+00,1.17933831e+01,7.42485805e+01,2.84966747e+02,-1.18247790e+02,7.21909517e+02,4.14834104e+02,-1.50453373e+02,-9.08978865e+01,1.68205039e+01,6.69013932e+02,-4.78376535e+02,-8.94003841e+02,2.48341365e+02,-1.04544872e+02,-1.08594169e+02,1.44615404e+02,6.71837972e+02,4.09239209e+02,-1.50924222e+02,-4.33662361e+02,-5.22147301e+01,2.52513993e+02,-1.13189601e+02,-6.39166099e+02,-2.48295800e+01,-7.98778166e+02,-4.19367690e+02,6.84050503e+02,-4.40524581e+02,-5.71651118e+02,-4.46792440e+02,-3.04130586e+02,2.87630412e+02,7.08794241e+02,-4.40210574e+01,2.36591134e+02,-1.54821798e+02,-5.99519036e+02,4.02164009e+02,-3.92279217e+02,2.43526876e+02,3.11234801e+02,-6.46638492e+01,3.54246302e+02,3.76592084e+02,9.25487922e+02,-1.27766475e+02,-3.97219159e+02,-5.48468513e+02,-1.30481065e+02,-2.23919716e+02,8.72288775e+02,-3.80809403e+02,8.77729560e+01,6.35407969e+01,-2.24722258e+02,-6.98314178e+02,-5.57699616e+01,8.41003934e+02,9.50663604e+01,6.10350654e+01,-4.61645805e+02,-5.21489849e+02,-8.49756969e+01,4.16593014e+02,-1.92819037e+02,9.16572660e+02,-3.77946958e+02,1.46448815e+02,-1.77927333e+02,-5.89646816e+02,2.67074232e+01,-4.40214536e+02,-6.41395487e+02,7.13068855e+01,2.02814361e+01,4.45324475e+02,1.81029982e+02,-2.91358065e+02,1.94571190e+02,-7.11210084e+02,-4.55269369e+02,7.80684432e+02,1.11793258e+02,-1.21580548e+02,-2.77830767e+02,-3.98853961e+01,-6.77026305e+01,7.32802646e+02,3.52632000e+02,-1.26389741e+02,-6.00106557e+01,-3.46961089e+02,-1.74934571e+02,-5.79258460e+02,4.12703667e+02,6.43290831e+01,1.18731697e+02,1.31269914e+02,-4.76983660e+01,-1.57990907e+02,-4.25367976e+00,-9.16394979e+02,-1.64051275e+02,-6.98489259e+01,-7.88664189e+01,4.72380820e+02,5.44581695e+02,1.39493170e+02,-8.25255428e+02,5.51571650e+02,-1.72392340e+02,-3.32653461e+02,-7.52406884e+02,-2.81011102e+02,5.08670886e+02,2.35645397e+02,6.03339960e+01,2.64855268e+02,-5.02472785e+02,-3.83209764e+02,4.76485394e+02,3.29325362e+02,4.45330767e+02,-1.70691422e+00,5.94247794e+01,4.77537816e+02,8.51987914e+02,-2.12298796e+02,3.25971395e+02,-1.46033548e+02,-3.62090560e+02,-2.95150134e+02,-2.64369841e+02,-1.29251897e+02,-4.40376535e+02,-2.01673870e+02,-1.20203644e+03,2.93698630e+02,1.68530093e+02,-3.18841366e+01,-3.57620318e+02,-1.93146635e+02,-4.64920722e+02,1.00993880e+02,7.10146251e+02,-1.78843184e+02,-1.41784668e+02,1.88986428e+02,-4.18119160e+02,7.48475563e+02,1.42995880e+02,1.59314566e+02,4.45386959e+02,1.50096078e+01,4.84336419e+02,1.42034680e+02,-7.37080982e+01,8.10050986e+01,-1.95798072e+01,5.99660907e+02,7.80327343e+01,1.28022307e+02,-7.77991483e+01,1.14731739e+02,-7.98351782e+02,-3.20736644e+02,-3.98421205e+02,4.42399227e+02,-2.52603680e+02,-5.55156440e+02,5.07314464e+02,-1.04002000e+02,3.76920342e+02,-7.88654828e+02,2.12970487e+02,6.59417352e+01,5.10784080e+01,-7.67337841e+01,-5.62480763e+01,4.25516233e+02,-1.80764364e+00,-4.26953100e+02,-1.38436607e+02,2.18161524e+02,-1.00767975e+03,-8.01350640e+02,1.29985268e+01,9.68932716e+01,-3.75413909e+02,-3.63181866e+01,9.36320868e+02,2.84011455e+02,-4.84337290e+02,8.12075151e+01,-7.75010518e+01,8.96814521e+01,-2.96225259e+02,1.60686626e+02,2.44844317e+02,-5.82634544e+01,9.71979989e+02,-9.17878903e+01,-2.77638372e+02,1.65423804e+02,3.57077350e+02,-3.05994403e+02,-2.54925345e+01,8.28380387e+02,-2.05954842e+01,5.09019009e+02,1.23612798e+02,-8.31178373e+01,-2.27331454e+02,4.91765817e+02,-4.75154988e+02,-1.81664447e+01,-1.30237637e+02,-3.65044128e+02,1.44838878e+02,2.05940455e+02,7.65077639e+01,-1.39328655e+01,-3.34528149e+02,1.59722756e+02,-1.54126078e+01,-2.16471163e+02,-1.86803998e+02,1.70173782e+02,-4.27660587e+01,-3.16549219e+02,-9.20416463e+02,7.91329286e+01,2.01674545e+02,-4.04537392e+02,-1.94934241e+02,7.12727163e+02,6.32848165e+01,3.05111102e+02,5.65454742e+01,3.19333772e+02,4.44709940e+01,-3.40767589e+02,-3.37866272e+01,7.16486684e+01,2.40880166e+02,6.93424763e+02,4.25674195e+02,1.83840837e+01,1.48117146e+02,5.21960324e+02,2.26602048e+02,-6.27622317e+02,-2.31776829e+02,1.16325190e+02,7.39895293e+01,2.28228303e+02,-4.54557523e+02,1.09272590e+02,3.47699785e+02,4.26938926e+02,-3.87565627e+02,-4.46424329e+01,-1.99426758e+01,-1.17929945e+02,-2.87163962e+02,-1.70737678e+02,-2.86271676e+01,6.94055158e+01,3.57735484e+02,-2.69069017e+02,6.92354203e+02,3.07808556e+02,2.18316801e+02,2.87909914e+02,2.62653265e+02,2.84201049e+02,4.67693497e+02,-3.82853943e+02,5.47146906e+02,-9.63406055e+02,2.69089298e+02,-9.40550132e+02,7.29090578e+02,6.29265656e+02,-1.00357312e+02,-4.25615489e+02,-3.65758774e+02,-4.98355366e+02,-5.36500841e+02,4.97440043e+02,3.71640260e+02,2.09430726e+02,2.74806562e+02,3.52322383e+02,-3.33001536e+02,-1.74448659e+02,4.96402271e+02,-1.07597061e+02,4.58239204e+02,6.32922122e+02,-3.73898739e+01,-6.23668196e+02,1.22192672e+01,-1.14474971e+01,-8.50634505e+01,6.84906490e+00,-5.80889653e+02,-1.59319769e+02,5.15882980e+01,7.71310129e+01,4.19158618e+02,-3.46419455e+02,5.29674859e+02,-3.50168671e+02,1.92481629e+02,3.37370451e+02]
